0	-5.48602e-07	-4.22978e-06
0.001	-4.28095e-06	-6.99132e-06
0.002	-4.06668e-06	-2.20685e-06
0.003	-2.74438e-06	-3.88785e-06
0.004	-2.61683e-06	-5.1849e-06
0.005	-2.83986e-06	-5.6284e-06
0.006	-7.90245e-08	-5.07834e-06
0.007	-3.24888e-06	-6.07971e-06
0.008	-3.79316e-06	-2.62948e-06
0.009	-1.04806e-07	-4.21115e-06
0.01	-3.2484e-06	-4.77728e-06
0.011	-3.74896e-06	-5.23244e-06
0.012	-9.91552e-07	-1.6436e-06
0.013	-2.12585e-06	-2.99361e-06
0.014	-1.88939e-06	-4.72022e-06
0.015	-9.94869e-07	-2.07787e-06
0.016	-7.76761e-07	-4.23936e-06
0.017	-3.49135e-06	-4.78748e-06
0.018	-1.51707e-06	-2.96804e-06
0.019	-2.05619e-06	-7.33201e-06
0.02	-3.97905e-06	-4.37383e-06
0.021	-2.01302e-06	-4.29127e-06
0.022	-8.68239e-07	-5.11148e-06
0.023	-1.89357e-06	-2.98385e-06
0.024	1.05901e-07	-3.76817e-06
0.025	-5.46059e-06	-6.17258e-06
0.026	-3.07081e-06	-4.33569e-06
0.027	-7.99506e-07	-2.93791e-06
0.028	-3.84312e-06	-3.93398e-06
0.029	-2.78154e-06	-2.15289e-06
0.03	-2.6455e-06	-3.01543e-06
0.031	-2.62289e-06	-5.18515e-06
0.032	-3.23332e-06	-3.90838e-06
0.033	-4.95971e-07	-2.05692e-06
0.034	-3.70177e-06	-4.36218e-06
0.035	-3.77253e-06	-1.76037e-06
0.036	-2.46801e-07	-2.91471e-06
0.037	-2.95024e-07	-7.46078e-07
0.038	-2.24667e-06	-2.56454e-06
0.039	-5.10003e-07	-1.62338e-06
0.04	-2.16188e-06	-2.99512e-06
0.041	-6.48466e-07	-1.19505e-06
0.042	-3.39018e-07	-2.05033e-06
0.043	-2.58071e-06	-3.44684e-06
0.044	-1.54548e-06	-7.98584e-07
0.045	1.13876e-08	-2.90386e-06
0.046	-2.14418e-06	-2.56024e-06
0.047	-6.91572e-07	-2.06513e-06
0.048	8.05909e-07	-1.56812e-06
0.049	6.63531e-08	-2.90156e-06
0.05	-9.42327e-07	9.50131e-08
0.051	1.49191e-08	-1.1672e-06
0.052	-2.82187e-06	-8.52179e-07
0.053	-3.04588e-06	-1.29572e-06
0.054	2.90047e-06	-1.04604e-06
0.055	-2.09383e-06	-1.68988e-06
0.056	-4.29383e-06	-1.78226e-06
0.057	1.19863e-06	-6.8336e-07
0.058	-3.23022e-06	-1.05419e-09
0.059	-1.63694e-06	-1.23656e-06
0.06	-4.33632e-08	5.66895e-07
0.061	-7.32241e-07	1.03834e-07
0.062	-2.69163e-06	1.32397e-06
0.063	2.11512e-07	-2.90673e-07
0.064	3.24295e-08	-7.32328e-07
0.065	-3.66928e-07	5.53309e-07
0.066	-1.50053e-06	9.39845e-07
0.067	1.77982e-06	-2.82961e-06
0.068	-3.34185e-06	2.16494e-06
0.069	5.06507e-07	5.89984e-07
0.07	-1.85759e-07	-7.4149e-07
0.071	-1.97085e-06	-1.25058e-06
0.072	2.39275e-06	1.10332e-06
0.073	6.47954e-07	-7.06483e-07
0.074	-1.91923e-07	1.26522e-07
0.075	2.46161e-06	6.72078e-07
0.076	1.46396e-06	-1.10635e-06
0.077	2.46691e-07	1.01321e-06
0.078	3.40368e-06	7.11635e-07
0.079	-7.84622e-08	-3.02849e-07
0.08	-1.96707e-06	4.8612e-07
0.081	1.65355e-06	2.37469e-06
0.082	-8.11254e-07	-1.63602e-06
0.083	1.45783e-06	2.36647e-06
0.084	2.60876e-06	1.98066e-06
0.085	1.48168e-06	1.96796e-07
0.086	-9.23816e-07	3.13471e-06
0.087	1.96806e-06	2.38789e-06
0.088	1.4222e-06	1.4967e-06
0.089	4.36385e-07	2.32358e-06
0.09	1.05475e-06	1.78869e-07
0.091	2.86867e-06	6.8917e-07
0.092	-3.09112e-06	1.74133e-06
0.093	4.27252e-06	1.61639e-06
0.094	2.25246e-06	1.53157e-06
0.095	-1.51292e-06	1.37346e-06
0.096	4.02145e-06	1.60585e-06
0.097	2.49378e-06	1.5417e-06
0.098	6.2802e-07	2.76574e-06
0.099	5.08979e-06	3.82136e-06
0.1	1.67088e-06	1.94128e-06
0.101	5.35192e-07	2.76184e-06
0.102	5.85253e-06	3.41925e-06
0.103	3.83132e-06	3.76851e-06
0.104	1.22036e-06	3.65888e-06
0.105	3.77686e-06	2.02971e-06
0.106	2.0188e-06	2.39003e-06
0.107	-1.58691e-07	5.62053e-07
0.108	2.99942e-06	4.60185e-06
0.109	1.13504e-07	2.31002e-06
0.11	2.30343e-06	5.00677e-06
0.111	3.63026e-06	6.36488e-06
0.112	2.15544e-07	1.0119e-06
0.113	-2.27939e-07	2.7298e-06
0.114	2.919e-06	4.59848e-06
0.115	1.8572e-06	2.38324e-06
0.116	1.61192e-06	2.80705e-06
0.117	2.68126e-06	4.5885e-06
0.118	4.59905e-07	4.49522e-06
0.119	2.79467e-06	5.02739e-06
0.12	3.92918e-06	4.6409e-06
0.121	2.79453e-06	5.02739e-06
0.122	8.02202e-07	4.5096e-06
0.123	3.37803e-06	5.92016e-06
0.124	1.86849e-06	4.12023e-06
0.125	2.04409e-06	2.8252e-06
0.126	3.00611e-06	4.168e-06
0.127	2.99919e-06	4.16771e-06
0.128	4.17824e-06	3.78308e-06
0.129	4.96676e-06	5.1186e-06
0.13	6.90662e-07	5.80732e-06
0.131	1.37444e-06	5.40189e-06
0.132	5.91545e-06	5.59257e-06
0.133	4.91827e-06	4.24829e-06
0.134	4.69802e-06	6.84385e-06
0.135	5.65814e-06	8.18655e-06
0.136	3.83298e-06	5.07099e-06
0.137	-6.31369e-08	7.51218e-06
0.138	4.56053e-06	9.44287e-06
0.139	2.84916e-06	5.89795e-06
0.14	2.45361e-06	6.31548e-06
0.141	4.65967e-06	6.40811e-06
0.142	4.52584e-06	9.87555e-06
0.143	2.95412e-06	7.63888e-06
0.144	5.98054e-06	8.63423e-06
0.145	4.1704e-06	7.68995e-06
0.146	3.28587e-06	8.08694e-06
0.147	7.18051e-06	8.25048e-06
0.148	6.08218e-06	6.90197e-06
0.149	1.29237e-06	1.01739e-05
0.15	5.56462e-06	1.12216e-05
0.151	1.30734e-06	8.438e-06
0.152	5.8657e-07	9.71014e-06
0.153	5.36163e-06	8.60824e-06
0.154	5.56067e-06	9.05073e-06
0.155	1.31906e-06	9.30676e-06
0.156	5.08936e-06	1.20699e-05
0.157	2.8267e-06	1.02383e-05
0.158	4.04021e-06	8.55275e-06
0.159	7.3481e-06	1.25988e-05
0.16	5.54888e-06	9.91851e-06
0.161	2.30889e-06	1.06507e-05
0.162	3.27646e-06	1.11255e-05
0.163	5.29491e-06	9.03957e-06
0.164	3.07907e-06	1.11172e-05
0.165	6.24485e-06	1.16843e-05
0.166	6.83877e-06	1.17092e-05
0.167	3.02897e-06	1.19834e-05
0.168	7.26869e-06	1.25955e-05
0.169	4.59258e-06	1.24831e-05
0.17	5.5294e-06	1.33907e-05
0.171	5.79073e-06	1.38359e-05
0.172	4.12736e-06	1.24636e-05
0.173	3.28053e-06	1.41646e-05
0.174	8.12087e-06	1.34996e-05
0.175	5.96463e-06	1.25408e-05
0.176	5.46937e-06	1.46906e-05
0.177	8.7009e-06	1.56946e-05
0.178	5.66659e-06	1.46989e-05
0.179	2.62584e-06	1.3703e-05
0.18	5.08694e-06	1.64111e-05
0.181	5.35062e-06	1.46856e-05
0.182	5.45984e-06	1.64268e-05
0.183	9.19783e-06	1.70179e-05
0.184	5.1162e-06	1.46758e-05
0.185	5.87292e-06	1.77465e-05
0.186	7.97823e-06	1.69667e-05
0.187	4.64295e-06	1.50901e-05
0.188	4.27253e-06	1.63769e-05
0.189	6.05064e-06	1.7754e-05
0.19	5.91501e-06	2.07872e-05
0.191	4.21945e-06	1.76771e-05
0.192	9.06798e-06	2.00513e-05
0.193	5.65955e-06	1.81717e-05
0.194	4.984e-06	1.81433e-05
0.195	8.81852e-06	2.00409e-05
0.196	4.95119e-06	1.98785e-05
0.197	8.5284e-06	2.00287e-05
0.198	7.62735e-06	2.17274e-05
0.199	6.81131e-06	2.03907e-05
0.2	3.85533e-06	2.11349e-05
0.201	9.43344e-06	2.13691e-05
0.202	6.80609e-06	2.08246e-05
0.203	8.51822e-06	2.13307e-05
0.204	9.40866e-06	2.39728e-05
0.205	5.99392e-06	2.38295e-05
0.206	5.89052e-06	2.3391e-05
0.207	1.00482e-05	2.53021e-05
0.208	6.91918e-06	2.47366e-05
0.209	6.80605e-06	2.56001e-05
0.21	1.04045e-05	2.61853e-05
0.211	9.11781e-06	2.56972e-05
0.212	6.18339e-06	2.77446e-05
0.213	9.06115e-06	2.61289e-05
0.214	8.52588e-06	2.56723e-05
0.215	7.85448e-06	2.69465e-05
0.216	9.96045e-06	2.74691e-05
0.217	9.95242e-06	2.8337e-05
0.218	6.58181e-06	2.68931e-05
0.219	1.04751e-05	2.92272e-05
0.22	6.93305e-06	2.86444e-05
0.221	7.69655e-06	3.12812e-05
0.222	1.04648e-05	3.18316e-05
0.223	9.95673e-06	3.05079e-05
0.224	7.72639e-06	3.21507e-05
0.225	1.32328e-05	3.36843e-05
0.226	6.55917e-06	3.16676e-05
0.227	9.81376e-06	3.4409e-05
0.228	1.0197e-05	3.3991e-05
0.229	1.0714e-05	3.53151e-05
0.23	7.67673e-06	3.649e-05
0.231	9.86457e-06	3.74501e-05
0.232	1.16511e-05	3.66568e-05
0.233	8.44333e-06	3.95611e-05
0.234	1.21764e-05	3.97179e-05
0.235	1.04387e-05	4.09473e-05
0.236	9.69017e-06	3.87452e-05
0.237	1.12617e-05	4.18501e-05
0.238	1.34641e-05	4.28108e-05
0.239	8.19814e-06	4.38921e-05
0.24	1.19948e-05	4.40516e-05
0.241	1.2677e-05	4.27778e-05
0.242	9.30068e-06	4.5675e-05
0.243	1.35079e-05	4.84564e-05
0.244	1.18176e-05	4.83854e-05
0.245	1.09542e-05	4.83492e-05
0.246	1.33121e-05	5.06189e-05
0.247	1.05025e-05	5.00668e-05
0.248	9.76266e-06	5.13381e-05
0.249	1.06653e-05	5.35467e-05
0.25	1.07316e-05	5.13788e-05
0.251	1.06399e-05	5.35456e-05
0.252	1.19959e-05	5.53391e-05
0.253	1.08774e-05	5.52921e-05
0.254	9.83211e-06	5.65506e-05
0.255	1.14081e-05	5.66168e-05
0.256	1.22836e-05	5.79559e-05
0.257	8.49653e-06	6.04017e-05
0.258	1.43198e-05	6.19486e-05
0.259	1.32102e-05	6.14679e-05
0.26	1.19936e-05	6.35875e-05
0.261	1.37232e-05	6.49625e-05
0.262	1.31885e-05	6.66766e-05
0.263	1.10573e-05	6.48506e-05
0.264	1.58057e-05	6.8523e-05
0.265	1.37476e-05	7.01731e-05
0.266	1.20264e-05	7.09691e-05
0.267	1.45503e-05	7.23775e-05
0.268	1.48817e-05	7.15232e-05
0.269	1.33433e-05	7.53658e-05
0.27	1.71152e-05	7.68265e-05
0.271	1.64531e-05	7.63646e-05
0.272	1.24566e-05	7.88016e-05
0.273	1.81241e-05	8.33809e-05
0.274	1.38536e-05	8.32016e-05
0.275	1.48662e-05	8.41124e-05
0.276	1.83033e-05	8.81639e-05
0.277	1.58624e-05	8.45883e-05
0.278	1.56825e-05	8.8488e-05
0.279	1.49531e-05	9.0628e-05
0.28	1.36865e-05	9.23114e-05
0.281	1.32777e-05	9.35966e-05
0.282	1.8275e-05	9.72795e-05
0.283	1.43651e-05	9.6247e-05
0.284	1.4546e-05	9.97277e-05
0.285	1.94474e-05	0.000102538
0.286	1.91163e-05	0.000103393
0.287	1.61929e-05	0.000104572
0.288	1.91973e-05	0.00010904
0.289	1.72851e-05	0.000109394
0.29	1.85767e-05	0.000112921
0.291	2.15724e-05	0.00011652
0.292	1.75858e-05	0.000116787
0.293	1.56702e-05	0.000119311
0.294	2.04148e-05	0.000122549
0.295	2.00617e-05	0.000124271
0.296	1.84133e-05	0.000125938
0.297	2.15305e-05	0.000132147
0.298	1.92577e-05	0.00013292
0.299	1.88509e-05	0.000138546
0.3	2.19298e-05	0.000138241
0.301	2.14392e-05	0.000140826
0.302	2.01482e-05	0.000144244
0.303	2.53961e-05	0.00014707
0.304	2.30147e-05	0.000151311
0.305	2.03096e-05	0.000152934
0.306	2.44964e-05	0.000157885
0.307	2.53777e-05	0.00015879
0.308	2.46514e-05	0.000165272
0.309	2.86984e-05	0.000167613
0.31	2.52803e-05	0.00017181
0.311	2.35023e-05	0.000174775
0.312	2.60324e-05	0.000177052
0.313	2.74812e-05	0.000184058
0.314	2.8833e-05	0.000187588
0.315	2.89583e-05	0.000193671
0.316	2.89447e-05	0.00019671
0.317	2.93399e-05	0.000200199
0.318	3.06429e-05	0.0002072
0.319	3.09444e-05	0.000208081
0.32	2.85046e-05	0.000212754
0.321	3.35416e-05	0.000220346
0.322	3.32845e-05	0.000222506
0.323	3.19187e-05	0.000230263
0.324	3.8016e-05	0.00023486
0.325	3.6163e-05	0.000239992
0.326	3.30356e-05	0.00024507
0.327	3.76528e-05	0.000252644
0.328	3.78498e-05	0.000258731
0.329	3.566e-05	0.00026298
0.33	4.13247e-05	0.00026973
0.331	3.92491e-05	0.000277457
0.332	4.0001e-05	0.000285303
0.333	4.45502e-05	0.000291138
0.334	4.36852e-05	0.000297613
0.335	4.28458e-05	0.000305392
0.336	4.76458e-05	0.000311672
0.337	4.72449e-05	0.000320338
0.338	4.72898e-05	0.000327286
0.339	5.1439e-05	0.000339182
0.34	4.95102e-05	0.000342574
0.341	5.16617e-05	0.000353951
0.342	5.59364e-05	0.000365418
0.343	5.48634e-05	0.000372753
0.344	5.63212e-05	0.000382366
0.345	5.98158e-05	0.000392931
0.346	6.27267e-05	0.000401736
0.347	6.26722e-05	0.00041389
0.348	6.73873e-05	0.000425375
0.349	6.82616e-05	0.000435831
0.35	6.8882e-05	0.000445842
0.351	7.32711e-05	0.000461655
0.352	7.49107e-05	0.000471275
0.353	7.60469e-05	0.000484347
0.354	8.01584e-05	0.00049928
0.355	7.99003e-05	0.000512293
0.356	8.42352e-05	0.000526801
0.357	9.07502e-05	0.000542704
0.358	9.10672e-05	0.000557043
0.359	9.45414e-05	0.000571081
0.36	0.000101049	0.000590022
0.361	0.000100553	0.000604328
0.362	0.000103557	0.000623122
0.363	0.000111053	0.000642104
0.364	0.000115092	0.000660507
0.365	0.000116582	0.000678369
0.366	0.000125261	0.000701742
0.367	0.000128815	0.000720993
0.368	0.000133409	0.000742893
0.369	0.000140079	0.000765748
0.37	0.000145527	0.000788985
0.371	0.000151523	0.000813983
0.372	0.000160071	0.000841258
0.373	0.000164617	0.000867931
0.374	0.000173253	0.00089738
0.375	0.000180861	0.000930259
0.376	0.000190602	0.000961492
0.377	0.000197785	0.000996089
0.378	0.000207929	0.00103428
0.379	0.000215638	0.00107411
0.38	0.00022641	0.00111624
0.381	0.0002386	0.00116408
0.382	0.000247381	0.00121307
0.383	0.000257504	0.0012708
0.384	0.00027581	0.00133321
0.385	0.000284204	0.00140042
0.386	0.000295668	0.00147601
0.387	0.000312403	0.00156267
0.388	0.000323718	0.00165908
0.389	0.000336952	0.00176557
0.39	0.000354165	0.00188698
0.391	0.00036842	0.00201955
0.392	0.000379607	0.00216719
0.393	0.000395834	0.00233023
0.394	0.000412819	0.00250113
0.395	0.00042598	0.00267837
0.396	0.000443831	0.00286058
0.397	0.000458704	0.00303529
0.398	0.000473882	0.00320003
0.399	0.000497827	0.00333735
0.4	0.000520205	0.003439
0.401	0.000547646	0.00350007
0.402	0.000582847	0.00351196
0.403	0.000621263	0.00347407
0.404	0.000660942	0.00339108
0.405	0.00071197	0.00327731
0.406	0.000760039	0.00314389
0.407	0.000812189	0.0030115
0.408	0.000865931	0.00291
0.409	0.000910597	0.00284458
0.41	0.000952068	0.00283981
0.411	0.000995678	0.00290025
0.412	0.0010243	0.00302301
0.413	0.00105314	0.00320698
0.414	0.00108453	0.00343448
0.415	0.00110654	0.00369371
0.416	0.00113146	0.00397824
0.417	0.00116341	0.00427435
0.418	0.00119455	0.00457086
0.419	0.00122581	0.00487953
0.42	0.00126752	0.00518647
0.421	0.00130979	0.0054969
0.422	0.00135701	0.00580971
0.423	0.00141175	0.00613195
0.424	0.0014661	0.00645939
0.425	0.00152791	0.00680146
0.426	0.00159383	0.0071563
0.427	0.001661	0.00752377
0.428	0.00173382	0.00791015
0.429	0.00181591	0.00831515
0.43	0.00189739	0.00874096
0.431	0.00198707	0.00918578
0.432	0.00208198	0.00965557
0.433	0.00217751	0.0101506
0.434	0.00228291	0.0106716
0.435	0.00239254	0.0112201
0.436	0.0025045	0.0117996
0.437	0.00261935	0.012406
0.438	0.0027425	0.0130441
0.439	0.00286993	0.0137184
0.44	0.00299707	0.0144244
0.441	0.00312665	0.0151626
0.442	0.003254	0.015938
0.443	0.00338291	0.0167482
0.444	0.00351097	0.0175905
0.445	0.00362355	0.0184673
0.446	0.00373405	0.0193736
0.447	0.00383173	0.0203148
0.448	0.00390745	0.0212799
0.449	0.0039559	0.0222586
0.45	0.00397778	0.023254
0.451	0.00395401	0.0242514
0.452	0.00387289	0.0252311
0.453	0.00373144	0.0261906
0.454	0.0034985	0.0270945
0.455	0.00315846	0.0279136
0.456	0.00268768	0.0286161
0.457	0.00205234	0.0291515
0.458	0.00120928	0.0294534
0.459	0.000123597	0.0294478
0.46	-0.00126261	0.0290358
0.461	-0.00302606	0.0280906
0.462	-0.00522584	0.026476
0.463	-0.00795886	0.0239991
0.464	-0.0113136	0.0204651
0.465	-0.0153873	0.0156389
0.466	-0.0203018	0.00928442
0.467	-0.0261215	0.00116774
0.468	-0.0329364	-0.00891703
0.469	-0.0407851	-0.0210891
0.47	-0.0496622	-0.0354147
0.471	-0.0595093	-0.0517618
0.472	-0.070241	-0.0699713
0.473	-0.0816458	-0.0896588
0.474	-0.0935564	-0.11042
0.475	-0.105664	-0.131727
0.476	-0.117743	-0.153057
0.477	-0.129502	-0.173834
0.478	-0.140651	-0.193557
0.479	-0.150939	-0.211725
0.48	-0.160074	-0.227902
0.481	-0.167905	-0.241692
0.482	-0.174181	-0.252841
0.483	-0.178805	-0.261113
0.484	-0.181663	-0.266376
0.485	-0.182682	-0.268531
0.486	-0.181849	-0.267618
0.487	-0.179203	-0.2637
0.488	-0.174772	-0.256854
0.489	-0.168646	-0.247283
0.49	-0.160759	-0.235209
0.491	-0.151705	-0.2208
0.492	-0.141104	-0.204246
0.493	-0.12922	-0.185727
0.494	-0.116192	-0.165382
0.495	-0.102002	-0.143378
0.496	-0.0868331	-0.119888
0.497	-0.0707385	-0.0950386
0.498	-0.0537794	-0.0691286
0.499	-0.0360317	-0.0422929
0.5	-0.0175949	-0.0148269
0.501	0.00149297	0.0129895
0.502	0.0211574	0.0408714
0.503	0.0414064	0.0685345
0.504	0.0621712	0.0955884
0.505	0.0833974	0.121791
0.506	0.105105	0.146648
0.507	0.127256	0.169751
0.508	0.149826	0.190575
0.509	0.172746	0.208713
0.51	0.196	0.223691
0.511	0.219481	0.235116
0.512	0.243032	0.242798
0.513	0.266513	0.246637
0.514	0.289738	0.246675
0.515	0.3124	0.243165
0.516	0.334354	0.236555
0.517	0.355161	0.22727
0.518	0.374632	0.21594
0.519	0.392469	0.203155
0.52	0.408336	0.189583
0.521	0.422017	0.175649
0.522	0.433234	0.161945
0.523	0.441744	0.148848
0.524	0.447375	0.136585
0.525	0.449935	0.125313
0.526	0.449254	0.115094
0.527	0.445259	0.105857
0.528	0.437856	0.097371
0.529	0.42701	0.0894921
0.53	0.412786	0.0819375
0.531	0.395232	0.0744091
0.532	0.374094	0.0667677
0.533	0.350697	0.058985
0.534	0.324292	0.0510172
0.535	0.295348	0.04304
0.536	0.264315	0.0353224
0.537	0.231325	0.0281469
0.538	0.196757	0.0216571
0.539	0.16091	0.0160844
0.54	0.124004	0.0114771
0.541	0.0862403	0.00776271
0.542	0.0478239	0.00486214
0.543	0.0090276	0.00263754
0.544	-0.0301691	0.000881436
0.545	-0.0695715	-0.000572069
0.546	-0.108928	-0.00191426
0.547	-0.148217	-0.00332269
0.548	-0.187231	-0.00490673
0.549	-0.225725	-0.00681411
0.55	-0.263477	-0.00908937
0.551	-0.300143	-0.0116312
0.552	-0.335602	-0.0144394
0.553	-0.369343	-0.0173427
0.554	-0.401076	-0.0200687
0.555	-0.430629	-0.0225131
0.556	-0.457633	-0.0245574
0.557	-0.481955	-0.0260631
0.558	-0.503442	-0.0269578
0.559	-0.521975	-0.0274318
0.56	-0.537572	-0.0274126
0.561	-0.550272	-0.0269526
0.562	-0.560033	-0.0262476
0.563	-0.566967	-0.0253435
0.564	-0.571065	-0.0241635
0.565	-0.572328	-0.0229309
0.566	-0.570767	-0.021644
0.567	-0.566322	-0.0202932
0.568	-0.558911	-0.0188886
0.569	-0.548454	-0.017631
0.57	-0.534872	-0.0163658
0.571	-0.518026	-0.0151825
0.572	-0.497898	-0.0141917
0.573	-0.474558	-0.0133412
0.574	-0.44736	-0.0126036
0.575	-0.418262	-0.0121196
0.576	-0.385961	-0.0117828
0.577	-0.351169	-0.0115586
0.578	-0.31444	-0.0114176
0.579	-0.276071	-0.0113475
0.58	-0.236545	-0.0112901
0.581	-0.196105	-0.0111961
0.582	-0.155157	-0.0110972
0.583	-0.113786	-0.010948
0.584	-0.0722635	-0.0107552
0.585	-0.0306026	-0.0105196
0.586	0.0110992	-0.0102559
0.587	0.0527028	-0.00996768
0.588	0.094334	-0.00966313
0.589	0.135694	-0.00936002
0.59	0.176852	-0.00905234
0.591	0.217568	-0.00878107
0.592	0.257667	-0.00851575
0.593	0.296767	-0.00828981
0.594	0.334683	-0.00807626
0.595	0.370871	-0.00793354
0.596	0.4051	-0.00777323
0.597	0.436838	-0.00763764
0.598	0.465874	-0.00754692
0.599	0.491899	-0.00743849
0.6	0.514836	-0.00731557
0.601	0.5345	-0.00724456
0.602	0.550956	-0.00718708
0.603	0.56423	-0.00712559
0.604	0.574317	-0.00712495
0.605	0.581377	-0.00717241
0.606	0.585427	-0.00725071
0.607	0.586473	-0.00733355
0.608	0.584565	-0.00755783
0.609	0.579687	-0.0076992
0.61	0.571717	-0.00791008
0.611	0.560634	-0.00811361
0.612	0.546351	-0.00829951
0.613	0.528806	-0.00837408
0.614	0.507896	-0.00841619
0.615	0.483842	-0.00831859
0.616	0.455963	-0.00811022
0.617	0.426164	-0.0077042
0.618	0.393279	-0.00723366
0.619	0.357949	-0.00662879
0.62	0.320683	-0.00596714
0.621	0.281907	-0.00528948
0.622	0.242044	-0.00460491
0.623	0.201383	-0.00392569
0.624	0.160196	-0.00328897
0.625	0.118734	-0.0026925
0.626	0.077127	-0.00211513
0.627	0.0355127	-0.00155981
0.628	-0.00610061	-0.00102662
0.629	-0.0476328	-0.000507839
0.63	-0.089147	3.4224e-06
0.631	-0.130391	0.00052469
0.632	-0.171461	0.00103545
0.633	-0.212064	0.00152675
0.634	-0.25204	0.00199915
0.635	-0.291124	0.0024765
0.636	-0.328917	0.00287991
0.637	-0.365115	0.0032166
0.638	-0.399301	0.00354311
0.639	-0.431104	0.00375655
0.64	-0.460193	0.00387944
0.641	-0.486331	0.00399734
0.642	-0.509357	0.00405836
0.643	-0.529123	0.00404182
0.644	-0.545722	0.0040489
0.645	-0.559125	0.00409381
0.646	-0.569387	0.00406788
0.647	-0.576604	0.00406999
0.648	-0.58083	0.00414297
0.649	-0.582075	0.00415628
0.65	-0.580362	0.00416262
0.651	-0.575675	0.00421577
0.652	-0.567905	0.00423474
0.653	-0.557064	0.00417949
0.654	-0.543014	0.00409922
0.655	-0.525698	0.00399639
0.656	-0.50502	0.00373691
0.657	-0.481176	0.00340416
0.658	-0.453461	0.00303255
0.659	-0.42383	0.00249004
0.66	-0.391103	0.00187565
0.661	-0.355935	0.00125738
0.662	-0.318797	0.00061198
0.663	-0.280156	-2.28208e-05
0.664	-0.240353	-0.000611505
0.665	-0.199848	-0.00113641
0.666	-0.158744	-0.00160794
0.667	-0.1174	-0.00201694
0.668	-0.0758585	-0.00235642
0.669	-0.0343031	-0.00264759
0.67	0.00722262	-0.00288011
0.671	0.0487489	-0.00307183
0.672	0.0901754	-0.0032187
0.673	0.131401	-0.00332759
0.674	0.172349	-0.00341774
0.675	0.212893	-0.00347105
0.676	0.252764	-0.0034949
0.677	0.291703	-0.00349931
0.678	0.329466	-0.00349667
0.679	0.365483	-0.00343103
0.68	0.399512	-0.00334948
0.681	0.431195	-0.00327567
0.682	0.460124	-0.00315339
0.683	0.486053	-0.0030047
0.684	0.508928	-0.00292214
0.685	0.528605	-0.00284797
0.686	0.54506	-0.00275583
0.687	0.558362	-0.00278174
0.688	0.568545	-0.00287822
0.689	0.575705	-0.002984
0.69	0.579865	-0.00317487
0.691	0.581043	-0.00349315
0.692	0.579285	-0.00380921
0.693	0.574555	-0.00416145
0.694	0.566768	-0.00457089
0.695	0.555877	-0.00498816
0.696	0.541823	-0.00529168
0.697	0.524469	-0.00555399
0.698	0.503804	-0.00574604
0.699	0.479988	-0.00569791
0.7	0.452363	-0.00552664
0.701	0.42283	-0.00518933
0.702	0.390127	-0.00466691
0.703	0.355066	-0.00402426
0.704	0.318055	-0.00334409
0.705	0.279523	-0.00262885
0.706	0.239829	-0.00191636
0.707	0.199389	-0.00125392
0.708	0.158403	-0.000665211
0.709	0.117096	-0.000127767
0.71	0.0756177	0.000340355
0.711	0.0340983	0.000752041
0.712	-0.00740943	0.00111992
0.713	-0.0488294	0.00145151
0.714	-0.0902224	0.00176555
0.715	-0.131376	0.00208877
0.716	-0.172278	0.0023795
0.717	-0.212758	0.00268366
0.718	-0.252544	0.00301774
0.719	-0.291449	0.00332154
0.72	-0.329103	0.00360275
0.721	-0.365028	0.00390617
0.722	-0.399016	0.00413724
0.723	-0.430584	0.00429975
0.724	-0.459449	0.00441472
0.725	-0.485374	0.00450509
0.726	-0.508134	0.00445831
0.727	-0.527705	0.00440526
0.728	-0.544124	0.00436086
0.729	-0.557316	0.00423313
0.73	-0.56742	0.0040949
0.731	-0.574503	0.00403405
0.732	-0.578627	0.00392468
0.733	-0.579778	0.00378776
0.734	-0.578021	0.00370746
0.735	-0.573318	0.00364404
0.736	-0.565577	0.00345688
0.737	-0.554774	0.00329713
0.738	-0.540845	0.00313238
0.739	-0.523665	0.00280499
0.74	-0.503168	0.00241768
0.741	-0.479505	0.00201049
0.742	-0.452101	0.00148165
0.743	-0.422701	0.000834807
0.744	-0.390202	0.000215175
0.745	-0.355223	-0.000410591
0.746	-0.318323	-0.00105862
0.747	-0.279864	-0.00161729
0.748	-0.240214	-0.00208562
0.749	-0.199743	-0.00251517
0.75	-0.158739	-0.00285415
0.751	-0.117367	-0.0031009
0.752	-0.075849	-0.00330244
0.753	-0.0342394	-0.0034472
0.754	0.00743086	-0.00355861
0.755	0.049031	-0.00364347
0.756	0.0906099	-0.00370102
0.757	0.131926	-0.00376224
0.758	0.172995	-0.00383517
0.759	0.213567	-0.00388777
0.76	0.25354	-0.00393424
0.761	0.292563	-0.00401846
0.762	0.330325	-0.00405624
0.763	0.36638	-0.00406935
0.764	0.400436	-0.00408171
0.765	0.432119	-0.00407608
0.766	0.461021	-0.00398401
0.767	0.487057	-0.0039016
0.768	0.509924	-0.00382547
0.769	0.529652	-0.00365711
0.77	0.546175	-0.0035022
0.771	0.559564	-0.00337378
0.772	0.569824	-0.00318964
0.773	0.577055	-0.00301155
0.774	0.581335	-0.00284704
0.775	0.582648	-0.00268642
0.776	0.581037	-0.00249705
0.777	0.57647	-0.00230281
0.778	0.568871	-0.00213651
0.779	0.558205	-0.00188707
0.78	0.544313	-0.00161804
0.781	0.527235	-0.00131742
0.782	0.506848	-0.000928661
0.783	0.483298	-0.000452603
0.784	0.455904	4.70343e-05
0.785	0.426658	0.000679879
0.786	0.394298	0.00134867
0.787	0.359504	0.00205156
0.788	0.322727	0.0027198
0.789	0.284496	0.00340773
0.79	0.245111	0.00404851
0.791	0.204953	0.00463854
0.792	0.164299	0.00520209
0.793	0.123355	0.00574521
0.794	0.0822469	0.00627186
0.795	0.041139	0.00682845
0.796	-8.27812e-06	0.00742677
0.797	-0.040938	0.00810626
0.798	-0.0818229	0.00887921
0.799	-0.122395	0.00977553
0.8	-0.162706	0.010823
0.801	-0.202509	0.0120398
0.802	-0.241583	0.0134179
0.803	-0.279672	0.0149718
0.804	-0.316395	0.016748
0.805	-0.351456	0.0186621
0.806	-0.384384	0.0207444
0.807	-0.414865	0.0230218
0.808	-0.442534	0.0254553
0.809	-0.467127	0.0280228
0.81	-0.488527	0.0308033
0.811	-0.506587	0.0337926
0.812	-0.521391	0.0369406
0.813	-0.532909	0.0403499
0.814	-0.541218	0.044011
0.815	-0.546423	0.0478669
0.816	-0.548565	0.0519703
0.817	-0.547699	0.0562524
0.818	-0.543896	0.0606785
0.819	-0.53714	0.0651377
0.82	-0.527447	0.0695561
0.821	-0.514823	0.0737858
0.822	-0.499257	0.0776013
0.823	-0.480761	0.0808537
0.824	-0.459435	0.0832768
0.825	-0.435372	0.0846365
0.826	-0.408177	0.0847838
0.827	-0.379746	0.0834791
0.828	-0.348912	0.08074
0.829	-0.316433	0.0765521
0.83	-0.282773	0.0710376
0.831	-0.248229	0.0643562
0.832	-0.213137	0.056711
0.833	-0.17775	0.048304
0.834	-0.142266	0.0393829
0.835	-0.106834	0.0300654
0.836	-0.0714196	0.0205434
0.837	-0.0361245	0.0109391
0.838	-0.000912753	0.00136666
0.839	0.0341879	-0.00809419
0.84	0.0692558	-0.0172778
0.841	0.10428	-0.0261134
0.842	0.139186	-0.034409
0.843	0.173989	-0.0420328
0.844	0.208412	-0.0487632
0.845	0.242285	-0.0544326
0.846	0.275458	-0.0588092
0.847	0.307495	-0.0617236
0.848	0.338135	-0.0630403
0.849	0.367003	-0.0627273
0.85	0.393721	-0.0608221
0.851	0.418028	-0.0573992
0.852	0.439741	-0.0526764
0.853	0.458611	-0.0468218
0.854	0.474604	-0.0400837
0.855	0.487674	-0.0326185
0.856	0.497751	-0.0246905
0.857	0.504894	-0.0163928
0.858	0.509092	-0.00788408
0.859	0.510318	0.000678299
0.86	0.508597	0.0092281
0.861	0.503915	0.0176801
0.862	0.49624	0.0258054
0.863	0.485579	0.0335807
0.864	0.471911	0.0408257
0.865	0.455202	0.0473156
0.866	0.435581	0.052855
0.867	0.413126	0.0573226
0.868	0.387508	0.0604067
0.869	0.360434	0.0620331
0.87	0.330881	0.0620812
0.871	0.299565	0.0605139
0.872	0.266928	0.0573544
0.873	0.233214	0.0527725
0.874	0.198866	0.0469231
0.875	0.164102	0.0399762
0.876	0.12903	0.0321378
0.877	0.093826	0.0236312
0.878	0.0585766	0.0145827
0.879	0.0233546	0.00516487
0.88	-0.0120184	-0.00448557
0.881	-0.0473714	-0.0142595
0.882	-0.0827542	-0.0239879
0.883	-0.118247	-0.0335835
0.884	-0.153686	-0.0428404
0.885	-0.189117	-0.0515999
0.886	-0.224377	-0.0596621
0.887	-0.259182	-0.0668292
0.888	-0.293372	-0.0728962
0.889	-0.326584	-0.0776476
0.89	-0.358443	-0.0810297
0.891	-0.388624	-0.0829593
0.892	-0.416785	-0.0834962
0.893	-0.442687	-0.082719
0.894	-0.465961	-0.0808858
0.895	-0.486545	-0.0781247
0.896	-0.504286	-0.0746475
0.897	-0.519185	-0.0707083
0.898	-0.53117	-0.0665213
0.899	-0.540265	-0.06207
0.9	-0.546439	-0.0576303
0.901	-0.549671	-0.0532978
0.902	-0.549954	-0.04902
0.903	-0.547226	-0.0448885
0.904	-0.541369	-0.0410439
0.905	-0.532339	-0.0374182
0.906	-0.520038	-0.033961
0.907	-0.504367	-0.030878
0.908	-0.485259	-0.0280707
0.909	-0.462856	-0.0254658
0.91	-0.43651	-0.023163
0.911	-0.408111	-0.0211956
0.912	-0.376575	-0.0193432
0.913	-0.342451	-0.0176942
0.914	-0.306305	-0.0161931
0.915	-0.268618	-0.0147532
0.916	-0.229649	-0.0133398
0.917	-0.1899	-0.0119944
0.918	-0.149591	-0.0106538
0.919	-0.108813	-0.00931252
0.92	-0.067945	-0.00800926
0.921	-0.0269398	-0.00674106
0.922	0.0141599	-0.0055093
0.923	0.0552201	-0.00433523
0.924	0.0962374	-0.00323203
0.925	0.137048	-0.00222784
0.926	0.177687	-0.00132726
0.927	0.217949	-0.000514574
0.928	0.257526	0.000166396
0.929	0.296238	0.000695547
0.93	0.333691	0.00113234
0.931	0.36955	0.00145835
0.932	0.403352	0.00162024
0.933	0.434756	0.00170274
0.934	0.463491	0.00171744
0.935	0.489181	0.00162774
0.936	0.511836	0.00142534
0.937	0.531298	0.00126128
0.938	0.547534	0.000996492
0.939	0.560635	0.000674345
0.94	0.570634	0.000361291
0.941	0.577608	4.50076e-05
0.942	0.581611	-0.000322233
0.943	0.582655	-0.000692116
0.944	0.58078	-0.000989202
0.945	0.575952	-0.00131478
0.946	0.568074	-0.00160729
0.947	0.557093	-0.00182519
0.948	0.542952	-0.00195392
0.949	0.525501	-0.00204926
0.95	0.504712	-0.00200513
0.951	0.480802	-0.00182681
0.952	0.452974	-0.00156594
0.953	0.423296	-0.00117697
0.954	0.390447	-0.000660261
0.955	0.355233	-0.000112155
0.956	0.318027	0.000446025
0.957	0.279294	0.00101915
0.958	0.239447	0.00156541
0.959	0.198868	0.00204271
0.96	0.157706	0.00246119
0.961	0.116273	0.00282491
0.962	0.0747049	0.00311301
0.963	0.0330434	0.00333986
0.964	-0.00857786	0.00351021
0.965	-0.0501464	0.00361416
0.966	-0.0915977	0.00368481
0.967	-0.13288	0.00369177
0.968	-0.173857	0.00364816
0.969	-0.214358	0.00357284
0.97	-0.254188	0.00346096
0.971	-0.293147	0.00326368
0.972	-0.330728	0.00307694
0.973	-0.366667	0.0028241
0.974	-0.400588	0.00251835
0.975	-0.432054	0.00217027
0.976	-0.460782	0.00184559
0.977	-0.486544	0.00142965
0.978	-0.509227	0.00103448
0.979	-0.5287	0.000681641
0.98	-0.544988	0.000323198
0.981	-0.558115	-6.2198e-06
0.982	-0.568136	-0.000215645
0.983	-0.575181	-0.000405154
0.984	-0.57926	-0.000525237
0.985	-0.580389	-0.000536607
0.986	-0.578628	-0.000470903
0.987	-0.573919	-0.00037476
0.988	-0.566176	-0.000183279
0.989	-0.555375	6.24007e-05
0.99	-0.541406	0.000297813
0.991	-0.524175	0.000535684
0.992	-0.503671	0.000777688
0.993	-0.479956	0.000948755
0.994	-0.452408	0.00107851
0.995	-0.42299	0.00113046
0.996	-0.39047	0.00114249
0.997	-0.355472	0.00109968
0.998	-0.31851	0.00107988
0.999	-0.28007	0.00105437
1	-0.240388	0.00106324
1.001	-0.199921	0.00110802
1.002	-0.158939	0.00119706
1.003	-0.117638	0.0013211
1.004	-0.0761079	0.00147303
1.005	-0.0345767	0.00164754
1.006	0.00706	0.00182038
1.007	0.0486	0.00197915
1.008	0.090128	0.00211525
1.009	0.131437	0.00220742
1.01	0.172492	0.00225413
1.011	0.213193	0.00223608
1.012	0.253182	0.00217246
1.013	0.292236	0.00202703
1.014	0.330071	0.00183994
1.015	0.366225	0.00163433
1.016	0.400387	0.00137031
1.017	0.432139	0.00109491
1.018	0.461131	0.000862078
1.019	0.487171	0.000612125
1.02	0.51017	0.000371692
1.021	0.529902	0.000180752
1.022	0.546465	3.30161e-05
1.023	0.559848	-0.000183098
1.024	0.570095	-0.000305585
1.025	0.577293	-0.000424048
1.026	0.581499	-0.000586565
1.027	0.582709	-0.000714194
1.028	0.580961	-0.000766734
1.029	0.576242	-0.000888424
1.03	0.568448	-0.000950381
1.031	0.557528	-0.000936928
1.032	0.543441	-0.000894947
1.033	0.526023	-0.000829108
1.034	0.505316	-0.00062267
1.035	0.481385	-0.000333644
1.036	0.453634	-6.08852e-05
1.037	0.424051	0.000394148
1.038	0.391217	0.000871997
1.039	0.355959	0.00130404
1.04	0.31878	0.00173492
1.041	0.280148	0.00213164
1.042	0.24026	0.00239961
1.043	0.199612	0.002581
1.044	0.158522	0.00268473
1.045	0.116996	0.00267685
1.046	0.0753471	0.00258559
1.047	0.033645	0.00245042
1.048	-0.00804865	0.00226435
1.049	-0.0497123	0.00206086
1.05	-0.0912593	0.00186007
1.051	-0.132674	0.00166784
1.052	-0.173783	0.00152141
1.053	-0.214499	0.00141928
1.054	-0.254508	0.00135156
1.055	-0.293603	0.00135349
1.056	-0.331506	0.00143364
1.057	-0.367692	0.00152861
1.058	-0.401935	0.0016643
1.059	-0.433702	0.00186968
1.06	-0.462821	0.00204215
1.061	-0.488877	0.00223294
1.062	-0.511875	0.00241148
1.063	-0.531617	0.00259259
1.064	-0.548159	0.00272796
1.065	-0.561542	0.00286619
1.066	-0.571784	0.00300042
1.067	-0.578997	0.00312162
1.068	-0.583243	0.00318992
1.069	-0.584511	0.00329989
1.07	-0.582857	0.00336064
1.071	-0.578236	0.00340279
1.072	-0.570572	0.00337648
1.073	-0.559823	0.00337812
1.074	-0.545884	0.00327759
1.075	-0.528639	0.00311054
1.076	-0.508143	0.00290988
1.077	-0.484418	0.00261336
1.078	-0.456866	0.00223926
1.079	-0.427441	0.00177489
1.08	-0.394856	0.00127307
1.081	-0.359913	0.000721334
1.082	-0.323012	0.000153655
1.083	-0.284617	-0.000380355
1.084	-0.245193	-0.00091069
1.085	-0.204915	-0.00140692
1.086	-0.164268	-0.00185032
1.087	-0.123316	-0.00227622
1.088	-0.0822973	-0.00269321
1.089	-0.0411573	-0.00310775
1.09	-0.000130813	-0.00355356
1.091	0.0407994	-0.00405293
1.092	0.081663	-0.00463023
1.093	0.122272	-0.00533024
1.094	0.162604	-0.00615524
1.095	0.202466	-0.00714847
1.096	0.241714	-0.00835159
1.097	0.279908	-0.00975355
1.098	0.316874	-0.0113799
1.099	0.352146	-0.0132663
1.1	0.385298	-0.015382
1.101	0.415921	-0.0177124
1.102	0.443787	-0.0203098
1.103	0.468547	-0.023124
1.104	0.490084	-0.0261418
1.105	0.508281	-0.0294154
1.106	0.523172	-0.0329112
1.107	0.534796	-0.0366416
1.108	0.543151	-0.0406422
1.109	0.548391	-0.0448784
1.11	0.550561	-0.0493839
1.111	0.549702	-0.054064
1.112	0.545887	-0.0589297
1.113	0.539143	-0.0638864
1.114	0.529426	-0.0688104
1.115	0.516765	-0.073559
1.116	0.501148	-0.0779867
1.117	0.482626	-0.0818198
1.118	0.461231	-0.0848565
1.119	0.437148	-0.0868273
1.12	0.409815	-0.0875638
1.121	0.381299	-0.0868099
1.122	0.35032	-0.0845315
1.123	0.317685	-0.0807571
1.124	0.283832	-0.0755459
1.125	0.249208	-0.0690999
1.126	0.213926	-0.0616173
1.127	0.178385	-0.0533296
1.128	0.14276	-0.0444417
1.129	0.107168	-0.035164
1.13	0.0716302	-0.0256435
1.131	0.0362403	-0.016011
1.132	0.000898586	-0.00638048
1.133	-0.0342967	0.00315443
1.134	-0.0694915	0.0124661
1.135	-0.104573	0.0214525
1.136	-0.139568	0.0299811
1.137	-0.174369	0.0379054
1.138	-0.208934	0.0450315
1.139	-0.242939	0.0511209
1.14	-0.276216	0.0560247
1.141	-0.308421	0.0595198
1.142	-0.339219	0.0614328
1.143	-0.368197	0.0617552
1.144	-0.395044	0.0604715
1.145	-0.419545	0.0576064
1.146	-0.441403	0.0534018
1.147	-0.460417	0.0480135
1.148	-0.476521	0.0416653
1.149	-0.489683	0.0344989
1.15	-0.499832	0.0268284
1.151	-0.507055	0.0187283
1.152	-0.511312	0.0103395
1.153	-0.512593	0.00181608
1.154	-0.510938	-0.00668824
1.155	-0.506316	-0.0151635
1.156	-0.498692	-0.0233784
1.157	-0.488067	-0.0312407
1.158	-0.474407	-0.0385533
1.159	-0.457689	-0.0451893
1.16	-0.438044	-0.0508423
1.161	-0.415558	-0.0553783
1.162	-0.389749	-0.0585292
1.163	-0.362626	-0.0602157
1.164	-0.332951	-0.0602298
1.165	-0.301465	-0.0586101
1.166	-0.268662	-0.0553812
1.167	-0.234788	-0.0506569
1.168	-0.20018	-0.0446404
1.169	-0.165259	-0.0375212
1.17	-0.130105	-0.0295066
1.171	-0.0947136	-0.0207865
1.172	-0.0593354	-0.0115508
1.173	-0.0239777	-0.00196178
1.174	0.0114211	0.00785804
1.175	0.0468729	0.0177702
1.176	0.0823441	0.0276166
1.177	0.117878	0.0372745
1.178	0.153431	0.0465637
1.179	0.188918	0.0552931
1.18	0.224124	0.0632522
1.181	0.259027	0.07024
1.182	0.293235	0.0760185
1.183	0.326452	0.08042
1.184	0.358311	0.0833134
1.185	0.38852	0.0847017
1.186	0.416719	0.084582
1.187	0.442539	0.0831305
1.188	0.46587	0.0805506
1.189	0.486438	0.0770662
1.19	0.504152	0.0728648
1.191	0.519075	0.0682711
1.192	0.531051	0.0634095
1.193	0.540137	0.0584222
1.194	0.546304	0.0534628
1.195	0.549527	0.0486522
1.196	0.549794	0.0439539
1.197	0.54704	0.0395368
1.198	0.541154	0.0353491
1.199	0.532093	0.0314682
1.2	0.519759	0.0279
1.201	0.504019	0.0246609
1.202	0.484932	0.0217892
1.203	0.462514	0.0192585
1.204	0.436185	0.017075
1.205	0.407843	0.0152293
1.206	0.37628	0.0136634
1.207	0.342221	0.0123342
1.208	0.306199	0.0111696
1.209	0.268488	0.0101143
1.21	0.229616	0.00917643
1.211	0.189911	0.00826005
1.212	0.14957	0.00737201
1.213	0.108859	0.00651968
1.214	0.0680018	0.00568287
1.215	0.0269631	0.00486577
1.216	-0.0141085	0.00408546
1.217	-0.0552081	0.00333651
1.218	-0.0961675	0.00265463
1.219	-0.137043	0.00201098
1.22	-0.177612	0.00141229
1.221	-0.21787	0.000901774
1.222	-0.257525	0.000436925
1.223	-0.296262	6.70392e-06
1.224	-0.333796	-0.000354334
1.225	-0.369772	-0.000630434
1.226	-0.403649	-0.000919104
1.227	-0.435282	-0.00115397
1.228	-0.46415	-0.00130008
1.229	-0.490073	-0.00143839
1.23	-0.512872	-0.00158924
1.231	-0.532489	-0.00160341
1.232	-0.548939	-0.00160054
1.233	-0.562177	-0.00161991
1.234	-0.572288	-0.00150359
1.235	-0.579389	-0.00133208
1.236	-0.583489	-0.0011574
1.237	-0.584602	-0.00093064
1.238	-0.582777	-0.000560933
1.239	-0.577985	-0.000229466
1.24	-0.570123	0.000112432
1.241	-0.559186	0.000554381
1.242	-0.545056	0.000951997
1.243	-0.527649	0.00124674
1.244	-0.50694	0.00157681
1.245	-0.483029	0.00178435
1.246	-0.455201	0.00189152
1.247	-0.425597	0.00185929
1.248	-0.39272	0.00179514
1.249	-0.357445	0.00158381
1.25	-0.320175	0.00133251
1.251	-0.281335	0.00107812
1.252	-0.241392	0.000787954
1.253	-0.200606	0.000477557
1.254	-0.159228	0.000225037
1.255	-0.117584	-3.15562e-05
1.256	-0.0757996	-0.000273992
1.257	-0.0338767	-0.000494595
1.258	0.00803775	-0.000691262
1.259	0.049878	-0.000877174
1.26	0.0916458	-0.00104054
1.261	0.13322	-0.00120252
1.262	0.174505	-0.00132757
1.263	0.215401	-0.00140823
1.264	0.255622	-0.00150291
1.265	0.294913	-0.00155417
1.266	0.332879	-0.00153738
1.267	0.369239	-0.0015372
1.268	0.403499	-0.00150801
1.269	0.435342	-0.00142491
1.27	0.464398	-0.00130684
1.271	0.490453	-0.00125749
1.272	0.513403	-0.00112101
1.273	0.533056	-0.000973639
1.274	0.549489	-0.000896719
1.275	0.562737	-0.000821985
1.276	0.572833	-0.000682949
1.277	0.579865	-0.000637345
1.278	0.583931	-0.000648977
1.279	0.585009	-0.000553821
1.28	0.583132	-0.000546635
1.281	0.578297	-0.000554721
1.282	0.570399	-0.000505977
1.283	0.559409	-0.000398659
1.284	0.545211	-0.000313963
1.285	0.527736	-0.000149825
1.286	0.506978	0.000159541
1.287	0.482994	0.000487994
1.288	0.455161	0.000842428
1.289	0.425461	0.00136241
1.29	0.392576	0.00185462
1.291	0.357274	0.00228655
1.292	0.320041	0.00268691
1.293	0.281254	0.00298075
1.294	0.241382	0.0031409
1.295	0.200698	0.00314406
1.296	0.159442	0.00303291
1.297	0.117894	0.00277881
1.298	0.0762098	0.00240779
1.299	0.0345197	0.00197835
1.3	-0.00724788	0.00148051
1.301	-0.0489807	0.000963278
1.302	-0.0905592	0.000441639
1.303	-0.131957	-4.37638e-05
1.304	-0.173055	-0.000486256
1.305	-0.213858	-0.000879884
1.306	-0.253902	-0.00119869
1.307	-0.293088	-0.00147539
1.308	-0.330931	-0.00167448
1.309	-0.367251	-0.001863
1.31	-0.401467	-0.00200227
1.311	-0.433333	-0.00214662
1.312	-0.462524	-0.0022928
1.313	-0.488732	-0.00242532
1.314	-0.511779	-0.0025666
1.315	-0.531641	-0.00273347
1.316	-0.548264	-0.00281427
1.317	-0.561744	-0.0029549
1.318	-0.572069	-0.00303821
1.319	-0.579348	-0.00308862
1.32	-0.583642	-0.00314695
1.321	-0.584948	-0.00318921
1.322	-0.58331	-0.00321726
1.323	-0.578703	-0.00325819
1.324	-0.571008	-0.00335353
1.325	-0.560212	-0.00346193
1.326	-0.546218	-0.00358359
1.327	-0.528891	-0.00385357
1.328	-0.50824	-0.00413326
1.329	-0.484343	-0.00445469
1.33	-0.456477	-0.00487382
1.331	-0.426776	-0.00535523
1.332	-0.393843	-0.00577738
1.333	-0.358371	-0.00622227
1.334	-0.320983	-0.00660016
1.335	-0.281981	-0.00687515
1.336	-0.241837	-0.00704573
1.337	-0.200783	-0.00715252
1.338	-0.159281	-0.00710897
1.339	-0.117392	-0.00697755
1.34	-0.0754585	-0.0067692
1.341	-0.0333331	-0.00645989
1.342	0.00874583	-0.00607658
1.343	0.0507172	-0.00561184
1.344	0.0926565	-0.00507251
1.345	0.134395	-0.00447955
1.346	0.175754	-0.00382615
1.347	0.216771	-0.00307945
1.348	0.257025	-0.00233137
1.349	0.296356	-0.00155219
1.35	0.334402	-0.000718465
1.351	0.370758	8.1201e-05
1.352	0.405	0.000813782
1.353	0.436841	0.00151806
1.354	0.465883	0.00215862
1.355	0.491917	0.00264515
1.356	0.514853	0.00302285
1.357	0.53451	0.00338054
1.358	0.550931	0.00355114
1.359	0.56419	0.00362586
1.36	0.574302	0.00368486
1.361	0.581375	0.00365142
1.362	0.585467	0.00348243
1.363	0.586583	0.00334216
1.364	0.584748	0.00313446
1.365	0.579965	0.00283946
1.366	0.572125	0.00250122
1.367	0.561207	0.00221172
1.368	0.547091	0.00181925
1.369	0.529711	0.00144557
1.37	0.509014	0.00111195
1.371	0.485128	0.000806807
1.372	0.457378	0.000491804
1.373	0.427837	0.00033125
1.374	0.395136	0.000230338
1.375	0.360003	0.000174505
1.376	0.323019	0.000203247
1.377	0.284478	0.000315106
1.378	0.244868	0.000448059
1.379	0.20446	0.000642996
1.38	0.163575	0.000893852
1.381	0.122409	0.00117453
1.382	0.0812212	0.00150771
1.383	0.0398943	0.00189666
1.384	-0.00128101	0.0023523
1.385	-0.0424734	0.00287969
1.386	-0.0834425	0.00350196
1.387	-0.124198	0.00422085
1.388	-0.164627	0.00508845
1.389	-0.204566	0.00610123
1.39	-0.24381	0.00729028
1.391	-0.281998	0.00867906
1.392	-0.318907	0.010319
1.393	-0.354051	0.0121503
1.394	-0.387113	0.0142439
1.395	-0.417712	0.016595
1.396	-0.445455	0.0191693
1.397	-0.470132	0.0219352
1.398	-0.491579	0.0250146
1.399	-0.509661	0.0282765
1.4	-0.524464	0.0317976
1.401	-0.536023	0.0355759
1.402	-0.544333	0.0396367
1.403	-0.549552	0.0439076
1.404	-0.551725	0.0484694
1.405	-0.550879	0.0532211
1.406	-0.547105	0.0581382
1.407	-0.540387	0.0631076
1.408	-0.530731	0.0680682
1.409	-0.51813	0.0728117
1.41	-0.502554	0.0771583
1.411	-0.484074	0.0808921
1.412	-0.46268	0.0837642
1.413	-0.438555	0.0855253
1.414	-0.411165	0.0859854
1.415	-0.382603	0.0849499
1.416	-0.351627	0.0824021
1.417	-0.318849	0.0783596
1.418	-0.28497	0.0729289
1.419	-0.250128	0.0663404
1.42	-0.214815	0.0587601
1.421	-0.179125	0.0504285
1.422	-0.143444	0.0416077
1.423	-0.107711	0.0324015
1.424	-0.0721362	0.0229906
1.425	-0.0366069	0.013523
1.426	-0.00122092	0.00410477
1.427	0.0341347	-0.00519109
1.428	0.069424	-0.014218
1.429	0.104645	-0.0229227
1.43	0.139757	-0.0310832
1.431	0.174743	-0.0386024
1.432	0.209365	-0.0452921
1.433	0.243475	-0.0508789
1.434	0.276838	-0.0552132
1.435	0.309025	-0.0581381
1.436	0.339814	-0.0594689
1.437	0.368807	-0.0591307
1.438	0.395591	-0.0572366
1.439	0.419984	-0.053868
1.44	0.4417	-0.0490983
1.441	0.460531	-0.0432654
1.442	0.476483	-0.0365913
1.443	0.489482	-0.0291583
1.444	0.49946	-0.0212489
1.445	0.506497	-0.0130901
1.446	0.5106	-0.00471355
1.447	0.511712	0.00375141
1.448	0.50989	0.0120811
1.449	0.505115	0.0202134
1.45	0.497321	0.0281231
1.451	0.486553	0.035537
1.452	0.472766	0.0422878
1.453	0.45595	0.0483656
1.454	0.436185	0.0534202
1.455	0.413582	0.0572654
1.456	0.387722	0.0597699
1.457	0.360554	0.0608599
1.458	0.330836	0.0602992
1.459	0.299367	0.0581877
1.46	0.266639	0.054616
1.461	0.232828	0.0496394
1.462	0.198439	0.0434669
1.463	0.163618	0.0363551
1.464	0.128581	0.0284126
1.465	0.0934144	0.0198622
1.466	0.0582294	0.0108748
1.467	0.023067	0.00157257
1.468	-0.0121741	-0.00794056
1.469	-0.0473686	-0.0175309
1.47	-0.082734	-0.0271042
1.471	-0.118039	-0.0365106
1.472	-0.153463	-0.0456003
1.473	-0.188826	-0.0542371
1.474	-0.22398	-0.062176
1.475	-0.258821	-0.0692292
1.476	-0.292974	-0.0751897
1.477	-0.326192	-0.0798671
1.478	-0.358186	-0.0830843
1.479	-0.388428	-0.0848579
1.48	-0.41669	-0.0851827
1.481	-0.442645	-0.0841662
1.482	-0.466029	-0.0819762
1.483	-0.48666	-0.0789643
1.484	-0.504499	-0.075152
1.485	-0.519479	-0.0709231
1.486	-0.531525	-0.0664484
1.487	-0.540687	-0.0618549
1.488	-0.546933	-0.0572034
1.489	-0.550233	-0.0527716
1.49	-0.550577	-0.0484942
1.491	-0.547912	-0.0443737
1.492	-0.542128	-0.0405491
1.493	-0.53317	-0.0370302
1.494	-0.52092	-0.0337101
1.495	-0.50532	-0.0306692
1.496	-0.4863	-0.0279815
1.497	-0.463951	-0.025484
1.498	-0.437638	-0.0231956
1.499	-0.409326	-0.0212124
1.5	-0.377794	-0.0193887
1.501	-0.343647	-0.0176511
1.502	-0.307543	-0.0160514
1.503	-0.269814	-0.0145147
1.504	-0.230824	-0.0129788
1.505	-0.190993	-0.0114611
1.506	-0.150572	-0.00994817
1.507	-0.109731	-0.00841939
1.508	-0.0687845	-0.00689227
1.509	-0.0276399	-0.00538378
1.51	0.0134616	-0.00390754
1.511	0.0546535	-0.00248006
1.512	0.0957166	-0.0011175
1.513	0.136709	0.000163495
1.514	0.17741	0.00131322
1.515	0.2178	0.00237133
1.516	0.257506	0.00330038
1.517	0.296316	0.00407244
1.518	0.333875	0.004696
1.519	0.369883	0.00524617
1.52	0.403805	0.0056093
1.521	0.435354	0.00585416
1.522	0.464177	0.00605401
1.523	0.490049	0.00615257
1.524	0.512811	0.00610662
1.525	0.532393	0.00608436
1.526	0.548773	0.00601404
1.527	0.561983	0.00578676
1.528	0.572051	0.00556126
1.529	0.579108	0.00532614
1.53	0.583181	0.00495885
1.531	0.584301	0.00453008
1.532	0.582482	0.00413594
1.533	0.577699	0.00363429
1.534	0.569892	0.00308381
1.535	0.558985	0.00257383
1.536	0.544902	0.00207291
1.537	0.527551	0.00154722
1.538	0.5069	0.00112654
1.539	0.48306	0.000819399
1.54	0.455371	0.00051479
1.541	0.425832	0.0004086
1.542	0.393147	0.000377358
1.543	0.358021	0.000404301
1.544	0.320951	0.000454181
1.545	0.282381	0.000559607
1.546	0.242637	0.000626147
1.547	0.202086	0.000664004
1.548	0.161032	0.000661611
1.549	0.119628	0.000621497
1.55	0.0780991	0.000528332
1.551	0.03649	0.000406612
1.552	-0.00512078	0.000257019
1.553	-0.0467496	8.71096e-05
1.554	-0.088227	-8.16777e-05
1.555	-0.129616	-0.000240711
1.556	-0.170701	-0.00037959
1.557	-0.21137	-0.000475429
1.558	-0.251438	-0.000539516
1.559	-0.2906	-0.000533919
1.56	-0.328496	-0.000489473
1.561	-0.364785	-0.000381045
1.562	-0.399078	-0.000209235
1.563	-0.430951	-1.1367e-05
1.564	-0.460083	0.000227388
1.565	-0.486242	0.00049635
1.566	-0.509307	0.000785858
1.567	-0.529151	0.00103517
1.568	-0.545792	0.00131919
1.569	-0.55926	0.00158235
1.57	-0.569573	0.00180825
1.571	-0.576866	0.00202121
1.572	-0.581174	0.00224792
1.573	-0.582508	0.00239378
1.574	-0.58092	0.00256594
1.575	-0.576353	0.00268826
1.576	-0.568732	0.00279736
1.577	-0.558024	0.00283115
1.578	-0.544133	0.00286446
1.579	-0.526959	0.00279125
1.58	-0.506474	0.00264044
1.581	-0.482748	0.00244341
1.582	-0.455126	0.002153
1.583	-0.425707	0.00172484
1.584	-0.393023	0.00132572
1.585	-0.357901	0.000851813
1.586	-0.320794	0.000390069
1.587	-0.282159	-1.0589e-05
1.588	-0.242372	-0.000360275
1.589	-0.20169	-0.00066285
1.59	-0.160508	-0.000871485
1.591	-0.119071	-0.00100999
1.592	-0.0773581	-0.0010957
1.593	-0.0356137	-0.00111845
1.594	0.00613339	-0.00109379
1.595	0.0478419	-0.00102865
1.596	0.0894585	-0.000930508
1.597	0.130857	-0.000843687
1.598	0.172026	-0.000719667
1.599	0.21276	-0.000595692
1.6	0.252851	-0.000491797
1.601	0.29195	-0.000423511
1.602	0.32983	-0.000318705
1.603	0.366022	-0.000300399
1.604	0.400183	-0.000336147
1.605	0.431964	-0.000344218
1.606	0.460989	-0.000416301
1.607	0.486987	-0.000596825
1.608	0.509927	-0.000727757
1.609	0.529607	-0.000908755
1.61	0.546062	-0.00115347
1.611	0.559363	-0.00142472
1.612	0.569503	-0.00163675
1.613	0.576599	-0.0019514
1.614	0.580712	-0.00225888
1.615	0.581842	-0.00252489
1.616	0.580022	-0.00282749
1.617	0.575232	-0.00315884
1.618	0.567365	-0.00340748
1.619	0.556394	-0.00366535
1.62	0.542257	-0.00390373
1.621	0.524785	-0.00404247
1.622	0.504031	-0.004105
1.623	0.480078	-0.00408825
1.624	0.452225	-0.00397823
1.625	0.422646	-0.003688
1.626	0.389805	-0.00336409
1.627	0.354635	-0.00294569
1.628	0.3175	-0.0024774
1.629	0.278869	-0.0020255
1.63	0.239202	-0.00158845
1.631	0.198727	-0.00117971
1.632	0.157753	-0.000840986
1.633	0.116488	-0.000571399
1.634	0.0750523	-0.000344136
1.635	0.0336526	-0.000173573
1.636	-0.00780952	-4.86354e-05
1.637	-0.0491349	4.64254e-05
1.638	-0.0903994	0.00012405
1.639	-0.131495	0.000196606
1.64	-0.17237	0.000271854
1.641	-0.212871	0.000358057
1.642	-0.252684	0.00046481
1.643	-0.291601	0.000596664
1.644	-0.329338	0.000745016
1.645	-0.36546	0.00090776
1.646	-0.399606	0.00108442
1.647	-0.431464	0.00127209
1.648	-0.4606	0.00142734
1.649	-0.486807	0.00159835
1.65	-0.50994	0.00174432
1.651	-0.529841	0.00188231
1.652	-0.546575	0.00200566
1.653	-0.56016	0.00215062
1.654	-0.570565	0.00228362
1.655	-0.577946	0.00240867
1.656	-0.582315	0.00259115
1.657	-0.583683	0.00275512
1.658	-0.582097	0.00291505
1.659	-0.577525	0.00311182
1.66	-0.569886	0.00330456
1.661	-0.55913	0.00343808
1.662	-0.545194	0.00355792
1.663	-0.527974	0.00363815
1.664	-0.507433	0.00359259
1.665	-0.483708	0.00345498
1.666	-0.456093	0.00323286
1.667	-0.426709	0.0028241
1.668	-0.394076	0.00230256
1.669	-0.359036	0.00171758
1.67	-0.32211	0.00103465
1.671	-0.283709	0.000318088
1.672	-0.244153	-0.00041378
1.673	-0.203814	-0.00113144
1.674	-0.16299	-0.00185005
1.675	-0.121916	-0.00254128
1.676	-0.080769	-0.00322511
1.677	-0.0395662	-0.00390315
1.678	0.00157812	-0.00459842
1.679	0.0426215	-0.00532097
1.68	0.0835438	-0.006089
1.681	0.124238	-0.00691658
1.682	0.164574	-0.00784734
1.683	0.204417	-0.00887046
1.684	0.243605	-0.0100071
1.685	0.281668	-0.0112952
1.686	0.318524	-0.0127295
1.687	0.353575	-0.0143017
1.688	0.38654	-0.0160019
1.689	0.41698	-0.0179246
1.69	0.444627	-0.0199714
1.691	0.469136	-0.0221744
1.692	0.490473	-0.0246244
1.693	0.508462	-0.0272905
1.694	0.523145	-0.0301412
1.695	0.534582	-0.033284
1.696	0.542778	-0.0367472
1.697	0.547846	-0.0404316
1.698	0.549844	-0.044374
1.699	0.548831	-0.0486262
1.7	0.544869	-0.0530176
1.701	0.537938	-0.0575086
1.702	0.528064	-0.0620404
1.703	0.51525	-0.0664304
1.704	0.499499	-0.0704552
1.705	0.480854	-0.073962
1.706	0.459387	-0.0767443
1.707	0.43522	-0.0784774
1.708	0.407817	-0.0790581
1.709	0.379375	-0.0782527
1.71	0.348459	-0.0760427
1.711	0.315914	-0.072391
1.712	0.282239	-0.067421
1.713	0.247644	-0.0613055
1.714	0.212536	-0.0541964
1.715	0.177176	-0.0463184
1.716	0.141708	-0.0379211
1.717	0.106233	-0.0291185
1.718	0.0708543	-0.0200806
1.719	0.0355167	-0.0109694
1.72	0.000314648	-0.0018873
1.721	-0.0348397	0.00705607
1.722	-0.0698889	0.0157759
1.723	-0.104893	0.024149
1.724	-0.139835	0.0319665
1.725	-0.174621	0.0391444
1.726	-0.209088	0.0455085
1.727	-0.243063	0.0507984
1.728	-0.27623	0.0548562
1.729	-0.308386	0.0575481
1.73	-0.339164	0.0586985
1.731	-0.368175	0.05825
1.732	-0.395019	0.0562851
1.733	-0.41954	0.0529078
1.734	-0.441425	0.0481599
1.735	-0.460471	0.0423634
1.736	-0.476631	0.0357236
1.737	-0.489812	0.0283382
1.738	-0.49998	0.0204388
1.739	-0.507208	0.0123077
1.74	-0.511462	0.00389271
1.741	-0.512715	-0.00460298
1.742	-0.511001	-0.0129853
1.743	-0.506308	-0.0211839
1.744	-0.498577	-0.0291954
1.745	-0.48782	-0.0366933
1.746	-0.474024	-0.0435535
1.747	-0.45717	-0.0497571
1.748	-0.437332	-0.0549402
1.749	-0.414688	-0.058922
1.75	-0.388692	-0.0615557
1.751	-0.361442	-0.0627847
1.752	-0.331617	-0.06234
1.753	-0.299956	-0.0603147
1.754	-0.267081	-0.0567956
1.755	-0.233108	-0.0518531
1.756	-0.198472	-0.0456483
1.757	-0.163479	-0.0384747
1.758	-0.128234	-0.0304554
1.759	-0.0928445	-0.0217831
1.76	-0.0574826	-0.0126544
1.761	-0.0220815	-0.00317286
1.762	0.0133488	0.00648643
1.763	0.048791	0.0162303
1.764	0.084287	0.0259181
1.765	0.119772	0.0354186
1.766	0.155294	0.0445625
1.767	0.190729	0.0531936
1.768	0.225907	0.0610791
1.769	0.260712	0.0680234
1.77	0.294883	0.0738486
1.771	0.328001	0.0783588
1.772	0.359816	0.0814023
1.773	0.389889	0.0829996
1.774	0.417957	0.0832124
1.775	0.443744	0.0820785
1.776	0.466952	0.0798496
1.777	0.487454	0.0767678
1.778	0.505137	0.0729877
1.779	0.52	0.0687265
1.78	0.531959	0.0642301
1.781	0.541049	0.059594
1.782	0.547217	0.0549111
1.783	0.550451	0.0503254
1.784	0.550735	0.0458992
1.785	0.548009	0.041623
1.786	0.542153	0.0375933
1.787	0.533102	0.0338123
1.788	0.520774	0.0303117
1.789	0.505055	0.0270861
1.79	0.485919	0.0241655
1.791	0.463486	0.0215605
1.792	0.437053	0.0192198
1.793	0.408671	0.0171884
1.794	0.377029	0.0154329
1.795	0.342792	0.0138658
1.796	0.306568	0.0124831
1.797	0.268744	0.0112589
1.798	0.229731	0.0101546
1.799	0.189759	0.00911581
1.8	0.149313	0.00816393
1.801	0.108447	0.00727512
1.802	0.0673619	0.00641701
1.803	0.0261464	0.00560334
1.804	-0.015008	0.00483779
1.805	-0.0562264	0.00409601
1.806	-0.0973888	0.00339737
1.807	-0.138356	0.00272685
1.808	-0.179079	0.00208438
1.809	-0.219421	0.00150088
1.81	-0.259069	0.00096035
1.811	-0.297825	0.000429036
1.812	-0.335397	-1.21638e-05
1.813	-0.371245	-0.00039101
1.814	-0.405072	-0.000749244
1.815	-0.436531	-0.001038
1.816	-0.465294	-0.0012222
1.817	-0.491099	-0.00140119
1.818	-0.513797	-0.00152087
1.819	-0.533272	-0.00154082
1.82	-0.549615	-0.00153818
1.821	-0.562794	-0.00149299
1.822	-0.572846	-0.00138421
1.823	-0.579904	-0.00119657
1.824	-0.583991	-0.000992648
1.825	-0.585108	-0.000733492
1.826	-0.5833	-0.000391029
1.827	-0.578523	-1.15293e-05
1.828	-0.570704	0.000392374
1.829	-0.559786	0.000858262
1.83	-0.545691	0.00135472
1.831	-0.528279	0.00180507
1.832	-0.507588	0.00225461
1.833	-0.483648	0.00264485
1.834	-0.455786	0.00298396
1.835	-0.426163	0.00313051
1.836	-0.393262	0.00325015
1.837	-0.357946	0.00323894
1.838	-0.320709	0.00313777
1.839	-0.281878	0.00298413
1.84	-0.241951	0.00281397
1.841	-0.201144	0.00259004
1.842	-0.159911	0.00238656
1.843	-0.118296	0.00219256
1.844	-0.0765028	0.00201344
1.845	-0.0346419	0.00185449
1.846	0.00723179	0.00171559
1.847	0.049029	0.00159776
1.848	0.0907375	0.00149443
1.849	0.132297	0.00139174
1.85	0.173584	0.00127937
1.851	0.214405	0.00117474
1.852	0.254619	0.0010576
1.853	0.293879	0.000886085
1.854	0.331956	0.000738226
1.855	0.368333	0.000567207
1.856	0.402632	0.00033278
1.857	0.43456	0.000119461
1.858	0.463729	-5.37988e-05
1.859	0.489915	-0.000311127
1.86	0.512978	-0.000524981
1.861	0.532779	-0.000703517
1.862	0.549403	-0.000928102
1.863	0.562785	-0.00120855
1.864	0.573028	-0.00141408
1.865	0.580186	-0.0016953
1.866	0.584337	-0.00204505
1.867	0.585473	-0.00239026
1.868	0.583632	-0.00272067
1.869	0.578798	-0.00317107
1.87	0.570859	-0.00360291
1.871	0.559786	-0.00398226
1.872	0.54552	-0.00438974
1.873	0.527925	-0.00479023
1.874	0.507003	-0.00504606
1.875	0.482842	-0.0052195
1.876	0.454801	-0.00534179
1.877	0.424961	-0.00527527
1.878	0.391964	-0.00506431
1.879	0.356516	-0.00480606
1.88	0.319075	-0.00446302
1.881	0.280219	-0.00405357
1.882	0.240206	-0.00362149
1.883	0.199401	-0.00322268
1.884	0.158089	-0.00281782
1.885	0.116577	-0.00245612
1.886	0.0748665	-0.00213146
1.887	0.033116	-0.0018558
1.888	-0.00861844	-0.00162465
1.889	-0.0503344	-0.00144744
1.89	-0.0918807	-0.00131609
1.891	-0.133224	-0.00123441
1.892	-0.174297	-0.00120958
1.893	-0.214972	-0.00122708
1.894	-0.254929	-0.00128825
1.895	-0.293997	-0.00142283
1.896	-0.331816	-0.00158704
1.897	-0.367906	-0.00175592
1.898	-0.402055	-0.00202391
1.899	-0.433693	-0.00228113
1.9	-0.46273	-0.00254327
1.901	-0.488735	-0.00283179
1.902	-0.511658	-0.00316671
1.903	-0.531334	-0.00340784
1.904	-0.547849	-0.00365077
1.905	-0.561172	-0.00389121
1.906	-0.571377	-0.00404629
1.907	-0.578556	-0.00408643
1.908	-0.582752	-0.00415804
1.909	-0.583968	-0.00408016
1.91	-0.582272	-0.00391171
1.911	-0.577589	-0.00368767
1.912	-0.569853	-0.00341356
1.913	-0.559032	-0.00299167
1.914	-0.544993	-0.00257443
1.915	-0.527661	-0.00214088
1.916	-0.507062	-0.00166606
1.917	-0.483183	-0.00121156
1.918	-0.455378	-0.000828765
1.919	-0.425737	-0.000485265
1.92	-0.392948	-0.000193613
1.921	-0.357603	2.90622e-05
1.922	-0.320309	0.000260659
1.923	-0.281515	0.000492272
1.924	-0.241568	0.000726257
1.925	-0.200741	0.000999811
1.926	-0.159405	0.00132942
1.927	-0.117697	0.00169718
1.928	-0.0759184	0.00209702
1.929	-0.03398	0.00253912
1.93	0.00794271	0.00299659
1.931	0.0497141	0.00346853
1.932	0.0914912	0.00393373
1.933	0.133007	0.00435799
1.934	0.174299	0.00476065
1.935	0.215153	0.0051163
1.936	0.255328	0.00537477
1.937	0.294568	0.0055658
1.938	0.332554	0.00569066
1.939	0.368863	0.00569779
1.94	0.403096	0.00560517
1.941	0.43496	0.0054556
1.942	0.46403	0.00525949
1.943	0.490143	0.00491928
1.944	0.513169	0.00461179
1.945	0.532963	0.00426025
1.946	0.549575	0.00382586
1.947	0.562975	0.00335738
1.948	0.57327	0.00291176
1.949	0.580521	0.00234704
1.95	0.584797	0.00176207
1.951	0.586101	0.00113046
1.952	0.584477	0.000506576
1.953	0.579898	-0.000264346
1.954	0.572269	-0.000960586
1.955	0.561553	-0.00166532
1.956	0.547617	-0.00238843
1.957	0.530453	-0.00305824
1.958	0.509946	-0.00357229
1.959	0.486239	-0.00400844
1.96	0.458656	-0.00433119
1.961	0.429242	-0.0043996
1.962	0.396654	-0.00431082
1.963	0.361605	-0.00410396
1.964	0.324669	-0.00373281
1.965	0.286193	-0.00324268
1.966	0.246499	-0.0027017
1.967	0.206154	-0.00208477
1.968	0.165231	-0.00142394
1.969	0.12396	-0.000735188
1.97	0.0826894	8.44214e-07
1.971	0.0412905	0.000764034
1.972	-4.35967e-05	0.00156421
1.973	-0.0412742	0.00241039
1.974	-0.0824062	0.00329889
1.975	-0.12327	0.00424247
1.976	-0.16388	0.0052557
1.977	-0.204021	0.00634594
1.978	-0.243448	0.007503
1.979	-0.281912	0.00880074
1.98	-0.319025	0.0102138
1.981	-0.354413	0.0117635
1.982	-0.387689	0.0134896
1.983	-0.418506	0.0154352
1.984	-0.446441	0.0175539
1.985	-0.471272	0.0199162
1.986	-0.492869	0.0225362
1.987	-0.511107	0.0254387
1.988	-0.525982	0.0285726
1.989	-0.537579	0.0320816
1.99	-0.54592	0.0358886
1.991	-0.551105	0.03999
1.992	-0.553215	0.0444122
1.993	-0.552308	0.0491393
1.994	-0.548434	0.0540716
1.995	-0.541597	0.0591064
1.996	-0.531807	0.064252
1.997	-0.519081	0.0692269
1.998	-0.503361	0.0738691
1.999	-0.484745	0.0780256
2	-0.463248	0.08139
2.001	-0.439085	0.0837021
2.002	-0.411569	0.0847886
2.003	-0.383037	0.0844353
2.004	-0.351996	0.0825259
2.005	-0.319339	0.0791153
2.006	-0.285394	0.0742758
2.007	-0.250678	0.0681794
2.008	-0.215337	0.0609871
2.009	-0.179769	0.0529919
2.01	-0.144063	0.0443773
2.011	-0.108328	0.0353301
2.012	-0.0727183	0.0260211
2.013	-0.0372581	0.0166446
2.014	-0.00182927	0.00724612
2.015	0.0335212	-0.00202026
2.016	0.0688426	-0.0110427
2.017	0.10397	-0.019722
2.018	0.139101	-0.0278663
2.019	0.174046	-0.0353949
2.02	0.208704	-0.0421013
2.021	0.24282	-0.0477667
2.022	0.276265	-0.0522677
2.023	0.308522	-0.055402
2.024	0.339462	-0.0570087
2.025	0.368582	-0.0571099
2.026	0.39556	-0.0556806
2.027	0.420082	-0.0527564
2.028	0.442024	-0.0485384
2.029	0.46109	-0.0432549
2.03	0.477273	-0.0369867
2.031	0.490451	-0.0299995
2.032	0.500623	-0.0225348
2.033	0.507832	-0.0146687
2.034	0.512063	-0.006532
2.035	0.5133	0.00161231
2.036	0.51158	0.00972842
2.037	0.506868	0.0177671
2.038	0.499133	0.0254824
2.039	0.488388	0.0327567
2.04	0.474596	0.0395256
2.041	0.457802	0.0455593
2.042	0.437974	0.050627
2.043	0.415431	0.0546349
2.044	0.389499	0.0573552
2.045	0.362325	0.0586693
2.046	0.332576	0.0584445
2.047	0.301038	0.0567151
2.048	0.268231	0.0534867
2.049	0.234363	0.0488506
2.05	0.199881	0.0430158
2.051	0.164942	0.0361554
2.052	0.129744	0.0284089
2.053	0.094462	0.0200078
2.054	0.0590982	0.0110888
2.055	0.0238203	0.00181606
2.056	-0.0115431	-0.00769828
2.057	-0.0469592	-0.0173131
2.058	-0.082385	-0.0269041
2.059	-0.117816	-0.0363149
2.06	-0.153281	-0.045392
2.061	-0.188675	-0.0539416
2.062	-0.223875	-0.0618008
2.063	-0.258663	-0.0686766
2.064	-0.29286	-0.0744656
2.065	-0.326008	-0.0788826
2.066	-0.357893	-0.081874
2.067	-0.38805	-0.08341
2.068	-0.416258	-0.0835227
2.069	-0.442143	-0.0822704
2.07	-0.465501	-0.079979
2.071	-0.48609	-0.0767948
2.072	-0.50392	-0.07291
2.073	-0.518888	-0.0685929
2.074	-0.530949	-0.0640846
2.075	-0.540141	-0.0593982
2.076	-0.546432	-0.0547447
2.077	-0.549784	-0.0502635
2.078	-0.550194	-0.0459343
2.079	-0.547597	-0.0418197
2.08	-0.541894	-0.0379946
2.081	-0.533021	-0.0344737
2.082	-0.520843	-0.0312127
2.083	-0.505317	-0.0282684
2.084	-0.486378	-0.0256644
2.085	-0.464106	-0.0233217
2.086	-0.437788	-0.0212099
2.087	-0.409667	-0.0194283
2.088	-0.37818	-0.0177989
2.089	-0.344149	-0.0162832
2.09	-0.308042	-0.0148953
2.091	-0.270306	-0.0135433
2.092	-0.231346	-0.0122019
2.093	-0.191476	-0.0108593
2.094	-0.151003	-0.00951605
2.095	-0.110108	-0.00814346
2.096	-0.0690268	-0.00676351
2.097	-0.0278255	-0.00539201
2.098	0.0134316	-0.00403296
2.099	0.054666	-0.00270268
2.1	0.0958983	-0.00140552
2.101	0.136943	-0.000175302
2.102	0.177811	0.000974072
2.103	0.218211	0.00203953
2.104	0.258007	0.00299498
2.105	0.296913	0.00381013
2.106	0.334533	0.00448703
2.107	0.370523	0.00500951
2.108	0.404481	0.005372
2.109	0.436108	0.00554765
2.11	0.46498	0.00559112
2.111	0.490859	0.00549199
2.112	0.513641	0.00524849
2.113	0.533238	0.00492035
2.114	0.549607	0.00451401
2.115	0.562793	0.00403608
2.116	0.572854	0.0035051
2.117	0.579885	0.00293593
2.118	0.583911	0.00234439
2.119	0.584959	0.00169419
2.12	0.583069	0.00105394
2.121	0.578192	0.000382516
2.122	0.570248	-0.000290016
2.123	0.559214	-0.000962067
2.124	0.544992	-0.00157523
2.125	0.527496	-0.00216822
2.126	0.50665	-0.00265399
2.127	0.482674	-0.00303454
2.128	0.454728	-0.00330658
2.129	0.42508	-0.0034091
2.13	0.392167	-0.00336784
2.131	0.356923	-0.00322777
2.132	0.319648	-0.0029872
2.133	0.280884	-0.00269845
2.134	0.241049	-0.00236527
2.135	0.200377	-0.00204601
2.136	0.159249	-0.00173066
2.137	0.117806	-0.00145421
2.138	0.0761839	-0.00120006
2.139	0.0345267	-0.000978224
2.14	-0.00708509	-0.000780557
2.141	-0.0485905	-0.000598412
2.142	-0.0901617	-0.000436418
2.143	-0.131396	-0.000258555
2.144	-0.172447	-8.391e-05
2.145	-0.21307	0.000100031
2.146	-0.253014	0.000284266
2.147	-0.292068	0.000503662
2.148	-0.329872	0.000704769
2.149	-0.366	0.000909362
2.15	-0.400142	0.00110752
2.151	-0.43197	0.00128603
2.152	-0.460983	0.00138261
2.153	-0.487076	0.00150803
2.154	-0.510042	0.00157376
2.155	-0.529805	0.00157949
2.156	-0.546357	0.0015946
2.157	-0.559755	0.00165013
2.158	-0.570006	0.00161598
2.159	-0.577248	0.00166132
2.16	-0.58152	0.00177538
2.161	-0.582829	0.00184282
2.162	-0.581206	0.00195701
2.163	-0.576631	0.00217692
2.164	-0.56901	0.00232594
2.165	-0.558317	0.00250281
2.166	-0.544407	0.00268495
2.167	-0.527247	0.00285731
2.168	-0.50675	0.00286939
2.169	-0.483003	0.0028825
2.17	-0.455344	0.00285626
2.171	-0.425825	0.00260423
2.172	-0.393047	0.0023267
2.173	-0.357822	0.00208028
2.174	-0.32067	0.00174368
2.175	-0.281895	0.00145268
2.176	-0.241918	0.00127466
2.177	-0.201112	0.00115614
2.178	-0.159788	0.00112319
2.179	-0.118154	0.00119655
2.18	-0.0763459	0.00135972
2.181	-0.0345261	0.0015789
2.182	0.0073725	0.00185824
2.183	0.0492263	0.00216477
2.184	0.0908931	0.00248556
2.185	0.132417	0.00280379
2.186	0.173677	0.00306752
2.187	0.214452	0.00330216
2.188	0.254566	0.00350689
2.189	0.293704	0.0035955
2.19	0.331538	0.00361286
2.191	0.367723	0.00360654
2.192	0.401901	0.00350637
2.193	0.433643	0.00328616
2.194	0.462601	0.00310485
2.195	0.488633	0.00285501
2.196	0.511519	0.00252514
2.197	0.531228	0.00220299
2.198	0.547701	0.00190521
2.199	0.561042	0.00153754
2.2	0.571228	0.00114034
2.201	0.57837	0.000805908
2.202	0.582522	0.000437111
2.203	0.583677	7.61046e-06
2.204	0.581882	-0.000342973
2.205	0.577092	-0.000678642
2.206	0.569233	-0.00105199
2.207	0.558287	-0.00136655
2.208	0.544104	-0.00155738
2.209	0.526596	-0.00175712
2.21	0.50582	-0.00185486
2.211	0.48182	-0.00178234
2.212	0.45392	-0.00165344
2.213	0.424248	-0.00140834
2.214	0.391424	-0.00103037
2.215	0.356095	-0.000628617
2.216	0.318856	-0.000236347
2.217	0.280097	0.000137241
2.218	0.24025	0.000461701
2.219	0.199568	0.000683317
2.22	0.158419	0.000792846
2.221	0.116914	0.000812702
2.222	0.0753029	0.000727405
2.223	0.0335554	0.00054561
2.224	-0.00815728	0.000294054
2.225	-0.0497823	-2.59089e-05
2.226	-0.0913739	-0.000374013
2.227	-0.132755	-0.000745
2.228	-0.173832	-0.00112321
2.229	-0.214564	-0.0014778
2.23	-0.254701	-0.00178013
2.231	-0.293817	-0.00204869
2.232	-0.331748	-0.00225493
2.233	-0.368086	-0.00236085
2.234	-0.402355	-0.00240685
2.235	-0.434273	-0.00242401
2.236	-0.463508	-0.0023411
2.237	-0.489704	-0.00221389
2.238	-0.512811	-0.00212111
2.239	-0.532694	-0.00197671
2.24	-0.549361	-0.00178974
2.241	-0.562817	-0.00164719
2.242	-0.573135	-0.00148446
2.243	-0.580387	-0.00125417
2.244	-0.584634	-0.00102618
2.245	-0.585878	-0.000779303
2.246	-0.584168	-0.000475647
2.247	-0.579484	-9.18515e-05
2.248	-0.571726	0.000251337
2.249	-0.560871	0.000660331
2.25	-0.546829	0.00110982
2.251	-0.529508	0.00151511
2.252	-0.508853	0.00184811
2.253	-0.485032	0.00218646
2.254	-0.457304	0.00242925
2.255	-0.427864	0.0024665
2.256	-0.395259	0.00244042
2.257	-0.360249	0.00231739
2.258	-0.323278	0.00206005
2.259	-0.284863	0.00171531
2.26	-0.245374	0.00136699
2.261	-0.205172	0.000937489
2.262	-0.164404	0.000500003
2.263	-0.123429	5.55791e-05
2.264	-0.0824067	-0.000407728
2.265	-0.0412585	-0.00089442
2.266	-0.000204057	-0.00140461
2.267	0.0407428	-0.00196319
2.268	0.0815856	-0.00257174
2.269	0.122251	-0.00327154
2.27	0.162545	-0.00409206
2.271	0.202361	-0.00504117
2.272	0.241533	-0.00612938
2.273	0.279702	-0.00747075
2.274	0.316612	-0.00900608
2.275	0.351721	-0.0107707
2.276	0.384839	-0.0127866
2.277	0.415442	-0.0151166
2.278	0.443211	-0.0176086
2.279	0.467899	-0.0203576
2.28	0.489388	-0.0234069
2.281	0.50753	-0.0266306
2.282	0.522379	-0.0300435
2.283	0.533958	-0.0338139
2.284	0.542306	-0.0377822
2.285	0.547532	-0.0419533
2.286	0.54971	-0.0464276
2.287	0.548881	-0.0511928
2.288	0.545107	-0.0559855
2.289	0.538395	-0.060968
2.29	0.528745	-0.0660212
2.291	0.516202	-0.0708278
2.292	0.500688	-0.0753179
2.293	0.482324	-0.0793438
2.294	0.461087	-0.0825187
2.295	0.437185	-0.0846243
2.296	0.410014	-0.0855524
2.297	0.381793	-0.0849876
2.298	0.35108	-0.0828751
2.299	0.318662	-0.0792771
2.3	0.28505	-0.0742799
2.301	0.25063	-0.0680126
2.302	0.215555	-0.0607229
2.303	0.180263	-0.0526397
2.304	0.144808	-0.043961
2.305	0.109377	-0.0348992
2.306	0.0739591	-0.0255991
2.307	0.0386741	-0.0162231
2.308	0.00350583	-0.00684841
2.309	-0.031678	0.00238094
2.31	-0.0667395	0.0113922
2.311	-0.101787	0.0200385
2.312	-0.136737	0.0281849
2.313	-0.17157	0.0357095
2.314	-0.206053	0.0423855
2.315	-0.240127	0.0480178
2.316	-0.273404	0.0524399
2.317	-0.305612	0.0554872
2.318	-0.336441	0.056964
2.319	-0.365493	0.0568502
2.32	-0.392436	0.055214
2.321	-0.416987	0.0520832
2.322	-0.438918	0.0476163
2.323	-0.457996	0.0420672
2.324	-0.474191	0.0356511
2.325	-0.487414	0.028481
2.326	-0.497642	0.0208096
2.327	-0.504909	0.0128805
2.328	-0.509212	0.00467569
2.329	-0.510533	-0.00360964
2.33	-0.508911	-0.0117665
2.331	-0.504305	-0.019802
2.332	-0.496702	-0.0276152
2.333	-0.486085	-0.0349173
2.334	-0.472442	-0.041645
2.335	-0.455742	-0.0476527
2.336	-0.436111	-0.0526976
2.337	-0.413633	-0.0565151
2.338	-0.387777	-0.0590474
2.339	-0.360731	-0.0601569
2.34	-0.33106	-0.0596297
2.341	-0.299565	-0.0575448
2.342	-0.266765	-0.0540108
2.343	-0.232943	-0.0490395
2.344	-0.198454	-0.0428505
2.345	-0.163553	-0.0357017
2.346	-0.128446	-0.027701
2.347	-0.0931816	-0.0190349
2.348	-0.0579398	-0.00991489
2.349	-0.0227114	-0.000458161
2.35	0.0125546	0.00923184
2.351	0.0478822	0.0190133
2.352	0.0831565	0.0287549
2.353	0.118445	0.0383169
2.354	0.153795	0.0475428
2.355	0.189043	0.0563096
2.356	0.224036	0.0643209
2.357	0.258595	0.0713827
2.358	0.292528	0.0773527
2.359	0.325471	0.0820108
2.36	0.357121	0.0851414
2.361	0.387087	0.0868502
2.362	0.415071	0.0871167
2.363	0.440707	0.0860207
2.364	0.463863	0.0837732
2.365	0.48429	0.0806796
2.366	0.501963	0.0768633
2.367	0.516831	0.0725047
2.368	0.5288	0.0679307
2.369	0.537926	0.063235
2.37	0.544178	0.0583874
2.371	0.547511	0.0536814
2.372	0.54792	0.0491242
2.373	0.545338	0.0446636
2.374	0.539678	0.0403636
2.375	0.530837	0.0363636
2.376	0.518721	0.0325698
2.377	0.503248	0.0289492
2.378	0.484401	0.0256752
2.379	0.46223	0.0227209
2.38	0.435988	0.0199347
2.381	0.407912	0.0175255
2.382	0.376496	0.0154301
2.383	0.342572	0.0135175
2.384	0.30654	0.0117904
2.385	0.268941	0.0102818
2.386	0.230064	0.00887881
2.387	0.190368	0.00750345
2.388	0.150041	0.00623313
2.389	0.109274	0.00498512
2.39	0.068309	0.003747
2.391	0.0272924	0.00255747
2.392	-0.0138065	0.00140526
2.393	-0.0549425	0.000298346
2.394	-0.0959774	-0.000733591
2.395	-0.136912	-0.00169882
2.396	-0.177618	-0.00256203
2.397	-0.217955	-0.00326561
2.398	-0.257619	-0.00389535
2.399	-0.296407	-0.00438244
2.4	-0.333942	-0.0046654
2.401	-0.369882	-0.00486316
2.402	-0.403775	-0.00498971
2.403	-0.435316	-0.00493591
2.404	-0.464128	-0.00480699
2.405	-0.490016	-0.00473633
2.406	-0.512795	-0.00457724
2.407	-0.532351	-0.00432275
2.408	-0.548743	-0.00420714
2.409	-0.561964	-0.00407295
2.41	-0.572096	-0.00379386
2.411	-0.579199	-0.00362636
2.412	-0.5833	-0.00347688
2.413	-0.584449	-0.00318392
2.414	-0.582682	-0.00288262
2.415	-0.577915	-0.00269199
2.416	-0.570096	-0.00237358
2.417	-0.55919	-0.00202846
2.418	-0.545071	-0.00180883
2.419	-0.527669	-0.00161894
2.42	-0.506993	-0.00139229
2.421	-0.483041	-0.00133756
2.422	-0.455152	-0.00137584
2.423	-0.425566	-0.00145446
2.424	-0.392736	-0.00161171
2.425	-0.357413	-0.00186402
2.426	-0.320196	-0.00205593
2.427	-0.281425	-0.00220514
2.428	-0.241452	-0.00234642
2.429	-0.200706	-0.00240106
2.43	-0.159504	-0.00235186
2.431	-0.117974	-0.00224202
2.432	-0.076367	-0.00207734
2.433	-0.0346413	-0.00182043
2.434	0.00703993	-0.00152198
2.435	0.0487481	-0.00116122
2.436	0.0902394	-0.000768347
2.437	0.131626	-0.000363384
2.438	0.172682	9.71193e-05
2.439	0.213287	0.000567759
2.44	0.253197	0.0009901
2.441	0.292187	0.00142543
2.442	0.329933	0.00187366
2.443	0.366018	0.00221044
2.444	0.400052	0.00246889
2.445	0.431737	0.00276026
2.446	0.460624	0.002899
2.447	0.486528	0.00290121
2.448	0.509349	0.00293805
2.449	0.528938	0.00286921
2.45	0.54538	0.00267124
2.451	0.55865	0.00245735
2.452	0.568774	0.00224983
2.453	0.575889	0.00190386
2.454	0.580034	0.0015009
2.455	0.581219	0.00114256
2.456	0.579478	0.000711766
2.457	0.574784	0.000142213
2.458	0.567058	-0.000336273
2.459	0.556255	-0.000866186
2.46	0.542257	-0.00146342
2.461	0.525022	-0.00204546
2.462	0.50445	-0.00250583
2.463	0.480711	-0.00300672
2.464	0.453032	-0.00345634
2.465	0.423654	-0.00370165
2.466	0.391021	-0.00388353
2.467	0.35593	-0.00403618
2.468	0.3189	-0.00403362
2.469	0.280345	-0.00398703
2.47	0.240562	-0.00394603
2.471	0.199985	-0.00386632
2.472	0.158946	-0.00378385
2.473	0.117462	-0.00373919
2.474	0.0758564	-0.00371445
2.475	0.0341757	-0.00369895
2.476	-0.00752519	-0.00371297
2.477	-0.0491374	-0.00373024
2.478	-0.0907037	-0.00375603
2.479	-0.132099	-0.00378419
2.48	-0.173203	-0.00376848
2.481	-0.21393	-0.00373781
2.482	-0.253958	-0.00367825
2.483	-0.293054	-0.00355222
2.484	-0.330936	-0.00334612
2.485	-0.367173	-0.00312784
2.486	-0.401411	-0.00282998
2.487	-0.433199	-0.00245354
2.488	-0.462257	-0.00207451
2.489	-0.48837	-0.00169292
2.49	-0.51135	-0.00124705
2.491	-0.531091	-0.000794959
2.492	-0.54762	-0.000393378
2.493	-0.560963	5.99826e-05
2.494	-0.571179	0.000594724
2.495	-0.578344	0.00102923
2.496	-0.582498	0.00154413
2.497	-0.583681	0.00213611
2.498	-0.581919	0.00269372
2.499	-0.577148	0.00320839
2.5	-0.56933	0.00382238
2.501	-0.558401	0.00438122
2.502	-0.544239	0.00480621
2.503	-0.526818	0.00519875
2.504	-0.506032	0.00554158
2.505	-0.482044	0.00561042
2.506	-0.454117	0.00557632
2.507	-0.424466	0.00540364
2.508	-0.391605	0.0050189
2.509	-0.356242	0.00448913
2.51	-0.318972	0.0039613
2.511	-0.280193	0.00337178
2.512	-0.240278	0.00273835
2.513	-0.199487	0.00220031
2.514	-0.158207	0.00174137
2.515	-0.116611	0.00132082
2.516	-0.0749313	0.000999312
2.517	-0.0330944	0.000790726
2.518	0.00869676	0.000649662
2.519	0.0503724	0.00060531
2.52	0.0920432	0.000636273
2.521	0.13349	0.000729872
2.522	0.174683	0.000926967
2.523	0.2154	0.00114312
2.524	0.255447	0.00138194
2.525	0.294523	0.00172189
2.526	0.332293	0.00202959
2.527	0.368421	0.00226703
2.528	0.40252	0.00258599
2.529	0.434171	0.00284423
2.53	0.463046	0.00295163
2.531	0.488989	0.00308137
2.532	0.511804	0.00319611
2.533	0.531433	0.00316887
2.534	0.547861	0.0030554
2.535	0.561096	0.00304276
2.536	0.571203	0.00287925
2.537	0.578309	0.00260887
2.538	0.582436	0.00242875
2.539	0.583601	0.00217768
2.54	0.581859	0.00175811
2.541	0.577168	0.00143093
2.542	0.569465	0.00106153
2.543	0.558699	0.000571811
2.544	0.544784	0.00010614
2.545	0.527624	-0.000291309
2.546	0.507254	-0.000750134
2.547	0.48374	-0.00115906
2.548	0.456316	-0.00145166
2.549	0.427256	-0.0016463
2.55	0.394961	-0.00179922
2.551	0.360253	-0.001799
2.552	0.323689	-0.00171918
2.553	0.285621	-0.00157094
2.554	0.246335	-0.00136754
2.555	0.206357	-0.00107815
2.556	0.165811	-0.000770505
2.557	0.124951	-0.000423543
2.558	0.0839979	-2.84339e-05
2.559	0.0429786	0.000393402
2.56	0.00192843	0.000851693
2.561	-0.0389789	0.00136111
2.562	-0.0796856	0.00192451
2.563	-0.120276	0.00256179
2.564	-0.16053	0.00329306
2.565	-0.200327	0.00410643
2.566	-0.23944	0.00506527
2.567	-0.277599	0.00619834
2.568	-0.314421	0.00747081
2.569	-0.349563	0.00892888
2.57	-0.382608	0.0106382
2.571	-0.413112	0.0125527
2.572	-0.440901	0.0146563
2.573	-0.465609	0.0170325
2.574	-0.487101	0.0197051
2.575	-0.505288	0.0225265
2.576	-0.520159	0.0256676
2.577	-0.531769	0.0291535
2.578	-0.540162	0.0328399
2.579	-0.545451	0.0367998
2.58	-0.547685	0.0411574
2.581	-0.546929	0.0456978
2.582	-0.543242	0.0503883
2.583	-0.536623	0.0553078
2.584	-0.527099	0.0602688
2.585	-0.514639	0.0650035
2.586	-0.499228	0.0695165
2.587	-0.480973	0.0735839
2.588	-0.459821	0.0768028
2.589	-0.435986	0.0790726
2.59	-0.408853	0.0802314
2.591	-0.380766	0.0798916
2.592	-0.350121	0.0780918
2.593	-0.317798	0.074884
2.594	-0.284295	0.0702533
2.595	-0.249873	0.0643696
2.596	-0.214834	0.0574782
2.597	-0.179607	0.0497798
2.598	-0.144139	0.0414636
2.599	-0.108718	0.0327282
2.6	-0.0733437	0.023726
2.601	-0.0380579	0.0146159
2.602	-0.0028141	0.00550738
2.603	0.0322919	-0.00352104
2.604	0.0674265	-0.012323
2.605	0.102422	-0.0207931
2.606	0.137452	-0.0287888
2.607	0.172224	-0.0361996
2.608	0.206734	-0.0427407
2.609	0.240752	-0.048287
2.61	0.274043	-0.0526398
2.611	0.306237	-0.0555778
2.612	0.336971	-0.0569774
2.613	0.365955	-0.0568345
2.614	0.392809	-0.05509
2.615	0.41722	-0.0518114
2.616	0.439026	-0.0472608
2.617	0.457964	-0.0415906
2.618	0.473973	-0.0349202
2.619	0.487035	-0.0275689
2.62	0.497109	-0.019772
2.621	0.504227	-0.0115469
2.622	0.508389	-0.00311021
2.623	0.509583	0.0053095
2.624	0.507841	0.0136477
2.625	0.503136	0.0219335
2.626	0.495444	0.0298105
2.627	0.484757	0.0372385
2.628	0.471069	0.0441232
2.629	0.454348	0.0502461
2.63	0.434668	0.0553173
2.631	0.412214	0.0593154
2.632	0.386409	0.0619472
2.633	0.35945	0.0630997
2.634	0.329954	0.0626772
2.635	0.298596	0.0607245
2.636	0.265955	0.057202
2.637	0.232293	0.0522738
2.638	0.197997	0.046158
2.639	0.163174	0.0389975
2.64	0.12822	0.0309862
2.641	0.0930613	0.0223425
2.642	0.0579619	0.0132033
2.643	0.0227539	0.00370705
2.644	-0.012415	-0.00598614
2.645	-0.0476679	-0.015805
2.646	-0.0829251	-0.0255682
2.647	-0.118236	-0.0351949
2.648	-0.153583	-0.0444958
2.649	-0.188867	-0.0533312
2.65	-0.223921	-0.0614283
2.651	-0.258604	-0.0686646
2.652	-0.292605	-0.0748011
2.653	-0.3257	-0.0796084
2.654	-0.357403	-0.0830036
2.655	-0.387479	-0.085007
2.656	-0.415495	-0.0854891
2.657	-0.441197	-0.0846778
2.658	-0.464415	-0.0827975
2.659	-0.484861	-0.0799599
2.66	-0.502549	-0.0763857
2.661	-0.517375	-0.072393
2.662	-0.529303	-0.0681067
2.663	-0.538388	-0.0635703
2.664	-0.544575	-0.0590516
2.665	-0.547865	-0.054606
2.666	-0.54823	-0.0502209
2.667	-0.545599	-0.0459562
2.668	-0.539874	-0.041956
2.669	-0.530989	-0.0381236
2.67	-0.518817	-0.034442
2.671	-0.503294	-0.0310305
2.672	-0.484398	-0.0278734
2.673	-0.46213	-0.02487
2.674	-0.435778	-0.0220806
2.675	-0.407675	-0.0196134
2.676	-0.376232	-0.0172959
2.677	-0.34222	-0.0151259
2.678	-0.306166	-0.0131776
2.679	-0.268526	-0.0113515
2.68	-0.229594	-0.00961064
2.681	-0.189861	-0.00799199
2.682	-0.14954	-0.00646331
2.683	-0.108806	-0.00499114
2.684	-0.0679013	-0.00358302
2.685	-0.0268953	-0.00225404
2.686	0.0142289	-0.000975271
2.687	0.0553186	0.000231259
2.688	0.0962799	0.00137463
2.689	0.137146	0.00244886
2.69	0.177744	0.00340757
2.691	0.218044	0.00429737
2.692	0.257599	0.00508984
2.693	0.296235	0.00572475
2.694	0.333736	0.0062291
2.695	0.369521	0.00664659
2.696	0.403316	0.00688681
2.697	0.434762	0.00697754
2.698	0.463503	0.0069938
2.699	0.489264	0.00693312
2.7	0.511949	0.00670382
2.701	0.53148	0.0064862
2.702	0.547819	0.00624182
2.703	0.561009	0.00588216
2.704	0.57109	0.00547448
2.705	0.578159	0.00512178
2.706	0.582259	0.00462494
2.707	0.583414	0.0040548
2.708	0.581648	0.00350791
2.709	0.576908	0.00286869
2.71	0.569168	0.00206362
2.711	0.558301	0.00132177
2.712	0.544282	0.000498799
2.713	0.526984	-0.000410625
2.714	0.506356	-0.00129704
2.715	0.482533	-0.00207842
2.716	0.454748	-0.00291242
2.717	0.42527	-0.0035774
2.718	0.392504	-0.0040748
2.719	0.357251	-0.00448734
2.72	0.320098	-0.00480172
2.721	0.281336	-0.00495138
2.722	0.241524	-0.00503139
2.723	0.200865	-0.00508055
2.724	0.159749	-0.00507991
2.725	0.118245	-0.00505436
2.726	0.0766719	-0.00505471
2.727	0.035068	-0.00505205
2.728	-0.00650388	-0.00505978
2.729	-0.0481197	-0.00509284
2.73	-0.0895227	-0.00511697
2.731	-0.130878	-0.00516387
2.732	-0.171858	-0.00519592
2.733	-0.212485	-0.00518407
2.734	-0.252459	-0.00514045
2.735	-0.291543	-0.00509206
2.736	-0.329465	-0.00493712
2.737	-0.365714	-0.00472631
2.738	-0.399971	-0.00452824
2.739	-0.431898	-0.00426662
2.74	-0.461135	-0.00394585
2.741	-0.48737	-0.00368574
2.742	-0.510545	-0.00344169
2.743	-0.530517	-0.00315515
2.744	-0.547269	-0.0028875
2.745	-0.560848	-0.00269631
2.746	-0.571292	-0.00240165
2.747	-0.57872	-0.0020824
2.748	-0.583126	-0.00177467
2.749	-0.584547	-0.00140067
2.75	-0.583032	-0.000882476
2.751	-0.578508	-0.00040077
2.752	-0.570921	0.000153597
2.753	-0.560204	0.000813378
2.754	-0.54627	0.00147842
2.755	-0.529029	0.0020601
2.756	-0.508438	0.0027121
2.757	-0.484605	0.00326147
2.758	-0.456715	0.00370857
2.759	-0.427167	0.00400827
2.76	-0.394326	0.0042552
2.761	-0.358964	0.00434316
2.762	-0.321709	0.00435257
2.763	-0.282831	0.00432984
2.764	-0.242814	0.00425418
2.765	-0.201905	0.00415002
2.766	-0.160522	0.00407871
2.767	-0.11878	0.00401382
2.768	-0.0769654	0.00397319
2.769	-0.0349668	0.00397153
2.77	0.006966	0.00400876
2.771	0.0488414	0.00409609
2.772	0.0906006	0.00422367
2.773	0.132215	0.00438637
2.774	0.173584	0.00460128
2.775	0.214466	0.00486518
2.776	0.2547	0.0051053
2.777	0.29394	0.00538008
2.778	0.332014	0.00568577
2.779	0.368347	0.00590102
2.78	0.402698	0.00609508
2.781	0.434578	0.00627872
2.782	0.463756	0.00635845
2.783	0.489982	0.0063551
2.784	0.513065	0.00635041
2.785	0.532905	0.00629945
2.786	0.549583	0.00611315
2.787	0.563056	0.00597025
2.788	0.573376	0.00578447
2.789	0.580653	0.00550259
2.79	0.58495	0.0052011
2.791	0.586244	0.00489294
2.792	0.584593	0.00449151
2.793	0.579968	0.00401172
2.794	0.572252	0.003538
2.795	0.561461	0.00297385
2.796	0.547444	0.00232375
2.797	0.530159	0.00167016
2.798	0.509497	0.00100115
2.799	0.485696	0.000262807
2.8	0.45789	-0.000433957
2.801	0.428391	-0.00104641
2.802	0.395611	-0.00165034
2.803	0.360339	-0.00220391
2.804	0.323113	-0.00266935
2.805	0.284286	-0.00312697
2.806	0.244389	-0.003547
2.807	0.203562	-0.00395097
2.808	0.162213	-0.00435519
2.809	0.120558	-0.00477661
2.81	0.078709	-0.00519753
2.811	0.0367888	-0.00562624
2.812	-0.00513998	-0.00605141
2.813	-0.0471054	-0.00646166
2.814	-0.0888266	-0.00683692
2.815	-0.130493	-0.00715913
2.816	-0.171808	-0.00739799
2.817	-0.212758	-0.0075386
2.818	-0.252991	-0.00756191
2.819	-0.292358	-0.00743639
2.82	-0.3305	-0.00715875
2.821	-0.366925	-0.00673996
2.822	-0.401416	-0.00619178
2.823	-0.43345	-0.00550745
2.824	-0.462774	-0.00476532
2.825	-0.489088	-0.00399623
2.826	-0.512281	-0.0032046
2.827	-0.532275	-0.00241974
2.828	-0.549054	-0.00172128
2.829	-0.562635	-0.00103656
2.83	-0.573082	-0.00035567
2.831	-0.580522	0.000199737
2.832	-0.584948	0.000756624
2.833	-0.586436	0.00132496
2.834	-0.584996	0.00183386
2.835	-0.580591	0.0022776
2.836	-0.573155	0.0027896
2.837	-0.56267	0.00324424
2.838	-0.548947	0.00358871
2.839	-0.532007	0.003942
2.84	-0.511761	0.0042244
2.841	-0.488275	0.00431595
2.842	-0.460799	0.00434671
2.843	-0.431621	0.00425449
2.844	-0.39918	0.0039845
2.845	-0.364299	0.00361336
2.846	-0.327405	0.00323688
2.847	-0.28902	0.00280273
2.848	-0.249399	0.0023354
2.849	-0.20896	0.00194621
2.85	-0.168097	0.00157655
2.851	-0.126854	0.00123541
2.852	-0.0855202	0.000931506
2.853	-0.0441569	0.000645301
2.854	-0.00275419	0.000342932
2.855	0.0384933	1.05805e-05
2.856	0.0796272	-0.000394726
2.857	0.120567	-0.000897646
2.858	0.161152	-0.00150361
2.859	0.201297	-0.00228565
2.86	0.240729	-0.00325352
2.861	0.27912	-0.00442228
2.862	0.316161	-0.00583443
2.863	0.351498	-0.00751398
2.864	0.384669	-0.00943772
2.865	0.415361	-0.0116085
2.866	0.443177	-0.0140958
2.867	0.467883	-0.0167885
2.868	0.489351	-0.0197651
2.869	0.507461	-0.022981
2.87	0.522274	-0.0264952
2.871	0.533786	-0.0302141
2.872	0.542068	-0.0342524
2.873	0.54724	-0.0385338
2.874	0.54935	-0.0430842
2.875	0.548456	-0.0478195
2.876	0.544637	-0.0527959
2.877	0.537877	-0.0578238
2.878	0.528166	-0.0628869
2.879	0.515564	-0.0678026
2.88	0.499996	-0.0724396
2.881	0.481589	-0.0765289
2.882	0.460278	-0.079881
2.883	0.436303	-0.0822467
2.884	0.409028	-0.0834181
2.885	0.380777	-0.0831314
2.886	0.349992	-0.0813906
2.887	0.317489	-0.0781532
2.888	0.283827	-0.0734943
2.889	0.249235	-0.0675813
2.89	0.214124	-0.060638
2.891	0.178651	-0.0528472
2.892	0.143084	-0.0444407
2.893	0.107478	-0.0356447
2.894	0.07189	-0.0265796
2.895	0.0364339	-0.0174048
2.896	0.00104676	-0.00825674
2.897	-0.0342821	0.000777324
2.898	-0.069612	0.00957598
2.899	-0.104854	0.0180032
2.9	-0.139993	0.0259478
2.901	-0.175053	0.0332298
2.902	-0.209713	0.0396681
2.903	-0.243998	0.0450842
2.904	-0.277495	0.0492892
2.905	-0.309886	0.0520823
2.906	-0.340917	0.053388
2.907	-0.370143	0.0531015
2.908	-0.397206	0.0512749
2.909	-0.421886	0.0479642
2.91	-0.44392	0.0433751
2.911	-0.463098	0.0376516
2.912	-0.479329	0.0310103
2.913	-0.492574	0.0236828
2.914	-0.502794	0.0158378
2.915	-0.51005	0.00761769
2.916	-0.514306	-0.00076946
2.917	-0.515569	-0.00921718
2.918	-0.51387	-0.0176338
2.919	-0.509177	-0.0258674
2.92	-0.501468	-0.0337797
2.921	-0.490771	-0.0412494
2.922	-0.477004	-0.0481537
2.923	-0.460173	-0.0542291
2.924	-0.440412	-0.0593507
2.925	-0.417832	-0.0633609
2.926	-0.391869	-0.0660113
2.927	-0.364798	-0.0672449
2.928	-0.335084	-0.0669625
2.929	-0.303557	-0.0651629
2.93	-0.270743	-0.0618487
2.931	-0.236937	-0.0572213
2.932	-0.202508	-0.0514232
2.933	-0.167601	-0.0445991
2.934	-0.132529	-0.0369824
2.935	-0.0973355	-0.0287713
2.936	-0.0622116	-0.020069
2.937	-0.0269838	-0.0110701
2.938	0.00815182	-0.00188469
2.939	0.0433374	0.00734141
2.94	0.0785027	0.016455
2.941	0.113701	0.0253507
2.942	0.148817	0.0338457
2.943	0.183899	0.0417173
2.944	0.218702	0.0487964
2.945	0.253047	0.0548718
2.946	0.286706	0.0596869
2.947	0.319331	0.0631102
2.948	0.350733	0.0650591
2.949	0.380371	0.065451
2.95	0.407992	0.0643432
2.951	0.433305	0.0619403
2.952	0.456162	0.0584361
2.953	0.47628	0.0539603
2.954	0.493645	0.0488809
2.955	0.508174	0.0434124
2.956	0.519889	0.0376359
2.957	0.528782	0.0318128
2.958	0.534857	0.0261091
2.959	0.538075	0.0205543
2.96	0.538466	0.0152975
2.961	0.535977	0.0104474
2.962	0.530535	0.00609663
2.963	0.522129	0.00224994
2.964	0.510667	-0.000883355
2.965	0.496123	-0.00324137
2.966	0.478493	-0.0048316
2.967	0.45782	-0.00553457
2.968	0.433392	-0.00539753
2.969	0.407393	-0.00448555
2.97	0.37834	-0.00298455
2.971	0.346844	-0.00111342
2.972	0.313354	0.000922308
2.973	0.278322	0.00282074
2.974	0.241927	0.00448264
2.975	0.204585	0.00579306
2.976	0.166619	0.00671951
2.977	0.128187	0.00735374
2.978	0.0896168	0.00782591
2.979	0.0509765	0.0082864
2.98	0.0124036	0.00894072
2.981	-0.0259138	0.00999384
2.982	-0.0638174	0.0116464
2.983	-0.101208	0.0141106
2.984	-0.137973	0.0174904
2.985	-0.173823	0.0218995
2.986	-0.208619	0.0273321
2.987	-0.2421	0.0337159
2.988	-0.274077	0.0407902
2.989	-0.304115	0.0483479
2.99	-0.332115	0.0561127
2.991	-0.357605	0.0638207
2.992	-0.380443	0.0713081
2.993	-0.40037	0.0786717
2.994	-0.417177	0.0859167
2.995	-0.430712	0.0932585
2.996	-0.44094	0.101045
2.997	-0.447802	0.10944
2.998	-0.451294	0.118665
2.999	-0.451518	0.128866
3	-0.448557	0.140185
3.001	-0.442533	0.15236
3.002	-0.433607	0.16531
3.003	-0.422018	0.178818
3.004	-0.407958	0.192284
3.005	-0.391678	0.20532
3.006	-0.373464	0.217415
3.007	-0.35358	0.227845
3.008	-0.332309	0.236033
3.009	-0.309969	0.241484
3.01	-0.28626	0.243696
3.011	-0.263139	0.242217
3.012	-0.239289	0.236959
3.013	-0.215347	0.227917
3.014	-0.191541	0.215116
3.015	-0.167887	0.198934
3.016	-0.144641	0.179693
3.017	-0.121842	0.157899
3.018	-0.0994116	0.134006
3.019	-0.0774687	0.108556
3.02	-0.0560639	0.0819186
3.021	-0.035143	0.0545659
3.022	-0.0147995	0.0268029
3.023	0.0049553	-0.00101909
3.024	0.024054	-0.0286032
3.025	0.0424543	-0.0556416
3.026	0.0601053	-0.0818728
3.027	0.0769617	-0.1071
3.028	0.0928709	-0.131081
3.029	0.107838	-0.153654
3.03	0.121738	-0.174668
3.031	0.134475	-0.193963
3.032	0.146009	-0.211435
3.033	0.156282	-0.226991
3.034	0.165099	-0.24032
3.035	0.172368	-0.251326
3.036	0.178071	-0.259798
3.037	0.182013	-0.265453
3.038	0.184084	-0.268169
3.039	0.184351	-0.267833
3.04	0.182733	-0.264362
3.041	0.179231	-0.257738
3.042	0.173951	-0.248089
3.043	0.167052	-0.235565
3.044	0.158602	-0.220424
3.045	0.148854	-0.202997
3.046	0.13808	-0.183688
3.047	0.126488	-0.16297
3.048	0.114365	-0.141406
3.049	0.102029	-0.119537
3.05	0.089767	-0.0979855
3.051	0.0778637	-0.0772247
3.052	0.0662148	-0.0578877
3.053	0.055922	-0.0402916
3.054	0.046335	-0.0247245
3.055	0.0377491	-0.011401
3.056	0.0302273	-0.000276156
3.057	0.0237571	0.00872024
3.058	0.0182758	0.0157852
3.059	0.0136817	0.0211577
3.06	0.0098894	0.0251031
3.061	0.006795	0.0278597
3.062	0.00428546	0.0296598
3.063	0.00227577	0.0307049
3.064	0.000677508	0.0311591
3.065	-0.000567291	0.0311654
3.066	-0.00154258	0.0308315
3.067	-0.00228678	0.0302425
3.068	-0.00284343	0.0294734
3.069	-0.00324682	0.0285784
3.07	-0.00353757	0.027593
3.071	-0.00372168	0.0265565
3.072	-0.00382782	0.0254904
3.073	-0.00388141	0.0244134
3.074	-0.0038832	0.0233411
3.075	-0.00383621	0.0222853
3.076	-0.00377084	0.0212527
3.077	-0.00368689	0.0202488
3.078	-0.00357672	0.0192802
3.079	-0.00346118	0.0183426
3.08	-0.00333932	0.0174457
3.081	-0.00320587	0.0165853
3.082	-0.00307354	0.0157644
3.083	-0.00294274	0.0149837
3.084	-0.00280986	0.0142357
3.085	-0.00268066	0.013527
3.086	-0.0025548	0.0128547
3.087	-0.00242746	0.0122154
3.088	-0.00230966	0.0116074
3.089	-0.00219247	0.0110367
3.09	-0.00207676	0.0104903
3.091	-0.0019736	0.00997409
3.092	-0.00187059	0.00948701
3.093	-0.00177067	0.00902757
3.094	-0.00167857	0.00858735
3.095	-0.00159501	0.00817411
3.096	-0.00150635	0.00778452
3.097	-0.00142941	0.00741312
3.098	-0.0013552	0.00706113
3.099	-0.00128152	0.00673039
3.1	-0.00121567	0.00641364
3.101	-0.00115004	0.00611642
3.102	-0.00108898	0.00583464
3.103	-0.00103385	0.0055691
3.104	-0.000978856	0.00531528
3.105	-0.000926773	0.00507653
3.106	-0.000881214	0.0048488
3.107	-0.000837111	0.00463402
3.108	-0.000790257	0.00442978
3.109	-0.000752105	0.00423386
3.11	-0.00071527	0.00405264
3.111	-0.000675297	0.00387937
3.112	-0.00064216	0.00371362
3.113	-0.000612515	0.00355467
3.114	-0.000578133	0.00340634
3.115	-0.000551	0.00326466
3.116	-0.00052482	0.00312944
3.117	-0.000494585	0.00300047
3.118	-0.000471985	0.00287856
3.119	-0.00045297	0.00276085
3.12	-0.000428556	0.00265247
3.121	-0.00040824	0.00254523
3.122	-0.000391137	0.00244566
3.123	-0.000371238	0.00235099
3.124	-0.000355473	0.00225701
3.125	-0.000338435	0.00217177
3.126	-0.000320071	0.00209049
3.127	-0.000305842	0.00200991
3.128	-0.000293441	0.00193446
3.129	-0.00027777	0.00186261
3.13	-0.000266857	0.00179231
3.131	-0.000257236	0.00172499
3.132	-0.000242217	0.00166354
3.133	-0.000235323	0.00160305
3.134	-0.000223539	0.00154494
3.135	-0.000212203	0.00149028
3.136	-0.000204882	0.00143675
3.137	-0.000197771	0.00138973
3.138	-0.000184872	0.00134035
3.139	-0.000181434	0.00129187
3.14	-0.000177189	0.00125037
3.141	-0.000165255	0.00120659
3.142	-0.00016065	0.00116164
3.143	-0.000155222	0.00112627
3.144	-0.000146223	0.00109018
3.145	-0.000141399	0.00105348
3.146	-0.000135798	0.00101898
3.147	-0.000128408	0.000986734
3.148	-0.000126101	0.000952969
3.149	-0.000123248	0.0009227
3.15	-0.000115511	0.000893503
3.151	-0.000113307	0.000863641
3.152	-0.000107344	0.000839146
3.153	-0.000101403	0.000811177
3.154	-0.000101456	0.000786429
3.155	-9.72327e-05	0.000763163
3.156	-9.22888e-05	0.00074123
3.157	-9.11024e-05	0.000716535
3.158	-8.67341e-05	0.000694577
3.159	-8.25807e-05	0.000675216
3.16	-8.27445e-05	0.0006522
3.161	-7.80334e-05	0.000634598
3.162	-7.33708e-05	0.000617429
3.163	-7.42162e-05	0.000597423
3.164	-7.1424e-05	0.000581478
3.165	-6.46488e-05	0.000565699
3.166	-6.65793e-05	0.000546951
3.167	-6.459e-05	0.000532708
3.168	-6.05621e-05	0.000518985
3.169	-6.03762e-05	0.000503364
3.17	-5.97271e-05	0.000488631
3.171	-5.18329e-05	0.000476372
3.172	-5.42322e-05	0.000463248
3.173	-5.54649e-05	0.000449304
3.174	-4.98243e-05	0.000439555
3.175	-5.04136e-05	0.000423902
3.176	-4.9124e-05	0.000414839
3.177	-4.59402e-05	0.000403685
3.178	-4.67785e-05	0.000391495
3.179	-4.46065e-05	0.000380733
3.18	-4.09292e-05	0.000372638
3.181	-4.2057e-05	0.00036304
3.182	-4.19724e-05	0.000354361
3.183	-3.94146e-05	0.000346654
3.184	-3.8485e-05	0.00033584
3.185	-3.76999e-05	0.00032719
3.186	-3.72057e-05	0.000319831
3.187	-3.8108e-05	0.000308939
3.188	-3.72097e-05	0.000304636
3.189	-3.27103e-05	0.000295708
3.19	-3.53654e-05	0.000289519
3.191	-3.60278e-05	0.000282111
3.192	-3.11367e-05	0.000277106
3.193	-3.26652e-05	0.000268359
3.194	-3.08711e-05	0.000261489
3.195	-2.96877e-05	0.000257197
3.196	-3.15483e-05	0.000249739
3.197	-2.89733e-05	0.000242467
3.198	-2.51319e-05	0.000238287
3.199	-2.79817e-05	0.000230787
3.2	-2.79553e-05	0.000226881
3.201	-2.65095e-05	0.000221732
3.202	-2.74681e-05	0.000214311
3.203	-2.50896e-05	0.000210504
3.204	-2.39085e-05	0.000206646
3.205	-2.6086e-05	0.000201345
3.206	-2.52403e-05	0.000195303
3.207	-2.12047e-05	0.00019417
3.208	-2.18134e-05	0.000189369
3.209	-2.20498e-05	0.000184149
3.21	-2.07749e-05	0.000178993
3.211	-2.09861e-05	0.000175511
3.212	-2.29528e-05	0.000173258
3.213	-2.00615e-05	0.000169472
3.214	-2.06174e-05	0.000165108
3.215	-2.13623e-05	0.000160301
3.216	-1.87838e-05	0.000159541
3.217	-1.89913e-05	0.000154323
3.218	-1.96406e-05	0.000150822
3.219	-1.75513e-05	0.000150042
3.22	-1.72811e-05	0.000143975
3.221	-1.8865e-05	0.000141738
3.222	-1.50479e-05	0.000139728
3.223	-1.66617e-05	0.000134884
3.224	-2.01454e-05	0.000134738
3.225	-1.60938e-05	0.000132304
3.226	-1.55465e-05	0.000128419
3.227	-1.77405e-05	0.000126157
3.228	-1.24697e-05	0.000122905
3.229	-1.6036e-05	0.000119716
3.23	-1.50213e-05	0.000118022
3.231	-1.70504e-05	0.000116635
3.232	-1.63026e-05	0.000112325
3.233	-1.771e-05	0.000109661
3.234	-1.39637e-05	0.000109818
3.235	-1.47425e-05	0.000106312
3.236	-1.69999e-05	0.000106652
3.237	-1.1725e-05	0.000105571
3.238	-1.51985e-05	9.89129e-05
3.239	-1.49487e-05	9.97916e-05
3.24	-1.16712e-05	9.81927e-05
3.241	-1.39485e-05	9.4624e-05
3.242	-1.5354e-05	9.41309e-05
3.243	-1.02227e-05	9.26098e-05
3.244	-1.08555e-05	8.95443e-05
3.245	-1.5112e-05	8.84973e-05
3.246	-1.22934e-05	8.81815e-05
3.247	-1.32688e-05	8.37992e-05
3.248	-1.35985e-05	8.42195e-05
3.249	-1.16391e-05	8.29994e-05
3.25	-1.49845e-05	8.06883e-05
3.251	-1.38571e-05	7.94332e-05
3.252	-9.25432e-06	7.65876e-05
3.253	-1.2134e-05	7.69008e-05
3.254	-1.61644e-05	7.71657e-05
3.255	-1.13258e-05	7.43299e-05
3.256	-1.01559e-05	7.13401e-05
3.257	-1.4448e-05	7.11599e-05
3.258	-9.05016e-06	7.13865e-05
3.259	-1.09589e-05	6.82675e-05
3.26	-1.29613e-05	6.90516e-05
3.261	-7.49983e-06	6.71103e-05
3.262	-1.30973e-05	6.38363e-05
3.263	-1.34134e-05	6.29548e-05
3.264	-1.02338e-05	6.35224e-05
3.265	-1.03752e-05	6.22141e-05
3.266	-1.15457e-05	6.30332e-05
3.267	-8.036e-06	6.05758e-05
3.268	-1.06564e-05	5.74268e-05
3.269	-1.24153e-05	5.82212e-05
3.27	-9.42875e-06	5.87808e-05
3.271	-9.56616e-06	5.44337e-05
3.272	-1.06365e-05	5.48229e-05
3.273	-8.55004e-06	5.49105e-05
3.274	-9.35192e-06	5.01013e-05
3.275	-1.4091e-05	5.25072e-05
3.276	-8.81741e-06	5.14262e-05
3.277	-8.98565e-06	5.22874e-05
3.278	-1.11968e-05	5.17604e-05
3.279	-6.83067e-06	5.06413e-05
3.28	-9.47452e-06	4.70573e-05
3.281	-1.02238e-05	4.83282e-05
3.282	-9.80929e-06	4.92139e-05
3.283	-9.19609e-06	4.75031e-05
3.284	-1.11734e-05	4.65518e-05
3.285	-7.23212e-06	4.5849e-05
3.286	-1.0799e-05	4.13579e-05
3.287	-1.0428e-05	4.44124e-05
3.288	-8.81323e-06	4.3612e-05
3.289	-1.14025e-05	4.17667e-05
3.29	-1.00468e-05	4.09554e-05
3.291	-7.32061e-06	4.10698e-05
3.292	-7.39673e-06	3.97643e-05
3.293	-1.02717e-05	4.00777e-05
3.294	-7.22336e-06	4.06398e-05
3.295	-1.082e-05	3.74498e-05
3.296	-1.05191e-05	3.74625e-05
3.297	-7.31113e-06	3.80313e-05
3.298	-8.29832e-06	3.62533e-05
3.299	-9.90541e-06	3.662e-05
3.3	-7.30568e-06	3.49926e-05
3.301	-8.80228e-06	3.49298e-05
3.302	-8.67853e-06	3.36326e-05
3.303	-6.84654e-06	3.41436e-05
3.304	-7.53216e-06	3.36807e-05
3.305	-8.55622e-06	3.05988e-05
3.306	-8.03059e-06	3.53963e-05
3.307	-1.00986e-05	3.0534e-05
3.308	-1.01498e-05	3.22684e-05
3.309	-4.8784e-06	3.20556e-05
3.31	-6.04998e-06	3.11381e-05
3.311	-8.26318e-06	3.23476e-05
3.312	-4.6219e-06	3.20664e-05
3.313	-9.12011e-06	2.79703e-05
3.314	-8.37767e-06	2.9738e-05
3.315	-6.38141e-06	3.06901e-05
3.316	-7.5513e-06	2.97727e-05
3.317	-8.18584e-06	2.84437e-05
3.318	-7.22324e-06	2.76158e-05
3.319	-9.26554e-06	2.53594e-05
3.32	-9.27113e-06	2.79639e-05
3.321	-4.84421e-06	2.72816e-05
3.322	-5.80191e-06	2.55048e-05
3.323	-6.43788e-06	2.46099e-05
3.324	-6.67278e-06	2.50341e-05
3.325	-9.39224e-06	2.23151e-05
3.326	-7.52608e-06	2.54324e-05
3.327	-5.91837e-06	2.37634e-05
3.328	-7.9982e-06	2.32419e-05
3.329	-8.26046e-06	2.32309e-05
3.33	-6.54342e-06	2.41713e-05
3.331	-5.92393e-06	2.15925e-05
3.332	-6.90989e-06	2.32876e-05
3.333	-4.77449e-06	2.33773e-05
3.334	-5.8352e-06	2.0728e-05
3.335	-6.18653e-06	2.28839e-05
3.336	-3.34347e-06	1.99643e-05
3.337	-7.7853e-06	1.93437e-05
3.338	-8.84453e-06	2.10357e-05
3.339	-5.22316e-06	2.2056e-05
3.34	-7.08852e-06	1.98071e-05
3.341	-7.83952e-06	1.8039e-05
3.342	-6.4766e-06	2.11352e-05
3.343	-7.18065e-06	1.98032e-05
3.344	-8.20839e-06	1.84576e-05
3.345	-6.97166e-06	1.85096e-05
3.346	-6.85248e-06	1.59098e-05
3.347	-6.635e-06	1.67872e-05
3.348	-3.54246e-06	1.82194e-05
3.349	-5.16221e-06	1.90197e-05
3.35	-9.18565e-06	1.75483e-05
3.351	-3.99488e-06	1.90687e-05
3.352	-8.16831e-06	1.58545e-05
3.353	-9.38018e-06	1.75402e-05
3.354	-4.10566e-06	1.60251e-05
3.355	-4.93167e-06	1.4688e-05
3.356	-6.15191e-06	1.68075e-05
3.357	-3.47543e-06	1.82222e-05
3.358	-5.38991e-06	1.42347e-05
3.359	-6.12561e-06	1.5072e-05
3.36	-4.72837e-06	1.73014e-05
3.361	-6.27103e-06	1.41977e-05
3.362	-7.79085e-06	1.50021e-05
3.363	-6.18903e-06	1.59376e-05
3.364	-5.15098e-06	1.55471e-05
3.365	-5.59826e-06	1.55283e-05
3.366	-4.46766e-06	1.47075e-05
3.367	-3.28447e-06	1.38889e-05
3.368	-6.42893e-06	1.28886e-05
3.369	-3.98144e-06	1.55962e-05
3.37	-6.12219e-06	1.33356e-05
3.371	-8.74047e-06	1.36598e-05
3.372	-5.02338e-06	1.425e-05
3.373	-4.5264e-06	1.38368e-05
3.374	-6.62572e-06	1.28804e-05
3.375	-2.27584e-06	1.39313e-05
3.376	-5.24662e-06	1.12018e-05
3.377	-6.35711e-06	1.28916e-05
3.378	-1.01425e-06	1.48525e-05
3.379	-3.47941e-06	1.21442e-05
3.38	-6.13702e-06	1.02961e-05
3.381	-3.54557e-06	1.12732e-05
3.382	-5.68275e-06	1.11834e-05
3.383	-8.41189e-06	1.23712e-05
3.384	-2.87509e-06	1.39061e-05
3.385	-3.98755e-06	1.12546e-05
3.386	-6.18161e-06	1.2899e-05
3.387	-2.66272e-06	1.47833e-05
3.388	-4.95471e-06	1.16481e-05
3.389	-4.95909e-06	1.07797e-05
3.39	-2.59369e-06	1.13131e-05
3.391	-4.90711e-06	9.9136e-06
3.392	-6.29107e-06	9.85549e-06
3.393	-1.50638e-06	1.09247e-05
3.394	-3.41809e-06	1.08444e-05
3.395	-7.49644e-06	1.11073e-05
3.396	-2.30777e-06	1.26275e-05
3.397	-5.73734e-06	9.4446e-06
3.398	-5.81167e-06	1.07439e-05
3.399	-3.96455e-06	1.12556e-05
3.4	-4.16828e-06	9.94462e-06
3.401	-5.74346e-06	1.11809e-05
3.402	-1.91898e-06	1.04732e-05
3.403	-2.83305e-06	8.26415e-06
3.404	-3.92849e-06	9.08642e-06
3.405	-3.04112e-06	1.04261e-05
3.406	-4.13723e-06	8.20939e-06
3.407	-5.73718e-06	1.0747e-05
3.408	-2.66845e-06	1.00076e-05
3.409	-5.31393e-06	7.29171e-06
3.41	-6.38922e-06	8.54896e-06
3.411	-6.34642e-07	1.09613e-05
3.412	-3.04968e-06	8.68919e-06
3.413	-5.40709e-06	9.02434e-06
3.414	-6.27126e-07	7.92264e-06
3.415	-2.70384e-06	6.96719e-06
3.416	-4.80586e-06	8.18131e-06
3.417	-2.7915e-06	1.13048e-05
3.418	-1.61762e-06	7.44691e-06
3.419	-3.53531e-06	9.10293e-06
3.42	-4.53943e-07	9.66645e-06
3.421	-4.01084e-06	9.5171e-06
3.422	-4.1688e-06	8.6422e-06
3.423	-8.89408e-07	9.21403e-06
3.424	-2.93546e-06	6.52333e-06
3.425	-1.83428e-06	6.56957e-06
3.426	-1.77462e-06	1.04793e-05
3.427	-7.16199e-07	7.48476e-06
3.428	-4.30186e-06	6.46595e-06
3.429	-1.03496e-06	8.33965e-06
3.43	-3.13843e-06	6.51481e-06
3.431	-4.60977e-06	7.32127e-06
3.432	3.3347e-07	8.39711e-06
3.433	-3.47623e-06	5.63235e-06
3.434	-5.72397e-06	6.84038e-06
3.435	-3.63236e-06	6.05993e-06
3.436	-3.03353e-06	5.21681e-06
3.437	-2.39444e-06	6.11191e-06
3.438	4.83085e-07	7.96926e-06
3.439	-2.88172e-06	5.65732e-06
3.44	-1.13069e-06	5.73084e-06
3.441	1.00189e-07	7.95318e-06
3.442	-2.68969e-06	4.79711e-06
3.443	-5.42337e-06	8.15538e-06
3.444	5.85493e-07	7.10531e-06
3.445	-1.72879e-06	7.00813e-06
3.446	-4.16726e-06	6.47161e-06
3.447	1.15859e-06	4.52456e-06
3.448	-2.3098e-06	6.98374e-06
3.449	-1.92043e-06	7.4342e-06
3.45	-8.303e-07	7.04586e-06
3.451	-2.40371e-06	3.94085e-06
3.452	-4.38165e-06	6.89674e-06
3.453	-1.92117e-06	7.00005e-06
3.454	-1.99408e-06	4.39218e-06
3.455	-4.31158e-06	5.16314e-06
3.456	-2.43203e-06	7.41272e-06
3.457	-7.28642e-07	5.74772e-06
3.458	-3.54212e-06	5.62959e-06
3.459	6.80446e-07	6.67516e-06
3.46	-1.81513e-06	6.13624e-06
3.461	-3.59891e-06	7.36372e-06
3.462	-6.24196e-07	5.75211e-06
3.463	-7.23096e-07	4.01141e-06
3.464	-1.87305e-06	6.56794e-06
3.465	8.91098e-07	5.81573e-06
3.466	-2.81327e-06	5.22605e-06
3.467	-1.95488e-06	5.69623e-06
3.468	-4.57395e-07	7.06152e-06
3.469	-1.14443e-06	3.99372e-06
3.47	-3.40803e-06	6.50349e-06
3.471	-2.33141e-06	5.68042e-06
3.472	-1.30087e-06	5.72369e-06
3.473	-1.7498e-06	4.83657e-06
3.474	-1.29132e-06	4.42169e-06
3.475	-2.54487e-06	1.33013e-06
3.476	-2.65239e-06	5.66694e-06
3.477	-1.86051e-06	6.56847e-06
3.478	-4.4394e-07	3.589e-06
3.479	-1.36011e-06	5.72121e-06
3.48	4.68337e-07	4.92971e-06
3.481	-3.17434e-06	3.90849e-06
3.482	-4.07532e-06	5.17306e-06
3.483	-1.82365e-06	2.6628e-06
3.484	-2.93521e-06	2.61612e-06
3.485	-2.81967e-06	4.35752e-06
3.486	-4.56338e-08	4.90813e-06
3.487	-2.36515e-06	5.24487e-06
3.488	-2.87271e-06	4.78942e-06
3.489	1.16725e-06	2.78838e-06
3.49	-1.38826e-06	3.54935e-06
3.491	-3.29157e-06	3.90356e-06
3.492	1.22912e-06	4.96166e-06
3.493	-2.72621e-06	3.49317e-06
3.494	-2.47276e-06	5.67449e-06
3.495	1.12565e-06	5.39145e-06
3.496	3.27169e-07	1.88486e-06
3.497	-3.59685e-06	2.15423e-06
3.498	1.49323e-06	3.67034e-06
3.499	-1.01217e-06	2.69687e-06
3.5	-1.85192e-06	5.26642e-06
