 EB(GeV)    EMITTANCEx EMITTANCEy SIZEx(m)   SIZEy(m)   DIVx(rad)  DIVy(rad)
 1.500e+00  5.941e-09  5.941e-11  1.840e-04  1.299e-05  3.228e-05  4.574e-06
 betax      alphax     betay      alphay     eta        deta       E_spread  
 5.700e+00  0.000e+00  2.840e+00  0.000e+00  0.000e+00  0.000e+00  1.000e-03
 Ibeam(A) 
  2.000e-01


           x            y       F.Density            PL            PC          PL45        1-|PL|
          mm           mm  ph/s/mm^2/0.1%             -             -             -             -
-6.00000e+00 -6.00000e+00       1.231e+12  6.218085e-01  1.386296e-02 -7.536067e-01  3.781915e-01
-5.58621e+00 -6.00000e+00       1.648e+12  6.796841e-01  1.096163e-02 -7.031213e-01  3.203159e-01
-5.17241e+00 -6.00000e+00       2.302e+12  7.314352e-01  6.833948e-03 -6.572322e-01  2.685648e-01
-4.75862e+00 -6.00000e+00       2.746e+12  7.649950e-01  2.631727e-03 -6.210369e-01  2.350050e-01
-4.34483e+00 -6.00000e+00       2.563e+12  7.983702e-01 -5.641278e-03 -5.668854e-01  2.016298e-01
-3.93103e+00 -6.00000e+00       2.056e+12  8.434171e-01 -1.926700e-02 -4.594323e-01  1.565829e-01
-3.51724e+00 -6.00000e+00       1.647e+12  8.882511e-01 -2.860240e-02 -2.791656e-01  1.117489e-01
-3.10345e+00 -6.00000e+00       1.382e+12  9.094813e-01 -2.771122e-02 -5.723343e-02  9.051872e-02
-2.68966e+00 -6.00000e+00       1.110e+12  8.959518e-01 -3.178432e-02  1.481113e-01  1.040482e-01
-2.27586e+00 -6.00000e+00       7.563e+11  8.449189e-01 -4.970719e-02  2.995297e-01  1.550811e-01
-1.86207e+00 -6.00000e+00       4.432e+11  7.665658e-01 -6.142971e-02  3.784032e-01  2.334342e-01
-1.44828e+00 -6.00000e+00       2.780e+11  6.916901e-01 -7.151951e-02  3.053407e-01  3.083099e-01
-1.03448e+00 -6.00000e+00       2.137e+11  5.454286e-01 -2.099153e-01  6.715540e-02  4.545714e-01
-6.20690e-01 -6.00000e+00       1.993e+11  2.682713e-01 -4.684795e-01 -1.381508e-01  7.317287e-01
-2.06897e-01 -6.00000e+00       2.142e+11  9.505810e-02 -6.173706e-01 -2.422203e-01  9.049419e-01
 2.06897e-01 -6.00000e+00       2.335e+11  1.360192e-01 -5.780725e-01 -3.401347e-01  8.639808e-01
 6.20690e-01 -6.00000e+00       2.391e+11  2.897787e-01 -3.802712e-01 -4.116539e-01  7.102213e-01
 1.03448e+00 -6.00000e+00       2.362e+11  4.120971e-01 -9.230861e-02 -4.312585e-01  5.879029e-01
 1.44828e+00 -6.00000e+00       2.568e+11  4.840122e-01  9.597855e-02 -4.645798e-01  5.159878e-01
 1.86207e+00 -6.00000e+00       3.256e+11  6.167513e-01  1.115540e-01 -4.869563e-01  3.832487e-01
 2.27586e+00 -6.00000e+00       4.340e+11  7.577964e-01  9.062888e-02 -4.051309e-01  2.422036e-01
 2.68966e+00 -6.00000e+00       6.267e+11  8.577828e-01  6.171537e-02 -1.794323e-01  1.422172e-01
 3.10345e+00 -6.00000e+00       1.035e+12  8.993968e-01  2.204012e-02  9.926894e-02  1.006032e-01
 3.51724e+00 -6.00000e+00       1.682e+12  8.916760e-01 -3.752668e-03  3.094652e-01  1.083240e-01
 3.93103e+00 -6.00000e+00       2.301e+12  8.583557e-01 -1.118077e-02  4.474862e-01  1.416443e-01
 4.34483e+00 -6.00000e+00       2.606e+12  8.063091e-01 -8.496932e-03  5.548022e-01  1.936909e-01
 4.75862e+00 -6.00000e+00       2.606e+12  7.479282e-01 -4.484853e-03  6.396441e-01  2.520718e-01
 5.17241e+00 -6.00000e+00       2.388e+12  6.980140e-01 -6.721818e-03  6.950921e-01  3.019860e-01
 5.58621e+00 -6.00000e+00       1.970e+12  6.595950e-01 -1.388039e-02  7.288727e-01  3.404050e-01
 6.00000e+00 -6.00000e+00       1.390e+12  6.337585e-01 -1.942714e-02  7.490994e-01  3.662415e-01
-6.00000e+00 -5.58621e+00       1.516e+12  5.347020e-01  1.153808e-02 -8.219739e-01  4.652980e-01
-5.58621e+00 -5.58621e+00       2.176e+12  5.866364e-01  7.156324e-03 -7.919207e-01  4.133636e-01
-5.17241e+00 -5.58621e+00       2.605e+12  6.238790e-01  1.756673e-03 -7.630577e-01  3.761210e-01
-4.75862e+00 -5.58621e+00       2.469e+12  6.707861e-01 -6.015188e-03 -7.101889e-01  3.292139e-01
-4.34483e+00 -5.58621e+00       2.054e+12  7.399292e-01 -1.417845e-02 -6.061356e-01  2.600708e-01
-3.93103e+00 -5.58621e+00       1.676e+12  8.206170e-01 -1.952474e-02 -4.456396e-01  1.793830e-01
-3.51724e+00 -5.58621e+00       1.327e+12  8.859477e-01 -3.083265e-02 -2.735808e-01  1.140523e-01
-3.10345e+00 -5.58621e+00       9.088e+11  9.141614e-01 -5.972328e-02 -1.424331e-01  8.583860e-02
-2.68966e+00 -5.58621e+00       5.302e+11  8.948915e-01 -1.049462e-01 -7.442214e-02  1.051085e-01
-2.27586e+00 -5.58621e+00       3.398e+11  8.390494e-01 -1.228956e-01 -3.408247e-02  1.609506e-01
-1.86207e+00 -5.58621e+00       3.081e+11  8.131444e-01 -6.159482e-02  7.999682e-02  1.868556e-01
-1.44828e+00 -5.58621e+00       3.097e+11  7.963822e-01 -2.055720e-02  1.582026e-01  2.036178e-01
-1.03448e+00 -5.58621e+00       2.629e+11  6.844763e-01  9.030673e-03  7.608950e-02  3.155237e-01
-6.20690e-01 -5.58621e+00       2.006e+11  3.687450e-01  1.476812e-01 -1.676824e-01  6.312550e-01
-2.06897e-01 -5.58621e+00       1.800e+11  5.015303e-02  3.201600e-01 -4.249758e-01  9.498470e-01
 2.06897e-01 -5.58621e+00       1.978e+11  1.067701e-01  3.176870e-01 -5.377410e-01  8.932299e-01
 6.20690e-01 -5.58621e+00       2.191e+11  3.544369e-01  2.253713e-01 -4.733770e-01  6.455631e-01
 1.03448e+00 -5.58621e+00       2.267e+11  5.287209e-01  1.658166e-01 -2.845260e-01  4.712791e-01
 1.44828e+00 -5.58621e+00       2.456e+11  6.123348e-01  1.150051e-01 -1.287911e-01  3.876652e-01
 1.86207e+00 -5.58621e+00       2.984e+11  7.102915e-01  7.039090e-03 -9.681444e-02  2.897085e-01
 2.27586e+00 -5.58621e+00       3.672e+11  8.061289e-01 -3.948670e-02 -1.147641e-01  1.938711e-01
 2.68966e+00 -5.58621e+00       4.417e+11  8.701129e-01  5.990306e-03 -9.914908e-02  1.298871e-01
 3.10345e+00 -5.58621e+00       5.698e+11  8.965866e-01  4.056772e-02  2.670186e-02  1.034134e-01
 3.51724e+00 -5.58621e+00       8.826e+11  8.675974e-01  3.138970e-02  2.669422e-01  1.324026e-01
 3.93103e+00 -5.58621e+00       1.496e+12  8.062552e-01  1.066820e-02  4.813551e-01  1.937448e-01
 4.34483e+00 -5.58621e+00       2.203e+12  7.434296e-01 -1.304862e-03  6.151954e-01  2.565704e-01
 4.75862e+00 -5.58621e+00       2.579e+12  6.775787e-01 -4.709171e-03  7.057418e-01  3.224213e-01
 5.17241e+00 -5.58621e+00       2.524e+12  6.094659e-01 -4.278733e-03  7.739916e-01  3.905341e-01
 5.58621e+00 -5.58621e+00       2.200e+12  5.520233e-01 -6.802214e-03  8.185626e-01  4.479767e-01
 6.00000e+00 -5.58621e+00       1.726e+12  5.101836e-01 -1.438372e-02  8.432339e-01  4.898164e-01
-6.00000e+00 -5.17241e+00       1.910e+12  4.361979e-01  6.964988e-03 -8.833064e-01  5.638021e-01
-5.58621e+00 -5.17241e+00       2.377e+12  4.774392e-01  1.735010e-03 -8.615307e-01  5.225608e-01
-5.17241e+00 -5.17241e+00       2.352e+12  5.317840e-01 -4.423088e-03 -8.183217e-01  4.682160e-01
-4.75862e+00 -5.17241e+00       2.003e+12  6.137492e-01 -1.007206e-02 -7.334810e-01  3.862508e-01
-4.34483e+00 -5.17241e+00       1.601e+12  7.148487e-01 -1.851315e-02 -6.061835e-01  2.851513e-01
-3.93103e+00 -5.17241e+00       1.177e+12  8.008851e-01 -4.176053e-02 -4.777258e-01  1.991149e-01
-3.51724e+00 -5.17241e+00       7.462e+11  8.415877e-01 -7.967638e-02 -3.859444e-01  1.584123e-01
-3.10345e+00 -5.17241e+00       4.703e+11  8.436603e-01 -9.147697e-02 -3.154591e-01  1.563397e-01
-2.68966e+00 -5.17241e+00       3.859e+11  8.481175e-01 -4.086081e-02 -2.113865e-01  1.518825e-01
-2.27586e+00 -5.17241e+00       3.480e+11  8.233639e-01  1.254874e-02 -4.920002e-02  1.766361e-01
-1.86207e+00 -5.17241e+00       2.967e+11  6.693034e-01  5.772223e-02  2.382366e-01  3.306966e-01
-1.44828e+00 -5.17241e+00       2.827e+11  3.056563e-01  1.188967e-01  6.051059e-01  6.943437e-01
-1.03448e+00 -5.17241e+00       3.117e+11 -9.484041e-02  1.844748e-01  7.741180e-01  9.051596e-01
-6.20690e-01 -5.17241e+00       3.276e+11 -4.093735e-01  2.134498e-01  6.650460e-01  5.906265e-01
-2.06897e-01 -5.17241e+00       3.122e+11 -6.422410e-01  2.115750e-01  3.110048e-01  3.577590e-01
 2.06897e-01 -5.17241e+00       3.012e+11 -6.795413e-01  2.007193e-01 -1.968416e-01  3.204587e-01
 6.20690e-01 -5.17241e+00       3.102e+11 -4.714619e-01  1.722552e-01 -6.116040e-01  5.285381e-01
 1.03448e+00 -5.17241e+00       3.142e+11 -1.376579e-01  1.117459e-01 -7.821522e-01  8.623421e-01
 1.44828e+00 -5.17241e+00       3.080e+11  2.686687e-01  6.025803e-02 -6.895106e-01  7.313313e-01
 1.86207e+00 -5.17241e+00       3.320e+11  6.391853e-01  7.445432e-02 -4.017443e-01  3.608147e-01
 2.27586e+00 -5.17241e+00       3.774e+11  8.082231e-01  9.536093e-02 -1.285609e-01  1.917769e-01
 2.68966e+00 -5.17241e+00       4.117e+11  8.529180e-01  5.950736e-02  6.164713e-02  1.470820e-01
 3.10345e+00 -5.17241e+00       4.606e+11  8.746487e-01  1.288513e-02  1.660347e-01  1.253513e-01
 3.51724e+00 -5.17241e+00       5.610e+11  8.729346e-01  1.272481e-02  2.563774e-01  1.270654e-01
 3.93103e+00 -5.17241e+00       8.157e+11  8.018959e-01  2.116288e-02  4.365838e-01  1.981041e-01
 4.34483e+00 -5.17241e+00       1.375e+12  6.961676e-01  1.347452e-02  6.280348e-01  3.038324e-01
 4.75862e+00 -5.17241e+00       2.079e+12  6.090218e-01  3.896452e-03  7.467251e-01  3.909782e-01
 5.17241e+00 -5.17241e+00       2.459e+12  5.335880e-01 -1.455066e-03  8.196111e-01  4.664120e-01
 5.58621e+00 -5.17241e+00       2.350e+12  4.622955e-01 -3.448794e-03  8.699594e-01  5.377045e-01
 6.00000e+00 -5.17241e+00       1.950e+12  4.031316e-01 -7.067098e-03  9.011799e-01  5.968684e-01
-6.00000e+00 -4.75862e+00       2.083e+12  3.305661e-01  3.067663e-03 -9.272788e-01  6.694339e-01
-5.58621e+00 -4.75862e+00       2.177e+12  3.846384e-01 -2.554688e-03 -8.972959e-01  6.153616e-01
-5.17241e+00 -4.75862e+00       1.902e+12  4.691806e-01 -7.578459e-03 -8.348042e-01  5.308194e-01
-4.75862e+00 -4.75862e+00       1.493e+12  5.801609e-01 -1.850797e-02 -7.375381e-01  4.198391e-01
-4.34483e+00 -4.75862e+00       1.057e+12  6.805824e-01 -4.692421e-02 -6.366552e-01  3.194176e-01
-3.93103e+00 -4.75862e+00       6.726e+11  7.373069e-01 -7.985621e-02 -5.575886e-01  2.626931e-01
-3.51724e+00 -4.75862e+00       4.733e+11  7.702454e-01 -6.331925e-02 -4.654934e-01  2.297546e-01
-3.10345e+00 -4.75862e+00       4.356e+11  8.050683e-01 -2.391491e-03 -2.645055e-01  1.949317e-01
-2.68966e+00 -4.75862e+00       4.735e+11  7.977774e-01  5.074930e-02  1.080693e-01  2.022226e-01
-2.27586e+00 -4.75862e+00       5.633e+11  7.187714e-01  7.538106e-02  4.782764e-01  2.812286e-01
-1.86207e+00 -4.75862e+00       6.028e+11  5.852753e-01  7.549480e-02  6.983600e-01  4.147247e-01
-1.44828e+00 -4.75862e+00       5.240e+11  3.830822e-01  9.094707e-02  8.197156e-01  6.169178e-01
-1.03448e+00 -4.75862e+00       4.194e+11  5.749797e-02  1.594798e-01  8.262364e-01  9.425020e-01
-6.20690e-01 -4.75862e+00       3.692e+11 -3.479650e-01  2.411060e-01  6.231484e-01  6.520350e-01
-2.06897e-01 -4.75862e+00       3.589e+11 -6.291380e-01  2.665383e-01  2.129288e-01  3.708620e-01
 2.06897e-01 -4.75862e+00       3.644e+11 -6.410196e-01  2.459563e-01 -2.736179e-01  3.589804e-01
 6.20690e-01 -4.75862e+00       3.949e+11 -3.598088e-01  1.892542e-01 -6.581928e-01  6.401912e-01
 1.03448e+00 -4.75862e+00       4.843e+11  7.150304e-02  1.112439e-01 -8.285112e-01  9.284970e-01
 1.44828e+00 -4.75862e+00       6.043e+11  3.956832e-01  6.675797e-02 -8.249643e-01  6.043168e-01
 1.86207e+00 -4.75862e+00       6.377e+11  5.865281e-01  5.352680e-02 -7.317888e-01  4.134719e-01
 2.27586e+00 -4.75862e+00       5.736e+11  7.294901e-01  4.489532e-02 -5.269889e-01  2.705099e-01
 2.68966e+00 -4.75862e+00       5.166e+11  8.344300e-01  4.781925e-02 -1.897954e-01  1.655700e-01
 3.10345e+00 -4.75862e+00       4.989e+11  8.632298e-01  5.635369e-02  1.309642e-01  1.367702e-01
 3.51724e+00 -4.75862e+00       5.020e+11  8.437502e-01  3.538995e-02  3.246106e-01  1.562498e-01
 3.93103e+00 -4.75862e+00       5.618e+11  8.041016e-01  1.245203e-02  4.405599e-01  1.958984e-01
 4.34483e+00 -4.75862e+00       7.879e+11  6.997040e-01  1.259842e-02  5.916972e-01  3.002960e-01
 4.75862e+00 -4.75862e+00       1.313e+12  5.636149e-01  1.150160e-02  7.501425e-01  4.363851e-01
 5.17241e+00 -4.75862e+00       1.965e+12  4.620539e-01  5.632143e-03  8.460979e-01  5.379461e-01
 5.58621e+00 -4.75862e+00       2.270e+12  3.835312e-01  7.420213e-04  8.999453e-01  6.164688e-01
 6.00000e+00 -4.75862e+00       2.077e+12  3.145142e-01 -2.514200e-03  9.330570e-01  6.854858e-01
-6.00000e+00 -4.34483e+00       1.953e+12  2.401945e-01  9.102005e-04 -9.472854e-01  7.598055e-01
-5.58621e+00 -4.34483e+00       1.780e+12  3.169814e-01 -4.370033e-03 -9.061958e-01  6.830186e-01
-5.17241e+00 -4.34483e+00       1.396e+12  4.287847e-01 -1.597689e-02 -8.343629e-01  5.712153e-01
-4.75862e+00 -4.34483e+00       9.803e+11  5.444921e-01 -4.561446e-02 -7.514171e-01  4.555079e-01
-4.34483e+00 -4.34483e+00       6.409e+11  6.238243e-01 -7.497431e-02 -6.765703e-01  3.761757e-01
-3.93103e+00 -4.34483e+00       4.888e+11  6.948458e-01 -4.740216e-02 -5.508627e-01  3.051542e-01
-3.51724e+00 -4.34483e+00       5.176e+11  7.969339e-01  1.536869e-02 -2.709911e-01  2.030661e-01
-3.10345e+00 -4.34483e+00       6.401e+11  8.721048e-01  5.117948e-02  6.330591e-02  1.278952e-01
-2.68966e+00 -4.34483e+00       7.148e+11  8.793704e-01  6.651989e-02  2.993703e-01  1.206296e-01
-2.27586e+00 -4.34483e+00       6.367e+11  8.330496e-01  9.112044e-02  4.601343e-01  1.669504e-01
-1.86207e+00 -4.34483e+00       4.764e+11  7.505407e-01  1.296884e-01  5.896165e-01  2.494593e-01
-1.44828e+00 -4.34483e+00       3.341e+11  6.432011e-01  1.611040e-01  6.904918e-01  3.567989e-01
-1.03448e+00 -4.34483e+00       2.341e+11  5.309043e-01  1.781720e-01  7.297799e-01  4.690957e-01
-6.20690e-01 -4.34483e+00       1.563e+11  4.411570e-01  1.551735e-01  6.413381e-01  5.588430e-01
-2.06897e-01 -4.34483e+00       1.055e+11  3.626626e-01  6.441923e-02  3.514162e-01  6.373374e-01
 2.06897e-01 -4.34483e+00       9.312e+10  2.319291e-01  6.031433e-02 -9.669134e-02  7.680709e-01
 6.20690e-01 -4.34483e+00       1.165e+11  1.252914e-01  1.739665e-01 -4.957330e-01  8.747086e-01
 1.03448e+00 -4.34483e+00       1.846e+11  2.753057e-01  1.681042e-01 -6.746260e-01  7.246943e-01
 1.44828e+00 -4.34483e+00       3.348e+11  5.707421e-01  9.289220e-02 -6.499870e-01  4.292579e-01
 1.86207e+00 -4.34483e+00       5.739e+11  7.627745e-01  5.661667e-02 -5.588806e-01  2.372255e-01
 2.27586e+00 -4.34483e+00       7.810e+11  8.543389e-01  4.391233e-02 -4.596153e-01  1.456611e-01
 2.68966e+00 -4.34483e+00       8.060e+11  8.988233e-01  3.538409e-02 -3.345782e-01  1.011767e-01
 3.10345e+00 -4.34483e+00       6.890e+11  9.056503e-01  3.238128e-02 -1.162748e-01  9.434969e-02
 3.51724e+00 -4.34483e+00       5.834e+11  8.638910e-01  4.002648e-02  1.922746e-01  1.361090e-01
 3.93103e+00 -4.34483e+00       5.337e+11  7.949966e-01  3.504850e-02  4.357173e-01  2.050034e-01
 4.34483e+00 -4.34483e+00       5.621e+11  7.126294e-01  1.390419e-02  5.783384e-01  2.873706e-01
 4.75862e+00 -4.34483e+00       7.821e+11  5.686903e-01  8.774188e-03  7.187463e-01  4.313097e-01
 5.17241e+00 -4.34483e+00       1.291e+12  4.150763e-01  9.972295e-03  8.442405e-01  5.849237e-01
 5.58621e+00 -4.34483e+00       1.845e+12  3.109172e-01  6.581166e-03  9.140449e-01  6.890828e-01
 6.00000e+00 -4.34483e+00       1.996e+12  2.343735e-01  1.846074e-03  9.498697e-01  7.656265e-01
-6.00000e+00 -3.93103e+00       1.691e+12  1.673212e-01 -4.692865e-03 -9.484778e-01  8.326788e-01
-5.58621e+00 -3.93103e+00       1.329e+12  2.886351e-01 -2.756965e-02 -8.904176e-01  7.113649e-01
-5.17241e+00 -3.93103e+00       9.719e+11  4.274356e-01 -5.203475e-02 -8.254867e-01  5.725644e-01
-4.75862e+00 -3.93103e+00       6.564e+11  5.157862e-01 -6.237027e-02 -7.691918e-01  4.842138e-01
-4.34483e+00 -3.93103e+00       4.985e+11  6.102493e-01 -3.485173e-02 -6.347537e-01  3.897507e-01
-3.93103e+00 -3.93103e+00       5.528e+11  7.732729e-01  1.764791e-02 -3.532571e-01  2.267271e-01
-3.51724e+00 -3.93103e+00       6.893e+11  8.945181e-01  4.933888e-02 -8.541317e-02  1.054819e-01
-3.10345e+00 -3.93103e+00       7.151e+11  9.409838e-01  7.112731e-02  9.120556e-02  5.901615e-02
-2.68966e+00 -3.93103e+00       5.906e+11  9.454587e-01  9.891394e-02  2.041446e-01  5.454134e-02
-2.27586e+00 -3.93103e+00       4.513e+11  9.360659e-01  9.755456e-02  2.553102e-01  6.393411e-02
-1.86207e+00 -3.93103e+00       3.901e+11  9.249570e-01  2.915543e-02  2.187156e-01  7.504296e-02
-1.44828e+00 -3.93103e+00       3.727e+11  8.979707e-01 -2.845566e-02  9.919665e-02  1.020293e-01
-1.03448e+00 -3.93103e+00       3.194e+11  8.167064e-01 -4.548830e-02 -9.433187e-02  1.832936e-01
-6.20690e-01 -3.93103e+00       2.483e+11  6.650774e-01 -8.262157e-02 -3.492696e-01  3.349226e-01
-2.06897e-01 -3.93103e+00       2.254e+11  5.814030e-01 -1.409009e-01 -5.147131e-01  4.185970e-01
 2.06897e-01 -3.93103e+00       2.547e+11  6.617213e-01 -1.385706e-01 -4.730992e-01  3.382787e-01
 6.20690e-01 -3.93103e+00       2.854e+11  7.506738e-01 -8.582948e-02 -3.216115e-01  2.493262e-01
 1.03448e+00 -3.93103e+00       2.665e+11  7.454663e-01 -3.064267e-02 -1.635873e-01  2.545337e-01
 1.44828e+00 -3.93103e+00       2.229e+11  6.718962e-01  7.822822e-03 -1.253372e-01  3.281038e-01
 1.86207e+00 -3.93103e+00       2.545e+11  7.373013e-01  4.878190e-02 -2.516503e-01  2.626987e-01
 2.27586e+00 -3.93103e+00       4.374e+11  8.867588e-01  6.248098e-02 -2.648417e-01  1.132412e-01
 2.68966e+00 -3.93103e+00       7.089e+11  9.527850e-01  4.893555e-02 -1.929419e-01  4.721501e-02
 3.10345e+00 -3.93103e+00       8.512e+11  9.662528e-01  3.511804e-02 -1.053464e-01  3.374724e-02
 3.51724e+00 -3.93103e+00       7.684e+11  9.362055e-01  2.797966e-02  4.416867e-02  6.379449e-02
 3.93103e+00 -3.93103e+00       6.235e+11  8.469031e-01  3.153964e-02  2.972430e-01  1.530969e-01
 4.34483e+00 -3.93103e+00       5.430e+11  7.316926e-01  3.218031e-02  5.372235e-01  2.683074e-01
 4.75862e+00 -3.93103e+00       5.453e+11  6.080906e-01  1.940046e-02  6.787990e-01  3.919094e-01
 5.17241e+00 -3.93103e+00       7.211e+11  4.169025e-01  1.187872e-02  8.042832e-01  5.830975e-01
 5.58621e+00 -3.93103e+00       1.152e+12  2.431373e-01  7.195548e-03  9.045947e-01  7.568627e-01
 6.00000e+00 -3.93103e+00       1.582e+12  1.407796e-01 -1.216968e-03  9.546569e-01  8.592204e-01
-6.00000e+00 -3.51724e+00       1.221e+12  1.215291e-01 -5.875035e-03 -9.344903e-01  8.784709e-01
-5.58621e+00 -3.51724e+00       8.980e+11  2.503248e-01 -2.785824e-02 -8.826563e-01  7.496752e-01
-5.17241e+00 -3.51724e+00       6.084e+11  3.816408e-01 -6.265990e-02 -8.205715e-01  6.183592e-01
-4.75862e+00 -3.51724e+00       4.716e+11  5.214851e-01 -5.254793e-02 -7.025102e-01  4.785149e-01
-4.34483e+00 -3.51724e+00       5.260e+11  7.164461e-01  8.349302e-03 -4.627641e-01  2.835539e-01
-3.93103e+00 -3.51724e+00       6.569e+11  8.692367e-01  4.591026e-02 -2.310148e-01  1.307633e-01
-3.51724e+00 -3.51724e+00       6.750e+11  9.427648e-01  6.993672e-02 -8.247766e-02  5.723523e-02
-3.10345e+00 -3.51724e+00       5.605e+11  9.677166e-01  8.979559e-02 -9.299785e-03  3.228344e-02
-2.68966e+00 -3.51724e+00       4.459e+11  9.591388e-01  7.043172e-02 -2.348760e-02  4.086122e-02
-2.27586e+00 -3.51724e+00       3.558e+11  9.101439e-01  1.845316e-02 -9.338736e-02  8.985606e-02
-1.86207e+00 -3.51724e+00       2.386e+11  8.020946e-01 -4.263582e-02 -1.387074e-01  1.979054e-01
-1.44828e+00 -3.51724e+00       1.353e+11  6.017898e-01 -2.392188e-01 -7.009024e-02  3.982102e-01
-1.03448e+00 -3.51724e+00       9.113e+10  4.029565e-01 -6.171844e-01  1.192710e-01  5.970435e-01
-6.20690e-01 -3.51724e+00       7.397e+10  3.305437e-01 -8.280009e-01  1.833479e-01  6.694563e-01
-2.06897e-01 -3.51724e+00       6.323e+10  3.330158e-01 -8.550663e-01  2.686433e-02  6.669842e-01
 2.06897e-01 -3.51724e+00       7.289e+10  4.419187e-01 -7.675261e-01 -2.343308e-01  5.580813e-01
 6.20690e-01 -3.51724e+00       1.109e+11  6.093097e-01 -6.131330e-01 -3.254438e-01  3.906903e-01
 1.03448e+00 -3.51724e+00       1.722e+11  7.689973e-01 -4.103196e-01 -2.516988e-01  2.310027e-01
 1.44828e+00 -3.51724e+00       2.446e+11  8.697961e-01 -2.130520e-01 -1.269999e-01  1.302039e-01
 1.86207e+00 -3.51724e+00       2.858e+11  8.880996e-01 -7.875299e-02 -4.548846e-02  1.119004e-01
 2.27586e+00 -3.51724e+00       2.947e+11  8.801297e-01  1.656239e-02 -4.032880e-02  1.198703e-01
 2.68966e+00 -3.51724e+00       3.965e+11  9.279775e-01  6.344396e-02 -4.539970e-02  7.202250e-02
 3.10345e+00 -3.51724e+00       6.348e+11  9.706348e-01  5.414508e-02  4.034992e-03  2.936522e-02
 3.51724e+00 -3.51724e+00       8.028e+11  9.697672e-01  3.694091e-02  7.408362e-02  3.023280e-02
 3.93103e+00 -3.51724e+00       7.434e+11  9.194137e-01  2.738851e-02  1.981150e-01  8.058632e-02
 4.34483e+00 -3.51724e+00       5.896e+11  8.012070e-01  2.817534e-02  4.132613e-01  1.987930e-01
 4.75862e+00 -3.51724e+00       4.953e+11  6.479565e-01  2.234274e-02  6.291429e-01  3.520435e-01
 5.17241e+00 -3.51724e+00       5.407e+11  4.642270e-01  6.748799e-03  7.735427e-01  5.357730e-01
 5.58621e+00 -3.51724e+00       8.181e+11  2.547405e-01  7.178989e-03  8.806431e-01  7.452595e-01
 6.00000e+00 -3.51724e+00       1.236e+12  1.125449e-01  9.453149e-03  9.423256e-01  8.874551e-01
-6.00000e+00 -3.10345e+00       8.616e+11  1.047201e-01 -1.635654e-02 -9.102715e-01  8.952799e-01
-5.58621e+00 -3.10345e+00       5.985e+11  2.532452e-01 -5.080141e-02 -8.588396e-01  7.467548e-01
-5.17241e+00 -3.10345e+00       4.406e+11  4.106198e-01 -6.351124e-02 -7.710110e-01  5.893802e-01
-4.75862e+00 -3.10345e+00       4.577e+11  6.250655e-01 -9.262564e-03 -5.709130e-01  3.749345e-01
-4.34483e+00 -3.10345e+00       5.810e+11  8.137856e-01  3.736133e-02 -3.533176e-01  1.862144e-01
-3.93103e+00 -3.10345e+00       6.250e+11  9.137854e-01  6.334165e-02 -2.129438e-01  8.621460e-02
-3.51724e+00 -3.10345e+00       5.337e+11  9.507600e-01  8.203118e-02 -1.516197e-01  4.923998e-02
-3.10345e+00 -3.10345e+00       4.150e+11  9.380384e-01  6.932055e-02 -1.699964e-01  6.196160e-02
-2.68966e+00 -3.10345e+00       3.015e+11  8.833897e-01  2.161402e-02 -2.025059e-01  1.166103e-01
-2.27586e+00 -3.10345e+00       1.863e+11  8.033630e-01 -7.190527e-02 -1.260304e-01  1.966370e-01
-1.86207e+00 -3.10345e+00       1.142e+11  7.304631e-01 -2.660383e-01  1.385877e-01  2.695369e-01
-1.44828e+00 -3.10345e+00       8.922e+10  6.741387e-01 -4.230694e-01  3.964634e-01  3.258613e-01
-1.03448e+00 -3.10345e+00       7.709e+10  5.800432e-01 -4.500071e-01  4.710851e-01  4.199568e-01
-6.20690e-01 -3.10345e+00       6.470e+10  4.766750e-01 -4.089251e-01  3.252481e-01  5.233250e-01
-2.06897e-01 -3.10345e+00       6.297e+10  4.758366e-01 -3.310989e-01 -3.996913e-02  5.241634e-01
 2.06897e-01 -3.10345e+00       7.854e+10  5.627673e-01 -2.892871e-01 -3.652545e-01  4.372327e-01
 6.20690e-01 -3.10345e+00       1.032e+11  6.275235e-01 -2.907461e-01 -5.262092e-01  3.724765e-01
 1.03448e+00 -3.10345e+00       1.238e+11  6.823721e-01 -3.051952e-01 -5.320240e-01  3.176279e-01
 1.44828e+00 -3.10345e+00       1.482e+11  7.799095e-01 -2.979801e-01 -3.558809e-01  2.200905e-01
 1.86207e+00 -3.10345e+00       2.022e+11  8.781140e-01 -2.219695e-01 -1.035887e-01  1.218860e-01
 2.27586e+00 -3.10345e+00       2.665e+11  9.119605e-01 -1.126107e-01  5.069128e-02  8.803953e-02
 2.68966e+00 -3.10345e+00       3.055e+11  9.155982e-01 -6.979712e-03  9.729529e-02  8.440175e-02
 3.10345e+00 -3.10345e+00       3.981e+11  9.410331e-01  5.732451e-02  1.037324e-01  5.896694e-02
 3.51724e+00 -3.10345e+00       6.014e+11  9.626991e-01  5.434413e-02  1.405650e-01  3.730090e-02
 3.93103e+00 -3.10345e+00       7.327e+11  9.471058e-01  3.639761e-02  2.034261e-01  5.289419e-02
 4.34483e+00 -3.10345e+00       6.568e+11  8.745057e-01  2.658986e-02  3.250825e-01  1.254943e-01
 4.75862e+00 -3.10345e+00       5.098e+11  7.280138e-01  2.519454e-02  5.257176e-01  2.719862e-01
 5.17241e+00 -3.10345e+00       4.400e+11  5.383193e-01  1.393710e-02  7.138377e-01  4.616807e-01
 5.58621e+00 -3.10345e+00       5.371e+11  3.022937e-01  3.638995e-03  8.380601e-01  6.977063e-01
 6.00000e+00 -3.10345e+00       8.325e+11  9.792610e-02  8.441471e-03  9.163308e-01  9.020739e-01
-6.00000e+00 -2.68966e+00       5.941e+11  1.271553e-01 -3.622364e-02 -8.812048e-01  8.728447e-01
-5.58621e+00 -2.68966e+00       4.208e+11  2.966801e-01 -6.743439e-02 -8.208575e-01  7.033199e-01
-5.17241e+00 -2.68966e+00       3.814e+11  5.121207e-01 -3.671259e-02 -6.705136e-01  4.878793e-01
-4.75862e+00 -2.68966e+00       4.790e+11  7.377797e-01  2.164539e-02 -4.573202e-01  2.622203e-01
-4.34483e+00 -2.68966e+00       5.616e+11  8.704671e-01  5.312578e-02 -3.084787e-01  1.295329e-01
-3.93103e+00 -2.68966e+00       5.108e+11  9.260018e-01  7.409637e-02 -2.376450e-01  7.399816e-02
-3.51724e+00 -2.68966e+00       3.956e+11  9.236578e-01  7.370702e-02 -2.411436e-01  7.634223e-02
-3.10345e+00 -2.68966e+00       2.815e+11  8.816768e-01  3.571852e-02 -2.571331e-01  1.183232e-01
-2.68966e+00 -2.68966e+00       1.824e+11  8.449518e-01 -4.732100e-02 -1.534426e-01  1.550482e-01
-2.27586e+00 -2.68966e+00       1.431e+11  8.587438e-01 -1.531956e-01  1.265833e-01  1.412562e-01
-1.86207e+00 -2.68966e+00       1.981e+11  8.389527e-01 -1.404006e-01  3.847523e-01  1.610473e-01
-1.44828e+00 -2.68966e+00       3.568e+11  7.229663e-01 -1.078672e-01  5.513792e-01  2.770337e-01
-1.03448e+00 -2.68966e+00       5.360e+11  5.340031e-01 -1.245673e-01  6.401516e-01  4.659969e-01
-6.20690e-01 -2.68966e+00       5.991e+11  2.599641e-01 -1.740856e-01  5.530260e-01  7.400359e-01
-2.06897e-01 -2.68966e+00       6.018e+11  4.181277e-02 -2.236014e-01  8.201955e-02  9.581872e-01
 2.06897e-01 -2.68966e+00       7.049e+11  1.780561e-01 -2.061242e-01 -4.921939e-01  8.219439e-01
 6.20690e-01 -2.68966e+00       8.305e+11  4.529071e-01 -1.465201e-01 -6.872124e-01  5.470929e-01
 1.03448e+00 -2.68966e+00       7.518e+11  6.436662e-01 -9.466501e-02 -6.561314e-01  3.563338e-01
 1.44828e+00 -2.68966e+00       5.013e+11  7.711618e-01 -6.831979e-02 -5.391795e-01  2.288382e-01
 1.86207e+00 -2.68966e+00       3.056e+11  8.707951e-01 -9.165347e-02 -3.456705e-01  1.292049e-01
 2.27586e+00 -2.68966e+00       2.463e+11  9.229946e-01 -1.260152e-01 -9.240422e-02  7.700544e-02
 2.68966e+00 -2.68966e+00       2.651e+11  9.255674e-01 -8.275363e-02  1.034059e-01  7.443257e-02
 3.10345e+00 -2.68966e+00       3.043e+11  9.231667e-01  4.478719e-03  1.767045e-01  7.683326e-02
 3.51724e+00 -2.68966e+00       4.099e+11  9.412157e-01  5.672688e-02  1.950597e-01  5.878426e-02
 3.93103e+00 -2.68966e+00       5.862e+11  9.473668e-01  4.985941e-02  2.298409e-01  5.263316e-02
 4.34483e+00 -2.68966e+00       6.488e+11  9.136876e-01  3.303889e-02  2.957071e-01  8.631239e-02
 4.75862e+00 -2.68966e+00       5.374e+11  8.129434e-01  2.539210e-02  4.287812e-01  1.870566e-01
 5.17241e+00 -2.68966e+00       4.083e+11  6.337151e-01  2.010329e-02  6.224634e-01  3.662849e-01
 5.58621e+00 -2.68966e+00       3.894e+11  3.902144e-01  4.750941e-03  7.826598e-01  6.097856e-01
 6.00000e+00 -2.68966e+00       5.458e+11  1.295551e-01  4.693621e-03  8.798051e-01  8.704449e-01
-6.00000e+00 -2.27586e+00       3.186e+11  1.544514e-01 -7.518548e-02 -7.658080e-01  8.455486e-01
-5.58621e+00 -2.27586e+00       2.751e+11  3.982044e-01 -8.913659e-02 -6.756937e-01  6.017956e-01
-5.17241e+00 -2.27586e+00       3.524e+11  6.396034e-01 -1.422523e-02 -5.260457e-01  3.603966e-01
-4.75862e+00 -2.27586e+00       4.657e+11  8.140211e-01  3.323422e-02 -3.744884e-01  1.859789e-01
-4.34483e+00 -2.27586e+00       4.816e+11  9.018682e-01  5.736261e-02 -2.858945e-01  9.813176e-02
-3.93103e+00 -2.27586e+00       3.934e+11  9.208757e-01  7.095984e-02 -2.690023e-01  7.912435e-02
-3.51724e+00 -2.27586e+00       2.839e+11  8.935606e-01  5.218215e-02 -2.837849e-01  1.064394e-01
-3.10345e+00 -2.27586e+00       2.021e+11  8.770313e-01 -9.435666e-03 -1.980071e-01  1.229687e-01
-2.68966e+00 -2.27586e+00       2.426e+11  9.331418e-01 -5.665164e-02  6.416001e-02  6.685823e-02
-2.27586e+00 -2.27586e+00       5.760e+11  9.589977e-01 -2.609642e-02  2.145724e-01  4.100227e-02
-1.86207e+00 -2.27586e+00       1.195e+12  9.485731e-01 -1.001014e-03  2.804614e-01  5.142694e-02
-1.44828e+00 -2.27586e+00       1.576e+12  9.302975e-01  2.037560e-02  3.317910e-01  6.970247e-02
-1.03448e+00 -2.27586e+00       1.284e+12  9.070247e-01  5.243981e-02  3.713922e-01  9.297533e-02
-6.20690e-01 -2.27586e+00       6.996e+11  8.798443e-01  1.036565e-01  3.659976e-01  1.201557e-01
-2.06897e-01 -2.27586e+00       3.491e+11  8.594600e-01  1.549175e-01  1.852341e-01  1.405400e-01
 2.06897e-01 -2.27586e+00       3.565e+11  8.725996e-01  1.115413e-01 -1.990573e-01  1.274004e-01
 6.20690e-01 -2.27586e+00       7.676e+11  9.048432e-01  2.771611e-02 -3.357876e-01  9.515685e-02
 1.03448e+00 -2.27586e+00       1.517e+12  9.307171e-01 -1.599411e-02 -3.248494e-01  6.928295e-02
 1.44828e+00 -2.27586e+00       1.967e+12  9.483078e-01 -3.280359e-02 -2.899748e-01  5.169215e-02
 1.86207e+00 -2.27586e+00       1.562e+12  9.603121e-01 -3.762379e-02 -2.510647e-01  3.968788e-02
 2.27586e+00 -2.27586e+00       8.081e+11  9.679668e-01 -4.432859e-02 -1.926003e-01  3.203315e-02
 2.68966e+00 -2.27586e+00       3.823e+11  9.625654e-01 -6.381047e-02 -4.884286e-02  3.743457e-02
 3.10345e+00 -2.27586e+00       2.818e+11  9.374275e-01 -4.261493e-02  1.460085e-01  6.257249e-02
 3.51724e+00 -2.27586e+00       3.105e+11  9.304540e-01  2.740116e-02  2.222985e-01  6.954598e-02
 3.93103e+00 -2.27586e+00       4.305e+11  9.421875e-01  5.425474e-02  2.427183e-01  5.781251e-02
 4.34483e+00 -2.27586e+00       5.549e+11  9.315619e-01  3.945695e-02  2.807204e-01  6.843815e-02
 4.75862e+00 -2.27586e+00       5.352e+11  8.699367e-01  2.323255e-02  3.693703e-01  1.300633e-01
 5.17241e+00 -2.27586e+00       4.213e+11  7.421314e-01  1.500545e-02  5.299595e-01  2.578686e-01
 5.58621e+00 -2.27586e+00       3.419e+11  5.747847e-01  8.063840e-03  6.843656e-01  4.252153e-01
 6.00000e+00 -2.27586e+00       3.672e+11  3.211438e-01  1.028602e-02  7.868181e-01  6.788562e-01
-6.00000e+00 -1.86207e+00       3.337e+11  3.458283e-01 -1.349832e-01 -7.965499e-01  6.541717e-01
-5.58621e+00 -1.86207e+00       2.960e+11  5.381864e-01 -9.768503e-02 -6.612300e-01  4.618136e-01
-5.17241e+00 -1.86207e+00       3.585e+11  7.554606e-01 -1.510627e-02 -4.500707e-01  2.445394e-01
-4.75862e+00 -1.86207e+00       4.320e+11  8.812269e-01  2.864456e-02 -3.195637e-01  1.187731e-01
-4.34483e+00 -1.86207e+00       4.012e+11  9.235697e-01  5.516150e-02 -2.743884e-01  7.643031e-02
-3.93103e+00 -1.86207e+00       3.022e+11  9.154869e-01  6.075087e-02 -2.793528e-01  8.451309e-02
-3.51724e+00 -1.86207e+00       2.230e+11  9.004050e-01  2.406188e-02 -2.407671e-01  9.959498e-02
-3.10345e+00 -1.86207e+00       2.913e+11  9.532572e-01 -1.672798e-02 -4.901305e-02  4.674282e-02
-2.68966e+00 -1.86207e+00       7.615e+11  9.895865e-01 -2.430019e-03  5.454535e-02  1.041349e-02
-2.27586e+00 -1.86207e+00       1.608e+12  9.932763e-01  1.156865e-02  8.506431e-02  6.723741e-03
-1.86207e+00 -1.86207e+00       2.005e+12  9.916655e-01  2.089674e-02  1.047118e-01  8.334483e-03
-1.44828e+00 -1.86207e+00       1.435e+12  9.879672e-01  3.241450e-02  1.210662e-01  1.203284e-02
-1.03448e+00 -1.86207e+00       6.603e+11  9.795086e-01  5.644796e-02  1.336575e-01  2.049142e-02
-6.20690e-01 -1.86207e+00       3.174e+11  9.681437e-01  9.564651e-02  1.260649e-01  3.185634e-02
-2.06897e-01 -1.86207e+00       2.490e+11  9.672859e-01  1.016421e-01  9.841947e-02  3.271405e-02
 2.06897e-01 -1.86207e+00       2.246e+11  9.635819e-01  8.644110e-02  6.310293e-02  3.641805e-02
 6.20690e-01 -1.86207e+00       2.695e+11  9.644136e-01  4.194489e-02 -3.116217e-02  3.558637e-02
 1.03448e+00 -1.86207e+00       6.436e+11  9.821340e-01 -3.711477e-03 -9.603105e-02  1.786598e-02
 1.44828e+00 -1.86207e+00       1.532e+12  9.908117e-01 -1.716101e-02 -9.863733e-02  9.188287e-03
 1.86207e+00 -1.86207e+00       2.278e+12  9.936729e-01 -2.252236e-02 -8.979827e-02  6.327091e-03
 2.27586e+00 -1.86207e+00       1.947e+12  9.946699e-01 -2.599771e-02 -7.689229e-02  5.330052e-03
 2.68966e+00 -1.86207e+00       1.008e+12  9.926676e-01 -3.137788e-02 -4.925629e-02  7.332426e-03
 3.10345e+00 -1.86207e+00       4.304e+11  9.760835e-01 -3.836949e-02  4.354856e-02  2.391646e-02
 3.51724e+00 -1.86207e+00       2.860e+11  9.451006e-01 -4.551111e-03  1.872186e-01  5.489939e-02
 3.93103e+00 -1.86207e+00       3.332e+11  9.425240e-01  4.470123e-02  2.384395e-01  5.747602e-02
 4.34483e+00 -1.86207e+00       4.518e+11  9.458250e-01  4.443648e-02  2.575795e-01  5.417499e-02
 4.75862e+00 -1.86207e+00       4.804e+11  9.196055e-01  2.672310e-02  2.992713e-01  8.039452e-02
 5.17241e+00 -1.86207e+00       3.691e+11  8.261483e-01  8.986170e-03  4.072008e-01  1.738517e-01
 5.58621e+00 -1.86207e+00       2.549e+11  6.213546e-01 -1.648178e-02  5.990658e-01  3.786454e-01
 6.00000e+00 -1.86207e+00       2.431e+11  3.113962e-01 -2.714715e-02  7.691798e-01  6.886038e-01
-6.00000e+00 -1.44828e+00       1.682e+11  4.174404e-01  4.939632e-02 -6.575791e-01  5.825596e-01
-5.58621e+00 -1.44828e+00       2.234e+11  7.145345e-01  2.414911e-02 -4.813254e-01  2.854655e-01
-5.17241e+00 -1.44828e+00       3.478e+11  8.591827e-01  3.586229e-02 -3.507404e-01  1.408173e-01
-4.75862e+00 -1.44828e+00       3.993e+11  9.172722e-01  5.352606e-02 -2.782072e-01  8.272783e-02
-4.34483e+00 -1.44828e+00       3.299e+11  9.347361e-01  6.190018e-02 -2.510064e-01  6.526394e-02
-3.93103e+00 -1.44828e+00       2.392e+11  9.268482e-01  4.436640e-02 -2.450026e-01  7.315181e-02
-3.51724e+00 -1.44828e+00       2.512e+11  9.492997e-01  4.972951e-03 -1.399825e-01  5.070030e-02
-3.10345e+00 -1.44828e+00       6.181e+11  9.896920e-01  1.671467e-03 -3.234188e-02  1.030796e-02
-2.68966e+00 -1.44828e+00       1.491e+12  9.980297e-01  1.063769e-02 -6.496674e-03  1.970341e-03
-2.27586e+00 -1.44828e+00       2.147e+12  9.989241e-01  1.582705e-02  4.651082e-03  1.075869e-03
-1.86207e+00 -1.44828e+00       1.747e+12  9.984180e-01  2.099500e-02  1.216143e-02  1.581994e-03
-1.44828e+00 -1.44828e+00       8.904e+11  9.957865e-01  2.907589e-02  1.286820e-02  4.213533e-03
-1.03448e+00 -1.44828e+00       4.121e+11  9.869647e-01  4.200321e-02  1.164821e-03  1.303525e-02
-6.20690e-01 -1.44828e+00       2.894e+11  9.747242e-01  7.893258e-02 -4.777528e-04  2.527578e-02
-2.06897e-01 -1.44828e+00       2.884e+11  9.709509e-01  1.166979e-01  6.938157e-03  2.904910e-02
 2.06897e-01 -1.44828e+00       2.757e+11  9.709940e-01  1.038466e-01  6.973297e-03  2.900602e-02
 6.20690e-01 -1.44828e+00       2.424e+11  9.716439e-01  4.061519e-02  1.474261e-02  2.835606e-02
 1.03448e+00 -1.44828e+00       3.177e+11  9.818781e-01 -1.005539e-02  1.635117e-02  1.812187e-02
 1.44828e+00 -1.44828e+00       7.932e+11  9.941301e-01 -1.324949e-02 -1.788427e-03  5.869932e-03
 1.86207e+00 -1.44828e+00       1.773e+12  9.980386e-01 -1.492278e-02 -6.270572e-03  1.961421e-03
 2.27586e+00 -1.44828e+00       2.368e+12  9.989221e-01 -1.753421e-02 -3.623920e-03  1.077891e-03
 2.68966e+00 -1.44828e+00       1.778e+12  9.985292e-01 -2.006066e-02  3.515707e-03  1.470768e-03
 3.10345e+00 -1.44828e+00       8.224e+11  9.940592e-01 -2.393204e-02  2.849001e-02  5.940848e-03
 3.51724e+00 -1.44828e+00       3.563e+11  9.744599e-01 -1.775909e-02  1.137478e-01  2.554012e-02
 3.93103e+00 -1.44828e+00       2.852e+11  9.555386e-01  2.504991e-02  2.029652e-01  4.446135e-02
 4.34483e+00 -1.44828e+00       3.795e+11  9.551096e-01  4.420924e-02  2.325352e-01  4.489045e-02
 4.75862e+00 -1.44828e+00       4.664e+11  9.435221e-01  3.494876e-02  2.652611e-01  5.647786e-02
 5.17241e+00 -1.44828e+00       4.110e+11  9.012324e-01  2.981420e-02  3.334106e-01  9.876755e-02
 5.58621e+00 -1.44828e+00       2.903e+11  8.005878e-01  3.457074e-02  4.630381e-01  1.994122e-01
 6.00000e+00 -1.44828e+00       2.319e+11  6.058320e-01  2.395401e-02  6.297460e-01  3.941680e-01
-6.00000e+00 -1.03448e+00       2.045e+11  6.646093e-01 -9.127099e-02 -5.994653e-01  3.353907e-01
-5.58621e+00 -1.03448e+00       2.370e+11  8.187448e-01 -3.223102e-02 -3.982966e-01  1.812552e-01
-5.17241e+00 -1.03448e+00       3.168e+11  9.186320e-01  8.447398e-03 -2.525469e-01  8.136797e-02
-4.75862e+00 -1.03448e+00       3.366e+11  9.572400e-01  2.166205e-02 -1.990908e-01  4.276002e-02
-4.34483e+00 -1.03448e+00       2.755e+11  9.619221e-01  3.102043e-02 -1.963800e-01  3.807793e-02
-3.93103e+00 -1.03448e+00       2.212e+11  9.578835e-01  2.216415e-02 -1.778848e-01  4.211645e-02
-3.51724e+00 -1.03448e+00       3.677e+11  9.827424e-01  3.094663e-03 -8.287931e-02  1.725761e-02
-3.10345e+00 -1.03448e+00       1.022e+12  9.965598e-01  7.021905e-03 -4.410449e-02  3.440204e-03
-2.68966e+00 -1.03448e+00       1.956e+12  9.987276e-01  1.105681e-02 -3.497943e-02  1.272446e-03
-2.27586e+00 -1.03448e+00       2.106e+12  9.989551e-01  1.368499e-02 -3.047857e-02  1.044930e-03
-1.86207e+00 -1.03448e+00       1.361e+12  9.982551e-01  1.868044e-02 -2.930232e-02  1.744944e-03
-1.44828e+00 -1.03448e+00       8.546e+11  9.965341e-01  2.953100e-02 -3.013995e-02  3.465856e-03
-1.03448e+00 -1.03448e+00       1.099e+12  9.971864e-01  2.839468e-02 -2.268654e-02  2.813614e-03
-6.20690e-01 -1.03448e+00       1.712e+12  9.985875e-01  1.581167e-02 -1.021324e-02  1.412477e-03
-2.06897e-01 -1.03448e+00       2.097e+12  9.990779e-01  5.594446e-03  7.220775e-03  9.220781e-04
 2.06897e-01 -1.03448e+00       1.968e+12  9.987417e-01  3.071982e-03  2.777368e-02  1.258275e-03
 6.20690e-01 -1.03448e+00       1.417e+12  9.976477e-01  7.804152e-03  4.524815e-02  2.352305e-03
 1.03448e+00 -1.03448e+00       8.063e+11  9.955629e-01  1.174573e-02  5.402172e-02  4.437101e-03
 1.44828e+00 -1.03448e+00       6.286e+11  9.947916e-01  2.960385e-04  4.214055e-02  5.208401e-03
 1.86207e+00 -1.03448e+00       1.228e+12  9.977675e-01 -9.500119e-03  2.689325e-02  2.232527e-03
 2.27586e+00 -1.03448e+00       2.162e+12  9.989584e-01 -1.210577e-02  2.468743e-02  1.041550e-03
 2.68966e+00 -1.03448e+00       2.189e+12  9.990813e-01 -1.390446e-02  2.637770e-02  9.186513e-04
 3.10345e+00 -1.03448e+00       1.260e+12  9.979910e-01 -1.582823e-02  3.383819e-02  2.008969e-03
 3.51724e+00 -1.03448e+00       5.098e+11  9.914252e-01 -1.533413e-02  6.753010e-02  8.574752e-03
 3.93103e+00 -1.03448e+00       2.826e+11  9.776132e-01  7.311145e-03  1.376647e-01  2.238679e-02
 4.34483e+00 -1.03448e+00       3.095e+11  9.755164e-01  2.779268e-02  1.669801e-01  2.448358e-02
 4.75862e+00 -1.03448e+00       3.814e+11  9.723681e-01  2.268542e-02  1.835960e-01  2.763186e-02
 5.17241e+00 -1.03448e+00       3.510e+11  9.490340e-01  1.171800e-02  2.278781e-01  5.096603e-02
 5.58621e+00 -1.03448e+00       2.350e+11  8.763813e-01 -8.564419e-03  3.416516e-01  1.236187e-01
 6.00000e+00 -1.03448e+00       1.561e+11  6.982436e-01 -3.777323e-02  5.309078e-01  3.017564e-01
-6.00000e+00 -6.20690e-01       1.498e+11  8.781119e-01 -8.273830e-02 -3.225970e-01  1.218881e-01
-5.58621e+00 -6.20690e-01       2.298e+11  9.351766e-01 -5.929752e-03 -2.334311e-01  6.482344e-02
-5.17241e+00 -6.20690e-01       3.198e+11  9.657100e-01  2.449768e-02 -1.682009e-01  3.429003e-02
-4.75862e+00 -6.20690e-01       3.135e+11  9.792014e-01  2.910191e-02 -1.349478e-01  2.079856e-02
-4.34483e+00 -6.20690e-01       2.391e+11  9.812369e-01  2.219135e-02 -1.300341e-01  1.876313e-02
-3.93103e+00 -6.20690e-01       2.232e+11  9.834259e-01  7.104022e-03 -1.054924e-01  1.657406e-02
-3.51724e+00 -6.20690e-01       5.040e+11  9.948902e-01  2.572374e-03 -5.351092e-02  5.109821e-03
-3.10345e+00 -6.20690e-01       1.330e+12  9.985310e-01  6.103658e-03 -3.948706e-02  1.469032e-03
-2.68966e+00 -6.20690e-01       2.142e+12  9.990835e-01  7.979757e-03 -3.594813e-02  9.164989e-04
-2.27586e+00 -6.20690e-01       1.951e+12  9.990203e-01  9.484596e-03 -3.526854e-02  9.797306e-04
-1.86207e+00 -6.20690e-01       1.248e+12  9.985074e-01  1.197193e-02 -3.785311e-02  1.492577e-03
-1.44828e+00 -6.20690e-01       1.135e+12  9.983204e-01  8.842774e-03 -3.836453e-02  1.679553e-03
-1.03448e+00 -6.20690e-01       1.496e+12  9.987870e-01 -2.298400e-03 -3.319740e-02  1.212964e-03
-6.20690e-01 -6.20690e-01       1.589e+12  9.990128e-01 -1.514619e-02 -2.422791e-02  9.872044e-04
-2.06897e-01 -6.20690e-01       1.353e+12  9.988744e-01 -2.741260e-02 -4.823542e-03  1.125586e-03
 2.06897e-01 -6.20690e-01       1.251e+12  9.984510e-01 -2.973543e-02  2.556430e-02  1.548997e-03
 6.20690e-01 -6.20690e-01       1.278e+12  9.980467e-01 -2.082280e-02  4.710738e-02  1.953280e-03
 1.03448e+00 -6.20690e-01       1.063e+12  9.976001e-01 -1.098948e-02  5.552487e-02  2.399938e-03
 1.44828e+00 -6.20690e-01       7.501e+11  9.971744e-01 -4.896914e-03  5.047444e-02  2.825569e-03
 1.86207e+00 -6.20690e-01       9.852e+11  9.982968e-01 -5.739539e-03  2.997161e-02  1.703159e-03
 2.27586e+00 -6.20690e-01       1.870e+12  9.992665e-01 -7.667887e-03  2.296165e-02  7.335410e-04
 2.68966e+00 -6.20690e-01       2.284e+12  9.994961e-01 -8.787230e-03  2.266773e-02  5.039347e-04
 3.10345e+00 -6.20690e-01       1.559e+12  9.993041e-01 -9.500138e-03  2.515614e-02  6.959468e-04
 3.51724e+00 -6.20690e-01       6.686e+11  9.977708e-01 -8.779558e-03  3.741504e-02  2.229237e-03
 3.93103e+00 -6.20690e-01       3.025e+11  9.928007e-01  2.272501e-03  7.381551e-02  7.199332e-03
 4.34483e+00 -6.20690e-01       2.871e+11  9.898902e-01  1.918437e-02  1.021141e-01  1.010980e-02
 4.75862e+00 -6.20690e-01       3.795e+11  9.880551e-01  1.920143e-02  1.187972e-01  1.194494e-02
 5.17241e+00 -6.20690e-01       3.882e+11  9.805413e-01  1.236455e-02  1.494583e-01  1.945875e-02
 5.58621e+00 -6.20690e-01       2.864e+11  9.631851e-01  5.737639e-03  2.051615e-01  3.681487e-02
 6.00000e+00 -6.20690e-01       1.856e+11  9.273494e-01  8.629722e-04  2.743762e-01  7.265057e-02
-6.00000e+00 -2.06897e-01       1.192e+11  9.830421e-01 -2.614263e-02 -1.117474e-01  1.695795e-02
-5.58621e+00 -2.06897e-01       2.185e+11  9.918493e-01 -3.435830e-03 -8.358882e-02  8.150734e-03
-5.17241e+00 -2.06897e-01       3.174e+11  9.954929e-01  5.894488e-03 -6.382918e-02  4.507099e-03
-4.75862e+00 -2.06897e-01       3.083e+11  9.969210e-01  7.275651e-03 -5.377489e-02  3.078957e-03
-4.34483e+00 -2.06897e-01       2.289e+11  9.968349e-01  3.320384e-03 -5.225291e-02  3.165051e-03
-3.93103e+00 -2.06897e-01       2.323e+11  9.972696e-01 -2.303994e-03 -4.150036e-02  2.730399e-03
-3.51724e+00 -2.06897e-01       5.879e+11  9.990794e-01  1.997710e-04 -2.518542e-02  9.206111e-04
-3.10345e+00 -2.06897e-01       1.478e+12  9.995992e-01  2.603430e-03 -2.129216e-02  4.008119e-04
-2.68966e+00 -2.06897e-01       2.186e+12  9.996537e-01  3.316519e-03 -2.085934e-02  3.462572e-04
-2.27586e+00 -2.06897e-01       1.862e+12  9.995367e-01  3.344463e-03 -2.267184e-02  4.633160e-04
-1.86207e+00 -2.06897e-01       1.248e+12  9.993433e-01  1.475944e-03 -2.594374e-02  6.566943e-04
-1.44828e+00 -2.06897e-01       1.247e+12  9.994810e-01 -3.957796e-03 -2.326548e-02  5.190159e-04
-1.03448e+00 -2.06897e-01       1.439e+12  9.996915e-01 -8.362734e-03 -1.860282e-02  3.085142e-04
-6.20690e-01 -2.06897e-01       1.261e+12  9.997626e-01 -1.164212e-02 -1.584578e-02  2.373544e-04
-2.06897e-01 -2.06897e-01       9.764e+11  9.996935e-01 -1.434609e-02 -1.229580e-02  3.064991e-04
 2.06897e-01 -2.06897e-01       9.292e+11  9.995251e-01 -1.582980e-02  6.023161e-04  4.749338e-04
 6.20690e-01 -2.06897e-01       1.050e+12  9.994120e-01 -1.409019e-02  1.770201e-02  5.880210e-04
 1.03448e+00 -2.06897e-01       1.034e+12  9.993497e-01 -9.983353e-03  2.653831e-02  6.503342e-04
 1.44828e+00 -2.06897e-01       8.058e+11  9.992527e-01 -5.571115e-03  2.530497e-02  7.472597e-04
 1.86207e+00 -2.06897e-01       9.146e+11  9.994524e-01 -3.007902e-03  1.108899e-02  5.476456e-04
 2.27586e+00 -2.06897e-01       1.712e+12  9.997969e-01 -3.473345e-03  3.642323e-03  2.031418e-04
 2.68966e+00 -2.06897e-01       2.272e+12  9.999148e-01 -3.879780e-03  2.725495e-03  8.520997e-05
 3.10345e+00 -2.06897e-01       1.692e+12  9.999204e-01 -3.743758e-03  3.316803e-03  7.963566e-05
 3.51724e+00 -2.06897e-01       7.625e+11  9.997710e-01 -2.535236e-03  6.298822e-03  2.289619e-04
 3.93103e+00 -2.06897e-01       3.246e+11  9.992161e-01  1.666782e-03  1.482465e-02  7.839201e-04
 4.34483e+00 -2.06897e-01       2.842e+11  9.988550e-01  5.281586e-03  2.216251e-02  1.145019e-03
 4.75862e+00 -2.06897e-01       3.709e+11  9.988515e-01  3.004195e-03  2.779151e-02  1.148532e-03
 5.17241e+00 -2.06897e-01       3.811e+11  9.983930e-01 -7.559081e-04  3.604685e-02  1.607028e-03
 5.58621e+00 -2.06897e-01       2.838e+11  9.969516e-01 -4.497206e-03  4.870807e-02  3.048375e-03
 6.00000e+00 -2.06897e-01       1.850e+11  9.933746e-01 -8.091168e-03  6.679937e-02  6.625421e-03
-6.00000e+00  2.06897e-01       1.188e+11  9.836533e-01  1.729464e-03  7.158773e-02  1.634670e-02
-5.58621e+00  2.06897e-01       2.185e+11  9.925057e-01 -7.109643e-03  5.742761e-02  7.494283e-03
-5.17241e+00  2.06897e-01       3.173e+11  9.962709e-01 -1.165361e-02  4.597094e-02  3.729065e-03
-4.75862e+00  2.06897e-01       3.075e+11  9.976788e-01 -1.786556e-02  3.727937e-02  2.321208e-03
-4.34483e+00  2.06897e-01       2.278e+11  9.980693e-01 -2.096632e-02  3.234253e-02  1.930688e-03
-3.93103e+00  2.06897e-01       2.314e+11  9.987174e-01 -1.259681e-02  1.917413e-02  1.282556e-03
-3.51724e+00  2.06897e-01       5.889e+11  9.996383e-01 -3.418219e-03  4.768842e-03  3.617428e-04
-3.10345e+00  2.06897e-01       1.484e+12  9.998540e-01 -1.684557e-03  1.833480e-03  1.459707e-04
-2.68966e+00  2.06897e-01       2.198e+12  9.998580e-01 -1.849153e-03  7.869411e-05  1.419984e-04
-2.27586e+00  2.06897e-01       1.880e+12  9.997635e-01 -3.303330e-03 -3.088797e-03  2.364760e-04
-1.86207e+00  2.06897e-01       1.273e+12  9.996020e-01 -8.060291e-03 -5.452531e-03  3.979703e-04
-1.44828e+00  2.06897e-01       1.283e+12  9.996311e-01 -1.203815e-02  1.291382e-03  3.689274e-04
-1.03448e+00  2.06897e-01       1.478e+12  9.997366e-01 -1.034457e-02  7.863446e-03  2.634401e-04
-6.20690e-01  2.06897e-01       1.284e+12  9.997492e-01 -9.102201e-03  9.206028e-03  2.508164e-04
-2.06897e-01  2.06897e-01       9.789e+11  9.996917e-01 -1.203330e-02  4.396752e-03  3.083034e-04
 2.06897e-01  2.06897e-01       9.320e+11  9.997282e-01 -1.259734e-02 -1.626623e-03  2.717971e-04
 6.20690e-01  2.06897e-01       1.074e+12  9.998474e-01 -7.554543e-03 -4.208193e-03  1.526037e-04
 1.03448e+00  2.06897e-01       1.070e+12  9.998928e-01 -4.003734e-03 -6.478369e-03  1.072360e-04
 1.44828e+00  2.06897e-01       8.318e+11  9.998072e-01 -1.867504e-03 -1.016990e-02  1.928041e-04
 1.86207e+00  2.06897e-01       9.253e+11  9.996371e-01  1.313299e-04 -1.795331e-02  3.628595e-04
 2.27586e+00  2.06897e-01       1.715e+12  9.996570e-01  3.404383e-04 -2.162454e-02  3.430045e-04
 2.68966e+00  2.06897e-01       2.272e+12  9.996955e-01  7.329560e-04 -2.215797e-02  3.045157e-04
 3.10345e+00  2.06897e-01       1.691e+12  9.996642e-01  1.811809e-03 -2.269286e-02  3.357565e-04
 3.51724e+00  2.06897e-01       7.630e+11  9.993324e-01  3.929106e-03 -2.642712e-02  6.675621e-04
 3.93103e+00  2.06897e-01       3.259e+11  9.980012e-01  2.684248e-03 -4.342603e-02  1.998764e-03
 4.34483e+00  2.06897e-01       2.855e+11  9.969248e-01 -9.193097e-03 -6.176455e-02  3.075167e-03
 4.75862e+00  2.06897e-01       3.720e+11  9.966086e-01 -1.366384e-02 -6.652070e-02  3.391407e-03
 5.17241e+00  2.06897e-01       3.818e+11  9.950141e-01 -1.397979e-02 -7.684255e-02  4.985950e-03
 5.58621e+00  2.06897e-01       2.844e+11  9.910280e-01 -1.909718e-02 -1.014383e-01  8.972006e-03
 6.00000e+00  2.06897e-01       1.861e+11  9.838700e-01 -2.670968e-02 -1.357670e-01  1.613002e-02
-6.00000e+00  6.20690e-01       1.481e+11  8.886783e-01  6.430647e-02  2.784957e-01  1.113217e-01
-5.58621e+00  6.20690e-01       2.292e+11  9.413264e-01 -4.896467e-03  2.052415e-01  5.867357e-02
-5.17241e+00  6.20690e-01       3.187e+11  9.693664e-01 -3.220202e-02  1.499599e-01  3.063358e-02
-4.75862e+00  6.20690e-01       3.111e+11  9.815544e-01 -4.072167e-02  1.183553e-01  1.844556e-02
-4.34483e+00  6.20690e-01       2.361e+11  9.843263e-01 -3.973174e-02  1.110424e-01  1.567372e-02
-3.93103e+00  6.20690e-01       2.208e+11  9.874884e-01 -2.351163e-02  8.438728e-02  1.251162e-02
-3.51724e+00  6.20690e-01       5.061e+11  9.966447e-01 -7.460674e-03  3.337801e-02  3.355263e-03
-3.10345e+00  6.20690e-01       1.344e+12  9.992155e-01 -5.892487e-03  2.063602e-02  7.844745e-04
-2.68966e+00  6.20690e-01       2.174e+12  9.995556e-01 -6.927950e-03  1.649099e-02  4.444120e-04
-2.27586e+00  6.20690e-01       1.999e+12  9.994861e-01 -9.433395e-03  1.221032e-02  5.138619e-04
-1.86207e+00  6.20690e-01       1.316e+12  9.990368e-01 -1.642061e-02  9.269878e-03  9.631644e-04
-1.44828e+00  6.20690e-01       1.239e+12  9.986180e-01 -2.190005e-02  1.805654e-02  1.381959e-03
-1.03448e+00  6.20690e-01       1.643e+12  9.988233e-01 -1.362079e-02  2.735767e-02  1.176681e-03
-6.20690e-01  6.20690e-01       1.752e+12  9.990507e-01 -3.967079e-04  2.900262e-02  9.493476e-04
-2.06897e-01  6.20690e-01       1.503e+12  9.991873e-01  1.199509e-02  2.052529e-02  8.126949e-04
 2.06897e-01  6.20690e-01       1.405e+12  9.992914e-01  1.494868e-02 -1.384353e-03  7.086330e-04
 6.20690e-01  6.20690e-01       1.442e+12  9.992437e-01  8.986449e-03 -2.173772e-02  7.562905e-04
 1.03448e+00  6.20690e-01       1.195e+12  9.989996e-01  2.838322e-03 -3.314835e-02  1.000434e-03
 1.44828e+00  6.20690e-01       8.178e+11  9.986050e-01  6.761317e-04 -3.913415e-02  1.395043e-03
 1.86207e+00  6.20690e-01       1.007e+12  9.986253e-01  2.936877e-03 -4.086225e-02  1.374708e-03
 2.27586e+00  6.20690e-01       1.873e+12  9.989075e-01  4.067858e-03 -4.053539e-02  1.092496e-03
 2.68966e+00  6.20690e-01       2.280e+12  9.989774e-01  5.402486e-03 -4.080711e-02  1.022574e-03
 3.10345e+00  6.20690e-01       1.555e+12  9.986675e-01  7.474140e-03 -4.318905e-02  1.332528e-03
 3.51724e+00  6.20690e-01       6.685e+11  9.964610e-01  1.007139e-02 -5.688637e-02  3.538973e-03
 3.93103e+00  6.20690e-01       3.046e+11  9.890780e-01  7.925207e-04 -1.032930e-01  1.092199e-02
 4.34483e+00  6.20690e-01       2.900e+11  9.844587e-01 -2.263727e-02 -1.415402e-01  1.554128e-02
 4.75862e+00  6.20690e-01       3.833e+11  9.819678e-01 -2.528790e-02 -1.564807e-01  1.803218e-02
 5.17241e+00  6.20690e-01       3.920e+11  9.715470e-01 -1.945044e-02 -1.874836e-01  2.845298e-02
 5.58621e+00  6.20690e-01       2.902e+11  9.475816e-01 -1.730575e-02 -2.527371e-01  5.241838e-02
 6.00000e+00  6.20690e-01       1.901e+11  9.041765e-01 -1.839886e-02 -3.336020e-01  9.582350e-02
-6.00000e+00  1.03448e+00       1.978e+11  6.946091e-01  7.118865e-02  5.625610e-01  3.053909e-01
-5.58621e+00  1.03448e+00       2.330e+11  8.356142e-01  1.067119e-02  3.679907e-01  1.643858e-01
-5.17241e+00  1.03448e+00       3.139e+11  9.249469e-01 -2.152842e-02  2.320987e-01  7.505306e-02
-4.75862e+00  1.03448e+00       3.329e+11  9.595938e-01 -3.119971e-02  1.835343e-01  4.040619e-02
-4.34483e+00  1.03448e+00       2.699e+11  9.645429e-01 -4.359740e-02  1.824605e-01  3.545706e-02
-3.93103e+00  1.03448e+00       2.151e+11  9.626383e-01 -3.854332e-02  1.623729e-01  3.736168e-02
-3.51724e+00  1.03448e+00       3.674e+11  9.859336e-01 -1.178753e-02  6.394261e-02  1.406636e-02
-3.10345e+00  1.03448e+00       1.042e+12  9.975024e-01 -8.588262e-03  2.647489e-02  2.497594e-03
-2.68966e+00  1.03448e+00       2.009e+12  9.991306e-01 -1.101654e-02  1.765187e-02  8.694271e-04
-2.27586e+00  1.03448e+00       2.188e+12  9.991926e-01 -1.430702e-02  1.163565e-02  8.074069e-04
-1.86207e+00  1.03448e+00       1.464e+12  9.984439e-01 -2.149952e-02  6.533126e-03  1.556116e-03
-1.44828e+00  1.03448e+00       9.879e+11  9.967414e-01 -3.658531e-02  8.949066e-03  3.258583e-03
-1.03448e+00  1.03448e+00       1.304e+12  9.970641e-01 -3.899060e-02  1.744406e-02  2.935875e-03
-6.20690e-01  1.03448e+00       2.027e+12  9.984143e-01 -2.655443e-02  1.567768e-02  1.585713e-03
-2.06897e-01  1.03448e+00       2.495e+12  9.991628e-01 -1.490541e-02  4.564106e-03  8.371995e-04
 2.06897e-01  1.03448e+00       2.356e+12  9.992092e-01 -1.026482e-02 -1.210126e-02  7.908424e-04
 6.20690e-01  1.03448e+00       1.699e+12  9.985897e-01 -1.244313e-02 -2.870914e-02  1.410332e-03
 1.03448e+00  1.03448e+00       9.543e+11  9.972530e-01 -1.409505e-02 -4.143586e-02  2.746985e-03
 1.44828e+00  1.03448e+00       6.862e+11  9.964057e-01 -2.811043e-03 -4.641896e-02  3.594315e-03
 1.86207e+00  1.03448e+00       1.243e+12  9.979083e-01  5.500174e-03 -4.208189e-02  2.091707e-03
 2.27586e+00  1.03448e+00       2.156e+12  9.986094e-01  7.826667e-03 -4.082697e-02  1.390594e-03
 2.68966e+00  1.03448e+00       2.177e+12  9.985937e-01  1.020936e-02 -4.249895e-02  1.406294e-03
 3.10345e+00  1.03448e+00       1.255e+12  9.972192e-01  1.354813e-02 -5.023075e-02  2.780791e-03
 3.51724e+00  1.03448e+00       5.141e+11  9.890847e-01  1.570549e-02 -8.743811e-02  1.091528e-02
 3.93103e+00  1.03448e+00       2.891e+11  9.718131e-01 -8.127747e-03 -1.680448e-01  2.818685e-02
 4.34483e+00  1.03448e+00       3.145e+11  9.677317e-01 -3.475787e-02 -2.034992e-01  3.226828e-02
 4.75862e+00  1.03448e+00       3.872e+11  9.629453e-01 -2.913601e-02 -2.199762e-01  3.705465e-02
 5.17241e+00  1.03448e+00       3.581e+11  9.348633e-01 -1.517784e-02 -2.651355e-01  6.513669e-02
 5.58621e+00  1.03448e+00       2.421e+11  8.519360e-01  4.305758e-03 -3.832333e-01  1.480640e-01
 6.00000e+00  1.03448e+00       1.630e+11  6.664972e-01  2.546654e-02 -5.706026e-01  3.335028e-01
-6.00000e+00  1.44828e+00       1.647e+11  4.296077e-01 -6.401605e-02  6.458490e-01  5.703923e-01
-5.58621e+00  1.44828e+00       2.226e+11  7.189829e-01 -3.480027e-02  4.675421e-01  2.810171e-01
-5.17241e+00  1.44828e+00       3.480e+11  8.615585e-01 -3.875158e-02  3.401096e-01  1.384415e-01
-4.75862e+00  1.44828e+00       3.971e+11  9.189219e-01 -5.653626e-02  2.692143e-01  8.107809e-02
-4.34483e+00  1.44828e+00       3.246e+11  9.365341e-01 -7.063908e-02  2.412047e-01  6.346593e-02
-3.93103e+00  1.44828e+00       2.322e+11  9.305467e-01 -5.973321e-02  2.337184e-01  6.945333e-02
-3.51724e+00  1.44828e+00       2.461e+11  9.535646e-01 -1.923864e-02  1.241594e-01  4.643541e-02
-3.10345e+00  1.44828e+00       6.263e+11  9.908987e-01 -6.310874e-03  1.631766e-02  9.101319e-03
-2.68966e+00  1.44828e+00       1.532e+12  9.980135e-01 -1.179300e-02 -8.164092e-03  1.986486e-03
-2.27586e+00  1.44828e+00       2.229e+12  9.985408e-01 -1.740332e-02 -1.916920e-02  1.459239e-03
-1.86207e+00  1.44828e+00       1.862e+12  9.977514e-01 -2.498688e-02 -2.712989e-02  2.248571e-03
-1.44828e+00  1.44828e+00       1.034e+12  9.951233e-01 -3.555511e-02 -2.734823e-02  4.876707e-03
-1.03448e+00  1.44828e+00       5.553e+11  9.884849e-01 -4.448161e-02 -1.578817e-02  1.151506e-02
-6.20690e-01  1.44828e+00       4.044e+11  9.795100e-01 -6.969620e-02 -1.809260e-02  2.049000e-02
-2.06897e-01  1.44828e+00       3.807e+11  9.755068e-01 -1.044489e-01 -3.009800e-02  2.449321e-02
 2.06897e-01  1.44828e+00       3.543e+11  9.756116e-01 -9.546543e-02 -3.271072e-02  2.438840e-02
 6.20690e-01  1.44828e+00       3.153e+11  9.782545e-01 -3.778199e-02 -3.849320e-02  2.174548e-02
 1.03448e+00  1.44828e+00       3.821e+11  9.867192e-01  4.777794e-03 -3.772482e-02  1.328083e-02
 1.44828e+00  1.44828e+00       8.272e+11  9.953860e-01  5.710601e-03 -1.540962e-02  4.614000e-03
 1.86207e+00  1.44828e+00       1.772e+12  9.983653e-01  8.188044e-03 -7.182595e-03  1.634701e-03
 2.27586e+00  1.44828e+00       2.347e+12  9.990202e-01  1.203835e-02 -9.010902e-03  9.798158e-04
 2.68966e+00  1.44828e+00       1.760e+12  9.984506e-01  1.569875e-02 -1.623941e-02  1.549443e-03
 3.10345e+00  1.44828e+00       8.192e+11  9.931627e-01  2.110709e-02 -4.242329e-02  6.837289e-03
 3.51724e+00  1.44828e+00       3.631e+11  9.705911e-01  1.671684e-02 -1.342542e-01  2.940892e-02
 3.93103e+00  1.44828e+00       2.941e+11  9.486807e-01 -2.726772e-02 -2.324666e-01  5.131931e-02
 4.34483e+00  1.44828e+00       3.882e+11  9.467760e-01 -5.108393e-02 -2.631756e-01  5.322398e-02
 4.75862e+00  1.44828e+00       4.734e+11  9.325364e-01 -4.498096e-02 -2.938479e-01  6.746355e-02
 5.17241e+00  1.44828e+00       4.134e+11  8.829719e-01 -4.438893e-02 -3.636927e-01  1.170281e-01
 5.58621e+00  1.44828e+00       2.909e+11  7.693763e-01 -5.775817e-02 -4.990651e-01  2.306237e-01
 6.00000e+00  1.44828e+00       2.348e+11  5.643088e-01 -4.907711e-02 -6.652600e-01  4.356912e-01
-6.00000e+00  1.86207e+00       3.179e+11  3.646700e-01  1.345644e-01  7.769661e-01  6.353300e-01
-5.58621e+00  1.86207e+00       2.867e+11  5.565404e-01  8.319316e-02  6.384396e-01  4.434596e-01
-5.17241e+00  1.86207e+00       3.550e+11  7.635863e-01  8.821637e-04  4.347720e-01  2.364137e-01
-4.75862e+00  1.86207e+00       4.287e+11  8.832696e-01 -3.460131e-02  3.098011e-01  1.167304e-01
-4.34483e+00  1.86207e+00       3.948e+11  9.240958e-01 -5.992308e-02  2.666260e-01  7.590418e-02
-3.93103e+00  1.86207e+00       2.924e+11  9.164770e-01 -7.063107e-02  2.719064e-01  8.352297e-02
-3.51724e+00  1.86207e+00       2.127e+11  9.020840e-01 -4.128903e-02  2.330155e-01  9.791604e-02
-3.10345e+00  1.86207e+00       2.882e+11  9.554233e-01  1.702390e-03  3.509781e-02  4.457669e-02
-2.68966e+00  1.86207e+00       7.819e+11  9.892577e-01 -4.205121e-03 -6.704206e-02  1.074229e-02
-2.27586e+00  1.86207e+00       1.673e+12  9.921309e-01 -1.553935e-02 -9.654778e-02  7.869108e-03
-1.86207e+00  1.86207e+00       2.105e+12  9.901757e-01 -2.605572e-02 -1.160910e-01  9.824293e-03
-1.44828e+00  1.86207e+00       1.555e+12  9.865729e-01 -4.274744e-02 -1.313895e-01  1.342710e-02
-1.03448e+00  1.86207e+00       8.394e+11  9.818492e-01 -7.445893e-02 -1.292251e-01  1.815077e-02
-6.20690e-01  1.86207e+00       5.799e+11  9.823860e-01 -9.682070e-02 -8.887371e-02  1.761395e-02
-2.06897e-01  1.86207e+00       5.466e+11  9.863221e-01 -8.593185e-02 -6.050319e-02  1.367792e-02
 2.06897e-01  1.86207e+00       4.808e+11  9.849715e-01 -7.934105e-02 -5.713920e-02  1.502849e-02
 6.20690e-01  1.86207e+00       4.234e+11  9.795642e-01 -7.191091e-02 -2.444744e-02  2.043583e-02
 1.03448e+00  1.86207e+00       6.902e+11  9.846344e-01 -2.494533e-02  6.476857e-02  1.536557e-02
 1.44828e+00  1.86207e+00       1.514e+12  9.914745e-01  4.130601e-03  9.036654e-02  8.525545e-03
 1.86207e+00  1.86207e+00       2.231e+12  9.942246e-01  1.409160e-02  8.423071e-02  5.775402e-03
 2.27586e+00  1.86207e+00       1.903e+12  9.952151e-01  1.889216e-02  7.037176e-02  4.784902e-03
 2.68966e+00  1.86207e+00       9.912e+11  9.928416e-01  2.466344e-02  4.072217e-02  7.158373e-03
 3.10345e+00  1.86207e+00       4.341e+11  9.740850e-01  3.141059e-02 -5.810264e-02  2.591498e-02
 3.51724e+00  1.86207e+00       2.962e+11  9.404404e-01 -3.481391e-04 -2.090471e-01  5.955965e-02
 3.93103e+00  1.86207e+00       3.412e+11  9.359146e-01 -4.972415e-02 -2.641373e-01  6.408542e-02
 4.34483e+00  1.86207e+00       4.588e+11  9.373307e-01 -5.206611e-02 -2.836604e-01  6.266933e-02
 4.75862e+00  1.86207e+00       4.895e+11  9.073755e-01 -3.435337e-02 -3.266757e-01  9.262445e-02
 5.17241e+00  1.86207e+00       3.796e+11  8.071216e-01 -1.616050e-02 -4.375178e-01  1.928784e-01
 5.58621e+00  1.86207e+00       2.661e+11  6.029857e-01  9.691828e-03 -6.244968e-01  3.970143e-01
 6.00000e+00  1.86207e+00       2.515e+11  3.068182e-01  1.796811e-02 -7.754244e-01  6.931818e-01
-6.00000e+00  2.27586e+00       3.085e+11  1.550056e-01  6.077521e-02  7.594951e-01  8.449944e-01
-5.58621e+00  2.27586e+00       2.687e+11  4.039994e-01  6.874635e-02  6.659525e-01  5.960006e-01
-5.17241e+00  2.27586e+00       3.536e+11  6.449311e-01 -3.776022e-03  5.196587e-01  3.550689e-01
-4.75862e+00  2.27586e+00       4.674e+11  8.149791e-01 -3.984605e-02  3.703872e-01  1.850209e-01
-4.34483e+00  2.27586e+00       4.776e+11  9.011471e-01 -5.743757e-02  2.822068e-01  9.885289e-02
-3.93103e+00  2.27586e+00       3.841e+11  9.199531e-01 -7.198048e-02  2.658620e-01  8.004692e-02
-3.51724e+00  2.27586e+00       2.720e+11  8.922292e-01 -6.112853e-02  2.818461e-01  1.077708e-01
-3.10345e+00  2.27586e+00       1.926e+11  8.751317e-01 -9.820935e-03  1.960343e-01  1.248683e-01
-2.68966e+00  2.27586e+00       2.421e+11  9.333437e-01  3.743740e-02 -7.466581e-02  6.665629e-02
-2.27586e+00  2.27586e+00       6.006e+11  9.581812e-01  1.500614e-02 -2.231723e-01  4.181877e-02
-1.86207e+00  2.27586e+00       1.275e+12  9.478570e-01 -7.719657e-03 -2.852854e-01  5.214295e-02
-1.44828e+00  2.27586e+00       1.703e+12  9.297452e-01 -3.068428e-02 -3.336519e-01  7.025483e-02
-1.03448e+00  2.27586e+00       1.377e+12  9.045762e-01 -6.652058e-02 -3.754733e-01  9.542381e-02
-6.20690e-01  2.27586e+00       7.079e+11  8.673249e-01 -1.272228e-01 -3.888314e-01  1.326751e-01
-2.06897e-01  2.27586e+00       3.048e+11  8.186822e-01 -2.059783e-01 -2.206501e-01  1.813178e-01
 2.06897e-01  2.27586e+00       3.069e+11  8.380439e-01 -1.493152e-01  2.538721e-01  1.619561e-01
 6.20690e-01  2.27586e+00       7.227e+11  8.928091e-01 -4.609131e-02  3.720273e-01  1.071909e-01
 1.03448e+00  2.27586e+00       1.452e+12  9.245165e-01  3.227016e-04  3.435666e-01  7.548346e-02
 1.44828e+00  2.27586e+00       1.878e+12  9.445373e-01  1.896850e-02  3.011071e-01  5.546274e-02
 1.86207e+00  2.27586e+00       1.492e+12  9.583957e-01  2.522648e-02  2.567520e-01  4.160428e-02
 2.27586e+00  2.27586e+00       7.808e+11  9.674133e-01  3.144382e-02  1.934604e-01  3.258674e-02
 2.68966e+00  2.27586e+00       3.819e+11  9.615554e-01  4.565682e-02  4.323724e-02  3.844464e-02
 3.10345e+00  2.27586e+00       2.919e+11  9.352496e-01  2.474388e-02 -1.590036e-01  6.475038e-02
 3.51724e+00  2.27586e+00       3.204e+11  9.270628e-01 -3.486471e-02 -2.410906e-01  7.293722e-02
 3.93103e+00  2.27586e+00       4.384e+11  9.366511e-01 -5.941060e-02 -2.642604e-01  6.334893e-02
 4.34483e+00  2.27586e+00       5.676e+11  9.236037e-01 -4.607335e-02 -3.029459e-01  7.639631e-02
 4.75862e+00  2.27586e+00       5.505e+11  8.577331e-01 -3.196046e-02 -3.921213e-01  1.422669e-01
 5.17241e+00  2.27586e+00       4.366e+11  7.248200e-01 -2.571668e-02 -5.535907e-01  2.751800e-01
 5.58621e+00  2.27586e+00       3.580e+11  5.611937e-01 -1.700557e-02 -7.026124e-01  4.388063e-01
 6.00000e+00  2.27586e+00       3.830e+11  3.132354e-01 -1.421129e-02 -7.960930e-01  6.867646e-01
-6.00000e+00  2.68966e+00       5.784e+11  1.341075e-01  3.605783e-02  8.766685e-01  8.658925e-01
-5.58621e+00  2.68966e+00       4.042e+11  3.066059e-01  6.899868e-02  8.121345e-01  6.933941e-01
-5.17241e+00  2.68966e+00       3.764e+11  5.217187e-01  2.688375e-02  6.624703e-01  4.782813e-01
-4.75862e+00  2.68966e+00       4.828e+11  7.400789e-01 -2.978339e-02  4.552671e-01  2.599211e-01
-4.34483e+00  2.68966e+00       5.625e+11  8.694142e-01 -5.497125e-02  3.083330e-01  1.305858e-01
-3.93103e+00  2.68966e+00       5.049e+11  9.240043e-01 -7.275116e-02  2.385810e-01  7.599569e-02
-3.51724e+00  2.68966e+00       3.843e+11  9.202734e-01 -7.429134e-02  2.436692e-01  7.972663e-02
-3.10345e+00  2.68966e+00       2.684e+11  8.752810e-01 -4.609537e-02  2.626494e-01  1.247190e-01
-2.68966e+00  2.68966e+00       1.727e+11  8.364398e-01  2.394120e-02  1.634358e-01  1.635602e-01
-2.27586e+00  2.68966e+00       1.396e+11  8.558328e-01  1.242229e-01 -1.258814e-01  1.441672e-01
-1.86207e+00  2.68966e+00       1.988e+11  8.389765e-01  1.184898e-01 -3.957314e-01  1.610235e-01
-1.44828e+00  2.68966e+00       3.628e+11  7.244570e-01  9.092005e-02 -5.708718e-01  2.755430e-01
-1.03448e+00  2.68966e+00       5.638e+11  5.467831e-01  9.600568e-02 -6.714224e-01  4.532169e-01
-6.20690e-01  2.68966e+00       6.451e+11  2.887359e-01  1.181079e-01 -6.299384e-01  7.112641e-01
-2.06897e-01  2.68966e+00       6.199e+11  3.057781e-02  1.453979e-01 -2.408765e-01  9.694222e-01
 2.06897e-01  2.68966e+00       6.624e+11  8.923984e-02  1.437342e-01  3.819744e-01  9.107602e-01
 6.20690e-01  2.68966e+00       7.500e+11  3.762743e-01  1.070977e-01  6.690574e-01  6.237257e-01
 1.03448e+00  2.68966e+00       6.832e+11  6.047691e-01  6.783760e-02  6.636709e-01  3.952309e-01
 1.44828e+00  2.68966e+00       4.686e+11  7.588603e-01  4.651341e-02  5.463252e-01  2.411397e-01
 1.86207e+00  2.68966e+00       2.960e+11  8.677870e-01  6.246241e-02  3.599394e-01  1.322130e-01
 2.27586e+00  2.68966e+00       2.445e+11  9.194472e-01  8.551277e-02  1.056487e-01  8.055283e-02
 2.68966e+00  2.68966e+00       2.712e+11  9.244679e-01  5.045211e-02 -1.072108e-01  7.553208e-02
 3.10345e+00  2.68966e+00       3.128e+11  9.235753e-01 -1.676305e-02 -1.880099e-01  7.642467e-02
 3.51724e+00  2.68966e+00       4.140e+11  9.392818e-01 -6.014974e-02 -2.095138e-01  6.071822e-02
 3.93103e+00  2.68966e+00       5.937e+11  9.431035e-01 -5.515066e-02 -2.460532e-01  5.689652e-02
 4.34483e+00  2.68966e+00       6.584e+11  9.070156e-01 -4.153949e-02 -3.117090e-01  9.298440e-02
 4.75862e+00  2.68966e+00       5.422e+11  8.011801e-01 -3.643726e-02 -4.459502e-01  1.988199e-01
 5.17241e+00  2.68966e+00       4.127e+11  6.206474e-01 -2.925368e-02 -6.389198e-01  3.793526e-01
 5.58621e+00  2.68966e+00       3.937e+11  3.862153e-01 -9.480853e-03 -7.877579e-01  6.137847e-01
 6.00000e+00  2.68966e+00       5.503e+11  1.238818e-01 -1.208145e-02 -8.796528e-01  8.761182e-01
-6.00000e+00  3.10345e+00       8.507e+11  1.088094e-01  1.257644e-02  9.085642e-01  8.911906e-01
-5.58621e+00  3.10345e+00       5.772e+11  2.577273e-01  5.571186e-02  8.540692e-01  7.422727e-01
-5.17241e+00  3.10345e+00       4.261e+11  4.180000e-01  6.186838e-02  7.652149e-01  5.820000e-01
-4.75862e+00  3.10345e+00       4.600e+11  6.294816e-01 -1.674393e-03  5.697575e-01  3.705184e-01
-4.34483e+00  3.10345e+00       5.883e+11  8.126035e-01 -4.228583e-02  3.563794e-01  1.873965e-01
-3.93103e+00  3.10345e+00       6.249e+11  9.117920e-01 -6.145434e-02  2.157698e-01  8.820804e-02
-3.51724e+00  3.10345e+00       5.266e+11  9.484437e-01 -7.592812e-02  1.568201e-01  5.155632e-02
-3.10345e+00  3.10345e+00       4.029e+11  9.330350e-01 -6.590702e-02  1.783001e-01  6.696501e-02
-2.68966e+00  3.10345e+00       2.879e+11  8.734285e-01 -3.317211e-02  2.130685e-01  1.265715e-01
-2.27586e+00  3.10345e+00       1.767e+11  7.913193e-01  3.862147e-02  1.430250e-01  2.086807e-01
-1.86207e+00  3.10345e+00       1.100e+11  7.282265e-01  2.159257e-01 -1.262822e-01  2.717735e-01
-1.44828e+00  3.10345e+00       9.106e+10  6.816846e-01  3.406623e-01 -4.267040e-01  3.183154e-01
-1.03448e+00  3.10345e+00       8.275e+10  5.633771e-01  3.446589e-01 -5.644601e-01  4.366229e-01
-6.20690e-01  3.10345e+00       6.704e+10  3.652570e-01  3.586133e-01 -4.763689e-01  6.347430e-01
-2.06897e-01  3.10345e+00       5.825e+10  2.329666e-01  3.878025e-01 -1.974746e-02  7.670334e-01
 2.06897e-01  3.10345e+00       6.988e+10  3.277704e-01  3.414908e-01  4.759055e-01  6.722296e-01
 6.20690e-01  3.10345e+00       9.296e+10  4.571009e-01  2.610250e-01  6.684136e-01  5.428991e-01
 1.03448e+00  3.10345e+00       1.104e+11  5.606278e-01  2.191062e-01  6.515387e-01  4.393722e-01
 1.44828e+00  3.10345e+00       1.321e+11  7.122085e-01  2.101195e-01  4.283747e-01  2.877915e-01
 1.86207e+00  3.10345e+00       1.917e+11  8.588659e-01  1.531338e-01  1.212706e-01  1.411341e-01
 2.27586e+00  3.10345e+00       2.707e+11  9.117867e-01  6.640622e-02 -5.115492e-02  8.821331e-02
 2.68966e+00  3.10345e+00       3.138e+11  9.197382e-01 -1.022055e-02 -9.930075e-02  8.026179e-02
 3.10345e+00  3.10345e+00       3.974e+11  9.416715e-01 -5.923268e-02 -1.080536e-01  5.832846e-02
 3.51724e+00  3.10345e+00       6.039e+11  9.609337e-01 -5.775209e-02 -1.499001e-01  3.906629e-02
 3.93103e+00  3.10345e+00       7.430e+11  9.439844e-01 -4.407434e-02 -2.140191e-01  5.601563e-02
 4.34483e+00  3.10345e+00       6.608e+11  8.681113e-01 -3.832752e-02 -3.361922e-01  1.318887e-01
 4.75862e+00  3.10345e+00       5.105e+11  7.172240e-01 -3.665487e-02 -5.407407e-01  2.827760e-01
 5.17241e+00  3.10345e+00       4.422e+11  5.355533e-01 -1.854718e-02 -7.213237e-01  4.644467e-01
 5.58621e+00  3.10345e+00       5.369e+11  3.024075e-01 -7.143621e-03 -8.370604e-01  6.975925e-01
 6.00000e+00  3.10345e+00       8.354e+11  9.174242e-02 -1.648854e-02 -9.162058e-01  9.082576e-01
-6.00000e+00  3.51724e+00       1.218e+12  1.262668e-01 -2.009852e-03  9.336351e-01  8.737332e-01
-5.58621e+00  3.51724e+00       8.829e+11  2.529404e-01  3.080923e-02  8.804686e-01  7.470596e-01
-5.17241e+00  3.51724e+00       5.836e+11  3.862549e-01  7.171001e-02  8.162987e-01  6.137451e-01
-4.75862e+00  3.51724e+00       4.625e+11  5.265645e-01  4.757412e-02  7.011146e-01  4.734355e-01
-4.34483e+00  3.51724e+00       5.356e+11  7.172203e-01 -1.926952e-02  4.677306e-01  2.827797e-01
-3.93103e+00  3.51724e+00       6.672e+11  8.665982e-01 -4.944557e-02  2.372464e-01  1.334018e-01
-3.51724e+00  3.51724e+00       6.760e+11  9.412692e-01 -6.574027e-02  8.687133e-02  5.873083e-02
-3.10345e+00  3.51724e+00       5.569e+11  9.673381e-01 -7.840514e-02  1.914134e-02  3.266185e-02
-2.68966e+00  3.51724e+00       4.375e+11  9.557373e-01 -5.930960e-02  4.059436e-02  4.426275e-02
-2.27586e+00  3.51724e+00       3.426e+11  8.980191e-01 -2.628826e-02  1.109184e-01  1.019809e-01
-1.86207e+00  3.51724e+00       2.275e+11  7.813412e-01 -1.565079e-03  1.527006e-01  2.186588e-01
-1.44828e+00  3.51724e+00       1.276e+11  5.860899e-01  1.534477e-01  7.684105e-02  4.139101e-01
-1.03448e+00  3.51724e+00       8.373e+10  4.042726e-01  5.394305e-01 -1.414722e-01  5.957274e-01
-6.20690e-01  3.51724e+00       6.771e+10  3.303719e-01  7.935041e-01 -2.526214e-01  6.696281e-01
-2.06897e-01  3.51724e+00       5.738e+10  2.816757e-01  8.596126e-01 -1.330463e-01  7.183243e-01
 2.06897e-01  3.51724e+00       6.024e+10  3.033839e-01  8.079283e-01  1.660940e-01  6.966161e-01
 6.20690e-01  3.51724e+00       8.595e+10  4.800948e-01  6.188408e-01  3.386018e-01  5.199052e-01
 1.03448e+00  3.51724e+00       1.456e+11  7.220087e-01  3.459422e-01  2.642749e-01  2.779913e-01
 1.44828e+00  3.51724e+00       2.373e+11  8.662292e-01  1.384017e-01  1.279202e-01  1.337708e-01
 1.86207e+00  3.51724e+00       2.969e+11  8.956262e-01  3.272666e-02  5.276681e-02  1.043738e-01
 2.27586e+00  3.51724e+00       2.979e+11  8.848069e-01 -2.759089e-02  5.097565e-02  1.151931e-01
 2.68966e+00  3.51724e+00       3.835e+11  9.256504e-01 -6.058786e-02  5.133367e-02  7.434959e-02
 3.10345e+00  3.51724e+00       6.295e+11  9.690290e-01 -5.551975e-02 -8.004746e-03  3.097101e-02
 3.51724e+00  3.51724e+00       8.119e+11  9.685476e-01 -4.396156e-02 -8.043706e-02  3.145235e-02
 3.93103e+00  3.51724e+00       7.441e+11  9.166222e-01 -4.000526e-02 -2.032910e-01  8.337776e-02
 4.34483e+00  3.51724e+00       5.824e+11  7.928160e-01 -4.209845e-02 -4.248854e-01  2.071840e-01
 4.75862e+00  3.51724e+00       4.925e+11  6.449703e-01 -2.787560e-02 -6.382393e-01  3.550297e-01
 5.17241e+00  3.51724e+00       5.345e+11  4.698683e-01 -6.283189e-03 -7.701057e-01  5.301317e-01
 5.58621e+00  3.51724e+00       8.091e+11  2.518753e-01 -1.240997e-02 -8.785149e-01  7.481247e-01
 6.00000e+00  3.51724e+00       1.235e+12  1.058929e-01 -1.716227e-02 -9.428246e-01  8.941071e-01
-6.00000e+00  3.93103e+00       1.603e+12  1.737874e-01 -9.577880e-03  9.469730e-01  8.262126e-01
-5.58621e+00  3.93103e+00       1.317e+12  2.755188e-01  7.243020e-03  8.979572e-01  7.244812e-01
-5.17241e+00  3.93103e+00       9.105e+11  4.011118e-01  4.745832e-02  8.291283e-01  5.988882e-01
-4.75862e+00  3.93103e+00       5.955e+11  5.086769e-01  8.124268e-02  7.584930e-01  4.913231e-01
-4.34483e+00  3.93103e+00       4.874e+11  6.196293e-01  3.838409e-02  6.290631e-01  3.803707e-01
-3.93103e+00  3.93103e+00       5.707e+11  7.754303e-01 -2.777592e-02  3.640383e-01  2.245697e-01
-3.51724e+00  3.93103e+00       7.044e+11  8.916647e-01 -5.319654e-02  9.567017e-02  1.083353e-01
-3.10345e+00  3.93103e+00       7.183e+11  9.403543e-01 -6.609566e-02 -8.711447e-02  5.964565e-02
-2.68966e+00  3.93103e+00       5.929e+11  9.503740e-01 -8.296156e-02 -1.937042e-01  4.962603e-02
-2.27586e+00  3.93103e+00       4.552e+11  9.462601e-01 -6.949712e-02 -2.271023e-01  5.373994e-02
-1.86207e+00  3.93103e+00       3.883e+11  9.300242e-01 -7.815282e-03 -1.795809e-01  6.997580e-02
-1.44828e+00  3.93103e+00       3.641e+11  8.863173e-01  1.666060e-02 -5.458047e-02  1.136827e-01
-1.03448e+00  3.93103e+00       3.106e+11  7.817749e-01 -1.821645e-02  1.458491e-01  2.182251e-01
-6.20690e-01  3.93103e+00       2.433e+11  6.097302e-01 -4.340327e-02  4.027188e-01  3.902698e-01
-2.06897e-01  3.93103e+00       2.246e+11  5.324901e-01 -1.675359e-02  5.666223e-01  4.675099e-01
 2.06897e-01  3.93103e+00       2.605e+11  6.344506e-01 -4.133169e-03  5.256019e-01  3.655494e-01
 6.20690e-01  3.93103e+00       2.998e+11  7.387776e-01 -2.568979e-02  3.758289e-01  2.612224e-01
 1.03448e+00  3.93103e+00       2.826e+11  7.475361e-01 -3.952789e-02  2.155165e-01  2.524639e-01
 1.44828e+00  3.93103e+00       2.238e+11  6.702030e-01 -2.190376e-02  1.554406e-01  3.297970e-01
 1.86207e+00  3.93103e+00       2.309e+11  7.070293e-01 -2.643148e-02  2.673888e-01  2.929707e-01
 2.27586e+00  3.93103e+00       4.078e+11  8.736693e-01 -5.198775e-02  2.731502e-01  1.263307e-01
 2.68966e+00  3.93103e+00       7.028e+11  9.495367e-01 -4.918135e-02  1.910829e-01  5.046330e-02
 3.10345e+00  3.93103e+00       8.615e+11  9.657192e-01 -4.265600e-02  1.028755e-01  3.428077e-02
 3.51724e+00  3.93103e+00       7.619e+11  9.349029e-01 -4.341347e-02 -4.253058e-02  6.509714e-02
 3.93103e+00  3.93103e+00       6.011e+11  8.404239e-01 -4.954886e-02 -3.032259e-01  1.595761e-01
 4.34483e+00  3.93103e+00       5.225e+11  7.284704e-01 -3.591291e-02 -5.453390e-01  2.715296e-01
 4.75862e+00  3.93103e+00       5.428e+11  6.102187e-01 -6.901402e-03 -6.805867e-01  3.897813e-01
 5.17241e+00  3.93103e+00       7.754e+11  4.191925e-01 -8.332140e-03 -8.095231e-01  5.808075e-01
 5.58621e+00  3.93103e+00       1.265e+12  2.549631e-01 -1.704567e-02 -9.082052e-01  7.450369e-01
 6.00000e+00  3.93103e+00       1.676e+12  1.581224e-01 -1.201641e-02 -9.545561e-01  8.418776e-01
-6.00000e+00  4.34483e+00       1.883e+12  2.418331e-01 -1.112126e-02  9.457998e-01  7.581669e-01
-5.58621e+00  4.34483e+00       1.787e+12  3.227086e-01 -6.306490e-03  9.043045e-01  6.772914e-01
-5.17241e+00  4.34483e+00       1.408e+12  4.301507e-01  1.558059e-02  8.343191e-01  5.698493e-01
-4.75862e+00  4.34483e+00       9.546e+11  5.451478e-01  5.982161e-02  7.495196e-01  4.548522e-01
-4.34483e+00  4.34483e+00       6.117e+11  6.248459e-01  9.066045e-02  6.775287e-01  3.751541e-01
-3.93103e+00  4.34483e+00       4.840e+11  6.952182e-01  4.247321e-02  5.630913e-01  3.047818e-01
-3.51724e+00  4.34483e+00       5.378e+11  7.984183e-01 -2.879526e-02  2.896665e-01  2.015817e-01
-3.10345e+00  4.34483e+00       6.616e+11  8.704773e-01 -5.802481e-02 -4.586705e-02  1.295227e-01
-2.68966e+00  4.34483e+00       7.205e+11  8.768038e-01 -6.439003e-02 -2.955167e-01  1.231962e-01
-2.27586e+00  4.34483e+00       6.387e+11  8.363127e-01 -7.986248e-02 -4.626779e-01  1.636873e-01
-1.86207e+00  4.34483e+00       4.879e+11  7.747238e-01 -1.019353e-01 -5.814126e-01  2.252762e-01
-1.44828e+00  4.34483e+00       3.529e+11  7.124488e-01 -9.764195e-02 -6.601265e-01  2.875512e-01
-1.03448e+00  4.34483e+00       2.508e+11  6.642143e-01 -7.453273e-02 -6.833482e-01  3.357857e-01
-6.20690e-01  4.34483e+00       1.638e+11  6.157170e-01 -4.037653e-02 -6.162442e-01  3.842830e-01
-2.06897e-01  4.34483e+00       1.027e+11  5.018570e-01  3.482226e-02 -4.269818e-01  4.981430e-01
 2.06897e-01  4.34483e+00       7.841e+10  2.575404e-01  4.841516e-02 -1.409909e-01  7.424596e-01
 6.20690e-01  4.34483e+00       8.756e+10  1.867356e-02 -6.513400e-02  2.411484e-01  9.813264e-01
 1.03448e+00  4.34483e+00       1.470e+11  1.722687e-01 -8.871953e-02  5.671362e-01  8.277313e-01
 1.44828e+00  4.34483e+00       3.010e+11  5.267282e-01 -5.991228e-02  6.327379e-01  4.732718e-01
 1.86207e+00  4.34483e+00       5.601e+11  7.466551e-01 -5.060868e-02  5.581972e-01  2.533449e-01
 2.27586e+00  4.34483e+00       7.936e+11  8.504866e-01 -4.710987e-02  4.565489e-01  1.495134e-01
 2.68966e+00  4.34483e+00       8.143e+11  8.980576e-01 -4.725229e-02  3.383117e-01  1.019424e-01
 3.10345e+00  4.34483e+00       6.634e+11  9.007770e-01 -5.542905e-02  1.274845e-01  9.922297e-02
 3.51724e+00  4.34483e+00       5.488e+11  8.528509e-01 -6.356242e-02 -2.046933e-01  1.471491e-01
 3.93103e+00  4.34483e+00       5.177e+11  7.925758e-01 -4.128925e-02 -4.494875e-01  2.074242e-01
 4.34483e+00  4.34483e+00       5.469e+11  7.239746e-01 -4.935718e-03 -5.679123e-01  2.760254e-01
 4.75862e+00  4.34483e+00       7.537e+11  5.741712e-01 -5.471922e-03 -7.080898e-01  4.258288e-01
 5.17241e+00  4.34483e+00       1.263e+12  4.098635e-01 -1.720181e-02 -8.443333e-01  5.901365e-01
 5.58621e+00  4.34483e+00       1.834e+12  3.048394e-01 -1.325398e-02 -9.164998e-01  6.951606e-01
 6.00000e+00  4.34483e+00       1.987e+12  2.312105e-01 -2.889200e-03 -9.505553e-01  7.687895e-01
-6.00000e+00  4.75862e+00       1.980e+12  3.236032e-01 -9.236891e-03  9.289163e-01  6.763968e-01
-5.58621e+00  4.75862e+00       2.121e+12  3.886949e-01 -9.913606e-03  8.945417e-01  6.113051e-01
-5.17241e+00  4.75862e+00       1.936e+12  4.748669e-01 -3.557386e-03  8.325002e-01  5.251331e-01
-4.75862e+00  4.75862e+00       1.516e+12  5.800422e-01  2.057606e-02  7.386498e-01  4.199578e-01
-4.34483e+00  4.75862e+00       1.034e+12  6.810942e-01  6.648302e-02  6.346905e-01  3.189058e-01
-3.93103e+00  4.75862e+00       6.431e+11  7.383108e-01  1.039302e-01  5.593422e-01  2.616892e-01
-3.51724e+00  4.75862e+00       4.616e+11  7.698072e-01  6.648434e-02  4.878921e-01  2.301928e-01
-3.10345e+00  4.75862e+00       4.494e+11  8.123349e-01 -1.334718e-02  2.954924e-01  1.876651e-01
-2.68966e+00  4.75862e+00       5.020e+11  8.083949e-01 -6.733825e-02 -7.461432e-02  1.916051e-01
-2.27586e+00  4.75862e+00       5.811e+11  7.220274e-01 -8.148204e-02 -4.550377e-01  2.779726e-01
-1.86207e+00  4.75862e+00       6.005e+11  5.737568e-01 -6.992345e-02 -6.953259e-01  4.262432e-01
-1.44828e+00  4.75862e+00       5.180e+11  3.542951e-01 -7.776964e-02 -8.339167e-01  6.457049e-01
-1.03448e+00  4.75862e+00       4.264e+11  3.405468e-02 -1.340419e-01 -8.649933e-01  9.659453e-01
-6.20690e-01  4.75862e+00       3.828e+11 -3.308753e-01 -1.971500e-01 -7.135712e-01  6.691247e-01
-2.06897e-01  4.75862e+00       3.653e+11 -6.089027e-01 -2.207806e-01 -3.508474e-01  3.910973e-01
 2.06897e-01  4.75862e+00       3.655e+11 -6.575477e-01 -2.091731e-01  1.539776e-01  3.424523e-01
 6.20690e-01  4.75862e+00       4.035e+11 -3.857322e-01 -1.621334e-01  5.975455e-01  6.142678e-01
 1.03448e+00  4.75862e+00       5.069e+11  6.364875e-02 -9.752488e-02  8.038674e-01  9.363513e-01
 1.44828e+00  4.75862e+00       6.345e+11  4.039447e-01 -6.431395e-02  8.111096e-01  5.960553e-01
 1.86207e+00  4.75862e+00       6.524e+11  5.919974e-01 -6.364868e-02  7.331406e-01  4.080026e-01
 2.27586e+00  4.75862e+00       5.462e+11  7.147734e-01 -7.595160e-02  5.545506e-01  2.852266e-01
 2.68966e+00  4.75862e+00       4.598e+11  8.108669e-01 -9.164796e-02  1.946768e-01  1.891331e-01
 3.10345e+00  4.75862e+00       4.585e+11  8.500229e-01 -8.384438e-02 -1.660430e-01  1.499771e-01
 3.51724e+00  4.75862e+00       4.869e+11  8.467388e-01 -3.452456e-02 -3.367569e-01  1.532612e-01
 3.93103e+00  4.75862e+00       5.398e+11  8.165966e-01  5.261420e-03 -4.201899e-01  1.834034e-01
 4.34483e+00  4.75862e+00       7.481e+11  7.052169e-01 -4.582650e-03 -5.752001e-01  2.947831e-01
 4.75862e+00  4.75862e+00       1.270e+12  5.583700e-01 -1.862455e-02 -7.503287e-01  4.416300e-01
 5.17241e+00  4.75862e+00       1.944e+12  4.552918e-01 -1.355229e-02 -8.505853e-01  5.447082e-01
 5.58621e+00  4.75862e+00       2.263e+12  3.808468e-01 -2.151692e-03 -9.017101e-01  6.191532e-01
 6.00000e+00  4.75862e+00       2.035e+12  3.128797e-01  4.949830e-03 -9.327278e-01  6.871203e-01
-6.00000e+00  5.17241e+00       1.888e+12  4.211144e-01 -7.549026e-03  8.921662e-01  5.788856e-01
-5.58621e+00  5.17241e+00       2.241e+12  4.683031e-01 -8.277833e-03  8.659554e-01  5.316969e-01
-5.17241e+00  5.17241e+00       2.277e+12  5.351169e-01 -8.676204e-03  8.149261e-01  4.648831e-01
-4.75862e+00  5.17241e+00       2.054e+12  6.198843e-01 -2.209029e-03  7.299326e-01  3.801157e-01
-4.34483e+00  5.17241e+00       1.649e+12  7.147718e-01  2.033171e-02  6.091646e-01  2.852282e-01
-3.93103e+00  5.17241e+00       1.169e+12  8.007343e-01  6.447451e-02  4.771807e-01  1.992657e-01
-3.51724e+00  5.17241e+00       7.232e+11  8.432058e-01  1.154516e-01  3.829082e-01  1.567942e-01
-3.10345e+00  5.17241e+00       4.519e+11  8.441310e-01  1.154602e-01  3.359622e-01  1.558690e-01
-2.68966e+00  5.17241e+00       3.783e+11  8.622338e-01  3.822977e-02  2.622347e-01  1.377662e-01
-2.27586e+00  5.17241e+00       3.592e+11  8.623696e-01 -3.541466e-02  1.045425e-01  1.376304e-01
-1.86207e+00  5.17241e+00       3.197e+11  7.319154e-01 -1.057480e-01 -1.896642e-01  2.680846e-01
-1.44828e+00  5.17241e+00       3.030e+11  3.740054e-01 -1.765371e-01 -5.636360e-01  6.259946e-01
-1.03448e+00  5.17241e+00       3.251e+11 -6.464809e-02 -2.158561e-01 -7.487177e-01  9.353519e-01
-6.20690e-01  5.17241e+00       3.404e+11 -4.136922e-01 -2.002759e-01 -6.458003e-01  5.863078e-01
-2.06897e-01  5.17241e+00       3.270e+11 -6.562090e-01 -1.592693e-01 -2.918297e-01  3.437910e-01
 2.06897e-01  5.17241e+00       3.144e+11 -6.998682e-01 -1.490320e-01  2.056204e-01  3.001318e-01
 6.20690e-01  5.17241e+00       3.118e+11 -5.237958e-01 -1.757693e-01  6.034945e-01  4.762042e-01
 1.03448e+00  5.17241e+00       2.897e+11 -2.445442e-01 -1.919054e-01  7.758414e-01  7.554558e-01
 1.44828e+00  5.17241e+00       2.540e+11  1.431704e-01 -1.862313e-01  6.857009e-01  8.568296e-01
 1.86207e+00  5.17241e+00       2.649e+11  5.807132e-01 -1.811291e-01  3.468597e-01  4.192868e-01
 2.27586e+00  5.17241e+00       3.280e+11  7.985024e-01 -1.501778e-01  4.625330e-02  2.014976e-01
 2.68966e+00  5.17241e+00       3.959e+11  8.603841e-01 -6.895751e-02 -1.071867e-01  1.396159e-01
 3.10345e+00  5.17241e+00       4.500e+11  8.851428e-01  8.832084e-03 -1.564173e-01  1.148572e-01
 3.51724e+00  5.17241e+00       5.284e+11  8.808776e-01  1.946977e-02 -2.194363e-01  1.191224e-01
 3.93103e+00  5.17241e+00       7.656e+11  8.035902e-01 -1.055555e-02 -4.156411e-01  1.964098e-01
 4.34483e+00  5.17241e+00       1.317e+12  6.895415e-01 -2.163517e-02 -6.298859e-01  3.104585e-01
 4.75862e+00  5.17241e+00       2.048e+12  6.010666e-01 -1.204500e-02 -7.550144e-01  3.989334e-01
 5.17241e+00  5.17241e+00       2.471e+12  5.316951e-01  8.341517e-04 -8.230771e-01  4.683049e-01
 5.58621e+00  5.17241e+00       2.328e+12  4.649403e-01  6.824945e-03 -8.684217e-01  5.350597e-01
 6.00000e+00  5.17241e+00       1.889e+12  4.017079e-01  7.022919e-03 -9.003166e-01  5.982921e-01
-6.00000e+00  5.58621e+00       1.597e+12  5.282699e-01 -7.208149e-03  8.313496e-01  4.717301e-01
-5.58621e+00  5.58621e+00       2.158e+12  5.697837e-01 -6.655661e-03  8.071483e-01  4.302163e-01
-5.17241e+00  5.58621e+00       2.420e+12  6.114670e-01 -7.189542e-03  7.730762e-01  3.885330e-01
-4.75862e+00  5.58621e+00       2.343e+12  6.718914e-01 -7.092531e-03  7.075953e-01  3.281086e-01
-4.34483e+00  5.58621e+00       2.107e+12  7.472815e-01 -1.746487e-03  5.994773e-01  2.527185e-01
-3.93103e+00  5.58621e+00       1.768e+12  8.221776e-01  1.533372e-02  4.502793e-01  1.778224e-01
-3.51724e+00  5.58621e+00       1.352e+12  8.850755e-01  5.080263e-02  2.781565e-01  1.149245e-01
-3.10345e+00  5.58621e+00       9.052e+11  9.153490e-01  1.049666e-01  1.348134e-01  8.465100e-02
-2.68966e+00  5.58621e+00       5.274e+11  8.957005e-01  1.615996e-01  6.914952e-02  1.042995e-01
-2.27586e+00  5.58621e+00       3.271e+11  8.413529e-01  1.590841e-01  6.214174e-02  1.586471e-01
-1.86207e+00  5.58621e+00       2.902e+11  8.411780e-01  6.791804e-02 -2.280277e-02  1.588220e-01
-1.44828e+00  5.58621e+00       3.030e+11  8.743937e-01  1.111873e-02 -1.142871e-01  1.256063e-01
-1.03448e+00  5.58621e+00       2.605e+11  8.487307e-01 -2.591352e-02 -1.023115e-01  1.512693e-01
-6.20690e-01  5.58621e+00       1.803e+11  6.753597e-01 -1.554090e-01  1.303658e-02  3.246403e-01
-2.06897e-01  5.58621e+00       1.336e+11  3.710748e-01 -3.711677e-01  1.905236e-01  6.289252e-01
 2.06897e-01  5.58621e+00       1.350e+11  3.199749e-01 -4.131213e-01  3.018388e-01  6.800251e-01
 6.20690e-01  5.58621e+00       1.602e+11  5.043942e-01 -3.121233e-01  2.355420e-01  4.956058e-01
 1.03448e+00  5.58621e+00       1.923e+11  6.288628e-01 -2.387100e-01  7.774223e-02  3.711372e-01
 1.44828e+00  5.58621e+00       2.398e+11  6.891467e-01 -1.532304e-01  1.361651e-02  3.108533e-01
 1.86207e+00  5.58621e+00       3.077e+11  7.655844e-01 -9.000566e-03  6.277998e-02  2.344156e-01
 2.27586e+00  5.58621e+00       3.661e+11  8.248520e-01  7.684181e-02  1.325664e-01  1.751480e-01
 2.68966e+00  5.58621e+00       4.151e+11  8.629153e-01  5.777359e-02  1.523219e-01  1.370847e-01
 3.10345e+00  5.58621e+00       5.287e+11  8.891179e-01  3.495948e-03  2.332286e-02  1.108821e-01
 3.51724e+00  5.58621e+00       8.287e+11  8.630148e-01 -2.562327e-02 -2.481926e-01  1.369852e-01
 3.93103e+00  5.58621e+00       1.424e+12  7.977075e-01 -2.250992e-02 -4.889914e-01  2.022925e-01
 4.34483e+00  5.58621e+00       2.167e+12  7.353897e-01 -5.969260e-03 -6.287801e-01  2.646103e-01
 4.75862e+00  5.58621e+00       2.617e+12  6.774205e-01  7.101014e-03 -7.105335e-01  3.225795e-01
 5.17241e+00  5.58621e+00       2.524e+12  6.160673e-01  9.524976e-03 -7.701842e-01  3.839327e-01
 5.58621e+00  5.58621e+00       2.129e+12  5.546152e-01  6.227174e-03 -8.157392e-01  4.453848e-01
 6.00000e+00  5.58621e+00       1.715e+12  5.042400e-01  9.821951e-03 -8.449869e-01  4.957600e-01
-6.00000e+00  6.00000e+00       1.228e+12  6.251383e-01 -5.525311e-03  7.563783e-01  3.748617e-01
-5.58621e+00  6.00000e+00       1.770e+12  6.782179e-01 -6.411844e-03  7.150601e-01  3.217821e-01
-5.17241e+00  6.00000e+00       2.350e+12  7.166790e-01 -6.316732e-03  6.808676e-01  2.833210e-01
-4.75862e+00  6.00000e+00       2.552e+12  7.494405e-01 -6.582064e-03  6.433896e-01  2.505595e-01
-4.34483e+00  6.00000e+00       2.339e+12  7.927506e-01 -5.334292e-03  5.751297e-01  2.072494e-01
-3.93103e+00  6.00000e+00       2.039e+12  8.486216e-01 -1.759235e-04  4.510263e-01  1.513784e-01
-3.51724e+00  6.00000e+00       1.774e+12  8.935931e-01  1.061229e-02  2.775888e-01  1.064069e-01
-3.10345e+00  6.00000e+00       1.476e+12  9.119081e-01  3.147129e-02  6.932089e-02  8.809189e-02
-2.68966e+00  6.00000e+00       1.135e+12  8.977282e-01  6.791502e-02 -1.473166e-01  1.022718e-01
-2.27586e+00  6.00000e+00       7.712e+11  8.456091e-01  1.237059e-01 -3.197564e-01  1.543909e-01
-1.86207e+00  6.00000e+00       4.694e+11  7.661375e-01  1.852258e-01 -4.151115e-01  2.338625e-01
-1.44828e+00  6.00000e+00       3.045e+11  7.009585e-01  2.134371e-01 -3.436392e-01  2.990415e-01
-1.03448e+00  6.00000e+00       2.276e+11  5.820898e-01  2.526674e-01 -6.761238e-02  4.179102e-01
-6.20690e-01  6.00000e+00       1.971e+11  3.153722e-01  3.764232e-01  2.320640e-01  6.846278e-01
-2.06897e-01  6.00000e+00       2.044e+11  1.340956e-01  4.826045e-01  4.008081e-01  8.659044e-01
 2.06897e-01  6.00000e+00       2.265e+11  1.845901e-01  4.548314e-01  4.864613e-01  8.154099e-01
 6.20690e-01  6.00000e+00       2.361e+11  3.289377e-01  3.205195e-01  5.016312e-01  6.710623e-01
 1.03448e+00  6.00000e+00       2.307e+11  4.039076e-01  1.656960e-01  4.674467e-01  5.960924e-01
 1.44828e+00  6.00000e+00       2.435e+11  4.156247e-01  7.811247e-02  5.016897e-01  5.843753e-01
 1.86207e+00  6.00000e+00       3.029e+11  5.398930e-01  3.740905e-02  5.551061e-01  4.601070e-01
 2.27586e+00  6.00000e+00       4.104e+11  7.171655e-01 -4.976443e-03  4.723709e-01  2.828345e-01
 2.68966e+00  6.00000e+00       5.999e+11  8.413276e-01 -3.162987e-02  2.244428e-01  1.586724e-01
 3.10345e+00  6.00000e+00       9.701e+11  8.889646e-01 -3.194297e-02 -9.204378e-02  1.110354e-01
 3.51724e+00  6.00000e+00       1.590e+12  8.823934e-01 -1.118459e-02 -3.306213e-01  1.176066e-01
 3.93103e+00  6.00000e+00       2.292e+12  8.534106e-01  8.863968e-03 -4.673208e-01  1.465894e-01
 4.34483e+00  6.00000e+00       2.700e+12  8.111551e-01  1.598096e-02 -5.570702e-01  1.888449e-01
 4.75862e+00  6.00000e+00       2.612e+12  7.591204e-01  1.063340e-02 -6.306012e-01  2.408796e-01
 5.17241e+00  6.00000e+00       2.273e+12  7.025727e-01  4.099685e-03 -6.914524e-01  2.974273e-01
 5.58621e+00  6.00000e+00       1.931e+12  6.529381e-01  8.920147e-03 -7.343173e-01  3.470619e-01
 6.00000e+00  6.00000e+00       1.468e+12  6.203658e-01  1.718969e-02 -7.597297e-01  3.796342e-01
