 EB(GeV)    EMITTANCEx EMITTANCEy SIZEx(m)   SIZEy(m)   DIVx(rad)  DIVy(rad)
 1.500e+00  5.941e-09  5.941e-11  1.840e-04  1.299e-05  3.228e-05  4.574e-06
 betax      alphax     betay      alphay     eta        deta       E_spread  
 5.700e+00  0.000e+00  2.840e+00  0.000e+00  0.000e+00  0.000e+00  1.000e-03
 Ibeam(A) 
  2.000e-01


           x            y       F.Density            PL            PC          PL45        1-|PL|
          mm           mm  ph/s/mm^2/0.1%             -             -             -             -
-6.00000e+00 -6.00000e+00       1.245e+12  6.158475e-01  1.383124e-02 -7.582959e-01  3.841525e-01
-5.58621e+00 -6.00000e+00       1.682e+12  6.752471e-01  1.059942e-02 -7.079499e-01  3.247529e-01
-5.17241e+00 -6.00000e+00       2.337e+12  7.255534e-01  6.402554e-03 -6.643414e-01  2.744466e-01
-4.75862e+00 -6.00000e+00       2.730e+12  7.586340e-01  2.077080e-03 -6.283833e-01  2.413660e-01
-4.34483e+00 -6.00000e+00       2.503e+12  7.937085e-01 -6.499578e-03 -5.711866e-01  2.062915e-01
-3.93103e+00 -6.00000e+00       2.001e+12  8.412833e-01 -1.981281e-02 -4.579382e-01  1.587167e-01
-3.51724e+00 -6.00000e+00       1.613e+12  8.877970e-01 -2.778817e-02 -2.733095e-01  1.122030e-01
-3.10345e+00 -6.00000e+00       1.355e+12  9.103654e-01 -2.704198e-02 -5.335994e-02  8.963461e-02
-2.68966e+00 -6.00000e+00       1.071e+12  8.983667e-01 -3.383810e-02  1.440544e-01  1.016333e-01
-2.27586e+00 -6.00000e+00       7.117e+11  8.498374e-01 -5.443136e-02  2.854624e-01  1.501626e-01
-1.86207e+00 -6.00000e+00       4.143e+11  7.756604e-01 -7.131167e-02  3.435877e-01  2.243396e-01
-1.44828e+00 -6.00000e+00       2.649e+11  6.811611e-01 -1.171837e-01  2.412868e-01  3.188389e-01
-1.03448e+00 -6.00000e+00       2.108e+11  4.776355e-01 -3.157192e-01  4.957594e-02  5.223645e-01
-6.20690e-01 -6.00000e+00       2.057e+11  2.189604e-01 -5.750830e-01 -3.247023e-02  7.810396e-01
-2.06897e-01 -6.00000e+00       2.242e+11  1.084478e-01 -6.972166e-01 -7.827805e-02  8.915522e-01
 2.06897e-01 -6.00000e+00       2.449e+11  1.457329e-01 -6.652147e-01 -2.073033e-01  8.542671e-01
 6.20690e-01 -6.00000e+00       2.556e+11  2.726376e-01 -4.950014e-01 -3.505296e-01  7.273624e-01
 1.03448e+00 -6.00000e+00       2.529e+11  4.100828e-01 -2.156145e-01 -4.203608e-01  5.899172e-01
 1.44828e+00 -6.00000e+00       2.618e+11  5.021816e-01  3.115373e-02 -4.528223e-01  4.978184e-01
 1.86207e+00 -6.00000e+00       3.170e+11  6.215620e-01  1.010137e-01 -4.698089e-01  3.784380e-01
 2.27586e+00 -6.00000e+00       4.178e+11  7.573267e-01  9.043074e-02 -3.984973e-01  2.426733e-01
 2.68966e+00 -6.00000e+00       5.959e+11  8.562921e-01  6.518283e-02 -1.870139e-01  1.437079e-01
 3.10345e+00 -6.00000e+00       9.775e+11  8.977078e-01  2.643463e-02  9.141814e-02  1.022922e-01
 3.51724e+00 -6.00000e+00       1.607e+12  8.891196e-01 -1.202246e-03  3.081014e-01  1.108804e-01
 3.93103e+00 -6.00000e+00       2.241e+12  8.553745e-01 -1.045107e-02  4.498048e-01  1.446255e-01
 4.34483e+00 -6.00000e+00       2.575e+12  8.033052e-01 -8.807066e-03  5.577917e-01  1.966948e-01
 4.75862e+00 -6.00000e+00       2.594e+12  7.437462e-01 -4.738943e-03  6.438845e-01  2.562538e-01
 5.17241e+00 -6.00000e+00       2.390e+12  6.922248e-01 -6.235820e-03  7.008827e-01  3.077752e-01
 5.58621e+00 -6.00000e+00       1.991e+12  6.525069e-01 -1.314604e-02  7.354358e-01  3.474931e-01
 6.00000e+00 -6.00000e+00       1.424e+12  6.252142e-01 -1.912914e-02  7.563926e-01  3.747858e-01
-6.00000e+00 -5.58621e+00       1.550e+12  5.290921e-01  1.137627e-02 -8.261281e-01  4.709079e-01
-5.58621e+00 -5.58621e+00       2.206e+12  5.794104e-01  6.761690e-03 -7.975407e-01  4.205896e-01
-5.17241e+00 -5.58621e+00       2.587e+12  6.168952e-01  1.262916e-03 -7.682012e-01  3.831048e-01
-4.75862e+00 -5.58621e+00       2.416e+12  6.662237e-01 -6.491654e-03 -7.126030e-01  3.337763e-01
-4.34483e+00 -5.58621e+00       2.002e+12  7.384089e-01 -1.420629e-02 -6.046272e-01  2.615911e-01
-3.93103e+00 -5.58621e+00       1.634e+12  8.209281e-01 -1.963275e-02 -4.431065e-01  1.790719e-01
-3.51724e+00 -5.58621e+00       1.281e+12  8.859124e-01 -3.295056e-02 -2.759374e-01  1.140876e-01
-3.10345e+00 -5.58621e+00       8.605e+11  9.119499e-01 -6.499451e-02 -1.527385e-01  8.805009e-02
-2.68966e+00 -5.58621e+00       4.990e+11  8.890517e-01 -1.106724e-01 -9.116739e-02  1.109483e-01
-2.27586e+00 -5.58621e+00       3.323e+11  8.370897e-01 -1.154796e-01 -3.992487e-02  1.629103e-01
-1.86207e+00 -5.58621e+00       3.117e+11  8.195621e-01 -5.189131e-02  7.679236e-02  1.804379e-01
-1.44828e+00 -5.58621e+00       3.033e+11  7.828574e-01 -1.273887e-02  1.328708e-01  2.171426e-01
-1.03448e+00 -5.58621e+00       2.438e+11  5.954283e-01  5.497133e-02  6.674514e-02  4.045717e-01
-6.20690e-01 -5.58621e+00       1.845e+11  1.567791e-01  2.511717e-01 -6.080562e-02  8.432209e-01
-2.06897e-01 -5.58621e+00       1.709e+11 -2.027449e-01  4.156561e-01 -2.160302e-01  7.972551e-01
 2.06897e-01 -5.58621e+00       1.930e+11 -1.081246e-01  3.842164e-01 -4.118652e-01  8.918754e-01
 6.20690e-01 -5.58621e+00       2.231e+11  2.149762e-01  2.732881e-01 -4.812568e-01  7.850238e-01
 1.03448e+00 -5.58621e+00       2.368e+11  4.757139e-01  1.905409e-01 -3.568343e-01  5.242861e-01
 1.44828e+00 -5.58621e+00       2.486e+11  6.083801e-01  1.323833e-01 -1.749730e-01  3.916199e-01
 1.86207e+00 -5.58621e+00       2.924e+11  7.082733e-01  2.867641e-02 -9.565892e-02  2.917267e-01
 2.27586e+00 -5.58621e+00       3.600e+11  8.038666e-01 -3.527036e-02 -9.670300e-02  1.961334e-01
 2.68966e+00 -5.58621e+00       4.331e+11  8.690648e-01 -2.128746e-03 -8.410727e-02  1.309352e-01
 3.10345e+00 -5.58621e+00       5.502e+11  8.964951e-01  3.688411e-02  2.762353e-02  1.035049e-01
 3.51724e+00 -5.58621e+00       8.368e+11  8.682294e-01  3.283575e-02  2.598936e-01  1.317706e-01
 3.93103e+00 -5.58621e+00       1.422e+12  8.048040e-01  1.260754e-02  4.787889e-01  1.951960e-01
 4.34483e+00 -5.58621e+00       2.131e+12  7.400845e-01 -2.931671e-04  6.166594e-01  2.599155e-01
 4.75862e+00 -5.58621e+00       2.541e+12  6.736434e-01 -4.515608e-03  7.083229e-01  3.263566e-01
 5.17241e+00 -5.58621e+00       2.516e+12  6.046079e-01 -4.317778e-03  7.772130e-01  3.953921e-01
 5.58621e+00 -5.58621e+00       2.208e+12  5.455412e-01 -6.389873e-03  8.228288e-01  4.544588e-01
 6.00000e+00 -5.58621e+00       1.745e+12  5.022410e-01 -1.371814e-02  8.481704e-01  4.977590e-01
-6.00000e+00 -5.17241e+00       1.953e+12  4.292857e-01  8.045111e-03 -8.869703e-01  5.707143e-01
-5.58621e+00 -5.17241e+00       2.380e+12  4.702254e-01  2.111441e-03 -8.650672e-01  5.297746e-01
-5.17241e+00 -5.17241e+00       2.311e+12  5.265669e-01 -4.393043e-03 -8.201470e-01  4.734331e-01
-4.75862e+00 -5.17241e+00       1.951e+12  6.115972e-01 -1.019154e-02 -7.327245e-01  3.884028e-01
-4.34483e+00 -5.17241e+00       1.551e+12  7.144680e-01 -1.971035e-02 -6.053871e-01  2.855320e-01
-3.93103e+00 -5.17241e+00       1.128e+12  7.987511e-01 -4.512424e-02 -4.814119e-01  2.012489e-01
-3.51724e+00 -5.17241e+00       7.076e+11  8.362301e-01 -8.350625e-02 -3.940310e-01  1.637699e-01
-3.10345e+00 -5.17241e+00       4.546e+11  8.390350e-01 -8.850970e-02 -3.212902e-01  1.609650e-01
-2.68966e+00 -5.17241e+00       3.822e+11  8.459627e-01 -3.404874e-02 -2.094726e-01  1.540373e-01
-2.27586e+00 -5.17241e+00       3.448e+11  8.131213e-01  1.869807e-02 -2.828465e-02  1.868787e-01
-1.86207e+00 -5.17241e+00       3.024e+11  6.351610e-01  6.871401e-02  2.965589e-01  3.648390e-01
-1.44828e+00 -5.17241e+00       3.047e+11  2.750072e-01  1.327015e-01  6.623716e-01  7.249928e-01
-1.03448e+00 -5.17241e+00       3.372e+11 -8.796117e-02  1.809440e-01  7.952376e-01  9.120388e-01
-6.20690e-01 -5.17241e+00       3.405e+11 -4.001962e-01  1.878307e-01  6.603588e-01  5.998038e-01
-2.06897e-01 -5.17241e+00       3.146e+11 -6.477237e-01  1.744000e-01  2.811793e-01  3.522763e-01
 2.06897e-01 -5.17241e+00       3.010e+11 -6.801195e-01  1.684727e-01 -2.358676e-01  3.198805e-01
 6.20690e-01 -5.17241e+00       3.136e+11 -4.557054e-01  1.589178e-01 -6.434288e-01  5.442946e-01
 1.03448e+00 -5.17241e+00       3.272e+11 -1.233827e-01  1.177008e-01 -8.100472e-01  8.766173e-01
 1.44828e+00 -5.17241e+00       3.237e+11  2.494944e-01  6.754639e-02 -7.314199e-01  7.505056e-01
 1.86207e+00 -5.17241e+00       3.377e+11  6.105629e-01  6.902306e-02 -4.462096e-01  3.894371e-01
 2.27586e+00 -5.17241e+00       3.776e+11  8.007469e-01  9.222056e-02 -1.504695e-01  1.992531e-01
 2.68966e+00 -5.17241e+00       4.108e+11  8.524994e-01  6.488598e-02  5.586145e-02  1.475006e-01
 3.10345e+00 -5.17241e+00       4.546e+11  8.719733e-01  1.607217e-02  1.718546e-01  1.280267e-01
 3.51724e+00 -5.17241e+00       5.456e+11  8.714029e-01  1.070406e-02  2.604250e-01  1.285971e-01
 3.93103e+00 -5.17241e+00       7.778e+11  8.035426e-01  2.062196e-02  4.320240e-01  1.964574e-01
 4.34483e+00 -5.17241e+00       1.306e+12  6.953139e-01  1.451540e-02  6.254842e-01  3.046861e-01
 4.75862e+00 -5.17241e+00       2.009e+12  6.053313e-01  4.919415e-03  7.477069e-01  3.946687e-01
 5.17241e+00 -5.17241e+00       2.421e+12  5.290121e-01 -7.442602e-04  8.214559e-01  4.709879e-01
 5.58621e+00 -5.17241e+00       2.338e+12  4.566090e-01 -3.105832e-03  8.721881e-01  5.433910e-01
 6.00000e+00 -5.17241e+00       1.946e+12  3.955165e-01 -6.939924e-03  9.041247e-01  6.044835e-01
-6.00000e+00 -4.75862e+00       1.850e+12  3.092392e-01 -7.441504e-03 -9.336606e-01  6.907608e-01
-5.58621e+00 -4.75862e+00       2.019e+12  3.751813e-01 -8.143867e-03 -8.989407e-01  6.248187e-01
-5.17241e+00 -4.75862e+00       1.828e+12  4.692226e-01 -1.076676e-02 -8.327363e-01  5.307774e-01
-4.75862e+00 -4.75862e+00       1.453e+12  5.814976e-01 -2.009577e-02 -7.379404e-01  4.185024e-01
-4.34483e+00 -4.75862e+00       1.016e+12  6.756545e-01 -4.826827e-02 -6.427285e-01  3.243455e-01
-3.93103e+00 -4.75862e+00       6.416e+11  7.303525e-01 -8.110995e-02 -5.628069e-01  2.696475e-01
-3.51724e+00 -4.75862e+00       4.634e+11  7.675048e-01 -5.856089e-02 -4.618455e-01  2.324952e-01
-3.10345e+00 -4.75862e+00       4.391e+11  8.052780e-01  4.389526e-03 -2.397215e-01  1.947220e-01
-2.68966e+00 -4.75862e+00       4.902e+11  7.992323e-01  5.504693e-02  1.441035e-01  2.007677e-01
-2.27586e+00 -4.75862e+00       5.824e+11  7.249430e-01  7.459080e-02  4.918716e-01  2.750570e-01
-1.86207e+00 -4.75862e+00       6.025e+11  5.949255e-01  7.544578e-02  6.962052e-01  4.050745e-01
-1.44828e+00 -4.75862e+00       5.125e+11  3.827162e-01  1.010936e-01  8.134878e-01  6.172838e-01
-1.03448e+00 -4.75862e+00       4.177e+11  3.966649e-02  1.729639e-01  8.183800e-01  9.603335e-01
-6.20690e-01 -4.75862e+00       3.712e+11 -3.571025e-01  2.281442e-01  6.219888e-01  6.428975e-01
-2.06897e-01 -4.75862e+00       3.532e+11 -6.244385e-01  2.258314e-01  1.996417e-01  3.755615e-01
 2.06897e-01 -4.75862e+00       3.604e+11 -6.215336e-01  2.029024e-01 -3.188191e-01  3.784664e-01
 6.20690e-01 -4.75862e+00       3.983e+11 -3.492134e-01  1.715968e-01 -6.938870e-01  6.507866e-01
 1.03448e+00 -4.75862e+00       4.812e+11  6.044706e-02  1.160716e-01 -8.378270e-01  9.395529e-01
 1.44828e+00 -4.75862e+00       5.990e+11  3.978517e-01  7.048589e-02 -8.198969e-01  6.021483e-01
 1.86207e+00 -4.75862e+00       6.501e+11  5.972774e-01  5.347807e-02 -7.265632e-01  4.027226e-01
 2.27586e+00 -4.75862e+00       5.942e+11  7.337383e-01  4.497427e-02 -5.393472e-01  2.662617e-01
 2.68966e+00 -4.75862e+00       5.280e+11  8.333776e-01  4.621029e-02 -2.174849e-01  1.666224e-01
 3.10345e+00 -4.75862e+00       5.020e+11  8.632192e-01  5.547429e-02  1.132013e-01  1.367808e-01
 3.51724e+00 -4.75862e+00       4.997e+11  8.426627e-01  3.743872e-02  3.217141e-01  1.573373e-01
 3.93103e+00 -4.75862e+00       5.513e+11  8.025395e-01  1.238971e-02  4.431550e-01  1.974605e-01
 4.34483e+00 -4.75862e+00       7.560e+11  7.029340e-01  1.188446e-02  5.877090e-01  2.970660e-01
 4.75862e+00 -4.75862e+00       1.233e+12  5.624170e-01  1.081154e-02  7.466889e-01  4.375830e-01
 5.17241e+00 -4.75862e+00       1.870e+12  4.531231e-01  2.704577e-03  8.493761e-01  5.468769e-01
 5.58621e+00 -4.75862e+00       2.226e+12  3.755319e-01 -2.037609e-03  9.048757e-01  6.244681e-01
 6.00000e+00 -4.75862e+00       2.084e+12  3.105997e-01  1.754859e-04  9.364244e-01  6.894003e-01
-6.00000e+00 -4.34483e+00       1.932e+12  2.330228e-01  9.379938e-04 -9.480201e-01  7.669772e-01
-5.58621e+00 -4.34483e+00       1.737e+12  3.127731e-01 -4.627555e-03 -9.057756e-01  6.872269e-01
-5.17241e+00 -4.34483e+00       1.349e+12  4.267817e-01 -1.741871e-02 -8.339094e-01  5.732183e-01
-4.75862e+00 -4.34483e+00       9.399e+11  5.412394e-01 -4.852109e-02 -7.530776e-01  4.587606e-01
-4.34483e+00 -4.34483e+00       6.158e+11  6.193266e-01 -7.563957e-02 -6.779826e-01  3.806734e-01
-3.93103e+00 -4.34483e+00       4.835e+11  6.962360e-01 -4.203692e-02 -5.399729e-01  3.037640e-01
-3.51724e+00 -4.34483e+00       5.275e+11  8.043649e-01  2.040675e-02 -2.476490e-01  1.956351e-01
-3.10345e+00 -4.34483e+00       6.529e+11  8.783829e-01  5.319975e-02  7.577012e-02  1.216171e-01
-2.68966e+00 -4.34483e+00       7.106e+11  8.839890e-01  6.847333e-02  2.988275e-01  1.160110e-01
-2.27586e+00 -4.34483e+00       6.169e+11  8.385780e-01  9.526524e-02  4.543392e-01  1.614220e-01
-1.86207e+00 -4.34483e+00       4.569e+11  7.613839e-01  1.334473e-01  5.790272e-01  2.386161e-01
-1.44828e+00 -4.34483e+00       3.210e+11  6.683701e-01  1.575192e-01  6.672931e-01  3.316299e-01
-1.03448e+00 -4.34483e+00       2.228e+11  5.788502e-01  1.412638e-01  6.800852e-01  4.211498e-01
-6.20690e-01 -4.34483e+00       1.510e+11  5.004885e-01  1.479894e-02  5.660214e-01  4.995115e-01
-2.06897e-01 -4.34483e+00       1.135e+11  4.214900e-01 -2.109566e-01  3.353691e-01  5.785100e-01
 2.06897e-01 -4.34483e+00       1.039e+11  3.300664e-01 -2.448936e-01  3.724479e-02  6.699336e-01
 6.20690e-01 -4.34483e+00       1.170e+11  2.420255e-01 -1.795015e-02 -3.577237e-01  7.579745e-01
 1.03448e+00 -4.34483e+00       1.722e+11  3.231342e-01  1.270364e-01 -6.305836e-01  6.768658e-01
 1.44828e+00 -4.34483e+00       3.085e+11  5.743367e-01  9.761534e-02 -6.395519e-01  4.256633e-01
 1.86207e+00 -4.34483e+00       5.404e+11  7.654604e-01  6.014610e-02 -5.481671e-01  2.345396e-01
 2.27586e+00 -4.34483e+00       7.618e+11  8.596764e-01  4.506890e-02 -4.489015e-01  1.403236e-01
 2.68966e+00 -4.34483e+00       8.118e+11  9.040697e-01  3.608055e-02 -3.303062e-01  9.593035e-02
 3.10345e+00 -4.34483e+00       7.033e+11  9.106421e-01  3.225310e-02 -1.273358e-01  8.935786e-02
 3.51724e+00 -4.34483e+00       5.906e+11  8.682563e-01  3.906701e-02  1.744739e-01  1.317437e-01
 3.93103e+00 -4.34483e+00       5.335e+11  7.962326e-01  3.584838e-02  4.282984e-01  2.037674e-01
 4.34483e+00 -4.34483e+00       5.510e+11  7.130290e-01  1.475540e-02  5.772773e-01  2.869710e-01
 4.75862e+00 -4.34483e+00       7.486e+11  5.711527e-01  8.600609e-03  7.156184e-01  4.288473e-01
 5.17241e+00 -4.34483e+00       1.232e+12  4.135236e-01  1.039334e-02  8.424261e-01  5.864764e-01
 5.58621e+00 -4.34483e+00       1.788e+12  3.053016e-01  7.151079e-03  9.142449e-01  6.946984e-01
 6.00000e+00 -4.34483e+00       1.971e+12  2.267804e-01  2.067256e-03  9.508607e-01  7.732196e-01
-6.00000e+00 -3.93103e+00       1.584e+12  1.621613e-01 -1.563764e-03 -9.477611e-01  8.378387e-01
-5.58621e+00 -3.93103e+00       1.270e+12  2.694832e-01 -1.248105e-02 -8.975345e-01  7.305168e-01
-5.17241e+00 -3.93103e+00       8.957e+11  3.971283e-01 -4.133176e-02 -8.315046e-01  6.028717e-01
-4.75862e+00 -3.93103e+00       6.001e+11  5.026701e-01 -7.063672e-02 -7.602821e-01  4.973299e-01
-4.34483e+00 -3.93103e+00       4.879e+11  6.212699e-01 -3.977912e-02 -6.134713e-01  3.787301e-01
-3.93103e+00 -3.93103e+00       5.625e+11  7.846558e-01  2.084326e-02 -3.367745e-01  2.153442e-01
-3.51724e+00 -3.93103e+00       6.932e+11  8.999430e-01  5.172729e-02 -8.015481e-02  1.000570e-01
-3.10345e+00 -3.93103e+00       7.010e+11  9.439408e-01  7.369569e-02  8.821780e-02  5.605922e-02
-2.68966e+00 -3.93103e+00       5.710e+11  9.487582e-01  1.002055e-01  1.937629e-01  5.124184e-02
-2.27586e+00 -3.93103e+00       4.421e+11  9.408039e-01  8.945812e-02  2.312493e-01  5.919606e-02
-1.86207e+00 -3.93103e+00       3.895e+11  9.267672e-01  1.784490e-02  1.774661e-01  7.323282e-02
-1.44828e+00 -3.93103e+00       3.603e+11  8.848034e-01 -3.157499e-02  4.862061e-02  1.151966e-01
-1.03448e+00 -3.93103e+00       2.866e+11  7.715922e-01 -4.728960e-02 -1.448548e-01  2.284078e-01
-6.20690e-01 -3.93103e+00       2.078e+11  5.831400e-01 -8.817195e-02 -3.864837e-01  4.168600e-01
-2.06897e-01 -3.93103e+00       1.849e+11  5.089824e-01 -1.451908e-01 -5.366201e-01  4.910176e-01
 2.06897e-01 -3.93103e+00       2.202e+11  6.313398e-01 -1.430944e-01 -4.963184e-01  3.686602e-01
 6.20690e-01 -3.93103e+00       2.702e+11  7.469823e-01 -9.707941e-02 -3.548828e-01  2.530177e-01
 1.03448e+00 -3.93103e+00       2.738e+11  7.655375e-01 -4.462055e-02 -2.003588e-01  2.344625e-01
 1.44828e+00 -3.93103e+00       2.338e+11  7.043499e-01 -2.119017e-03 -1.319075e-01  2.956501e-01
 1.86207e+00 -3.93103e+00       2.480e+11  7.371751e-01  4.223812e-02 -2.262828e-01  2.628249e-01
 2.27586e+00 -3.93103e+00       4.097e+11  8.809852e-01  6.216351e-02 -2.514318e-01  1.190148e-01
 2.68966e+00 -3.93103e+00       6.772e+11  9.524877e-01  5.048499e-02 -1.835397e-01  4.751234e-02
 3.10345e+00 -3.93103e+00       8.400e+11  9.681696e-01  3.629404e-02 -9.902172e-02  3.183036e-02
 3.51724e+00 -3.93103e+00       7.762e+11  9.406238e-01  2.845421e-02  4.053702e-02  5.937616e-02
 3.93103e+00 -3.93103e+00       6.278e+11  8.541624e-01  3.116604e-02  2.814200e-01  1.458376e-01
 4.34483e+00 -3.93103e+00       5.323e+11  7.349223e-01  2.955298e-02  5.260976e-01  2.650777e-01
 4.75862e+00 -3.93103e+00       5.404e+11  6.036170e-01  1.175098e-02  6.834615e-01  3.963830e-01
 5.17241e+00 -3.93103e+00       7.578e+11  4.191350e-01  6.774232e-03  8.118108e-01  5.808650e-01
 5.58621e+00 -3.93103e+00       1.223e+12  2.570056e-01  9.423521e-03  9.062760e-01  7.429944e-01
 6.00000e+00 -3.93103e+00       1.636e+12  1.558480e-01  6.843768e-03  9.533577e-01  8.441520e-01
-6.00000e+00 -3.51724e+00       1.186e+12  1.166040e-01 -6.579231e-03 -9.327720e-01  8.833960e-01
-5.58621e+00 -3.51724e+00       8.643e+11  2.481651e-01 -3.049810e-02 -8.813957e-01  7.518349e-01
-5.17241e+00 -3.51724e+00       5.866e+11  3.800977e-01 -6.498187e-02 -8.194048e-01  6.199023e-01
-4.75862e+00 -3.51724e+00       4.659e+11  5.264192e-01 -4.899911e-02 -6.933174e-01  4.735808e-01
-4.34483e+00 -3.51724e+00       5.316e+11  7.257772e-01  1.236330e-02 -4.498354e-01  2.742228e-01
-3.93103e+00 -3.51724e+00       6.573e+11  8.742583e-01  4.800581e-02 -2.265528e-01  1.257417e-01
-3.51724e+00 -3.51724e+00       6.603e+11  9.445358e-01  7.190879e-02 -8.562013e-02  5.546415e-02
-3.10345e+00 -3.51724e+00       5.429e+11  9.674219e-01  8.938178e-02 -2.076929e-02  3.257808e-02
-2.68966e+00 -3.51724e+00       4.331e+11  9.547899e-01  6.526789e-02 -4.360752e-02  4.521015e-02
-2.27586e+00 -3.51724e+00       3.395e+11  8.995614e-01  1.378913e-02 -1.110809e-01  1.004386e-01
-1.86207e+00 -3.51724e+00       2.201e+11  7.830584e-01 -5.479308e-02 -1.372697e-01  2.169416e-01
-1.44828e+00 -3.51724e+00       1.247e+11  5.831413e-01 -2.777176e-01 -2.567525e-02  4.168587e-01
-1.03448e+00 -3.51724e+00       8.420e+10  4.162009e-01 -6.302545e-01  1.802066e-01  5.837991e-01
-6.20690e-01 -3.51724e+00       6.371e+10  3.621255e-01 -7.994431e-01  2.319181e-01  6.378745e-01
-2.06897e-01 -3.51724e+00       5.092e+10  3.674907e-01 -8.134163e-01  5.962269e-02  6.325093e-01
 2.06897e-01 -3.51724e+00       5.916e+10  4.703620e-01 -7.332450e-01 -2.208477e-01  5.296380e-01
 6.20690e-01 -3.51724e+00       9.560e+10  6.229650e-01 -6.002222e-01 -3.260773e-01  3.770350e-01
 1.03448e+00 -3.51724e+00       1.572e+11  7.671045e-01 -4.221561e-01 -2.610520e-01  2.328955e-01
 1.44828e+00 -3.51724e+00       2.321e+11  8.662385e-01 -2.326704e-01 -1.336426e-01  1.337615e-01
 1.86207e+00 -3.51724e+00       2.814e+11  8.915051e-01 -9.281060e-02 -4.141183e-02  1.084949e-01
 2.27586e+00 -3.51724e+00       2.924e+11  8.832337e-01  6.428113e-03 -2.605276e-02  1.167663e-01
 2.68966e+00 -3.51724e+00       3.786e+11  9.238582e-01  6.109722e-02 -3.411495e-02  7.614181e-02
 3.10345e+00 -3.51724e+00       6.050e+11  9.684010e-01  5.579875e-02  1.118594e-02  3.159898e-02
 3.51724e+00 -3.51724e+00       7.862e+11  9.701596e-01  3.844966e-02  7.882458e-02  2.984041e-02
 3.93103e+00 -3.51724e+00       7.455e+11  9.231555e-01  2.788857e-02  1.955423e-01  7.684454e-02
 4.34483e+00 -3.51724e+00       5.945e+11  8.075130e-01  2.777392e-02  4.031936e-01  1.924870e-01
 4.75862e+00 -3.51724e+00       4.932e+11  6.523074e-01  2.277817e-02  6.220971e-01  3.476926e-01
 5.17241e+00 -3.51724e+00       5.234e+11  4.683955e-01  6.896108e-03  7.698401e-01  5.316045e-01
 5.58621e+00 -3.51724e+00       7.792e+11  2.542418e-01  6.751175e-03  8.777315e-01  7.457582e-01
 6.00000e+00 -3.51724e+00       1.190e+12  1.058741e-01  9.456725e-03  9.408287e-01  8.941259e-01
-6.00000e+00 -3.10345e+00       8.311e+11  1.008052e-01 -1.832127e-02 -9.077807e-01  8.991948e-01
-5.58621e+00 -3.10345e+00       5.756e+11  2.508789e-01 -5.405607e-02 -8.572872e-01  7.491211e-01
-5.17241e+00 -3.10345e+00       4.311e+11  4.135300e-01 -6.238857e-02 -7.647269e-01  5.864700e-01
-4.75862e+00 -3.10345e+00       4.602e+11  6.347525e-01 -4.990118e-03 -5.593698e-01  3.652475e-01
-4.34483e+00 -3.10345e+00       5.817e+11  8.196017e-01  3.988180e-02 -3.483567e-01  1.803983e-01
-3.93103e+00 -3.10345e+00       6.125e+11  9.153800e-01  6.539510e-02 -2.150585e-01  8.462003e-02
-3.51724e+00 -3.10345e+00       5.160e+11  9.489458e-01  8.248579e-02 -1.607035e-01  5.105420e-02
-3.10345e+00 -3.10345e+00       3.995e+11  9.319481e-01  6.632112e-02 -1.835655e-01  6.805192e-02
-2.68966e+00 -3.10345e+00       2.858e+11  8.746579e-01  1.645928e-02 -2.085807e-01  1.253421e-01
-2.27586e+00 -3.10345e+00       1.750e+11  7.976832e-01 -8.463022e-02 -1.094775e-01  2.023168e-01
-1.86207e+00 -3.10345e+00       1.108e+11  7.377111e-01 -2.773490e-01  1.702161e-01  2.622889e-01
-1.44828e+00 -3.10345e+00       8.929e+10  6.917132e-01 -4.021880e-01  4.072365e-01  3.082868e-01
-1.03448e+00 -3.10345e+00       7.715e+10  6.068631e-01 -3.948132e-01  4.677522e-01  3.931369e-01
-6.20690e-01 -3.10345e+00       6.618e+10  5.121266e-01 -3.146477e-01  3.466759e-01  4.878734e-01
-2.06897e-01 -3.10345e+00       6.670e+10  4.994075e-01 -2.234484e-01  6.822152e-02  5.005925e-01
 2.06897e-01 -3.10345e+00       8.227e+10  5.790579e-01 -2.029354e-01 -2.276243e-01  4.209421e-01
 6.20690e-01 -3.10345e+00       1.078e+11  6.626302e-01 -2.305225e-01 -4.333460e-01  3.373698e-01
 1.03448e+00 -3.10345e+00       1.305e+11  7.181061e-01 -2.628397e-01 -4.948687e-01  2.818939e-01
 1.44828e+00 -3.10345e+00       1.512e+11  7.902553e-01 -2.761058e-01 -3.721017e-01  2.097447e-01
 1.86207e+00 -3.10345e+00       1.967e+11  8.757801e-01 -2.224833e-01 -1.262827e-01  1.242199e-01
 2.27586e+00 -3.10345e+00       2.592e+11  9.114923e-01 -1.203157e-01  4.679154e-02  8.850771e-02
 2.68966e+00 -3.10345e+00       2.997e+11  9.148479e-01 -1.544947e-02  1.056430e-01  8.515205e-02
 3.10345e+00 -3.10345e+00       3.822e+11  9.372898e-01  5.470223e-02  1.130490e-01  6.271025e-02
 3.51724e+00 -3.10345e+00       5.763e+11  9.603436e-01  5.631374e-02  1.468890e-01  3.965639e-02
 3.93103e+00 -3.10345e+00       7.192e+11  9.473598e-01  3.843391e-02  2.069552e-01  5.264016e-02
 4.34483e+00 -3.10345e+00       6.583e+11  8.786586e-01  2.756415e-02  3.218253e-01  1.213414e-01
 4.75862e+00 -3.10345e+00       5.124e+11  7.346304e-01  2.536145e-02  5.170504e-01  2.653696e-01
 5.17241e+00 -3.10345e+00       4.344e+11  5.439226e-01  1.447361e-02  7.082199e-01  4.560774e-01
 5.58621e+00 -3.10345e+00       5.159e+11  3.059873e-01  3.447602e-03  8.345951e-01  6.940127e-01
 6.00000e+00 -3.10345e+00       7.968e+11  9.403853e-02  8.519648e-03  9.136881e-01  9.059615e-01
-6.00000e+00 -2.68966e+00       5.664e+11  1.255848e-01 -4.362684e-02 -8.751333e-01  8.744152e-01
-5.58621e+00 -2.68966e+00       4.053e+11  2.991596e-01 -7.515087e-02 -8.133358e-01  7.008404e-01
-5.17241e+00 -2.68966e+00       3.790e+11  5.213611e-01 -3.729211e-02 -6.584461e-01  4.786389e-01
-4.75862e+00 -2.68966e+00       4.800e+11  7.450563e-01  2.308368e-02 -4.502999e-01  2.549437e-01
-4.34483e+00 -2.68966e+00       5.533e+11  8.729521e-01  5.500218e-02 -3.087712e-01  1.270479e-01
-3.93103e+00 -2.68966e+00       4.953e+11  9.246214e-01  7.554278e-02 -2.441334e-01  7.537859e-02
-3.51724e+00 -2.68966e+00       3.811e+11  9.184315e-01  7.238973e-02 -2.513184e-01  8.156853e-02
-3.10345e+00 -2.68966e+00       2.689e+11  8.756743e-01  3.162008e-02 -2.605534e-01  1.243257e-01
-2.68966e+00 -2.68966e+00       1.759e+11  8.458678e-01 -5.512297e-02 -1.368989e-01  1.541322e-01
-2.27586e+00 -2.68966e+00       1.519e+11  8.679869e-01 -1.458719e-01  1.569496e-01  1.320131e-01
-1.86207e+00 -2.68966e+00       2.403e+11  8.425823e-01 -1.181706e-01  4.017490e-01  1.574177e-01
-1.44828e+00 -2.68966e+00       4.489e+11  7.357365e-01 -9.301109e-02  5.544298e-01  2.642635e-01
-1.03448e+00 -2.68966e+00       6.498e+11  5.643705e-01 -1.070690e-01  6.437584e-01  4.356295e-01
-6.20690e-01 -2.68966e+00       6.801e+11  3.032604e-01 -1.449105e-01  5.787850e-01  6.967396e-01
-2.06897e-01 -2.68966e+00       6.433e+11  7.807121e-02 -1.876939e-01  1.178917e-01  9.219288e-01
 2.06897e-01 -2.68966e+00       7.596e+11  2.195205e-01 -1.808635e-01 -4.803646e-01  7.804795e-01
 6.20690e-01 -2.68966e+00       9.542e+11  4.985008e-01 -1.365406e-01 -6.697625e-01  5.014992e-01
 1.03448e+00 -2.68966e+00       9.232e+11  6.785443e-01 -9.448776e-02 -6.347624e-01  3.214557e-01
 1.44828e+00 -2.68966e+00       6.340e+11  7.891516e-01 -6.776762e-02 -5.320967e-01  2.108484e-01
 1.86207e+00 -2.68966e+00       3.640e+11  8.734902e-01 -7.902486e-02 -3.646093e-01  1.265098e-01
 2.27586e+00 -2.68966e+00       2.592e+11  9.239871e-01 -1.164503e-01 -1.176098e-01  7.601290e-02
 2.68966e+00 -2.68966e+00       2.626e+11  9.265973e-01 -8.627249e-02  9.611717e-02  7.340273e-02
 3.10345e+00 -2.68966e+00       2.972e+11  9.214848e-01 -2.258566e-03  1.828914e-01  7.851524e-02
 3.51724e+00 -2.68966e+00       3.929e+11  9.378326e-01  5.514688e-02  2.027143e-01  6.216741e-02
 3.93103e+00 -2.68966e+00       5.646e+11  9.457345e-01  5.156909e-02  2.348436e-01  5.426548e-02
 4.34483e+00 -2.68966e+00       6.384e+11  9.150188e-01  3.451066e-02  2.966050e-01  8.498122e-02
 4.75862e+00 -2.68966e+00       5.363e+11  8.181471e-01  2.558144e-02  4.229099e-01  1.818529e-01
 5.17241e+00 -2.68966e+00       4.055e+11  6.406445e-01  1.934138e-02  6.142944e-01  3.593555e-01
 5.58621e+00 -2.68966e+00       3.771e+11  3.991518e-01  3.824534e-03  7.764710e-01  6.008482e-01
 6.00000e+00 -2.68966e+00       5.184e+11  1.331677e-01  4.739839e-03  8.739527e-01  8.668323e-01
-6.00000e+00 -2.27586e+00       3.142e+11  1.060729e-01  1.052118e-02 -7.953525e-01  8.939271e-01
-5.58621e+00 -2.27586e+00       2.662e+11  3.787758e-01 -1.592389e-02 -6.842832e-01  6.212242e-01
-5.17241e+00 -2.27586e+00       3.533e+11  6.486741e-01  1.881824e-02 -5.202151e-01  3.513259e-01
-4.75862e+00 -2.27586e+00       4.664e+11  8.160302e-01  4.562138e-02 -3.756761e-01  1.839698e-01
-4.34483e+00 -2.27586e+00       4.700e+11  8.993684e-01  6.178325e-02 -2.906763e-01  1.006316e-01
-3.93103e+00 -2.27586e+00       3.785e+11  9.168723e-01  7.048993e-02 -2.757714e-01  8.312767e-02
-3.51724e+00 -2.27586e+00       2.727e+11  8.891462e-01  4.941690e-02 -2.867086e-01  1.108538e-01
-3.10345e+00 -2.27586e+00       2.012e+11  8.807805e-01 -1.298405e-02 -1.802948e-01  1.192195e-01
-2.68966e+00 -2.27586e+00       2.760e+11  9.434058e-01 -4.833086e-02  7.952519e-02  5.659417e-02
-2.27586e+00 -2.27586e+00       6.804e+11  9.646648e-01 -1.791103e-02  2.046103e-01  3.533516e-02
-1.86207e+00 -2.27586e+00       1.343e+12  9.558384e-01  4.186224e-03  2.611898e-01  4.416159e-02
-1.44828e+00 -2.27586e+00       1.646e+12  9.410859e-01  2.422511e-02  3.052073e-01  5.891411e-02
-1.03448e+00 -2.27586e+00       1.235e+12  9.227381e-01  5.288211e-02  3.355256e-01  7.726189e-02
-6.20690e-01 -2.27586e+00       6.177e+11  9.015579e-01  8.941445e-02  3.166782e-01  9.844206e-02
-2.06897e-01 -2.27586e+00       2.894e+11  8.863984e-01  9.877527e-02  1.310492e-01  1.136016e-01
 2.06897e-01 -2.27586e+00       2.966e+11  8.993588e-01  5.649665e-02 -1.927255e-01  1.006412e-01
 6.20690e-01 -2.27586e+00       6.677e+11  9.232755e-01  1.685348e-02 -3.012470e-01  7.672454e-02
 1.03448e+00 -2.27586e+00       1.421e+12  9.423970e-01 -1.382121e-02 -2.955639e-01  5.760297e-02
 1.44828e+00 -2.27586e+00       2.001e+12  9.561824e-01 -2.964510e-02 -2.667455e-01  4.381764e-02
 1.86207e+00 -2.27586e+00       1.715e+12  9.659436e-01 -3.525064e-02 -2.328567e-01  3.405644e-02
 2.27586e+00 -2.27586e+00       9.312e+11  9.721782e-01 -4.088565e-02 -1.834632e-01  2.782179e-02
 2.68966e+00 -2.27586e+00       4.249e+11  9.669501e-01 -5.842585e-02 -6.026872e-02  3.304990e-02
 3.10345e+00 -2.27586e+00       2.862e+11  9.397943e-01 -4.506059e-02  1.367720e-01  6.020569e-02
 3.51724e+00 -2.27586e+00       3.027e+11  9.283742e-01  2.232101e-02  2.259246e-01  7.162582e-02
 3.93103e+00 -2.27586e+00       4.139e+11  9.389527e-01  5.359714e-02  2.489211e-01  6.104735e-02
 4.34483e+00 -2.27586e+00       5.466e+11  9.287609e-01  4.160577e-02  2.886098e-01  7.123910e-02
 4.75862e+00 -2.27586e+00       5.490e+11  8.702031e-01  2.866529e-02  3.753414e-01  1.297969e-01
 5.17241e+00 -2.27586e+00       4.436e+11  7.481473e-01  2.725707e-02  5.275386e-01  2.518527e-01
 5.58621e+00 -2.27586e+00       3.620e+11  5.727511e-01  2.423455e-02  6.862307e-01  4.272489e-01
 6.00000e+00 -2.27586e+00       3.842e+11  3.059830e-01  1.211299e-02  7.983343e-01  6.940170e-01
-6.00000e+00 -1.86207e+00       2.829e+11  3.566218e-01 -1.744086e-01 -7.390836e-01  6.433782e-01
-5.58621e+00 -1.86207e+00       2.790e+11  5.545553e-01 -1.023073e-01 -6.162615e-01  4.454447e-01
-5.17241e+00 -1.86207e+00       3.577e+11  7.558352e-01 -5.837049e-03 -4.363440e-01  2.441648e-01
-4.75862e+00 -1.86207e+00       4.227e+11  8.777858e-01  3.364621e-02 -3.171471e-01  1.222142e-01
-4.34483e+00 -1.86207e+00       3.850e+11  9.213925e-01  5.466771e-02 -2.757125e-01  7.860746e-02
-3.93103e+00 -1.86207e+00       2.896e+11  9.120420e-01  5.815421e-02 -2.829487e-01  8.795801e-02
-3.51724e+00 -1.86207e+00       2.201e+11  9.011024e-01  2.099231e-02 -2.323268e-01  9.889762e-02
-3.10345e+00 -1.86207e+00       3.229e+11  9.602341e-01 -1.362757e-02 -3.997969e-02  3.976588e-02
-2.68966e+00 -1.86207e+00       8.604e+11  9.916023e-01  9.893553e-04  4.633377e-02  8.397733e-03
-2.27586e+00 -1.86207e+00       1.718e+12  9.945749e-01  1.318391e-02  7.289784e-02  5.425070e-03
-1.86207e+00 -1.86207e+00       1.996e+12  9.931631e-01  2.185287e-02  9.087103e-02  6.836854e-03
-1.44828e+00 -1.86207e+00       1.339e+12  9.897226e-01  3.364152e-02  1.058626e-01  1.027740e-02
-1.03448e+00 -1.86207e+00       6.116e+11  9.825570e-01  5.607473e-02  1.136205e-01  1.744296e-02
-6.20690e-01 -1.86207e+00       3.306e+11  9.771884e-01  6.993403e-02  9.393770e-02  2.281157e-02
-2.06897e-01 -1.86207e+00       2.772e+11  9.792731e-01  4.635218e-02  7.157225e-02  2.072690e-02
 2.06897e-01 -1.86207e+00       2.480e+11  9.753997e-01  3.137941e-02  6.121741e-02  2.460034e-02
 6.20690e-01 -1.86207e+00       2.668e+11  9.706363e-01  2.278343e-02  3.178867e-04  2.936371e-02
 1.03448e+00 -1.86207e+00       5.712e+11  9.831742e-01 -3.078530e-03 -7.348272e-02  1.682581e-02
 1.44828e+00 -1.86207e+00       1.406e+12  9.919213e-01 -1.609095e-02 -8.301163e-02  8.078685e-03
 1.86207e+00 -1.86207e+00       2.242e+12  9.948295e-01 -2.174520e-02 -7.577560e-02  5.170538e-03
 2.27586e+00 -1.86207e+00       2.056e+12  9.957562e-01 -2.532643e-02 -6.422015e-02  4.243762e-03
 2.68966e+00 -1.86207e+00       1.122e+12  9.940594e-01 -3.013755e-02 -4.062160e-02  5.940609e-03
 3.10345e+00 -1.86207e+00       4.729e+11  9.793152e-01 -3.749773e-02  3.925295e-02  2.068477e-02
 3.51724e+00 -1.86207e+00       2.894e+11  9.467658e-01 -9.461310e-03  1.823990e-01  5.323419e-02
 3.93103e+00 -1.86207e+00       3.203e+11  9.409083e-01  4.151965e-02  2.404276e-01  5.909173e-02
 4.34483e+00 -1.86207e+00       4.325e+11  9.438377e-01  4.433439e-02  2.610877e-01  5.616229e-02
 4.75862e+00 -1.86207e+00       4.775e+11  9.164060e-01  2.688418e-02  3.073590e-01  8.359403e-02
 5.17241e+00 -1.86207e+00       3.895e+11  8.283318e-01  9.203511e-03  4.177556e-01  1.716682e-01
 5.58621e+00 -1.86207e+00       2.783e+11  6.660806e-01 -1.091422e-02  5.855641e-01  3.339194e-01
 6.00000e+00 -1.86207e+00       2.451e+11  4.128093e-01 -1.553880e-02  7.229273e-01  5.871907e-01
-6.00000e+00 -1.44828e+00       1.946e+11  4.179770e-01  3.415845e-02 -7.230160e-01  5.820230e-01
-5.58621e+00 -1.44828e+00       2.320e+11  7.097260e-01  8.485519e-03 -5.034616e-01  2.902740e-01
-5.17241e+00 -1.44828e+00       3.432e+11  8.668676e-01  2.148622e-02 -3.460723e-01  1.331324e-01
-4.75862e+00 -1.44828e+00       3.901e+11  9.230174e-01  4.406773e-02 -2.765527e-01  7.698257e-02
-4.34483e+00 -1.44828e+00       3.219e+11  9.350465e-01  5.936291e-02 -2.558635e-01  6.495346e-02
-3.93103e+00 -1.44828e+00       2.347e+11  9.253793e-01  4.366256e-02 -2.464584e-01  7.462072e-02
-3.51724e+00 -1.44828e+00       2.675e+11  9.536557e-01  4.027771e-03 -1.313701e-01  4.634429e-02
-3.10345e+00 -1.44828e+00       6.905e+11  9.911316e-01  3.099571e-03 -3.618118e-02  8.868421e-03
-2.68966e+00 -1.44828e+00       1.595e+12  9.981602e-01  1.143907e-02 -1.401110e-02  1.839787e-03
-2.27586e+00 -1.44828e+00       2.159e+12  9.989453e-01  1.641590e-02 -3.681971e-03  1.054750e-03
-1.86207e+00 -1.44828e+00       1.655e+12  9.983629e-01  2.177981e-02  3.329021e-03  1.637140e-03
-1.44828e+00 -1.44828e+00       8.229e+11  9.952451e-01  3.166829e-02  4.330219e-03  4.754906e-03
-1.03448e+00 -1.44828e+00       4.347e+11  9.868132e-01  5.677887e-02  6.873360e-04  1.318678e-02
-6.20690e-01 -1.44828e+00       4.265e+11  9.825629e-01  9.670470e-02  1.130029e-02  1.743713e-02
-2.06897e-01 -1.44828e+00       5.144e+11  9.843318e-01  1.132829e-01  2.017215e-02  1.566825e-02
 2.06897e-01 -1.44828e+00       4.872e+11  9.842799e-01  1.066374e-01  2.247053e-02  1.572013e-02
 6.20690e-01 -1.44828e+00       3.576e+11  9.809638e-01  7.218394e-02  2.476187e-02  1.903624e-02
 1.03448e+00 -1.44828e+00       3.316e+11  9.824199e-01  1.003058e-02  2.446989e-02  1.758010e-02
 1.44828e+00 -1.44828e+00       7.135e+11  9.933732e-01 -1.189057e-02  8.321713e-03  6.626819e-03
 1.86207e+00 -1.44828e+00       1.650e+12  9.978738e-01 -1.471509e-02  3.004363e-03  2.126151e-03
 2.27586e+00 -1.44828e+00       2.347e+12  9.989019e-01 -1.732463e-02  4.946377e-03  1.098073e-03
 2.68966e+00 -1.44828e+00       1.875e+12  9.986013e-01 -1.990566e-02  1.096119e-02  1.398687e-03
 3.10345e+00 -1.44828e+00       9.023e+11  9.947407e-01 -2.372567e-02  3.182678e-02  5.259258e-03
 3.51724e+00 -1.44828e+00       3.790e+11  9.764497e-01 -1.937608e-02  1.089109e-01  2.355028e-02
 3.93103e+00 -1.44828e+00       2.823e+11  9.552239e-01  2.277922e-02  2.035341e-01  4.477611e-02
 4.34483e+00 -1.44828e+00       3.644e+11  9.551748e-01  4.421630e-02  2.327225e-01  4.482525e-02
 4.75862e+00 -1.44828e+00       4.429e+11  9.470795e-01  3.396363e-02  2.578811e-01  5.292052e-02
 5.17241e+00 -1.44828e+00       3.833e+11  9.067532e-01  2.617626e-02  3.158912e-01  9.324682e-02
 5.58621e+00 -1.44828e+00       2.601e+11  7.872648e-01  2.447317e-02  4.540448e-01  2.127352e-01
 6.00000e+00 -1.44828e+00       2.066e+11  5.382618e-01  5.319878e-03  6.613999e-01  4.617382e-01
-6.00000e+00 -1.03448e+00       1.952e+11  6.891519e-01 -1.195452e-01 -5.492800e-01  3.108481e-01
-5.58621e+00 -1.03448e+00       2.425e+11  8.256278e-01 -2.538366e-02 -3.800362e-01  1.743722e-01
-5.17241e+00 -1.03448e+00       3.205e+11  9.148619e-01  2.268747e-02 -2.536586e-01  8.513807e-02
-4.75862e+00 -1.03448e+00       3.259e+11  9.534232e-01  3.148749e-02 -2.001173e-01  4.657684e-02
-4.34483e+00 -1.03448e+00       2.600e+11  9.591849e-01  3.278605e-02 -1.974533e-01  4.081511e-02
-3.93103e+00 -1.03448e+00       2.183e+11  9.578850e-01  2.008229e-02 -1.737882e-01  4.211502e-02
-3.51724e+00 -1.03448e+00       4.038e+11  9.846517e-01  3.770142e-03 -8.036537e-02  1.534834e-02
-3.10345e+00 -1.03448e+00       1.115e+12  9.967386e-01  7.663198e-03 -4.763558e-02  3.261383e-03
-2.68966e+00 -1.03448e+00       2.021e+12  9.985997e-01  1.128912e-02 -3.958876e-02  1.400255e-03
-2.27586e+00 -1.03448e+00       2.058e+12  9.987579e-01  1.402692e-02 -3.560203e-02  1.242115e-03
-1.86207e+00 -1.03448e+00       1.303e+12  9.979494e-01  1.969682e-02 -3.497247e-02  2.050606e-03
-1.44828e+00 -1.03448e+00       9.219e+11  9.965659e-01  2.826464e-02 -3.585249e-02  3.434121e-03
-1.03448e+00 -1.03448e+00       1.281e+12  9.975176e-01  2.073646e-02 -2.923208e-02  2.482402e-03
-6.20690e-01 -1.03448e+00       1.862e+12  9.986578e-01  5.317686e-03 -1.633315e-02  1.342206e-03
-2.06897e-01 -1.03448e+00       2.131e+12  9.989810e-01 -6.779808e-03  4.382740e-03  1.018990e-03
 2.06897e-01 -1.03448e+00       1.992e+12  9.985335e-01 -9.680219e-03  3.003406e-02  1.466470e-03
 6.20690e-01 -1.03448e+00       1.527e+12  9.974521e-01 -3.433720e-03  5.163288e-02  2.547916e-03
 1.03448e+00 -1.03448e+00       9.269e+11  9.956471e-01  4.419785e-03  6.281044e-02  4.352931e-03
 1.44828e+00 -1.03448e+00       6.500e+11  9.944929e-01  5.625528e-04  5.278333e-02  5.507132e-03
 1.86207e+00 -1.03448e+00       1.135e+12  9.973116e-01 -9.016636e-03  3.375546e-02  2.688367e-03
 2.27586e+00 -1.03448e+00       2.074e+12  9.987238e-01 -1.202699e-02  3.036618e-02  1.276230e-03
 2.68966e+00 -1.03448e+00       2.228e+12  9.989325e-01 -1.387522e-02  3.168422e-02  1.067532e-03
 3.10345e+00 -1.03448e+00       1.350e+12  9.980223e-01 -1.572868e-02  3.808155e-02  1.977701e-03
 3.51724e+00 -1.03448e+00       5.530e+11  9.922639e-01 -1.552033e-02  6.732248e-02  7.736067e-03
 3.93103e+00 -1.03448e+00       2.845e+11  9.781883e-01  5.107119e-03  1.360213e-01  2.181174e-02
 4.34483e+00 -1.03448e+00       2.973e+11  9.739903e-01  2.819760e-02  1.719424e-01  2.600967e-02
 4.75862e+00 -1.03448e+00       3.791e+11  9.694563e-01  2.529349e-02  1.936343e-01  3.054374e-02
 5.17241e+00 -1.03448e+00       3.698e+11  9.459838e-01  1.443834e-02  2.427966e-01  5.401617e-02
 5.58621e+00 -1.03448e+00       2.631e+11  8.856921e-01 -2.031887e-03  3.462320e-01  1.143079e-01
 6.00000e+00 -1.03448e+00       1.738e+11  7.540339e-01 -2.074363e-02  4.863004e-01  2.459661e-01
-6.00000e+00 -6.20690e-01       1.290e+11  8.866050e-01 -5.475375e-02 -2.833749e-01  1.133950e-01
-5.58621e+00 -6.20690e-01       2.256e+11  9.432406e-01  6.033531e-04 -2.189104e-01  5.675939e-02
-5.17241e+00 -6.20690e-01       3.225e+11  9.684960e-01  2.391312e-02 -1.686305e-01  3.150402e-02
-4.75862e+00 -6.20690e-01       3.125e+11  9.792981e-01  3.105257e-02 -1.397514e-01  2.070186e-02
-4.34483e+00 -6.20690e-01       2.338e+11  9.804896e-01  2.483402e-02 -1.326409e-01  1.951039e-02
-3.93103e+00 -6.20690e-01       2.294e+11  9.840470e-01  6.498358e-03 -1.021349e-01  1.595300e-02
-3.51724e+00 -6.20690e-01       5.542e+11  9.953833e-01  2.705207e-03 -5.382912e-02  4.616738e-03
-3.10345e+00 -6.20690e-01       1.415e+12  9.985131e-01  6.123676e-03 -4.198401e-02  1.486926e-03
-2.68966e+00 -6.20690e-01       2.157e+12  9.989760e-01  7.867394e-03 -3.898140e-02  1.023987e-03
-2.27586e+00 -6.20690e-01       1.878e+12  9.988621e-01  9.417736e-03 -3.884354e-02  1.137899e-03
-1.86207e+00 -6.20690e-01       1.225e+12  9.983254e-01  1.135283e-02 -4.199160e-02  1.674615e-03
-1.44828e+00 -6.20690e-01       1.183e+12  9.982232e-01  6.463543e-03 -4.276107e-02  1.776816e-03
-1.03448e+00 -6.20690e-01       1.435e+12  9.985824e-01 -4.315686e-03 -3.908804e-02  1.417628e-03
-6.20690e-01 -6.20690e-01       1.311e+12  9.986503e-01 -1.569492e-02 -3.292582e-02  1.349655e-03
-2.06897e-01 -6.20690e-01       9.718e+11  9.983162e-01 -2.611619e-02 -1.642547e-02  1.683775e-03
 2.06897e-01 -6.20690e-01       8.985e+11  9.978194e-01 -2.867059e-02  1.922558e-02  2.180555e-03
 6.20690e-01 -6.20690e-01       1.047e+12  9.975327e-01 -2.180770e-02  4.812509e-02  2.467348e-03
 1.03448e+00 -6.20690e-01       1.005e+12  9.972286e-01 -1.312509e-02  5.978087e-02  2.771357e-03
 1.44828e+00 -6.20690e-01       7.613e+11  9.969290e-01 -6.473950e-03  5.663295e-02  3.071014e-03
 1.86207e+00 -6.20690e-01       9.268e+11  9.980341e-01 -5.703733e-03  3.537751e-02  1.965944e-03
 2.27586e+00 -6.20690e-01       1.763e+12  9.991314e-01 -7.495268e-03  2.633167e-02  8.685511e-04
 2.68966e+00 -6.20690e-01       2.269e+12  9.994128e-01 -8.677630e-03  2.562018e-02  5.871976e-04
 3.10345e+00 -6.20690e-01       1.634e+12  9.992626e-01 -9.487987e-03  2.771706e-02  7.373773e-04
 3.51724e+00 -6.20690e-01       7.213e+11  9.978891e-01 -9.223710e-03  3.840994e-02  2.110899e-03
 3.93103e+00 -6.20690e-01       3.132e+11  9.929166e-01  7.115130e-04  7.360577e-02  7.083391e-03
 4.34483e+00 -6.20690e-01       2.843e+11  9.894743e-01  1.902608e-02  1.050291e-01  1.052567e-02
 4.75862e+00 -6.20690e-01       3.752e+11  9.880723e-01  1.864000e-02  1.206616e-01  1.192769e-02
 5.17241e+00 -6.20690e-01       3.869e+11  9.818117e-01  1.156321e-02  1.474397e-01  1.818829e-02
 5.58621e+00 -6.20690e-01       2.892e+11  9.668653e-01  8.358120e-03  1.967192e-01  3.313473e-02
 6.00000e+00 -6.20690e-01       1.909e+11  9.364094e-01  7.549306e-03  2.627766e-01  6.359064e-02
-6.00000e+00 -2.06897e-01       1.078e+11  9.824128e-01 -1.555598e-02 -1.103112e-01  1.758719e-02
-5.58621e+00 -2.06897e-01       2.114e+11  9.927013e-01 -4.779964e-03 -7.938655e-02  7.298703e-03
-5.17241e+00 -2.06897e-01       3.110e+11  9.960608e-01  2.872976e-03 -6.215707e-02  3.939210e-03
-4.75862e+00 -2.06897e-01       3.030e+11  9.971359e-01  5.587225e-03 -5.425520e-02  2.864080e-03
-4.34483e+00 -2.06897e-01       2.263e+11  9.968363e-01  3.174823e-03 -5.280777e-02  3.163655e-03
-3.93103e+00 -2.06897e-01       2.445e+11  9.973890e-01 -2.053056e-03 -4.055587e-02  2.610987e-03
-3.51724e+00 -2.06897e-01       6.460e+11  9.991253e-01  5.028782e-04 -2.576547e-02  8.747097e-04
-3.10345e+00 -2.06897e-01       1.560e+12  9.995805e-01  2.736487e-03 -2.241728e-02  4.195089e-04
-2.68966e+00 -2.06897e-01       2.187e+12  9.996169e-01  3.390685e-03 -2.217393e-02  3.830988e-04
-2.27586e+00 -2.06897e-01       1.793e+12  9.994821e-01  3.316871e-03 -2.426625e-02  5.178534e-04
-1.86207e+00 -2.06897e-01       1.239e+12  9.993081e-01  9.380208e-04 -2.736474e-02  6.918535e-04
-1.44828e+00 -2.06897e-01       1.285e+12  9.994806e-01 -4.354623e-03 -2.463322e-02  5.193519e-04
-1.03448e+00 -2.06897e-01       1.486e+12  9.996862e-01 -7.527834e-03 -2.092110e-02  3.138315e-04
-6.20690e-01 -2.06897e-01       1.564e+12  9.997728e-01 -7.718697e-03 -1.935471e-02  2.272212e-04
-2.06897e-01 -2.06897e-01       1.699e+12  9.997785e-01 -6.806628e-03 -1.777201e-02  2.214548e-04
 2.06897e-01 -2.06897e-01       1.666e+12  9.997115e-01 -7.894318e-03 -1.162129e-02  2.885346e-04
 6.20690e-01 -2.06897e-01       1.393e+12  9.995489e-01 -1.010849e-02  3.434575e-03  4.510540e-04
 1.03448e+00 -2.06897e-01       1.107e+12  9.993639e-01 -9.675363e-03  2.059745e-02  6.361234e-04
 1.44828e+00 -2.06897e-01       8.254e+11  9.992254e-01 -6.240164e-03  2.587417e-02  7.745771e-04
 1.86207e+00 -2.06897e-01       8.722e+11  9.993989e-01 -3.286229e-03  1.362522e-02  6.011080e-04
 2.27586e+00 -2.06897e-01       1.610e+12  9.997686e-01 -3.506831e-03  4.855462e-03  2.313608e-04
 2.68966e+00 -2.06897e-01       2.244e+12  9.999038e-01 -3.926125e-03  3.591862e-03  9.621074e-05
 3.10345e+00 -2.06897e-01       1.763e+12  9.999174e-01 -3.843854e-03  4.045267e-03  8.264856e-05
 3.51724e+00 -2.06897e-01       8.220e+11  9.997851e-01 -2.766851e-03  6.662802e-03  2.148799e-04
 3.93103e+00 -2.06897e-01       3.398e+11  9.992533e-01  1.343360e-03  1.483380e-02  7.466924e-04
 4.34483e+00 -2.06897e-01       2.782e+11  9.988778e-01  4.726527e-03  2.249732e-02  1.122249e-03
 4.75862e+00 -2.06897e-01       3.517e+11  9.989596e-01  1.567121e-03  2.686701e-02  1.040371e-03
 5.17241e+00 -2.06897e-01       3.585e+11  9.986853e-01 -2.202249e-03  3.283873e-02  1.314674e-03
 5.58621e+00 -2.06897e-01       2.635e+11  9.974445e-01 -5.793621e-03  4.382591e-02  2.555465e-03
 6.00000e+00 -2.06897e-01       1.695e+11  9.937199e-01 -1.185316e-02  6.633939e-02  6.280053e-03
-6.00000e+00  2.06897e-01       1.076e+11  9.825297e-01 -1.638631e-02  7.418606e-02  1.747026e-02
-5.58621e+00  2.06897e-01       2.112e+11  9.927627e-01 -8.415730e-03  5.541355e-02  7.237271e-03
-5.17241e+00  2.06897e-01       3.104e+11  9.964710e-01 -8.741952e-03  4.514763e-02  3.529012e-03
-4.75862e+00  2.06897e-01       3.020e+11  9.977424e-01 -1.568938e-02  3.858566e-02  2.257643e-03
-4.34483e+00  2.06897e-01       2.252e+11  9.980652e-01 -2.046881e-02  3.368875e-02  1.934845e-03
-3.93103e+00  2.06897e-01       2.439e+11  9.987982e-01 -1.191476e-02  1.830659e-02  1.201752e-03
-3.51724e+00  2.06897e-01       6.477e+11  9.996720e-01 -3.239075e-03  5.245952e-03  3.280085e-04
-3.10345e+00  2.06897e-01       1.567e+12  9.998548e-01 -1.693712e-03  2.733254e-03  1.452396e-04
-2.68966e+00  2.06897e-01       2.198e+12  9.998492e-01 -1.879960e-03  8.635825e-04  1.507924e-04
-2.27586e+00  2.06897e-01       1.810e+12  9.997472e-01 -3.551341e-03 -2.529960e-03  2.527570e-04
-1.86207e+00  2.06897e-01       1.264e+12  9.996022e-01 -8.659472e-03 -4.296722e-03  3.977594e-04
-1.44828e+00  2.06897e-01       1.319e+12  9.996509e-01 -1.205433e-02  2.271149e-03  3.490536e-04
-1.03448e+00  2.06897e-01       1.517e+12  9.997330e-01 -1.128066e-02  5.813908e-03  2.669634e-04
-6.20690e-01  2.06897e-01       1.571e+12  9.997298e-01 -1.292838e-02  5.090275e-04  2.702071e-04
-2.06897e-01  2.06897e-01       1.679e+12  9.997023e-01 -1.629754e-02 -8.316079e-03  2.977306e-04
 2.06897e-01  2.06897e-01       1.645e+12  9.997085e-01 -1.624133e-02 -1.209848e-02  2.914807e-04
 6.20690e-01  2.06897e-01       1.398e+12  9.997664e-01 -1.190810e-02 -1.118638e-02  2.336153e-04
 1.03448e+00  2.06897e-01       1.135e+12  9.998372e-01 -6.278940e-03 -9.715387e-03  1.627586e-04
 1.44828e+00  2.06897e-01       8.509e+11  9.997960e-01 -2.526471e-03 -1.134955e-02  2.040275e-04
 1.86207e+00  2.06897e-01       8.833e+11  9.996226e-01 -3.029434e-05 -1.842585e-02  3.773538e-04
 2.27586e+00  2.06897e-01       1.613e+12  9.996247e-01  3.044028e-04 -2.257353e-02  3.753238e-04
 2.68966e+00  2.06897e-01       2.243e+12  9.996683e-01  6.807649e-04 -2.314831e-02  3.316835e-04
 3.10345e+00  2.06897e-01       1.762e+12  9.996475e-01  1.728738e-03 -2.358001e-02  3.525460e-04
 3.51724e+00  2.06897e-01       8.224e+11  9.993589e-01  3.804744e-03 -2.677163e-02  6.410958e-04
 3.93103e+00  2.06897e-01       3.410e+11  9.980994e-01  3.109435e-03 -4.243483e-02  1.900615e-03
 4.34483e+00  2.06897e-01       2.796e+11  9.969110e-01 -9.335873e-03 -6.133108e-02  3.089048e-03
 4.75862e+00  2.06897e-01       3.528e+11  9.966040e-01 -1.491081e-02 -6.605686e-02  3.395954e-03
 5.17241e+00  2.06897e-01       3.592e+11  9.951624e-01 -1.564467e-02 -7.488979e-02  4.837617e-03
 5.58621e+00  2.06897e-01       2.640e+11  9.911756e-01 -2.265128e-02 -9.762969e-02  8.824371e-03
 6.00000e+00  2.06897e-01       1.703e+11  9.828901e-01 -3.367232e-02 -1.376295e-01  1.710988e-02
-6.00000e+00  6.20690e-01       1.278e+11  8.891477e-01  3.315978e-02  2.465608e-01  1.108523e-01
-5.58621e+00  6.20690e-01       2.256e+11  9.456455e-01 -1.028584e-02  1.951161e-01  5.435451e-02
-5.17241e+00  6.20690e-01       3.221e+11  9.708275e-01 -2.932668e-02  1.526013e-01  2.917247e-02
-4.75862e+00  6.20690e-01       3.106e+11  9.813133e-01 -4.127802e-02  1.247414e-01  1.868670e-02
-4.34483e+00  6.20690e-01       2.305e+11  9.836271e-01 -4.225497e-02  1.144778e-01  1.637288e-02
-3.93103e+00  6.20690e-01       2.264e+11  9.880215e-01 -2.229978e-02  8.122380e-02  1.197855e-02
-3.51724e+00  6.20690e-01       5.562e+11  9.970248e-01 -6.981279e-03  3.416519e-02  2.975177e-03
-3.10345e+00  6.20690e-01       1.430e+12  9.992134e-01 -5.820764e-03  2.340010e-02  7.866303e-04
-2.68966e+00  6.20690e-01       2.189e+12  9.995017e-01 -6.880756e-03  1.941490e-02  4.982543e-04
-2.27586e+00  6.20690e-01       1.926e+12  9.994177e-01 -9.691446e-03  1.509682e-02  5.823293e-04
-1.86207e+00  6.20690e-01       1.297e+12  9.989624e-01 -1.700167e-02  1.317612e-02  1.037609e-03
-1.44828e+00  6.20690e-01       1.290e+12  9.985843e-01 -2.021398e-02  2.315926e-02  1.415667e-03
-1.03448e+00  6.20690e-01       1.569e+12  9.986504e-01 -1.152406e-02  3.202377e-02  1.349588e-03
-6.20690e-01  6.20690e-01       1.428e+12  9.986283e-01 -2.810914e-04  3.394569e-02  1.371661e-03
-2.06897e-01  6.20690e-01       1.048e+12  9.984932e-01  8.227013e-03  2.457825e-02  1.506797e-03
 2.06897e-01  6.20690e-01       9.778e+11  9.986963e-01  9.895061e-03 -2.472304e-03  1.303664e-03
 6.20690e-01  6.20690e-01       1.167e+12  9.989211e-01  7.315732e-03 -2.533806e-02  1.078913e-03
 1.03448e+00  6.20690e-01       1.129e+12  9.988082e-01  3.700267e-03 -3.695746e-02  1.191803e-03
 1.44828e+00  6.20690e-01       8.361e+11  9.984806e-01  1.649588e-03 -4.289925e-02  1.519369e-03
 1.86207e+00  6.20690e-01       9.533e+11  9.984560e-01  2.907648e-03 -4.447987e-02  1.544040e-03
 2.27586e+00  6.20690e-01       1.768e+12  9.987474e-01  3.936421e-03 -4.390028e-02  1.252640e-03
 2.68966e+00  6.20690e-01       2.267e+12  9.988375e-01  5.257259e-03 -4.400033e-02  1.162474e-03
 3.10345e+00  6.20690e-01       1.632e+12  9.985725e-01  7.317887e-03 -4.601759e-02  1.427532e-03
 3.51724e+00  6.20690e-01       7.226e+11  9.965960e-01  1.018086e-02 -5.789653e-02  3.404007e-03
 3.93103e+00  6.20690e-01       3.169e+11  9.893101e-01  2.740769e-03 -1.021928e-01  1.068991e-02
 4.34483e+00  6.20690e-01       2.886e+11  9.840259e-01 -2.256723e-02 -1.434055e-01  1.597406e-02
 4.75862e+00  6.20690e-01       3.796e+11  9.818547e-01 -2.780021e-02 -1.574609e-01  1.814526e-02
 5.17241e+00  6.20690e-01       3.907e+11  9.725173e-01 -2.437502e-02 -1.854614e-01  2.748265e-02
 5.58621e+00  6.20690e-01       2.926e+11  9.507074e-01 -2.892604e-02 -2.452494e-01  4.929260e-02
 6.00000e+00  6.20690e-01       1.949e+11  9.117049e-01 -3.748798e-02 -3.242011e-01  8.829505e-02
-6.00000e+00  1.03448e+00       1.902e+11  7.148771e-01  1.048548e-01  5.099964e-01  2.851229e-01
-5.58621e+00  1.03448e+00       2.404e+11  8.408104e-01  9.256552e-03  3.517603e-01  1.591896e-01
-5.17241e+00  1.03448e+00       3.191e+11  9.215316e-01 -3.382264e-02  2.351052e-01  7.846842e-02
-4.75862e+00  1.03448e+00       3.232e+11  9.564108e-01 -4.145066e-02  1.845362e-01  4.358916e-02
-4.34483e+00  1.03448e+00       2.557e+11  9.624971e-01 -4.563963e-02  1.819868e-01  3.750288e-02
-3.93103e+00  1.03448e+00       2.138e+11  9.631508e-01 -3.518027e-02  1.567231e-01  3.684921e-02
-3.51724e+00  1.03448e+00       4.048e+11  9.876326e-01 -1.073444e-02  6.177432e-02  1.236736e-02
-3.10345e+00  1.03448e+00       1.133e+12  9.976680e-01 -8.477504e-03  3.045377e-02  2.332004e-03
-2.68966e+00  1.03448e+00       2.067e+12  9.990673e-01 -1.078820e-02  2.248940e-02  9.326749e-04
-2.27586e+00  1.03448e+00       2.131e+12  9.991004e-01 -1.425088e-02  1.660314e-02  8.996119e-04
-1.86207e+00  1.03448e+00       1.404e+12  9.983087e-01 -2.238826e-02  1.189556e-02  1.691332e-03
-1.44828e+00  1.03448e+00       1.069e+12  9.969252e-01 -3.560567e-02  1.691020e-02  3.074791e-03
-1.03448e+00  1.03448e+00       1.515e+12  9.974945e-01 -3.112535e-02  2.577692e-02  2.505547e-03
-6.20690e-01  1.03448e+00       2.207e+12  9.985856e-01 -1.573391e-02  2.306508e-02  1.414425e-03
-2.06897e-01  1.03448e+00       2.547e+12  9.991843e-01 -2.561754e-03  9.468221e-03  8.156625e-04
 2.06897e-01  1.03448e+00       2.404e+12  9.991857e-01  2.112185e-03 -1.138183e-02  8.143339e-04
 6.20690e-01  1.03448e+00       1.849e+12  9.986039e-01 -1.693888e-03 -3.169834e-02  1.396073e-03
 1.03448e+00  1.03448e+00       1.109e+12  9.974341e-01 -7.024694e-03 -4.645766e-02  2.565916e-03
 1.44828e+00  1.03448e+00       7.230e+11  9.963233e-01 -2.618389e-03 -5.302864e-02  3.676691e-03
 1.86207e+00  1.03448e+00       1.154e+12  9.975354e-01  5.044577e-03 -4.856819e-02  2.464621e-03
 2.27586e+00  1.03448e+00       2.070e+12  9.983278e-01  7.445323e-03 -4.662178e-02  1.672238e-03
 2.68966e+00  1.03448e+00       2.215e+12  9.983695e-01  9.766126e-03 -4.782630e-02  1.630492e-03
 3.10345e+00  1.03448e+00       1.343e+12  9.971936e-01  1.286884e-02 -5.434129e-02  2.806425e-03
 3.51724e+00  1.03448e+00       5.548e+11  9.899311e-01  1.500375e-02 -8.653130e-02  1.006892e-02
 3.93103e+00  1.03448e+00       2.903e+11  9.720639e-01 -6.275590e-03 -1.657409e-01  2.793608e-02
 4.34483e+00  1.03448e+00       3.035e+11  9.658576e-01 -3.407761e-02 -2.087194e-01  3.414236e-02
 4.75862e+00  1.03448e+00       3.877e+11  9.603252e-01 -3.013347e-02 -2.293549e-01  3.967482e-02
 5.17241e+00  1.03448e+00       3.797e+11  9.330378e-01 -1.679379e-02 -2.781567e-01  6.696219e-02
 5.58621e+00  1.03448e+00       2.724e+11  8.645363e-01 -5.945919e-04 -3.863756e-01  1.354637e-01
 6.00000e+00  1.03448e+00       1.825e+11  7.282230e-01  1.441058e-02 -5.277779e-01  2.717770e-01
-6.00000e+00  1.44828e+00       1.903e+11  4.442793e-01 -4.885966e-02  7.039121e-01  5.557207e-01
-5.58621e+00  1.44828e+00       2.305e+11  7.202405e-01 -2.196010e-02  4.840534e-01  2.797595e-01
-5.17241e+00  1.44828e+00       3.424e+11  8.696372e-01 -2.532982e-02  3.329822e-01  1.303628e-01
-4.75862e+00  1.44828e+00       3.864e+11  9.241233e-01 -4.630628e-02  2.669833e-01  7.587671e-02
-4.34483e+00  1.44828e+00       3.143e+11  9.365081e-01 -6.722052e-02  2.459883e-01  6.349186e-02
-3.93103e+00  1.44828e+00       2.254e+11  9.286429e-01 -5.885874e-02  2.341652e-01  7.135707e-02
-3.51724e+00  1.44828e+00       2.623e+11  9.576912e-01 -1.794460e-02  1.137507e-01  4.230883e-02
-3.10345e+00  1.44828e+00       7.019e+11  9.922792e-01 -8.165287e-03  2.012793e-02  7.720781e-03
-2.68966e+00  1.44828e+00       1.641e+12  9.982348e-01 -1.308604e-02 -6.928640e-04  1.765195e-03
-2.27586e+00  1.44828e+00       2.244e+12  9.986907e-01 -1.817107e-02 -1.092401e-02  1.309292e-03
-1.86207e+00  1.44828e+00       1.775e+12  9.978875e-01 -2.549301e-02 -1.816632e-02  2.112487e-03
-1.44828e+00  1.44828e+00       9.707e+11  9.950323e-01 -3.680384e-02 -1.802772e-02  4.967720e-03
-1.03448e+00  1.44828e+00       5.867e+11  9.890250e-01 -5.520174e-02 -1.198189e-02  1.097499e-02
-6.20690e-01  1.44828e+00       5.758e+11  9.858910e-01 -8.646194e-02 -1.928314e-02  1.410898e-02
-2.06897e-01  1.44828e+00       6.689e+11  9.870085e-01 -1.032113e-01 -2.685324e-02  1.299149e-02
 2.06897e-01  1.44828e+00       6.238e+11  9.871471e-01 -9.780343e-02 -3.118071e-02  1.285291e-02
 6.20690e-01  1.44828e+00       4.562e+11  9.853519e-01 -6.549117e-02 -3.911271e-02  1.464807e-02
 1.03448e+00  1.44828e+00       3.994e+11  9.869944e-01 -1.160591e-02 -4.546935e-02  1.300560e-02
 1.44828e+00  1.44828e+00       7.490e+11  9.947075e-01  5.649344e-03 -2.670407e-02  5.292454e-03
 1.86207e+00  1.44828e+00       1.652e+12  9.981328e-01  8.545876e-03 -1.655264e-02  1.867200e-03
 2.27586e+00  1.44828e+00       2.327e+12  9.989010e-01  1.215652e-02 -1.720448e-02  1.099030e-03
 2.68966e+00  1.44828e+00       1.853e+12  9.984513e-01  1.561392e-02 -2.328398e-02  1.548664e-03
 3.10345e+00  1.44828e+00       8.959e+11  9.939158e-01  2.033638e-02 -4.558123e-02  6.084191e-03
 3.51724e+00  1.44828e+00       3.845e+11  9.727787e-01  1.661975e-02 -1.294670e-01  2.722131e-02
 3.93103e+00  1.44828e+00       2.907e+11  9.483823e-01 -2.661188e-02 -2.327276e-01  5.161768e-02
 4.34483e+00  1.44828e+00       3.721e+11  9.469550e-01 -5.197301e-02 -2.628969e-01  5.304497e-02
 4.75862e+00  1.44828e+00       4.494e+11  9.363721e-01 -4.447206e-02 -2.865254e-01  6.362795e-02
 5.17241e+00  1.44828e+00       3.873e+11  8.891099e-01 -4.058335e-02 -3.464286e-01  1.108901e-01
 5.58621e+00  1.44828e+00       2.626e+11  7.566366e-01 -4.765121e-02 -4.885041e-01  2.433634e-01
 6.00000e+00  1.44828e+00       2.102e+11  4.969227e-01 -3.338745e-02 -6.925514e-01  5.030773e-01
-6.00000e+00  1.86207e+00       2.694e+11  3.695428e-01  1.695462e-01  7.169006e-01  6.304572e-01
-5.58621e+00  1.86207e+00       2.726e+11  5.692154e-01  8.282892e-02  5.940562e-01  4.307846e-01
-5.17241e+00  1.86207e+00       3.561e+11  7.628433e-01 -1.034534e-02  4.222541e-01  2.371567e-01
-4.75862e+00  1.86207e+00       4.198e+11  8.797879e-01 -4.090208e-02  3.067251e-01  1.202121e-01
-4.34483e+00  1.86207e+00       3.784e+11  9.221951e-01 -5.953374e-02  2.671190e-01  7.780493e-02
-3.93103e+00  1.86207e+00       2.801e+11  9.136735e-01 -6.737363e-02  2.760278e-01  8.632654e-02
-3.51724e+00  1.86207e+00       2.108e+11  9.037039e-01 -3.698496e-02  2.249438e-01  9.629611e-02
-3.10345e+00  1.86207e+00       3.223e+11  9.624691e-01  9.772333e-04  2.591129e-02  3.753091e-02
-2.68966e+00  1.86207e+00       8.879e+11  9.912711e-01 -6.389743e-03 -5.907240e-02  8.728867e-03
-2.27586e+00  1.86207e+00       1.795e+12  9.935355e-01 -1.660191e-02 -8.482261e-02  6.464549e-03
-1.86207e+00  1.86207e+00       2.110e+12  9.918372e-01 -2.674037e-02 -1.026193e-01  8.162796e-03
-1.44828e+00  1.86207e+00       1.481e+12  9.886558e-01 -4.363041e-02 -1.150402e-01  1.134423e-02
-1.03448e+00  1.86207e+00       8.193e+11  9.852467e-01 -7.021949e-02 -1.032619e-01  1.475329e-02
-6.20690e-01  1.86207e+00       6.074e+11  9.872089e-01 -7.117825e-02 -5.672349e-02  1.279111e-02
-2.06897e-01  1.86207e+00       5.709e+11  9.906512e-01 -4.460391e-02 -3.411282e-02  9.348768e-03
 2.06897e-01  1.86207e+00       5.057e+11  9.894743e-01 -3.407952e-02 -4.204245e-02  1.052571e-02
 6.20690e-01  1.86207e+00       4.399e+11  9.841349e-01 -4.236201e-02 -3.489583e-02  1.586506e-02
 1.03448e+00  1.86207e+00       6.390e+11  9.862435e-01 -2.277352e-02  3.889611e-02  1.375647e-02
 1.44828e+00  1.86207e+00       1.398e+12  9.926040e-01  2.856621e-03  7.340688e-02  7.395989e-03
 1.86207e+00  1.86207e+00       2.195e+12  9.952967e-01  1.317138e-02  7.097127e-02  4.703341e-03
 2.27586e+00  1.86207e+00       2.006e+12  9.961692e-01  1.805186e-02  5.930891e-02  3.830771e-03
 2.68966e+00  1.86207e+00       1.099e+12  9.941351e-01  2.314106e-02  3.430158e-02  5.864896e-03
 3.10345e+00  1.86207e+00       4.742e+11  9.773419e-01  2.935635e-02 -5.126953e-02  2.265808e-02
 3.51724e+00  1.86207e+00       2.992e+11  9.418189e-01  1.535924e-03 -2.036259e-01  5.818113e-02
 3.93103e+00  1.86207e+00       3.287e+11  9.339215e-01 -4.754228e-02 -2.672679e-01  6.607846e-02
 4.34483e+00  1.86207e+00       4.412e+11  9.350088e-01 -5.128995e-02 -2.886581e-01  6.499123e-02
 4.75862e+00  1.86207e+00       4.900e+11  9.041220e-01 -3.389551e-02 -3.353466e-01  9.587798e-02
 5.17241e+00  1.86207e+00       4.032e+11  8.097651e-01 -1.665269e-02 -4.473976e-01  1.902349e-01
 5.58621e+00  1.86207e+00       2.926e+11  6.467087e-01  3.383524e-03 -6.128460e-01  3.532913e-01
 6.00000e+00  1.86207e+00       2.567e+11  4.077256e-01  1.008496e-02 -7.347453e-01  5.922744e-01
-6.00000e+00  2.27586e+00       3.081e+11  1.134103e-01 -2.346663e-02  7.943507e-01  8.865897e-01
-5.58621e+00  2.27586e+00       2.636e+11  3.857415e-01 -3.077359e-03  6.818300e-01  6.142585e-01
-5.17241e+00  2.27586e+00       3.570e+11  6.516177e-01 -3.601667e-02  5.185178e-01  3.483823e-01
-4.75862e+00  2.27586e+00       4.690e+11  8.155122e-01 -5.461559e-02  3.732253e-01  1.844878e-01
-4.34483e+00  2.27586e+00       4.660e+11  8.978686e-01 -6.528135e-02  2.870262e-01  1.021314e-01
-3.93103e+00  2.27586e+00       3.686e+11  9.152524e-01 -7.384805e-02  2.726417e-01  8.474764e-02
-3.51724e+00  2.27586e+00       2.599e+11  8.866780e-01 -5.950265e-02  2.864807e-01  1.133220e-01
-3.10345e+00  2.27586e+00       1.908e+11  8.779257e-01 -6.114759e-03  1.802444e-01  1.220743e-01
-2.68966e+00  2.27586e+00       2.761e+11  9.433095e-01  3.154382e-02 -8.846746e-02  5.669048e-02
-2.27586e+00  2.27586e+00       7.096e+11  9.637333e-01  8.608519e-03 -2.117104e-01  3.626675e-02
-1.86207e+00  2.27586e+00       1.428e+12  9.548398e-01 -1.196859e-02 -2.656427e-01  4.516021e-02
-1.44828e+00  2.27586e+00       1.764e+12  9.397948e-01 -3.388585e-02 -3.086822e-01  6.020519e-02
-1.03448e+00  2.27586e+00       1.305e+12  9.190768e-01 -6.694843e-02 -3.452832e-01  8.092317e-02
-6.20690e-01  2.27586e+00       6.087e+11  8.881003e-01 -1.173737e-01 -3.572619e-01  1.118997e-01
-2.06897e-01  2.27586e+00       2.398e+11  8.464184e-01 -1.658741e-01 -2.143030e-01  1.535816e-01
 2.06897e-01  2.27586e+00       2.443e+11  8.673698e-01 -1.072865e-01  2.131942e-01  1.326302e-01
 6.20690e-01  2.27586e+00       6.234e+11  9.129499e-01 -3.672611e-02  3.311816e-01  8.705012e-02
 1.03448e+00  2.27586e+00       1.362e+12  9.371861e-01 -2.224885e-04  3.136668e-01  6.281394e-02
 1.44828e+00  2.27586e+00       1.915e+12  9.528305e-01  1.731964e-02  2.782845e-01  4.716948e-02
 1.86207e+00  2.27586e+00       1.638e+12  9.640594e-01  2.406090e-02  2.393035e-01  3.594055e-02
 2.27586e+00  2.27586e+00       8.970e+11  9.714674e-01  2.942908e-02  1.850804e-01  2.853265e-02
 2.68966e+00  2.27586e+00       4.213e+11  9.658075e-01  4.270311e-02  5.569460e-02  3.419248e-02
 3.10345e+00  2.27586e+00       2.940e+11  9.371840e-01  2.817834e-02 -1.489249e-01  6.281595e-02
 3.51724e+00  2.27586e+00       3.107e+11  9.247572e-01 -2.995643e-02 -2.442752e-01  7.524278e-02
 3.93103e+00  2.27586e+00       4.203e+11  9.332633e-01 -5.859614e-02 -2.703814e-01  6.673672e-02
 4.34483e+00  2.27586e+00       5.579e+11  9.207102e-01 -4.819781e-02 -3.106070e-01  7.928980e-02
 4.75862e+00  2.27586e+00       5.615e+11  8.584074e-01 -3.790331e-02 -3.967986e-01  1.415926e-01
 5.17241e+00  2.27586e+00       4.536e+11  7.306018e-01 -3.957740e-02 -5.498581e-01  2.693982e-01
 5.58621e+00  2.27586e+00       3.723e+11  5.545224e-01 -3.621017e-02 -7.060632e-01  4.454776e-01
 6.00000e+00  2.27586e+00       3.984e+11  2.907455e-01 -2.031937e-02 -8.114319e-01  7.092545e-01
-6.00000e+00  2.68966e+00       5.502e+11  1.316974e-01  4.372293e-02  8.699162e-01  8.683026e-01
-5.58621e+00  2.68966e+00       3.893e+11  3.084467e-01  7.501938e-02  8.041030e-01  6.915533e-01
-5.17241e+00  2.68966e+00       3.747e+11  5.299059e-01  2.590059e-02  6.507070e-01  4.700941e-01
-4.75862e+00  2.68966e+00       4.835e+11  7.465513e-01 -3.048067e-02  4.485051e-01  2.534487e-01
-4.34483e+00  2.68966e+00       5.531e+11  8.716266e-01 -5.543441e-02  3.086563e-01  1.283734e-01
-3.93103e+00  2.68966e+00       4.880e+11  9.223867e-01 -7.320391e-02  2.452545e-01  7.761327e-02
-3.51724e+00  2.68966e+00       3.687e+11  9.144681e-01 -7.322464e-02  2.545271e-01  8.553194e-02
-3.10345e+00  2.68966e+00       2.553e+11  8.683571e-01 -4.373986e-02  2.679147e-01  1.316429e-01
-2.68966e+00  2.68966e+00       1.661e+11  8.371460e-01  2.919222e-02  1.479889e-01  1.628540e-01
-2.27586e+00  2.68966e+00       1.487e+11  8.657800e-01  1.159828e-01 -1.585500e-01  1.342200e-01
-1.86207e+00  2.68966e+00       2.435e+11  8.431553e-01  9.695416e-02 -4.130833e-01  1.568447e-01
-1.44828e+00  2.68966e+00       4.664e+11  7.405347e-01  7.353652e-02 -5.696436e-01  2.594653e-01
-1.03448e+00  2.68966e+00       7.015e+11  5.839338e-01  7.306526e-02 -6.662592e-01  4.160662e-01
-6.20690e-01  2.68966e+00       7.511e+11  3.426896e-01  8.026585e-02 -6.442213e-01  6.573104e-01
-2.06897e-01  2.68966e+00       6.748e+11  7.826135e-02  9.499110e-02 -2.744598e-01  9.217387e-01
 2.06897e-01  2.68966e+00       7.164e+11  1.317199e-01  1.057401e-01  3.724782e-01  8.682801e-01
 6.20690e-01  2.68966e+00       8.606e+11  4.214914e-01  9.175546e-02  6.594222e-01  5.785086e-01
 1.03448e+00  2.68966e+00       8.360e+11  6.372614e-01  6.580504e-02  6.492909e-01  3.627386e-01
 1.44828e+00  2.68966e+00       5.879e+11  7.728448e-01  4.599326e-02  5.438237e-01  2.271552e-01
 1.86207e+00  2.68966e+00       3.496e+11  8.688861e-01  5.378174e-02  3.776633e-01  1.311139e-01
 2.27586e+00  2.68966e+00       2.566e+11  9.202990e-01  7.926178e-02  1.316696e-01  7.970103e-02
 2.68966e+00  2.68966e+00       2.683e+11  9.249694e-01  5.302421e-02 -9.773834e-02  7.503058e-02
 3.10345e+00  2.68966e+00       3.063e+11  9.216981e-01 -1.205128e-02 -1.929161e-01  7.830188e-02
 3.51724e+00  2.68966e+00       3.979e+11  9.359950e-01 -5.914022e-02 -2.161547e-01  6.400505e-02
 3.93103e+00  2.68966e+00       5.724e+11  9.416097e-01 -5.700554e-02 -2.501174e-01  5.839028e-02
 4.34483e+00  2.68966e+00       6.492e+11  9.085546e-01 -4.317246e-02 -3.118291e-01  9.144538e-02
 4.75862e+00  2.68966e+00       5.426e+11  8.066878e-01 -3.697362e-02 -4.393672e-01  1.933122e-01
 5.17241e+00  2.68966e+00       4.112e+11  6.271655e-01 -2.937334e-02 -6.312225e-01  3.728345e-01
 5.58621e+00  2.68966e+00       3.828e+11  3.953794e-01 -9.082406e-03 -7.829406e-01  6.046206e-01
 6.00000e+00  2.68966e+00       5.234e+11  1.284650e-01 -1.145590e-02 -8.744025e-01  8.715350e-01
-6.00000e+00  3.10345e+00       8.191e+11  1.048859e-01  1.563665e-02  9.059224e-01  8.951141e-01
-5.58621e+00  3.10345e+00       5.542e+11  2.557248e-01  5.949957e-02  8.522442e-01  7.442752e-01
-5.17241e+00  3.10345e+00       4.178e+11  4.213214e-01  5.967884e-02  7.587175e-01  5.786786e-01
-4.75862e+00  3.10345e+00       4.633e+11  6.389154e-01 -5.788496e-03  5.582312e-01  3.610846e-01
-4.34483e+00  3.10345e+00       5.886e+11  8.182431e-01 -4.395505e-02  3.511150e-01  1.817569e-01
-3.93103e+00  3.10345e+00       6.118e+11  9.133175e-01 -6.270613e-02  2.177517e-01  8.668251e-02
-3.51724e+00  3.10345e+00       5.087e+11  9.463603e-01 -7.615065e-02  1.660033e-01  5.363968e-02
-3.10345e+00  3.10345e+00       3.870e+11  9.263261e-01 -6.427152e-02  1.917228e-01  7.367388e-02
-2.68966e+00  3.10345e+00       2.722e+11  8.638443e-01 -3.086242e-02  2.196377e-01  1.361557e-01
-2.27586e+00  3.10345e+00       1.655e+11  7.850514e-01  4.876785e-02  1.277944e-01  2.149486e-01
-1.86207e+00  3.10345e+00       1.070e+11  7.354872e-01  2.251467e-01 -1.623505e-01  2.645128e-01
-1.44828e+00  3.10345e+00       9.225e+10  6.967931e-01  3.205844e-01 -4.444346e-01  3.032069e-01
-1.03448e+00  3.10345e+00       8.251e+10  5.846741e-01  3.138870e-01 -5.631255e-01  4.153259e-01
-6.20690e-01  3.10345e+00       6.488e+10  3.992880e-01  3.219961e-01 -4.775042e-01  6.007120e-01
-2.06897e-01  3.10345e+00       5.672e+10  2.900699e-01  3.395213e-01 -6.662800e-02  7.099301e-01
 2.06897e-01  3.10345e+00       7.008e+10  4.018510e-01  3.024642e-01  3.876426e-01  5.981490e-01
 6.20690e-01  3.10345e+00       9.723e+10  5.352717e-01  2.404091e-01  5.947404e-01  4.647283e-01
 1.03448e+00  3.10345e+00       1.189e+11  6.192534e-01  2.013613e-01  6.195121e-01  3.807466e-01
 1.44828e+00  3.10345e+00       1.364e+11  7.257669e-01  1.939289e-01  4.540720e-01  2.742331e-01
 1.86207e+00  3.10345e+00       1.852e+11  8.532737e-01  1.528360e-01  1.505297e-01  1.467263e-01
 2.27586e+00  3.10345e+00       2.612e+11  9.095085e-01  7.151981e-02 -4.730021e-02  9.049155e-02
 2.68966e+00  3.10345e+00       3.078e+11  9.183892e-01 -4.813195e-03 -1.090130e-01  8.161080e-02
 3.10345e+00  3.10345e+00       3.822e+11  9.379815e-01 -5.715250e-02 -1.180783e-01  6.201850e-02
 3.51724e+00  3.10345e+00       5.778e+11  9.585174e-01 -5.904550e-02 -1.564912e-01  4.148259e-02
 3.93103e+00  3.10345e+00       7.287e+11  9.441501e-01 -4.534473e-02 -2.178976e-01  5.584992e-02
 4.34483e+00  3.10345e+00       6.624e+11  8.724564e-01 -3.872807e-02 -3.326924e-01  1.275436e-01
 4.75862e+00  3.10345e+00       5.125e+11  7.235453e-01 -3.692608e-02 -5.316335e-01  2.764547e-01
 5.17241e+00  3.10345e+00       4.366e+11  5.399581e-01 -1.950222e-02 -7.166619e-01  4.600419e-01
 5.58621e+00  3.10345e+00       5.165e+11  3.067131e-01 -6.533289e-03 -8.339423e-01  6.932869e-01
 6.00000e+00  3.10345e+00       8.000e+11  8.873095e-02 -1.605573e-02 -9.134661e-01  9.112691e-01
-6.00000e+00  3.51724e+00       1.181e+12  1.207582e-01 -7.376983e-04  9.319158e-01  8.792418e-01
-5.58621e+00  3.51724e+00       8.470e+11  2.499989e-01  3.394962e-02  8.792300e-01  7.500011e-01
-5.17241e+00  3.51724e+00       5.614e+11  3.841274e-01  7.332082e-02  8.152534e-01  6.158726e-01
-4.75862e+00  3.51724e+00       4.581e+11  5.317678e-01  4.283558e-02  6.918485e-01  4.682322e-01
-4.34483e+00  3.51724e+00       5.420e+11  7.264754e-01 -2.256571e-02  4.550827e-01  2.735246e-01
-3.93103e+00  3.51724e+00       6.669e+11  8.716549e-01 -5.051298e-02  2.327057e-01  1.283451e-01
-3.51724e+00  3.51724e+00       6.606e+11  9.430918e-01 -6.676893e-02  9.029517e-02  5.690820e-02
-3.10345e+00  3.51724e+00       5.387e+11  9.666302e-01 -7.748568e-02  3.130841e-02  3.336980e-02
-2.68966e+00  3.51724e+00       4.236e+11  9.502105e-01 -5.553878e-02  6.075715e-02  4.978946e-02
-2.27586e+00  3.51724e+00       3.259e+11  8.861827e-01 -2.532000e-02  1.283662e-01  1.138173e-01
-1.86207e+00  3.51724e+00       2.095e+11  7.629712e-01  5.423456e-03  1.519947e-01  2.370288e-01
-1.44828e+00  3.51724e+00       1.175e+11  5.728015e-01  1.924002e-01  3.635206e-02  4.271985e-01
-1.03448e+00  3.51724e+00       7.864e+10  4.267883e-01  5.629902e-01 -1.950206e-01  5.732117e-01
-6.20690e-01  3.51724e+00       6.157e+10  3.739603e-01  7.669239e-01 -2.916279e-01  6.260397e-01
-2.06897e-01  3.51724e+00       5.089e+10  3.300039e-01  8.105918e-01 -1.723302e-01  6.699961e-01
 2.06897e-01  3.51724e+00       5.364e+10  3.422904e-01  7.689626e-01  1.248498e-01  6.577096e-01
 6.20690e-01  3.51724e+00       7.702e+10  4.891869e-01  6.154673e-01  3.290599e-01  5.108131e-01
 1.03448e+00  3.51724e+00       1.318e+11  7.095161e-01  3.679732e-01  2.788123e-01  2.904839e-01
 1.44828e+00  3.51724e+00       2.211e+11  8.585786e-01  1.568254e-01  1.344851e-01  1.414214e-01
 1.86207e+00  3.51724e+00       2.905e+11  8.982102e-01  4.204319e-02  4.606139e-02  1.017898e-01
 2.27586e+00  3.51724e+00       2.980e+11  8.894706e-01 -2.148876e-02  3.523254e-02  1.105294e-01
 2.68966e+00  3.51724e+00       3.675e+11  9.224287e-01 -5.844965e-02  4.020966e-02  7.757129e-02
 3.10345e+00  3.51724e+00       5.984e+11  9.668441e-01 -5.634895e-02 -1.494011e-02  3.315590e-02
 3.51724e+00  3.51724e+00       7.946e+11  9.688671e-01 -4.471727e-02 -8.569992e-02  3.113289e-02
 3.93103e+00  3.51724e+00       7.475e+11  9.206242e-01 -3.999294e-02 -2.010657e-01  7.937579e-02
 4.34483e+00  3.51724e+00       5.876e+11  7.995898e-01 -4.195667e-02 -4.142035e-01  2.004102e-01
 4.75862e+00  3.51724e+00       4.907e+11  6.485894e-01 -2.900744e-02 -6.321484e-01  3.514106e-01
 5.17241e+00  3.51724e+00       5.194e+11  4.745257e-01 -6.047642e-03 -7.672773e-01  5.254743e-01
 5.58621e+00  3.51724e+00       7.729e+11  2.529103e-01 -1.130222e-02 -8.755116e-01  7.470897e-01
 6.00000e+00  3.51724e+00       1.192e+12  1.001942e-01 -1.729262e-02 -9.412712e-01  8.998058e-01
-6.00000e+00  3.93103e+00       1.569e+12  1.672301e-01 -9.294389e-03  9.463862e-01  8.327699e-01
-5.58621e+00  3.93103e+00       1.272e+12  2.718142e-01  9.110900e-03  8.969425e-01  7.281858e-01
-5.17241e+00  3.93103e+00       8.716e+11  3.982712e-01  5.089426e-02  8.291846e-01  6.017288e-01
-4.75862e+00  3.93103e+00       5.734e+11  5.054328e-01  8.130548e-02  7.584103e-01  4.945672e-01
-4.34483e+00  3.93103e+00       4.850e+11  6.240806e-01  3.231911e-02  6.177056e-01  3.759194e-01
-3.93103e+00  3.93103e+00       5.795e+11  7.840434e-01 -3.111292e-02  3.478736e-01  2.159566e-01
-3.51724e+00  3.93103e+00       7.065e+11  8.970331e-01 -5.406765e-02  8.927226e-02  1.029669e-01
-3.10345e+00  3.93103e+00       7.035e+11  9.436011e-01 -6.735989e-02 -8.403346e-02  5.639885e-02
-2.68966e+00  3.93103e+00       5.733e+11  9.537083e-01 -8.287157e-02 -1.818082e-01  4.629175e-02
-2.27586e+00  3.93103e+00       4.449e+11  9.493010e-01 -6.226969e-02 -2.022165e-01  5.069900e-02
-1.86207e+00  3.93103e+00       3.852e+11  9.277893e-01 -2.198035e-03 -1.395022e-01  7.221070e-02
-1.44828e+00  3.93103e+00       3.500e+11  8.679763e-01  1.063839e-02 -6.113467e-03  1.320237e-01
-1.03448e+00  3.93103e+00       2.778e+11  7.319860e-01 -2.917742e-02  1.910592e-01  2.680140e-01
-6.20690e-01  3.93103e+00       2.036e+11  5.306309e-01 -5.048194e-02  4.301766e-01  4.693691e-01
-2.06897e-01  3.93103e+00       1.850e+11  4.747903e-01 -1.486327e-02  5.773341e-01  5.252097e-01
 2.06897e-01  3.93103e+00       2.260e+11  6.183698e-01  4.500919e-03  5.389003e-01  3.816302e-01
 6.20690e-01  3.93103e+00       2.843e+11  7.422900e-01 -1.441203e-02  4.012891e-01  2.577100e-01
 1.03448e+00  3.93103e+00       2.915e+11  7.690402e-01 -3.329275e-02  2.483309e-01  2.309598e-01
 1.44828e+00  3.93103e+00       2.391e+11  7.075073e-01 -2.556084e-02  1.662305e-01  2.924927e-01
 1.86207e+00  3.93103e+00       2.288e+11  7.118579e-01 -2.527679e-02  2.439352e-01  2.881421e-01
 2.27586e+00  3.93103e+00       3.802e+11  8.667560e-01 -5.082457e-02  2.616821e-01  1.332440e-01
 2.68966e+00  3.93103e+00       6.678e+11  9.487883e-01 -5.011471e-02  1.824098e-01  5.121167e-02
 3.10345e+00  3.93103e+00       8.495e+11  9.675056e-01 -4.324875e-02  9.608478e-02  3.249441e-02
 3.51724e+00  3.93103e+00       7.716e+11  9.396306e-01 -4.308403e-02 -3.941619e-02  6.036942e-02
 3.93103e+00  3.93103e+00       6.089e+11  8.470847e-01 -4.914122e-02 -2.888932e-01  1.529153e-01
 4.34483e+00  3.93103e+00       5.217e+11  7.305774e-01 -3.756238e-02 -5.380923e-01  2.694226e-01
 4.75862e+00  3.93103e+00       5.310e+11  6.123935e-01 -7.900388e-03 -6.788641e-01  3.876065e-01
 5.17241e+00  3.93103e+00       7.410e+11  4.221715e-01 -7.345565e-03 -8.060257e-01  5.778285e-01
 5.58621e+00  3.93103e+00       1.212e+12  2.516351e-01 -1.707239e-02 -9.065785e-01  7.483649e-01
 6.00000e+00  3.93103e+00       1.637e+12  1.509530e-01 -1.279255e-02 -9.544581e-01  8.490470e-01
-6.00000e+00  4.34483e+00       1.862e+12  2.347270e-01 -1.118709e-02  9.465092e-01  7.652730e-01
-5.58621e+00  4.34483e+00       1.744e+12  3.178582e-01 -5.626163e-03  9.041753e-01  6.821418e-01
-5.17241e+00  4.34483e+00       1.357e+12  4.275829e-01  1.807286e-02  8.338736e-01  5.724171e-01
-4.75862e+00  4.34483e+00       9.121e+11  5.420634e-01  6.355762e-02  7.509710e-01  4.579366e-01
-4.34483e+00  4.34483e+00       5.882e+11  6.203085e-01  8.998716e-02  6.797596e-01  3.796915e-01
-3.93103e+00  4.34483e+00       4.816e+11  6.970562e-01  3.519783e-02  5.524109e-01  3.029438e-01
-3.51724e+00  4.34483e+00       5.491e+11  8.055544e-01 -3.312925e-02  2.665064e-01  1.944456e-01
-3.10345e+00  4.34483e+00       6.728e+11  8.764788e-01 -5.836170e-02 -5.937897e-02  1.235212e-01
-2.68966e+00  4.34483e+00       7.151e+11  8.819918e-01 -6.460816e-02 -2.956804e-01  1.180082e-01
-2.27586e+00  4.34483e+00       6.196e+11  8.437602e-01 -8.188384e-02 -4.551505e-01  1.562398e-01
-1.86207e+00  4.34483e+00       4.694e+11  7.890215e-01 -1.014033e-01 -5.657271e-01  2.109785e-01
-1.44828e+00  4.34483e+00       3.393e+11  7.386396e-01 -8.991261e-02 -6.284609e-01  2.613604e-01
-1.03448e+00  4.34483e+00       2.373e+11  6.924852e-01 -4.465135e-02 -6.242041e-01  3.075148e-01
-6.20690e-01  4.34483e+00       1.569e+11  5.992867e-01  7.208925e-02 -5.268879e-01  4.007133e-01
-2.06897e-01  4.34483e+00       1.117e+11  4.174758e-01  2.729750e-01 -3.522128e-01  5.825242e-01
 2.06897e-01  4.34483e+00       9.307e+10  2.334205e-01  3.347068e-01 -1.515551e-01  7.665795e-01
 6.20690e-01  4.34483e+00       9.189e+10  9.154355e-02  1.394466e-01  1.715748e-01  9.084564e-01
 1.03448e+00  4.34483e+00       1.347e+11  1.963951e-01 -4.367694e-02  5.338839e-01  8.036049e-01
 1.44828e+00  4.34483e+00       2.715e+11  5.231112e-01 -6.017109e-02  6.219775e-01  4.768888e-01
 1.86207e+00  4.34483e+00       5.216e+11  7.476935e-01 -5.154480e-02  5.479440e-01  2.523065e-01
 2.27586e+00  4.34483e+00       7.705e+11  8.550446e-01 -4.709874e-02  4.461916e-01  1.449554e-01
 2.68966e+00  4.34483e+00       8.218e+11  9.033792e-01 -4.651993e-02  3.325166e-01  9.662082e-02
 3.10345e+00  4.34483e+00       6.816e+11  9.068457e-01 -5.385767e-02  1.383204e-01  9.315434e-02
 3.51724e+00  4.34483e+00       5.561e+11  8.577154e-01 -6.308099e-02 -1.838914e-01  1.422846e-01
 3.93103e+00  4.34483e+00       5.162e+11  7.924539e-01 -4.395573e-02 -4.432831e-01  2.075461e-01
 4.34483e+00  4.34483e+00       5.366e+11  7.240467e-01 -6.448904e-03 -5.683536e-01  2.759533e-01
 4.75862e+00  4.34483e+00       7.212e+11  5.777336e-01 -4.063348e-03 -7.041849e-01  4.222664e-01
 5.17241e+00  4.34483e+00       1.204e+12  4.085942e-01 -1.694245e-02 -8.421254e-01  5.914058e-01
 5.58621e+00  4.34483e+00       1.779e+12  2.991934e-01 -1.406708e-02 -9.168163e-01  7.008066e-01
 6.00000e+00  4.34483e+00       1.967e+12  2.240074e-01 -3.679841e-03 -9.516973e-01  7.759926e-01
-6.00000e+00  4.75862e+00       1.975e+12  3.159317e-01 -9.405228e-03  9.310354e-01  6.840683e-01
-5.58621e+00  4.75862e+00       2.092e+12  3.830261e-01 -9.981015e-03  8.957574e-01  6.169739e-01
-5.17241e+00  4.75862e+00       1.888e+12  4.713380e-01 -2.670336e-03  8.326182e-01  5.286620e-01
-4.75862e+00  4.75862e+00       1.461e+12  5.782934e-01  2.346727e-02  7.385667e-01  4.217066e-01
-4.34483e+00  4.75862e+00       9.859e+11  6.780489e-01  7.080822e-02  6.374750e-01  3.219511e-01
-3.93103e+00  4.75862e+00       6.140e+11  7.325028e-01  1.042579e-01  5.654710e-01  2.674972e-01
-3.51724e+00  4.75862e+00       4.546e+11  7.672104e-01  5.856148e-02  4.857310e-01  2.327896e-01
-3.10345e+00  4.75862e+00       4.558e+11  8.126274e-01 -2.076196e-02  2.694871e-01  1.873726e-01
-2.68966e+00  4.75862e+00       5.188e+11  8.082924e-01 -6.973452e-02 -1.120490e-01  1.917076e-01
-2.27586e+00  4.75862e+00       5.973e+11  7.258592e-01 -7.831661e-02 -4.722238e-01  2.741408e-01
-1.86207e+00  4.75862e+00       5.986e+11  5.817191e-01 -6.826492e-02 -6.972867e-01  4.182809e-01
-1.44828e+00  4.75862e+00       5.091e+11  3.589972e-01 -8.579862e-02 -8.337302e-01  6.410028e-01
-1.03448e+00  4.75862e+00       4.264e+11  4.205497e-02 -1.447121e-01 -8.679528e-01  9.579450e-01
-6.20690e-01  4.75862e+00       3.796e+11 -3.044255e-01 -1.909854e-01 -7.302860e-01  6.955745e-01
-2.06897e-01  4.75862e+00       3.479e+11 -5.830109e-01 -1.982358e-01 -3.628559e-01  4.169891e-01
 2.06897e-01  4.75862e+00       3.462e+11 -6.392770e-01 -1.856567e-01  1.784706e-01  3.607230e-01
 6.20690e-01  4.75862e+00       3.922e+11 -3.831772e-01 -1.553828e-01  6.235427e-01  6.168228e-01
 1.03448e+00  4.75862e+00       4.948e+11  4.749883e-02 -1.035580e-01  8.099279e-01  9.525012e-01
 1.44828e+00  4.75862e+00       6.271e+11  4.024699e-01 -6.675455e-02  8.049828e-01  5.975301e-01
 1.86207e+00  4.75862e+00       6.690e+11  6.030600e-01 -6.111206e-02  7.245273e-01  3.969400e-01
 2.27586e+00  4.75862e+00       5.740e+11  7.231272e-01 -7.184958e-02  5.631634e-01  2.768728e-01
 2.68966e+00  4.75862e+00       4.743e+11  8.113338e-01 -8.825884e-02  2.290479e-01  1.886662e-01
 3.10345e+00  4.75862e+00       4.591e+11  8.484364e-01 -8.542856e-02 -1.452170e-01  1.515636e-01
 3.51724e+00  4.75862e+00       4.833e+11  8.439143e-01 -3.966370e-02 -3.375924e-01  1.560857e-01
 3.93103e+00  4.75862e+00       5.293e+11  8.154275e-01  3.879269e-03 -4.240115e-01  1.845725e-01
 4.34483e+00  4.75862e+00       7.155e+11  7.084182e-01 -2.507167e-03 -5.707742e-01  2.915818e-01
 4.75862e+00  4.75862e+00       1.208e+12  5.580152e-01 -1.828839e-02 -7.473073e-01  4.419848e-01
 5.17241e+00  4.75862e+00       1.878e+12  4.505839e-01 -1.448513e-02 -8.511952e-01  5.494161e-01
 5.58621e+00  4.75862e+00       2.231e+12  3.745003e-01 -3.046608e-03 -9.036400e-01  6.254997e-01
 6.00000e+00  4.75862e+00       2.038e+12  3.060194e-01  4.647733e-03 -9.348207e-01  6.939806e-01
-6.00000e+00  5.17241e+00       1.902e+12  4.130738e-01 -7.432163e-03  8.958489e-01  5.869262e-01
-5.58621e+00  5.17241e+00       2.229e+12  4.617345e-01 -8.414144e-03  8.688334e-01  5.382655e-01
-5.17241e+00  5.17241e+00       2.244e+12  5.308138e-01 -8.687033e-03  8.163456e-01  4.691862e-01
-4.75862e+00  5.17241e+00       2.006e+12  6.174328e-01 -1.298120e-03  7.299374e-01  3.825672e-01
-4.34483e+00  5.17241e+00       1.593e+12  7.138315e-01  2.321580e-02  6.088599e-01  2.861685e-01
-3.93103e+00  5.17241e+00       1.115e+12  7.987193e-01  6.937948e-02  4.804532e-01  2.012807e-01
-3.51724e+00  5.17241e+00       6.839e+11  8.376444e-01  1.186710e-01  3.923870e-01  1.623556e-01
-3.10345e+00  5.17241e+00       4.368e+11  8.397616e-01  1.085420e-01  3.457996e-01  1.602384e-01
-2.68966e+00  5.17241e+00       3.773e+11  8.614508e-01  2.772141e-02  2.611707e-01  1.385492e-01
-2.27586e+00  5.17241e+00       3.594e+11  8.514588e-01 -4.488278e-02  8.073405e-02  1.485412e-01
-1.86207e+00  5.17241e+00       3.270e+11  6.929050e-01 -1.155014e-01 -2.498054e-01  3.070950e-01
-1.44828e+00  5.17241e+00       3.250e+11  3.278296e-01 -1.762808e-01 -6.240490e-01  6.721704e-01
-1.03448e+00  5.17241e+00       3.511e+11 -7.371233e-02 -1.889496e-01 -7.724064e-01  9.262877e-01
-6.20690e-01  5.17241e+00       3.538e+11 -4.108245e-01 -1.463400e-01 -6.362133e-01  5.891755e-01
-2.06897e-01  5.17241e+00       3.292e+11 -6.582453e-01 -9.082103e-02 -2.441662e-01  3.417547e-01
 2.06897e-01  5.17241e+00       3.155e+11 -6.867034e-01 -8.225602e-02  2.720635e-01  3.132966e-01
 6.20690e-01  5.17241e+00       3.202e+11 -4.872613e-01 -1.241753e-01  6.595540e-01  5.127387e-01
 1.03448e+00  5.17241e+00       3.108e+11 -2.076125e-01 -1.622592e-01  8.198097e-01  7.923875e-01
 1.44828e+00  5.17241e+00       2.758e+11  1.319795e-01 -1.730714e-01  7.450272e-01  8.680205e-01
 1.86207e+00  5.17241e+00       2.712e+11  5.409156e-01 -1.751327e-01  4.121472e-01  4.590844e-01
 2.27586e+00  5.17241e+00       3.237e+11  7.846556e-01 -1.534353e-01  7.288619e-02  2.153444e-01
 2.68966e+00  5.17241e+00       3.904e+11  8.570371e-01 -7.959966e-02 -1.071193e-01  1.429629e-01
 3.10345e+00  5.17241e+00       4.447e+11  8.822943e-01  1.869301e-03 -1.683755e-01  1.177057e-01
 3.51724e+00  5.17241e+00       5.157e+11  8.802979e-01  2.126024e-02 -2.250480e-01  1.197021e-01
 3.93103e+00  5.17241e+00       7.294e+11  8.063149e-01 -7.611875e-03 -4.091365e-01  1.936851e-01
 4.34483e+00  5.17241e+00       1.249e+12  6.893020e-01 -2.167314e-02 -6.259555e-01  3.106980e-01
 4.75862e+00  5.17241e+00       1.974e+12  5.971016e-01 -1.330705e-02 -7.558325e-01  4.028984e-01
 5.17241e+00  5.17241e+00       2.430e+12  5.262411e-01 -1.583495e-04 -8.256904e-01  4.737589e-01
 5.58621e+00  5.17241e+00       2.327e+12  4.590423e-01  6.669564e-03 -8.713251e-01  5.409577e-01
 6.00000e+00  5.17241e+00       1.901e+12  3.949177e-01  7.004513e-03 -9.034575e-01  6.050823e-01
-6.00000e+00  5.58621e+00       1.626e+12  5.212110e-01 -7.090970e-03  8.360845e-01  4.787890e-01
-5.58621e+00  5.58621e+00       2.169e+12  5.622810e-01 -6.566932e-03  8.123579e-01  4.377190e-01
-5.17241e+00  5.58621e+00       2.399e+12  6.055206e-01 -7.337666e-03  7.770287e-01  3.944794e-01
-4.75862e+00  5.58621e+00       2.308e+12  6.685701e-01 -7.171091e-03  7.090526e-01  3.314299e-01
-4.34483e+00  5.58621e+00       2.066e+12  7.456058e-01 -1.100904e-03  5.989011e-01  2.543942e-01
-3.93103e+00  5.58621e+00       1.719e+12  8.218517e-01  1.771811e-02  4.487388e-01  1.781483e-01
-3.51724e+00  5.58621e+00       1.299e+12  8.851161e-01  5.572380e-02  2.795620e-01  1.148839e-01
-3.10345e+00  5.58621e+00       8.552e+11  9.131975e-01  1.118031e-01  1.447653e-01  8.680253e-02
-2.68966e+00  5.58621e+00       4.940e+11  8.896717e-01  1.646721e-01  8.884794e-02  1.103283e-01
-2.27586e+00  5.58621e+00       3.177e+11  8.416025e-01  1.450984e-01  7.378820e-02  1.583975e-01
-1.86207e+00  5.58621e+00       2.954e+11  8.556578e-01  5.386077e-02 -1.933456e-02  1.443422e-01
-1.44828e+00  5.58621e+00       2.984e+11  8.775693e-01  2.733159e-03 -9.342073e-02  1.224307e-01
-1.03448e+00  5.58621e+00       2.393e+11  8.040976e-01 -6.446661e-02 -9.270499e-02  1.959024e-01
-6.20690e-01  5.58621e+00       1.625e+11  5.170989e-01 -2.645560e-01 -6.993228e-02  4.829011e-01
-2.06897e-01  5.58621e+00       1.286e+11  1.213324e-01 -5.082694e-01 -1.234076e-02  8.786676e-01
 2.06897e-01  5.58621e+00       1.338e+11  7.784323e-02 -5.242343e-01  1.576281e-01  9.221568e-01
 6.20690e-01  5.58621e+00       1.580e+11  3.407791e-01 -3.878969e-01  2.427156e-01  6.592209e-01
 1.03448e+00  5.58621e+00       1.891e+11  5.719878e-01 -2.733031e-01  1.397945e-01  4.280122e-01
 1.44828e+00  5.58621e+00       2.324e+11  6.820712e-01 -1.787570e-01  3.466928e-02  3.179288e-01
 1.86207e+00  5.58621e+00       2.981e+11  7.637386e-01 -3.704353e-02  4.604303e-02  2.362614e-01
 2.27586e+00  5.58621e+00       3.614e+11  8.268869e-01  6.478754e-02  1.058733e-01  1.731131e-01
 2.68966e+00  5.58621e+00       4.102e+11  8.654304e-01  6.246267e-02  1.329677e-01  1.345696e-01
 3.10345e+00  5.58621e+00       5.100e+11  8.897674e-01  1.019954e-02  2.409064e-02  1.102326e-01
 3.51724e+00  5.58621e+00       7.843e+11  8.641035e-01 -2.366073e-02 -2.384603e-01  1.358965e-01
 3.93103e+00  5.58621e+00       1.351e+12  7.966108e-01 -2.367549e-02 -4.848504e-01  2.033892e-01
 4.34483e+00  5.58621e+00       2.090e+12  7.316561e-01 -7.784253e-03 -6.302524e-01  2.683439e-01
 4.75862e+00  5.58621e+00       2.575e+12  6.726528e-01  6.090365e-03 -7.140597e-01  3.273472e-01
 5.17241e+00  5.58621e+00       2.523e+12  6.109837e-01  9.651457e-03 -7.740085e-01  3.890163e-01
 5.58621e+00  5.58621e+00       2.140e+12  5.487754e-01  6.435087e-03 -8.199115e-01  4.512246e-01
 6.00000e+00  5.58621e+00       1.729e+12  4.968531e-01  9.204977e-03 -8.497937e-01  5.031469e-01
-6.00000e+00  6.00000e+00       1.252e+12  6.198520e-01 -5.557788e-03  7.610240e-01  3.801480e-01
-5.58621e+00  6.00000e+00       1.805e+12  6.721018e-01 -6.339005e-03  7.213097e-01  3.278982e-01
-5.17241e+00  6.00000e+00       2.362e+12  7.098891e-01 -6.180133e-03  6.882144e-01  2.901109e-01
-4.75862e+00  6.00000e+00       2.522e+12  7.435293e-01 -6.590838e-03  6.496873e-01  2.564707e-01
-4.34483e+00  6.00000e+00       2.297e+12  7.895301e-01 -5.318830e-03  5.774422e-01  2.104699e-01
-3.93103e+00  6.00000e+00       2.007e+12  8.472628e-01  5.880481e-05  4.493297e-01  1.527372e-01
-3.51724e+00  6.00000e+00       1.743e+12  8.927862e-01  1.178279e-02  2.741576e-01  1.072138e-01
-3.10345e+00  6.00000e+00       1.437e+12  9.123767e-01  3.462432e-02  6.562476e-02  8.762330e-02
-2.68966e+00  6.00000e+00       1.091e+12  8.998881e-01  7.410786e-02 -1.455113e-01  1.001119e-01
-2.27586e+00  6.00000e+00       7.272e+11  8.501031e-01  1.329570e-01 -3.073608e-01  1.498969e-01
-1.86207e+00  6.00000e+00       4.400e+11  7.758628e-01  1.937592e-01 -3.788205e-01  2.241372e-01
-1.44828e+00  6.00000e+00       2.866e+11  6.950011e-01  2.293371e-01 -2.691636e-01  3.049989e-01
-1.03448e+00  6.00000e+00       2.158e+11  5.135556e-01  3.112041e-01 -1.487600e-02  4.864444e-01
-6.20690e-01  6.00000e+00       1.945e+11  2.430206e-01  4.837765e-01  1.692916e-01  7.569794e-01
-2.06897e-01  6.00000e+00       2.086e+11  1.316825e-01  6.006287e-01  2.626117e-01  8.683175e-01
 2.06897e-01  6.00000e+00       2.352e+11  1.946956e-01  5.697591e-01  3.768690e-01  8.053044e-01
 6.20690e-01  6.00000e+00       2.523e+11  3.242680e-01  4.257212e-01  4.659338e-01  6.757320e-01
 1.03448e+00  6.00000e+00       2.487e+11  4.225101e-01  2.433187e-01  4.781966e-01  5.774899e-01
 1.44828e+00  6.00000e+00       2.499e+11  4.529402e-01  1.097558e-01  4.951396e-01  5.470598e-01
 1.86207e+00  6.00000e+00       2.952e+11  5.488499e-01  4.799900e-02  5.370753e-01  4.511501e-01
 2.27586e+00  6.00000e+00       3.928e+11  7.137592e-01  2.030561e-03  4.683367e-01  2.862408e-01
 2.68966e+00  6.00000e+00       5.689e+11  8.388440e-01 -2.904351e-02  2.346861e-01  1.611560e-01
 3.10345e+00  6.00000e+00       9.175e+11  8.874271e-01 -3.304532e-02 -8.070098e-02  1.125729e-01
 3.51724e+00  6.00000e+00       1.516e+12  8.796217e-01 -1.408764e-02 -3.276511e-01  1.203783e-01
 3.93103e+00  6.00000e+00       2.220e+12  8.495657e-01  6.717470e-03 -4.706670e-01  1.504343e-01
 4.34483e+00  6.00000e+00       2.663e+12  8.070599e-01  1.553878e-02 -5.621521e-01  1.929401e-01
 4.75862e+00  6.00000e+00       2.613e+12  7.548970e-01  1.142594e-02 -6.356936e-01  2.451030e-01
 5.17241e+00  6.00000e+00       2.281e+12  6.978142e-01  4.424841e-03 -6.967904e-01  3.021858e-01
 5.58621e+00  6.00000e+00       1.941e+12  6.466835e-01  8.123769e-03 -7.404563e-01  3.533165e-01
 6.00000e+00  6.00000e+00       1.495e+12  6.121165e-01  1.660062e-02 -7.669247e-01  3.878835e-01
