 EB(GeV)    EMITTANCEx EMITTANCEy SIZEx(m)   SIZEy(m)   DIVx(rad)  DIVy(rad)
 1.500e+00  5.941e-09  5.941e-11  1.840e-04  1.299e-05  3.228e-05  4.574e-06
 betax      alphax     betay      alphay     eta        deta       E_spread  
 5.700e+00  0.000e+00  2.840e+00  0.000e+00  0.000e+00  0.000e+00  1.000e-03
 Ibeam(A) 
  2.000e-01


           x            y       F.Density            PL            PC          PL45        1-|PL|
          mm           mm  ph/s/mm^2/0.1%             -             -             -             -
-6.00000e+00 -6.00000e+00       1.669e+12  5.215744e-01  7.669017e-03 -8.308674e-01  4.784256e-01
-5.58621e+00 -6.00000e+00       2.182e+12  5.658020e-01  3.202718e-03 -8.050366e-01  4.341980e-01
-5.17241e+00 -6.00000e+00       2.272e+12  6.068564e-01 -4.097480e-04 -7.691895e-01  3.931436e-01
-4.75862e+00 -6.00000e+00       1.962e+12  6.676639e-01 -6.867974e-03 -6.972442e-01  3.323361e-01
-4.34483e+00 -6.00000e+00       1.599e+12  7.512128e-01 -1.335476e-02 -5.698392e-01  2.487872e-01
-3.93103e+00 -6.00000e+00       1.328e+12  8.364866e-01 -2.007527e-02 -4.037004e-01  1.635134e-01
-3.51724e+00 -6.00000e+00       1.044e+12  8.951239e-01 -4.203765e-02 -2.504958e-01  1.048761e-01
-3.10345e+00 -6.00000e+00       6.832e+11  9.085397e-01 -8.963214e-02 -1.495417e-01  9.146032e-02
-2.68966e+00 -6.00000e+00       3.840e+11  8.641861e-01 -1.425870e-01 -1.080888e-01  1.358139e-01
-2.27586e+00 -6.00000e+00       2.617e+11  8.035934e-01 -1.205265e-01 -2.503697e-02  1.964066e-01
-1.86207e+00 -6.00000e+00       2.621e+11  8.032285e-01 -5.599960e-02  1.249010e-01  1.967715e-01
-1.44828e+00 -6.00000e+00       2.564e+11  7.579195e-01 -1.972525e-02  1.649072e-01  2.420805e-01
-1.03448e+00 -6.00000e+00       2.033e+11  5.242935e-01  1.039509e-01  1.302940e-01  4.757065e-01
-6.20690e-01 -6.00000e+00       1.609e+11  5.976031e-02  3.609469e-01  1.310954e-01  9.402397e-01
-2.06897e-01 -6.00000e+00       1.551e+11 -2.716196e-01  5.183166e-01  5.977154e-02  7.283804e-01
 2.06897e-01 -6.00000e+00       1.703e+11 -2.246406e-01  4.880862e-01 -1.983917e-01  7.753594e-01
 6.20690e-01 -6.00000e+00       1.926e+11  7.599820e-02  3.626720e-01 -4.033069e-01  9.240018e-01
 1.03448e+00 -6.00000e+00       2.043e+11  3.730917e-01  2.289682e-01 -3.734051e-01  6.269083e-01
 1.44828e+00 -6.00000e+00       2.084e+11  5.378168e-01  1.257475e-01 -2.143599e-01  4.621832e-01
 1.86207e+00 -6.00000e+00       2.417e+11  6.610150e-01  1.891862e-02 -1.207452e-01  3.389850e-01
 2.27586e+00 -6.00000e+00       3.070e+11  7.837854e-01 -5.459354e-02 -1.092869e-01  2.162146e-01
 2.68966e+00 -6.00000e+00       3.638e+11  8.549091e-01 -3.680658e-02 -9.535255e-02  1.450909e-01
 3.10345e+00 -6.00000e+00       4.312e+11  8.846028e-01  2.037652e-02 -3.295310e-03  1.153972e-01
 3.51724e+00 -6.00000e+00       6.218e+11  8.701708e-01  4.109408e-02  2.151617e-01  1.298292e-01
 3.93103e+00 -6.00000e+00       1.062e+12  8.135983e-01  2.285868e-02  4.427521e-01  1.864017e-01
 4.34483e+00 -6.00000e+00       1.671e+12  7.476749e-01  4.146201e-03  5.934063e-01  2.523251e-01
 4.75862e+00 -6.00000e+00       2.123e+12  6.790126e-01 -4.897450e-03  6.938841e-01  3.209874e-01
 5.17241e+00 -6.00000e+00       2.243e+12  6.041966e-01 -6.262541e-03  7.706188e-01  3.958034e-01
 5.58621e+00 -6.00000e+00       2.113e+12  5.360778e-01 -5.490389e-03  8.241328e-01  4.639222e-01
 6.00000e+00 -6.00000e+00       1.816e+12  4.846905e-01 -8.859804e-03  8.551207e-01  5.153095e-01
-6.00000e+00 -5.58621e+00       1.988e+12  4.019016e-01  4.039321e-03 -9.002719e-01  5.980984e-01
-5.58621e+00 -5.58621e+00       2.131e+12  4.490142e-01  7.593665e-05 -8.722650e-01  5.509858e-01
-5.17241e+00 -5.58621e+00       1.899e+12  5.218109e-01 -4.486096e-03 -8.130574e-01  4.781891e-01
-4.75862e+00 -5.58621e+00       1.566e+12  6.235609e-01 -9.824302e-03 -7.100062e-01  3.764391e-01
-4.34483e+00 -5.58621e+00       1.250e+12  7.300237e-01 -2.539975e-02 -5.828612e-01  2.699763e-01
-3.93103e+00 -5.58621e+00       8.894e+11  8.017496e-01 -6.307945e-02 -4.761122e-01  1.982504e-01
-3.51724e+00 -5.58621e+00       5.388e+11  8.218925e-01 -1.067618e-01 -4.015354e-01  1.781075e-01
-3.10345e+00 -5.58621e+00       3.607e+11  8.262095e-01 -9.005947e-02 -3.086404e-01  1.737905e-01
-2.68966e+00 -5.58621e+00       3.278e+11  8.420337e-01 -1.894217e-02 -1.614008e-01  1.579663e-01
-2.27586e+00 -5.58621e+00       3.125e+11  7.808316e-01  4.632753e-02  6.725671e-02  2.191684e-01
-1.86207e+00 -5.58621e+00       3.018e+11  5.403133e-01  1.113094e-01  4.280700e-01  4.596867e-01
-1.44828e+00 -5.58621e+00       3.268e+11  1.678654e-01  1.647046e-01  7.370057e-01  8.321346e-01
-1.03448e+00 -5.58621e+00       3.528e+11 -1.662942e-01  1.754002e-01  8.042920e-01  8.337058e-01
-6.20690e-01 -5.58621e+00       3.353e+11 -4.641422e-01  1.416927e-01  6.305369e-01  5.358578e-01
-2.06897e-01 -5.58621e+00       3.001e+11 -6.927651e-01  1.023974e-01  2.180989e-01  3.072349e-01
 2.06897e-01 -5.58621e+00       2.912e+11 -6.852432e-01  1.000004e-01 -3.058318e-01  3.147568e-01
 6.20690e-01 -5.58621e+00       3.167e+11 -4.322516e-01  1.234792e-01 -6.936273e-01  5.677484e-01
 1.03448e+00 -5.58621e+00       3.463e+11 -1.159360e-01  1.274196e-01 -8.518488e-01  8.840640e-01
 1.44828e+00 -5.58621e+00       3.395e+11  1.892188e-01  1.049913e-01 -8.097826e-01  8.107812e-01
 1.86207e+00 -5.58621e+00       3.193e+11  5.108168e-01  9.731579e-02 -5.650427e-01  4.891832e-01
 2.27586e+00 -5.58621e+00       3.283e+11  7.445695e-01  1.075100e-01 -2.403772e-01  2.554305e-01
 2.68966e+00 -5.58621e+00       3.507e+11  8.308384e-01  7.374124e-02  4.281448e-03  1.691616e-01
 3.10345e+00 -5.58621e+00       3.862e+11  8.606737e-01  9.076425e-03  1.513869e-01  1.393263e-01
 3.51724e+00 -5.58621e+00       4.450e+11  8.674299e-01 -7.595094e-03  2.424530e-01  1.325701e-01
 3.93103e+00 -5.58621e+00       5.840e+11  8.141728e-01  1.684744e-02  3.946992e-01  1.858272e-01
 4.34483e+00 -5.58621e+00       9.535e+11  7.066893e-01  2.212683e-02  5.964448e-01  2.933107e-01
 4.75862e+00 -5.58621e+00       1.548e+12  6.080767e-01  1.049602e-02  7.349983e-01  3.919233e-01
 5.17241e+00 -5.58621e+00       2.028e+12  5.249128e-01  5.312103e-04  8.176922e-01  4.750872e-01
 5.58621e+00 -5.58621e+00       2.133e+12  4.442946e-01 -3.966156e-03  8.746187e-01  5.557054e-01
 6.00000e+00 -5.58621e+00       1.938e+12  3.726983e-01 -5.463519e-03  9.125602e-01  6.273017e-01
-6.00000e+00 -5.17241e+00       1.950e+12  2.869376e-01  1.494816e-03 -9.382512e-01  7.130624e-01
-5.58621e+00 -5.17241e+00       1.806e+12  3.618693e-01 -2.114817e-03 -8.967568e-01  6.381307e-01
-5.17241e+00 -5.17241e+00       1.491e+12  4.698577e-01 -8.154800e-03 -8.215908e-01  5.301423e-01
-4.75862e+00 -5.17241e+00       1.146e+12  5.877109e-01 -2.954267e-02 -7.267088e-01  4.122891e-01
-4.34483e+00 -5.17241e+00       7.792e+11  6.709113e-01 -7.128767e-02 -6.441848e-01  3.290887e-01
-3.93103e+00 -5.17241e+00       4.929e+11  7.142738e-01 -9.391000e-02 -5.663000e-01  2.857262e-01
-3.51724e+00 -5.17241e+00       3.949e+11  7.667819e-01 -4.068758e-02 -4.163302e-01  2.332181e-01
-3.10345e+00 -5.17241e+00       4.199e+11  8.106592e-01  3.161052e-02 -1.225018e-01  1.893408e-01
-2.68966e+00 -5.17241e+00       4.916e+11  7.947903e-01  7.300003e-02  2.536296e-01  2.052097e-01
-2.27586e+00 -5.17241e+00       5.395e+11  7.178287e-01  7.701358e-02  5.349976e-01  2.821713e-01
-1.86207e+00 -5.17241e+00       4.923e+11  5.678061e-01  7.869744e-02  7.130367e-01  4.321939e-01
-1.44828e+00 -5.17241e+00       4.106e+11  2.989077e-01  1.265267e-01  8.307347e-01  7.010923e-01
-1.03448e+00 -5.17241e+00       3.593e+11 -4.219193e-02  1.914346e-01  8.377931e-01  9.578081e-01
-6.20690e-01 -5.17241e+00       3.084e+11 -3.633971e-01  2.077270e-01  6.665589e-01  6.366029e-01
-2.06897e-01 -5.17241e+00       2.626e+11 -5.992782e-01  1.798873e-01  2.177859e-01  4.007218e-01
 2.06897e-01 -5.17241e+00       2.722e+11 -5.722888e-01  1.519917e-01 -3.930997e-01  4.277112e-01
 6.20690e-01 -5.17241e+00       3.376e+11 -3.216337e-01  1.441684e-01 -7.641602e-01  6.783663e-01
 1.03448e+00 -5.17241e+00       4.135e+11 -7.021889e-03  1.231549e-01 -8.760113e-01  9.929781e-01
 1.44828e+00 -5.17241e+00       4.872e+11  3.224946e-01  8.207673e-02 -8.416433e-01  6.775054e-01
 1.86207e+00 -5.17241e+00       5.499e+11  5.758197e-01  5.588657e-02 -7.334318e-01  4.241803e-01
 2.27586e+00 -5.17241e+00       5.540e+11  7.297720e-01  5.174494e-02 -5.715884e-01  2.702280e-01
 2.68966e+00 -5.17241e+00       5.051e+11  8.223001e-01  5.608537e-02 -3.120242e-01  1.776999e-01
 3.10345e+00 -5.17241e+00       4.595e+11  8.566358e-01  6.235597e-02  1.778468e-02  1.433642e-01
 3.51724e+00 -5.17241e+00       4.408e+11  8.393864e-01  4.209700e-02  2.779262e-01  1.606136e-01
 3.93103e+00 -5.17241e+00       4.601e+11  8.022220e-01  6.227855e-03  4.257319e-01  1.977780e-01
 4.34483e+00 -5.17241e+00       5.705e+11  7.173188e-01  5.608454e-03  5.605155e-01  2.826812e-01
 4.75862e+00 -5.17241e+00       9.035e+11  5.733834e-01  1.634497e-02  7.262728e-01  4.266166e-01
 5.17241e+00 -5.17241e+00       1.462e+12  4.513343e-01  1.191715e-02  8.402387e-01  5.486657e-01
 5.58621e+00 -5.17241e+00       1.902e+12  3.596397e-01  3.452002e-03  9.028185e-01  6.403603e-01
 6.00000e+00 -5.17241e+00       1.951e+12  2.779851e-01 -2.215228e-03  9.411339e-01  7.220149e-01
-6.00000e+00 -4.75862e+00       1.677e+12  1.954402e-01  6.801851e-05 -9.486945e-01  8.045598e-01
-5.58621e+00 -4.75862e+00       1.404e+12  3.006168e-01 -5.932080e-03 -8.988122e-01  6.993832e-01
-5.17241e+00 -4.75862e+00       1.060e+12  4.258647e-01 -2.851454e-02 -8.294550e-01  5.741353e-01
-4.75862e+00 -4.75862e+00       7.174e+11  5.262027e-01 -6.988707e-02 -7.613471e-01  4.737973e-01
-4.34483e+00 -4.75862e+00       4.833e+11  6.022007e-01 -7.953425e-02 -6.721943e-01  3.977993e-01
-3.93103e+00 -4.75862e+00       4.425e+11  7.169789e-01 -1.444913e-02 -4.627790e-01  2.830211e-01
-3.51724e+00 -4.75862e+00       5.297e+11  8.353093e-01  4.353588e-02 -1.483887e-01  1.646907e-01
-3.10345e+00 -4.75862e+00       6.147e+11  8.911978e-01  6.422442e-02  1.255384e-01  1.088022e-01
-2.68966e+00 -4.75862e+00       5.902e+11  8.813406e-01  7.911790e-02  3.228226e-01  1.186594e-01
-2.27586e+00 -4.75862e+00       4.823e+11  8.278750e-01  1.103446e-01  4.758960e-01  1.721250e-01
-1.86207e+00 -4.75862e+00       3.695e+11  7.612020e-01  1.302764e-01  5.764672e-01  2.387980e-01
-1.44828e+00 -4.75862e+00       2.779e+11  6.928060e-01  8.919072e-02  5.980995e-01  3.071940e-01
-1.03448e+00 -4.75862e+00       2.140e+11  5.889258e-01 -9.052468e-02  5.394838e-01  4.110742e-01
-6.20690e-01 -4.75862e+00       1.944e+11  4.366813e-01 -3.839984e-01  4.765000e-01  5.633187e-01
-2.06897e-01 -4.75862e+00       2.001e+11  3.128793e-01 -5.581137e-01  4.394908e-01  6.871207e-01
 2.06897e-01 -4.75862e+00       1.901e+11  2.461733e-01 -5.918506e-01  3.255931e-01  7.538267e-01
 6.20690e-01 -4.75862e+00       1.657e+11  2.476303e-01 -4.678498e-01  4.462118e-02  7.523697e-01
 1.03448e+00 -4.75862e+00       1.664e+11  3.298967e-01 -1.512892e-01 -3.720558e-01  6.701033e-01
 1.44828e+00 -4.75862e+00       2.383e+11  5.183169e-01  5.245861e-02 -5.950775e-01  4.816831e-01
 1.86207e+00 -4.75862e+00       4.036e+11  7.207276e-01  6.613682e-02 -5.596315e-01  2.792724e-01
 2.27586e+00 -4.75862e+00       5.991e+11  8.423206e-01  5.107702e-02 -4.595628e-01  1.576794e-01
 2.68966e+00 -4.75862e+00       6.986e+11  9.028391e-01  4.175154e-02 -3.417161e-01  9.716093e-02
 3.10345e+00 -4.75862e+00       6.598e+11  9.200988e-01  3.917468e-02 -1.714781e-01  7.990122e-02
 3.51724e+00 -4.75862e+00       5.644e+11  8.849012e-01  4.395462e-02  9.090689e-02  1.150988e-01
 3.93103e+00 -4.75862e+00       4.926e+11  8.062156e-01  4.044908e-02  3.705310e-01  1.937844e-01
 4.34483e+00 -4.75862e+00       4.727e+11  7.180861e-01  1.419050e-02  5.568978e-01  2.819139e-01
 4.75862e+00 -4.75862e+00       5.644e+11  5.900893e-01  3.595949e-03  6.933208e-01  4.099107e-01
 5.17241e+00 -4.75862e+00       8.874e+11  4.161641e-01  1.261483e-02  8.276250e-01  5.838359e-01
 5.58621e+00 -4.75862e+00       1.400e+12  2.835430e-01  1.153936e-02  9.116898e-01  7.164570e-01
 6.00000e+00 -4.75862e+00       1.746e+12  1.903341e-01  4.435224e-03  9.535811e-01  8.096659e-01
-6.00000e+00 -4.34483e+00       1.311e+12  1.262579e-01 -2.776242e-03 -9.412706e-01  8.737421e-01
-5.58621e+00 -4.34483e+00       9.950e+11  2.536709e-01 -2.291160e-02 -8.938675e-01  7.463291e-01
-5.17241e+00 -4.34483e+00       6.816e+11  3.742105e-01 -6.352977e-02 -8.390394e-01  6.257895e-01
-4.75862e+00 -4.34483e+00       4.775e+11  4.852790e-01 -7.344067e-02 -7.493698e-01  5.147210e-01
-4.34483e+00 -4.34483e+00       4.629e+11  6.568706e-01 -8.902173e-03 -5.355846e-01  3.431294e-01
-3.93103e+00 -4.34483e+00       5.673e+11  8.244005e-01  4.328778e-02 -2.657166e-01  1.755995e-01
-3.51724e+00 -4.34483e+00       6.266e+11  9.165484e-01  6.492689e-02 -5.491943e-02  8.345162e-02
-3.10345e+00 -4.34483e+00       5.612e+11  9.491038e-01  8.566387e-02  9.043465e-02  5.089617e-02
-2.68966e+00 -4.34483e+00       4.501e+11  9.507864e-01  9.019905e-02  1.667359e-01  4.921365e-02
-2.27586e+00 -4.34483e+00       3.757e+11  9.351950e-01  3.175505e-02  1.520192e-01  6.480498e-02
-1.86207e+00 -4.34483e+00       3.281e+11  8.930837e-01 -2.762926e-02  6.981516e-02  1.069163e-01
-1.44828e+00 -4.34483e+00       2.513e+11  7.936557e-01 -4.007633e-03 -3.811238e-02  2.063443e-01
-1.03448e+00 -4.34483e+00       1.566e+11  6.126872e-01  8.276567e-02 -1.625317e-01  3.873128e-01
-6.20690e-01 -4.34483e+00       9.890e+10  4.807406e-01  1.332244e-01 -3.186212e-01  5.192594e-01
-2.06897e-01 -4.34483e+00       8.738e+10  5.887879e-01  6.901960e-02 -4.600234e-01  4.112121e-01
 2.06897e-01 -4.34483e+00       1.100e+11  7.322769e-01  1.497623e-02 -4.809682e-01  2.677231e-01
 6.20690e-01 -4.34483e+00       1.607e+11  7.933449e-01  1.312278e-02 -4.032517e-01  2.066551e-01
 1.03448e+00 -4.34483e+00       2.122e+11  8.012791e-01  1.718230e-02 -2.833277e-01  1.987209e-01
 1.44828e+00 -4.34483e+00       2.232e+11  7.574194e-01  4.485153e-03 -1.779107e-01  2.425806e-01
 1.86207e+00 -4.34483e+00       2.210e+11  7.247422e-01 -7.077516e-03 -1.758172e-01  2.752578e-01
 2.27586e+00 -4.34483e+00       3.003e+11  8.282022e-01  3.047305e-02 -2.223703e-01  1.717978e-01
 2.68966e+00 -4.34483e+00       4.955e+11  9.319910e-01  5.076753e-02 -1.749631e-01  6.800901e-02
 3.10345e+00 -4.34483e+00       6.841e+11  9.672155e-01  4.369018e-02 -9.115462e-02  3.278453e-02
 3.51724e+00 -4.34483e+00       7.122e+11  9.539719e-01  3.596595e-02  2.430266e-02  4.602806e-02
 3.93103e+00 -4.34483e+00       6.111e+11  8.811453e-01  3.603837e-02  2.210240e-01  1.188547e-01
 4.34483e+00 -4.34483e+00       5.074e+11  7.542096e-01  3.423157e-02  4.716786e-01  2.457904e-01
 4.75862e+00 -4.34483e+00       4.662e+11  6.156394e-01  1.356336e-02  6.623471e-01  3.843606e-01
 5.17241e+00 -4.34483e+00       5.616e+11  4.367639e-01  3.355513e-03  7.936646e-01  5.632361e-01
 5.58621e+00 -4.34483e+00       8.911e+11  2.423694e-01  1.150828e-02  8.958823e-01  7.576306e-01
 6.00000e+00 -4.34483e+00       1.336e+12  1.121419e-01  1.099153e-02  9.501979e-01  8.878581e-01
-6.00000e+00 -3.93103e+00       9.419e+11  7.733829e-02 -1.439728e-02 -9.237934e-01  9.226617e-01
-5.58621e+00 -3.93103e+00       6.575e+11  2.149068e-01 -5.280590e-02 -8.845080e-01  7.850932e-01
-5.17241e+00 -3.93103e+00       4.632e+11  3.538782e-01 -7.384043e-02 -8.117791e-01  6.461218e-01
-4.75862e+00 -3.93103e+00       4.423e+11  5.623575e-01 -1.714084e-02 -6.263790e-01  4.376425e-01
-4.34483e+00 -3.93103e+00       5.410e+11  7.696004e-01  3.854329e-02 -3.931502e-01  2.303996e-01
-3.93103e+00 -3.93103e+00       5.910e+11  8.916786e-01  6.370489e-02 -2.164703e-01  1.083214e-01
-3.51724e+00 -3.93103e+00       5.223e+11  9.470182e-01  8.140406e-02 -1.078047e-01  5.298180e-02
-3.10345e+00 -3.93103e+00       4.215e+11  9.537548e-01  7.237718e-02 -8.444826e-02  4.624523e-02
-2.68966e+00 -3.93103e+00       3.371e+11  9.147467e-01  3.157320e-02 -1.304142e-01  8.525331e-02
-2.27586e+00 -3.93103e+00       2.386e+11  8.293652e-01  3.498108e-04 -1.574593e-01  1.706348e-01
-1.86207e+00 -3.93103e+00       1.414e+11  6.812821e-01 -9.809622e-02 -6.969934e-02  3.187179e-01
-1.44828e+00 -3.93103e+00       8.585e+10  5.043104e-01 -3.816422e-01  1.594054e-01  4.956896e-01
-1.03448e+00 -3.93103e+00       6.396e+10  3.884439e-01 -6.334956e-01  3.286087e-01  6.115561e-01
-6.20690e-01 -3.93103e+00       5.811e+10  2.693442e-01 -7.206187e-01  3.335607e-01  7.306558e-01
-2.06897e-01 -3.93103e+00       5.930e+10  1.401071e-01 -7.398272e-01  2.136453e-01  8.598929e-01
 2.06897e-01 -3.93103e+00       6.295e+10  1.576807e-01 -7.082964e-01 -5.126272e-03  8.423193e-01
 6.20690e-01 -3.93103e+00       7.607e+10  4.109690e-01 -5.991320e-01 -2.171761e-01  5.890310e-01
 1.03448e+00 -3.93103e+00       1.111e+11  6.915071e-01 -4.456320e-01 -2.732723e-01  3.084929e-01
 1.44828e+00 -3.93103e+00       1.689e+11  8.403852e-01 -2.830061e-01 -1.823270e-01  1.596148e-01
 1.86207e+00 -3.93103e+00       2.273e+11  8.913756e-01 -1.335036e-01 -5.614888e-02  1.086244e-01
 2.27586e+00 -3.93103e+00       2.556e+11  8.858940e-01 -3.020909e-02  1.313712e-02  1.141060e-01
 2.68966e+00 -3.93103e+00       2.912e+11  8.935763e-01  3.281832e-02  1.409915e-02  1.064237e-01
 3.10345e+00 -3.93103e+00       4.295e+11  9.439230e-01  5.543647e-02  3.986765e-02  5.607704e-02
 3.51724e+00 -3.93103e+00       6.198e+11  9.643238e-01  4.764252e-02  1.038831e-01  3.567620e-02
 3.93103e+00 -3.93103e+00       6.801e+11  9.353271e-01  3.666579e-02  1.956469e-01  6.467289e-02
 4.34483e+00 -3.93103e+00       5.892e+11  8.373932e-01  3.309825e-02  3.583443e-01  1.626068e-01
 4.75862e+00 -3.93103e+00       4.785e+11  6.744065e-01  2.844760e-02  5.773774e-01  3.255935e-01
 5.17241e+00 -3.93103e+00       4.409e+11  4.875233e-01  8.814375e-03  7.507553e-01  5.124767e-01
 5.58621e+00 -3.93103e+00       5.653e+11  2.584990e-01  3.826051e-03  8.621149e-01  7.415010e-01
 6.00000e+00 -3.93103e+00       8.988e+11  6.279805e-02  1.182747e-02  9.293833e-01  9.372020e-01
-6.00000e+00 -3.51724e+00       6.361e+11  4.781885e-02 -3.683945e-02 -8.996783e-01  9.521811e-01
-5.58621e+00 -3.51724e+00       4.437e+11  2.068917e-01 -7.317942e-02 -8.530894e-01  7.931083e-01
-5.17241e+00 -3.51724e+00       3.955e+11  4.330817e-01 -3.618091e-02 -7.123306e-01  5.669183e-01
-4.75862e+00 -3.51724e+00       4.770e+11  6.810588e-01  2.772303e-02 -5.057605e-01  3.189412e-01
-4.34483e+00 -3.51724e+00       5.374e+11  8.366020e-01  5.898314e-02 -3.451821e-01  1.633980e-01
-3.93103e+00 -3.51724e+00       4.848e+11  9.106510e-01  7.718182e-02 -2.518637e-01  8.934902e-02
-3.51724e+00 -3.51724e+00       3.865e+11  9.185590e-01  7.340370e-02 -2.392936e-01  8.144100e-02
-3.10345e+00 -3.51724e+00       2.915e+11  8.732071e-01  4.250945e-02 -2.673676e-01  1.267929e-01
-2.68966e+00 -3.51724e+00       1.933e+11  8.082195e-01 -9.742749e-03 -2.145259e-01  1.917805e-01
-2.27586e+00 -3.51724e+00       1.232e+11  7.633228e-01 -1.381354e-01  2.772804e-02  2.366772e-01
-1.86207e+00 -3.51724e+00       1.022e+11  7.355749e-01 -2.430741e-01  3.427244e-01  2.644251e-01
-1.44828e+00 -3.51724e+00       1.130e+11  6.157281e-01 -1.960036e-01  5.454783e-01  3.842719e-01
-1.03448e+00 -3.51724e+00       1.449e+11  3.509023e-01 -1.499864e-01  6.427326e-01  6.490977e-01
-6.20690e-01 -3.51724e+00       1.853e+11  7.241510e-03 -1.748089e-01  5.443371e-01  9.927585e-01
-2.06897e-01 -3.51724e+00       2.141e+11 -2.478888e-01 -1.986234e-01  1.691629e-01  7.521112e-01
 2.06897e-01 -3.51724e+00       2.298e+11 -1.879043e-01 -1.563809e-01 -3.135795e-01  8.120957e-01
 6.20690e-01 -3.51724e+00       2.366e+11  1.736560e-01 -8.558091e-02 -5.604447e-01  8.263440e-01
 1.03448e+00 -3.51724e+00       2.337e+11  5.611071e-01 -6.959880e-02 -5.304260e-01  4.388929e-01
 1.44828e+00 -3.51724e+00       2.185e+11  7.833886e-01 -1.136105e-01 -4.142149e-01  2.166114e-01
 1.86207e+00 -3.51724e+00       2.035e+11  8.712956e-01 -1.617381e-01 -2.468981e-01  1.287044e-01
 2.27586e+00 -3.51724e+00       2.187e+11  9.045959e-01 -1.403242e-01 -1.320159e-02  9.540406e-02
 2.68966e+00 -3.51724e+00       2.516e+11  9.036932e-01 -5.761208e-02  1.372733e-01  9.630675e-02
 3.10345e+00 -3.51724e+00       2.912e+11  9.046181e-01  2.380146e-02  1.748262e-01  9.538195e-02
 3.51724e+00 -3.51724e+00       4.050e+11  9.314057e-01  5.790635e-02  1.948713e-01  6.859433e-02
 3.93103e+00 -3.51724e+00       5.668e+11  9.363369e-01  4.992236e-02  2.455563e-01  6.366311e-02
 4.34483e+00 -3.51724e+00       6.117e+11  8.893967e-01  3.713231e-02  3.288374e-01  1.106033e-01
 4.75862e+00 -3.51724e+00       5.195e+11  7.628302e-01  3.130722e-02  4.803977e-01  2.371698e-01
 5.17241e+00 -3.51724e+00       4.186e+11  5.652802e-01  2.159821e-02  6.751478e-01  4.347198e-01
 5.58621e+00 -3.51724e+00       4.107e+11  3.260106e-01  3.121576e-03  8.180232e-01  6.739894e-01
 6.00000e+00 -3.51724e+00       5.787e+11  6.514554e-02  6.261624e-03  8.951231e-01  9.348545e-01
-6.00000e+00 -3.10345e+00       4.946e+11  9.645474e-02 -8.342710e-02 -9.011829e-01  9.035453e-01
-5.58621e+00 -3.10345e+00       3.811e+11  2.904261e-01 -5.790381e-02 -8.167435e-01  7.095739e-01
-5.17241e+00 -3.10345e+00       4.057e+11  5.657352e-01  1.652886e-02 -6.184089e-01  4.342648e-01
-4.75862e+00 -3.10345e+00       4.745e+11  7.615067e-01  5.737230e-02 -4.499120e-01  2.384933e-01
-4.34483e+00 -3.10345e+00       4.500e+11  8.608656e-01  7.447620e-02 -3.505356e-01  1.391344e-01
-3.93103e+00 -3.10345e+00       3.598e+11  8.849490e-01  7.700761e-02 -3.262136e-01  1.150510e-01
-3.51724e+00 -3.10345e+00       2.670e+11  8.493267e-01  5.520180e-02 -3.405094e-01  1.506733e-01
-3.10345e+00 -3.10345e+00       1.883e+11  8.208776e-01  2.520790e-03 -2.519797e-01  1.791224e-01
-2.68966e+00 -3.10345e+00       1.874e+11  8.787583e-01 -6.838916e-02  5.705889e-02  1.212417e-01
-2.27586e+00 -3.10345e+00       3.859e+11  9.155730e-01 -5.855724e-02  2.937542e-01  8.442699e-02
-1.86207e+00 -3.10345e+00       8.362e+11  8.894484e-01 -3.915269e-02  3.999750e-01  1.105516e-01
-1.44828e+00 -3.10345e+00       1.248e+12  8.415857e-01 -2.152265e-02  4.810650e-01  1.584143e-01
-1.03448e+00 -3.10345e+00       1.196e+12  7.687409e-01  1.947444e-02  5.492137e-01  2.312591e-01
-6.20690e-01 -3.10345e+00       7.865e+11  6.508162e-01  1.135395e-01  5.504034e-01  3.491838e-01
-2.06897e-01 -3.10345e+00       4.721e+11  5.013991e-01  2.507219e-01  2.493090e-01  4.986009e-01
 2.06897e-01 -3.10345e+00       4.919e+11  5.355456e-01  1.976583e-01 -3.629154e-01  4.644544e-01
 6.20690e-01 -3.10345e+00       8.676e+11  7.012385e-01  3.467280e-02 -5.574982e-01  2.987615e-01
 1.03448e+00 -3.10345e+00       1.377e+12  8.071081e-01 -3.806370e-02 -5.176261e-01  1.928919e-01
 1.44828e+00 -3.10345e+00       1.502e+12  8.678176e-01 -5.621528e-02 -4.443223e-01  1.321824e-01
 1.86207e+00 -3.10345e+00       1.074e+12  9.079606e-01 -5.584676e-02 -3.602169e-01  9.203937e-02
 2.27586e+00 -3.10345e+00       5.621e+11  9.365005e-01 -6.252157e-02 -2.357464e-01  6.349949e-02
 2.68966e+00 -3.10345e+00       3.116e+11  9.380274e-01 -8.001352e-02 -1.445351e-02  6.197258e-02
 3.10345e+00 -3.10345e+00       2.594e+11  9.064499e-01 -4.293389e-02  1.999285e-01  9.355014e-02
 3.51724e+00 -3.10345e+00       2.878e+11  8.957695e-01  3.033826e-02  2.724044e-01  1.042305e-01
 3.93103e+00 -3.10345e+00       3.955e+11  9.107305e-01  6.028430e-02  2.984664e-01  8.926951e-02
 4.34483e+00 -3.10345e+00       5.246e+11  8.983224e-01  5.080751e-02  3.475457e-01  1.016776e-01
 4.75862e+00 -3.10345e+00       5.302e+11  8.278862e-01  4.049505e-02  4.323899e-01  1.721138e-01
 5.17241e+00 -3.10345e+00       4.201e+11  6.673225e-01  3.703724e-02  5.750522e-01  3.326775e-01
 5.58621e+00 -3.10345e+00       3.267e+11  3.965499e-01  2.178994e-02  7.468497e-01  6.034501e-01
 6.00000e+00 -3.10345e+00       3.627e+11  6.788616e-02  8.298959e-03  8.585769e-01  9.321138e-01
-6.00000e+00 -2.68966e+00       3.459e+11  1.115305e-01 -5.772195e-02 -8.629784e-01  8.884695e-01
-5.58621e+00 -2.68966e+00       3.181e+11  4.141921e-01 -1.990233e-02 -7.058031e-01  5.858079e-01
-5.17241e+00 -2.68966e+00       3.897e+11  6.798961e-01  3.469059e-02 -5.272183e-01  3.201039e-01
-4.75862e+00 -2.68966e+00       4.147e+11  8.118153e-01  6.559460e-02 -4.193304e-01  1.881847e-01
-4.34483e+00 -2.68966e+00       3.461e+11  8.591525e-01  7.898743e-02 -3.748458e-01  1.408475e-01
-3.93103e+00 -2.68966e+00       2.581e+11  8.422292e-01  6.688639e-02 -3.775314e-01  1.577708e-01
-3.51724e+00 -2.68966e+00       2.056e+11  8.401018e-01  2.378106e-02 -2.891383e-01  1.598982e-01
-3.10345e+00 -2.68966e+00       3.171e+11  9.410795e-01 -1.521510e-02 -3.739268e-02  5.892045e-02
-2.68966e+00 -2.68966e+00       8.220e+11  9.854664e-01 -5.350649e-03  7.148680e-02  1.453362e-02
-2.27586e+00 -2.68966e+00       1.582e+12  9.881235e-01  6.790635e-03  1.101505e-01  1.187647e-02
-1.86207e+00 -2.68966e+00       1.797e+12  9.833534e-01  1.964299e-02  1.391508e-01  1.664662e-02
-1.44828e+00 -2.68966e+00       1.196e+12  9.727031e-01  4.123207e-02  1.668121e-01  2.729694e-02
-1.03448e+00 -2.68966e+00       5.440e+11  9.490926e-01  8.485899e-02  1.904684e-01  5.090739e-02
-6.20690e-01 -2.68966e+00       2.839e+11  9.226786e-01  1.376374e-01  1.717462e-01  7.732140e-02
-2.06897e-01 -2.68966e+00       2.320e+11  9.209224e-01  1.377390e-01  1.139859e-01  7.907758e-02
 2.06897e-01 -2.68966e+00       2.155e+11  9.173009e-01  1.128633e-01  4.888006e-02  8.269914e-02
 6.20690e-01 -2.68966e+00       2.634e+11  9.277583e-01  5.293615e-02 -6.583520e-02  7.224171e-02
 1.03448e+00 -2.68966e+00       5.720e+11  9.639116e-01 -4.314257e-03 -1.355479e-01  3.608843e-02
 1.44828e+00 -2.68966e+00       1.301e+12  9.817517e-01 -2.130417e-02 -1.361959e-01  1.824827e-02
 1.86207e+00 -2.68966e+00       1.996e+12  9.877483e-01 -2.794052e-02 -1.208669e-01  1.225165e-02
 2.27586e+00 -2.68966e+00       1.838e+12  9.901333e-01 -3.232521e-02 -9.771762e-02  9.866672e-03
 2.68966e+00 -2.68966e+00       1.041e+12  9.881160e-01 -3.842293e-02 -5.553653e-02  1.188400e-02
 3.10345e+00 -2.68966e+00       4.589e+11  9.651996e-01 -4.814812e-02  5.735074e-02  3.480037e-02
 3.51724e+00 -2.68966e+00       2.760e+11  9.086737e-01 -1.986017e-02  2.469420e-01  9.132634e-02
 3.93103e+00 -2.68966e+00       2.888e+11  8.886226e-01  4.376542e-02  3.320660e-01  1.113774e-01
 4.34483e+00 -2.68966e+00       3.952e+11  8.929883e-01  5.989535e-02  3.633908e-01  1.070117e-01
 4.75862e+00 -2.68966e+00       4.729e+11  8.625665e-01  4.721399e-02  4.114495e-01  1.374335e-01
 5.17241e+00 -2.68966e+00       4.176e+11  7.594243e-01  3.734439e-02  5.020348e-01  2.405757e-01
 5.58621e+00 -2.68966e+00       3.105e+11  5.283667e-01  2.826369e-02  6.573085e-01  4.716333e-01
 6.00000e+00 -2.68966e+00       2.838e+11  1.594335e-01  7.731713e-03  8.107184e-01  8.405665e-01
-6.00000e+00 -2.27586e+00       2.204e+11  2.215772e-01  1.945166e-02 -7.306278e-01  7.784228e-01
-5.58621e+00 -2.27586e+00       2.859e+11  5.764118e-01  3.012747e-02 -5.796392e-01  4.235882e-01
-5.17241e+00 -2.27586e+00       3.610e+11  7.554105e-01  5.861415e-02 -4.667204e-01  2.445895e-01
-4.75862e+00 -2.27586e+00       3.379e+11  8.356403e-01  7.716866e-02 -3.994112e-01  1.643597e-01
-4.34483e+00 -2.27586e+00       2.583e+11  8.480655e-01  7.470005e-02 -3.839260e-01  1.519345e-01
-3.93103e+00 -2.27586e+00       2.107e+11  8.477352e-01  4.293321e-02 -3.349845e-01  1.522648e-01
-3.51724e+00 -2.27586e+00       3.440e+11  9.407408e-01  6.304899e-03 -1.485251e-01  5.925924e-02
-3.10345e+00 -2.27586e+00       9.220e+11  9.888775e-01  7.308324e-03 -6.661868e-02  1.112250e-02
-2.68966e+00 -2.27586e+00       1.756e+12  9.963446e-01  1.366442e-02 -4.341634e-02  3.655379e-03
-2.27586e+00 -2.27586e+00       1.922e+12  9.971251e-01  2.059576e-02 -2.786244e-02  2.874924e-03
-1.86207e+00 -2.27586e+00       1.262e+12  9.952261e-01  3.371148e-02 -1.374348e-02  4.773856e-03
-1.44828e+00 -2.27586e+00       7.104e+11  9.891402e-01  6.134703e-02 -1.944538e-03  1.085978e-02
-1.03448e+00 -2.27586e+00       7.152e+11  9.861053e-01  8.722082e-02  5.727807e-03  1.389474e-02
-6.20690e-01 -2.27586e+00       1.045e+12  9.888960e-01  8.802608e-02  1.480221e-02  1.110398e-02
-2.06897e-01 -2.27586e+00       1.293e+12  9.902871e-01  8.124441e-02  3.210502e-02  9.712894e-03
 2.06897e-01 -2.27586e+00       1.190e+12  9.883105e-01  7.918306e-02  5.771603e-02  1.168950e-02
 6.20690e-01 -2.27586e+00       8.052e+11  9.818350e-01  8.125933e-02  8.550634e-02  1.816496e-02
 1.03448e+00 -2.27586e+00       4.704e+11  9.722467e-01  6.218146e-02  9.867243e-02  2.775334e-02
 1.44828e+00 -2.27586e+00       5.384e+11  9.809389e-01  4.609706e-04  5.878745e-02  1.906105e-02
 1.86207e+00 -2.27586e+00       1.206e+12  9.933608e-01 -1.966755e-02  3.656557e-02  6.639157e-03
 2.27586e+00 -2.27586e+00       2.016e+12  9.965554e-01 -2.328323e-02  3.757360e-02  3.444590e-03
 2.68966e+00 -2.27586e+00       1.962e+12  9.963200e-01 -2.622688e-02  4.620716e-02  3.680011e-03
 3.10345e+00 -2.27586e+00       1.123e+12  9.910328e-01 -3.070733e-02  6.954695e-02  8.967188e-03
 3.51724e+00 -2.27586e+00       4.708e+11  9.631839e-01 -3.217547e-02  1.496801e-01  3.681611e-02
 3.93103e+00 -2.27586e+00       2.693e+11  9.052968e-01  7.596248e-03  2.957872e-01  9.470317e-02
 4.34483e+00 -2.27586e+00       2.979e+11  8.893125e-01  5.540182e-02  3.618853e-01  1.106875e-01
 4.75862e+00 -2.27586e+00       3.931e+11  8.779541e-01  5.497586e-02  3.978139e-01  1.220459e-01
 5.17241e+00 -2.27586e+00       4.074e+11  8.183294e-01  4.315727e-02  4.605707e-01  1.816706e-01
 5.58621e+00 -2.27586e+00       3.234e+11  6.719272e-01  4.032769e-02  5.769311e-01  3.280728e-01
 6.00000e+00 -2.27586e+00       2.553e+11  3.914554e-01  3.042657e-02  7.307764e-01  6.085446e-01
-6.00000e+00 -1.86207e+00       2.054e+11  4.496386e-01 -7.275422e-02 -5.999918e-01  5.503614e-01
-5.58621e+00 -1.86207e+00       2.808e+11  6.739495e-01  3.636459e-02 -4.914608e-01  3.260505e-01
-5.17241e+00 -1.86207e+00       3.089e+11  8.069701e-01  6.817989e-02 -3.972339e-01  1.930299e-01
-4.75862e+00 -1.86207e+00       2.605e+11  8.628271e-01  6.700272e-02 -3.576670e-01  1.371729e-01
-4.34483e+00 -1.86207e+00       2.061e+11  8.645478e-01  5.362341e-02 -3.479024e-01  1.354522e-01
-3.93103e+00 -1.86207e+00       2.738e+11  9.202851e-01  2.223556e-02 -2.291894e-01  7.971488e-02
-3.51724e+00 -1.86207e+00       7.311e+11  9.786840e-01  1.183552e-02 -1.390096e-01  2.131597e-02
-3.10345e+00 -1.86207e+00       1.584e+12  9.906448e-01  1.435811e-02 -1.180389e-01  9.355200e-03
-2.68966e+00 -1.86207e+00       1.995e+12  9.928475e-01  1.790447e-02 -1.084072e-01  7.152511e-03
-2.27586e+00 -1.86207e+00       1.539e+12  9.927668e-01  2.572101e-02 -1.017571e-01  7.233228e-03
-1.86207e+00 -1.86207e+00       1.128e+12  9.906046e-01  3.777213e-02 -1.022885e-01  9.395359e-03
-1.44828e+00 -1.86207e+00       1.303e+12  9.901159e-01  3.292653e-02 -1.022355e-01  9.884081e-03
-1.03448e+00 -1.86207e+00       1.740e+12  9.925364e-01  2.227541e-02 -7.961207e-02  7.463615e-03
-6.20690e-01 -1.86207e+00       2.327e+12  9.955812e-01  2.204233e-02 -4.032578e-02  4.418756e-03
-2.06897e-01 -1.86207e+00       2.891e+12  9.971770e-01  2.425857e-02 -7.470821e-03  2.823019e-03
 2.06897e-01 -1.86207e+00       2.764e+12  9.968357e-01  2.169091e-02  2.144527e-02  3.164297e-03
 6.20690e-01 -1.86207e+00       1.968e+12  9.936913e-01  1.507905e-02  6.393209e-02  6.308659e-03
 1.03448e+00 -1.86207e+00       1.211e+12  9.866392e-01  9.532406e-03  1.243502e-01  1.336080e-02
 1.44828e+00 -1.86207e+00       7.559e+11  9.792915e-01  8.531284e-03  1.641065e-01  2.070853e-02
 1.86207e+00 -1.86207e+00       7.343e+11  9.824088e-01 -4.811753e-03  1.393358e-01  1.759122e-02
 2.27586e+00 -1.86207e+00       1.365e+12  9.901876e-01 -1.643912e-02  1.119782e-01  9.812387e-03
 2.68966e+00 -1.86207e+00       2.036e+12  9.923252e-01 -1.950601e-02  1.087554e-01  7.674762e-03
 3.10345e+00 -1.86207e+00       1.754e+12  9.914869e-01 -2.195796e-02  1.136825e-01  8.513064e-03
 3.51724e+00 -1.86207e+00       8.931e+11  9.839325e-01 -2.481417e-02  1.353626e-01  1.606754e-02
 3.93103e+00 -1.86207e+00       3.656e+11  9.508794e-01 -1.422050e-02  2.147234e-01  4.912064e-02
 4.34483e+00 -1.86207e+00       2.490e+11  9.087054e-01  3.425628e-02  3.204271e-01  9.129457e-02
 4.75862e+00 -1.86207e+00       3.062e+11  8.975912e-01  5.347903e-02  3.632043e-01  1.024088e-01
 5.17241e+00 -1.86207e+00       3.619e+11  8.591991e-01  4.285538e-02  4.133565e-01  1.408009e-01
 5.58621e+00 -1.86207e+00       3.204e+11  7.594048e-01  2.743038e-02  5.107471e-01  2.405952e-01
 6.00000e+00 -1.86207e+00       2.364e+11  5.973114e-01  9.911666e-03  6.368925e-01  4.026886e-01
-6.00000e+00 -1.44828e+00       1.706e+11  6.006047e-01 -6.987400e-03 -5.285958e-01  3.993953e-01
-5.58621e+00 -1.44828e+00       2.366e+11  8.162433e-01  1.493593e-03 -3.802166e-01  1.837567e-01
-5.17241e+00 -1.44828e+00       2.605e+11  8.909148e-01  1.837984e-02 -3.314783e-01  1.090852e-01
-4.75862e+00 -1.44828e+00       2.200e+11  9.021187e-01  4.398516e-02 -3.239122e-01  9.788130e-02
-4.34483e+00 -1.44828e+00       2.064e+11  9.104826e-01  4.077203e-02 -2.772062e-01  8.951744e-02
-3.93103e+00 -1.44828e+00       4.437e+11  9.657518e-01  1.524206e-02 -1.751494e-01  3.424821e-02
-3.51724e+00 -1.44828e+00       1.158e+12  9.860983e-01  1.290564e-02 -1.441886e-01  1.390171e-02
-3.10345e+00 -1.44828e+00       1.885e+12  9.896897e-01  1.464198e-02 -1.361588e-01  1.031030e-02
-2.68966e+00 -1.44828e+00       1.817e+12  9.901920e-01  1.801567e-02 -1.324371e-01  9.808050e-03
-2.27586e+00 -1.44828e+00       1.503e+12  9.894948e-01  2.326579e-02 -1.304811e-01  1.050520e-02
-1.86207e+00 -1.44828e+00       2.554e+12  9.914076e-01  1.789081e-02 -1.147103e-01  8.592368e-03
-1.44828e+00 -1.44828e+00       7.464e+12  9.947269e-01  8.308324e-03 -9.061058e-02  5.273144e-03
-1.03448e+00 -1.44828e+00       1.922e+13  9.967364e-01  9.720634e-04 -6.925053e-02  3.263584e-03
-6.20690e-01 -1.44828e+00       3.577e+13  9.980288e-01 -4.791852e-03 -4.624528e-02  1.971199e-03
-2.06897e-01 -1.44828e+00       4.795e+13  9.988083e-01 -8.919683e-03 -1.984065e-02  1.191670e-03
 2.06897e-01 -1.44828e+00       4.747e+13  9.989602e-01 -1.152363e-02  8.090055e-03  1.039760e-03
 6.20690e-01 -1.44828e+00       3.458e+13  9.984678e-01 -1.296758e-02  3.451875e-02  1.532227e-03
 1.03448e+00 -1.44828e+00       1.788e+13  9.973778e-01 -1.354961e-02  5.820866e-02  2.622179e-03
 1.44828e+00 -1.44828e+00       6.383e+12  9.951951e-01 -1.315790e-02  8.265662e-02  4.804944e-03
 1.86207e+00 -1.44828e+00       1.794e+12  9.898862e-01 -1.102236e-02  1.180977e-01  1.011379e-02
 2.27586e+00 -1.44828e+00       1.044e+12  9.864450e-01 -1.150592e-02  1.399127e-01  1.355504e-02
 2.68966e+00 -1.44828e+00       1.645e+12  9.897041e-01 -1.475917e-02  1.302377e-01  1.029593e-02
 3.10345e+00 -1.44828e+00       1.945e+12  9.905294e-01 -1.673662e-02  1.286946e-01  9.470613e-03
 3.51724e+00 -1.44828e+00       1.309e+12  9.886182e-01 -1.891960e-02  1.348744e-01  1.138179e-02
 3.93103e+00 -1.44828e+00       5.600e+11  9.767766e-01 -1.735946e-02  1.658427e-01  2.322335e-02
 4.34483e+00 -1.44828e+00       2.637e+11  9.445335e-01  1.305682e-02  2.475874e-01  5.546646e-02
 4.75862e+00 -1.44828e+00       2.499e+11  9.316888e-01  4.196899e-02  2.953684e-01  6.831117e-02
 5.17241e+00 -1.44828e+00       2.861e+11  9.221420e-01  3.395434e-02  3.167155e-01  7.785800e-02
 5.58621e+00 -1.44828e+00       2.530e+11  8.681360e-01  2.546408e-02  3.652371e-01  1.318640e-01
 6.00000e+00 -1.44828e+00       1.716e+11  6.904268e-01  1.234328e-02  4.939400e-01  3.095732e-01
-6.00000e+00 -1.03448e+00       1.820e+11  7.703942e-01 -1.000696e-02 -4.129222e-01  2.296058e-01
-5.58621e+00 -1.03448e+00       2.391e+11  8.745533e-01  5.468230e-02 -3.118828e-01  1.254467e-01
-5.17241e+00 -1.03448e+00       2.290e+11  9.218661e-01  6.116031e-02 -2.544961e-01  7.813387e-02
-4.75862e+00 -1.03448e+00       1.816e+11  9.339163e-01  4.275911e-02 -2.400348e-01  6.608372e-02
-4.34483e+00 -1.03448e+00       2.339e+11  9.563919e-01  1.713284e-02 -1.905158e-01  4.360806e-02
-3.93103e+00 -1.03448e+00       6.398e+11  9.840749e-01  1.071304e-02 -1.391532e-01  1.592512e-02
-3.51724e+00 -1.03448e+00       1.444e+12  9.905622e-01  1.151998e-02 -1.274669e-01  9.437826e-03
-3.10345e+00 -1.03448e+00       1.916e+12  9.916220e-01  1.266403e-02 -1.245920e-01  8.378014e-03
-2.68966e+00 -1.03448e+00       1.764e+12  9.914400e-01  1.425546e-02 -1.241513e-01  8.559955e-03
-2.27586e+00 -1.03448e+00       2.700e+12  9.923562e-01  1.012583e-02 -1.154669e-01  7.643831e-03
-1.86207e+00 -1.03448e+00       8.507e+12  9.943773e-01  2.253754e-03 -1.003451e-01  5.622743e-03
-1.44828e+00 -1.03448e+00       2.359e+13  9.957804e-01 -3.217932e-03 -8.663761e-02  4.219646e-03
-1.03448e+00 -1.03448e+00       4.568e+13  9.969940e-01 -7.044017e-03 -7.021988e-02  3.005991e-03
-6.20690e-01 -1.03448e+00       6.409e+13  9.981378e-01 -9.319802e-03 -4.828774e-02  1.862241e-03
-2.06897e-01 -1.03448e+00       7.243e+13  9.989670e-01 -1.029509e-02 -2.018253e-02  1.032971e-03
 2.06897e-01 -1.03448e+00       7.236e+13  9.991260e-01 -1.087404e-02  1.060741e-02  8.739996e-04
 6.20690e-01 -1.03448e+00       6.354e+13  9.985989e-01 -1.189684e-02  3.791885e-02  1.401095e-03
 1.03448e+00 -1.03448e+00       4.435e+13  9.977108e-01 -1.333835e-02  5.895176e-02  2.289211e-03
 1.44828e+00 -1.03448e+00       2.198e+13  9.966712e-01 -1.474535e-02  7.502508e-02  3.328810e-03
 1.86207e+00 -1.03448e+00       7.261e+12  9.952366e-01 -1.559510e-02  8.979842e-02  4.763440e-03
 2.27586e+00 -1.03448e+00       1.942e+12  9.924184e-01 -1.449350e-02  1.095134e-01  7.581591e-03
 2.68966e+00 -1.03448e+00       1.394e+12  9.916758e-01 -1.191638e-02  1.166852e-01  8.324161e-03
 3.10345e+00 -1.03448e+00       1.851e+12  9.928257e-01 -1.234627e-02  1.127864e-01  7.174284e-03
 3.51724e+00 -1.03448e+00       1.555e+12  9.926063e-01 -1.342025e-02  1.138299e-01  7.393736e-03
 3.93103e+00 -1.03448e+00       7.652e+11  9.890425e-01 -1.345907e-02  1.254554e-01  1.095745e-02
 4.34483e+00 -1.03448e+00       3.049e+11  9.740782e-01 -2.167830e-04  1.712344e-01  2.592177e-02
 4.75862e+00 -1.03448e+00       2.260e+11  9.570468e-01  3.323867e-02  2.302573e-01  4.295319e-02
 5.17241e+00 -1.03448e+00       2.790e+11  9.472291e-01  3.853513e-02  2.592092e-01  5.277093e-02
 5.58621e+00 -1.03448e+00       2.771e+11  9.164686e-01  2.625709e-02  3.080675e-01  8.353135e-02
 6.00000e+00 -1.03448e+00       2.004e+11  8.440762e-01  7.344211e-03  4.017613e-01  1.559238e-01
-6.00000e+00 -6.20690e-01       1.566e+11  9.287252e-01 -1.910194e-02 -2.402315e-01  7.127477e-02
-5.58621e+00 -6.20690e-01       2.255e+11  9.581078e-01  1.078670e-02 -2.069021e-01  4.189216e-02
-5.17241e+00 -6.20690e-01       2.196e+11  9.696173e-01  2.856798e-02 -1.820485e-01  3.038271e-02
-4.75862e+00 -6.20690e-01       1.791e+11  9.723089e-01  2.994821e-02 -1.622755e-01  2.769115e-02
-4.34483e+00 -6.20690e-01       2.796e+11  9.843277e-01  1.134472e-02 -1.183059e-01  1.567226e-02
-3.93103e+00 -6.20690e-01       7.916e+11  9.935392e-01  7.439426e-03 -9.511601e-02  6.460784e-03
-3.51724e+00 -6.20690e-01       1.585e+12  9.953668e-01  8.203393e-03 -9.070577e-02  4.633231e-03
-3.10345e+00 -6.20690e-01       1.889e+12  9.955000e-01  8.450459e-03 -9.077384e-02  4.499999e-03
-2.68966e+00 -6.20690e-01       2.029e+12  9.954141e-01  6.306017e-03 -9.063920e-02  4.585903e-03
-2.27586e+00 -6.20690e-01       4.876e+12  9.963257e-01  2.827736e-04 -8.176726e-02  3.674252e-03
-1.86207e+00 -6.20690e-01       1.513e+13  9.971091e-01 -3.548884e-03 -7.321354e-02  2.890866e-03
-1.44828e+00 -6.20690e-01       3.332e+13  9.976853e-01 -5.897415e-03 -6.499647e-02  2.314717e-03
-1.03448e+00 -6.20690e-01       4.895e+13  9.982687e-01 -7.228934e-03 -5.450662e-02  1.731275e-03
-6.20690e-01 -6.20690e-01       5.224e+13  9.988893e-01 -7.396552e-03 -3.946857e-02  1.110661e-03
-2.06897e-01 -6.20690e-01       4.872e+13  9.994164e-01 -6.557275e-03 -1.733043e-02  5.836263e-04
 2.06897e-01 -6.20690e-01       4.911e+13  9.995482e-01 -6.046164e-03  8.896812e-03  4.518181e-04
 6.20690e-01 -6.20690e-01       5.288e+13  9.992600e-01 -6.955764e-03  2.981061e-02  7.399517e-04
 1.03448e+00 -6.20690e-01       4.880e+13  9.988333e-01 -8.573944e-03  4.347782e-02  1.166714e-03
 1.44828e+00 -6.20690e-01       3.213e+13  9.984059e-01 -1.012982e-02  5.281932e-02  1.594133e-03
 1.86207e+00 -6.20690e-01       1.372e+13  9.979427e-01 -1.130195e-02  6.026288e-02  2.057309e-03
 2.27586e+00 -6.20690e-01       3.881e+12  9.971754e-01 -1.165355e-02  6.857430e-02  2.824617e-03
 2.68966e+00 -6.20690e-01       1.497e+12  9.963203e-01 -9.578602e-03  7.585039e-02  3.679743e-03
 3.10345e+00 -6.20690e-01       1.717e+12  9.968393e-01 -8.463238e-03  7.313494e-02  3.160665e-03
 3.51724e+00 -6.20690e-01       1.646e+12  9.969861e-01 -8.649965e-03  7.261225e-02  3.013879e-03
 3.93103e+00 -6.20690e-01       9.130e+11  9.961436e-01 -8.267983e-03  7.698801e-02  3.856354e-03
 4.34483e+00 -6.20690e-01       3.625e+11  9.917838e-01 -8.600686e-04  9.771912e-02  8.216215e-03
 4.75862e+00 -6.20690e-01       2.257e+11  9.849887e-01  1.928783e-02  1.330833e-01  1.501127e-02
 5.17241e+00 -6.20690e-01       2.507e+11  9.822686e-01  1.938879e-02  1.504584e-01  1.773140e-02
 5.58621e+00 -6.20690e-01       2.459e+11  9.746134e-01  1.117442e-02  1.744638e-01  2.538660e-02
 6.00000e+00 -6.20690e-01       1.823e+11  9.551426e-01  9.426066e-03  2.201758e-01  4.485736e-02
-6.00000e+00 -2.06897e-01       1.395e+11  9.913466e-01 -1.208853e-02 -8.626395e-02  8.653425e-03
-5.58621e+00 -2.06897e-01       2.039e+11  9.948792e-01 -4.559952e-03 -7.352697e-02  5.120764e-03
-5.17241e+00 -2.06897e-01       2.010e+11  9.958791e-01 -2.037150e-04 -6.820479e-02  4.120949e-03
-4.75862e+00 -2.06897e-01       1.754e+11  9.957805e-01  8.136591e-04 -6.295275e-02  4.219480e-03
-4.34483e+00 -2.06897e-01       3.106e+11  9.974423e-01  5.365888e-04 -4.774997e-02  2.557744e-03
-3.93103e+00 -2.06897e-01       8.720e+11  9.987417e-01  2.544381e-03 -4.065687e-02  1.258343e-03
-3.51724e+00 -2.06897e-01       1.641e+12  9.989795e-01  3.519404e-03 -3.982929e-02  1.020523e-03
-3.10345e+00 -2.06897e-01       1.888e+12  9.988777e-01  2.775951e-03 -4.178736e-02  1.122264e-03
-2.68966e+00 -2.06897e-01       2.334e+12  9.988789e-01 -1.481895e-03 -4.205524e-02  1.121131e-03
-2.27586e+00 -2.06897e-01       6.428e+12  9.992393e-01 -4.850607e-03 -3.577448e-02  7.607208e-04
-1.86207e+00 -2.06897e-01       1.845e+13  9.994284e-01 -5.548451e-03 -3.147418e-02  5.716451e-04
-1.44828e+00 -2.06897e-01       3.544e+13  9.995419e-01 -5.707307e-03 -2.802619e-02  4.580822e-04
-1.03448e+00 -2.06897e-01       4.431e+13  9.996483e-01 -5.564234e-03 -2.405321e-02  3.517378e-04
-6.20690e-01 -2.06897e-01       3.945e+13  9.997607e-01 -5.113093e-03 -1.855950e-02  2.392657e-04
-2.06897e-01 -2.06897e-01       3.148e+13  9.998710e-01 -4.510332e-03 -9.793442e-03  1.289655e-04
 2.06897e-01 -2.06897e-01       3.196e+13  9.999248e-01 -4.418549e-03  1.263982e-03  7.522202e-05
 6.20690e-01 -2.06897e-01       4.048e+13  9.999051e-01 -4.978182e-03  8.910950e-03  9.494594e-05
 1.03448e+00 -2.06897e-01       4.483e+13  9.998643e-01 -5.584662e-03  1.308065e-02  1.356737e-04
 1.44828e+00 -2.06897e-01       3.473e+13  9.998231e-01 -6.011576e-03  1.565244e-02  1.768996e-04
 1.86207e+00 -2.06897e-01       1.711e+13  9.997733e-01 -6.208288e-03  1.757084e-02  2.266851e-04
 2.27586e+00 -2.06897e-01       5.331e+12  9.996660e-01 -6.040555e-03  1.970456e-02  3.340230e-04
 2.68966e+00 -2.06897e-01       1.712e+12  9.994773e-01 -5.006756e-03  2.119685e-02  5.227121e-04
 3.10345e+00 -2.06897e-01       1.655e+12  9.996035e-01 -4.184529e-03  1.881365e-02  3.965026e-04
 3.51724e+00 -2.06897e-01       1.668e+12  9.996944e-01 -3.754980e-03  1.826474e-02  3.055854e-04
 3.93103e+00 -2.06897e-01       9.863e+11  9.996274e-01 -2.732359e-03  1.927970e-02  3.726328e-04
 4.34483e+00 -2.06897e-01       3.967e+11  9.991969e-01  4.492552e-04  2.339404e-02  8.031360e-04
 4.75862e+00 -2.06897e-01       2.188e+11  9.985617e-01  3.060140e-03  2.970039e-02  1.438315e-03
 5.17241e+00 -2.06897e-01       2.234e+11  9.984796e-01 -5.198636e-04  3.276478e-02  1.520377e-03
 5.58621e+00 -2.06897e-01       2.215e+11  9.980785e-01 -2.258748e-03  3.717153e-02  1.921539e-03
 6.00000e+00 -2.06897e-01       1.632e+11  9.965027e-01 -4.738138e-03  4.718096e-02  3.497273e-03
-6.00000e+00  2.06897e-01       1.395e+11  9.915392e-01 -1.966931e-03  5.462637e-02  8.460823e-03
-5.58621e+00  2.06897e-01       2.038e+11  9.954295e-01 -1.381495e-03  5.127316e-02  4.570505e-03
-5.17241e+00  2.06897e-01       2.005e+11  9.967757e-01 -1.141844e-02  4.964208e-02  3.224266e-03
-4.75862e+00  2.06897e-01       1.748e+11  9.974497e-01 -2.035024e-02  4.265068e-02  2.550296e-03
-4.34483e+00  2.06897e-01       3.106e+11  9.988888e-01 -1.025891e-02  2.446390e-02  1.111217e-03
-3.93103e+00  2.06897e-01       8.743e+11  9.995525e-01 -2.908659e-03  1.814724e-02  4.475043e-04
-3.51724e+00  2.06897e-01       1.647e+12  9.996541e-01 -1.348657e-03  1.629040e-02  3.458980e-04
-3.10345e+00  2.06897e-01       1.900e+12  9.996492e-01 -2.702923e-03  1.306453e-02  3.507913e-04
-2.68966e+00  2.06897e-01       2.351e+12  9.996803e-01 -7.753531e-03  1.136928e-02  3.197276e-04
-2.27586e+00  2.06897e-01       6.443e+12  9.997586e-01 -8.659289e-03  1.489263e-02  2.413751e-04
-1.86207e+00  2.06897e-01       1.845e+13  9.998021e-01 -6.677082e-03  1.574946e-02  1.979376e-04
-1.44828e+00  2.06897e-01       3.541e+13  9.998400e-01 -4.877165e-03  1.477715e-02  1.599528e-04
-1.03448e+00  2.06897e-01       4.427e+13  9.998798e-01 -3.548260e-03  1.259228e-02  1.201695e-04
-6.20690e-01  2.06897e-01       3.942e+13  9.999170e-01 -2.996705e-03  8.579739e-03  8.299962e-05
-2.06897e-01  2.06897e-01       3.148e+13  9.999274e-01 -3.664633e-03  8.544765e-04  7.260496e-05
 2.06897e-01  2.06897e-01       3.197e+13  9.998678e-01 -4.744029e-03 -1.009180e-02  1.321608e-04
 6.20690e-01  2.06897e-01       4.052e+13  9.997677e-01 -4.551442e-03 -1.837927e-02  2.322627e-04
 1.03448e+00  2.06897e-01       4.489e+13  9.996699e-01 -3.554093e-03 -2.348556e-02  3.300849e-04
 1.44828e+00  2.06897e-01       3.479e+13  9.995752e-01 -2.371553e-03 -2.721155e-02  4.247893e-04
 1.86207e+00  2.06897e-01       1.714e+13  9.994771e-01 -1.139758e-03 -3.031904e-02  5.229160e-04
 2.27586e+00  2.06897e-01       5.348e+12  9.993505e-01  1.734923e-04 -3.327944e-02  6.495152e-04
 2.68966e+00  2.06897e-01       1.719e+12  9.990975e-01  7.261597e-04 -3.801924e-02  9.025459e-04
 3.10345e+00  2.06897e-01       1.658e+12  9.990238e-01  1.309603e-04 -4.070314e-02  9.761593e-04
 3.51724e+00  2.06897e-01       1.670e+12  9.990551e-01  1.001148e-03 -4.058174e-02  9.449302e-04
 3.93103e+00  2.06897e-01       9.873e+11  9.988774e-01  2.776936e-03 -4.190639e-02  1.122646e-03
 4.34483e+00  2.06897e-01       3.976e+11  9.978231e-01  3.002145e-03 -5.115010e-02  2.176923e-03
 4.75862e+00  2.06897e-01       2.194e+11  9.956993e-01 -9.134224e-03 -7.147112e-02  4.300675e-03
 5.17241e+00  2.06897e-01       2.238e+11  9.945795e-01 -1.649717e-02 -8.077933e-02  5.420456e-03
 5.58621e+00  2.06897e-01       2.221e+11  9.925721e-01 -1.507760e-02 -8.961487e-02  7.427853e-03
 6.00000e+00  2.06897e-01       1.640e+11  9.873431e-01 -2.228408e-02 -1.105760e-01  1.265693e-02
-6.00000e+00  6.20690e-01       1.554e+11  9.295382e-01  1.120712e-02  2.130828e-01  7.046179e-02
-5.58621e+00  6.20690e-01       2.236e+11  9.601189e-01 -1.397123e-02  1.895091e-01  3.988112e-02
-5.17241e+00  6.20690e-01       2.168e+11  9.720023e-01 -3.897450e-02  1.675567e-01  2.799767e-02
-4.75862e+00  6.20690e-01       1.759e+11  9.765882e-01 -5.017003e-02  1.442526e-01  2.341182e-02
-4.34483e+00  6.20690e-01       2.784e+11  9.886754e-01 -2.352643e-02  9.560842e-02  1.132465e-02
-3.93103e+00  6.20690e-01       7.976e+11  9.958859e-01 -8.972588e-03  7.341640e-02  4.114127e-03
-3.51724e+00  6.20690e-01       1.603e+12  9.971942e-01 -6.485039e-03  6.859917e-02  2.805814e-03
-3.10345e+00  6.20690e-01       1.923e+12  9.975071e-01 -7.723984e-03  6.447414e-02  2.492924e-03
-2.68966e+00  6.20690e-01       2.081e+12  9.976523e-01 -1.319379e-02  6.035123e-02  2.347746e-03
-2.27586e+00  6.20690e-01       4.934e+12  9.978333e-01 -1.329601e-02  6.005968e-02  2.166698e-03
-1.86207e+00  6.20690e-01       1.515e+13  9.981454e-01 -8.784752e-03  5.732552e-02  1.854606e-03
-1.44828e+00  6.20690e-01       3.327e+13  9.984956e-01 -4.964119e-03  5.172788e-02  1.504359e-03
-1.03448e+00  6.20690e-01       4.884e+13  9.988877e-01 -2.270303e-03  4.300052e-02  1.112261e-03
-6.20690e-01  6.20690e-01       5.214e+13  9.992968e-01 -1.131172e-03  2.930562e-02  7.031659e-04
-2.06897e-01  6.20690e-01       4.869e+13  9.995691e-01 -1.761294e-03  8.019210e-03  4.309360e-04
 2.06897e-01  6.20690e-01       4.916e+13  9.994314e-01 -2.685778e-03 -1.805523e-02  5.686384e-04
 6.20690e-01  6.20690e-01       5.303e+13  9.989258e-01 -1.959242e-03 -3.941903e-02  1.074186e-03
 1.03448e+00  6.20690e-01       4.900e+13  9.983262e-01 -9.111963e-06 -5.391113e-02  1.673811e-03
 1.44828e+00  6.20690e-01       3.229e+13  9.977390e-01  2.254668e-03 -6.434559e-02  2.260954e-03
 1.86207e+00  6.20690e-01       1.381e+13  9.971460e-01  4.517592e-03 -7.287722e-02  2.854033e-03
 2.27586e+00  6.20690e-01       3.928e+12  9.963651e-01  6.626700e-03 -8.187003e-02  3.634949e-03
 2.68966e+00  6.20690e-01       1.517e+12  9.952564e-01  5.743640e-03 -9.314196e-02  4.743550e-03
 3.10345e+00  6.20690e-01       1.722e+12  9.952668e-01  4.288300e-03 -9.420632e-02  4.733153e-03
 3.51724e+00  6.20690e-01       1.646e+12  9.952663e-01  5.749976e-03 -9.376258e-02  4.733739e-03
 3.93103e+00  6.20690e-01       9.137e+11  9.940222e-01  8.176218e-03 -9.872625e-02  5.977807e-03
 4.34483e+00  6.20690e-01       3.651e+11  9.875616e-01  4.272324e-03 -1.260874e-01  1.243838e-02
 4.75862e+00  6.20690e-01       2.285e+11  9.769495e-01 -2.373574e-02 -1.744507e-01  2.305051e-02
 5.17241e+00  6.20690e-01       2.527e+11  9.720223e-01 -3.414031e-02 -1.934472e-01  2.797772e-02
 5.58621e+00  6.20690e-01       2.477e+11  9.596288e-01 -2.933889e-02 -2.203270e-01  4.037117e-02
 6.00000e+00  6.20690e-01       1.847e+11  9.303922e-01 -3.650604e-02 -2.779097e-01  6.960782e-02
-6.00000e+00  1.03448e+00       1.805e+11  7.865351e-01 -2.925487e-03  3.896132e-01  2.134649e-01
-5.58621e+00  1.03448e+00       2.375e+11  8.821723e-01 -6.302576e-02  2.977297e-01  1.178277e-01
-5.17241e+00  1.03448e+00       2.258e+11  9.256709e-01 -7.395370e-02  2.408326e-01  7.432911e-02
-4.75862e+00  1.03448e+00       1.768e+11  9.387434e-01 -6.391356e-02  2.231724e-01  6.125660e-02
-4.34483e+00  1.03448e+00       2.309e+11  9.629784e-01 -3.359531e-02  1.701007e-01  3.702155e-02
-3.93103e+00  1.03448e+00       6.468e+11  9.877957e-01 -1.465667e-02  1.190694e-01  1.220427e-02
-3.51724e+00  1.03448e+00       1.471e+12  9.930852e-01 -1.079537e-02  1.076753e-01  6.914781e-03
-3.10345e+00  1.03448e+00       1.968e+12  9.941061e-01 -1.156210e-02  1.024428e-01  5.893890e-03
-2.68966e+00  1.03448e+00       1.849e+12  9.943337e-01 -1.722736e-02  9.713327e-02  5.666347e-03
-2.27586e+00  1.03448e+00       2.814e+12  9.946701e-01 -2.063630e-02  9.219924e-02  5.329944e-03
-1.86207e+00  1.03448e+00       8.606e+12  9.958436e-01 -1.418633e-02  8.383650e-02  4.156430e-03
-1.44828e+00  1.03448e+00       2.361e+13  9.968898e-01 -7.916332e-03  7.302328e-02  3.110182e-03
-1.03448e+00  1.03448e+00       4.561e+13  9.978253e-01 -3.070079e-03  5.842328e-02  2.174706e-03
-6.20690e-01  1.03448e+00       6.400e+13  9.986773e-01  1.209893e-04  3.776826e-02  1.322739e-03
-2.06897e-01  1.03448e+00       7.244e+13  9.991915e-01  1.666002e-03  1.042253e-02  8.084946e-04
 2.06897e-01  1.03448e+00       7.253e+13  9.990327e-01  2.470586e-03 -2.013297e-02  9.673476e-04
 6.20690e-01  1.03448e+00       6.384e+13  9.982127e-01  3.666128e-03 -4.772332e-02  1.787294e-03
 1.03448e+00  1.03448e+00       4.464e+13  9.970560e-01  5.480457e-03 -6.949444e-02  2.943972e-03
 1.44828e+00  1.03448e+00       2.216e+13  9.957716e-01  7.623331e-03 -8.660249e-02  4.228368e-03
 1.86207e+00  1.03448e+00       7.369e+12  9.942054e-01  9.995051e-03 -1.021998e-01  5.794581e-03
 2.27586e+00  1.03448e+00       2.003e+12  9.915007e-01  1.166186e-02 -1.226389e-01  8.499305e-03
 2.68966e+00  1.03448e+00       1.415e+12  9.899959e-01  8.314989e-03 -1.348603e-01  1.000409e-02
 3.10345e+00  1.03448e+00       1.853e+12  9.906756e-01  8.105452e-03 -1.320937e-01  9.324434e-03
 3.51724e+00  1.03448e+00       1.553e+12  9.902777e-01  1.045247e-02 -1.328227e-01  9.722298e-03
 3.93103e+00  1.03448e+00       7.669e+11  9.858151e-01  1.313447e-02 -1.457602e-01  1.418488e-02
 4.34483e+00  1.03448e+00       3.101e+11  9.669068e-01  2.651460e-03 -2.007593e-01  3.309317e-02
 4.75862e+00  1.03448e+00       2.327e+11  9.452048e-01 -3.436583e-02 -2.720945e-01  5.479522e-02
 5.17241e+00  1.03448e+00       2.866e+11  9.337543e-01 -4.333638e-02 -2.991674e-01  6.624574e-02
 5.58621e+00  1.03448e+00       2.842e+11  8.976737e-01 -3.335097e-02 -3.459232e-01  1.023263e-01
 6.00000e+00  1.03448e+00       2.069e+11  8.132849e-01 -1.834233e-02 -4.454210e-01  1.867151e-01
-6.00000e+00  1.44828e+00       1.667e+11  6.192596e-01 -1.096460e-02  5.024511e-01  3.807404e-01
-5.58621e+00  1.44828e+00       2.335e+11  8.220864e-01 -8.687829e-03  3.599709e-01  1.779136e-01
-5.17241e+00  1.44828e+00       2.566e+11  8.933589e-01 -2.061888e-02  3.168645e-01  1.066411e-01
-4.75862e+00  1.44828e+00       2.144e+11  9.052172e-01 -5.189087e-02  3.122427e-01  9.478284e-02
-4.34483e+00  1.44828e+00       2.009e+11  9.166348e-01 -5.678314e-02  2.623726e-01  8.336517e-02
-3.93103e+00  1.44828e+00       4.469e+11  9.706958e-01 -2.393502e-02  1.567898e-01  2.930419e-02
-3.51724e+00  1.44828e+00       1.184e+12  9.888171e-01 -1.504869e-02  1.269586e-01  1.118288e-02
-3.10345e+00  1.44828e+00       1.945e+12  9.919084e-01 -1.487239e-02  1.186394e-01  8.091554e-03
-2.68966e+00  1.44828e+00       1.920e+12  9.924880e-01 -1.899675e-02  1.127190e-01  7.511981e-03
-2.27586e+00  1.44828e+00       1.664e+12  9.917883e-01 -2.719301e-02  1.098414e-01  8.211730e-03
-1.86207e+00  1.44828e+00       2.759e+12  9.928235e-01 -2.577315e-02  9.830069e-02  7.176454e-03
-1.44828e+00  1.44828e+00       7.648e+12  9.957680e-01 -1.855037e-02  7.538917e-02  4.232024e-03
-1.03448e+00  1.44828e+00       1.933e+13  9.975822e-01 -1.171551e-02  5.517410e-02  2.417811e-03
-6.20690e-01  1.44828e+00       3.587e+13  9.985853e-01 -5.475452e-03  3.373002e-02  1.414698e-03
-2.06897e-01  1.44828e+00       4.811e+13  9.990396e-01 -6.276009e-04  8.397138e-03  9.603907e-04
 2.06897e-01  1.44828e+00       4.768e+13  9.988559e-01  2.658652e-03 -1.921217e-02  1.144054e-03
 6.20690e-01  1.44828e+00       3.474e+13  9.980148e-01  4.825374e-03 -4.607442e-02  1.985201e-03
 1.03448e+00  1.44828e+00       1.799e+13  9.965670e-01  6.511336e-03 -7.088176e-02  3.432998e-03
 1.44828e+00  1.44828e+00       6.516e+12  9.941417e-01  8.562967e-03 -9.659146e-02  5.858342e-03
 1.86207e+00  1.44828e+00       1.920e+12  9.892887e-01  1.168541e-02 -1.312414e-01  1.071134e-02
 2.27586e+00  1.44828e+00       1.105e+12  9.856800e-01  1.113157e-02 -1.547386e-01  1.432004e-02
 2.68966e+00  1.44828e+00       1.657e+12  9.879295e-01  9.549272e-03 -1.468128e-01  1.207049e-02
 3.10345e+00  1.44828e+00       1.942e+12  9.886087e-01  1.143277e-02 -1.442644e-01  1.139131e-02
 3.51724e+00  1.44828e+00       1.307e+12  9.864315e-01  1.482201e-02 -1.500826e-01  1.356846e-02
 3.93103e+00  1.44828e+00       5.639e+11  9.727132e-01  1.491127e-02 -1.841093e-01  2.728677e-02
 4.34483e+00  1.44828e+00       2.700e+11  9.349441e-01 -1.638285e-02 -2.766862e-01  6.505588e-02
 4.75862e+00  1.44828e+00       2.554e+11  9.173997e-01 -4.988581e-02 -3.315596e-01  8.260031e-02
 5.17241e+00  1.44828e+00       2.923e+11  9.040988e-01 -4.136602e-02 -3.536833e-01  9.590118e-02
 5.58621e+00  1.44828e+00       2.599e+11  8.424761e-01 -3.207759e-02 -4.030251e-01  1.575239e-01
 6.00000e+00  1.44828e+00       1.776e+11  6.532345e-01 -2.438192e-02 -5.297963e-01  3.467655e-01
-6.00000e+00  1.86207e+00       2.030e+11  4.597244e-01  5.141814e-02  5.880378e-01  5.402756e-01
-5.58621e+00  1.86207e+00       2.810e+11  6.797303e-01 -5.007409e-02  4.863772e-01  3.202697e-01
-5.17241e+00  1.86207e+00       3.070e+11  8.083358e-01 -7.666282e-02  3.922727e-01  1.916642e-01
-4.75862e+00  1.86207e+00       2.554e+11  8.628975e-01 -7.639350e-02  3.504651e-01  1.371025e-01
-4.34483e+00  1.86207e+00       1.995e+11  8.666668e-01 -6.874162e-02  3.400556e-01  1.333332e-01
-3.93103e+00  1.86207e+00       2.729e+11  9.258496e-01 -3.625060e-02  2.156335e-01  7.415035e-02
-3.51724e+00  1.86207e+00       7.519e+11  9.815018e-01 -1.717485e-02  1.251147e-01  1.849822e-02
-3.10345e+00  1.86207e+00       1.642e+12  9.922292e-01 -1.606314e-02  1.046170e-01  7.770781e-03
-2.68966e+00  1.86207e+00       2.100e+12  9.941084e-01 -1.925401e-02  9.482005e-02  5.891596e-03
-2.27586e+00  1.86207e+00       1.709e+12  9.938012e-01 -2.780699e-02  8.905583e-02  6.198796e-03
-1.86207e+00  1.86207e+00       1.391e+12  9.912013e-01 -3.683293e-02  9.664690e-02  8.798724e-03
-1.44828e+00  1.86207e+00       1.670e+12  9.898538e-01 -2.695693e-02  1.033088e-01  1.014616e-02
-1.03448e+00  1.86207e+00       2.132e+12  9.913918e-01 -1.351877e-02  7.868189e-02  8.608176e-03
-6.20690e-01  1.86207e+00       2.598e+12  9.941463e-01 -1.426886e-02  2.713909e-02  5.853742e-03
-2.06897e-01  1.86207e+00       3.012e+12  9.957679e-01 -2.048969e-02 -1.828852e-02  4.232120e-03
 2.06897e-01  1.86207e+00       2.874e+12  9.953361e-01 -1.727486e-02 -5.104421e-02  4.663871e-03
 6.20690e-01  1.86207e+00       2.215e+12  9.928180e-01 -3.229369e-03 -8.689119e-02  7.182045e-03
 1.03448e+00  1.86207e+00       1.563e+12  9.885370e-01  1.034015e-02 -1.265172e-01  1.146300e-02
 1.44828e+00  1.86207e+00       1.035e+12  9.838517e-01  1.247214e-02 -1.542255e-01  1.614826e-02
 1.86207e+00  1.86207e+00       8.607e+11  9.834520e-01  1.043806e-02 -1.508348e-01  1.654802e-02
 2.27586e+00  1.86207e+00       1.395e+12  9.889650e-01  1.059495e-02 -1.280815e-01  1.103500e-02
 2.68966e+00  1.86207e+00       2.033e+12  9.910641e-01  1.263867e-02 -1.219589e-01  8.935850e-03
 3.10345e+00  1.86207e+00       1.744e+12  9.901431e-01  1.611721e-02 -1.258423e-01  9.856904e-03
 3.51724e+00  1.86207e+00       8.919e+11  9.816258e-01  2.036913e-02 -1.486965e-01  1.837423e-02
 3.93103e+00  1.86207e+00       3.727e+11  9.445929e-01  1.093004e-02 -2.352174e-01  5.540709e-02
 4.34483e+00  1.86207e+00       2.583e+11  8.975590e-01 -3.704154e-02 -3.498132e-01  1.024410e-01
 4.75862e+00  1.86207e+00       3.167e+11  8.841205e-01 -5.820374e-02 -3.936984e-01  1.158795e-01
 5.17241e+00  1.86207e+00       3.738e+11  8.429549e-01 -5.034951e-02 -4.410703e-01  1.570451e-01
 5.58621e+00  1.86207e+00       3.311e+11  7.361966e-01 -3.934307e-02 -5.378753e-01  2.638034e-01
 6.00000e+00  1.86207e+00       2.470e+11  5.692407e-01 -2.520347e-02 -6.656353e-01  4.307593e-01
-6.00000e+00  2.27586e+00       2.168e+11  2.380676e-01 -2.149052e-02  7.253048e-01  7.619324e-01
-5.58621e+00  2.27586e+00       2.866e+11  5.831690e-01 -3.140014e-02  5.756790e-01  4.168310e-01
-5.17241e+00  2.27586e+00       3.609e+11  7.568978e-01 -5.694999e-02  4.657396e-01  2.431022e-01
-4.75862e+00  2.27586e+00       3.337e+11  8.349783e-01 -7.780097e-02  3.984360e-01  1.650217e-01
-4.34483e+00  2.27586e+00       2.505e+11  8.463575e-01 -8.341892e-02  3.818066e-01  1.536425e-01
-3.93103e+00  2.27586e+00       2.036e+11  8.473136e-01 -6.282661e-02  3.300806e-01  1.526864e-01
-3.51724e+00  2.27586e+00       3.506e+11  9.439501e-01 -2.265794e-02  1.366413e-01  5.604992e-02
-3.10345e+00  2.27586e+00       9.634e+11  9.898908e-01 -1.499353e-02  5.625269e-02  1.010917e-02
-2.68966e+00  2.27586e+00       1.845e+12  9.966663e-01 -1.857828e-02  3.372332e-02  3.333724e-03
-2.27586e+00  2.27586e+00       2.064e+12  9.971854e-01 -2.548190e-02  1.935033e-02  2.814620e-03
-1.86207e+00  2.27586e+00       1.472e+12  9.952937e-01 -3.802677e-02  1.174807e-02  4.706250e-03
-1.44828e+00  2.27586e+00       9.881e+11  9.909747e-01 -5.487368e-02  1.714633e-02  9.025326e-03
-1.03448e+00  2.27586e+00       1.077e+12  9.900000e-01 -6.513787e-02  1.778054e-02  1.000003e-02
-6.20690e-01  2.27586e+00       1.548e+12  9.924936e-01 -6.330918e-02  7.004611e-03  7.506377e-03
-2.06897e-01  2.27586e+00       1.915e+12  9.938431e-01 -5.591948e-02 -1.106371e-02  6.156872e-03
 2.06897e-01  2.27586e+00       1.781e+12  9.927692e-01 -5.108620e-02 -3.826688e-02  7.230759e-03
 6.20690e-01  2.27586e+00       1.224e+12  9.882716e-01 -4.854002e-02 -7.287593e-02  1.172840e-02
 1.03448e+00  2.27586e+00       6.980e+11  9.798989e-01 -3.442411e-02 -1.091126e-01  2.010110e-02
 1.44828e+00  2.27586e+00       6.371e+11  9.813295e-01 -2.357516e-03 -9.484786e-02  1.867052e-02
 1.86207e+00  2.27586e+00       1.231e+12  9.924898e-01  8.716528e-03 -5.404449e-02  7.510221e-03
 2.27586e+00  2.27586e+00       2.003e+12  9.963056e-01  1.244337e-02 -4.579141e-02  3.694426e-03
 2.68966e+00  2.27586e+00       1.936e+12  9.962253e-01  1.650527e-02 -5.228034e-02  3.774749e-03
 3.10345e+00  2.27586e+00       1.109e+12  9.905385e-01  2.183168e-02 -7.615262e-02  9.461514e-03
 3.51724e+00  2.27586e+00       4.743e+11  9.602881e-01  2.275454e-02 -1.620184e-01  3.971189e-02
 3.93103e+00  2.27586e+00       2.790e+11  8.989859e-01 -1.521292e-02 -3.179071e-01  1.010141e-01
 4.34483e+00  2.27586e+00       3.072e+11  8.802032e-01 -5.952626e-02 -3.874271e-01  1.197968e-01
 4.75862e+00  2.27586e+00       4.016e+11  8.667946e-01 -6.030593e-02 -4.204681e-01  1.332054e-01
 5.17241e+00  2.27586e+00       4.128e+11  8.033281e-01 -5.137124e-02 -4.803576e-01  1.966719e-01
 5.58621e+00  2.27586e+00       3.255e+11  6.492259e-01 -5.300738e-02 -5.968330e-01  3.507741e-01
 6.00000e+00  2.27586e+00       2.575e+11  3.653248e-01 -4.476993e-02 -7.477271e-01  6.346752e-01
-6.00000e+00  2.68966e+00       3.292e+11  1.284838e-01  6.712242e-02  8.523501e-01  8.715162e-01
-5.58621e+00  2.68966e+00       3.124e+11  4.296550e-01  1.665518e-02  6.947883e-01  5.703450e-01
-5.17241e+00  2.68966e+00       3.900e+11  6.837145e-01 -3.483864e-02  5.241119e-01  3.162855e-01
-4.75862e+00  2.68966e+00       4.125e+11  8.106186e-01 -6.191348e-02  4.196834e-01  1.893814e-01
-4.34483e+00  2.68966e+00       3.388e+11  8.555240e-01 -7.729021e-02  3.756153e-01  1.444760e-01
-3.93103e+00  2.68966e+00       2.469e+11  8.359316e-01 -7.510738e-02  3.799192e-01  1.640684e-01
-3.51724e+00  2.68966e+00       1.972e+11  8.350137e-01 -4.655278e-02  2.891581e-01  1.649863e-01
-3.10345e+00  2.68966e+00       3.270e+11  9.429945e-01 -5.677961e-03  2.997127e-02  5.700549e-02
-2.68966e+00  2.68966e+00       8.734e+11  9.856717e-01 -7.149823e-03 -7.548163e-02  1.432834e-02
-2.27586e+00  2.68966e+00       1.683e+12  9.876967e-01 -1.730196e-02 -1.135803e-01  1.230326e-02
-1.86207e+00  2.68966e+00       1.929e+12  9.829061e-01 -3.083234e-02 -1.430264e-01  1.709389e-02
-1.44828e+00  2.68966e+00       1.375e+12  9.750961e-01 -5.311468e-02 -1.661803e-01  2.490392e-02
-1.03448e+00  2.68966e+00       8.300e+11  9.686241e-01 -8.531869e-02 -1.554116e-01  3.137588e-02
-6.20690e-01  2.68966e+00       6.661e+11  9.716857e-01 -9.831911e-02 -1.015736e-01  2.831434e-02
-2.06897e-01  2.68966e+00       6.284e+11  9.741992e-01 -8.808606e-02 -7.498365e-02  2.580084e-02
 2.06897e-01  2.68966e+00       5.464e+11  9.678818e-01 -8.195198e-02 -8.392712e-02  3.211817e-02
 6.20690e-01  2.68966e+00       4.705e+11  9.558929e-01 -7.277300e-02 -6.492782e-02  4.410706e-02
 1.03448e+00  2.68966e+00       6.516e+11  9.640347e-01 -2.750304e-02  5.861363e-02  3.596528e-02
 1.44828e+00  2.68966e+00       1.302e+12  9.800694e-01  2.632187e-03  1.235803e-01  1.993062e-02
 1.86207e+00  2.68966e+00       1.952e+12  9.869966e-01  1.336301e-02  1.228211e-01  1.300339e-02
 2.27586e+00  2.68966e+00       1.783e+12  9.898180e-01  1.968195e-02  1.011820e-01  1.018205e-02
 2.68966e+00  2.68966e+00       1.014e+12  9.878893e-01  2.656870e-02  5.696067e-02  1.211069e-02
 3.10345e+00  2.68966e+00       4.586e+11  9.636502e-01  3.247998e-02 -6.298627e-02  3.634977e-02
 3.51724e+00  2.68966e+00       2.864e+11  9.058178e-01  2.887093e-03 -2.618765e-01  9.418223e-02
 3.93103e+00  2.68966e+00       2.991e+11  8.842237e-01 -4.964372e-02 -3.510622e-01  1.157763e-01
 4.34483e+00  2.68966e+00       4.042e+11  8.862525e-01 -6.226586e-02 -3.817455e-01  1.137475e-01
 4.75862e+00  2.68966e+00       4.811e+11  8.538088e-01 -5.180923e-02 -4.272136e-01  1.461912e-01
 5.17241e+00  2.68966e+00       4.205e+11  7.459079e-01 -4.554837e-02 -5.163431e-01  2.540921e-01
 5.58621e+00  2.68966e+00       3.102e+11  5.107267e-01 -3.744688e-02 -6.713257e-01  4.892733e-01
 6.00000e+00  2.68966e+00       2.824e+11  1.516915e-01 -1.287722e-02 -8.150038e-01  8.483085e-01
-6.00000e+00  3.10345e+00       4.664e+11  1.077422e-01  1.030294e-01  8.902290e-01  8.922578e-01
-5.58621e+00  3.10345e+00       3.666e+11  3.095240e-01  6.572386e-02  8.044351e-01  6.904760e-01
-5.17241e+00  3.10345e+00       4.068e+11  5.755365e-01 -1.686414e-02  6.147702e-01  4.244635e-01
-4.75862e+00  3.10345e+00       4.773e+11  7.612901e-01 -5.387832e-02  4.529821e-01  2.387099e-01
-4.34483e+00  3.10345e+00       4.460e+11  8.574560e-01 -6.779398e-02  3.543551e-01  1.425440e-01
-3.93103e+00  3.10345e+00       3.495e+11  8.791242e-01 -7.260190e-02  3.313193e-01  1.208758e-01
-3.51724e+00  3.10345e+00       2.530e+11  8.388440e-01 -6.471742e-02  3.510629e-01  1.611560e-01
-3.10345e+00  3.10345e+00       1.771e+11  8.080230e-01 -3.270841e-02  2.666799e-01  1.919770e-01
-2.68966e+00  3.10345e+00       1.902e+11  8.799989e-01  3.417034e-02 -5.861419e-02  1.200011e-01
-2.27586e+00  3.10345e+00       4.191e+11  9.216421e-01  3.451968e-02 -2.892609e-01  7.835790e-02
-1.86207e+00  3.10345e+00       9.192e+11  8.976448e-01  1.437221e-02 -3.891318e-01  1.023552e-01
-1.44828e+00  3.10345e+00       1.380e+12  8.524843e-01 -1.236916e-02 -4.643484e-01  1.475157e-01
-1.03448e+00  3.10345e+00       1.323e+12  7.811365e-01 -6.432007e-02 -5.259744e-01  2.188635e-01
-6.20690e-01  3.10345e+00       8.575e+11  6.575819e-01 -1.653846e-01 -5.185131e-01  3.424181e-01
-2.06897e-01  3.10345e+00       5.007e+11  4.882759e-01 -2.999255e-01 -1.985831e-01  5.117241e-01
 2.06897e-01  3.10345e+00       5.053e+11  5.083534e-01 -2.510925e-01  4.139022e-01  4.916466e-01
 6.20690e-01  3.10345e+00       8.480e+11  6.719080e-01 -9.424832e-02  5.968765e-01  3.280920e-01
 1.03448e+00  3.10345e+00       1.294e+12  7.821204e-01 -1.015081e-02  5.535442e-01  2.178796e-01
 1.44828e+00  3.10345e+00       1.389e+12  8.499807e-01  2.258639e-02  4.740257e-01  1.500193e-01
 1.86207e+00  3.10345e+00       9.990e+11  8.976065e-01  3.380773e-02  3.808781e-01  1.023935e-01
 2.27586e+00  3.10345e+00       5.366e+11  9.319159e-01  4.434980e-02  2.488010e-01  6.808413e-02
 2.68966e+00  3.10345e+00       3.095e+11  9.351202e-01  5.195072e-02  1.912127e-02  6.487978e-02
 3.10345e+00  3.10345e+00       2.677e+11  9.048951e-01  1.438450e-02 -2.080224e-01  9.510494e-02
 3.51724e+00  3.10345e+00       2.974e+11  8.950130e-01 -4.065892e-02 -2.852406e-01  1.049870e-01
 3.93103e+00  3.10345e+00       4.026e+11  9.076192e-01 -6.163488e-02 -3.118441e-01  9.238075e-02
 4.34483e+00  3.10345e+00       5.343e+11  8.934390e-01 -5.386196e-02 -3.606305e-01  1.065610e-01
 4.75862e+00  3.10345e+00       5.358e+11  8.215879e-01 -4.771633e-02 -4.427940e-01  1.784121e-01
 5.17241e+00  3.10345e+00       4.169e+11  6.570215e-01 -4.611823e-02 -5.850400e-01  3.429785e-01
 5.58621e+00  3.10345e+00       3.201e+11  3.912746e-01 -2.377872e-02 -7.535909e-01  6.087254e-01
 6.00000e+00  3.10345e+00       3.512e+11  7.071334e-02 -5.371575e-03 -8.537665e-01  9.292867e-01
-6.00000e+00  3.51724e+00       6.188e+11  4.795523e-02  4.271460e-02  8.978507e-01  9.520448e-01
-5.58621e+00  3.51724e+00       4.247e+11  2.119499e-01  7.778196e-02  8.495286e-01  7.880501e-01
-5.17241e+00  3.51724e+00       3.931e+11  4.406686e-01  2.551278e-02  7.114056e-01  5.593314e-01
-4.75862e+00  3.51724e+00       4.846e+11  6.799409e-01 -3.382631e-02  5.116779e-01  3.200591e-01
-4.34483e+00  3.51724e+00       5.396e+11  8.324434e-01 -5.476377e-02  3.516674e-01  1.675566e-01
-3.93103e+00  3.51724e+00       4.793e+11  9.065563e-01 -6.638270e-02  2.585291e-01  9.344366e-02
-3.51724e+00  3.51724e+00       3.754e+11  9.119648e-01 -6.527607e-02  2.490188e-01  8.803518e-02
-3.10345e+00  3.51724e+00       2.766e+11  8.609508e-01 -5.260586e-02  2.823698e-01  1.390492e-01
-2.68966e+00  3.51724e+00       1.800e+11  7.904364e-01 -2.890254e-02  2.417260e-01  2.095636e-01
-2.27586e+00  3.51724e+00       1.162e+11  7.518334e-01  8.416774e-02 -6.230126e-03  2.481666e-01
-1.86207e+00  3.51724e+00       1.067e+11  7.479857e-01  1.933711e-01 -3.617762e-01  2.520143e-01
-1.44828e+00  3.51724e+00       1.257e+11  6.501399e-01  1.794353e-01 -5.842486e-01  3.498601e-01
-1.03448e+00  3.51724e+00       1.513e+11  3.930665e-01  1.724716e-01 -7.042263e-01  6.069335e-01
-6.20690e-01  3.51724e+00       1.798e+11  2.637013e-02  2.062097e-01 -6.376826e-01  9.736299e-01
-2.06897e-01  3.51724e+00       1.994e+11 -2.668735e-01  2.262912e-01 -2.834374e-01  7.331265e-01
 2.06897e-01  3.51724e+00       2.068e+11 -2.440709e-01  1.875777e-01  2.316507e-01  7.559291e-01
 6.20690e-01  3.51724e+00       2.113e+11  1.284503e-01  1.251762e-01  5.536479e-01  8.715497e-01
 1.03448e+00  3.51724e+00       2.159e+11  5.383917e-01  1.024265e-01  5.733123e-01  4.616083e-01
 1.44828e+00  3.51724e+00       2.083e+11  7.571723e-01  1.095855e-01  4.775179e-01  2.428277e-01
 1.86207e+00  3.51724e+00       1.939e+11  8.462234e-01  1.169342e-01  3.007646e-01  1.537766e-01
 2.27586e+00  3.51724e+00       2.133e+11  8.940417e-01  8.206654e-02  2.720596e-02  1.059583e-01
 2.68966e+00  3.51724e+00       2.576e+11  9.042832e-01  1.476692e-02 -1.424803e-01  9.571678e-02
 3.10345e+00  3.51724e+00       2.981e+11  9.077099e-01 -3.791274e-02 -1.808396e-01  9.229010e-02
 3.51724e+00  3.51724e+00       4.059e+11  9.312115e-01 -5.791561e-02 -2.006727e-01  6.878849e-02
 3.93103e+00  3.51724e+00       5.724e+11  9.338627e-01 -5.148807e-02 -2.543477e-01  6.613728e-02
 4.34483e+00  3.51724e+00       6.195e+11  8.855986e-01 -4.444021e-02 -3.377352e-01  1.144014e-01
 4.75862e+00  3.51724e+00       5.209e+11  7.553640e-01 -4.395387e-02 -4.901037e-01  2.446360e-01
 5.17241e+00  3.51724e+00       4.192e+11  5.588358e-01 -3.132389e-02 -6.858892e-01  4.411642e-01
 5.58621e+00  3.51724e+00       4.106e+11  3.324684e-01 -3.630896e-03 -8.194015e-01  6.675316e-01
 6.00000e+00  3.51724e+00       5.771e+11  6.718168e-02 -8.599067e-03 -8.929508e-01  9.328183e-01
-6.00000e+00  3.93103e+00       9.368e+11  7.715980e-02  1.481314e-02  9.239796e-01  9.228402e-01
-5.58621e+00  3.93103e+00       6.327e+11  2.144319e-01  6.363126e-02  8.829063e-01  7.855681e-01
-5.17241e+00  3.93103e+00       4.452e+11  3.584701e-01  7.618358e-02  8.104353e-01  6.415299e-01
-4.75862e+00  3.93103e+00       4.468e+11  5.667087e-01  5.466814e-03  6.303453e-01  4.332913e-01
-4.34483e+00  3.93103e+00       5.535e+11  7.662585e-01 -4.257328e-02  4.036756e-01  2.337415e-01
-3.93103e+00  3.93103e+00       5.943e+11  8.876681e-01 -5.720198e-02  2.253702e-01  1.123319e-01
-3.51724e+00  3.93103e+00       5.185e+11  9.445737e-01 -6.632382e-02  1.177956e-01  5.542625e-02
-3.10345e+00  3.93103e+00       4.133e+11  9.492474e-01 -5.670469e-02  1.011355e-01  5.075256e-02
-2.68966e+00  3.93103e+00       3.234e+11  9.034240e-01 -3.474097e-02  1.506680e-01  9.657596e-02
-2.27586e+00  3.93103e+00       2.254e+11  8.114831e-01 -4.182820e-02  1.807857e-01  1.885169e-01
-1.86207e+00  3.93103e+00       1.316e+11  6.675459e-01  1.188757e-02  1.079161e-01  3.324541e-01
-1.44828e+00  3.93103e+00       7.797e+10  5.031416e-01  2.971802e-01 -1.191267e-01  4.968584e-01
-1.03448e+00  3.93103e+00       5.944e+10  4.017564e-01  5.655851e-01 -3.619604e-01  5.982436e-01
-6.20690e-01  3.93103e+00       5.523e+10  2.824896e-01  5.786689e-01 -4.872770e-01  7.175104e-01
-2.06897e-01  3.93103e+00       5.397e+10  1.047137e-01  5.184116e-01 -4.626715e-01  8.952863e-01
 2.06897e-01  3.93103e+00       5.480e+10  5.358161e-02  4.989537e-01 -2.315024e-01  9.464184e-01
 6.20690e-01  3.93103e+00       6.509e+10  2.901607e-01  4.914250e-01  1.051218e-01  7.098393e-01
 1.03448e+00  3.93103e+00       9.368e+10  6.080861e-01  3.946710e-01  2.702244e-01  3.919139e-01
 1.44828e+00  3.93103e+00       1.498e+11  8.103535e-01  2.109117e-01  1.913831e-01  1.896465e-01
 1.86207e+00  3.93103e+00       2.235e+11  8.891321e-01  5.801730e-02  5.267159e-02  1.108679e-01
 2.27586e+00  3.93103e+00       2.653e+11  8.933802e-01 -1.491677e-02 -1.346713e-02  1.066198e-01
 2.68966e+00  3.93103e+00       2.919e+11  8.974555e-01 -4.119690e-02 -8.796776e-03  1.025445e-01
 3.10345e+00  3.93103e+00       4.211e+11  9.432213e-01 -5.115652e-02 -3.627510e-02  5.677866e-02
 3.51724e+00  3.93103e+00       6.215e+11  9.630136e-01 -4.763322e-02 -1.073021e-01  3.698642e-02
 3.93103e+00  3.93103e+00       6.868e+11  9.341156e-01 -4.400246e-02 -1.999029e-01  6.588437e-02
 4.34483e+00  3.93103e+00       5.856e+11  8.334436e-01 -4.765820e-02 -3.630407e-01  1.665564e-01
 4.75862e+00  3.93103e+00       4.724e+11  6.679100e-01 -4.133647e-02 -5.877101e-01  3.320900e-01
 5.17241e+00  3.93103e+00       4.365e+11  4.943677e-01 -9.098034e-03 -7.526008e-01  5.056323e-01
 5.58621e+00  3.93103e+00       5.558e+11  2.660221e-01 -1.657338e-03 -8.573946e-01  7.339779e-01
 6.00000e+00  3.93103e+00       8.927e+11  5.948985e-02 -1.704510e-02 -9.283049e-01  9.405101e-01
-6.00000e+00  4.34483e+00       1.320e+12  1.297378e-01 -4.403900e-03  9.415671e-01  8.702622e-01
-5.58621e+00  4.34483e+00       9.871e+11  2.519905e-01  2.851086e-02  8.946849e-01  7.480095e-01
-5.17241e+00  4.34483e+00       6.515e+11  3.736970e-01  7.854966e-02  8.387825e-01  6.263030e-01
-4.75862e+00  4.34483e+00       4.613e+11  4.879941e-01  7.451748e-02  7.520075e-01  5.120059e-01
-4.34483e+00  4.34483e+00       4.735e+11  6.593677e-01 -4.000085e-03  5.443893e-01  3.406323e-01
-3.93103e+00  4.34483e+00       5.858e+11  8.208850e-01 -4.766533e-02  2.807671e-01  1.791150e-01
-3.51724e+00  4.34483e+00       6.327e+11  9.133432e-01 -5.836709e-02  6.526194e-02  8.665682e-02
-3.10345e+00  4.34483e+00       5.610e+11  9.500525e-01 -6.793229e-02 -8.121085e-02  4.994749e-02
-2.68966e+00  4.34483e+00       4.511e+11  9.553615e-01 -6.176771e-02 -1.450440e-01  4.463847e-02
-2.27586e+00  4.34483e+00       3.712e+11  9.371071e-01 -9.430935e-03 -1.178917e-01  6.289285e-02
-1.86207e+00  4.34483e+00       3.159e+11  8.822613e-01  1.609207e-02 -3.126222e-02  1.177387e-01
-1.44828e+00  4.34483e+00       2.418e+11  7.647363e-01 -6.162769e-02  7.500089e-02  2.352637e-01
-1.03448e+00  4.34483e+00       1.553e+11  5.730845e-01 -2.047073e-01  1.882108e-01  4.269155e-01
-6.20690e-01  4.34483e+00       1.004e+11  4.413101e-01 -2.700510e-01  3.360075e-01  5.586899e-01
-2.06897e-01  4.34483e+00       8.817e+10  5.463205e-01 -1.677063e-01  4.881671e-01  4.536795e-01
 2.06897e-01  4.34483e+00       1.134e+11  7.070486e-01 -9.069944e-02  5.101853e-01  2.929514e-01
 6.20690e-01  4.34483e+00       1.722e+11  7.858991e-01 -9.715777e-02  4.265792e-01  2.141009e-01
 1.03448e+00  4.34483e+00       2.315e+11  8.050412e-01 -1.053310e-01  3.081327e-01  1.949588e-01
 1.44828e+00  4.34483e+00       2.395e+11  7.706114e-01 -7.479332e-02  2.028856e-01  2.293886e-01
 1.86207e+00  4.34483e+00       2.189e+11  7.253151e-01 -1.287884e-02  1.934912e-01  2.746849e-01
 2.27586e+00  4.34483e+00       2.789e+11  8.132358e-01 -1.414106e-02  2.421311e-01  1.867642e-01
 2.68966e+00  4.34483e+00       4.773e+11  9.251659e-01 -4.094373e-02  1.839770e-01  7.483406e-02
 3.10345e+00  4.34483e+00       6.855e+11  9.650340e-01 -4.344619e-02  9.128868e-02  3.496601e-02
 3.51724e+00  4.34483e+00       7.157e+11  9.538818e-01 -4.494836e-02 -2.308124e-02  4.611820e-02
 3.93103e+00  4.34483e+00       5.980e+11  8.783249e-01 -5.423523e-02 -2.198136e-01  1.216751e-01
 4.34483e+00  4.34483e+00       4.922e+11  7.470491e-01 -5.058963e-02 -4.822079e-01  2.529509e-01
 4.75862e+00  4.34483e+00       4.567e+11  6.218260e-01 -1.371030e-02 -6.647154e-01  3.781740e-01
 5.17241e+00  4.34483e+00       5.452e+11  4.487349e-01  3.569728e-03 -7.850499e-01  5.512651e-01
 5.58621e+00  4.34483e+00       8.721e+11  2.406457e-01 -1.424917e-02 -8.935913e-01  7.593543e-01
 6.00000e+00  4.34483e+00       1.332e+12  1.064772e-01 -1.729703e-02 -9.515098e-01  8.935228e-01
-6.00000e+00  4.75862e+00       1.657e+12  2.005521e-01 -1.162178e-02  9.473611e-01  7.994479e-01
-5.58621e+00  4.75862e+00       1.428e+12  3.031693e-01  9.371323e-04  8.997609e-01  6.968307e-01
-5.17241e+00  4.75862e+00       1.051e+12  4.232854e-01  3.894537e-02  8.316536e-01  5.767146e-01
-4.75862e+00  4.75862e+00       6.843e+11  5.253431e-01  8.999243e-02  7.628132e-01  4.746569e-01
-4.34483e+00  4.75862e+00       4.659e+11  6.021374e-01  8.359834e-02  6.802837e-01  3.978626e-01
-3.93103e+00  4.75862e+00       4.548e+11  7.196302e-01 -1.771017e-04  4.765324e-01  2.803698e-01
-3.51724e+00  4.75862e+00       5.556e+11  8.348573e-01 -5.145417e-02  1.697499e-01  1.651427e-01
-3.10345e+00  4.75862e+00       6.267e+11  8.888080e-01 -6.108811e-02 -1.100989e-01  1.111920e-01
-2.68966e+00  4.75862e+00       5.895e+11  8.818270e-01 -6.535450e-02 -3.192796e-01  1.181730e-01
-2.27586e+00  4.75862e+00       4.869e+11  8.396813e-01 -8.195390e-02 -4.681976e-01  1.603187e-01
-1.86207e+00  4.75862e+00       3.832e+11  7.959830e-01 -7.490138e-02 -5.470960e-01  2.040170e-01
-1.44828e+00  4.75862e+00       2.922e+11  7.526760e-01 -1.029652e-02 -5.494436e-01  2.473240e-01
-1.03448e+00  4.75862e+00       2.193e+11  6.444826e-01  1.507866e-01 -4.994740e-01  3.555174e-01
-6.20690e-01  4.75862e+00       1.901e+11  4.429813e-01  4.032740e-01 -4.656797e-01  5.570187e-01
-2.06897e-01  4.75862e+00       1.909e+11  2.823061e-01  5.619418e-01 -4.402352e-01  7.176939e-01
 2.06897e-01  4.75862e+00       1.782e+11  1.929309e-01  6.036485e-01 -3.294030e-01  8.070691e-01
 6.20690e-01  4.75862e+00       1.477e+11  1.530875e-01  5.259071e-01 -7.934064e-02  8.469125e-01
 1.03448e+00  4.75862e+00       1.379e+11  2.009434e-01  2.549744e-01  3.204499e-01  7.990566e-01
 1.44828e+00  4.75862e+00       2.046e+11  4.372569e-01  1.897902e-02  5.849729e-01  5.627431e-01
 1.86207e+00  4.75862e+00       3.779e+11  6.884564e-01 -3.773562e-02  5.665111e-01  3.115436e-01
 2.27586e+00  4.75862e+00       5.941e+11  8.310463e-01 -4.442152e-02  4.627736e-01  1.689537e-01
 2.68966e+00  4.75862e+00       7.073e+11  9.004530e-01 -4.523298e-02  3.425888e-01  9.954697e-02
 3.10345e+00  4.75862e+00       6.527e+11  9.189620e-01 -5.464182e-02  1.813522e-01  8.103799e-02
 3.51724e+00  4.75862e+00       5.350e+11  8.777349e-01 -7.091258e-02 -8.603204e-02  1.222651e-01
 3.93103e+00  4.75862e+00       4.680e+11  7.968461e-01 -6.054038e-02 -3.863972e-01  2.031539e-01
 4.34483e+00  4.75862e+00       4.585e+11  7.250581e-01 -1.182136e-02 -5.587421e-01  2.749419e-01
 4.75862e+00  4.75862e+00       5.409e+11  6.046659e-01  8.898516e-03 -6.789493e-01  3.953341e-01
 5.17241e+00  4.75862e+00       8.554e+11  4.159119e-01 -1.253864e-02 -8.232760e-01  5.840881e-01
 5.58621e+00  4.75862e+00       1.382e+12  2.766135e-01 -1.825594e-02 -9.143903e-01  7.233865e-01
 6.00000e+00  4.75862e+00       1.752e+12  1.867717e-01 -7.554183e-03 -9.559077e-01  8.132283e-01
-6.00000e+00  5.17241e+00       1.847e+12  2.833965e-01 -1.047480e-02  9.386019e-01  7.166035e-01
-5.58621e+00  5.17241e+00       1.800e+12  3.685428e-01 -1.033193e-02  8.946058e-01  6.314572e-01
-5.17241e+00  5.17241e+00       1.534e+12  4.722536e-01  4.000681e-03  8.238348e-01  5.277464e-01
-4.75862e+00  5.17241e+00       1.145e+12  5.848777e-01  4.324462e-02  7.311449e-01  4.151223e-01
-4.34483e+00  5.17241e+00       7.471e+11  6.701171e-01  9.765084e-02  6.462652e-01  3.298829e-01
-3.93103e+00  5.17241e+00       4.701e+11  7.122134e-01  1.079611e-01  5.797936e-01  2.877866e-01
-3.51724e+00  5.17241e+00       3.975e+11  7.687972e-01  2.666036e-02  4.410710e-01  2.312028e-01
-3.10345e+00  5.17241e+00       4.477e+11  8.192198e-01 -4.868817e-02  1.484167e-01  1.807802e-01
-2.68966e+00  5.17241e+00       5.194e+11  8.032461e-01 -7.845056e-02 -2.222139e-01  1.967539e-01
-2.27586e+00  5.17241e+00       5.442e+11  7.179016e-01 -7.003528e-02 -5.185861e-01  2.820984e-01
-1.86207e+00  5.17241e+00       4.847e+11  5.544510e-01 -6.110184e-02 -7.203648e-01  4.455490e-01
-1.44828e+00  5.17241e+00       4.112e+11  2.969869e-01 -9.908656e-02 -8.584675e-01  7.030131e-01
-1.03448e+00  5.17241e+00       3.651e+11  1.714113e-02 -1.603793e-01 -8.897643e-01  9.828589e-01
-6.20690e-01  5.17241e+00       3.048e+11 -2.551171e-01 -1.960539e-01 -7.694455e-01  7.448829e-01
-2.06897e-01  5.17241e+00       2.450e+11 -5.247280e-01 -2.022475e-01 -3.832016e-01  4.752720e-01
 2.06897e-01  5.17241e+00       2.439e+11 -5.945878e-01 -1.847287e-01  2.470281e-01  4.054122e-01
 6.20690e-01  5.17241e+00       3.102e+11 -3.748414e-01 -1.570883e-01  6.900751e-01  6.251586e-01
 1.03448e+00  5.17241e+00       4.047e+11 -3.599198e-02 -1.176047e-01  8.445006e-01  9.640080e-01
 1.44828e+00  5.17241e+00       4.998e+11  3.179670e-01 -7.397560e-02  8.259952e-01  6.820330e-01
 1.86207e+00  5.17241e+00       5.658e+11  5.800855e-01 -5.486287e-02  7.273495e-01  4.199145e-01
 2.27586e+00  5.17241e+00       5.487e+11  7.271471e-01 -6.593276e-02  5.851571e-01  2.728529e-01
 2.68966e+00  5.17241e+00       4.686e+11  8.060284e-01 -9.294815e-02  3.360785e-01  1.939716e-01
 3.10345e+00  5.17241e+00       4.147e+11  8.368937e-01 -1.052085e-01 -3.066423e-02  1.631063e-01
 3.51724e+00  5.17241e+00       4.154e+11  8.317259e-01 -6.007098e-02 -3.056124e-01  1.682741e-01
 3.93103e+00  5.17241e+00       4.438e+11  8.127649e-01  5.700750e-03 -4.207852e-01  1.872351e-01
 4.34483e+00  5.17241e+00       5.390e+11  7.315501e-01  1.457996e-02 -5.380700e-01  2.684499e-01
 4.75862e+00  5.17241e+00       8.590e+11  5.727004e-01 -1.429454e-02 -7.206596e-01  4.272996e-01
 5.17241e+00  5.17241e+00       1.430e+12  4.432396e-01 -1.920745e-02 -8.453593e-01  5.567604e-01
 5.58621e+00  5.17241e+00       1.907e+12  3.548840e-01 -7.036255e-03 -9.076166e-01  6.451160e-01
 6.00000e+00  5.17241e+00       1.956e+12  2.800969e-01  4.673900e-03 -9.421097e-01  7.199031e-01
-6.00000e+00  5.58621e+00       1.887e+12  3.842244e-01 -6.191512e-03  9.097313e-01  6.157756e-01
-5.58621e+00  5.58621e+00       2.002e+12  4.447352e-01 -9.823131e-03  8.746228e-01  5.552648e-01
-5.17241e+00  5.58621e+00       1.894e+12  5.294433e-01 -9.439540e-03  8.102549e-01  4.705567e-01
-4.75862e+00  5.58621e+00       1.633e+12  6.272249e-01  3.745402e-03  7.136430e-01  3.727751e-01
-4.34483e+00  5.58621e+00       1.272e+12  7.273247e-01  3.948470e-02  5.908745e-01  2.726753e-01
-3.93103e+00  5.58621e+00       8.679e+11  8.010442e-01  9.609121e-02  4.773251e-01  1.989558e-01
-3.51724e+00  5.58621e+00       5.155e+11  8.214639e-01  1.393579e-01  4.089572e-01  1.785361e-01
-3.10345e+00  5.58621e+00       3.459e+11  8.293306e-01  9.363993e-02  3.486245e-01  1.706694e-01
-2.68966e+00  5.58621e+00       3.302e+11  8.604629e-01 -2.096835e-03  2.114500e-01  1.395371e-01
-2.27586e+00  5.58621e+00       3.368e+11  8.120712e-01 -7.849860e-02 -3.504832e-02  1.879288e-01
-1.86207e+00  5.58621e+00       3.337e+11  5.883141e-01 -1.400574e-01 -3.997737e-01  4.116859e-01
-1.44828e+00  5.58621e+00       3.477e+11  2.129888e-01 -1.662549e-01 -7.142154e-01  7.870112e-01
-1.03448e+00  5.58621e+00       3.614e+11 -1.499815e-01 -1.381753e-01 -7.948751e-01  8.500185e-01
-6.20690e-01  5.58621e+00       3.397e+11 -4.619276e-01 -6.298029e-02 -6.165333e-01  5.380724e-01
-2.06897e-01  5.58621e+00       3.043e+11 -6.862912e-01  8.419807e-03 -1.853925e-01  3.137088e-01
 2.06897e-01  5.58621e+00       2.964e+11 -6.739265e-01  1.386289e-02  3.450137e-01  3.260735e-01
 6.20690e-01  5.58621e+00       3.202e+11 -4.393568e-01 -4.461789e-02  7.174135e-01  5.606432e-01
 1.03448e+00  5.58621e+00       3.390e+11 -1.585909e-01 -1.113936e-01  8.668870e-01  8.414091e-01
 1.44828e+00  5.58621e+00       3.122e+11  1.132644e-01 -1.589441e-01  8.312797e-01  8.867356e-01
 1.86207e+00  5.58621e+00       2.727e+11  4.334456e-01 -1.973285e-01  5.718842e-01  5.665544e-01
 2.27586e+00  5.58621e+00       2.767e+11  7.062239e-01 -1.957875e-01  1.896628e-01  2.937761e-01
 2.68966e+00  5.58621e+00       3.180e+11  8.233769e-01 -1.145095e-01 -6.995179e-02  1.766231e-01
 3.10345e+00  5.58621e+00       3.731e+11  8.681794e-01 -6.783195e-03 -1.712898e-01  1.318206e-01
 3.51724e+00  5.58621e+00       4.253e+11  8.791531e-01  4.035075e-02 -2.156931e-01  1.208469e-01
 3.93103e+00  5.58621e+00       5.431e+11  8.220853e-01  1.162229e-02 -3.640541e-01  1.779147e-01
 4.34483e+00  5.58621e+00       8.983e+11  7.027541e-01 -2.075513e-02 -5.937730e-01  2.972459e-01
 4.75862e+00  5.58621e+00       1.504e+12  5.986447e-01 -1.877411e-02 -7.451840e-01  4.013553e-01
 5.17241e+00  5.58621e+00       2.036e+12  5.196084e-01 -3.629512e-03 -8.263273e-01  4.803916e-01
 5.58621e+00  5.58621e+00       2.158e+12  4.483533e-01  7.626884e-03 -8.764889e-01  5.516467e-01
 6.00000e+00  5.58621e+00       1.902e+12  3.791031e-01  8.590072e-03 -9.112139e-01  6.208969e-01
-6.00000e+00  6.00000e+00       1.725e+12  5.055955e-01 -4.286294e-03  8.502163e-01  4.944045e-01
-5.58621e+00  6.00000e+00       2.077e+12  5.464872e-01 -5.401888e-03  8.251349e-01  4.535128e-01
-5.17241e+00  6.00000e+00       2.097e+12  5.987171e-01 -8.861113e-03  7.810751e-01  4.012829e-01
-4.75862e+00  6.00000e+00       1.923e+12  6.741610e-01 -8.667953e-03  6.978860e-01  3.258390e-01
-4.34483e+00  6.00000e+00       1.687e+12  7.579570e-01  1.069161e-03  5.741725e-01  2.420430e-01
-3.93103e+00  6.00000e+00       1.394e+12  8.356472e-01  2.789748e-02  4.179024e-01  1.643528e-01
-3.51724e+00  6.00000e+00       1.049e+12  8.937231e-01  7.689048e-02  2.556942e-01  1.062769e-01
-3.10345e+00  6.00000e+00       6.749e+11  9.079219e-01  1.426988e-01  1.420979e-01  9.207807e-02
-2.68966e+00  6.00000e+00       3.757e+11  8.655631e-01  1.868428e-01  1.073861e-01  1.344369e-01
-2.27586e+00  6.00000e+00       2.461e+11  8.240172e-01  1.290307e-01  6.518062e-02  1.759828e-01
-1.86207e+00  6.00000e+00       2.468e+11  8.671641e-01  4.389490e-02 -6.045379e-02  1.328359e-01
-1.44828e+00  6.00000e+00       2.508e+11  8.818270e-01  2.632773e-03 -1.220773e-01  1.181730e-01
-1.03448e+00  6.00000e+00       1.982e+11  7.659154e-01 -1.114312e-01 -1.415550e-01  2.340846e-01
-6.20690e-01  6.00000e+00       1.461e+11  4.237726e-01 -3.880985e-01 -1.992452e-01  5.762274e-01
-2.06897e-01  6.00000e+00       1.307e+11  6.346011e-02 -6.301893e-01 -2.005220e-01  9.365399e-01
 2.06897e-01  6.00000e+00       1.329e+11 -1.097815e-02 -6.566013e-01 -2.398272e-02  9.890218e-01
 6.20690e-01  6.00000e+00       1.401e+11  1.929851e-01 -5.238165e-01  1.518677e-01  8.070149e-01
 1.03448e+00  6.00000e+00       1.532e+11  4.600722e-01 -3.478692e-01  1.211123e-01  5.399278e-01
 1.44828e+00  6.00000e+00       1.781e+11  6.107207e-01 -2.050731e-01  1.333413e-02  3.892793e-01
 1.86207e+00  6.00000e+00       2.323e+11  7.213968e-01 -5.378634e-02  2.878287e-02  2.786032e-01
 2.27586e+00  6.00000e+00       3.048e+11  8.148588e-01  6.163630e-02  9.888268e-02  1.851412e-01
 2.68966e+00  6.00000e+00       3.525e+11  8.588510e-01  8.723468e-02  1.349548e-01  1.411490e-01
 3.10345e+00  6.00000e+00       4.022e+11  8.792341e-01  4.258903e-02  6.251012e-02  1.207659e-01
 3.51724e+00  6.00000e+00       5.752e+11  8.659794e-01 -1.359813e-02 -1.870627e-01  1.340206e-01
 3.93103e+00  6.00000e+00       9.978e+11  8.056024e-01 -2.713498e-02 -4.515351e-01  1.943976e-01
 4.34483e+00  6.00000e+00       1.621e+12  7.377040e-01 -1.306480e-02 -6.145985e-01  2.622960e-01
 4.75862e+00  6.00000e+00       2.150e+12  6.750807e-01  4.339251e-03 -7.096208e-01  3.249193e-01
 5.17241e+00  6.00000e+00       2.297e+12  6.119751e-01  1.221968e-02 -7.742859e-01  3.880249e-01
 5.58621e+00  6.00000e+00       2.070e+12  5.468568e-01  8.856317e-03 -8.235618e-01  4.531432e-01
 6.00000e+00  6.00000e+00       1.746e+12  4.852515e-01  5.986867e-03 -8.591075e-01  5.147485e-01
