 EB(GeV)    EMITTANCEx EMITTANCEy SIZEx(m)   SIZEy(m)   DIVx(rad)  DIVy(rad)
 1.500e+00  5.941e-09  5.941e-11  1.840e-04  1.299e-05  3.228e-05  4.574e-06
 betax      alphax     betay      alphay     eta        deta       E_spread  
 5.700e+00  0.000e+00  2.840e+00  0.000e+00  0.000e+00  0.000e+00  1.000e-03
 Ibeam(A) 
  2.000e-01


           x            y       F.Density            PL            PC          PL45        1-|PL|
          mm           mm  ph/s/mm^2/0.1%             -             -             -             -
-6.00000e+00 -6.00000e+00       1.262e+12  6.084430e-01  1.360052e-02 -7.640882e-01  3.915570e-01
-5.58621e+00 -6.00000e+00       1.727e+12  6.692094e-01  1.004917e-02 -7.145299e-01  3.307906e-01
-5.17241e+00 -6.00000e+00       2.379e+12  7.173336e-01  5.815390e-03 -6.738963e-01  2.826664e-01
-4.75862e+00 -6.00000e+00       2.700e+12  7.501069e-01  1.312924e-03 -6.377764e-01  2.498931e-01
-4.34483e+00 -6.00000e+00       2.422e+12  7.877759e-01 -7.648140e-03 -5.760658e-01  2.122241e-01
-3.93103e+00 -6.00000e+00       1.931e+12  8.388071e-01 -2.037546e-02 -4.550839e-01  1.611929e-01
-3.51724e+00 -6.00000e+00       1.571e+12  8.875390e-01 -2.666245e-02 -2.656620e-01  1.124610e-01
-3.10345e+00 -6.00000e+00       1.316e+12  9.118204e-01 -2.669851e-02 -4.969414e-02  8.817964e-02
-2.68966e+00 -6.00000e+00       1.016e+12  9.016213e-01 -3.743596e-02  1.365902e-01  9.837865e-02
-2.27586e+00 -6.00000e+00       6.539e+11  8.559464e-01 -6.212960e-02  2.633405e-01  1.440536e-01
-1.86207e+00 -6.00000e+00       3.791e+11  7.818889e-01 -9.138362e-02  2.918873e-01  2.181111e-01
-1.44828e+00 -6.00000e+00       2.497e+11  6.581969e-01 -1.878950e-01  1.754293e-01  3.418031e-01
-1.03448e+00 -6.00000e+00       2.083e+11  4.559995e-01 -4.179829e-01  7.439035e-02  5.440005e-01
-6.20690e-01 -6.00000e+00       2.078e+11  3.302121e-01 -6.119586e-01  9.873154e-02  6.697879e-01
-2.06897e-01 -6.00000e+00       2.198e+11  3.238502e-01 -6.795319e-01  9.136169e-02  6.761498e-01
 2.06897e-01 -6.00000e+00       2.362e+11  3.273668e-01 -6.684469e-01 -4.446850e-02  6.726332e-01
 6.20690e-01 -6.00000e+00       2.566e+11  3.539554e-01 -5.617002e-01 -2.444005e-01  6.460446e-01
 1.03448e+00 -6.00000e+00       2.674e+11  4.369902e-01 -3.347421e-01 -3.788820e-01  5.630098e-01
 1.44828e+00 -6.00000e+00       2.721e+11  5.263048e-01 -6.646536e-02 -4.319602e-01  4.736952e-01
 1.86207e+00 -6.00000e+00       3.102e+11  6.306183e-01  7.325266e-02 -4.469685e-01  3.693817e-01
 2.27586e+00 -6.00000e+00       3.985e+11  7.569291e-01  8.754308e-02 -3.875862e-01  2.430709e-01
 2.68966e+00 -6.00000e+00       5.583e+11  8.543499e-01  6.873757e-02 -1.954872e-01  1.456501e-01
 3.10345e+00 -6.00000e+00       9.047e+11  8.956767e-01  3.217472e-02  8.042715e-02  1.043233e-01
 3.51724e+00 -6.00000e+00       1.507e+12  8.859258e-01  2.470161e-03  3.054768e-01  1.140742e-01
 3.93103e+00 -6.00000e+00       2.156e+12  8.513521e-01 -9.183655e-03  4.525781e-01  1.486479e-01
 4.34483e+00 -6.00000e+00       2.529e+12  7.992650e-01 -9.048108e-03  5.616513e-01  2.007350e-01
 4.75862e+00 -6.00000e+00       2.575e+12  7.382930e-01 -5.128212e-03  6.492230e-01  2.617070e-01
 5.17241e+00 -6.00000e+00       2.391e+12  6.845475e-01 -5.727804e-03  7.083500e-01  3.154525e-01
 5.58621e+00 -6.00000e+00       2.016e+12  6.430565e-01 -1.219737e-02  7.440326e-01  3.569435e-01
 6.00000e+00 -6.00000e+00       1.468e+12  6.138463e-01 -1.858318e-02  7.659284e-01  3.861537e-01
-6.00000e+00 -5.58621e+00       1.591e+12  5.215052e-01  1.081962e-02 -8.316713e-01  4.784948e-01
-5.58621e+00 -5.58621e+00       2.238e+12  5.696405e-01  6.090378e-03 -8.048967e-01  4.303595e-01
-5.17241e+00 -5.58621e+00       2.556e+12  6.077430e-01  5.450890e-04 -7.746575e-01  3.922570e-01
-4.75862e+00 -5.58621e+00       2.345e+12  6.604905e-01 -7.099443e-03 -7.152801e-01  3.395095e-01
-4.34483e+00 -5.58621e+00       1.936e+12  7.366768e-01 -1.422431e-02 -6.023302e-01  2.633232e-01
-3.93103e+00 -5.58621e+00       1.579e+12  8.213807e-01 -2.014704e-02 -4.402876e-01  1.786193e-01
-3.51724e+00 -5.58621e+00       1.219e+12  8.854846e-01 -3.652697e-02 -2.802464e-01  1.145154e-01
-3.10345e+00 -5.58621e+00       7.978e+11  9.080919e-01 -7.265422e-02 -1.675454e-01  9.190815e-02
-2.68966e+00 -5.58621e+00       4.618e+11  8.807254e-01 -1.164956e-01 -1.119652e-01  1.192746e-01
-2.27586e+00 -5.58621e+00       3.260e+11  8.367835e-01 -1.032450e-01 -4.446188e-02  1.632165e-01
-1.86207e+00 -5.58621e+00       3.146e+11  8.236067e-01 -4.024018e-02  6.885449e-02  1.763933e-01
-1.44828e+00 -5.58621e+00       2.906e+11  7.511796e-01  6.732674e-03  1.180650e-01  2.488204e-01
-1.03448e+00 -5.58621e+00       2.230e+11  4.826969e-01  1.222389e-01  1.390125e-01  5.173031e-01
-6.20690e-01 -5.58621e+00       1.727e+11  1.434446e-02  3.307358e-01  2.228256e-01  9.856555e-01
-2.06897e-01 -5.58621e+00       1.612e+11 -2.980537e-01  4.426535e-01  1.760787e-01  7.019463e-01
 2.06897e-01 -5.58621e+00       1.780e+11 -2.350041e-01  4.092236e-01 -1.489617e-01  7.649959e-01
 6.20690e-01 -5.58621e+00       2.148e+11  9.114930e-02  3.090880e-01 -4.195380e-01  9.088507e-01
 1.03448e+00 -5.58621e+00       2.441e+11  4.078600e-01  2.176932e-01 -4.116801e-01  5.921400e-01
 1.44828e+00 -5.58621e+00       2.559e+11  5.940476e-01  1.529497e-01 -2.402029e-01  4.059524e-01
 1.86207e+00 -5.58621e+00       2.875e+11  7.048962e-01  5.683656e-02 -1.063469e-01  2.951038e-01
 2.27586e+00 -5.58621e+00       3.505e+11  8.001221e-01 -2.516599e-02 -7.653423e-02  1.998779e-01
 2.68966e+00 -5.58621e+00       4.224e+11  8.671069e-01 -1.114329e-02 -6.355883e-02  1.328931e-01
 3.10345e+00 -5.58621e+00       5.269e+11  8.961328e-01  3.073621e-02  3.087313e-02  1.038672e-01
 3.51724e+00 -5.58621e+00       7.806e+11  8.692671e-01  3.410187e-02  2.506561e-01  1.307329e-01
 3.93103e+00 -5.58621e+00       1.326e+12  8.032162e-01  1.522591e-02  4.747173e-01  1.967838e-01
 4.34483e+00 -5.58621e+00       2.034e+12  7.357204e-01  1.251245e-03  6.182928e-01  2.642796e-01
 4.75862e+00 -5.58621e+00       2.486e+12  6.683719e-01 -4.091057e-03  7.116409e-01  3.316281e-01
 5.17241e+00 -5.58621e+00       2.500e+12  5.981618e-01 -4.366502e-03  7.813584e-01  4.018382e-01
 5.58621e+00 -5.58621e+00       2.217e+12  5.369083e-01 -5.910133e-03  8.283990e-01  4.630917e-01
 6.00000e+00 -5.58621e+00       1.772e+12  4.916735e-01 -1.267531e-02  8.546967e-01  5.083265e-01
-6.00000e+00 -5.17241e+00       1.977e+12  4.185352e-01  7.204319e-03 -8.923235e-01  5.814648e-01
-5.58621e+00 -5.17241e+00       2.355e+12  4.602534e-01  1.413170e-03 -8.696760e-01  5.397466e-01
-5.17241e+00 -5.17241e+00       2.247e+12  5.200967e-01 -4.807777e-03 -8.221182e-01  4.799033e-01
-4.75862e+00 -5.17241e+00       1.882e+12  6.091974e-01 -1.038934e-02 -7.316447e-01  3.908026e-01
-4.34483e+00 -5.17241e+00       1.486e+12  7.136219e-01 -2.141383e-02 -6.051171e-01  2.863781e-01
-3.93103e+00 -5.17241e+00       1.063e+12  7.952175e-01 -4.988839e-02 -4.870461e-01  2.047825e-01
-3.51724e+00 -5.17241e+00       6.595e+11  8.286945e-01 -8.797224e-02 -4.046652e-01  1.713055e-01
-3.10345e+00 -5.17241e+00       4.368e+11  8.335554e-01 -8.302193e-02 -3.274732e-01  1.664446e-01
-2.68966e+00 -5.17241e+00       3.779e+11  8.425682e-01 -2.477065e-02 -2.036043e-01  1.574318e-01
-2.27586e+00 -5.17241e+00       3.430e+11  7.961635e-01  2.835429e-02  9.666525e-03  2.038365e-01
-1.86207e+00 -5.17241e+00       3.160e+11  5.916144e-01  8.438881e-02  3.795183e-01  4.083856e-01
-1.44828e+00 -5.17241e+00       3.379e+11  2.503220e-01  1.422134e-01  7.208159e-01  7.496780e-01
-1.03448e+00 -5.17241e+00       3.694e+11 -8.394586e-02  1.656303e-01  8.027350e-01  9.160541e-01
-6.20690e-01 -5.17241e+00       3.601e+11 -4.125990e-01  1.537206e-01  6.242402e-01  5.874010e-01
-2.06897e-01 -5.17241e+00       3.320e+11 -6.705708e-01  1.386453e-01  2.091092e-01  3.294292e-01
 2.06897e-01 -5.17241e+00       3.197e+11 -6.849089e-01  1.398612e-01 -2.943248e-01  3.150911e-01
 6.20690e-01 -5.17241e+00       3.286e+11 -4.452042e-01  1.427061e-01 -6.743347e-01  5.547958e-01
 1.03448e+00 -5.17241e+00       3.448e+11 -1.064965e-01  1.201695e-01 -8.358044e-01  8.935035e-01
 1.44828e+00 -5.17241e+00       3.452e+11  2.389282e-01  7.667101e-02 -7.757012e-01  7.610718e-01
 1.86207e+00 -5.17241e+00       3.487e+11  5.771995e-01  6.478584e-02 -5.062289e-01  4.228005e-01
 2.27586e+00 -5.17241e+00       3.793e+11  7.878831e-01  8.680885e-02 -1.852342e-01  2.121169e-01
 2.68966e+00 -5.17241e+00       4.102e+11  8.514816e-01  7.044904e-02  4.519309e-02  1.485184e-01
 3.10345e+00 -5.17241e+00       4.478e+11  8.687543e-01  2.121735e-02  1.778374e-01  1.312457e-01
 3.51724e+00 -5.17241e+00       5.272e+11  8.689151e-01  8.460481e-03  2.665417e-01  1.310849e-01
 3.93103e+00 -5.17241e+00       7.317e+11  8.056584e-01  1.938527e-02  4.266072e-01  1.943416e-01
 4.34483e+00 -5.17241e+00       1.219e+12  6.947547e-01  1.571218e-02  6.214557e-01  3.052453e-01
 4.75862e+00 -5.17241e+00       1.912e+12  6.004876e-01  6.105203e-03  7.486704e-01  3.995124e-01
 5.17241e+00 -5.17241e+00       2.364e+12  5.223997e-01 -2.532203e-04  8.242319e-01  4.776003e-01
 5.58621e+00 -5.17241e+00       2.327e+12  4.487875e-01 -3.016592e-03  8.756232e-01  5.512125e-01
 6.00000e+00 -5.17241e+00       1.962e+12  3.859298e-01 -6.322093e-03  9.082970e-01  6.140702e-01
-6.00000e+00 -4.75862e+00       2.061e+12  3.119988e-01  2.803315e-03 -9.325288e-01  6.880012e-01
-5.58621e+00 -4.75862e+00       2.090e+12  3.712673e-01 -2.659954e-03 -8.997565e-01  6.287327e-01
-5.17241e+00 -4.75862e+00       1.786e+12  4.627910e-01 -8.259871e-03 -8.336474e-01  5.372090e-01
-4.75862e+00 -4.75862e+00       1.379e+12  5.770633e-01 -2.219779e-02 -7.373930e-01  4.229367e-01
-4.34483e+00 -4.75862e+00       9.539e+11  6.726131e-01 -5.461703e-02 -6.438811e-01  3.273869e-01
-3.93103e+00 -4.75862e+00       6.062e+11  7.246191e-01 -8.281819e-02 -5.676418e-01  2.753809e-01
-3.51724e+00 -4.75862e+00       4.535e+11  7.646374e-01 -5.104353e-02 -4.549134e-01  2.353626e-01
-3.10345e+00 -4.75862e+00       4.465e+11  8.067557e-01  1.326286e-02 -2.024425e-01  1.932443e-01
-2.68966e+00 -4.75862e+00       5.141e+11  8.028736e-01  5.944713e-02  1.876146e-01  1.971264e-01
-2.27586e+00 -4.75862e+00       6.032e+11  7.337575e-01  7.319947e-02  5.046214e-01  2.662425e-01
-1.86207e+00 -4.75862e+00       5.969e+11  6.045474e-01  7.742756e-02  6.928086e-01  3.954526e-01
-1.44828e+00 -4.75862e+00       4.980e+11  3.801058e-01  1.147443e-01  8.096288e-01  6.198942e-01
-1.03448e+00 -4.75862e+00       4.082e+11  4.089784e-02  1.782848e-01  8.251396e-01  9.591022e-01
-6.20690e-01 -4.75862e+00       3.442e+11 -3.247171e-01  1.964648e-01  6.545489e-01  6.752829e-01
-2.06897e-01 -4.75862e+00       3.008e+11 -5.839486e-01  1.601823e-01  2.089595e-01  4.160514e-01
 2.06897e-01 -4.75862e+00       3.103e+11 -5.593988e-01  1.324063e-01 -3.844247e-01  4.406012e-01
 6.20690e-01 -4.75862e+00       3.747e+11 -2.851476e-01  1.311986e-01 -7.556464e-01  7.148524e-01
 1.03448e+00 -4.75862e+00       4.716e+11  7.637449e-02  1.103976e-01 -8.602495e-01  9.236255e-01
 1.44828e+00 -4.75862e+00       5.908e+11  4.020147e-01  7.402264e-02 -8.184398e-01  5.979853e-01
 1.86207e+00 -4.75862e+00       6.614e+11  6.096962e-01  5.383007e-02 -7.190843e-01  3.903038e-01
 2.27586e+00 -4.75862e+00       6.206e+11  7.410792e-01  4.495099e-02 -5.502488e-01  2.589208e-01
 2.68966e+00 -4.75862e+00       5.454e+11  8.333953e-01  4.460492e-02 -2.521654e-01  1.666047e-01
 3.10345e+00 -4.75862e+00       5.076e+11  8.635026e-01  5.422362e-02  8.699177e-02  1.364974e-01
 3.51724e+00 -4.75862e+00       4.980e+11  8.417177e-01  4.043549e-02  3.159645e-01  1.582823e-01
 3.93103e+00 -4.75862e+00       5.352e+11  8.012378e-01  1.382911e-02  4.441125e-01  1.987622e-01
 4.34483e+00 -4.75862e+00       7.119e+11  7.042297e-01  1.123280e-02  5.844499e-01  2.957703e-01
 4.75862e+00 -4.75862e+00       1.168e+12  5.621490e-01  1.267694e-02  7.446017e-01  4.378510e-01
 5.17241e+00 -4.75862e+00       1.807e+12  4.514629e-01  7.218842e-03  8.473022e-01  5.485371e-01
 5.58621e+00 -4.75862e+00       2.179e+12  3.690005e-01  1.374726e-03  9.038179e-01  6.309995e-01
 6.00000e+00 -4.75862e+00       2.053e+12  2.976273e-01 -2.272459e-03  9.377526e-01  7.023727e-01
-6.00000e+00 -4.34483e+00       1.867e+12  2.209796e-01 -1.915249e-04 -9.493119e-01  7.790204e-01
-5.58621e+00 -4.34483e+00       1.664e+12  3.064174e-01 -5.655367e-03 -9.051014e-01  6.935826e-01
-5.17241e+00 -4.34483e+00       1.285e+12  4.247401e-01 -2.020234e-02 -8.328588e-01  5.752599e-01
-4.75862e+00 -4.34483e+00       8.893e+11  5.375276e-01 -5.276905e-02 -7.552979e-01  4.624724e-01
-4.34483e+00 -4.34483e+00       5.860e+11  6.135347e-01 -7.559673e-02 -6.795072e-01  3.864653e-01
-3.93103e+00 -4.34483e+00       4.792e+11  6.996035e-01 -3.456882e-02 -5.228305e-01  3.003965e-01
-3.51724e+00 -4.34483e+00       5.420e+11  8.149411e-01  2.631418e-02 -2.176007e-01  1.850589e-01
-3.10345e+00 -4.34483e+00       6.671e+11  8.864443e-01  5.530174e-02  8.942365e-02  1.135557e-01
-2.68966e+00 -4.34483e+00       7.008e+11  8.898629e-01  7.117314e-02  2.971561e-01  1.101371e-01
-2.27586e+00 -4.34483e+00       5.896e+11  8.461559e-01  1.008457e-01  4.459488e-01  1.538441e-01
-1.86207e+00 -4.34483e+00       4.325e+11  7.771448e-01  1.365527e-01  5.617024e-01  2.228552e-01
-1.44828e+00 -4.34483e+00       3.050e+11  7.002178e-01  1.417230e-01  6.295422e-01  2.997822e-01
-1.03448e+00 -4.34483e+00       2.161e+11  6.167347e-01  5.597132e-02  6.175057e-01  3.832653e-01
-6.20690e-01 -4.34483e+00       1.680e+11  5.018978e-01 -1.844739e-01  5.335495e-01  4.981022e-01
-2.06897e-01 -4.34483e+00       1.545e+11  3.770760e-01 -4.136437e-01  4.442100e-01  6.229240e-01
 2.06897e-01 -4.34483e+00       1.439e+11  2.949027e-01 -4.532850e-01  2.921749e-01  7.050973e-01
 6.20690e-01 -4.34483e+00       1.347e+11  2.702091e-01 -2.600885e-01 -7.094085e-02  7.297909e-01
 1.03448e+00 -4.34483e+00       1.643e+11  3.582928e-01  2.268762e-02 -5.007320e-01  6.417072e-01
 1.44828e+00 -4.34483e+00       2.776e+11  5.793984e-01  9.170099e-02 -6.124705e-01  4.206016e-01
 1.86207e+00 -4.34483e+00       4.956e+11  7.681280e-01  6.443799e-02 -5.337993e-01  2.318720e-01
 2.27586e+00 -4.34483e+00       7.310e+11  8.659179e-01  4.672192e-02 -4.344117e-01  1.340821e-01
 2.68966e+00 -4.34483e+00       8.141e+11  9.107642e-01  3.695272e-02 -3.226272e-01  8.923582e-02
 3.10345e+00 -4.34483e+00       7.214e+11  9.173693e-01  3.225531e-02 -1.386009e-01  8.263069e-02
 3.51724e+00 -4.34483e+00       6.014e+11  8.746144e-01  3.785853e-02  1.510145e-01  1.253856e-01
 3.93103e+00 -4.34483e+00       5.346e+11  7.985767e-01  3.670913e-02  4.167140e-01  2.014233e-01
 4.34483e+00 -4.34483e+00       5.384e+11  7.139745e-01  1.606782e-02  5.749947e-01  2.860255e-01
 4.75862e+00 -4.34483e+00       7.048e+11  5.746724e-01  7.998105e-03  7.107394e-01  4.253276e-01
 5.17241e+00 -4.34483e+00       1.151e+12  4.103842e-01  9.939138e-03  8.402528e-01  5.896158e-01
 5.58621e+00 -4.34483e+00       1.710e+12  2.971048e-01  7.046731e-03  9.151211e-01  7.028952e-01
 6.00000e+00 -4.34483e+00       1.934e+12  2.174273e-01  2.427706e-03  9.523293e-01  7.825727e-01
-6.00000e+00 -3.93103e+00       1.530e+12  1.533263e-01 -2.128717e-03 -9.467852e-01  8.466737e-01
-5.58621e+00 -3.93103e+00       1.211e+12  2.650345e-01 -1.427167e-02 -8.961971e-01  7.349655e-01
-5.17241e+00 -3.93103e+00       8.476e+11  3.931780e-01 -4.529280e-02 -8.318728e-01  6.068220e-01
-4.75862e+00 -3.93103e+00       5.721e+11  4.989172e-01 -7.160693e-02 -7.589080e-01  5.010828e-01
-4.34483e+00 -3.93103e+00       4.845e+11  6.284801e-01 -3.317033e-02 -5.965748e-01  3.715199e-01
-3.93103e+00 -3.93103e+00       5.742e+11  7.964557e-01  2.566490e-02 -3.167773e-01  2.035443e-01
-3.51724e+00 -3.93103e+00       6.954e+11  9.065491e-01  5.407033e-02 -7.439557e-02  9.345087e-02
-3.10345e+00 -3.93103e+00       6.804e+11  9.475989e-01  7.668997e-02  8.333798e-02  5.240106e-02
-2.68966e+00 -3.93103e+00       5.461e+11  9.528016e-01  1.003340e-01  1.785451e-01  4.719836e-02
-2.27586e+00 -3.93103e+00       4.315e+11  9.454021e-01  7.729179e-02  1.968663e-01  5.459785e-02
-1.86207e+00 -3.93103e+00       3.846e+11  9.243618e-01  5.701979e-03  1.243146e-01  7.563820e-02
-1.44828e+00 -3.93103e+00       3.354e+11  8.611975e-01 -3.212490e-02 -8.343763e-03  1.388025e-01
-1.03448e+00 -3.93103e+00       2.400e+11  7.127886e-01 -3.977312e-02 -1.885694e-01  2.872114e-01
-6.20690e-01 -3.93103e+00       1.571e+11  5.046097e-01 -6.523218e-02 -4.006384e-01  4.953903e-01
-2.06897e-01 -3.93103e+00       1.339e+11  4.765270e-01 -1.042993e-01 -5.370734e-01  5.234730e-01
 2.06897e-01 -3.93103e+00       1.701e+11  6.442949e-01 -1.134008e-01 -5.049569e-01  3.557051e-01
 6.20690e-01 -3.93103e+00       2.373e+11  7.651332e-01 -9.092552e-02 -3.763473e-01  2.348668e-01
 1.03448e+00 -3.93103e+00       2.724e+11  7.925781e-01 -5.259359e-02 -2.317934e-01  2.074219e-01
 1.44828e+00 -3.93103e+00       2.469e+11  7.441252e-01 -1.297332e-02 -1.425616e-01  2.558748e-01
 1.86207e+00 -3.93103e+00       2.438e+11  7.428348e-01  3.267485e-02 -1.959844e-01  2.571652e-01
 2.27586e+00 -3.93103e+00       3.762e+11  8.720926e-01  6.112168e-02 -2.324601e-01  1.279074e-01
 2.68966e+00 -3.93103e+00       6.335e+11  9.511007e-01  5.288265e-02 -1.707561e-01  4.889929e-02
 3.10345e+00 -3.93103e+00       8.202e+11  9.702785e-01  3.830864e-02 -8.964944e-02  2.972148e-02
 3.51724e+00 -3.93103e+00       7.833e+11  9.461052e-01  2.936328e-02  3.796308e-02  5.389485e-02
 3.93103e+00 -3.93103e+00       6.374e+11  8.625684e-01  3.079891e-02  2.651411e-01  1.374316e-01
 4.34483e+00 -3.93103e+00       5.329e+11  7.399404e-01  3.033183e-02  5.143135e-01  2.600596e-01
 4.75862e+00 -3.93103e+00       5.254e+11  6.069778e-01  1.286485e-02  6.793478e-01  3.930222e-01
 5.17241e+00 -3.93103e+00       7.137e+11  4.220096e-01  6.331934e-03  8.077780e-01  5.779904e-01
 5.58621e+00 -3.93103e+00       1.154e+12  2.525129e-01  9.503384e-03  9.043386e-01  7.474871e-01
 6.00000e+00 -3.93103e+00       1.581e+12  1.465514e-01  7.392017e-03  9.529930e-01  8.534486e-01
-6.00000e+00 -3.51724e+00       1.134e+12  1.096262e-01 -7.949936e-03 -9.303734e-01  8.903738e-01
-5.58621e+00 -3.51724e+00       8.190e+11  2.442720e-01 -3.431425e-02 -8.800122e-01  7.557280e-01
-5.17241e+00 -3.51724e+00       5.581e+11  3.772484e-01 -6.773482e-02 -8.174183e-01  6.227516e-01
-4.75862e+00 -3.51724e+00       4.594e+11  5.340299e-01 -4.376602e-02 -6.796862e-01  4.659701e-01
-4.34483e+00 -3.51724e+00       5.390e+11  7.379774e-01  1.763860e-02 -4.338341e-01  2.620226e-01
-3.93103e+00 -3.51724e+00       6.555e+11  8.804603e-01  5.088112e-02 -2.221265e-01  1.195397e-01
-3.51724e+00 -3.51724e+00       6.394e+11  9.466446e-01  7.436250e-02 -9.113824e-02  5.335541e-02
-3.10345e+00 -3.51724e+00       5.202e+11  9.663496e-01  8.785277e-02 -3.799880e-02  3.365039e-02
-2.68966e+00 -3.51724e+00       4.154e+11  9.476622e-01  5.838808e-02 -7.109327e-02  5.233785e-02
-2.27586e+00 -3.51724e+00       3.164e+11  8.842646e-01  8.308469e-03 -1.325035e-01  1.157354e-01
-1.86207e+00 -3.51724e+00       1.970e+11  7.584605e-01 -7.256984e-02 -1.284995e-01  2.415395e-01
-1.44828e+00 -3.51724e+00       1.122e+11  5.683569e-01 -3.224768e-01  3.579315e-02  4.316431e-01
-1.03448e+00 -3.51724e+00       7.606e+10  4.401052e-01 -6.351260e-01  2.436888e-01  5.598948e-01
-6.20690e-01 -3.51724e+00       5.612e+10  3.905825e-01 -7.653721e-01  2.695449e-01  6.094175e-01
-2.06897e-01 -3.51724e+00       4.643e+10  3.663087e-01 -7.813270e-01  1.028364e-01  6.336913e-01
 2.06897e-01 -3.51724e+00       5.302e+10  4.432689e-01 -7.219952e-01 -1.501342e-01  5.567311e-01
 6.20690e-01 -3.51724e+00       8.229e+10  6.102724e-01 -5.978995e-01 -2.954266e-01  3.897276e-01
 1.03448e+00 -3.51724e+00       1.392e+11  7.619704e-01 -4.349600e-01 -2.636824e-01  2.380296e-01
 1.44828e+00 -3.51724e+00       2.152e+11  8.622462e-01 -2.558393e-01 -1.414024e-01  1.377538e-01
 1.86207e+00 -3.51724e+00       2.740e+11  8.949279e-01 -1.116772e-01 -3.764264e-02  1.050721e-01
 2.27586e+00 -3.51724e+00       2.903e+11  8.878027e-01 -7.770166e-03 -8.198437e-03  1.121973e-01
 2.68966e+00 -3.51724e+00       3.583e+11  9.188590e-01  5.654009e-02 -1.755990e-02  8.114096e-02
 3.10345e+00 -3.51724e+00       5.667e+11  9.649119e-01  5.770072e-02  2.180873e-02  3.508809e-02
 3.51724e+00 -3.51724e+00       7.618e+11  9.702405e-01  4.053185e-02  8.642955e-02  2.975951e-02
 3.93103e+00 -3.51724e+00       7.466e+11  9.278176e-01  2.898363e-02  1.937920e-01  7.218239e-02
 4.34483e+00 -3.51724e+00       6.011e+11  8.164151e-01  2.792619e-02  3.901731e-01  1.835849e-01
 4.75862e+00 -3.51724e+00       4.916e+11  6.589031e-01  2.391215e-02  6.118354e-01  3.410969e-01
 5.17241e+00 -3.51724e+00       5.044e+11  4.744445e-01  7.553608e-03  7.650135e-01  5.255555e-01
 5.58621e+00 -3.51724e+00       7.335e+11  2.554890e-01  6.328212e-03  8.738198e-01  7.445110e-01
 6.00000e+00 -3.51724e+00       1.133e+12  9.874597e-02  9.809079e-03  9.384898e-01  9.012540e-01
-6.00000e+00 -3.10345e+00       7.875e+11  9.508910e-02 -2.117067e-02 -9.040149e-01  9.049109e-01
-5.58621e+00 -3.10345e+00       5.445e+11  2.478628e-01 -5.857183e-02 -8.541122e-01  7.521372e-01
-5.17241e+00 -3.10345e+00       4.191e+11  4.185747e-01 -6.073969e-02 -7.543435e-01  5.814253e-01
-4.75862e+00 -3.10345e+00       4.631e+11  6.472285e-01 -1.593945e-04 -5.440731e-01  3.527715e-01
-4.34483e+00 -3.10345e+00       5.804e+11  8.264450e-01  4.258473e-02 -3.425082e-01  1.735550e-01
-3.93103e+00 -3.10345e+00       5.946e+11  9.169526e-01  6.767332e-02 -2.185352e-01  8.304742e-02
-3.51724e+00 -3.10345e+00       4.935e+11  9.457761e-01  8.228107e-02 -1.738706e-01  5.422391e-02
-3.10345e+00 -3.10345e+00       3.797e+11  9.229426e-01  6.206604e-02 -2.016338e-01  7.705743e-02
-2.68966e+00 -3.10345e+00       2.660e+11  8.627159e-01  1.012162e-02 -2.143672e-01  1.372841e-01
-2.27586e+00 -3.10345e+00       1.616e+11  7.913226e-01 -9.994134e-02 -8.395086e-02  2.086774e-01
-1.86207e+00 -3.10345e+00       1.071e+11  7.482503e-01 -2.840457e-01  2.094818e-01  2.517497e-01
-1.44828e+00 -3.10345e+00       9.023e+10  7.110981e-01 -3.633845e-01  4.204455e-01  2.889019e-01
-1.03448e+00 -3.10345e+00       8.074e+10  6.179950e-01 -3.083513e-01  4.796337e-01  3.820050e-01
-6.20690e-01 -3.10345e+00       7.519e+10  4.713145e-01 -1.919264e-01  4.198219e-01  5.286855e-01
-2.06897e-01 -3.10345e+00       7.844e+10  3.646285e-01 -1.000748e-01  2.305121e-01  6.353715e-01
 2.06897e-01 -3.10345e+00       9.035e+10  4.277329e-01 -8.967414e-02 -6.784552e-02  5.722671e-01
 6.20690e-01 -3.10345e+00       1.131e+11  6.069270e-01 -1.442300e-01 -3.298475e-01  3.930730e-01
 1.03448e+00 -3.10345e+00       1.381e+11  7.315274e-01 -2.048141e-01 -4.401376e-01  2.684726e-01
 1.44828e+00 -3.10345e+00       1.568e+11  8.041717e-01 -2.425952e-01 -3.765381e-01  1.958283e-01
 1.86207e+00 -3.10345e+00       1.920e+11  8.748837e-01 -2.189507e-01 -1.547819e-01  1.251163e-01
 2.27586e+00 -3.10345e+00       2.499e+11  9.108870e-01 -1.300680e-01  3.951359e-02  8.911298e-02
 2.68966e+00 -3.10345e+00       2.923e+11  9.140206e-01 -2.733216e-02  1.155352e-01  8.597940e-02
 3.10345e+00 -3.10345e+00       3.632e+11  9.323997e-01  4.938385e-02  1.254575e-01  6.760034e-02
 3.51724e+00 -3.10345e+00       5.431e+11  9.568953e-01  5.775680e-02  1.551729e-01  4.310471e-02
 3.93103e+00 -3.10345e+00       6.981e+11  9.473565e-01  4.044530e-02  2.117365e-01  5.264345e-02
 4.34483e+00 -3.10345e+00       6.577e+11  8.838065e-01  2.853060e-02  3.179064e-01  1.161935e-01
 4.75862e+00 -3.10345e+00       5.153e+11  7.434848e-01  2.559655e-02  5.052243e-01  2.565152e-01
 5.17241e+00 -3.10345e+00       4.285e+11  5.518795e-01  1.541365e-02  7.000229e-01  4.481205e-01
 5.58621e+00 -3.10345e+00       4.912e+11  3.134314e-01  3.242379e-03  8.293578e-01  6.865686e-01
 6.00000e+00 -3.10345e+00       7.516e+11  9.172093e-02  8.367924e-03  9.092208e-01  9.082791e-01
-6.00000e+00 -2.68966e+00       6.264e+11  1.359540e-01 -2.106172e-02 -9.099330e-01  8.640460e-01
-5.58621e+00 -2.68966e+00       4.402e+11  2.918755e-01 -2.541247e-02 -8.537169e-01  7.081245e-01
-5.17241e+00 -2.68966e+00       3.937e+11  5.245935e-01  8.449663e-03 -6.712129e-01  4.754065e-01
-4.75862e+00 -2.68966e+00       4.870e+11  7.501159e-01  4.503855e-02 -4.502166e-01  2.498841e-01
-4.34483e+00 -2.68966e+00       5.424e+11  8.719207e-01  6.312721e-02 -3.122070e-01  1.280793e-01
-3.93103e+00 -2.68966e+00       4.732e+11  9.209688e-01  7.656979e-02 -2.530591e-01  7.903118e-02
-3.51724e+00 -2.68966e+00       3.607e+11  9.105901e-01  6.900680e-02 -2.648550e-01  8.940988e-02
-3.10345e+00 -2.68966e+00       2.517e+11  8.672052e-01  2.553495e-02 -2.640463e-01  1.327948e-01
-2.68966e+00 -2.68966e+00       1.688e+11  8.486248e-01 -6.375057e-02 -1.105146e-01  1.513752e-01
-2.27586e+00 -2.68966e+00       1.709e+11  8.802785e-01 -1.294740e-01  1.973326e-01  1.197215e-01
-1.86207e+00 -2.68966e+00       3.165e+11  8.511422e-01 -9.211883e-02  4.148405e-01  1.488578e-01
-1.44828e+00 -2.68966e+00       5.970e+11  7.597396e-01 -7.369808e-02  5.483814e-01  2.402604e-01
-1.03448e+00 -2.68966e+00       8.082e+11  6.133456e-01 -7.887413e-02  6.392668e-01  3.866544e-01
-6.20690e-01 -2.68966e+00       7.675e+11  3.757036e-01 -9.243367e-02  6.086015e-01  6.242964e-01
-2.06897e-01 -2.68966e+00       6.580e+11  1.400258e-01 -1.133916e-01  1.781769e-01  8.599742e-01
 2.06897e-01 -2.68966e+00       7.764e+11  2.761768e-01 -1.257299e-01 -4.566579e-01  7.238232e-01
 6.20690e-01 -2.68966e+00       1.069e+12  5.552618e-01 -1.128342e-01 -6.432187e-01  4.447382e-01
 1.03448e+00 -2.68966e+00       1.144e+12  7.211583e-01 -8.914548e-02 -6.024623e-01  2.788417e-01
 1.44828e+00 -2.68966e+00       8.408e+11  8.142315e-01 -6.749037e-02 -5.126334e-01  1.857685e-01
 1.86207e+00 -2.68966e+00       4.684e+11  8.807679e-01 -6.827654e-02 -3.773820e-01  1.192321e-01
 2.27586e+00 -2.68966e+00       2.864e+11  9.256087e-01 -1.031233e-01 -1.517153e-01  7.439130e-02
 2.68966e+00 -2.68966e+00       2.614e+11  9.280242e-01 -9.005819e-02  8.241243e-02  7.197583e-02
 3.10345e+00 -2.68966e+00       2.884e+11  9.191361e-01 -1.167082e-02  1.885642e-01  8.086392e-02
 3.51724e+00 -2.68966e+00       3.719e+11  9.328173e-01  5.203930e-02  2.116007e-01  6.718268e-02
 3.93103e+00 -2.68966e+00       5.375e+11  9.419631e-01  5.378259e-02  2.428923e-01  5.803694e-02
 4.34483e+00 -2.68966e+00       6.346e+11  9.130677e-01  3.880364e-02  3.052793e-01  8.693226e-02
 4.75862e+00 -2.68966e+00       5.569e+11  8.226245e-01  3.475885e-02  4.239310e-01  1.773755e-01
 5.17241e+00 -2.68966e+00       4.232e+11  6.430478e-01  3.744124e-02  6.070060e-01  3.569522e-01
 5.58621e+00 -2.68966e+00       3.852e+11  3.652422e-01  2.007041e-02  7.888535e-01  6.347578e-01
 6.00000e+00 -2.68966e+00       5.310e+11  9.083873e-02  6.203409e-03  8.953105e-01  9.091613e-01
-6.00000e+00 -2.27586e+00       3.589e+11  1.173880e-01  4.255087e-02 -8.561820e-01  8.826120e-01
-5.58621e+00 -2.27586e+00       2.881e+11  3.795485e-01  2.227127e-02 -7.292225e-01  6.204515e-01
-5.17241e+00 -2.27586e+00       3.641e+11  6.643568e-01  3.779495e-02 -5.257635e-01  3.356432e-01
-4.75862e+00 -2.27586e+00       4.682e+11  8.235752e-01  5.643892e-02 -3.781855e-01  1.764248e-01
-4.34483e+00 -2.27586e+00       4.564e+11  8.973526e-01  6.959105e-02 -2.981640e-01  1.026474e-01
-3.93103e+00 -2.27586e+00       3.588e+11  9.101745e-01  7.202033e-02 -2.859832e-01  8.982551e-02
-3.51724e+00 -2.27586e+00       2.568e+11  8.820739e-01  4.528082e-02 -2.903705e-01  1.179261e-01
-3.10345e+00 -2.27586e+00       2.016e+11  8.871291e-01 -1.780533e-02 -1.550592e-01  1.128709e-01
-2.68966e+00 -2.27586e+00       3.309e+11  9.553622e-01 -3.756632e-02  9.117768e-02  4.463785e-02
-2.27586e+00 -2.27586e+00       8.322e+11  9.712581e-01 -9.619795e-03  1.882430e-01  2.874193e-02
-1.86207e+00 -2.27586e+00       1.520e+12  9.641904e-01  9.175541e-03  2.351966e-01  3.580965e-02
-1.44828e+00 -2.27586e+00       1.683e+12  9.528408e-01  2.746184e-02  2.714264e-01  4.715924e-02
-1.03448e+00 -2.27586e+00       1.125e+12  9.378926e-01  5.126574e-02  2.928064e-01  6.210742e-02
-6.20690e-01 -2.27586e+00       4.951e+11  9.142096e-01  6.965438e-02  2.635768e-01  8.579036e-02
-2.06897e-01 -2.27586e+00       2.100e+11  8.784789e-01  2.700072e-02  7.009059e-02  1.215211e-01
 2.06897e-01 -2.27586e+00       2.226e+11  8.960374e-01 -1.736423e-02 -1.959113e-01  1.039626e-01
 6.20690e-01 -2.27586e+00       5.410e+11  9.355788e-01 -3.013977e-03 -2.634272e-01  6.442120e-02
 1.03448e+00 -2.27586e+00       1.269e+12  9.541201e-01 -1.428997e-02 -2.597270e-01  4.587994e-02
 1.44828e+00 -2.27586e+00       1.992e+12  9.648701e-01 -2.719204e-02 -2.374487e-01  3.512989e-02
 1.86207e+00 -2.27586e+00       1.893e+12  9.723641e-01 -3.335476e-02 -2.092302e-01  2.763592e-02
 2.27586e+00 -2.27586e+00       1.108e+12  9.770907e-01 -3.815012e-02 -1.691748e-01  2.290933e-02
 2.68966e+00 -2.27586e+00       4.953e+11  9.721880e-01 -5.290352e-02 -7.057459e-02  2.781200e-02
 3.10345e+00 -2.27586e+00       2.955e+11  9.433048e-01 -4.820479e-02  1.220781e-01  5.669521e-02
 3.51724e+00 -2.27586e+00       2.923e+11  9.255103e-01  1.581020e-02  2.307003e-01  7.448973e-02
 3.93103e+00 -2.27586e+00       3.923e+11  9.342181e-01  5.402658e-02  2.583502e-01  6.578189e-02
 4.34483e+00 -2.27586e+00       5.318e+11  9.265861e-01  4.574459e-02  2.964111e-01  7.341388e-02
 4.75862e+00 -2.27586e+00       5.490e+11  8.753300e-01  3.473681e-02  3.725577e-01  1.246700e-01
 5.17241e+00 -2.27586e+00       4.387e+11  7.551778e-01  3.675090e-02  5.118757e-01  2.448222e-01
 5.58621e+00 -2.27586e+00       3.485e+11  5.429786e-01  3.378369e-02  6.899336e-01  4.570214e-01
 6.00000e+00 -2.27586e+00       3.787e+11  2.386749e-01  9.310308e-03  8.254370e-01  7.613251e-01
-6.00000e+00 -1.86207e+00       2.161e+11  3.299359e-01 -1.340050e-01 -6.617733e-01  6.700641e-01
-5.58621e+00 -1.86207e+00       2.535e+11  5.760196e-01 -5.314465e-02 -5.606577e-01  4.239804e-01
-5.17241e+00 -1.86207e+00       3.594e+11  7.632142e-01  2.422886e-02 -4.232202e-01  2.367858e-01
-4.75862e+00 -1.86207e+00       4.164e+11  8.730344e-01  4.988787e-02 -3.202112e-01  1.269656e-01
-4.34483e+00 -1.86207e+00       3.659e+11  9.160113e-01  5.996263e-02 -2.812533e-01  8.398870e-02
-3.93103e+00 -1.86207e+00       2.732e+11  9.070910e-01  5.601952e-02 -2.884348e-01  9.290903e-02
-3.51724e+00 -1.86207e+00       2.195e+11  9.050315e-01  1.729849e-02 -2.188653e-01  9.496848e-02
-3.10345e+00 -1.86207e+00       3.750e+11  9.687945e-01 -9.507756e-03 -3.237736e-02  3.120547e-02
-2.68966e+00 -1.86207e+00       1.000e+12  9.936966e-01  4.083743e-03  3.511843e-02  6.303426e-03
-2.27586e+00 -1.86207e+00       1.847e+12  9.959412e-01  1.421348e-02  5.766706e-02  4.058841e-03
-1.86207e+00 -1.86207e+00       1.957e+12  9.947648e-01  2.227271e-02  7.362976e-02  5.235163e-03
-1.44828e+00 -1.86207e+00       1.213e+12  9.916506e-01  3.428189e-02  8.611087e-02  8.349440e-03
-1.03448e+00 -1.86207e+00       5.538e+11  9.855762e-01  5.047525e-02  8.470446e-02  1.442377e-02
-6.20690e-01 -1.86207e+00       3.226e+11  9.815105e-01  3.124126e-02  5.210772e-02  1.848947e-02
-2.06897e-01 -1.86207e+00       2.667e+11  9.805965e-01 -2.247864e-02  3.479352e-02  1.940354e-02
 2.06897e-01 -1.86207e+00       2.382e+11  9.760249e-01 -4.268130e-02  4.689661e-02  2.397512e-02
 6.20690e-01 -1.86207e+00       2.505e+11  9.722207e-01 -1.829613e-02  2.511352e-02  2.777934e-02
 1.03448e+00 -1.86207e+00       4.865e+11  9.833317e-01 -7.726437e-03 -4.485163e-02  1.666828e-02
 1.44828e+00 -1.86207e+00       1.234e+12  9.927979e-01 -1.526120e-02 -6.397069e-02  7.202146e-03
 1.86207e+00 -1.86207e+00       2.150e+12  9.959084e-01 -2.064230e-02 -5.961459e-02  4.091557e-03
 2.27586e+00 -1.86207e+00       2.162e+12  9.967748e-01 -2.419236e-02 -4.994478e-02  3.225179e-03
 2.68966e+00 -1.86207e+00       1.271e+12  9.953739e-01 -2.846454e-02 -3.071148e-02  4.626102e-03
 3.10345e+00 -1.86207e+00       5.369e+11  9.828835e-01 -3.581764e-02  3.430281e-02  1.711654e-02
 3.51724e+00 -1.86207e+00       2.963e+11  9.491021e-01 -1.513646e-02  1.747453e-01  5.089787e-02
 3.93103e+00 -1.86207e+00       3.051e+11  9.375795e-01  3.716410e-02  2.467038e-01  6.242051e-02
 4.34483e+00 -1.86207e+00       4.141e+11  9.388697e-01  4.623517e-02  2.726148e-01  6.113028e-02
 4.75862e+00 -1.86207e+00       4.845e+11  9.111257e-01  3.233715e-02  3.236583e-01  8.887433e-02
 5.17241e+00 -1.86207e+00       4.239e+11  8.326006e-01  2.093814e-02  4.303223e-01  1.673994e-01
 5.58621e+00 -1.86207e+00       3.164e+11  7.057289e-01  1.426011e-02  5.760770e-01  2.942711e-01
 6.00000e+00 -1.86207e+00       2.645e+11  5.082729e-01  9.758038e-03  6.918939e-01  4.917271e-01
-6.00000e+00 -1.44828e+00       2.289e+11  4.515948e-01 -4.913473e-02 -7.416081e-01  5.484052e-01
-5.58621e+00 -1.44828e+00       2.464e+11  7.019748e-01 -2.823997e-02 -5.154230e-01  2.980252e-01
-5.17241e+00 -1.44828e+00       3.336e+11  8.663763e-01  6.932798e-03 -3.393720e-01  1.336237e-01
-4.75862e+00 -1.44828e+00       3.673e+11  9.263812e-01  3.277163e-02 -2.717577e-01  7.361883e-02
-4.34483e+00 -1.44828e+00       3.027e+11  9.348441e-01  5.287580e-02 -2.598580e-01  6.515591e-02
-3.93103e+00 -1.44828e+00       2.259e+11  9.241483e-01  4.127345e-02 -2.452713e-01  7.585172e-02
-3.51724e+00 -1.44828e+00       2.933e+11  9.597315e-01  4.368760e-03 -1.201526e-01  4.026851e-02
-3.10345e+00 -1.44828e+00       7.934e+11  9.926238e-01  5.322898e-03 -4.220906e-02  7.376169e-03
-2.68966e+00 -1.44828e+00       1.719e+12  9.982098e-01  1.217021e-02 -2.409642e-02  1.790153e-03
-2.27586e+00 -1.44828e+00       2.143e+12  9.988662e-01  1.647868e-02 -1.486975e-02  1.133801e-03
-1.86207e+00 -1.44828e+00       1.529e+12  9.981428e-01  2.225119e-02 -9.028128e-03  1.857184e-03
-1.44828e+00 -1.44828e+00       7.706e+11  9.945524e-01  3.627045e-02 -8.335620e-03  5.447605e-03
-1.03448e+00 -1.44828e+00       5.552e+11  9.894371e-01  6.562598e-02 -3.747417e-03  1.056288e-02
-6.20690e-01 -1.44828e+00       7.565e+11  9.910924e-01  7.976021e-02  9.642890e-03  8.907648e-03
-2.06897e-01 -1.44828e+00       9.862e+11  9.932851e-01  7.737139e-02  2.092856e-02  6.714931e-03
 2.06897e-01 -1.44828e+00       9.269e+11  9.930730e-01  7.367179e-02  3.151403e-02  6.926966e-03
 6.20690e-01 -1.44828e+00       6.252e+11  9.899374e-01  6.564289e-02  3.975465e-02  1.006263e-02
 1.03448e+00 -1.44828e+00       4.085e+11  9.857690e-01  3.029840e-02  3.995172e-02  1.423096e-02
 1.44828e+00 -1.44828e+00       6.333e+11  9.922475e-01 -8.250640e-03  2.185491e-02  7.752452e-03
 1.86207e+00 -1.44828e+00       1.486e+12  9.974670e-01 -1.463659e-02  1.423263e-02  2.532997e-03
 2.27586e+00 -1.44828e+00       2.292e+12  9.987504e-01 -1.727503e-02  1.525720e-02  1.249580e-03
 2.68966e+00 -1.44828e+00       1.988e+12  9.985959e-01 -1.978027e-02  2.023305e-02  1.404110e-03
 3.10345e+00 -1.44828e+00       1.015e+12  9.954650e-01 -2.309385e-02  3.723099e-02  4.534996e-03
 3.51724e+00 -1.44828e+00       4.165e+11  9.791794e-01 -2.012386e-02  1.039757e-01  2.082060e-02
 3.93103e+00 -1.44828e+00       2.803e+11  9.557322e-01  1.943178e-02  2.014664e-01  4.426782e-02
 4.34483e+00 -1.44828e+00       3.409e+11  9.555998e-01  4.348117e-02  2.305626e-01  4.440021e-02
 4.75862e+00 -1.44828e+00       4.102e+11  9.500349e-01  3.286032e-02  2.498933e-01  4.996512e-02
 5.17241e+00 -1.44828e+00       3.569e+11  9.091265e-01  2.012579e-02  3.026170e-01  9.087347e-02
 5.58621e+00 -1.44828e+00       2.367e+11  7.749156e-01  3.822034e-03  4.466471e-01  2.250844e-01
 6.00000e+00 -1.44828e+00       1.797e+11  4.800620e-01 -2.437685e-02  6.773585e-01  5.199380e-01
-6.00000e+00 -1.03448e+00       1.634e+11  7.198909e-01 -1.119834e-01 -4.647985e-01  2.801091e-01
-5.58621e+00 -1.03448e+00       2.420e+11  8.446862e-01 -5.538289e-03 -3.522420e-01  1.553138e-01
-5.17241e+00 -1.03448e+00       3.290e+11  9.160159e-01  3.818643e-02 -2.603922e-01  8.398407e-02
-4.75862e+00 -1.03448e+00       3.212e+11  9.492284e-01  4.581190e-02 -2.106177e-01  5.077159e-02
-4.34483e+00 -1.03448e+00       2.470e+11  9.550812e-01  3.865805e-02 -2.029232e-01  4.491883e-02
-3.93103e+00 -1.03448e+00       2.204e+11  9.587718e-01  1.742936e-02 -1.678374e-01  4.122815e-02
-3.51724e+00 -1.03448e+00       4.594e+11  9.868798e-01  4.443321e-03 -7.973344e-02  1.312017e-02
-3.10345e+00 -1.03448e+00       1.232e+12  9.968235e-01  8.385004e-03 -5.366974e-02  3.176550e-03
-2.68966e+00 -1.03448e+00       2.075e+12  9.983434e-01  1.138963e-02 -4.678232e-02  1.656567e-03
-2.27586e+00 -1.03448e+00       1.969e+12  9.984159e-01  1.410394e-02 -4.344545e-02  1.584053e-03
-1.86207e+00 -1.03448e+00       1.239e+12  9.975161e-01  2.021739e-02 -4.360689e-02  2.483945e-03
-1.44828e+00 -1.03448e+00       1.022e+12  9.965969e-01  2.402845e-02 -4.499352e-02  3.403113e-03
-1.03448e+00 -1.03448e+00       1.424e+12  9.975175e-01  1.089522e-02 -3.973741e-02  2.482546e-03
-6.20690e-01 -1.03448e+00       1.780e+12  9.982797e-01 -7.296652e-03 -2.668549e-02  1.720302e-03
-2.06897e-01 -1.03448e+00       1.779e+12  9.983399e-01 -2.256903e-02 -1.045614e-03  1.660139e-03
 2.06897e-01 -1.03448e+00       1.648e+12  9.976816e-01 -2.571607e-02  3.406922e-02  2.318414e-03
 6.20690e-01 -1.03448e+00       1.430e+12  9.965922e-01 -1.604565e-02  6.184283e-02  3.407808e-03
 1.03448e+00 -1.03448e+00       1.006e+12  9.951454e-01 -3.939139e-03  7.510303e-02  4.854633e-03
 1.44828e+00 -1.03448e+00       6.845e+11  9.940638e-01 -6.187420e-04  6.760961e-02  5.936206e-03
 1.86207e+00 -1.03448e+00       1.025e+12  9.966926e-01 -8.448020e-03  4.357891e-02  3.307380e-03
 2.27586e+00 -1.03448e+00       1.938e+12  9.983907e-01 -1.187099e-02  3.751640e-02  1.609305e-03
 2.68966e+00 -1.03448e+00       2.248e+12  9.987085e-01 -1.367314e-02  3.814655e-02  1.291492e-03
 3.10345e+00 -1.03448e+00       1.463e+12  9.979885e-01 -1.534475e-02  4.332647e-02  2.011489e-03
 3.51724e+00 -1.03448e+00       6.148e+11  9.930885e-01 -1.547411e-02  6.747060e-02  6.911540e-03
 3.93103e+00 -1.03448e+00       2.915e+11  9.786540e-01  2.871068e-03  1.337600e-01  2.134603e-02
 4.34483e+00 -1.03448e+00       2.895e+11  9.716829e-01  3.092311e-02  1.786730e-01  2.831707e-02
 4.75862e+00 -1.03448e+00       3.835e+11  9.667219e-01  3.066752e-02  2.037184e-01  3.327812e-02
 5.17241e+00 -1.03448e+00       3.941e+11  9.458253e-01  2.013523e-02  2.522825e-01  5.417473e-02
 5.58621e+00 -1.03448e+00       2.965e+11  8.998620e-01  1.078978e-02  3.408500e-01  1.001380e-01
 6.00000e+00 -1.03448e+00       2.000e+11  8.152186e-01  4.483915e-03  4.425594e-01  1.847814e-01
-6.00000e+00 -6.20690e-01       1.140e+11  8.827186e-01 -6.721663e-03 -2.866285e-01  1.172814e-01
-5.58621e+00 -6.20690e-01       2.160e+11  9.507431e-01 -6.262700e-05 -2.076317e-01  4.925687e-02
-5.17241e+00 -6.20690e-01       3.143e+11  9.731515e-01  1.380585e-02 -1.646588e-01  2.684846e-02
-4.75862e+00 -6.20690e-01       3.055e+11  9.807158e-01  2.560806e-02 -1.437358e-01  1.928417e-02
-4.34483e+00 -6.20690e-01       2.287e+11  9.799989e-01  2.588770e-02 -1.371197e-01  2.000110e-02
-3.93103e+00 -6.20690e-01       2.420e+11  9.848086e-01  7.912871e-03 -9.910197e-02  1.519138e-02
-3.51724e+00 -6.20690e-01       6.265e+11  9.958041e-01  3.836394e-03 -5.544778e-02  4.195893e-03
-3.10345e+00 -6.20690e-01       1.524e+12  9.984214e-01  6.645689e-03 -4.583606e-02  1.578644e-03
-2.68966e+00 -6.20690e-01       2.162e+12  9.987941e-01  8.113310e-03 -4.333072e-02  1.205935e-03
-2.27586e+00 -6.20690e-01       1.784e+12  9.986252e-01  9.604718e-03 -4.373068e-02  1.374756e-03
-1.86207e+00 -6.20690e-01       1.209e+12  9.980866e-01  1.058193e-02 -4.737349e-02  1.913438e-03
-1.44828e+00 -6.20690e-01       1.232e+12  9.980481e-01  4.418020e-03 -4.818687e-02  1.951887e-03
-1.03448e+00 -6.20690e-01       1.411e+12  9.983271e-01 -3.421991e-03 -4.485790e-02  1.672936e-03
-6.20690e-01 -6.20690e-01       1.363e+12  9.985083e-01 -4.775402e-03 -3.833074e-02  1.491660e-03
-2.06897e-01 -6.20690e-01       1.307e+12  9.986861e-01 -4.750742e-04 -2.686999e-02  1.313872e-03
 2.06897e-01 -6.20690e-01       1.261e+12  9.985684e-01 -2.423277e-03 -6.605746e-03  1.431648e-03
 6.20690e-01 -6.20690e-01       1.159e+12  9.978760e-01 -9.979516e-03  2.673703e-02  2.123980e-03
 1.03448e+00 -6.20690e-01       1.007e+12  9.970397e-01 -1.187400e-02  5.564338e-02  2.960286e-03
 1.44828e+00 -6.20690e-01       7.744e+11  9.965509e-01 -7.906695e-03  6.264677e-02  3.449077e-03
 1.86207e+00 -6.20690e-01       8.615e+11  9.975990e-01 -5.929965e-03  4.327432e-02  2.400969e-03
 2.27586e+00 -6.20690e-01       1.624e+12  9.989143e-01 -7.281421e-03  3.112912e-02  1.085720e-03
 2.68966e+00 -6.20690e-01       2.236e+12  9.992847e-01 -8.378288e-03  2.963091e-02  7.152671e-04
 3.10345e+00 -6.20690e-01       1.731e+12  9.991981e-01 -9.099458e-03  3.116128e-02  8.018829e-04
 3.51724e+00 -6.20690e-01       8.014e+11  9.980605e-01 -8.820802e-03  3.988416e-02  1.939513e-03
 3.93103e+00 -6.20690e-01       3.352e+11  9.934109e-01  2.913808e-04  7.208455e-02  6.589090e-03
 4.34483e+00 -6.20690e-01       2.781e+11  9.895344e-01  1.868234e-02  1.052785e-01  1.046563e-02
 4.75862e+00 -6.20690e-01       3.519e+11  9.888944e-01  1.759309e-02  1.180419e-01  1.110559e-02
 5.17241e+00 -6.20690e-01       3.595e+11  9.843403e-01  1.099050e-02  1.376686e-01  1.565970e-02
 5.58621e+00 -6.20690e-01       2.652e+11  9.700607e-01  1.063876e-02  1.806747e-01  2.993934e-02
 6.00000e+00 -6.20690e-01       1.728e+11  9.334864e-01  8.770472e-03  2.638963e-01  6.651357e-02
-6.00000e+00 -2.06897e-01       1.103e+11  9.807343e-01 -1.123487e-02 -1.295546e-01  1.926574e-02
-5.58621e+00 -2.06897e-01       2.033e+11  9.929790e-01 -8.231626e-03 -7.875114e-02  7.020972e-03
-5.17241e+00 -2.06897e-01       2.916e+11  9.965026e-01 -1.938423e-03 -5.981062e-02  3.497429e-03
-4.75862e+00 -2.06897e-01       2.842e+11  9.973482e-01  1.757861e-03 -5.431102e-02  2.651762e-03
-4.34483e+00 -2.06897e-01       2.194e+11  9.968613e-01  1.646933e-03 -5.337247e-02  3.138652e-03
-3.93103e+00 -2.06897e-01       2.647e+11  9.976023e-01 -1.631191e-03 -3.914825e-02  2.397679e-03
-3.51724e+00 -2.06897e-01       7.277e+11  9.991899e-01  8.800510e-04 -2.626410e-02  8.100529e-04
-3.10345e+00 -2.06897e-01       1.659e+12  9.995622e-01  2.807952e-03 -2.362922e-02  4.377637e-04
-2.68966e+00 -2.06897e-01       2.168e+12  9.995693e-01  3.383489e-03 -2.378980e-02  4.306508e-04
-2.27586e+00 -2.06897e-01       1.706e+12  9.994078e-01  3.130196e-03 -2.642230e-02  5.922144e-04
-1.86207e+00 -2.06897e-01       1.247e+12  9.992719e-01  1.090941e-04 -2.925500e-02  7.280898e-04
-1.44828e+00 -2.06897e-01       1.419e+12  9.994975e-01 -4.549262e-03 -2.588611e-02  5.025089e-04
-1.03448e+00 -2.06897e-01       2.035e+12  9.997180e-01 -5.647465e-03 -2.117504e-02  2.820212e-04
-6.20690e-01 -2.06897e-01       3.305e+12  9.998214e-01 -4.618293e-03 -1.740249e-02  1.786327e-04
-2.06897e-01 -2.06897e-01       4.742e+12  9.998613e-01 -4.336279e-03 -1.459272e-02  1.387499e-04
 2.06897e-01 -2.06897e-01       4.695e+12  9.998627e-01 -4.928410e-03 -1.172369e-02  1.373238e-04
 6.20690e-01 -2.06897e-01       3.130e+12  9.997874e-01 -6.290650e-03 -5.879751e-03  2.125792e-04
 1.03448e+00 -2.06897e-01       1.667e+12  9.995608e-01 -7.778117e-03  7.941367e-03  4.391720e-04
 1.44828e+00 -2.06897e-01       9.366e+11  9.992619e-01 -6.629384e-03  2.248256e-02  7.381214e-04
 1.86207e+00 -2.06897e-01       8.334e+11  9.993179e-01 -3.561763e-03  1.683021e-02  6.820800e-04
 2.27586e+00 -2.06897e-01       1.476e+12  9.997192e-01 -3.369891e-03  6.734323e-03  2.808081e-04
 2.68966e+00 -2.06897e-01       2.183e+12  9.998848e-01 -3.789145e-03  4.914612e-03  1.152388e-04
 3.10345e+00 -2.06897e-01       1.844e+12  9.999115e-01 -3.748280e-03  5.193151e-03  8.852153e-05
 3.51724e+00 -2.06897e-01       9.072e+11  9.998038e-01 -2.811118e-03  7.303757e-03  1.961985e-04
 3.93103e+00 -2.06897e-01       3.656e+11  9.993302e-01  8.256722e-04  1.437762e-02  6.697522e-04
 4.34483e+00 -2.06897e-01       2.670e+11  9.989455e-01  3.515527e-03  2.147283e-02  1.054546e-03
 4.75862e+00 -2.06897e-01       3.192e+11  9.990928e-01  3.727862e-04  2.411464e-02  9.071628e-04
 5.17241e+00 -2.06897e-01       3.248e+11  9.989238e-01 -1.851467e-03  2.816742e-02  1.076193e-03
 5.58621e+00 -2.06897e-01       2.329e+11  9.976285e-01 -4.742781e-03  3.941984e-02  2.371513e-03
 6.00000e+00 -2.06897e-01       1.404e+11  9.926711e-01 -1.573298e-02  7.279804e-02  7.328939e-03
-6.00000e+00  2.06897e-01       1.100e+11  9.848133e-01 -2.886563e-02  9.205506e-02  1.518670e-02
-5.58621e+00  2.06897e-01       2.032e+11  9.939638e-01 -1.058969e-02  5.317184e-02  6.036202e-03
-5.17241e+00  2.06897e-01       2.914e+11  9.969888e-01 -6.715282e-03  4.087815e-02  3.011189e-03
-4.75862e+00  2.06897e-01       2.836e+11  9.979357e-01 -1.288936e-02  3.745406e-02  2.064303e-03
-4.34483e+00  2.06897e-01       2.184e+11  9.981149e-01 -1.894601e-02  3.428653e-02  1.885071e-03
-3.93103e+00  2.06897e-01       2.640e+11  9.989047e-01 -1.090349e-02  1.735729e-02  1.095312e-03
-3.51724e+00  2.06897e-01       7.295e+11  9.997009e-01 -2.969018e-03  5.908506e-03  2.991371e-04
-3.10345e+00  2.06897e-01       1.666e+12  9.998511e-01 -1.597758e-03  3.787469e-03  1.489089e-04
-2.68966e+00  2.06897e-01       2.180e+12  9.998349e-01 -1.890546e-03  1.772359e-03  1.650919e-04
-2.27586e+00  2.06897e-01       1.724e+12  9.997258e-01 -4.012201e-03 -1.840797e-03  2.741689e-04
-1.86207e+00  2.06897e-01       1.274e+12  9.996123e-01 -9.501729e-03 -2.776259e-03  3.876755e-04
-1.44828e+00  2.06897e-01       1.451e+12  9.996877e-01 -1.229281e-02  2.436759e-03  3.122635e-04
-1.03448e+00  2.06897e-01       2.055e+12  9.997712e-01 -1.238322e-02  7.931025e-04  2.288022e-04
-6.20690e-01  2.06897e-01       3.293e+12  9.998059e-01 -1.300244e-02 -6.196714e-03  1.940979e-04
-2.06897e-01  2.06897e-01       4.701e+12  9.998142e-01 -1.268747e-02 -1.074912e-02  1.858358e-04
 2.06897e-01  2.06897e-01       4.650e+12  9.998003e-01 -1.185693e-02 -1.335801e-02  1.996991e-04
 6.20690e-01  2.06897e-01       3.110e+12  9.997772e-01 -1.067341e-02 -1.484579e-02  2.227864e-04
 1.03448e+00  2.06897e-01       1.680e+12  9.997794e-01 -7.948284e-03 -1.437302e-02  2.205685e-04
 1.44828e+00  2.06897e-01       9.595e+11  9.997664e-01 -3.732679e-03 -1.377922e-02  2.336112e-04
 1.86207e+00  2.06897e-01       8.462e+11  9.996057e-01 -3.282556e-04 -1.914128e-02  3.942691e-04
 2.27586e+00  2.06897e-01       1.479e+12  9.995780e-01  1.886189e-04 -2.390688e-02  4.219982e-04
 2.68966e+00  2.06897e-01       2.183e+12  9.996253e-01  5.029474e-04 -2.462924e-02  3.747320e-04
 3.10345e+00  2.06897e-01       1.843e+12  9.996162e-01  1.484467e-03 -2.497164e-02  3.837633e-04
 3.51724e+00  2.06897e-01       9.071e+11  9.993783e-01  3.417432e-03 -2.755489e-02  6.217411e-04
 3.93103e+00  2.06897e-01       3.665e+11  9.982428e-01  3.174522e-03 -4.115087e-02  1.757236e-03
 4.34483e+00  2.06897e-01       2.678e+11  9.969141e-01 -8.953785e-03 -6.042793e-02  3.085939e-03
 4.75862e+00  2.06897e-01       3.196e+11  9.966165e-01 -1.433965e-02 -6.550079e-02  3.383493e-03
 5.17241e+00  2.06897e-01       3.252e+11  9.954083e-01 -1.313334e-02 -7.195584e-02  4.591666e-03
 5.58621e+00  2.06897e-01       2.335e+11  9.912474e-01 -1.762473e-02 -9.204473e-02  8.752607e-03
 6.00000e+00  2.06897e-01       1.411e+11  9.798948e-01 -2.901965e-02 -1.441666e-01  2.010524e-02
-6.00000e+00  6.20690e-01       1.134e+11  8.839390e-01 -2.338274e-02  2.586740e-01  1.160610e-01
-5.58621e+00  6.20690e-01       2.155e+11  9.510193e-01 -1.246323e-02  1.875094e-01  4.898067e-02
-5.17241e+00  6.20690e-01       3.129e+11  9.741771e-01 -1.902164e-02  1.499980e-01  2.582287e-02
-4.75862e+00  6.20690e-01       3.029e+11  9.822388e-01 -3.494897e-02  1.299818e-01  1.776117e-02
-4.34483e+00  6.20690e-01       2.254e+11  9.832175e-01 -4.279701e-02  1.200067e-01  1.678254e-02
-3.93103e+00  6.20690e-01       2.395e+11  9.887241e-01 -2.252034e-02  7.825376e-02  1.127593e-02
-3.51724e+00  6.20690e-01       6.298e+11  9.973636e-01 -7.346875e-03  3.571695e-02  2.636370e-03
-3.10345e+00  6.20690e-01       1.541e+12  9.991793e-01 -6.161988e-03  2.688463e-02  8.206848e-04
-2.68966e+00  6.20690e-01       2.197e+12  9.994192e-01 -7.101691e-03  2.294808e-02  5.808371e-04
-2.27586e+00  6.20690e-01       1.836e+12  9.993175e-01 -1.020743e-02  1.851204e-02  6.825098e-04
-1.86207e+00  6.20690e-01       1.285e+12  9.988493e-01 -1.752687e-02  1.816643e-02  1.150688e-03
-1.44828e+00  6.20690e-01       1.339e+12  9.984770e-01 -1.874344e-02  2.856018e-02  1.523010e-03
-1.03448e+00  6.20690e-01       1.519e+12  9.984024e-01 -1.260703e-02  3.331029e-02  1.597558e-03
-6.20690e-01  6.20690e-01       1.412e+12  9.983056e-01 -1.228763e-02  2.446715e-02  1.694433e-03
-2.06897e-01  6.20690e-01       1.285e+12  9.983655e-01 -2.007044e-02  4.128423e-03  1.634492e-03
 2.06897e-01  6.20690e-01       1.238e+12  9.986059e-01 -1.943322e-02 -1.400566e-02  1.394128e-03
 6.20690e-01  6.20690e-01       1.206e+12  9.987279e-01 -7.748190e-03 -2.891556e-02  1.272120e-03
 1.03448e+00  6.20690e-01       1.107e+12  9.986042e-01  3.295472e-04 -4.071502e-02  1.395776e-03
 1.44828e+00  6.20690e-01       8.540e+11  9.982964e-01  2.213613e-03 -4.754864e-02  1.703577e-03
 1.86207e+00  6.20690e-01       8.948e+11  9.982063e-01  3.165873e-03 -4.944312e-02  1.793716e-03
 2.27586e+00  6.20690e-01       1.631e+12  9.985098e-01  3.700566e-03 -4.851888e-02  1.490166e-03
 2.68966e+00  6.20690e-01       2.235e+12  9.986358e-01  4.835540e-03 -4.831864e-02  1.364206e-03
 3.10345e+00  6.20690e-01       1.730e+12  9.984404e-01  6.749630e-03 -4.981967e-02  1.559637e-03
 3.51724e+00  6.20690e-01       8.022e+11  9.968034e-01  9.489680e-03 -5.946466e-02  3.196607e-03
 3.93103e+00  6.20690e-01       3.381e+11  9.899931e-01  3.459623e-03 -9.963644e-02  1.000689e-02
 4.34483e+00  6.20690e-01       2.815e+11  9.838817e-01 -2.323464e-02 -1.431332e-01  1.611827e-02
 4.75862e+00  6.20690e-01       3.545e+11  9.821843e-01 -3.027255e-02 -1.558253e-01  1.781567e-02
 5.17241e+00  6.20690e-01       3.608e+11  9.744116e-01 -2.771479e-02 -1.775772e-01  2.558836e-02
 5.58621e+00  6.20690e-01       2.663e+11  9.525154e-01 -3.704967e-02 -2.305194e-01  4.748456e-02
 6.00000e+00  6.20690e-01       1.749e+11  9.038625e-01 -5.092264e-02 -3.273392e-01  9.613749e-02
-6.00000e+00  1.03448e+00       1.601e+11  7.315570e-01  9.616186e-02  4.331412e-01  2.684430e-01
-5.58621e+00  1.03448e+00       2.406e+11  8.524110e-01 -6.343571e-03  3.311930e-01  1.475890e-01
-5.17241e+00  1.03448e+00       3.274e+11  9.206315e-01 -4.641237e-02  2.454601e-01  7.936853e-02
-4.75862e+00  1.03448e+00       3.177e+11  9.519841e-01 -5.626667e-02  1.961444e-01  4.801587e-02
-4.34483e+00  1.03448e+00       2.415e+11  9.586528e-01 -5.365218e-02  1.873996e-01  4.134717e-02
-3.93103e+00  1.03448e+00       2.151e+11  9.641647e-01 -3.298247e-02  1.509048e-01  3.583531e-02
-3.51724e+00  1.03448e+00       4.615e+11  9.896637e-01 -1.067436e-02  6.120512e-02  1.033631e-02
-3.10345e+00  1.03448e+00       1.254e+12  9.978190e-01 -9.263163e-03  3.602930e-02  2.180972e-03
-2.68966e+00  1.03448e+00       2.126e+12  9.989458e-01 -1.132277e-02  2.888900e-02  1.054234e-03
-2.27586e+00  1.03448e+00       2.048e+12  9.989329e-01 -1.502102e-02  2.319108e-02  1.067060e-03
-1.86207e+00  1.03448e+00       1.349e+12  9.980889e-01 -2.412085e-02  1.974251e-02  1.911147e-03
-1.44828e+00  1.03448e+00       1.187e+12  9.970056e-01 -3.291422e-02  2.889583e-02  2.994385e-03
-1.03448e+00  1.03448e+00       1.676e+12  9.974983e-01 -2.206624e-02  3.802019e-02  2.501711e-03
-6.20690e-01  1.03448e+00       2.111e+12  9.982360e-01 -3.441214e-03  3.482414e-02  1.764049e-03
-2.06897e-01  1.03448e+00       2.141e+12  9.986715e-01  1.282349e-02  1.795406e-02  1.328495e-03
 2.06897e-01  1.03448e+00       2.013e+12  9.986767e-01  1.751526e-02 -1.051999e-02  1.323322e-03
 6.20690e-01  1.03448e+00       1.754e+12  9.981845e-01  1.063448e-02 -3.693176e-02  1.815546e-03
 1.03448e+00  1.03448e+00       1.221e+12  9.972267e-01  1.769153e-03 -5.407875e-02  2.773332e-03
 1.44828e+00  1.03448e+00       7.814e+11  9.961283e-01 -2.439220e-04 -6.186232e-02  3.871668e-03
 1.86207e+00  1.03448e+00       1.054e+12  9.970148e-01  4.764124e-03 -5.685529e-02  2.985181e-03
 2.27586e+00  1.03448e+00       1.940e+12  9.979329e-01  7.112484e-03 -5.366107e-02  2.067143e-03
 2.68966e+00  1.03448e+00       2.242e+12  9.980566e-01  9.399690e-03 -5.422941e-02  1.943402e-03
 3.10345e+00  1.03448e+00       1.459e+12  9.971103e-01  1.250777e-02 -5.937257e-02  2.889714e-03
 3.51724e+00  1.03448e+00       6.185e+11  9.909500e-01  1.558537e-02 -8.573009e-02  9.049980e-03
 3.93103e+00  1.03448e+00       2.984e+11  9.728118e-01 -1.738054e-03 -1.624036e-01  2.718821e-02
 4.34483e+00  1.03448e+00       2.964e+11  9.634869e-01 -3.528690e-02 -2.159149e-01  3.651307e-02
 4.75862e+00  1.03448e+00       3.909e+11  9.575244e-01 -3.754209e-02 -2.391196e-01  4.247564e-02
 5.17241e+00  1.03448e+00       4.009e+11  9.326111e-01 -2.862959e-02 -2.869341e-01  6.738892e-02
 5.58621e+00  1.03448e+00       3.026e+11  8.778760e-01 -2.405763e-02 -3.819644e-01  1.221240e-01
 6.00000e+00  1.03448e+00       2.067e+11  7.859341e-01 -2.227000e-02 -4.895905e-01  2.140659e-01
-6.00000e+00  1.44828e+00       2.209e+11  4.812954e-01  3.248780e-02  7.185703e-01  5.187046e-01
-5.58621e+00  1.44828e+00       2.421e+11  7.177147e-01  8.436957e-03  4.913239e-01  2.822853e-01
-5.17241e+00  1.44828e+00       3.310e+11  8.712778e-01 -1.579999e-02  3.219211e-01  1.287222e-01
-4.75862e+00  1.44828e+00       3.634e+11  9.282861e-01 -3.675628e-02  2.588995e-01  7.171390e-02
-4.34483e+00  1.44828e+00       2.966e+11  9.369570e-01 -6.021407e-02  2.488539e-01  6.304304e-02
-3.93103e+00  1.44828e+00       2.191e+11  9.278964e-01 -5.536684e-02  2.338802e-01  7.210357e-02
-3.51724e+00  1.44828e+00       2.916e+11  9.635762e-01 -1.697162e-02  1.032795e-01  3.642382e-02
-3.10345e+00  1.44828e+00       8.129e+11  9.937501e-01 -1.004451e-02  2.576461e-02  6.249887e-03
-2.68966e+00  1.44828e+00       1.779e+12  9.984442e-01 -1.410958e-02  8.554911e-03  1.555839e-03
-2.27586e+00  1.44828e+00       2.242e+12  9.987909e-01 -1.873637e-02 -7.602023e-04  1.209134e-03
-1.86207e+00  1.44828e+00       1.657e+12  9.978907e-01 -2.637110e-02 -7.497047e-03  2.109348e-03
-1.44828e+00  1.44828e+00       9.221e+11  9.947847e-01 -4.094985e-02 -7.883070e-03  5.215269e-03
-1.03448e+00  1.44828e+00       7.320e+11  9.911860e-01 -6.421523e-02 -4.532482e-03  8.814028e-03
-6.20690e-01  1.44828e+00       9.876e+11  9.924851e-01 -7.606663e-02 -8.056553e-03  7.514861e-03
-2.06897e-01  1.44828e+00       1.272e+12  9.943710e-01 -7.344851e-02 -1.497498e-02  5.628992e-03
 2.06897e-01  1.44828e+00       1.191e+12  9.944680e-01 -6.845217e-02 -2.522168e-02  5.531979e-03
 6.20690e-01  1.44828e+00       7.996e+11  9.923725e-01 -5.928526e-02 -3.816117e-02  7.627463e-03
 1.03448e+00  1.44828e+00       5.016e+11  9.895066e-01 -2.845461e-02 -5.123861e-02  1.049345e-02
 1.44828e+00  1.44828e+00       6.756e+11  9.937242e-01  2.504971e-03 -4.112622e-02  6.275830e-03
 1.86207e+00  1.44828e+00       1.492e+12  9.976744e-01  7.799270e-03 -2.923843e-02  2.325632e-03
 2.27586e+00  1.44828e+00       2.277e+12  9.986484e-01  1.104523e-02 -2.843002e-02  1.351596e-03
 2.68966e+00  1.44828e+00       1.971e+12  9.983379e-01  1.435633e-02 -3.311514e-02  1.662143e-03
 3.10345e+00  1.44828e+00       1.011e+12  9.946319e-01  1.901259e-02 -5.087538e-02  5.368079e-03
 3.51724e+00  1.44828e+00       4.211e+11  9.757214e-01  1.847113e-02 -1.228038e-01  2.427858e-02
 3.93103e+00  1.44828e+00       2.867e+11  9.484241e-01 -2.094120e-02 -2.299481e-01  5.157591e-02
 4.34483e+00  1.44828e+00       3.462e+11  9.464250e-01 -4.928071e-02 -2.625538e-01  5.357501e-02
 4.75862e+00  1.44828e+00       4.164e+11  9.385358e-01 -3.987136e-02 -2.816254e-01  6.146420e-02
 5.17241e+00  1.44828e+00       3.640e+11  8.916073e-01 -2.705813e-02 -3.356634e-01  1.083927e-01
 5.58621e+00  1.44828e+00       2.432e+11  7.469368e-01 -1.387411e-02 -4.803650e-01  2.530632e-01
 6.00000e+00  1.44828e+00       1.859e+11  4.483290e-01  8.579308e-03 -7.011941e-01  5.516710e-01
-6.00000e+00  1.86207e+00       2.087e+11  3.333909e-01  1.192614e-01  6.481671e-01  6.666091e-01
-5.58621e+00  1.86207e+00       2.514e+11  5.838403e-01  3.384787e-02  5.498976e-01  4.161597e-01
-5.17241e+00  1.86207e+00       3.597e+11  7.674630e-01 -3.618799e-02  4.168893e-01  2.325370e-01
-4.75862e+00  1.86207e+00       4.129e+11  8.739295e-01 -5.618555e-02  3.136409e-01  1.260705e-01
-4.34483e+00  1.86207e+00       3.575e+11  9.157978e-01 -6.522660e-02  2.738200e-01  8.420217e-02
-3.93103e+00  1.86207e+00       2.622e+11  9.071795e-01 -6.464660e-02  2.823026e-01  9.282045e-02
-3.51724e+00  1.86207e+00       2.104e+11  9.061353e-01 -3.097057e-02  2.116121e-01  9.386472e-02
-3.10345e+00  1.86207e+00       3.781e+11  9.702701e-01 -7.204163e-04  1.959720e-02  2.972986e-02
-2.68966e+00  1.86207e+00       1.038e+12  9.933555e-01 -8.848691e-03 -4.671490e-02  6.644546e-03
-2.27586e+00  1.86207e+00       1.936e+12  9.950675e-01 -1.785565e-02 -6.881237e-02  4.932539e-03
-1.86207e+00  1.86207e+00       2.082e+12  9.936295e-01 -2.779472e-02 -8.464274e-02  6.370508e-03
-1.44828e+00  1.86207e+00       1.375e+12  9.908370e-01 -4.448162e-02 -9.286345e-02  9.163027e-03
-1.03448e+00  1.86207e+00       7.773e+11  9.881087e-01 -6.072473e-02 -7.082278e-02  1.189133e-02
-6.20690e-01  1.86207e+00       5.802e+11  9.888368e-01 -3.626544e-02 -2.396347e-02  1.116321e-02
-2.06897e-01  1.86207e+00       5.118e+11  9.896858e-01  1.022516e-02 -9.460080e-03  1.031418e-02
 2.06897e-01  1.86207e+00       4.577e+11  9.882565e-01  2.692753e-02 -3.003134e-02  1.174346e-02
 6.20690e-01  1.86207e+00       4.217e+11  9.851282e-01  3.026650e-03 -4.400090e-02  1.487185e-02
 1.03448e+00  1.86207e+00       5.733e+11  9.872732e-01 -1.281687e-02  8.389724e-03  1.272683e-02
 1.44828e+00  1.86207e+00       1.244e+12  9.936446e-01  1.639102e-03  5.022196e-02  6.355371e-03
 1.86207e+00  1.86207e+00       2.118e+12  9.964213e-01  1.166753e-02  5.238931e-02  3.578665e-03
 2.27586e+00  1.86207e+00       2.121e+12  9.972088e-01  1.681782e-02  4.320980e-02  2.791241e-03
 2.68966e+00  1.86207e+00       1.249e+12  9.955580e-01  2.164425e-02  2.299789e-02  4.442020e-03
 3.10345e+00  1.86207e+00       5.367e+11  9.814914e-01  2.821548e-02 -4.619162e-02  1.850858e-02
 3.51724e+00  1.86207e+00       3.048e+11  9.447308e-01  6.876817e-03 -1.943119e-01  5.526918e-02
 3.93103e+00  1.86207e+00       3.130e+11  9.308434e-01 -4.317253e-02 -2.719972e-01  6.915660e-02
 4.34483e+00  1.86207e+00       4.238e+11  9.302470e-01 -5.223751e-02 -2.991482e-01  6.975303e-02
 4.75862e+00  1.86207e+00       4.986e+11  8.995780e-01 -3.889142e-02 -3.492590e-01  1.004220e-01
 5.17241e+00  1.86207e+00       4.373e+11  8.147267e-01 -2.975525e-02 -4.566750e-01  1.852733e-01
 5.58621e+00  1.86207e+00       3.291e+11  6.822280e-01 -2.565805e-02 -6.043154e-01  3.177720e-01
 6.00000e+00  1.86207e+00       2.765e+11  4.902854e-01 -1.886262e-02 -7.125996e-01  5.097146e-01
-6.00000e+00  2.27586e+00       3.531e+11  1.362405e-01 -4.278257e-02  8.550191e-01  8.637595e-01
-5.58621e+00  2.27586e+00       2.859e+11  3.942788e-01 -2.735026e-02  7.270845e-01  6.057212e-01
-5.17241e+00  2.27586e+00       3.673e+11  6.690066e-01 -4.329461e-02  5.261212e-01  3.309934e-01
-4.75862e+00  2.27586e+00       4.697e+11  8.232895e-01 -5.852370e-02  3.788479e-01  1.767105e-01
-4.34483e+00  2.27586e+00       4.514e+11  8.956872e-01 -7.067772e-02  2.973022e-01  1.043128e-01
-3.93103e+00  2.27586e+00       3.488e+11  9.082621e-01 -7.565248e-02  2.848429e-01  9.173794e-02
-3.51724e+00  2.27586e+00       2.451e+11  8.794381e-01 -5.709710e-02  2.916605e-01  1.205619e-01
-3.10345e+00  2.27586e+00       1.932e+11  8.850934e-01 -2.448783e-03  1.530235e-01  1.149066e-01
-2.68966e+00  2.27586e+00       3.356e+11  9.552675e-01  2.225668e-02 -1.009808e-01  4.473251e-02
-2.27586e+00  2.27586e+00       8.728e+11  9.703281e-01  8.305155e-04 -1.955923e-01  2.967191e-02
-1.86207e+00  2.27586e+00       1.618e+12  9.630828e-01 -1.693922e-02 -2.402806e-01  3.691725e-02
-1.44828e+00  2.27586e+00       1.796e+12  9.511427e-01 -3.713810e-02 -2.770061e-01  4.885728e-02
-1.03448e+00  2.27586e+00       1.183e+12  9.340982e-01 -6.697353e-02 -3.087612e-01  6.590182e-02
-6.20690e-01  2.27586e+00       4.965e+11  9.049573e-01 -1.090807e-01 -3.260759e-01  9.504266e-02
-2.06897e-01  2.27586e+00       1.893e+11  8.558929e-01 -1.378678e-01 -2.489858e-01  1.441071e-01
 2.06897e-01  2.27586e+00       1.905e+11  8.737842e-01 -8.281831e-02  9.366777e-02  1.262158e-01
 6.20690e-01  2.27586e+00       5.025e+11  9.277306e-01 -3.057445e-02  2.652500e-01  7.226944e-02
 1.03448e+00  2.27586e+00       1.218e+12  9.504193e-01 -1.786479e-03  2.723447e-01  4.958068e-02
 1.44828e+00  2.27586e+00       1.914e+12  9.625951e-01  1.441212e-02  2.467263e-01  3.740494e-02
 1.86207e+00  2.27586e+00       1.815e+12  9.711408e-01  2.191685e-02  2.142905e-01  2.885917e-02
 2.27586e+00  2.27586e+00       1.068e+12  9.767864e-01  2.690322e-02  1.699802e-01  2.321362e-02
 2.68966e+00  2.27586e+00       4.895e+11  9.717147e-01  3.795709e-02  6.577233e-02  2.828531e-02
 3.10345e+00  2.27586e+00       3.043e+11  9.412992e-01  2.965800e-02 -1.344617e-01  5.870081e-02
 3.51724e+00  2.27586e+00       3.029e+11  9.221783e-01 -2.518255e-02 -2.489347e-01  7.782169e-02
 3.93103e+00  2.27586e+00       4.005e+11  9.284978e-01 -5.928949e-02 -2.798353e-01  7.150216e-02
 4.34483e+00  2.27586e+00       5.423e+11  9.187798e-01 -5.279550e-02 -3.176503e-01  8.122018e-02
 4.75862e+00  2.27586e+00       5.571e+11  8.641908e-01 -4.440785e-02 -3.920788e-01  1.358092e-01
 5.17241e+00  2.27586e+00       4.401e+11  7.369096e-01 -4.918863e-02 -5.317832e-01  2.630904e-01
 5.58621e+00  2.27586e+00       3.487e+11  5.188869e-01 -4.659969e-02 -7.085152e-01  4.811131e-01
 6.00000e+00  2.27586e+00       3.845e+11  2.161571e-01 -2.144873e-02 -8.368855e-01  7.838429e-01
-6.00000e+00  2.68966e+00       5.121e+11  1.230243e-01  4.660164e-02  8.628364e-01  8.769757e-01
-5.58621e+00  2.68966e+00       3.687e+11  3.076578e-01  7.501260e-02  7.935166e-01  6.923422e-01
-5.17241e+00  2.68966e+00       3.730e+11  5.405726e-01  1.978721e-02  6.340337e-01  4.594274e-01
-4.75862e+00  2.68966e+00       4.845e+11  7.545230e-01 -3.307319e-02  4.389414e-01  2.454770e-01
-4.34483e+00  2.68966e+00       5.402e+11  8.743008e-01 -5.651073e-02  3.081616e-01  1.256992e-01
-3.93103e+00  2.68966e+00       4.665e+11  9.200401e-01 -7.330528e-02  2.532657e-01  7.995988e-02
-3.51724e+00  2.68966e+00       3.487e+11  9.065395e-01 -7.049807e-02  2.673450e-01  9.346055e-02
-3.10345e+00  2.68966e+00       2.389e+11  8.594749e-01 -3.826214e-02  2.711370e-01  1.405251e-01
-2.68966e+00  2.68966e+00       1.603e+11  8.402387e-01  3.874456e-02  1.197760e-01  1.597613e-01
-2.27586e+00  2.68966e+00       1.700e+11  8.789711e-01  1.033021e-01 -2.009318e-01  1.210289e-01
-1.86207e+00  2.68966e+00       3.267e+11  8.530661e-01  7.326040e-02 -4.233426e-01  1.469339e-01
-1.44828e+00  2.68966e+00       6.361e+11  7.679128e-01  5.184567e-02 -5.559615e-01  2.320872e-01
-1.03448e+00  2.68966e+00       8.951e+11  6.370209e-01  4.015626e-02 -6.484703e-01  3.629791e-01
-6.20690e-01  2.68966e+00       8.690e+11  4.213884e-01  2.200267e-02 -6.502855e-01  5.786116e-01
-2.06897e-01  2.68966e+00       7.073e+11  1.548911e-01  7.472834e-03 -3.124968e-01  8.451089e-01
 2.06897e-01  2.68966e+00       7.400e+11  1.966616e-01  3.340440e-02  3.614930e-01  8.033384e-01
 6.20690e-01  2.68966e+00       9.676e+11  4.837127e-01  5.940484e-02  6.434137e-01  5.162873e-01
 1.03448e+00  2.68966e+00       1.037e+12  6.817924e-01  5.704048e-02  6.229894e-01  3.182076e-01
 1.44828e+00  2.68966e+00       7.765e+11  7.967387e-01  4.496132e-02  5.274469e-01  2.032613e-01
 1.86207e+00  2.68966e+00       4.467e+11  8.756232e-01  4.629011e-02  3.876275e-01  1.243768e-01
 2.27586e+00  2.68966e+00       2.828e+11  9.231105e-01  6.998010e-02  1.635378e-01  7.688946e-02
 2.68966e+00  2.68966e+00       2.667e+11  9.264897e-01  5.561517e-02 -8.313505e-02  7.351028e-02
 3.10345e+00  2.68966e+00       2.983e+11  9.192720e-01 -5.298941e-03 -1.989529e-01  8.072798e-02
 3.51724e+00  2.68966e+00       3.784e+11  9.311162e-01 -5.637535e-02 -2.260176e-01  6.888381e-02
 3.93103e+00  2.68966e+00       5.444e+11  9.388778e-01 -5.800215e-02 -2.569596e-01  6.112219e-02
 4.34483e+00  2.68966e+00       6.361e+11  9.095306e-01 -4.366109e-02 -3.145220e-01  9.046938e-02
 4.75862e+00  2.68966e+00       5.456e+11  8.129234e-01 -3.599212e-02 -4.342595e-01  1.870766e-01
 5.17241e+00  2.68966e+00       4.154e+11  6.370498e-01 -2.865842e-02 -6.223882e-01  3.629502e-01
 5.58621e+00  2.68966e+00       3.765e+11  4.113456e-01 -8.998752e-03 -7.756799e-01  5.886544e-01
 6.00000e+00  2.68966e+00       4.969e+11  1.389731e-01 -9.932814e-03 -8.665929e-01  8.610269e-01
-6.00000e+00  3.10345e+00       7.772e+11  9.955037e-02  1.886275e-02  9.026718e-01  9.004496e-01
-5.58621e+00  3.10345e+00       5.247e+11  2.536878e-01  6.342248e-02  8.494535e-01  7.463122e-01
-5.17241e+00  3.10345e+00       4.083e+11  4.274086e-01  5.567778e-02  7.488922e-01  5.725914e-01
-4.75862e+00  3.10345e+00       4.677e+11  6.511222e-01 -1.105474e-02  5.437451e-01  3.488778e-01
-4.34483e+00  3.10345e+00       5.869e+11  8.249798e-01 -4.618437e-02  3.452594e-01  1.750202e-01
-3.93103e+00  3.10345e+00       5.932e+11  9.149228e-01 -6.435149e-02  2.211893e-01  8.507716e-02
-3.51724e+00  3.10345e+00       4.855e+11  9.428934e-01 -7.575948e-02  1.793819e-01  5.710660e-02
-3.10345e+00  3.10345e+00       3.666e+11  9.166068e-01 -6.148004e-02  2.102733e-01  8.339321e-02
-2.68966e+00  3.10345e+00       2.527e+11  8.513883e-01 -2.749797e-02  2.273516e-01  1.486117e-01
-2.27586e+00  3.10345e+00       1.528e+11  7.799128e-01  6.158960e-02  1.042007e-01  2.200872e-01
-1.86207e+00  3.10345e+00       1.046e+11  7.490848e-01  2.297236e-01 -2.062864e-01  2.509152e-01
-1.44828e+00  3.10345e+00       9.433e+10  7.162374e-01  2.893694e-01 -4.605098e-01  2.837626e-01
-1.03448e+00  3.10345e+00       8.348e+10  5.983452e-01  2.646032e-01 -5.665786e-01  4.016548e-01
-6.20690e-01  3.10345e+00       6.641e+10  3.814601e-01  2.388273e-01 -5.110352e-01  6.185399e-01
-2.06897e-01  3.10345e+00       6.032e+10  2.168295e-01  2.077403e-01 -1.860344e-01  7.831705e-01
 2.06897e-01  3.10345e+00       7.323e+10  3.337663e-01  1.872943e-01  2.452805e-01  6.662337e-01
 6.20690e-01  3.10345e+00       1.018e+11  5.458637e-01  1.808890e-01  4.963275e-01  4.541363e-01
 1.03448e+00  3.10345e+00       1.290e+11  6.677058e-01  1.716952e-01  5.633220e-01  3.322942e-01
 1.44828e+00  3.10345e+00       1.448e+11  7.504280e-01  1.721890e-01  4.642759e-01  2.495720e-01
 1.86207e+00  3.10345e+00       1.808e+11  8.506043e-01  1.498907e-01  1.891795e-01  1.493957e-01
 2.27586e+00  3.10345e+00       2.503e+11  9.072592e-01  7.880198e-02 -3.758872e-02  9.274079e-02
 2.68966e+00  3.10345e+00       3.009e+11  9.171588e-01  3.689234e-03 -1.191835e-01  8.284120e-02
 3.10345e+00  3.10345e+00       3.650e+11  9.334112e-01 -5.274930e-02 -1.308489e-01  6.658879e-02
 3.51724e+00  3.10345e+00       5.444e+11  9.551186e-01 -6.004642e-02 -1.648244e-01  4.488136e-02
 3.93103e+00  3.10345e+00       7.076e+11  9.440519e-01 -4.678382e-02 -2.232133e-01  5.594807e-02
 4.34483e+00  3.10345e+00       6.638e+11  8.777842e-01 -3.931361e-02 -3.293072e-01  1.222158e-01
 4.75862e+00  3.10345e+00       5.168e+11  7.325999e-01 -3.761846e-02 -5.199140e-01  2.674001e-01
 5.17241e+00  3.10345e+00       4.314e+11  5.471703e-01 -2.128214e-02 -7.093702e-01  4.528297e-01
 5.58621e+00  3.10345e+00       4.919e+11  3.141737e-01 -5.838654e-03 -8.288222e-01  6.858263e-01
 6.00000e+00  3.10345e+00       7.547e+11  8.590428e-02 -1.512763e-02 -9.088538e-01  9.140957e-01
-6.00000e+00  3.51724e+00       1.131e+12  1.145283e-01  2.921079e-03  9.287945e-01  8.854717e-01
-5.58621e+00  3.51724e+00       8.006e+11  2.500355e-01  4.248528e-02  8.757365e-01  7.499645e-01
-5.17241e+00  3.51724e+00       5.375e+11  3.865071e-01  7.814230e-02  8.124243e-01  6.134929e-01
-4.75862e+00  3.51724e+00       4.563e+11  5.407903e-01  3.597196e-02  6.797632e-01  4.592097e-01
-4.34483e+00  3.51724e+00       5.503e+11  7.378146e-01 -2.752026e-02  4.401476e-01  2.621854e-01
-3.93103e+00  3.51724e+00       6.635e+11  8.776641e-01 -5.217410e-02  2.280343e-01  1.223359e-01
-3.51724e+00  3.51724e+00       6.385e+11  9.451667e-01 -6.790629e-02  9.608403e-02  5.483327e-02
-3.10345e+00  3.51724e+00       5.147e+11  9.649710e-01 -7.550052e-02  4.902899e-02  3.502902e-02
-2.68966e+00  3.51724e+00       4.044e+11  9.417621e-01 -5.092973e-02  8.743240e-02  5.823786e-02
-2.27586e+00  3.51724e+00       3.029e+11  8.699614e-01 -2.441352e-02  1.484660e-01  1.300386e-01
-1.86207e+00  3.51724e+00       1.873e+11  7.405911e-01  1.884754e-02  1.438467e-01  2.594089e-01
-1.44828e+00  3.51724e+00       1.060e+11  5.651257e-01  2.432946e-01 -2.068973e-02  4.348743e-01
-1.03448e+00  3.51724e+00       7.266e+10  4.577857e-01  5.786900e-01 -2.561583e-01  5.422143e-01
-6.20690e-01  3.51724e+00       5.697e+10  4.040407e-01  7.209621e-01 -3.439843e-01  5.959593e-01
-2.06897e-01  3.51724e+00       4.900e+10  3.312576e-01  7.383761e-01 -2.560713e-01  6.687424e-01
 2.06897e-01  3.51724e+00       5.148e+10  3.270229e-01  7.143105e-01  4.241194e-03  6.729771e-01
 6.20690e-01  3.51724e+00       6.979e+10  4.730150e-01  6.066086e-01  2.676866e-01  5.269850e-01
 1.03448e+00  3.51724e+00       1.166e+11  6.913797e-01  3.929258e-01  2.852555e-01  3.086203e-01
 1.44828e+00  3.51724e+00       2.006e+11  8.478227e-01  1.814900e-01  1.452425e-01  1.521773e-01
 1.86207e+00  3.51724e+00       2.799e+11  8.993326e-01  5.522191e-02  3.977617e-02  1.006674e-01
 2.27586e+00  3.51724e+00       2.982e+11  8.946809e-01 -1.363453e-02  1.513588e-02  1.053191e-01
 2.68966e+00  3.51724e+00       3.503e+11  9.183810e-01 -5.564811e-02  2.374686e-02  8.161898e-02
 3.10345e+00  3.51724e+00       5.592e+11  9.633363e-01 -5.799500e-02 -2.442659e-02  3.666369e-02
 3.51724e+00  3.51724e+00       7.693e+11  9.687669e-01 -4.623693e-02 -9.313784e-02  3.123309e-02
 3.93103e+00  3.51724e+00       7.508e+11  9.252601e-01 -4.036277e-02 -1.996436e-01  7.473995e-02
 4.34483e+00  3.51724e+00       5.958e+11  8.087189e-01 -4.234409e-02 -4.005689e-01  1.912811e-01
 4.75862e+00  3.51724e+00       4.875e+11  6.543070e-01 -3.197541e-02 -6.219211e-01  3.456930e-01
 5.17241e+00  3.51724e+00       4.943e+11  4.807807e-01 -7.110070e-03 -7.615849e-01  5.192193e-01
 5.58621e+00  3.51724e+00       7.156e+11  2.533690e-01 -9.673616e-03 -8.699738e-01  7.466310e-01
 6.00000e+00  3.51724e+00       1.124e+12  9.052295e-02 -1.646488e-02 -9.382086e-01  9.094770e-01
-6.00000e+00  3.93103e+00       1.522e+12  1.591767e-01 -7.261654e-03  9.449798e-01  8.408233e-01
-5.58621e+00  3.93103e+00       1.212e+12  2.695310e-01  1.468409e-02  8.943861e-01  7.304690e-01
-5.17241e+00  3.93103e+00       8.255e+11  3.976580e-01  5.773242e-02  8.286974e-01  6.023420e-01
-4.75862e+00  3.93103e+00       5.500e+11  5.032500e-01  8.021047e-02  7.579915e-01  4.967500e-01
-4.34483e+00  3.93103e+00       4.852e+11  6.314410e-01  2.334742e-02  6.016952e-01  3.685590e-01
-3.93103e+00  3.93103e+00       5.916e+11  7.952832e-01 -3.507099e-02  3.280566e-01  2.047168e-01
-3.51724e+00  3.93103e+00       7.069e+11  9.037318e-01 -5.498783e-02  8.279763e-02  9.626825e-02
-3.10345e+00  3.93103e+00       6.819e+11  9.476989e-01 -6.879789e-02 -7.855278e-02  5.230107e-02
-2.68966e+00  3.93103e+00       5.479e+11  9.577065e-01 -8.134182e-02 -1.643139e-01  4.229352e-02
-2.27586e+00  3.93103e+00       4.320e+11  9.514977e-01 -5.187366e-02 -1.671156e-01  4.850228e-02
-1.86207e+00  3.93103e+00       3.772e+11  9.204577e-01  2.053308e-03 -8.797073e-02  7.954234e-02
-1.44828e+00  3.93103e+00       3.240e+11  8.386911e-01 -1.327513e-03  4.762815e-02  1.613089e-01
-1.03448e+00  3.93103e+00       2.327e+11  6.703479e-01 -5.199186e-02  2.272607e-01  3.296521e-01
-6.20690e-01  3.93103e+00       1.551e+11  4.618310e-01 -7.981480e-02  4.326049e-01  5.381690e-01
-2.06897e-01  3.93103e+00       1.358e+11  4.637079e-01 -3.882626e-02  5.646019e-01  5.362921e-01
 2.06897e-01  3.93103e+00       1.767e+11  6.471733e-01 -2.835536e-03  5.342278e-01  3.528267e-01
 6.20690e-01  3.93103e+00       2.513e+11  7.685359e-01 -1.006361e-02  4.115467e-01  2.314641e-01
 1.03448e+00  3.93103e+00       2.917e+11  7.989681e-01 -2.801155e-02  2.724839e-01  2.010319e-01
 1.44828e+00  3.93103e+00       2.576e+11  7.523577e-01 -2.835480e-02  1.781914e-01  2.476423e-01
 1.86207e+00  3.93103e+00       2.308e+11  7.268344e-01 -2.498009e-02  2.160595e-01  2.731656e-01
 2.27586e+00  3.93103e+00       3.482e+11  8.574556e-01 -4.854686e-02  2.452340e-01  1.425444e-01
 2.68966e+00  3.93103e+00       6.207e+11  9.469615e-01 -5.092376e-02  1.710226e-01  5.303846e-02
 3.10345e+00  3.93103e+00       8.286e+11  9.693662e-01 -4.391391e-02  8.652748e-02  3.063384e-02
 3.51724e+00  3.93103e+00       7.823e+11  9.453924e-01 -4.271233e-02 -3.735156e-02  5.460761e-02
 3.93103e+00  3.93103e+00       6.205e+11  8.562898e-01 -4.875910e-02 -2.708917e-01  1.437102e-01
 4.34483e+00  3.93103e+00       5.226e+11  7.344903e-01 -4.038097e-02 -5.269026e-01  2.655097e-01
 4.75862e+00  3.93103e+00       5.157e+11  6.154605e-01 -1.035230e-02 -6.757269e-01  3.845395e-01
 5.17241e+00  3.93103e+00       6.914e+11  4.262403e-01 -5.816291e-03 -8.006848e-01  5.737597e-01
 5.58621e+00  3.93103e+00       1.131e+12  2.465694e-01 -1.630246e-02 -9.037203e-01  7.534306e-01
 6.00000e+00  3.93103e+00       1.571e+12  1.399569e-01 -1.270106e-02 -9.537147e-01  8.600431e-01
-6.00000e+00  4.34483e+00       1.832e+12  2.253929e-01 -1.107054e-02  9.475036e-01  7.746071e-01
-5.58621e+00  4.34483e+00       1.684e+12  3.116931e-01 -4.276810e-03  9.039858e-01  6.883069e-01
-5.17241e+00  4.34483e+00       1.289e+12  4.242804e-01  2.192595e-02  8.334755e-01  5.757196e-01
-4.75862e+00  4.34483e+00       8.578e+11  5.374803e-01  6.857869e-02  7.533371e-01  4.625197e-01
-4.34483e+00  4.34483e+00       5.598e+11  6.144383e-01  8.806303e-02  6.818508e-01  3.855617e-01
-3.93103e+00  4.34483e+00       4.808e+11  7.009757e-01  2.539725e-02  5.352299e-01  2.990243e-01
-3.51724e+00  4.34483e+00       5.647e+11  8.153914e-01 -3.842009e-02  2.362793e-01  1.846086e-01
-3.10345e+00  4.34483e+00       6.847e+11  8.840636e-01 -5.926010e-02 -7.499819e-02  1.159364e-01
-2.68966e+00  4.34483e+00       7.037e+11  8.885044e-01 -6.616918e-02 -2.950534e-01  1.114956e-01
-2.27586e+00  4.34483e+00       5.935e+11  8.536942e-01 -8.523990e-02 -4.441999e-01  1.463058e-01
-1.86207e+00  4.34483e+00       4.459e+11  8.082008e-01 -9.932847e-02 -5.413930e-01  1.917992e-01
-1.44828e+00  4.34483e+00       3.218e+11  7.665199e-01 -7.196499e-02 -5.823110e-01  2.334801e-01
-1.03448e+00  4.34483e+00       2.273e+11  6.960059e-01  2.489064e-02 -5.613271e-01  3.039941e-01
-6.20690e-01  4.34483e+00       1.716e+11  5.234946e-01  2.385190e-01 -5.024194e-01  4.765054e-01
-2.06897e-01  4.34483e+00       1.534e+11  3.162825e-01  4.472317e-01 -4.397666e-01  6.837175e-01
 2.06897e-01  4.34483e+00       1.374e+11  1.863770e-01  5.042233e-01 -3.208227e-01  8.136230e-01
 6.20690e-01  4.34483e+00       1.159e+11  1.182176e-01  3.678815e-01 -3.368334e-02  8.817824e-01
 1.03448e+00  4.34483e+00       1.298e+11  2.095420e-01  7.387281e-02  4.186247e-01  7.904580e-01
 1.44828e+00  4.34483e+00       2.382e+11  5.155329e-01 -4.809794e-02  5.977082e-01  4.844671e-01
 1.86207e+00  4.34483e+00       4.711e+11  7.474964e-01 -5.227843e-02  5.346423e-01  2.525036e-01
 2.27586e+00  4.34483e+00       7.347e+11  8.601174e-01 -4.729341e-02  4.324139e-01  1.398826e-01
 2.68966e+00  4.34483e+00       8.263e+11  9.099666e-01 -4.571689e-02  3.231841e-01  9.003344e-02
 3.10345e+00  4.34483e+00       7.057e+11  9.148508e-01 -5.185426e-02  1.486730e-01  8.514921e-02
 3.51724e+00  4.34483e+00       5.679e+11  8.650999e-01 -6.214295e-02 -1.565302e-01  1.349001e-01
 3.93103e+00  4.34483e+00       5.154e+11  7.930298e-01 -4.740872e-02 -4.328547e-01  2.069702e-01
 4.34483e+00  4.34483e+00       5.248e+11  7.236069e-01 -9.107435e-03 -5.690714e-01  2.763931e-01
 4.75862e+00  4.34483e+00       6.813e+11  5.824054e-01 -2.321856e-03 -6.994822e-01  4.175946e-01
 5.17241e+00  4.34483e+00       1.128e+12  4.071595e-01 -1.628286e-02 -8.389827e-01  5.928405e-01
 5.58621e+00  4.34483e+00       1.703e+12  2.915287e-01 -1.489148e-02 -9.170189e-01  7.084713e-01
 6.00000e+00  4.34483e+00       1.935e+12  2.141164e-01 -4.525720e-03 -9.530097e-01  7.858836e-01
-6.00000e+00  4.75862e+00       1.966e+12  3.059144e-01 -9.545872e-03  9.338621e-01  6.940856e-01
-5.58621e+00  4.75862e+00       2.051e+12  3.757342e-01 -9.871213e-03  8.972550e-01  6.242658e-01
-5.17241e+00  4.75862e+00       1.821e+12  4.668713e-01 -1.194026e-03  8.326739e-01  5.331287e-01
-4.75862e+00  4.75862e+00       1.388e+12  5.759005e-01  2.764410e-02  7.386875e-01  4.240995e-01
-4.34483e+00  4.75862e+00       9.244e+11  6.734124e-01  7.645371e-02  6.417202e-01  3.265876e-01
-3.93103e+00  4.75862e+00       5.788e+11  7.247125e-01  1.032654e-01  5.731524e-01  2.752875e-01
-3.51724e+00  4.75862e+00       4.481e+11  7.648575e-01  4.712533e-02  4.789720e-01  2.351425e-01
-3.10345e+00  4.75862e+00       4.668e+11  8.139435e-01 -3.018935e-02  2.310776e-01  1.860565e-01
-2.68966e+00  4.75862e+00       5.422e+11  8.098289e-01 -7.176834e-02 -1.572024e-01  1.901711e-01
-2.27586e+00  4.75862e+00       6.142e+11  7.322344e-01 -7.430865e-02 -4.893189e-01  2.677656e-01
-1.86207e+00  4.75862e+00       5.921e+11  5.911787e-01 -6.832416e-02 -6.987238e-01  4.088213e-01
-1.44828e+00  4.75862e+00       4.980e+11  3.689688e-01 -9.705929e-02 -8.348034e-01  6.310312e-01
-1.03448e+00  4.75862e+00       4.170e+11  7.738722e-02 -1.513467e-01 -8.778896e-01  9.226128e-01
-6.20690e-01  4.75862e+00       3.462e+11 -2.346174e-01 -1.756441e-01 -7.660677e-01  7.653826e-01
-2.06897e-01  4.75862e+00       2.864e+11 -5.210953e-01 -1.622702e-01 -3.878135e-01  4.789047e-01
 2.06897e-01  4.75862e+00       2.840e+11 -5.858338e-01 -1.446331e-01  2.312803e-01  4.141662e-01
 6.20690e-01  4.75862e+00       3.521e+11 -3.353369e-01 -1.338654e-01  6.824124e-01  6.646631e-01
 1.03448e+00  4.75862e+00       4.707e+11  5.361906e-02 -1.040750e-01  8.307882e-01  9.463809e-01
 1.44828e+00  4.75862e+00       6.129e+11  4.017348e-01 -6.991398e-02  8.026516e-01  5.982652e-01
 1.86207e+00  4.75862e+00       6.839e+11  6.149722e-01 -5.879960e-02  7.135093e-01  3.850278e-01
 2.27586e+00  4.75862e+00       6.098e+11  7.350687e-01 -6.682398e-02  5.682710e-01  2.649313e-01
 2.68966e+00  4.75862e+00       4.969e+11  8.143121e-01 -8.358885e-02  2.699562e-01  1.856879e-01
 3.10345e+00  4.75862e+00       4.619e+11  8.472381e-01 -8.671310e-02 -1.133552e-01  1.527619e-01
 3.51724e+00  4.75862e+00       4.789e+11  8.403139e-01 -4.638892e-02 -3.359146e-01  1.596861e-01
 3.93103e+00  4.75862e+00       5.170e+11  8.132894e-01  1.271329e-03 -4.294425e-01  1.867106e-01
 4.34483e+00  4.75862e+00       6.759e+11  7.126762e-01  3.139621e-04 -5.654553e-01  2.873238e-01
 4.75862e+00  4.75862e+00       1.127e+12  5.582184e-01 -1.746747e-02 -7.427954e-01  4.417816e-01
 5.17241e+00  4.75862e+00       1.787e+12  4.446345e-01 -1.559804e-02 -8.516266e-01  5.553655e-01
 5.58621e+00  4.75862e+00       2.183e+12  3.661292e-01 -4.255750e-03 -9.059494e-01  6.338708e-01
 6.00000e+00  4.75862e+00       2.039e+12  2.969150e-01  4.234915e-03 -9.373627e-01  7.030850e-01
-6.00000e+00  5.17241e+00       1.917e+12  4.023000e-01 -7.371093e-03  9.009270e-01  5.977000e-01
-5.58621e+00  5.17241e+00       2.209e+12  4.531415e-01 -8.654195e-03  8.725577e-01  5.468585e-01
-5.17241e+00  5.17241e+00       2.198e+12  5.252366e-01 -8.632280e-03  8.180462e-01  4.747634e-01
-4.75862e+00  5.17241e+00       1.940e+12  6.143394e-01  1.852172e-04  7.298096e-01  3.856606e-01
-4.34483e+00  5.17241e+00       1.519e+12  7.125796e-01  2.751162e-02  6.087124e-01  2.874204e-01
-3.93103e+00  5.17241e+00       1.046e+12  7.954818e-01  7.613986e-02  4.856029e-01  2.045182e-01
-3.51724e+00  5.17241e+00       6.353e+11  8.297267e-01  1.218558e-01  4.054212e-01  1.702733e-01
-3.10345e+00  5.17241e+00       4.201e+11  8.347934e-01  9.761983e-02  3.569343e-01  1.652066e-01
-2.68966e+00  5.17241e+00       3.770e+11  8.594632e-01  1.391832e-02  2.549249e-01  1.405368e-01
-2.27586e+00  5.17241e+00       3.619e+11  8.329364e-01 -5.759581e-02  3.853759e-02  1.670636e-01
-1.86207e+00  5.17241e+00       3.424e+11  6.416818e-01 -1.255926e-01 -3.350888e-01  3.583182e-01
-1.44828e+00  5.17241e+00       3.579e+11  2.849876e-01 -1.665046e-01 -6.879721e-01  7.150124e-01
-1.03448e+00  5.17241e+00       3.825e+11 -8.260498e-02 -1.489785e-01 -7.813406e-01  9.173950e-01
-6.20690e-01  5.17241e+00       3.713e+11 -4.239206e-01 -9.054309e-02 -5.894625e-01  5.760794e-01
-2.06897e-01  5.17241e+00       3.439e+11 -6.682240e-01 -4.268704e-02 -1.457559e-01  3.317760e-01
 2.06897e-01  5.17241e+00       3.339e+11 -6.624135e-01 -4.207200e-02  3.643362e-01  3.375865e-01
 6.20690e-01  5.17241e+00       3.404e+11 -4.381914e-01 -8.078454e-02  7.180530e-01  5.618086e-01
 1.03448e+00  5.17241e+00       3.386e+11 -1.544401e-01 -1.268005e-01  8.618121e-01  8.455599e-01
 1.44828e+00  5.17241e+00       3.067e+11  1.415697e-01 -1.529187e-01  8.052004e-01  8.584303e-01
 1.86207e+00  5.17241e+00       2.851e+11  4.984237e-01 -1.649961e-01  4.997976e-01  5.015763e-01
 2.27586e+00  5.17241e+00       3.205e+11  7.627321e-01 -1.554655e-01  1.185131e-01  2.372679e-01
 2.68966e+00  5.17241e+00       3.834e+11  8.516010e-01 -9.271853e-02 -1.022897e-01  1.483990e-01
 3.10345e+00  5.17241e+00       4.380e+11  8.782552e-01 -8.659633e-03 -1.826838e-01  1.217448e-01
 3.51724e+00  5.17241e+00       5.010e+11  8.789277e-01  2.246005e-02 -2.340672e-01  1.210723e-01
 3.93103e+00  5.17241e+00       6.855e+11  8.100108e-01 -3.263009e-03 -4.011766e-01  1.899892e-01
 4.34483e+00  5.17241e+00       1.163e+12  6.895398e-01 -2.130137e-02 -6.200992e-01  3.104602e-01
 4.75862e+00  5.17241e+00       1.874e+12  5.920547e-01 -1.489630e-02 -7.565383e-01  4.079453e-01
 5.17241e+00  5.17241e+00       2.372e+12  5.189561e-01 -1.572941e-03 -8.290027e-01  4.810439e-01
 5.58621e+00  5.17241e+00       2.322e+12  4.511338e-01  6.356323e-03 -8.750298e-01  5.488662e-01
 6.00000e+00  5.17241e+00       1.918e+12  3.859302e-01  7.059025e-03 -9.073578e-01  6.140698e-01
-6.00000e+00  5.58621e+00       1.664e+12  5.115513e-01 -6.869280e-03  8.428890e-01  4.884487e-01
-5.58621e+00  5.58621e+00       2.179e+12  5.522046e-01 -6.455535e-03  8.193453e-01  4.477954e-01
-5.17241e+00  5.58621e+00       2.368e+12  5.977800e-01 -7.555406e-03  7.820077e-01  4.022200e-01
-4.75862e+00  5.58621e+00       2.261e+12  6.642952e-01 -7.234089e-03  7.107320e-01  3.357048e-01
-4.34483e+00  5.58621e+00       2.009e+12  7.434593e-01 -7.626205e-05  5.980396e-01  2.565407e-01
-3.93103e+00  5.58621e+00       1.654e+12  8.215193e-01  2.121266e-02  4.469132e-01  1.784807e-01
-3.51724e+00  5.58621e+00       1.229e+12  8.848328e-01  6.261526e-02  2.824591e-01  1.151672e-01
-3.10345e+00  5.58621e+00       7.905e+11  9.093204e-01  1.206811e-01  1.594607e-01  9.067958e-02
-2.68966e+00  5.58621e+00       4.540e+11  8.812120e-01  1.658905e-01  1.144834e-01  1.187880e-01
-2.27586e+00  5.58621e+00       3.098e+11  8.455183e-01  1.243484e-01  8.560920e-02  1.544817e-01
-1.86207e+00  5.58621e+00       3.009e+11  8.712431e-01  3.786005e-02 -1.048374e-02  1.287569e-01
-1.44828e+00  5.58621e+00       2.878e+11  8.693410e-01 -1.670076e-02 -7.703945e-02  1.306590e-01
-1.03448e+00  5.58621e+00       2.187e+11  7.292148e-01 -1.338930e-01 -1.383418e-01  2.707852e-01
-6.20690e-01  5.58621e+00       1.589e+11  3.717038e-01 -3.821866e-01 -2.811647e-01  6.282962e-01
-2.06897e-01  5.58621e+00       1.399e+11  2.069056e-02 -5.781858e-01 -3.303288e-01  9.793094e-01
 2.06897e-01  5.58621e+00       1.422e+11 -5.337627e-02 -5.926963e-01 -9.945749e-02  9.466237e-01
 6.20690e-01  5.58621e+00       1.588e+11  1.737073e-01 -4.703843e-01  1.721430e-01  8.262927e-01
 1.03448e+00  5.58621e+00       1.870e+11  4.781363e-01 -3.249040e-01  1.941403e-01  5.218637e-01
 1.44828e+00  5.58621e+00       2.255e+11  6.594991e-01 -2.127211e-01  7.506339e-02  3.405009e-01
 1.86207e+00  5.58621e+00       2.861e+11  7.587949e-01 -7.408649e-02  3.354994e-02  2.412051e-01
 2.27586e+00  5.58621e+00       3.536e+11  8.275813e-01  4.466725e-02  7.295014e-02  1.724187e-01
 2.68966e+00  5.58621e+00       4.044e+11  8.681968e-01  6.535709e-02  1.053097e-01  1.318032e-01
 3.10345e+00  5.58621e+00       4.887e+11  8.907430e-01  1.926805e-02  2.211352e-02  1.092570e-01
 3.51724e+00  5.58621e+00       7.298e+11  8.657588e-01 -2.029564e-02 -2.255264e-01  1.342412e-01
 3.93103e+00  5.58621e+00       1.257e+12  7.955462e-01 -2.491692e-02 -4.785267e-01  2.044538e-01
 4.34483e+00  5.58621e+00       1.987e+12  7.268449e-01 -1.020007e-02 -6.317323e-01  2.731551e-01
 4.75862e+00  5.58621e+00       2.513e+12  6.662455e-01  4.597663e-03 -7.186015e-01  3.337545e-01
 5.17241e+00  5.58621e+00       2.516e+12  6.041359e-01  9.708854e-03 -7.790172e-01  3.958641e-01
 5.58621e+00  5.58621e+00       2.154e+12  5.410325e-01  6.801292e-03 -8.252235e-01  4.589675e-01
 6.00000e+00  5.58621e+00       1.746e+12  4.871225e-01  8.470626e-03 -8.558250e-01  5.128775e-01
-6.00000e+00  6.00000e+00       1.285e+12  6.127002e-01 -5.644950e-03  7.680485e-01  3.872998e-01
-5.58621e+00  6.00000e+00       1.850e+12  6.636708e-01 -6.177582e-03  7.300221e-01  3.363292e-01
-5.17241e+00  6.00000e+00       2.372e+12  7.006898e-01 -6.012828e-03  6.979118e-01  2.993102e-01
-4.75862e+00  6.00000e+00       2.479e+12  7.358505e-01 -6.655222e-03  6.575068e-01  2.641495e-01
-4.34483e+00  6.00000e+00       2.243e+12  7.855629e-01 -5.333642e-03  5.798286e-01  2.144371e-01
-3.93103e+00  6.00000e+00       1.965e+12  8.455261e-01  4.652098e-04  4.469128e-01  1.544739e-01
-3.51724e+00  6.00000e+00       1.698e+12  8.918954e-01  1.369477e-02  2.697025e-01  1.081046e-01
-3.10345e+00  6.00000e+00       1.385e+12  9.133085e-01  3.943981e-02  6.152319e-02  8.669149e-02
-2.68966e+00  6.00000e+00       1.032e+12  9.027846e-01  8.315641e-02 -1.410691e-01  9.721537e-02
-2.27586e+00  6.00000e+00       6.702e+11  8.557018e-01  1.456580e-01 -2.868230e-01  1.442982e-01
-1.86207e+00  6.00000e+00       4.025e+11  7.833911e-01  2.061573e-01 -3.234295e-01  2.166089e-01
-1.44828e+00  6.00000e+00       2.632e+11  6.743769e-01  2.577280e-01 -1.841469e-01  3.256231e-01
-1.03448e+00  6.00000e+00       2.023e+11  4.710151e-01  3.821430e-01  1.980608e-03  5.289849e-01
-6.20690e-01  6.00000e+00       1.894e+11  3.202493e-01  5.521845e-01  6.300713e-02  6.797507e-01
-2.06897e-01  6.00000e+00       2.027e+11  3.305771e-01  6.344078e-01  1.051532e-01  6.694229e-01
 2.06897e-01  6.00000e+00       2.276e+11  3.725428e-01  6.116194e-01  2.322571e-01  6.274572e-01
 6.20690e-01  6.00000e+00       2.556e+11  4.156933e-01  4.984521e-01  3.814957e-01  5.843067e-01
 1.03448e+00  6.00000e+00       2.664e+11  4.719621e-01  3.264124e-01  4.566005e-01  5.280379e-01
 1.44828e+00  6.00000e+00       2.631e+11  5.030956e-01  1.629718e-01  4.818965e-01  4.969044e-01
 1.86207e+00  6.00000e+00       2.901e+11  5.677290e-01  6.789170e-02  5.128171e-01  4.322710e-01
 2.27586e+00  6.00000e+00       3.723e+11  7.106423e-01  1.286273e-02  4.604245e-01  2.893577e-01
 2.68966e+00  6.00000e+00       5.306e+11  8.352548e-01 -2.447199e-02  2.469109e-01  1.647452e-01
 3.10345e+00  6.00000e+00       8.507e+11  8.856053e-01 -3.383309e-02 -6.525176e-02  1.143947e-01
 3.51724e+00  6.00000e+00       1.419e+12  8.763019e-01 -1.770471e-02 -3.226014e-01  1.236981e-01
 3.93103e+00  6.00000e+00       2.122e+12  8.445184e-01  3.705423e-03 -4.744376e-01  1.554816e-01
 4.34483e+00  6.00000e+00       2.608e+12  8.015350e-01  1.469942e-02 -5.686857e-01  1.984650e-01
 4.75862e+00  6.00000e+00       2.611e+12  7.491992e-01  1.238477e-02 -6.423772e-01  2.508008e-01
 5.17241e+00  6.00000e+00       2.292e+12  6.915122e-01  5.059528e-03 -7.036898e-01  3.084878e-01
 5.58621e+00  6.00000e+00       1.953e+12  6.385297e-01  7.202277e-03 -7.482466e-01  3.614703e-01
 6.00000e+00  6.00000e+00       1.529e+12  6.013339e-01  1.577401e-02 -7.758915e-01  3.986661e-01
