 EB(GeV)    EMITTANCEx EMITTANCEy SIZEx(m)   SIZEy(m)   DIVx(rad)  DIVy(rad)
 1.500e+00  5.941e-09  5.941e-11  1.840e-04  1.299e-05  3.228e-05  4.574e-06
 betax      alphax     betay      alphay     eta        deta       E_spread  
 5.700e+00  0.000e+00  2.840e+00  0.000e+00  0.000e+00  0.000e+00  1.000e-03
 Ibeam(A) 
  2.000e-01


           x            y       F.Density            PL            PC          PL45        1-|PL|
          mm           mm  ph/s/mm^2/0.1%             -             -             -             -
-6.00000e+00 -6.00000e+00       1.410e+12  5.704938e-01  1.171652e-02 -7.936911e-01  4.295062e-01
-5.58621e+00 -6.00000e+00       1.998e+12  6.281490e-01  6.709531e-03 -7.555301e-01  3.718510e-01
-5.17241e+00 -6.00000e+00       2.470e+12  6.664839e-01  2.695259e-03 -7.247562e-01  3.335161e-01
-4.75862e+00 -6.00000e+00       2.405e+12  7.055574e-01 -2.952555e-03 -6.783965e-01  2.944426e-01
-4.34483e+00 -6.00000e+00       1.992e+12  7.627094e-01 -1.249937e-02 -5.856662e-01  2.372906e-01
-3.93103e+00 -6.00000e+00       1.613e+12  8.325916e-01 -1.972457e-02 -4.288880e-01  1.674084e-01
-3.51724e+00 -6.00000e+00       1.346e+12  8.917760e-01 -2.351247e-02 -2.360115e-01  1.082240e-01
-3.10345e+00 -6.00000e+00       1.054e+12  9.208449e-01 -3.943560e-02 -6.305850e-02  7.915515e-02
-2.68966e+00 -6.00000e+00       6.890e+11  9.110423e-01 -7.853433e-02  5.170355e-02  8.895771e-02
-2.27586e+00 -6.00000e+00       3.906e+11  8.519001e-01 -1.406012e-01  7.535459e-02  1.480999e-01
-1.86207e+00 -6.00000e+00       2.443e+11  7.411028e-01 -1.918780e-01  3.286706e-02  2.588972e-01
-1.44828e+00 -6.00000e+00       2.085e+11  6.361148e-01 -9.621697e-02  1.296405e-01  3.638852e-01
-1.03448e+00 -6.00000e+00       2.223e+11  5.263759e-01  7.566308e-02  3.834116e-01  4.736241e-01
-6.20690e-01 -6.00000e+00       2.370e+11  3.788793e-01  1.215447e-01  6.047284e-01  6.211207e-01
-2.06897e-01 -6.00000e+00       2.280e+11  2.172934e-01  9.139703e-02  6.845132e-01  7.827066e-01
 2.06897e-01 -6.00000e+00       2.062e+11  8.080332e-02  1.242946e-01  5.758142e-01  9.191967e-01
 6.20690e-01 -6.00000e+00       1.953e+11  1.034902e-01  1.955063e-01  3.040582e-01  8.965098e-01
 1.03448e+00 -6.00000e+00       2.124e+11  3.499044e-01  9.037495e-02  1.673952e-02  6.500956e-01
 1.44828e+00 -6.00000e+00       2.595e+11  5.948325e-01 -9.830591e-02 -1.753682e-01  4.051675e-01
 1.86207e+00 -6.00000e+00       3.082e+11  7.136291e-01 -1.145386e-01 -2.694169e-01  2.863709e-01
 2.27586e+00 -6.00000e+00       3.473e+11  7.803735e-01 -1.561268e-02 -2.840013e-01  2.196265e-01
 2.68966e+00 -6.00000e+00       4.192e+11  8.473171e-01  5.085585e-02 -1.985106e-01  1.526829e-01
 3.10345e+00 -6.00000e+00       5.996e+11  8.875580e-01  5.410754e-02  1.866063e-02  1.124420e-01
 3.51724e+00 -6.00000e+00       1.009e+12  8.735764e-01  2.585987e-02  2.752422e-01  1.264236e-01
 3.93103e+00 -6.00000e+00       1.639e+12  8.300113e-01  2.770632e-03  4.593790e-01  1.699887e-01
 4.34483e+00 -6.00000e+00       2.196e+12  7.756935e-01 -6.702133e-03  5.804773e-01  2.243065e-01
 4.75862e+00 -6.00000e+00       2.424e+12  7.102404e-01 -7.076236e-03  6.733199e-01  2.897596e-01
 5.17241e+00 -6.00000e+00       2.361e+12  6.443130e-01 -4.964729e-03  7.431627e-01  3.556870e-01
 5.58621e+00 -6.00000e+00       2.103e+12  5.916140e-01 -7.477546e-03  7.864380e-01  4.083860e-01
 6.00000e+00 -6.00000e+00       1.675e+12  5.522436e-01 -1.424967e-02  8.123813e-01  4.477564e-01
-6.00000e+00 -5.58621e+00       1.830e+12  4.715178e-01  7.683787e-03 -8.645291e-01  5.284822e-01
-5.58621e+00 -5.58621e+00       2.300e+12  5.123523e-01  2.902685e-03 -8.421632e-01  4.876477e-01
-5.17241e+00 -5.58621e+00       2.291e+12  5.612731e-01 -2.627663e-03 -8.014946e-01  4.387269e-01
-4.75862e+00 -5.58621e+00       1.957e+12  6.364215e-01 -8.834417e-03 -7.192913e-01  3.635785e-01
-4.34483e+00 -5.58621e+00       1.600e+12  7.326978e-01 -1.475668e-02 -5.872467e-01  2.673022e-01
-3.93103e+00 -5.58621e+00       1.265e+12  8.213090e-01 -3.053521e-02 -4.399216e-01  1.786910e-01
-3.51724e+00 -5.58621e+00       8.701e+11  8.705316e-01 -6.737893e-02 -3.261646e-01  1.294684e-01
-3.10345e+00 -5.58621e+00       5.134e+11  8.681674e-01 -1.108377e-01 -2.565479e-01  1.318326e-01
-2.68966e+00 -5.58621e+00       3.481e+11  8.475960e-01 -9.581958e-02 -1.747383e-01  1.524040e-01
-2.27586e+00 -5.58621e+00       3.203e+11  8.449667e-01 -2.933453e-02 -5.143718e-02  1.550333e-01
-1.86207e+00 -5.58621e+00       2.889e+11  7.908115e-01  3.432711e-02  9.148954e-02  2.091885e-01
-1.44828e+00 -5.58621e+00       2.302e+11  6.417986e-01  8.844419e-02  2.918193e-01  3.582014e-01
-1.03448e+00 -5.58621e+00       1.786e+11  3.358698e-01  6.630291e-02  4.397706e-01  6.641302e-01
-6.20690e-01 -5.58621e+00       1.491e+11 -1.990638e-01 -3.111947e-03  3.575488e-01  8.009362e-01
-2.06897e-01 -5.58621e+00       1.454e+11 -6.339670e-01 -2.793768e-02  5.468802e-02  3.660330e-01
 2.06897e-01 -5.58621e+00       1.479e+11 -6.577383e-01 -4.336237e-02 -2.728972e-01  3.422617e-01
 6.20690e-01 -5.58621e+00       1.472e+11 -3.371682e-01 -3.573867e-02 -4.904107e-01  6.628318e-01
 1.03448e+00 -5.58621e+00       1.709e+11  1.752535e-01  6.832727e-02 -5.269016e-01  8.247465e-01
 1.44828e+00 -5.58621e+00       2.336e+11  5.390660e-01  1.508067e-01 -4.245380e-01  4.609340e-01
 1.86207e+00 -5.58621e+00       2.894e+11  7.022313e-01  1.445361e-01 -2.584176e-01  2.977687e-01
 2.27586e+00 -5.58621e+00       3.226e+11  7.841660e-01  7.452408e-02 -7.866701e-02  2.158340e-01
 2.68966e+00 -5.58621e+00       3.720e+11  8.465832e-01 -2.361191e-03  2.894495e-02  1.534168e-01
 3.10345e+00 -5.58621e+00       4.400e+11  8.857780e-01 -7.498874e-03  8.717661e-02  1.142220e-01
 3.51724e+00 -5.58621e+00       5.623e+11  8.750787e-01  2.295790e-02  2.177267e-01  1.249213e-01
 3.93103e+00 -5.58621e+00       8.849e+11  8.024845e-01  2.641344e-02  4.398323e-01  1.975155e-01
 4.34483e+00 -5.58621e+00       1.487e+12  7.154333e-01  1.171480e-02  6.187425e-01  2.845667e-01
 4.75862e+00 -5.58621e+00       2.099e+12  6.389924e-01  6.352404e-04  7.270405e-01  3.610076e-01
 5.17241e+00 -5.58621e+00       2.351e+12  5.637799e-01 -3.850445e-03  8.008250e-01  4.362201e-01
 5.58621e+00 -5.58621e+00       2.227e+12  4.914791e-01 -4.656129e-03  8.540305e-01  5.085209e-01
 6.00000e+00 -5.58621e+00       1.886e+12  4.343620e-01 -7.954148e-03  8.860551e-01  5.656380e-01
-6.00000e+00 -5.17241e+00       2.056e+12  3.563238e-01  4.026574e-03 -9.186508e-01  6.436762e-01
-5.58621e+00 -5.17241e+00       2.147e+12  4.087636e-01 -1.009863e-03 -8.887460e-01  5.912364e-01
-5.17241e+00 -5.17241e+00       1.884e+12  4.905904e-01 -5.779299e-03 -8.262162e-01  5.094096e-01
-4.75862e+00 -5.17241e+00       1.521e+12  5.997505e-01 -1.397052e-02 -7.249814e-01  4.002495e-01
-4.34483e+00 -5.17241e+00       1.138e+12  7.034555e-01 -3.864308e-02 -6.138003e-01  2.965445e-01
-3.93103e+00 -5.17241e+00       7.410e+11  7.635797e-01 -7.952454e-02 -5.274230e-01  2.364203e-01
-3.51724e+00 -5.17241e+00       4.701e+11  7.865535e-01 -9.102862e-02 -4.495564e-01  2.134465e-01
-3.10345e+00 -5.17241e+00       3.875e+11  8.140321e-01 -3.468011e-02 -3.147036e-01  1.859679e-01
-2.68966e+00 -5.17241e+00       3.828e+11  8.049747e-01  3.059127e-02 -5.318088e-02  1.950253e-01
-2.27586e+00 -5.17241e+00       4.122e+11  6.917610e-01  8.429568e-02  3.540722e-01  3.082390e-01
-1.86207e+00 -5.17241e+00       4.720e+11  4.967811e-01  1.022721e-01  6.839297e-01  5.032189e-01
-1.44828e+00 -5.17241e+00       4.827e+11  2.519046e-01  8.309822e-02  8.366052e-01  7.480954e-01
-1.03448e+00 -5.17241e+00       4.123e+11 -5.850072e-02  5.551596e-02  8.638392e-01  9.414993e-01
-6.20690e-01 -5.17241e+00       3.207e+11 -4.002724e-01  4.011247e-02  7.318432e-01  5.997276e-01
-2.06897e-01 -5.17241e+00       2.683e+11 -6.495679e-01  3.428801e-02  3.235420e-01  3.504321e-01
 2.06897e-01 -5.17241e+00       2.868e+11 -6.021757e-01  2.985516e-02 -2.926446e-01  3.978243e-01
 6.20690e-01 -5.17241e+00       3.708e+11 -3.061665e-01  3.668230e-02 -7.275030e-01  6.938335e-01
 1.03448e+00 -5.17241e+00       4.592e+11  6.030594e-03  5.530727e-02 -8.829801e-01  9.939694e-01
 1.44828e+00 -5.17241e+00       4.891e+11  2.759745e-01  7.006497e-02 -8.694100e-01  7.240255e-01
 1.86207e+00 -5.17241e+00       4.655e+11  5.140291e-01  6.723689e-02 -7.252152e-01  4.859709e-01
 2.27586e+00 -5.17241e+00       4.333e+11  7.133510e-01  6.313389e-02 -4.358425e-01  2.866490e-01
 2.68966e+00 -5.17241e+00       4.245e+11  8.308493e-01  7.251901e-02 -8.979562e-02  1.691507e-01
 3.10345e+00 -5.17241e+00       4.320e+11  8.576590e-01  5.370560e-02  1.616821e-01  1.423410e-01
 3.51724e+00 -5.17241e+00       4.612e+11  8.509100e-01  1.288159e-02  2.996653e-01  1.490900e-01
 3.93103e+00 -5.17241e+00       5.536e+11  8.115248e-01  7.050914e-03  4.142994e-01  1.884752e-01
 4.34483e+00 -5.17241e+00       8.296e+11  7.006934e-01  1.737962e-02  5.918907e-01  2.993066e-01
 4.75862e+00 -5.17241e+00       1.390e+12  5.792180e-01  1.311418e-02  7.466629e-01  4.207820e-01
 5.17241e+00 -5.17241e+00       1.982e+12  4.868865e-01  4.519304e-03  8.360266e-01  5.131135e-01
 5.58621e+00 -5.17241e+00       2.200e+12  4.067505e-01 -1.195256e-03  8.909543e-01  5.932495e-01
 6.00000e+00 -5.17241e+00       2.008e+12  3.339577e-01 -4.098730e-03  9.270206e-01  6.660423e-01
-6.00000e+00 -4.75862e+00       1.946e+12  2.533308e-01  1.141348e-03 -9.452826e-01  7.466692e-01
-5.58621e+00 -4.75862e+00       1.776e+12  3.322451e-01 -3.121448e-03 -9.032649e-01  6.677549e-01
-5.17241e+00 -4.75862e+00       1.426e+12  4.445554e-01 -1.257897e-02 -8.299018e-01  5.554446e-01
-4.75862e+00 -4.75862e+00       1.038e+12  5.606330e-01 -4.062580e-02 -7.437309e-01  4.393670e-01
-4.34483e+00 -4.75862e+00       6.774e+11  6.383207e-01 -7.859049e-02 -6.688705e-01  3.616793e-01
-3.93103e+00 -4.75862e+00       4.708e+11  6.948330e-01 -6.906886e-02 -5.690151e-01  3.051670e-01
-3.51724e+00 -4.75862e+00       4.502e+11  7.752313e-01 -1.303682e-03 -3.398144e-01  2.247687e-01
-3.10345e+00 -4.75862e+00       5.327e+11  8.393482e-01  5.014909e-02  1.148875e-02  1.606518e-01
-2.68966e+00 -4.75862e+00       6.228e+11  8.412371e-01  6.714404e-02  3.123300e-01  1.587629e-01
-2.27586e+00 -4.75862e+00       6.086e+11  7.772748e-01  7.829747e-02  5.144837e-01  2.227252e-01
-1.86207e+00 -4.75862e+00       4.992e+11  6.533393e-01  1.124193e-01  6.715259e-01  3.466607e-01
-1.44828e+00 -4.75862e+00       3.673e+11  4.875061e-01  1.446864e-01  7.884843e-01  5.124939e-01
-1.03448e+00 -4.75862e+00       2.571e+11  2.548641e-01  1.409083e-01  8.559753e-01  7.451359e-01
-6.20690e-01 -4.75862e+00       2.048e+11 -6.916731e-02  1.371192e-01  8.302392e-01  9.308327e-01
-2.06897e-01 -4.75862e+00       1.878e+11 -3.709091e-01  1.608243e-01  6.461079e-01  6.290909e-01
 2.06897e-01 -4.75862e+00       1.743e+11 -5.269331e-01  1.601677e-01  2.659350e-01  4.730669e-01
 6.20690e-01 -4.75862e+00       1.849e+11 -2.979509e-01  1.000471e-01 -2.923976e-01  7.020491e-01
 1.03448e+00 -4.75862e+00       2.728e+11  2.081510e-01  5.667344e-02 -6.845484e-01  7.918490e-01
 1.44828e+00 -4.75862e+00       4.457e+11  5.203950e-01  5.743107e-02 -7.447187e-01  4.796050e-01
 1.86207e+00 -4.75862e+00       6.212e+11  6.844184e-01  5.456704e-02 -6.649010e-01  3.155816e-01
 2.27586e+00 -4.75862e+00       7.013e+11  7.926139e-01  4.573178e-02 -5.399443e-01  2.073861e-01
 2.68966e+00 -4.75862e+00       6.567e+11  8.591678e-01  4.062205e-02 -3.596807e-01  1.408322e-01
 3.10345e+00 -4.75862e+00       5.675e+11  8.793290e-01  4.449333e-02 -7.421596e-02  1.206710e-01
 3.51724e+00 -4.75862e+00       5.089e+11  8.481458e-01  4.788945e-02  2.358609e-01  1.518542e-01
 3.93103e+00 -4.75862e+00       4.905e+11  7.936428e-01  2.600486e-02  4.395840e-01  2.063572e-01
 4.34483e+00 -4.75862e+00       5.506e+11  7.143490e-01  6.695559e-03  5.706556e-01  2.856510e-01
 4.75862e+00 -4.75862e+00       8.088e+11  5.682957e-01  1.138202e-02  7.216898e-01  4.317043e-01
 5.17241e+00 -4.75862e+00       1.337e+12  4.258802e-01  1.193379e-02  8.445909e-01  5.741198e-01
 5.58621e+00 -4.75862e+00       1.856e+12  3.266536e-01  5.968133e-03  9.112887e-01  6.733464e-01
 6.00000e+00 -4.75862e+00       1.978e+12  2.467755e-01  2.643244e-04  9.480082e-01  7.532245e-01
-6.00000e+00 -4.34483e+00       1.692e+12  1.748110e-01 -4.615786e-03 -9.490380e-01  8.251890e-01
-5.58621e+00 -4.34483e+00       1.372e+12  2.936342e-01 -1.880098e-02 -8.966595e-01  7.063658e-01
-5.17241e+00 -4.34483e+00       1.010e+12  4.175910e-01 -3.708346e-02 -8.371630e-01  5.824090e-01
-4.75862e+00 -4.34483e+00       6.616e+11  5.008375e-01 -6.260966e-02 -7.777132e-01  4.991625e-01
-4.34483e+00 -4.34483e+00       4.751e+11  5.953857e-01 -5.438328e-02 -6.535423e-01  4.046143e-01
-3.93103e+00 -4.34483e+00       5.008e+11  7.491030e-01  8.628943e-03 -3.910266e-01  2.508970e-01
-3.51724e+00 -4.34483e+00       6.213e+11  8.721112e-01  4.936621e-02 -9.824070e-02  1.278888e-01
-3.10345e+00 -4.34483e+00       6.738e+11  9.218993e-01  6.752156e-02  1.169059e-01  7.810073e-02
-2.68966e+00 -4.34483e+00       5.883e+11  9.197119e-01  9.294424e-02  2.662999e-01  8.028809e-02
-2.27586e+00 -4.34483e+00       4.519e+11  8.950651e-01  1.125552e-01  3.640030e-01  1.049349e-01
-1.86207e+00 -4.34483e+00       3.551e+11  8.670637e-01  6.037986e-02  3.975702e-01  1.329363e-01
-1.44828e+00 -4.34483e+00       3.301e+11  8.498798e-01 -5.208030e-02  3.733042e-01  1.501202e-01
-1.03448e+00 -4.34483e+00       3.423e+11  8.584212e-01 -8.162114e-02  3.038153e-01  1.415788e-01
-6.20690e-01 -4.34483e+00       3.261e+11  8.774389e-01 -1.352224e-02  1.860662e-01  1.225611e-01
-2.06897e-01 -4.34483e+00       2.842e+11  8.782153e-01  7.354069e-02  6.743523e-02  1.217847e-01
 2.06897e-01 -4.34483e+00       2.483e+11  8.209010e-01  1.053787e-01  6.349117e-02  1.790990e-01
 6.20690e-01 -4.34483e+00       2.156e+11  6.674774e-01  4.687750e-02  1.468458e-01  3.325226e-01
 1.03448e+00 -4.34483e+00       1.858e+11  4.823105e-01 -6.531791e-02  9.608835e-02  5.176895e-01
 1.44828e+00 -4.34483e+00       1.933e+11  5.064070e-01 -6.267508e-02 -2.042616e-01  4.935930e-01
 1.86207e+00 -4.34483e+00       2.949e+11  7.310775e-01  3.525777e-02 -3.928603e-01  2.689225e-01
 2.27586e+00 -4.34483e+00       5.096e+11  8.776404e-01  5.593058e-02 -3.513364e-01  1.223596e-01
 2.68966e+00 -4.34483e+00       7.250e+11  9.367977e-01  4.462800e-02 -2.605718e-01  6.320228e-02
 3.10345e+00 -4.34483e+00       7.747e+11  9.502199e-01  3.524554e-02 -1.461488e-01  4.978006e-02
 3.51724e+00 -4.34483e+00       6.714e+11  9.160882e-01  3.369651e-02  4.942555e-02  8.391183e-02
 3.93103e+00 -4.34483e+00       5.584e+11  8.267661e-01  3.715690e-02  3.256538e-01  1.732339e-01
 4.34483e+00 -4.34483e+00       5.086e+11  7.191443e-01  2.514579e-02  5.529668e-01  2.808557e-01
 4.75862e+00 -4.34483e+00       5.575e+11  5.976240e-01  1.100815e-02  6.908958e-01  4.023760e-01
 5.17241e+00 -4.34483e+00       7.815e+11  4.174046e-01  1.304462e-02  8.138951e-01  5.825954e-01
 5.58621e+00 -4.34483e+00       1.217e+12  2.537248e-01  8.642583e-03  9.077478e-01  7.462752e-01
 6.00000e+00 -4.34483e+00       1.609e+12  1.497505e-01 -2.174401e-03  9.555209e-01  8.502495e-01
-6.00000e+00 -3.93103e+00       1.246e+12  1.126588e-01 -4.987211e-03 -9.377025e-01  8.873412e-01
-5.58621e+00 -3.93103e+00       9.223e+11  2.421025e-01 -2.778700e-02 -8.898758e-01  7.578975e-01
-5.17241e+00 -3.93103e+00       6.245e+11  3.675440e-01 -6.628213e-02 -8.327921e-01  6.324560e-01
-4.75862e+00 -3.93103e+00       4.676e+11  4.992231e-01 -6.016025e-02 -7.230232e-01  5.007769e-01
-4.34483e+00 -3.93103e+00       5.008e+11  6.921439e-01  5.593323e-03 -4.876067e-01  3.078561e-01
-3.93103e+00 -3.93103e+00       6.197e+11  8.525522e-01  4.683037e-02 -2.409252e-01  1.474478e-01
-3.51724e+00 -3.93103e+00       6.477e+11  9.335138e-01  6.887918e-02 -6.865880e-02  6.648618e-02
-3.10345e+00 -3.93103e+00       5.496e+11  9.626488e-01  8.932177e-02  3.348443e-02  3.735116e-02
-2.68966e+00 -3.93103e+00       4.403e+11  9.613402e-01  7.422636e-02  5.042162e-02  3.865976e-02
-2.27586e+00 -3.93103e+00       3.674e+11  9.273404e-01  1.933985e-02 -1.253887e-02  7.265959e-02
-1.86207e+00 -3.93103e+00       2.768e+11  8.440958e-01 -8.279984e-03 -9.347328e-02  1.559042e-01
-1.44828e+00 -3.93103e+00       1.676e+11  6.753613e-01 -5.660000e-02 -1.540274e-01  3.246387e-01
-1.03448e+00 -3.93103e+00       1.061e+11  4.198859e-01 -3.591868e-01 -1.694791e-01  5.801141e-01
-6.20690e-01 -3.93103e+00       9.999e+10  2.711102e-01 -7.512975e-01 -1.653619e-01  7.288898e-01
-2.06897e-01 -3.93103e+00       1.132e+11  2.784051e-01 -8.600023e-01 -2.242328e-01  7.215949e-01
 2.06897e-01 -3.93103e+00       1.300e+11  4.036185e-01 -7.695457e-01 -3.120328e-01  5.963815e-01
 6.20690e-01 -3.93103e+00       1.550e+11  6.141196e-01 -5.465702e-01 -3.265744e-01  3.858804e-01
 1.03448e+00 -3.93103e+00       1.987e+11  8.014380e-01 -2.762981e-01 -2.430471e-01  1.985620e-01
 1.44828e+00 -3.93103e+00       2.471e+11  8.678064e-01 -9.994794e-02 -1.404464e-01  1.321936e-01
 1.86207e+00 -3.93103e+00       2.583e+11  8.451027e-01 -1.955839e-02 -8.835483e-02  1.548973e-01
 2.27586e+00 -3.93103e+00       2.771e+11  8.465508e-01  3.227725e-02 -1.088052e-01  1.534492e-01
 2.68966e+00 -3.93103e+00       4.182e+11  9.257173e-01  5.732141e-02 -9.744905e-02  7.428267e-02
 3.10345e+00 -3.93103e+00       6.493e+11  9.700906e-01  4.932116e-02 -3.228712e-02  2.990938e-02
 3.51724e+00 -3.93103e+00       7.642e+11  9.654175e-01  3.643619e-02  5.313596e-02  3.458253e-02
 3.93103e+00 -3.93103e+00       6.855e+11  9.058679e-01  3.084549e-02  2.027676e-01  9.413208e-02
 4.34483e+00 -3.93103e+00       5.536e+11  7.802170e-01  3.186675e-02  4.355858e-01  2.197830e-01
 4.75862e+00 -3.93103e+00       4.804e+11  6.295718e-01  2.008091e-02  6.455030e-01  3.704282e-01
 5.17241e+00 -3.93103e+00       5.386e+11  4.480137e-01  4.666131e-03  7.839856e-01  5.519863e-01
 5.58621e+00 -3.93103e+00       8.271e+11  2.414842e-01  8.893580e-03  8.880031e-01  7.585158e-01
 6.00000e+00 -3.93103e+00       1.260e+12  1.002941e-01  1.072603e-02  9.461675e-01  8.997059e-01
-6.00000e+00 -3.51724e+00       8.807e+11  7.824019e-02 -1.713310e-02 -9.162177e-01  9.217598e-01
-5.58621e+00 -3.51724e+00       6.095e+11  2.222818e-01 -5.475124e-02 -8.730987e-01  7.777182e-01
-5.17241e+00 -3.51724e+00       4.446e+11  3.761908e-01 -6.735933e-02 -7.894071e-01  6.238092e-01
-4.75862e+00 -3.51724e+00       4.548e+11  5.978421e-01 -8.297741e-03 -5.907347e-01  4.021579e-01
-4.34483e+00 -3.51724e+00       5.656e+11  7.956571e-01  4.045667e-02 -3.699403e-01  2.043429e-01
-3.93103e+00 -3.51724e+00       6.009e+11  9.043372e-01  6.547973e-02 -2.179151e-01  9.566276e-02
-3.51724e+00 -3.51724e+00       5.152e+11  9.482401e-01  8.273998e-02 -1.412204e-01  5.175989e-02
-3.10345e+00 -3.51724e+00       4.084e+11  9.405257e-01  6.871104e-02 -1.502184e-01  5.947429e-02
-2.68966e+00 -3.51724e+00       3.084e+11  8.864515e-01  2.728020e-02 -1.927842e-01  1.135485e-01
-2.27586e+00 -3.51724e+00       1.973e+11  7.945902e-01 -3.841701e-02 -1.548367e-01  2.054098e-01
-1.86207e+00 -3.51724e+00       1.159e+11  6.812160e-01 -2.217295e-01  6.552061e-02  3.187840e-01
-1.44828e+00 -3.51724e+00       8.342e+10  5.763316e-01 -4.519295e-01  3.523919e-01  4.236684e-01
-1.03448e+00 -3.51724e+00       7.414e+10  4.129056e-01 -5.354143e-01  4.630039e-01  5.870944e-01
-6.20690e-01 -3.51724e+00       6.812e+10  1.763958e-01 -5.323203e-01  3.058237e-01  8.236042e-01
-2.06897e-01 -3.51724e+00       6.665e+10  3.704384e-02 -4.793193e-01 -1.606581e-01  9.629562e-01
 2.06897e-01 -3.51724e+00       7.662e+10  1.296859e-01 -4.126772e-01 -5.801532e-01  8.703141e-01
 6.20690e-01 -3.51724e+00       9.131e+10  3.092911e-01 -3.859562e-01 -6.835825e-01  6.907089e-01
 1.03448e+00 -3.51724e+00       1.071e+11  5.273963e-01 -3.795347e-01 -5.458727e-01  4.726037e-01
 1.44828e+00 -3.51724e+00       1.427e+11  7.583919e-01 -3.222275e-01 -2.821252e-01  2.416081e-01
 1.86207e+00 -3.51724e+00       2.066e+11  8.807727e-01 -2.030659e-01 -6.544911e-02  1.192273e-01
 2.27586e+00 -3.51724e+00       2.616e+11  9.046526e-01 -8.500433e-02  5.015257e-02  9.534736e-02
 2.68966e+00 -3.51724e+00       2.928e+11  9.042641e-01  9.932865e-03  7.730972e-02  9.573586e-02
 3.10345e+00 -3.51724e+00       3.938e+11  9.370789e-01  5.812294e-02  8.552755e-02  6.292109e-02
 3.51724e+00 -3.51724e+00       5.916e+11  9.609521e-01  5.295703e-02  1.328637e-01  3.904788e-02
 3.93103e+00 -3.51724e+00       7.028e+11  9.418410e-01  3.766171e-02  2.055843e-01  5.815904e-02
 4.34483e+00 -3.51724e+00       6.287e+11  8.597452e-01  2.994033e-02  3.396070e-01  1.402548e-01
 4.75862e+00 -3.51724e+00       4.990e+11  7.032031e-01  2.748782e-02  5.471301e-01  2.967969e-01
 5.17241e+00 -3.51724e+00       4.385e+11  5.108143e-01  1.277310e-02  7.319950e-01  4.891857e-01
 5.58621e+00 -3.51724e+00       5.363e+11  2.756250e-01  3.563344e-03  8.500056e-01  7.243750e-01
 6.00000e+00 -3.51724e+00       8.408e+11  6.833049e-02  1.016786e-02  9.215699e-01  9.316695e-01
-6.00000e+00 -3.10345e+00       5.940e+11  7.146167e-02 -3.899619e-02 -8.878126e-01  9.285383e-01
-5.58621e+00 -3.10345e+00       4.198e+11  2.412925e-01 -7.187129e-02 -8.340187e-01  7.587075e-01
-5.17241e+00 -3.10345e+00       3.889e+11  4.736229e-01 -3.254789e-02 -6.837783e-01  5.263771e-01
-4.75862e+00 -3.10345e+00       4.818e+11  7.123071e-01  2.775175e-02 -4.781732e-01  2.876929e-01
-4.34483e+00 -3.10345e+00       5.433e+11  8.540446e-01  5.835097e-02 -3.299402e-01  1.459554e-01
-3.93103e+00 -3.10345e+00       4.840e+11  9.154678e-01  7.751130e-02 -2.551129e-01  8.453219e-02
-3.51724e+00 -3.10345e+00       3.782e+11  9.126129e-01  7.324927e-02 -2.578045e-01  8.738712e-02
-3.10345e+00 -3.10345e+00       2.740e+11  8.649069e-01  3.716384e-02 -2.759096e-01  1.350931e-01
-2.68966e+00 -3.10345e+00       1.776e+11  8.178359e-01 -3.799996e-02 -1.755746e-01  1.821641e-01
-2.27586e+00 -3.10345e+00       1.295e+11  8.194170e-01 -1.584361e-01  1.134859e-01  1.805830e-01
-1.86207e+00 -3.10345e+00       1.533e+11  7.978539e-01 -1.697487e-01  4.001830e-01  2.021461e-01
-1.44828e+00 -3.10345e+00       2.543e+11  6.554674e-01 -1.375848e-01  5.857331e-01  3.445326e-01
-1.03448e+00 -3.10345e+00       3.972e+11  4.231701e-01 -1.706471e-01  6.684393e-01  5.768299e-01
-6.20690e-01 -3.10345e+00       4.904e+11  1.215294e-01 -2.439664e-01  5.526233e-01  8.784706e-01
-2.06897e-01 -3.10345e+00       5.289e+11 -1.042726e-01 -3.021479e-01  9.804832e-02  8.957274e-01
 2.06897e-01 -3.10345e+00       5.882e+11 -3.872170e-03 -2.718801e-01 -4.596104e-01  9.961278e-01
 6.20690e-01 -3.10345e+00       6.241e+11  2.816228e-01 -1.840329e-01 -7.066316e-01  7.183772e-01
 1.03448e+00 -3.10345e+00       5.341e+11  5.324789e-01 -1.068307e-01 -6.884270e-01  4.675211e-01
 1.44828e+00 -3.10345e+00       3.729e+11  7.269788e-01 -7.609624e-02 -5.357987e-01  2.730212e-01
 1.86207e+00 -3.10345e+00       2.613e+11  8.610645e-01 -1.096140e-01 -3.186460e-01  1.389355e-01
 2.27586e+00 -3.10345e+00       2.327e+11  9.138125e-01 -1.353204e-01 -7.034261e-02  8.618747e-02
 2.68966e+00 -3.10345e+00       2.552e+11  9.139762e-01 -8.013897e-02  1.217647e-01  8.602383e-02
 3.10345e+00 -3.10345e+00       2.914e+11  9.100980e-01  7.594929e-03  1.901931e-01  8.990205e-02
 3.51724e+00 -3.10345e+00       3.904e+11  9.306186e-01  5.781323e-02  2.077167e-01  6.938137e-02
 3.93103e+00 -3.10345e+00       5.577e+11  9.385300e-01  5.240021e-02  2.472400e-01  6.146995e-02
 4.34483e+00 -3.10345e+00       6.249e+11  9.012786e-01  3.651157e-02  3.177022e-01  9.872136e-02
 4.75862e+00 -3.10345e+00       5.331e+11  7.901670e-01  2.832547e-02  4.539385e-01  2.098330e-01
 5.17241e+00 -3.10345e+00       4.176e+11  6.004533e-01  2.085470e-02  6.467000e-01  3.995467e-01
 5.58621e+00 -3.10345e+00       3.959e+11  3.580320e-01  4.007521e-03  7.993442e-01  6.419680e-01
 6.00000e+00 -3.10345e+00       5.454e+11  8.967549e-02  4.958987e-03  8.844773e-01  9.103245e-01
-6.00000e+00 -2.68966e+00       4.617e+11  8.807578e-02 -2.404022e-03 -9.010824e-01  9.119242e-01
-5.58621e+00 -2.68966e+00       3.472e+11  3.095693e-01 -1.481005e-03 -7.972065e-01  6.904307e-01
-5.17241e+00 -2.68966e+00       3.883e+11  6.021424e-01  3.396885e-02 -5.845132e-01  3.978576e-01
-4.75862e+00 -2.68966e+00       4.739e+11  7.873562e-01  5.880042e-02 -4.198651e-01  2.126438e-01
-4.34483e+00 -2.68966e+00       4.562e+11  8.764733e-01  7.272157e-02 -3.283825e-01  1.235267e-01
-3.93103e+00 -2.68966e+00       3.624e+11  8.954227e-01  7.515577e-02 -3.106069e-01  1.045773e-01
-3.51724e+00 -2.68966e+00       2.637e+11  8.627152e-01  5.061951e-02 -3.212754e-01  1.372848e-01
-3.10345e+00 -2.68966e+00       1.922e+11  8.507646e-01 -1.046362e-02 -2.082723e-01  1.492354e-01
-2.68966e+00 -2.68966e+00       2.441e+11  9.223745e-01 -5.682550e-02  8.631131e-02  7.762553e-02
-2.27586e+00 -2.68966e+00       5.823e+11  9.483913e-01 -3.099581e-02  2.447201e-01  5.160874e-02
-1.86207e+00 -2.68966e+00       1.180e+12  9.336622e-01 -9.393549e-03  3.169288e-01  6.633776e-02
-1.44828e+00 -2.68966e+00       1.524e+12  9.086693e-01  1.293283e-02  3.736883e-01  9.133069e-02
-1.03448e+00 -2.68966e+00       1.224e+12  8.743352e-01  5.226967e-02  4.149801e-01  1.256648e-01
-6.20690e-01 -2.68966e+00       6.685e+11  8.285253e-01  1.197507e-01  3.915298e-01  1.714747e-01
-2.06897e-01 -2.68966e+00       3.498e+11  7.897511e-01  1.852337e-01  1.394462e-01  2.102489e-01
 2.06897e-01 -2.68966e+00       3.671e+11  8.148107e-01  1.323528e-01 -2.748323e-01  1.851893e-01
 6.20690e-01 -2.68966e+00       7.398e+11  8.653285e-01  3.648074e-02 -4.002007e-01  1.346715e-01
 1.03448e+00 -2.68966e+00       1.410e+12  9.028182e-01 -1.634452e-02 -3.811868e-01  9.718176e-02
 1.44828e+00 -2.68966e+00       1.832e+12  9.284808e-01 -3.711580e-02 -3.366985e-01  7.151923e-02
 1.86207e+00 -2.68966e+00       1.492e+12  9.465027e-01 -4.245746e-02 -2.862077e-01  5.349731e-02
 2.27586e+00 -2.68966e+00       8.008e+11  9.588735e-01 -4.829106e-02 -2.134326e-01  4.112653e-02
 2.68966e+00 -2.68966e+00       3.840e+11  9.552582e-01 -6.753851e-02 -5.406901e-02  4.474183e-02
 3.10345e+00 -2.68966e+00       2.739e+11  9.233891e-01 -4.881913e-02  1.641221e-01  7.661087e-02
 3.51724e+00 -2.68966e+00       2.910e+11  9.087590e-01  2.340945e-02  2.563759e-01  9.124101e-02
 3.93103e+00 -2.68966e+00       3.965e+11  9.208326e-01  5.855787e-02  2.827198e-01  7.916743e-02
 4.34483e+00 -2.68966e+00       5.324e+11  9.105228e-01  4.897422e-02  3.267580e-01  8.947717e-02
 4.75862e+00 -2.68966e+00       5.447e+11  8.480096e-01  3.817137e-02  4.088146e-01  1.519904e-01
 5.17241e+00 -2.68966e+00       4.358e+11  7.019271e-01  3.871373e-02  5.532266e-01  2.980729e-01
 5.58621e+00 -2.68966e+00       3.510e+11  4.415888e-01  3.172240e-02  7.357263e-01  5.584112e-01
 6.00000e+00 -2.68966e+00       4.056e+11  1.096291e-01  1.119995e-02  8.634017e-01  8.903709e-01
-6.00000e+00 -2.27586e+00       2.489e+11  1.277904e-01  2.858736e-02 -7.763777e-01  8.722096e-01
-5.58621e+00 -2.27586e+00       2.704e+11  4.771566e-01  2.186715e-02 -6.324766e-01  5.228434e-01
-5.17241e+00 -2.27586e+00       3.762e+11  7.154211e-01  4.912765e-02 -4.811542e-01  2.845789e-01
-4.75862e+00 -2.27586e+00       4.202e+11  8.362347e-01  6.690924e-02 -3.769908e-01  1.637653e-01
-4.34483e+00 -2.27586e+00       3.573e+11  8.845814e-01  7.445392e-02 -3.323062e-01  1.154186e-01
-3.93103e+00 -2.27586e+00       2.657e+11  8.730026e-01  6.357821e-02 -3.367957e-01  1.269974e-01
-3.51724e+00 -2.27586e+00       2.130e+11  8.714032e-01  1.965786e-02 -2.566896e-01  1.285968e-01
-3.10345e+00 -2.27586e+00       3.480e+11  9.556605e-01 -1.337905e-02 -3.580080e-02  4.433951e-02
-2.68966e+00 -2.27586e+00       9.184e+11  9.901859e-01 -5.312868e-05  5.125740e-02  9.814109e-03
-2.27586e+00 -2.27586e+00       1.728e+12  9.928724e-01  1.165874e-02  8.139425e-02  7.127601e-03
-1.86207e+00 -2.27586e+00       1.887e+12  9.904151e-01  2.221589e-02  1.033797e-01  9.584914e-03
-1.44828e+00 -2.27586e+00       1.204e+12  9.843796e-01  3.881348e-02  1.229342e-01  1.562036e-02
-1.03448e+00 -2.27586e+00       5.459e+11  9.715290e-01  6.789628e-02  1.335095e-01  2.847097e-02
-6.20690e-01 -2.27586e+00       3.054e+11  9.617913e-01  7.750363e-02  1.068713e-01  3.820867e-02
-2.06897e-01 -2.27586e+00       2.549e+11  9.642088e-01  4.352604e-02  7.545527e-02  3.579118e-02
 2.06897e-01 -2.27586e+00       2.299e+11  9.598298e-01  2.402081e-02  5.927579e-02  4.017024e-02
 6.20690e-01 -2.27586e+00       2.533e+11  9.559590e-01  1.779104e-02 -6.002236e-03  4.404100e-02
 1.03448e+00 -2.27586e+00       5.208e+11  9.750868e-01 -5.363134e-03 -8.355203e-02  2.491315e-02
 1.44828e+00 -2.27586e+00       1.267e+12  9.884683e-01 -1.853964e-02 -9.470201e-02  1.153166e-02
 1.86207e+00 -2.27586e+00       2.087e+12  9.928952e-01 -2.450381e-02 -8.576958e-02  7.104807e-03
 2.27586e+00 -2.27586e+00       2.017e+12  9.943086e-01 -2.843616e-02 -7.077952e-02  5.691432e-03
 2.68966e+00 -2.27586e+00       1.164e+12  9.924436e-01 -3.361390e-02 -4.217408e-02  7.556363e-03
 3.10345e+00 -2.27586e+00       4.996e+11  9.747750e-01 -4.234160e-02  4.476521e-02  2.522501e-02
 3.51724e+00 -2.27586e+00       2.867e+11  9.290678e-01 -1.755142e-02  2.117461e-01  7.093217e-02
 3.93103e+00 -2.27586e+00       2.976e+11  9.127741e-01  4.198326e-02  2.925359e-01  8.722594e-02
 4.34483e+00 -2.27586e+00       4.084e+11  9.141133e-01  5.497574e-02  3.239965e-01  8.588670e-02
 4.75862e+00 -2.27586e+00       4.904e+11  8.816351e-01  4.260463e-02  3.782010e-01  1.183649e-01
 5.17241e+00 -2.27586e+00       4.408e+11  7.884992e-01  3.655616e-02  4.820900e-01  2.115008e-01
 5.58621e+00 -2.27586e+00       3.401e+11  6.149824e-01  3.695647e-02  6.370560e-01  3.850176e-01
 6.00000e+00 -2.27586e+00       3.077e+11  3.385182e-01  2.061701e-02  7.771596e-01  6.614818e-01
-6.00000e+00 -1.86207e+00       2.180e+11  3.828913e-01 -1.513022e-01 -6.616625e-01  6.171087e-01
-5.58621e+00 -1.86207e+00       2.742e+11  6.184744e-01 -2.448961e-02 -5.311515e-01  3.815256e-01
-5.17241e+00 -1.86207e+00       3.481e+11  7.910298e-01  3.840618e-02 -3.993898e-01  2.089702e-01
-4.75862e+00 -1.86207e+00       3.450e+11  8.790694e-01  5.373998e-02 -3.267641e-01  1.209306e-01
-4.34483e+00 -1.86207e+00       2.758e+11  8.959943e-01  5.891996e-02 -3.188646e-01  1.040057e-01
-3.93103e+00 -1.86207e+00       2.176e+11  8.864831e-01  4.153737e-02 -2.946324e-01  1.135169e-01
-3.51724e+00 -1.86207e+00       3.200e+11  9.484825e-01  5.311834e-03 -1.355035e-01  5.151753e-02
-3.10345e+00 -1.86207e+00       8.690e+11  9.906251e-01  6.493930e-03 -5.415995e-02  9.374924e-03
-2.68966e+00 -1.86207e+00       1.760e+12  9.973821e-01  1.333858e-02 -3.373489e-02  2.617853e-03
-2.27586e+00 -1.86207e+00       2.043e+12  9.981775e-01  1.896027e-02 -2.176301e-02  1.822524e-03
-1.86207e+00 -1.86207e+00       1.383e+12  9.969830e-01  2.811371e-02 -1.233880e-02  3.016961e-03
-1.44828e+00 -1.86207e+00       7.276e+11  9.917129e-01  4.959161e-02 -5.543080e-03  8.287083e-03
-1.03448e+00 -1.86207e+00       6.428e+11  9.869685e-01  7.878587e-02  3.012847e-03  1.303149e-02
-6.20690e-01 -1.86207e+00       9.377e+11  9.898619e-01  8.335361e-02  1.376522e-02  1.013810e-02
-2.06897e-01 -1.86207e+00       1.195e+12  9.921316e-01  7.718936e-02  2.793854e-02  7.868371e-03
 2.06897e-01 -1.86207e+00       1.110e+12  9.912811e-01  7.425207e-02  4.611964e-02  8.718871e-03
 6.20690e-01 -1.86207e+00       7.456e+11  9.865498e-01  7.270950e-02  6.332117e-02  1.345016e-02
 1.03448e+00 -1.86207e+00       4.458e+11  9.793155e-01  4.732816e-02  6.813460e-02  2.068451e-02
 1.44828e+00 -1.86207e+00       5.746e+11  9.868461e-01 -4.404757e-03  4.017652e-02  1.315388e-02
 1.86207e+00 -1.86207e+00       1.332e+12  9.955826e-01 -1.674256e-02  2.675712e-02  4.417422e-03
 2.27586e+00 -1.86207e+00       2.164e+12  9.977809e-01 -1.975178e-02  2.755016e-02  2.219082e-03
 2.68966e+00 -1.86207e+00       2.001e+12  9.976112e-01 -2.262218e-02  3.379840e-02  2.388771e-03
 3.10345e+00 -1.86207e+00       1.082e+12  9.933980e-01 -2.695616e-02  5.322057e-02  6.602036e-03
 3.51724e+00 -1.86207e+00       4.442e+11  9.708501e-01 -2.731562e-02  1.273779e-01  2.914993e-02
 3.93103e+00 -1.86207e+00       2.712e+11  9.311178e-01  1.242582e-02  2.518784e-01  6.888218e-02
 4.34483e+00 -1.86207e+00       3.120e+11  9.250888e-01  4.755794e-02  2.986997e-01  7.491120e-02
 4.75862e+00 -1.86207e+00       4.002e+11  9.121451e-01  4.063629e-02  3.325711e-01  8.785488e-02
 5.17241e+00 -1.86207e+00       3.996e+11  8.511545e-01  2.519368e-02  4.074474e-01  1.488455e-01
 5.58621e+00 -1.86207e+00       3.096e+11  7.240112e-01  9.234425e-03  5.413765e-01  2.759888e-01
 6.00000e+00 -1.86207e+00       2.310e+11  5.314406e-01 -6.741732e-03  6.705235e-01  4.685594e-01
-6.00000e+00 -1.44828e+00       1.748e+11  4.989653e-01 -2.964965e-03 -6.396628e-01  5.010347e-01
-5.58621e+00 -1.44828e+00       2.411e+11  7.742057e-01 -6.037586e-04 -4.286530e-01  2.257943e-01
-5.17241e+00 -1.44828e+00       3.148e+11  8.862691e-01  1.965144e-02 -3.291999e-01  1.137309e-01
-4.75862e+00 -1.44828e+00       3.001e+11  9.187800e-01  4.639008e-02 -2.966048e-01  8.121998e-02
-4.34483e+00 -1.44828e+00       2.303e+11  9.139737e-01  5.723851e-02 -2.884082e-01  8.602629e-02
-3.93103e+00 -1.44828e+00       2.399e+11  9.342541e-01  2.485813e-02 -2.069584e-01  6.574594e-02
-3.51724e+00 -1.44828e+00       5.914e+11  9.823922e-01  8.400978e-03 -1.086286e-01  1.760783e-02
-3.10345e+00 -1.44828e+00       1.440e+12  9.942270e-01  1.189344e-02 -8.511932e-02  5.773023e-03
-2.68966e+00 -1.44828e+00       2.080e+12  9.961437e-01  1.517282e-02 -7.681294e-02  3.856337e-03
-2.27586e+00 -1.44828e+00       1.740e+12  9.961677e-01  2.014312e-02 -7.180087e-02  3.832332e-03
-1.86207e+00 -1.44828e+00       1.140e+12  9.945720e-01  3.014794e-02 -7.167358e-02  5.427964e-03
-1.44828e+00 -1.44828e+00       1.127e+12  9.933899e-01  2.873017e-02 -7.580979e-02  6.610057e-03
-1.03448e+00 -1.44828e+00       1.354e+12  9.939853e-01  1.149537e-02 -7.251873e-02  6.014715e-03
-6.20690e-01 -1.44828e+00       1.267e+12  9.944383e-01 -4.904910e-03 -5.594673e-02  5.561680e-03
-2.06897e-01 -1.44828e+00       1.009e+12  9.941926e-01 -1.283496e-02 -1.690956e-02  5.807356e-03
 2.06897e-01 -1.44828e+00       9.174e+11  9.928769e-01 -1.513786e-02  4.449015e-02  7.123068e-03
 6.20690e-01 -1.44828e+00       9.684e+11  9.907106e-01 -1.363282e-02  9.740899e-02  9.289426e-03
 1.03448e+00 -1.44828e+00       8.932e+11  9.883081e-01 -5.249756e-03  1.238989e-01  1.169186e-02
 1.44828e+00 -1.44828e+00       6.809e+11  9.866456e-01  6.256156e-04  1.224070e-01  1.335435e-02
 1.86207e+00 -1.44828e+00       8.398e+11  9.911963e-01 -8.460219e-03  8.751492e-02  8.803657e-03
 2.27586e+00 -1.44828e+00       1.635e+12  9.954102e-01 -1.453693e-02  7.234439e-02  4.589831e-03
 2.68966e+00 -1.44828e+00       2.186e+12  9.963633e-01 -1.686544e-02  7.167167e-02  3.636692e-03
 3.10345e+00 -1.44828e+00       1.647e+12  9.955008e-01 -1.916187e-02  7.669439e-02  4.499189e-03
 3.51724e+00 -1.44828e+00       7.546e+11  9.888166e-01 -2.096698e-02  1.001161e-01  1.118337e-02
 3.93103e+00 -1.44828e+00       3.234e+11  9.633720e-01 -3.687723e-03  1.800875e-01  3.662796e-02
 4.34483e+00 -1.44828e+00       2.703e+11  9.443860e-01  3.875211e-02  2.528576e-01  5.561402e-02
 4.75862e+00 -1.44828e+00       3.349e+11  9.431997e-01  4.118517e-02  2.730793e-01  5.680030e-02
 5.17241e+00 -1.44828e+00       3.425e+11  9.209121e-01  2.891407e-02  3.045419e-01  7.908792e-02
 5.58621e+00 -1.44828e+00       2.538e+11  8.346998e-01  2.339434e-02  3.903942e-01  1.653002e-01
 6.00000e+00 -1.44828e+00       1.724e+11  5.956952e-01  6.389479e-03  5.831152e-01  4.043048e-01
-6.00000e+00 -1.03448e+00       1.780e+11  7.269635e-01 -7.225321e-02 -4.690646e-01  2.730365e-01
-5.58621e+00 -1.03448e+00       2.489e+11  8.560984e-01  2.301126e-02 -3.305098e-01  1.439016e-01
-5.17241e+00 -1.03448e+00       2.854e+11  9.221416e-01  4.648576e-02 -2.472256e-01  7.785837e-02
-4.75862e+00 -1.03448e+00       2.431e+11  9.457742e-01  4.139278e-02 -2.204551e-01  5.422583e-02
-4.34483e+00 -1.03448e+00       1.982e+11  9.473404e-01  2.730869e-02 -2.131119e-01  5.265961e-02
-3.93103e+00 -1.03448e+00       3.189e+11  9.735612e-01  1.015990e-02 -1.366006e-01  2.643879e-02
-3.51724e+00 -1.03448e+00       8.958e+11  9.920242e-01  9.107034e-03 -9.540247e-02  7.975777e-03
-3.10345e+00 -1.03448e+00       1.785e+12  9.954439e-01  1.131266e-02 -8.668912e-02  4.556085e-03
-2.68966e+00 -1.03448e+00       2.030e+12  9.959430e-01  1.321795e-02 -8.361699e-02  4.056972e-03
-2.27586e+00 -1.03448e+00       1.509e+12  9.954035e-01  1.660887e-02 -8.423614e-02  4.596496e-03
-1.86207e+00 -1.03448e+00       1.337e+12  9.946334e-01  1.725433e-02 -8.518550e-02  5.366642e-03
-1.44828e+00 -1.03448e+00       2.299e+12  9.960818e-01  1.177897e-02 -6.911820e-02  3.918165e-03
-1.03448e+00 -1.03448e+00       5.446e+12  9.980212e-01  7.965616e-03 -4.646101e-02  1.978843e-03
-6.20690e-01 -1.03448e+00       1.138e+13  9.990301e-01  4.118108e-03 -2.959369e-02  9.699229e-04
-2.06897e-01 -1.03448e+00       1.678e+13  9.994776e-01  5.071171e-04 -1.503990e-02  5.224113e-04
 2.06897e-01 -1.03448e+00       1.657e+13  9.996201e-01 -2.042404e-03 -7.087823e-04  3.799389e-04
 6.20690e-01 -1.03448e+00       1.087e+13  9.994382e-01 -3.562092e-03  1.391779e-02  5.618240e-04
 1.03448e+00 -1.03448e+00       4.846e+12  9.984866e-01 -4.663535e-03  3.281008e-02  1.513428e-03
 1.44828e+00 -1.03448e+00       1.696e+12  9.954757e-01 -5.734966e-03  6.620089e-02  4.524254e-03
 1.86207e+00 -1.03448e+00       8.370e+11  9.922354e-01 -7.213016e-03  9.476644e-02  7.764615e-03
 2.27586e+00 -1.03448e+00       1.213e+12  9.949309e-01 -1.048642e-02  8.028511e-02  5.069115e-03
 2.68966e+00 -1.03448e+00       1.981e+12  9.964431e-01 -1.231036e-02  7.428232e-02  3.556860e-03
 3.10345e+00 -1.03448e+00       1.928e+12  9.965378e-01 -1.371406e-02  7.485183e-02  3.462164e-03
 3.51724e+00 -1.03448e+00       1.070e+12  9.947764e-01 -1.489142e-02  8.259088e-02  5.223644e-03
 3.93103e+00 -1.03448e+00       4.247e+11  9.855447e-01 -9.761985e-03  1.176571e-01  1.445525e-02
 4.34483e+00 -1.03448e+00       2.471e+11  9.692514e-01  1.844363e-02  1.822490e-01  3.074858e-02
 4.75862e+00 -1.03448e+00       2.899e+11  9.638296e-01  3.388367e-02  2.135958e-01  3.617041e-02
 5.17241e+00 -1.03448e+00       3.405e+11  9.491738e-01  2.730956e-02  2.469348e-01  5.082619e-02
 5.58621e+00 -1.03448e+00       2.854e+11  9.058434e-01  1.292418e-02  3.194955e-01  9.415662e-02
 6.00000e+00 -1.03448e+00       1.889e+11  8.137672e-01 -5.551926e-03  4.338414e-01  1.862328e-01
-6.00000e+00 -6.20690e-01       1.394e+11  9.117098e-01 -3.029871e-02 -2.548131e-01  8.829017e-02
-5.58621e+00 -6.20690e-01       2.377e+11  9.535430e-01  7.618875e-03 -2.069228e-01  4.645701e-02
-5.17241e+00 -6.20690e-01       2.797e+11  9.709433e-01  2.635872e-02 -1.721411e-01  2.905669e-02
-4.75862e+00 -6.20690e-01       2.303e+11  9.761676e-01  3.288687e-02 -1.542503e-01  2.383238e-02
-4.34483e+00 -6.20690e-01       1.969e+11  9.779527e-01  1.946708e-02 -1.340059e-01  2.204725e-02
-3.93103e+00 -6.20690e-01       4.077e+11  9.911583e-01  5.864652e-03 -8.532677e-02  8.841681e-03
-3.51724e+00 -6.20690e-01       1.118e+12  9.965785e-01  6.938108e-03 -6.923010e-02  3.421535e-03
-3.10345e+00 -6.20690e-01       1.923e+12  9.974729e-01  8.244030e-03 -6.601579e-02  2.527088e-03
-2.68966e+00 -6.20690e-01       1.920e+12  9.974264e-01  9.099548e-03 -6.632504e-02  2.573568e-03
-2.27586e+00 -6.20690e-01       1.536e+12  9.970289e-01  8.939196e-03 -6.861172e-02  2.971119e-03
-1.86207e+00 -6.20690e-01       2.425e+12  9.976482e-01  4.082561e-03 -5.978029e-02  2.351827e-03
-1.44828e+00 -6.20690e-01       7.197e+12  9.986538e-01 -2.250009e-04 -4.550097e-02  1.346175e-03
-1.03448e+00 -6.20690e-01       1.919e+13  9.991827e-01 -3.218182e-03 -3.466539e-02  8.173271e-04
-6.20690e-01 -6.20690e-01       3.660e+13  9.995030e-01 -5.586950e-03 -2.397328e-02  4.969900e-04
-2.06897e-01 -6.20690e-01       4.964e+13  9.997072e-01 -7.241765e-03 -1.214538e-02  2.927857e-04
 2.06897e-01 -6.20690e-01       4.918e+13  9.997862e-01 -8.247374e-03  5.275156e-05  2.137716e-04
 6.20690e-01 -6.20690e-01       3.551e+13  9.997398e-01 -8.798335e-03  1.125904e-02  2.601574e-04
 1.03448e+00 -6.20690e-01       1.803e+13  9.995655e-01 -9.081971e-03  2.104991e-02  4.344679e-04
 1.44828e+00 -6.20690e-01       6.283e+12  9.990985e-01 -9.203135e-03  3.170445e-02  9.015189e-04
 1.86207e+00 -6.20690e-01       1.756e+12  9.977735e-01 -8.764960e-03  4.933154e-02  2.226541e-03
 2.27586e+00 -6.20690e-01       1.102e+12  9.972185e-01 -7.504925e-03  5.751842e-02  2.781531e-03
 2.68966e+00 -6.20690e-01       1.754e+12  9.981909e-01 -7.855922e-03  5.122428e-02  1.809088e-03
 3.10345e+00 -6.20690e-01       1.998e+12  9.984475e-01 -8.491742e-03  5.020813e-02  1.552507e-03
 3.51724e+00 -6.20690e-01       1.283e+12  9.980881e-01 -8.898201e-03  5.284312e-02  1.911912e-03
 3.93103e+00 -6.20690e-01       5.294e+11  9.956478e-01 -6.436844e-03  6.707497e-02  4.352180e-03
 4.34483e+00 -6.20690e-01       2.617e+11  9.892529e-01  1.049955e-02  1.046887e-01  1.074711e-02
 4.75862e+00 -6.20690e-01       2.789e+11  9.865322e-01  2.177628e-02  1.282424e-01  1.346778e-02
 5.17241e+00 -6.20690e-01       3.233e+11  9.829925e-01  1.539501e-02  1.463315e-01  1.700752e-02
 5.58621e+00 -6.20690e-01       2.763e+11  9.717609e-01  9.866119e-03  1.817075e-01  2.823912e-02
 6.00000e+00 -6.20690e-01       1.860e+11  9.474599e-01  9.554309e-03  2.395849e-01  5.254005e-02
-6.00000e+00 -2.06897e-01       1.231e+11  9.881339e-01 -1.345993e-02 -9.595597e-02  1.186614e-02
-5.58621e+00 -2.06897e-01       2.196e+11  9.942220e-01 -4.127722e-03 -7.419945e-02  5.778003e-03
-5.17241e+00 -2.06897e-01       2.621e+11  9.962878e-01  1.713579e-03 -6.361752e-02  3.712241e-03
-4.75862e+00 -2.06897e-01       2.204e+11  9.965500e-01  3.471347e-03 -5.953579e-02  3.449993e-03
-4.34483e+00 -2.06897e-01       2.037e+11  9.965146e-01  1.299485e-04 -5.198817e-02  3.485379e-03
-3.93103e+00 -2.06897e-01       4.655e+11  9.984571e-01  2.210263e-04 -3.633208e-02  1.542921e-03
-3.51724e+00 -2.06897e-01       1.230e+12  9.992374e-01  2.579260e-03 -3.170630e-02  7.626429e-04
-3.10345e+00 -2.06897e-01       1.969e+12  9.993320e-01  3.400523e-03 -3.144521e-02  6.680396e-04
-2.68966e+00 -2.06897e-01       1.878e+12  9.991983e-01  2.956563e-03 -3.375994e-02  8.017121e-04
-2.27586e+00 -2.06897e-01       1.716e+12  9.991179e-01 -4.546561e-04 -3.546673e-02  8.821090e-04
-1.86207e+00 -2.06897e-01       3.738e+12  9.994849e-01 -4.343484e-03 -2.792491e-02  5.150951e-04
-1.44828e+00 -2.06897e-01       1.184e+13  9.996965e-01 -5.287437e-03 -2.175887e-02  3.034929e-04
-1.03448e+00 -2.06897e-01       2.926e+13  9.997921e-01 -5.678340e-03 -1.747878e-02  2.078801e-04
-6.20690e-01 -2.06897e-01       5.115e+13  9.998630e-01 -5.903758e-03 -1.310010e-02  1.369963e-04
-2.06897e-01 -2.06897e-01       6.585e+13  9.999177e-01 -6.001052e-03 -8.305127e-03  8.230759e-05
 2.06897e-01 -2.06897e-01       6.540e+13  9.999497e-01 -6.047108e-03 -3.535198e-03  5.031856e-05
 6.20690e-01 -2.06897e-01       4.996e+13  9.999580e-01 -6.081798e-03  5.599270e-04  4.204566e-05
 1.03448e+00 -2.06897e-01       2.785e+13  9.999450e-01 -6.092442e-03  3.734220e-03  5.500083e-05
 1.44828e+00 -2.06897e-01       1.069e+13  9.998925e-01 -6.054403e-03  6.672026e-03  1.075491e-04
 1.86207e+00 -2.06897e-01       2.937e+12  9.997025e-01 -5.733703e-03  1.171570e-02  2.975107e-04
 2.27586e+00 -2.06897e-01       1.197e+12  9.994498e-01 -4.307175e-03  1.615890e-02  5.502449e-04
 2.68966e+00 -2.06897e-01       1.637e+12  9.996984e-01 -3.883733e-03  1.225000e-02  3.015791e-04
 3.10345e+00 -2.06897e-01       1.991e+12  9.998239e-01 -3.852413e-03  1.126609e-02  1.760647e-04
 3.51724e+00 -2.06897e-01       1.379e+12  9.998147e-01 -3.363038e-03  1.190095e-02  1.853146e-04
 3.93103e+00 -2.06897e-01       5.914e+11  9.995686e-01 -1.342210e-03  1.516768e-02  4.313558e-04
 4.34483e+00 -2.06897e-01       2.715e+11  9.989241e-01  3.454929e-03  2.303460e-02  1.075864e-03
 4.75862e+00 -2.06897e-01       2.590e+11  9.988062e-01  2.499308e-03  2.786544e-02  1.193780e-03
 5.17241e+00 -2.06897e-01       2.918e+11  9.987763e-01 -1.456198e-03  3.163072e-02  1.223691e-03
 5.58621e+00 -2.06897e-01       2.491e+11  9.980657e-01 -3.955855e-03  3.859996e-02  1.934267e-03
 6.00000e+00 -2.06897e-01       1.619e+11  9.957075e-01 -9.333738e-03  5.520560e-02  4.292539e-03
-6.00000e+00  2.06897e-01       1.231e+11  9.881395e-01 -1.056799e-02  6.258110e-02  1.186052e-02
-5.58621e+00  2.06897e-01       2.197e+11  9.945537e-01 -3.997099e-03  5.166888e-02  5.446332e-03
-5.17241e+00  2.06897e-01       2.618e+11  9.968543e-01 -8.998422e-03  4.630295e-02  3.145660e-03
-4.75862e+00  2.06897e-01       2.198e+11  9.975759e-01 -1.865843e-02  4.206524e-02  2.424126e-03
-4.34483e+00  2.06897e-01       2.030e+11  9.981938e-01 -1.797438e-02  3.043730e-02  1.806161e-03
-3.93103e+00  2.06897e-01       4.656e+11  9.994045e-01 -5.836398e-03  1.446680e-02  5.955136e-04
-3.51724e+00  2.06897e-01       1.233e+12  9.997512e-01 -1.996702e-03  1.084418e-02  2.488274e-04
-3.10345e+00  2.06897e-01       1.976e+12  9.997834e-01 -1.465352e-03  8.980392e-03  2.165799e-04
-2.68966e+00  2.06897e-01       1.892e+12  9.997315e-01 -3.043096e-03  5.433021e-03  2.685387e-04
-2.27586e+00  2.06897e-01       1.738e+12  9.997066e-01 -8.278207e-03  2.629731e-03  2.934189e-04
-1.86207e+00  2.06897e-01       3.763e+12  9.998327e-01 -1.021413e-02  5.008626e-03  1.672815e-04
-1.44828e+00  2.06897e-01       1.186e+13  9.999084e-01 -8.218182e-03  4.864840e-03  9.163720e-05
-1.03448e+00  2.06897e-01       2.928e+13  9.999441e-01 -6.304656e-03  3.020708e-03  5.588555e-05
-6.20690e-01  2.06897e-01       5.117e+13  9.999619e-01 -4.784806e-03  9.603036e-05  3.806051e-05
-2.06897e-01  2.06897e-01       6.590e+13  9.999590e-01 -3.699131e-03 -3.887986e-03  4.097692e-05
 2.06897e-01  2.06897e-01       6.546e+13  9.999299e-01 -2.991077e-03 -8.550491e-03  7.009498e-05
 6.20690e-01  2.06897e-01       5.001e+13  9.998756e-01 -2.506382e-03 -1.326661e-02  1.244001e-04
 1.03448e+00  2.06897e-01       2.788e+13  9.998024e-01 -2.117063e-03 -1.759527e-02  1.975742e-04
 1.44828e+00  2.06897e-01       1.070e+13  9.997149e-01 -1.733482e-03 -2.135943e-02  2.851469e-04
 1.86207e+00  2.06897e-01       2.951e+12  9.995966e-01 -1.061602e-03 -2.454938e-02  4.034113e-04
 2.27586e+00  2.06897e-01       1.206e+12  9.993765e-01  5.766775e-05 -2.930116e-02  6.235140e-04
 2.68966e+00  2.06897e-01       1.640e+12  9.993524e-01  1.317111e-04 -3.212209e-02  6.475558e-04
 3.10345e+00  2.06897e-01       1.993e+12  9.993960e-01  7.406073e-04 -3.220946e-02  6.040074e-04
 3.51724e+00  2.06897e-01       1.380e+12  9.993309e-01  2.136638e-03 -3.279607e-02  6.691261e-04
 3.93103e+00  2.06897e-01       5.927e+11  9.987755e-01  3.986193e-03 -3.816194e-02  1.224509e-03
 4.34483e+00  2.06897e-01       2.726e+11  9.970492e-01 -1.978786e-03 -5.737796e-02  2.950790e-03
 4.75862e+00  2.06897e-01       2.595e+11  9.960777e-01 -1.458564e-02 -7.050856e-02  3.922329e-03
 5.17241e+00  2.06897e-01       2.919e+11  9.952138e-01 -1.570829e-02 -7.596710e-02  4.786192e-03
 5.58621e+00  2.06897e-01       2.494e+11  9.923370e-01 -1.766539e-02 -9.015721e-02  7.663001e-03
 6.00000e+00  2.06897e-01       1.625e+11  9.855208e-01 -2.952567e-02 -1.220603e-01  1.447919e-02
-6.00000e+00  6.20690e-01       1.395e+11  9.126611e-01  1.425604e-02  2.231040e-01  8.733888e-02
-5.58621e+00  6.20690e-01       2.380e+11  9.555616e-01 -1.263456e-02  1.871963e-01  4.443838e-02
-5.17241e+00  6.20690e-01       2.792e+11  9.730844e-01 -3.272580e-02  1.570080e-01  2.691556e-02
-4.75862e+00  6.20690e-01       2.285e+11  9.789987e-01 -4.787805e-02  1.377241e-01  2.100127e-02
-4.34483e+00  6.20690e-01       1.943e+11  9.826203e-01 -3.882777e-02  1.130384e-01  1.737968e-02
-3.93103e+00  6.20690e-01       4.076e+11  9.940273e-01 -1.309126e-02  6.400022e-02  5.972726e-03
-3.51724e+00  6.20690e-01       1.126e+12  9.980067e-01 -6.907461e-03  4.925577e-02  1.993302e-03
-3.10345e+00  6.20690e-01       1.945e+12  9.986362e-01 -6.447108e-03  4.517804e-02  1.363799e-03
-2.68966e+00  6.20690e-01       1.960e+12  9.987340e-01 -8.564813e-03  4.096354e-02  1.266025e-03
-2.27586e+00  6.20690e-01       1.599e+12  9.985790e-01 -1.496718e-02  3.735879e-02  1.421043e-03
-1.86207e+00  6.20690e-01       2.505e+12  9.986790e-01 -1.754727e-02  3.509825e-02  1.320971e-03
-1.44828e+00  6.20690e-01       7.264e+12  9.992252e-01 -1.337359e-02  2.738185e-02  7.747666e-04
-1.03448e+00  6.20690e-01       1.924e+13  9.995793e-01 -9.152733e-03  1.912425e-02  4.207035e-04
-6.20690e-01  6.20690e-01       3.667e+13  9.997591e-01 -5.602818e-03  9.979861e-03  2.408917e-04
-2.06897e-01  6.20690e-01       4.977e+13  9.998100e-01 -2.937641e-03 -9.803698e-04  1.900312e-04
 2.06897e-01  6.20690e-01       4.932e+13  9.997221e-01 -1.165400e-03 -1.307030e-02  2.779447e-04
 6.20690e-01  6.20690e-01       3.557e+13  9.995008e-01 -6.786267e-05 -2.494479e-02  4.991514e-04
 1.03448e+00  6.20690e-01       1.804e+13  9.991689e-01  6.567497e-04 -3.584821e-02  8.311249e-04
 1.44828e+00  6.20690e-01       6.312e+12  9.986860e-01  1.442268e-03 -4.655590e-02  1.314003e-03
 1.86207e+00  6.20690e-01       1.798e+12  9.977986e-01  3.077459e-03 -6.013996e-02  2.201429e-03
 2.27586e+00  6.20690e-01       1.126e+12  9.969933e-01  3.949716e-03 -7.141201e-02  3.006728e-03
 2.68966e+00  6.20690e-01       1.760e+12  9.972275e-01  3.869171e-03 -7.069259e-02  2.772455e-03
 3.10345e+00  6.20690e-01       1.998e+12  9.973087e-01  5.215512e-03 -7.014594e-02  2.691335e-03
 3.51724e+00  6.20690e-01       1.283e+12  9.967613e-01  7.614304e-03 -7.278391e-02  3.238706e-03
 3.93103e+00  6.20690e-01       5.318e+11  9.932447e-01  9.018687e-03 -9.001330e-02  6.755308e-03
 4.34483e+00  6.20690e-01       2.658e+11  9.837923e-01 -9.028276e-03 -1.399011e-01  1.620766e-02
 4.75862e+00  6.20690e-01       2.832e+11  9.793753e-01 -3.108474e-02 -1.682540e-01  2.062474e-02
 5.17241e+00  6.20690e-01       3.269e+11  9.736672e-01 -3.016998e-02 -1.854200e-01  2.633283e-02
 5.58621e+00  6.20690e-01       2.791e+11  9.563615e-01 -3.021097e-02 -2.274644e-01  4.363851e-02
 6.00000e+00  6.20690e-01       1.892e+11  9.221509e-01 -4.180066e-02 -2.997309e-01  7.784907e-02
-6.00000e+00  1.03448e+00       1.747e+11  7.484452e-01  5.604430e-02  4.365294e-01  2.515548e-01
-5.58621e+00  1.03448e+00       2.471e+11  8.671781e-01 -3.439599e-02  3.106640e-01  1.328219e-01
-5.17241e+00  1.03448e+00       2.829e+11  9.272586e-01 -5.718049e-02  2.312491e-01  7.274140e-02
-4.75862e+00  1.03448e+00       2.395e+11  9.493392e-01 -5.654907e-02  2.035806e-01  5.066078e-02
-4.34483e+00  1.03448e+00       1.941e+11  9.530223e-01 -4.634516e-02  1.949414e-01  4.697765e-02
-3.93103e+00  1.03448e+00       3.185e+11  9.784640e-01 -2.115582e-02  1.163914e-01  2.153596e-02
-3.51724e+00  1.03448e+00       9.089e+11  9.942490e-01 -1.142073e-02  7.612909e-02  5.750961e-03
-3.10345e+00  1.03448e+00       1.822e+12  9.969607e-01 -1.083054e-02  6.756439e-02  3.039300e-03
-2.68966e+00  1.03448e+00       2.096e+12  9.974208e-01 -1.282681e-02  6.225442e-02  2.579189e-03
-2.27586e+00  1.03448e+00       1.613e+12  9.971072e-01 -1.931828e-02  5.840533e-02  2.892774e-03
-1.86207e+00  1.03448e+00       1.483e+12  9.961129e-01 -2.568676e-02  6.094345e-02  3.887090e-03
-1.44828e+00  1.03448e+00       2.453e+12  9.967370e-01 -2.291821e-02  5.038017e-02  3.262994e-03
-1.03448e+00  1.03448e+00       5.530e+12  9.983726e-01 -1.998421e-02  2.747224e-02  1.627380e-03
-6.20690e-01  1.03448e+00       1.136e+13  9.992473e-01 -1.619284e-02  1.063244e-02  7.527272e-04
-2.06897e-01  1.03448e+00       1.669e+13  9.994991e-01 -1.199620e-02 -3.302131e-03  5.009481e-04
 2.06897e-01  1.03448e+00       1.644e+13  9.994001e-01 -8.710639e-03 -1.757070e-02  5.998514e-04
 6.20690e-01  1.03448e+00       1.079e+13  9.989833e-01 -6.370007e-03 -3.270638e-02  1.016694e-03
 1.03448e+00  1.03448e+00       4.872e+12  9.980087e-01 -3.671018e-03 -5.093015e-02  1.991300e-03
 1.44828e+00  1.03448e+00       1.800e+12  9.958416e-01  1.439525e-03 -7.706827e-02  4.158376e-03
 1.86207e+00  1.03448e+00       9.169e+11  9.934758e-01  6.608432e-03 -9.958192e-02  6.524234e-03
 2.27586e+00  1.03448e+00       1.241e+12  9.943737e-01  6.840326e-03 -9.588946e-02  5.626280e-03
 2.68966e+00  1.03448e+00       1.981e+12  9.952269e-01  7.730988e-03 -9.191914e-02  4.773054e-03
 3.10345e+00  1.03448e+00       1.922e+12  9.951539e-01  9.957101e-03 -9.227596e-02  4.846111e-03
 3.51724e+00  1.03448e+00       1.067e+12  9.929128e-01  1.314184e-02 -1.004896e-01  7.087229e-03
 3.93103e+00  1.03448e+00       4.281e+11  9.811453e-01  1.125632e-02 -1.411287e-01  1.885469e-02
 4.34483e+00  1.03448e+00       2.525e+11  9.600511e-01 -1.891875e-02 -2.193764e-01  3.994894e-02
 4.75862e+00  1.03448e+00       2.967e+11  9.530966e-01 -3.838483e-02 -2.539889e-01  4.690342e-02
 5.17241e+00  1.03448e+00       3.481e+11  9.362751e-01 -3.183652e-02 -2.845144e-01  6.372486e-02
 5.58621e+00  1.03448e+00       2.925e+11  8.856989e-01 -1.828335e-02 -3.590788e-01  1.143011e-01
 6.00000e+00  1.03448e+00       1.963e+11  7.837290e-01 -2.383372e-03 -4.802145e-01  2.162710e-01
-6.00000e+00  1.44828e+00       1.703e+11  5.217036e-01 -1.400164e-02  6.164883e-01  4.782964e-01
-5.58621e+00  1.44828e+00       2.387e+11  7.822807e-01 -8.829686e-03  4.079111e-01  2.177193e-01
-5.17241e+00  1.44828e+00       3.126e+11  8.891513e-01 -2.096637e-02  3.143543e-01  1.108487e-01
-4.75862e+00  1.44828e+00       2.959e+11  9.210585e-01 -4.947904e-02  2.847503e-01  7.894147e-02
-4.34483e+00  1.44828e+00       2.236e+11  9.182129e-01 -6.924494e-02  2.760917e-01  8.178709e-02
-3.93103e+00  1.44828e+00       2.349e+11  9.405929e-01 -4.099859e-02  1.891236e-01  5.940710e-02
-3.51724e+00  1.44828e+00       6.000e+11  9.856087e-01 -1.546636e-02  8.969926e-02  1.439128e-02
-3.10345e+00  1.44828e+00       1.478e+12  9.957653e-01 -1.397911e-02  6.727344e-02  4.234651e-03
-2.68966e+00  1.44828e+00       2.155e+12  9.972764e-01 -1.619658e-02  5.877533e-02  2.723643e-03
-2.27586e+00  1.44828e+00       1.858e+12  9.971916e-01 -2.204657e-02  5.226984e-02  2.808386e-03
-1.86207e+00  1.44828e+00       1.318e+12  9.955437e-01 -3.336043e-02  5.397822e-02  4.456311e-03
-1.44828e+00  1.44828e+00       1.393e+12  9.938691e-01 -3.164112e-02  6.902212e-02  6.130931e-03
-1.03448e+00  1.44828e+00       1.694e+12  9.937690e-01 -1.294028e-02  7.366040e-02  6.230959e-03
-6.20690e-01  1.44828e+00       1.587e+12  9.938037e-01  7.757628e-03  5.919708e-02  6.196278e-03
-2.06897e-01  1.44828e+00       1.258e+12  9.936866e-01  2.205597e-02  1.825942e-02  6.313435e-03
 2.06897e-01  1.44828e+00       1.169e+12  9.938343e-01  2.614245e-02 -3.840475e-02  6.165674e-03
 6.20690e-01  1.44828e+00       1.288e+12  9.936429e-01  2.242258e-02 -7.733842e-02  6.357070e-03
 1.03448e+00  1.44828e+00       1.202e+12  9.924595e-01  1.416014e-02 -9.853392e-02  7.540522e-03
 1.44828e+00  1.44828e+00       8.676e+11  9.906355e-01  7.142714e-03 -1.095308e-01  9.364535e-03
 1.86207e+00  1.44828e+00       9.072e+11  9.919300e-01  6.723612e-03 -9.996982e-02  8.069965e-03
 2.27586e+00  1.44828e+00       1.645e+12  9.946835e-01  8.802886e-03 -8.844780e-02  5.316502e-03
 2.68966e+00  1.44828e+00       2.176e+12  9.953676e-01  1.134753e-02 -8.687806e-02  4.632403e-03
 3.10345e+00  1.44828e+00       1.638e+12  9.942993e-01  1.467154e-02 -9.163610e-02  5.700656e-03
 3.51724e+00  1.44828e+00       7.558e+11  9.865076e-01  1.822939e-02 -1.166286e-01  1.349237e-02
 3.93103e+00  1.44828e+00       3.307e+11  9.570698e-01  2.966569e-03 -2.043652e-01  4.293022e-02
 4.34483e+00  1.44828e+00       2.777e+11  9.342316e-01 -4.280899e-02 -2.848878e-01  6.576840e-02
 4.75862e+00  1.44828e+00       3.418e+11  9.310054e-01 -4.952917e-02 -3.054998e-01  6.899459e-02
 5.17241e+00  1.44828e+00       3.497e+11  9.042077e-01 -3.766823e-02 -3.371992e-01  9.579232e-02
 5.58621e+00  1.44828e+00       2.602e+11  8.080845e-01 -3.489200e-02 -4.250198e-01  1.919155e-01
 6.00000e+00  1.44828e+00       1.780e+11  5.576799e-01 -2.532840e-02 -6.145964e-01  4.423201e-01
-6.00000e+00  1.86207e+00       2.104e+11  3.935416e-01  1.340467e-01  6.446115e-01  6.064584e-01
-5.58621e+00  1.86207e+00       2.724e+11  6.279497e-01  3.041411e-03  5.216602e-01  3.720503e-01
-5.17241e+00  1.86207e+00       3.472e+11  7.942996e-01 -5.129642e-02  3.933887e-01  2.057004e-01
-4.75862e+00  1.86207e+00       3.413e+11  8.796086e-01 -6.128081e-02  3.199777e-01  1.203914e-01
-4.34483e+00  1.86207e+00       2.691e+11  8.969918e-01 -6.751220e-02  3.114826e-01  1.030082e-01
-3.93103e+00  1.86207e+00       2.103e+11  8.892760e-01 -5.728119e-02  2.870303e-01  1.107240e-01
-3.51724e+00  1.86207e+00       3.206e+11  9.523257e-01 -1.974484e-02  1.218649e-01  4.767427e-02
-3.10345e+00  1.86207e+00       8.956e+11  9.917551e-01 -1.289416e-02  4.097094e-02  8.244853e-03
-2.68966e+00  1.86207e+00       1.831e+12  9.976543e-01 -1.680721e-02  2.107317e-02  2.345668e-03
-2.27586e+00  1.86207e+00       2.161e+12  9.981321e-01 -2.253670e-02  9.316810e-03  1.867936e-03
-1.86207e+00  1.86207e+00       1.551e+12  9.967711e-01 -3.285992e-02  1.886293e-03  3.228943e-03
-1.44828e+00  1.86207e+00       9.419e+11  9.925695e-01 -5.026489e-02  3.737224e-03  7.430455e-03
-1.03448e+00  1.86207e+00       9.129e+11  9.899531e-01 -6.758612e-02  5.421016e-03  1.004694e-02
-6.20690e-01  1.86207e+00       1.310e+12  9.924217e-01 -7.004363e-02 -1.296487e-03  7.578312e-03
-2.06897e-01  1.86207e+00       1.658e+12  9.943970e-01 -6.376798e-02 -1.340474e-02  5.603031e-03
 2.06897e-01  1.86207e+00       1.545e+12  9.940427e-01 -5.883308e-02 -3.214573e-02  5.957283e-03
 6.20690e-01  1.86207e+00       1.044e+12  9.906957e-01 -5.431566e-02 -5.569656e-02  9.304329e-03
 1.03448e+00  1.86207e+00       6.047e+11  9.847704e-01 -3.416980e-02 -7.936081e-02  1.522962e-02
 1.44828e+00  1.86207e+00       6.425e+11  9.881472e-01 -3.064927e-04 -6.612117e-02  1.185280e-02
 1.86207e+00  1.86207e+00       1.341e+12  9.955392e-01  8.803633e-03 -4.203923e-02  4.460826e-03
 2.27586e+00  1.86207e+00       2.137e+12  9.976185e-01  1.267415e-02 -3.850457e-02  2.381463e-03
 2.68966e+00  1.86207e+00       1.970e+12  9.973257e-01  1.644321e-02 -4.424863e-02  2.674286e-03
 3.10345e+00  1.86207e+00       1.071e+12  9.925324e-01  2.115457e-02 -6.503230e-02  7.467591e-03
 3.51724e+00  1.86207e+00       4.497e+11  9.673623e-01  2.076765e-02 -1.447745e-01  3.263767e-02
 3.93103e+00  1.86207e+00       2.810e+11  9.239567e-01 -1.845744e-02 -2.760585e-01  7.604327e-02
 4.34483e+00  1.86207e+00       3.210e+11  9.152653e-01 -5.367718e-02 -3.264234e-01  8.473475e-02
 4.75862e+00  1.86207e+00       4.117e+11  8.999742e-01 -4.795329e-02 -3.604008e-01  1.000258e-01
 5.17241e+00  1.86207e+00       4.127e+11  8.345291e-01 -3.431134e-02 -4.345692e-01  1.654709e-01
 5.58621e+00  1.86207e+00       3.222e+11  7.013988e-01 -2.093418e-02 -5.690864e-01  2.986012e-01
 6.00000e+00  1.86207e+00       2.435e+11  5.146324e-01 -4.381670e-03 -6.933855e-01  4.853676e-01
-6.00000e+00  2.27586e+00       2.449e+11  1.424954e-01 -3.605421e-02  7.755268e-01  8.575046e-01
-5.58621e+00  2.27586e+00       2.716e+11  4.872844e-01 -3.155076e-02  6.297557e-01  5.127156e-01
-5.17241e+00  2.27586e+00       3.795e+11  7.185054e-01 -5.354671e-02  4.793020e-01  2.814946e-01
-4.75862e+00  2.27586e+00       4.185e+11  8.363251e-01 -6.803675e-02  3.739007e-01  1.636749e-01
-4.34483e+00  2.27586e+00       3.498e+11  8.835353e-01 -7.627408e-02  3.277752e-01  1.164647e-01
-3.93103e+00  2.27586e+00       2.550e+11  8.713073e-01 -7.231296e-02  3.337961e-01  1.286927e-01
-3.51724e+00  2.27586e+00       2.039e+11  8.702443e-01 -3.980020e-02  2.529579e-01  1.297557e-01
-3.10345e+00  2.27586e+00       3.533e+11  9.572752e-01 -3.967568e-03  2.466644e-02  4.272481e-02
-2.68966e+00  2.27586e+00       9.606e+11  9.899760e-01 -9.193027e-03 -6.067292e-02  1.002399e-02
-2.27586e+00  2.27586e+00       1.820e+12  9.920707e-01 -1.869950e-02 -9.005213e-02  7.929273e-03
-1.86207e+00  2.27586e+00       2.015e+12  9.894769e-01 -3.045660e-02 -1.116868e-01  1.052310e-02
-1.44828e+00  2.27586e+00       1.380e+12  9.848195e-01 -5.082903e-02 -1.253949e-01  1.518047e-02
-1.03448e+00  2.27586e+00       8.104e+11  9.804891e-01 -7.647085e-02 -1.048003e-01  1.951085e-02
-6.20690e-01  2.27586e+00       6.364e+11  9.825127e-01 -6.802668e-02 -5.188710e-02  1.748734e-02
-2.06897e-01  2.27586e+00       5.872e+11  9.853361e-01 -3.564203e-02 -3.239429e-02  1.466386e-02
 2.06897e-01  2.27586e+00       5.189e+11  9.827208e-01 -2.280730e-02 -4.926620e-02  1.727923e-02
 6.20690e-01  2.27586e+00       4.548e+11  9.749686e-01 -3.437680e-02 -5.363059e-02  2.503138e-02
 1.03448e+00  2.27586e+00       6.088e+11  9.777445e-01 -2.353889e-02  2.706508e-02  2.225552e-02
 1.44828e+00  2.27586e+00       1.272e+12  9.883719e-01  1.557299e-03  8.131317e-02  1.162810e-02
 1.86207e+00  2.27586e+00       2.050e+12  9.930158e-01  1.301989e-02  8.280513e-02  6.984220e-03
 2.27586e+00  2.27586e+00       1.971e+12  9.945494e-01  1.874898e-02  6.861296e-02  5.450566e-03
 2.68966e+00  2.27586e+00       1.141e+12  9.925364e-01  2.427736e-02  3.862052e-02  7.463562e-03
 3.10345e+00  2.27586e+00       4.996e+11  9.732328e-01  3.075997e-02 -5.345459e-02  2.676723e-02
 3.51724e+00  2.27586e+00       2.964e+11  9.248818e-01  5.771358e-03 -2.292502e-01  7.511822e-02
 3.93103e+00  2.27586e+00       3.075e+11  9.063985e-01 -4.736826e-02 -3.157119e-01  9.360150e-02
 4.34483e+00  2.27586e+00       4.192e+11  9.056772e-01 -6.008840e-02 -3.478185e-01  9.432277e-02
 4.75862e+00  2.27586e+00       5.023e+11  8.712399e-01 -4.982032e-02 -3.993553e-01  1.287601e-01
 5.17241e+00  2.27586e+00       4.476e+11  7.732942e-01 -4.673611e-02 -5.011835e-01  2.267058e-01
 5.58621e+00  2.27586e+00       3.433e+11  5.930412e-01 -4.999534e-02 -6.564014e-01  4.069588e-01
 6.00000e+00  2.27586e+00       3.124e+11  3.154128e-01 -3.260576e-02 -7.918979e-01  6.845872e-01
-6.00000e+00  2.68966e+00       4.458e+11  1.059378e-01  1.520973e-02  8.960534e-01  8.940622e-01
-5.58621e+00  2.68966e+00       3.391e+11  3.296776e-01  5.555189e-03  7.898317e-01  6.703224e-01
-5.17241e+00  2.68966e+00       3.904e+11  6.110118e-01 -3.699198e-02  5.824800e-01  3.889882e-01
-4.75862e+00  2.68966e+00       4.758e+11  7.876715e-01 -5.969625e-02  4.213988e-01  2.123285e-01
-4.34483e+00  2.68966e+00       4.512e+11  8.741069e-01 -7.149667e-02  3.294609e-01  1.258931e-01
-3.93103e+00  2.68966e+00       3.512e+11  8.913648e-01 -7.572557e-02  3.120578e-01  1.086352e-01
-3.51724e+00  2.68966e+00       2.496e+11  8.553132e-01 -6.137243e-02  3.266900e-01  1.446868e-01
-3.10345e+00  2.68966e+00       1.816e+11  8.424527e-01 -1.400685e-02  2.133109e-01  1.575473e-01
-2.68966e+00  2.68966e+00       2.473e+11  9.222543e-01  3.284445e-02 -9.375646e-02  7.774569e-02
-2.27586e+00  2.68966e+00       6.179e+11  9.491045e-01  1.486991e-02 -2.479764e-01  5.089550e-02
-1.86207e+00  2.68966e+00       1.271e+12  9.349119e-01 -6.227362e-03 -3.159250e-01  6.508813e-02
-1.44828e+00  2.68966e+00       1.650e+12  9.100243e-01 -3.167058e-02 -3.700005e-01  8.997573e-02
-1.03448e+00  2.68966e+00       1.309e+12  8.726070e-01 -7.398683e-02 -4.147411e-01  1.273930e-01
-6.20690e-01  2.68966e+00       6.764e+11  8.117761e-01 -1.425614e-01 -4.124605e-01  1.882239e-01
-2.06897e-01  2.68966e+00       3.169e+11  7.361661e-01 -2.075759e-01 -1.669633e-01  2.638339e-01
 2.06897e-01  2.68966e+00       3.352e+11  7.724318e-01 -1.428554e-01  3.203012e-01  2.275682e-01
 6.20690e-01  2.68966e+00       7.123e+11  8.484129e-01 -5.549182e-02  4.361890e-01  1.515871e-01
 1.03448e+00  2.68966e+00       1.352e+12  8.925113e-01 -6.876801e-03  4.059544e-01  1.074887e-01
 1.44828e+00  2.68966e+00       1.737e+12  9.212300e-01  1.670940e-02  3.551975e-01  7.876997e-02
 1.86207e+00  2.68966e+00       1.412e+12  9.420413e-01  2.606727e-02  2.985818e-01  5.795873e-02
 2.27586e+00  2.68966e+00       7.678e+11  9.568246e-01  3.345965e-02  2.197479e-01  4.317539e-02
 2.68966e+00  2.68966e+00       3.803e+11  9.536105e-01  4.650258e-02  5.298455e-02  4.638950e-02
 3.10345e+00  2.68966e+00       2.819e+11  9.212496e-01  2.523365e-02 -1.754827e-01  7.875042e-02
 3.51724e+00  2.68966e+00       3.004e+11  9.065082e-01 -3.324620e-02 -2.729811e-01  9.349179e-02
 3.93103e+00  2.68966e+00       4.036e+11  9.163797e-01 -6.220591e-02 -3.001885e-01  8.362034e-02
 4.34483e+00  2.68966e+00       5.419e+11  9.040870e-01 -5.471276e-02 -3.432759e-01  9.591299e-02
 4.75862e+00  2.68966e+00       5.505e+11  8.392323e-01 -4.766553e-02 -4.225288e-01  1.607677e-01
 5.17241e+00  2.68966e+00       4.326e+11  6.878716e-01 -5.131481e-02 -5.659737e-01  3.121284e-01
 5.58621e+00  2.68966e+00       3.438e+11  4.255131e-01 -4.277756e-02 -7.457894e-01  5.744869e-01
 6.00000e+00  2.68966e+00       3.984e+11  9.550961e-02 -2.160353e-02 -8.656124e-01  9.044904e-01
-6.00000e+00  3.10345e+00       5.771e+11  7.426791e-02  4.216065e-02  8.846967e-01  9.257321e-01
-5.58621e+00  3.10345e+00       4.027e+11  2.481150e-01  7.417014e-02  8.282085e-01  7.518850e-01
-5.17241e+00  3.10345e+00       3.859e+11  4.812497e-01  2.201327e-02  6.800685e-01  5.187503e-01
-4.75862e+00  3.10345e+00       4.873e+11  7.122182e-01 -3.396242e-02  4.804652e-01  2.877818e-01
-4.34483e+00  3.10345e+00       5.441e+11  8.512733e-01 -5.629557e-02  3.330938e-01  1.487267e-01
-3.93103e+00  3.10345e+00       4.777e+11  9.121792e-01 -7.095892e-02  2.589735e-01  8.782082e-02
-3.51724e+00  3.10345e+00       3.662e+11  9.070004e-01 -6.981419e-02  2.637933e-01  9.299958e-02
-3.10345e+00  3.10345e+00       2.597e+11  8.543556e-01 -4.857441e-02  2.866844e-01  1.456444e-01
-2.68966e+00  3.10345e+00       1.665e+11  8.039712e-01  6.311601e-03  1.939989e-01  1.960288e-01
-2.27586e+00  3.10345e+00       1.263e+11  8.159760e-01  1.178799e-01 -1.094481e-01  1.840240e-01
-1.86207e+00  3.10345e+00       1.593e+11  8.059039e-01  1.379227e-01 -4.110291e-01  1.940961e-01
-1.44828e+00  3.10345e+00       2.649e+11  6.698188e-01  1.187528e-01 -6.045385e-01  3.301812e-01
-1.03448e+00  3.10345e+00       4.166e+11  4.480617e-01  1.408448e-01 -7.066623e-01  5.519383e-01
-6.20690e-01  3.10345e+00       5.188e+11  1.576910e-01  1.838730e-01 -6.449942e-01  8.423090e-01
-2.06897e-01  3.10345e+00       5.369e+11 -1.126144e-01  2.208757e-01 -2.704782e-01  8.873856e-01
 2.06897e-01  3.10345e+00       5.513e+11 -9.626553e-02  2.071497e-01  3.201034e-01  9.037345e-01
 6.20690e-01  3.10345e+00       5.610e+11  1.899003e-01  1.451305e-01  6.637823e-01  8.100997e-01
 1.03448e+00  3.10345e+00       4.839e+11  4.859786e-01  8.587465e-02  6.877978e-01  5.140214e-01
 1.44828e+00  3.10345e+00       3.504e+11  7.133246e-01  6.188515e-02  5.487209e-01  2.866754e-01
 1.86207e+00  3.10345e+00       2.532e+11  8.533955e-01  7.971671e-02  3.481261e-01  1.466045e-01
 2.27586e+00  3.10345e+00       2.292e+11  9.069861e-01  8.782346e-02  8.982149e-02  9.301391e-02
 2.68966e+00  3.10345e+00       2.605e+11  9.127380e-01  4.044857e-02 -1.248746e-01  8.726202e-02
 3.10345e+00  3.10345e+00       3.001e+11  9.115969e-01 -2.333943e-02 -1.992463e-01  8.840310e-02
 3.51724e+00  3.10345e+00       3.939e+11  9.295852e-01 -6.042889e-02 -2.179630e-01  7.041476e-02
 3.93103e+00  3.10345e+00       5.642e+11  9.351126e-01 -5.609686e-02 -2.594909e-01  6.488745e-02
 4.34483e+00  3.10345e+00       6.343e+11  8.959720e-01 -4.442945e-02 -3.300090e-01  1.040280e-01
 4.75862e+00  3.10345e+00       5.374e+11  7.806920e-01 -4.011497e-02 -4.670658e-01  2.193080e-01
 5.17241e+00  3.10345e+00       4.210e+11  5.904412e-01 -3.068010e-02 -6.603869e-01  4.095588e-01
 5.58621e+00  3.10345e+00       3.991e+11  3.594919e-01 -6.902314e-03 -8.030305e-01  6.405081e-01
 6.00000e+00  3.10345e+00       5.479e+11  8.907805e-02 -9.285277e-03 -8.831518e-01  9.109219e-01
-6.00000e+00  3.51724e+00       8.716e+11  7.975070e-02  1.639161e-02  9.154228e-01  9.202493e-01
-5.58621e+00  3.51724e+00       5.865e+11  2.246017e-01  6.304164e-02  8.697573e-01  7.753983e-01
-5.17241e+00  3.51724e+00       4.302e+11  3.829220e-01  6.628224e-02  7.858762e-01  6.170780e-01
-4.75862e+00  3.51724e+00       4.596e+11  6.019022e-01 -3.198386e-03  5.927604e-01  3.980978e-01
-4.34483e+00  3.51724e+00       5.751e+11  7.931912e-01 -4.431863e-02  3.766687e-01  2.068088e-01
-3.93103e+00  3.51724e+00       6.018e+11  9.014253e-01 -6.054610e-02  2.235534e-01  9.857472e-02
-3.51724e+00  3.51724e+00       5.093e+11  9.454401e-01 -7.171724e-02  1.492808e-01  5.455994e-02
-3.10345e+00  3.51724e+00       3.971e+11  9.343981e-01 -6.069387e-02  1.628864e-01  6.560188e-02
-2.68966e+00  3.51724e+00       2.941e+11  8.739170e-01 -3.888793e-02  2.083860e-01  1.260830e-01
-2.27586e+00  3.51724e+00       1.858e+11  7.784405e-01 -4.641837e-03  1.791891e-01  2.215595e-01
-1.86207e+00  3.51724e+00       1.083e+11  6.732618e-01  1.566179e-01 -3.308397e-02  3.267382e-01
-1.44828e+00  3.51724e+00       8.033e+10  5.869251e-01  3.683963e-01 -3.660213e-01  4.130749e-01
-1.03448e+00  3.51724e+00       7.612e+10  4.222440e-01  3.968465e-01 -5.597949e-01  5.777560e-01
-6.20690e-01  3.51724e+00       7.178e+10  1.246054e-01  3.685918e-01 -4.934338e-01  8.753946e-01
-2.06897e-01  3.51724e+00       6.711e+10 -1.587824e-01  3.453850e-01 -5.429403e-02  8.412176e-01
 2.06897e-01  3.51724e+00       7.110e+10 -1.604663e-01  2.871371e-01  4.904079e-01  8.395337e-01
 6.20690e-01  3.51724e+00       7.992e+10  5.364431e-02  2.336038e-01  7.090061e-01  9.463557e-01
 1.03448e+00  3.51724e+00       9.115e+10  3.607334e-01  2.430029e-01  6.039938e-01  6.392666e-01
 1.44828e+00  3.51724e+00       1.243e+11  6.905762e-01  2.316023e-01  3.186494e-01  3.094238e-01
 1.86207e+00  3.51724e+00       1.958e+11  8.661768e-01  1.308863e-01  7.161698e-02  1.338232e-01
 2.27586e+00  3.51724e+00       2.670e+11  9.069244e-01  3.502937e-02 -5.168015e-02  9.307556e-02
 2.68966e+00  3.51724e+00       2.996e+11  9.093252e-01 -2.704556e-02 -7.722721e-02  9.067484e-02
 3.10345e+00  3.51724e+00       3.903e+11  9.375232e-01 -5.765860e-02 -8.618121e-02  6.247675e-02
 3.51724e+00  3.51724e+00       5.927e+11  9.594387e-01 -5.399015e-02 -1.392123e-01  4.056135e-02
 3.93103e+00  3.51724e+00       7.117e+11  9.395913e-01 -4.423678e-02 -2.133605e-01  6.040867e-02
 4.34483e+00  3.51724e+00       6.300e+11  8.548903e-01 -4.227644e-02 -3.472177e-01  1.451097e-01
 4.75862e+00  3.51724e+00       4.965e+11  6.943836e-01 -3.981876e-02 -5.592743e-01  3.056164e-01
 5.17241e+00  3.51724e+00       4.379e+11  5.122239e-01 -1.572072e-02 -7.372544e-01  4.877761e-01
 5.58621e+00  3.51724e+00       5.322e+11  2.806292e-01 -3.557016e-03 -8.468709e-01  7.193708e-01
 6.00000e+00  3.51724e+00       8.391e+11  6.445742e-02 -1.609873e-02 -9.204670e-01  9.355426e-01
-6.00000e+00  3.93103e+00       1.249e+12  1.162642e-01 -1.878180e-03  9.375534e-01  8.837358e-01
-5.58621e+00  3.93103e+00       9.086e+11  2.424122e-01  3.307207e-02  8.890853e-01  7.575878e-01
-5.17241e+00  3.93103e+00       5.973e+11  3.698139e-01  7.802592e-02  8.306895e-01  6.301861e-01
-4.75862e+00  3.93103e+00       4.573e+11  5.036064e-01  5.631373e-02  7.239770e-01  4.963936e-01
-4.34483e+00  3.93103e+00       5.126e+11  6.932668e-01 -1.672037e-02  4.954273e-01  3.067332e-01
-3.93103e+00  3.93103e+00       6.331e+11  8.490915e-01 -4.933686e-02  2.513443e-01  1.509085e-01
-3.51724e+00  3.93103e+00       6.501e+11  9.314553e-01 -6.211677e-02  7.542014e-02  6.854469e-02
-3.10345e+00  3.93103e+00       5.479e+11  9.631304e-01 -7.329311e-02 -2.246604e-02  3.686961e-02
-2.68966e+00  3.93103e+00       4.357e+11  9.605836e-01 -5.506746e-02 -2.861574e-02  3.941637e-02
-2.27586e+00  3.93103e+00       3.558e+11  9.179194e-01 -1.822067e-02  3.851953e-02  8.208061e-02
-1.86207e+00  3.93103e+00       2.644e+11  8.217314e-01 -3.045905e-02  1.161896e-01  1.782686e-01
-1.44828e+00  3.93103e+00       1.593e+11  6.465042e-01 -4.117496e-02  1.642770e-01  3.534958e-01
-1.03448e+00  3.93103e+00       9.448e+10  3.875963e-01  2.069886e-01  1.535744e-01  6.124037e-01
-6.20690e-01  3.93103e+00       7.821e+10  1.916263e-01  6.650844e-01  1.092537e-01  8.083737e-01
-2.06897e-01  3.93103e+00       8.061e+10  1.396146e-01  8.560857e-01  1.540486e-01  8.603854e-01
 2.06897e-01  3.93103e+00       8.992e+10  2.538215e-01  7.713807e-01  2.771477e-01  7.461785e-01
 6.20690e-01  3.93103e+00       1.181e+11  5.438809e-01  4.794339e-01  3.197291e-01  4.561191e-01
 1.03448e+00  3.93103e+00       1.822e+11  7.945449e-01  1.763877e-01  2.387187e-01  2.054551e-01
 1.44828e+00  3.93103e+00       2.557e+11  8.748458e-01  2.513882e-02  1.473834e-01  1.251542e-01
 1.86207e+00  3.93103e+00       2.719e+11  8.562583e-01 -2.178091e-02  1.031300e-01  1.437417e-01
 2.27586e+00  3.93103e+00       2.719e+11  8.457801e-01 -3.575735e-02  1.241242e-01  1.542199e-01
 2.68966e+00  3.93103e+00       4.004e+11  9.208136e-01 -5.039233e-02  1.064831e-01  7.918636e-02
 3.10345e+00  3.93103e+00       6.449e+11  9.680271e-01 -4.866212e-02  3.088664e-02  3.197285e-02
 3.51724e+00  3.93103e+00       7.717e+11  9.646826e-01 -4.296060e-02 -5.635689e-02  3.531740e-02
 3.93103e+00  3.93103e+00       6.810e+11  9.038127e-01 -4.491227e-02 -2.043926e-01  9.618729e-02
 4.34483e+00  3.93103e+00       5.421e+11  7.726233e-01 -4.734814e-02 -4.455810e-01  2.273767e-01
 4.75862e+00  3.93103e+00       4.745e+11  6.301614e-01 -2.430393e-02 -6.523069e-01  3.698386e-01
 5.17241e+00  3.93103e+00       5.281e+11  4.579175e-01 -9.081584e-04 -7.780241e-01  5.420825e-01
 5.58621e+00  3.93103e+00       8.125e+11  2.402800e-01 -1.211686e-02 -8.850976e-01  7.597200e-01
 6.00000e+00  3.93103e+00       1.256e+12  9.430745e-02 -1.758740e-02 -9.467271e-01  9.056926e-01
-6.00000e+00  4.34483e+00       1.621e+12  1.767868e-01 -1.036001e-02  9.481799e-01  8.232132e-01
-5.58621e+00  4.34483e+00       1.350e+12  2.809513e-01  5.821910e-03  9.003265e-01  7.190487e-01
-5.17241e+00  4.34483e+00       9.516e+11  4.042816e-01  4.704228e-02  8.336432e-01  5.957184e-01
-4.75862e+00  4.34483e+00       6.147e+11  5.069617e-01  8.857958e-02  7.665911e-01  4.930383e-01
-4.34483e+00  4.34483e+00       4.683e+11  6.048208e-01  5.443586e-02  6.557422e-01  3.951792e-01
-3.93103e+00  4.34483e+00       5.195e+11  7.503504e-01 -2.172232e-02  4.058333e-01  2.496496e-01
-3.51724e+00  4.34483e+00       6.407e+11  8.689653e-01 -5.346859e-02  1.140243e-01  1.310347e-01
-3.10345e+00  4.34483e+00       6.786e+11  9.201485e-01 -6.181239e-02 -1.099865e-01  7.985146e-02
-2.68966e+00  4.34483e+00       5.898e+11  9.240541e-01 -7.606631e-02 -2.598774e-01  7.594591e-02
-2.27586e+00  4.34483e+00       4.596e+11  9.104590e-01 -7.865748e-02 -3.402129e-01  8.954097e-02
-1.86207e+00  4.34483e+00       3.623e+11  8.905338e-01 -1.673244e-02 -3.539802e-01  1.094662e-01
-1.44828e+00  4.34483e+00       3.289e+11  8.680601e-01  7.612129e-02 -3.222209e-01  1.319399e-01
-1.03448e+00  4.34483e+00       3.361e+11  8.667247e-01  7.141487e-02 -2.401956e-01  1.332753e-01
-6.20690e-01  4.34483e+00       3.242e+11  8.744368e-01 -3.189059e-02 -1.014324e-01  1.255632e-01
-2.06897e-01  4.34483e+00       2.912e+11  8.641431e-01 -1.446402e-01  2.819105e-02  1.358569e-01
 2.06897e-01  4.34483e+00       2.619e+11  8.167719e-01 -1.760394e-01  2.680596e-02  1.832281e-01
 6.20690e-01  4.34483e+00       2.287e+11  6.958914e-01 -9.382642e-02 -7.540367e-02  3.041086e-01
 1.03448e+00  4.34483e+00       1.872e+11  5.111072e-01  6.011304e-02 -7.248343e-02  4.888928e-01
 1.44828e+00  4.34483e+00       1.738e+11  4.634482e-01  1.108744e-01  1.972655e-01  5.365518e-01
 1.86207e+00  4.34483e+00       2.609e+11  6.902382e-01 -1.316428e-04  4.082773e-01  3.097618e-01
 2.27586e+00  4.34483e+00       4.858e+11  8.641170e-01 -4.475333e-02  3.587055e-01  1.358830e-01
 2.68966e+00  4.34483e+00       7.270e+11  9.330846e-01 -4.493535e-02  2.601176e-01  6.691545e-02
 3.10345e+00  4.34483e+00       7.811e+11  9.497878e-01 -4.453025e-02  1.479422e-01  5.021216e-02
 3.51724e+00  4.34483e+00       6.551e+11  9.135232e-01 -5.311066e-02 -4.406003e-02  8.647679e-02
 3.93103e+00  4.34483e+00       5.346e+11  8.185441e-01 -5.805528e-02 -3.352710e-01  1.814559e-01
 4.34483e+00  4.34483e+00       4.884e+11  7.215539e-01 -2.988605e-02 -5.566509e-01  2.784461e-01
 4.75862e+00  4.34483e+00       5.304e+11  6.067846e-01  1.623381e-03 -6.810048e-01  3.932154e-01
 5.17241e+00  4.34483e+00       7.851e+11  4.147471e-01 -8.479749e-03 -8.149764e-01  5.852529e-01
 5.58621e+00  4.34483e+00       1.287e+12  2.568240e-01 -1.794687e-02 -9.120050e-01  7.431760e-01
 6.00000e+00  4.34483e+00       1.697e+12  1.610234e-01 -1.078890e-02 -9.564961e-01  8.389766e-01
-6.00000e+00  4.75862e+00       1.898e+12  2.550335e-01 -1.187037e-02  9.438769e-01  7.449665e-01
-5.58621e+00  4.75862e+00       1.771e+12  3.342092e-01 -1.243919e-02  9.021288e-01  6.657908e-01
-5.17241e+00  4.75862e+00       1.428e+12  4.411312e-01  9.859054e-03  8.294110e-01  5.588688e-01
-4.75862e+00  4.75862e+00       1.010e+12  5.628811e-01  5.970290e-02  7.383886e-01  4.371189e-01
-4.34483e+00  4.75862e+00       6.480e+11  6.429376e-01  1.012010e-01  6.685689e-01  3.570624e-01
-3.93103e+00  4.75862e+00       4.599e+11  6.940310e-01  6.888723e-02  5.850254e-01  3.059690e-01
-3.51724e+00  4.75862e+00       4.666e+11  7.784327e-01 -1.410843e-02  3.605366e-01  2.215673e-01
-3.10345e+00  4.75862e+00       5.607e+11  8.417877e-01 -5.975858e-02  1.404477e-02  1.582123e-01
-2.68966e+00  4.75862e+00       6.349e+11  8.397622e-01 -6.626931e-02 -2.973143e-01  1.602378e-01
-2.27586e+00  4.75862e+00       6.064e+11  7.746227e-01 -6.771964e-02 -5.169855e-01  2.253773e-01
-1.86207e+00  4.75862e+00       5.018e+11  6.630027e-01 -9.315138e-02 -6.778659e-01  3.369973e-01
-1.44828e+00  4.75862e+00       3.795e+11  5.241871e-01 -1.082360e-01 -7.875868e-01  4.758129e-01
-1.03448e+00  4.75862e+00       2.766e+11  3.296265e-01 -5.365522e-02 -8.644303e-01  6.703735e-01
-6.20690e-01  4.75862e+00       2.264e+11  7.421057e-02  3.413378e-02 -8.929519e-01  9.257894e-01
-2.06897e-01  4.75862e+00       2.030e+11 -1.849409e-01  7.409431e-02 -8.021827e-01  8.150591e-01
 2.06897e-01  4.75862e+00       1.801e+11 -4.009931e-01  9.053644e-02 -4.907473e-01  5.990069e-01
 6.20690e-01  4.75862e+00       1.816e+11 -3.198923e-01  8.170917e-02  1.180441e-01  6.801077e-01
 1.03448e+00  4.75862e+00       2.590e+11  1.282389e-01  8.656138e-03  6.375495e-01  8.717611e-01
 1.44828e+00  4.75862e+00       4.312e+11  4.778418e-01 -4.538508e-02  7.431229e-01  5.221582e-01
 1.86207e+00  4.75862e+00       6.260e+11  6.727718e-01 -5.324896e-02  6.609109e-01  3.272282e-01
 2.27586e+00  4.75862e+00       7.166e+11  7.919688e-01 -5.081829e-02  5.376389e-01  2.080312e-01
 2.68966e+00  4.75862e+00       6.476e+11  8.560184e-01 -5.901039e-02  3.734244e-01  1.439816e-01
 3.10345e+00  4.75862e+00       5.285e+11  8.679711e-01 -7.640625e-02  8.415261e-02  1.320289e-01
 3.51724e+00  4.75862e+00       4.752e+11  8.354939e-01 -7.280373e-02 -2.572004e-01  1.645061e-01
 3.93103e+00  4.75862e+00       4.749e+11  7.965994e-01 -2.696956e-02 -4.479774e-01  2.034006e-01
 4.34483e+00  4.75862e+00       5.237e+11  7.294327e-01  8.021589e-03 -5.515397e-01  2.705673e-01
 4.75862e+00  4.75862e+00       7.698e+11  5.685209e-01 -6.576441e-03 -7.138657e-01  4.314791e-01
 5.17241e+00  4.75862e+00       1.334e+12  4.198865e-01 -2.173708e-02 -8.490858e-01  5.801135e-01
 5.58621e+00  4.75862e+00       1.903e+12  3.268404e-01 -1.909799e-02 -9.141217e-01  6.731596e-01
 6.00000e+00  4.75862e+00       2.061e+12  2.493769e-01 -7.243895e-03 -9.477935e-01  7.506231e-01
-6.00000e+00  5.17241e+00       1.938e+12  3.437297e-01 -7.956032e-03  9.233708e-01  6.562703e-01
-5.58621e+00  5.17241e+00       2.056e+12  4.099230e-01 -1.017354e-02  8.872434e-01  5.900770e-01
-5.17241e+00  5.17241e+00       1.911e+12  4.975418e-01 -6.435428e-03  8.234433e-01  5.024582e-01
-4.75862e+00  5.17241e+00       1.565e+12  6.000948e-01  1.359402e-02  7.282096e-01  3.999052e-01
-4.34483e+00  5.17241e+00       1.128e+12  7.018134e-01  5.768347e-02  6.161535e-01  2.981866e-01
-3.93103e+00  5.17241e+00       7.111e+11  7.641170e-01  1.095961e-01  5.279236e-01  2.358830e-01
-3.51724e+00  5.17241e+00       4.503e+11  7.852994e-01  1.058513e-01  4.695054e-01  2.147006e-01
-3.10345e+00  5.17241e+00       3.882e+11  8.201999e-01  2.196375e-02  3.523258e-01  1.798001e-01
-2.68966e+00  5.17241e+00       4.073e+11  8.223490e-01 -5.316897e-02  8.702464e-02  1.776510e-01
-2.27586e+00  5.17241e+00       4.430e+11  7.137281e-01 -9.976010e-02 -3.183197e-01  2.862719e-01
-1.86207e+00  5.17241e+00       4.866e+11  5.095825e-01 -9.980122e-02 -6.599411e-01  4.904175e-01
-1.44828e+00  5.17241e+00       4.759e+11  2.480943e-01 -6.666778e-02 -8.250466e-01  7.519057e-01
-1.03448e+00  5.17241e+00       3.949e+11 -8.511123e-02 -4.170240e-02 -8.466153e-01  9.148888e-01
-6.20690e-01  5.17241e+00       3.082e+11 -4.512381e-01 -4.600260e-02 -6.878484e-01  5.487619e-01
-2.06897e-01  5.17241e+00       2.674e+11 -6.915422e-01 -5.686816e-02 -2.581320e-01  3.084578e-01
 2.06897e-01  5.17241e+00       2.929e+11 -6.061229e-01 -5.211347e-02  3.337503e-01  3.938771e-01
 6.20690e-01  5.17241e+00       3.797e+11 -2.761568e-01 -4.741735e-02  7.415124e-01  7.238432e-01
 1.03448e+00  5.17241e+00       4.719e+11  4.966148e-02 -5.406993e-02  8.848070e-01  9.503385e-01
 1.44828e+00  5.17241e+00       4.966e+11  2.990967e-01 -7.061287e-02  8.766694e-01  7.009033e-01
 1.86207e+00  5.17241e+00       4.458e+11  4.944154e-01 -9.453787e-02  7.567595e-01  5.055846e-01
 2.27586e+00  5.17241e+00       3.817e+11  6.718519e-01 -1.215620e-01  4.618707e-01  3.281481e-01
 2.68966e+00  5.17241e+00       3.709e+11  8.048549e-01 -1.266806e-01  5.663927e-02  1.951451e-01
 3.10345e+00  5.17241e+00       4.051e+11  8.520008e-01 -7.313686e-02 -2.022236e-01  1.479992e-01
 3.51724e+00  5.17241e+00       4.472e+11  8.599264e-01  1.523931e-04 -2.976011e-01  1.400736e-01
 3.93103e+00  5.17241e+00       5.235e+11  8.244086e-01  1.860741e-02 -3.853515e-01  1.755914e-01
 4.34483e+00  5.17241e+00       7.821e+11  7.028692e-01 -1.011576e-02 -5.782852e-01  2.971308e-01
 4.75862e+00  5.17241e+00       1.343e+12  5.717988e-01 -2.065996e-02 -7.504736e-01  4.282012e-01
 5.17241e+00  5.17241e+00       1.969e+12  4.799042e-01 -1.052479e-02 -8.425501e-01  5.200958e-01
 5.58621e+00  5.17241e+00       2.211e+12  4.063742e-01  2.269296e-03 -8.931390e-01  5.936258e-01
 6.00000e+00  5.17241e+00       1.981e+12  3.366762e-01  7.470602e-03 -9.260031e-01  6.633238e-01
-6.00000e+00  5.58621e+00       1.829e+12  4.537471e-01 -5.756750e-03  8.774695e-01  5.462529e-01
-5.58621e+00  5.58621e+00       2.154e+12  4.978982e-01 -7.130330e-03  8.516444e-01  5.021018e-01
-5.17241e+00  5.58621e+00       2.168e+12  5.610359e-01 -9.190107e-03  8.011461e-01  4.389641e-01
-4.75862e+00  5.58621e+00       1.987e+12  6.443692e-01 -5.771069e-03  7.148436e-01  3.556308e-01
-4.34483e+00  5.58621e+00       1.677e+12  7.345410e-01  1.110112e-02  5.920332e-01  2.654590e-01
-3.93103e+00  5.58621e+00       1.282e+12  8.194299e-01  4.942198e-02  4.460108e-01  1.805701e-01
-3.51724e+00  5.58621e+00       8.541e+11  8.710323e-01  1.066075e-01  3.229392e-01  1.289677e-01
-3.10345e+00  5.58621e+00       4.972e+11  8.686361e-01  1.509535e-01  2.607501e-01  1.313639e-01
-2.68966e+00  5.58621e+00       3.320e+11  8.559496e-01  1.083604e-01  2.167441e-01  1.440504e-01
-2.27586e+00  5.58621e+00       3.124e+11  8.835752e-01  1.823794e-02  1.176440e-01  1.164248e-01
-1.86207e+00  5.58621e+00       2.965e+11  8.619677e-01 -6.359158e-02 -3.042141e-02  1.380323e-01
-1.44828e+00  5.58621e+00       2.487e+11  7.297558e-01 -1.576933e-01 -2.641473e-01  2.702442e-01
-1.03448e+00  5.58621e+00       1.978e+11  4.445812e-01 -1.963835e-01 -4.825775e-01  5.554188e-01
-6.20690e-01  5.58621e+00       1.560e+11 -5.166958e-02 -1.739875e-01 -4.947957e-01  9.483304e-01
-2.06897e-01  5.58621e+00       1.346e+11 -5.581236e-01 -1.681142e-01 -2.340322e-01  4.418764e-01
 2.06897e-01  5.58621e+00       1.246e+11 -7.081759e-01 -1.790915e-01  1.074828e-01  2.918241e-01
 6.20690e-01  5.58621e+00       1.182e+11 -4.571360e-01 -2.189155e-01  3.461270e-01  5.428640e-01
 1.03448e+00  5.58621e+00       1.354e+11  6.831333e-02 -3.033671e-01  4.073795e-01  9.316867e-01
 1.44828e+00  5.58621e+00       1.848e+11  4.848849e-01 -3.102449e-01  3.111195e-01  5.151151e-01
 1.86207e+00  5.58621e+00       2.422e+11  6.951651e-01 -2.316578e-01  1.377231e-01  3.048349e-01
 2.27586e+00  5.58621e+00       3.016e+11  8.017296e-01 -1.040554e-01 -4.667244e-03  1.982704e-01
 2.68966e+00  5.58621e+00       3.667e+11  8.631692e-01  1.346485e-02 -4.361120e-02  1.368308e-01
 3.10345e+00  5.58621e+00       4.211e+11  8.928041e-01  4.995548e-02 -5.230052e-02  1.071959e-01
 3.51724e+00  5.58621e+00       5.222e+11  8.780923e-01  1.451682e-02 -1.756790e-01  1.219077e-01
 3.93103e+00  5.58621e+00       8.287e+11  7.995527e-01 -2.106745e-02 -4.282289e-01  2.004473e-01
 4.34483e+00  5.58621e+00       1.427e+12  7.064492e-01 -2.137845e-02 -6.278057e-01  2.935508e-01
 4.75862e+00  5.58621e+00       2.085e+12  6.316184e-01 -6.213456e-03 -7.381571e-01  3.683816e-01
 5.17241e+00  5.58621e+00       2.386e+12  5.651232e-01  6.555665e-03 -8.042249e-01  4.348768e-01
 5.58621e+00  5.58621e+00       2.209e+12  4.982960e-01  9.071335e-03 -8.515479e-01  5.017040e-01
 6.00000e+00  5.58621e+00       1.828e+12  4.353967e-01  6.830513e-03 -8.849931e-01  5.646033e-01
-6.00000e+00  6.00000e+00       1.497e+12  5.681961e-01 -5.659990e-03  8.058032e-01  4.318039e-01
-5.58621e+00  6.00000e+00       2.041e+12  6.117480e-01 -5.076991e-03  7.772154e-01  3.882520e-01
-5.17241e+00  6.00000e+00       2.314e+12  6.493477e-01 -6.347008e-03  7.454820e-01  3.506523e-01
-4.75862e+00  6.00000e+00       2.215e+12  7.000897e-01 -7.857407e-03  6.874431e-01  2.999103e-01
-4.34483e+00  6.00000e+00       1.979e+12  7.696223e-01 -4.950144e-03  5.817703e-01  2.303777e-01
-3.93103e+00  6.00000e+00       1.722e+12  8.381481e-01  6.552783e-03  4.319808e-01  1.618519e-01
-3.51724e+00  6.00000e+00       1.418e+12  8.918889e-01  3.273915e-02  2.491786e-01  1.081111e-01
-3.10345e+00  6.00000e+00       1.066e+12  9.207341e-01  7.880678e-02  6.384410e-02  7.926587e-02
-2.68966e+00  6.00000e+00       6.940e+11  9.103547e-01  1.445864e-01 -6.694060e-02  8.964533e-02
-2.27586e+00  6.00000e+00       3.968e+11  8.509852e-01  2.091793e-01 -9.245604e-02  1.490148e-01
-1.86207e+00  6.00000e+00       2.363e+11  7.448757e-01  2.199302e-01 -2.593317e-02  2.551243e-01
-1.44828e+00  6.00000e+00       1.863e+11  6.703046e-01  1.074231e-01 -8.600794e-02  3.296954e-01
-1.03448e+00  6.00000e+00       2.004e+11  6.466071e-01 -4.972214e-02 -3.294916e-01  3.533929e-01
-6.20690e-01  6.00000e+00       2.277e+11  5.859577e-01 -1.039218e-01 -5.400173e-01  4.140423e-01
-2.06897e-01  6.00000e+00       2.310e+11  4.855368e-01 -1.073919e-01 -6.355684e-01  5.144632e-01
 2.06897e-01  6.00000e+00       2.108e+11  3.748897e-01 -1.544124e-01 -5.958970e-01  6.251103e-01
 6.20690e-01  6.00000e+00       1.945e+11  3.596844e-01 -2.068203e-01 -3.821871e-01  6.403156e-01
 1.03448e+00  6.00000e+00       2.114e+11  5.233487e-01 -8.567569e-02 -5.519677e-02  4.766513e-01
 1.44828e+00  6.00000e+00       2.629e+11  6.830395e-01  1.022811e-01  1.899639e-01  3.169605e-01
 1.86207e+00  6.00000e+00       3.069e+11  7.370462e-01  1.515231e-01  3.076077e-01  2.629538e-01
 2.27586e+00  6.00000e+00       3.313e+11  7.614589e-01  1.006658e-01  3.465195e-01  2.385411e-01
 2.68966e+00  6.00000e+00       3.901e+11  8.231952e-01  2.955133e-02  2.689775e-01  1.768048e-01
 3.10345e+00  6.00000e+00       5.597e+11  8.766765e-01 -2.029919e-02  2.159100e-02  1.233235e-01
 3.51724e+00  6.00000e+00       9.452e+11  8.653588e-01 -3.022178e-02 -2.748459e-01  1.346412e-01
 3.93103e+00  6.00000e+00       1.568e+12  8.201972e-01 -1.442118e-02 -4.799988e-01  1.798028e-01
 4.34483e+00  6.00000e+00       2.201e+12  7.701616e-01  4.470444e-03 -5.987462e-01  2.298384e-01
 4.75862e+00  6.00000e+00       2.498e+12  7.156766e-01  1.332325e-02 -6.772394e-01  2.843234e-01
 5.17241e+00  6.00000e+00       2.345e+12  6.557268e-01  1.003702e-02 -7.388957e-01  3.442732e-01
 5.58621e+00  6.00000e+00       2.008e+12  5.950521e-01  5.157328e-03 -7.868933e-01  4.049479e-01
 6.00000e+00  6.00000e+00       1.665e+12  5.444637e-01  1.013362e-02 -8.192654e-01  4.555363e-01
