 EB(GeV)    EMITTANCEx EMITTANCEy SIZEx(m)   SIZEy(m)   DIVx(rad)  DIVy(rad)
 1.500e+00  5.941e-09  5.941e-11  1.840e-04  1.299e-05  3.228e-05  4.574e-06
 betax      alphax     betay      alphay     eta        deta       E_spread  
 5.700e+00  0.000e+00  2.840e+00  0.000e+00  0.000e+00  0.000e+00  1.000e-03
 Ibeam(A) 
  2.000e-01


           x            y       F.Density            PL            PC          PL45        1-|PL|
          mm           mm  ph/s/mm^2/0.1%             -             -             -             -
-6.00000e+00 -6.00000e+00       1.289e+12  6.079533e-01 -3.186459e-04 -7.650523e-01  3.920467e-01
-5.58621e+00 -6.00000e+00       1.865e+12  6.602424e-01  2.279402e-03 -7.272842e-01  3.397576e-01
-5.17241e+00 -6.00000e+00       2.454e+12  6.946722e-01 -9.108883e-05 -6.998268e-01  3.053278e-01
-4.75862e+00 -6.00000e+00       2.569e+12  7.272186e-01 -2.215662e-03 -6.611733e-01  2.727814e-01
-4.34483e+00 -6.00000e+00       2.210e+12  7.741804e-01 -1.012816e-02 -5.841411e-01  2.258196e-01
-3.93103e+00 -6.00000e+00       1.773e+12  8.346141e-01 -2.060851e-02 -4.442907e-01  1.653859e-01
-3.51724e+00 -6.00000e+00       1.469e+12  8.885952e-01 -2.408880e-02 -2.486953e-01  1.114048e-01
-3.10345e+00 -6.00000e+00       1.208e+12  9.162828e-01 -2.906903e-02 -4.852224e-02  8.371717e-02
-2.68966e+00 -6.00000e+00       8.693e+11  9.088759e-01 -5.123351e-02  1.075286e-01  9.112406e-02
-2.27586e+00 -6.00000e+00       5.216e+11  8.643498e-01 -9.144878e-02  1.901016e-01  1.356502e-01
-1.86207e+00 -6.00000e+00       3.057e+11  7.734768e-01 -1.651432e-01  1.550553e-01  2.265232e-01
-1.44828e+00 -6.00000e+00       2.189e+11  6.532519e-01 -2.850352e-01  6.828828e-02  3.467481e-01
-1.03448e+00 -6.00000e+00       1.951e+11  6.200008e-01 -2.754640e-01  6.497093e-02  3.799992e-01
-6.20690e-01 -6.00000e+00       1.891e+11  6.576286e-01 -4.648357e-02  9.602969e-02  3.423714e-01
-2.06897e-01 -6.00000e+00       1.848e+11  6.540330e-01  1.918621e-01  1.209419e-01  3.459670e-01
 2.06897e-01 -6.00000e+00       1.864e+11  6.259040e-01  1.840051e-01  1.078042e-01  3.740960e-01
 6.20690e-01 -6.00000e+00       2.067e+11  6.008731e-01 -8.173635e-02 -1.169996e-02  3.991269e-01
 1.03448e+00 -6.00000e+00       2.484e+11  5.879616e-01 -2.743719e-01 -2.023895e-01  4.120384e-01
 1.44828e+00 -6.00000e+00       2.850e+11  6.129722e-01 -2.131024e-01 -3.340635e-01  3.870278e-01
 1.86207e+00 -6.00000e+00       3.101e+11  6.702265e-01 -4.075172e-02 -3.805649e-01  3.297735e-01
 2.27586e+00 -6.00000e+00       3.641e+11  7.607227e-01  5.759488e-02 -3.508556e-01  2.392773e-01
 2.68966e+00 -6.00000e+00       4.814e+11  8.497829e-01  7.053727e-02 -2.067883e-01  1.502171e-01
 3.10345e+00 -6.00000e+00       7.461e+11  8.914888e-01  4.513090e-02  5.160141e-02  1.085112e-01
 3.51724e+00 -6.00000e+00       1.267e+12  8.791818e-01  1.268675e-02  2.950421e-01  1.208182e-01
 3.93103e+00 -6.00000e+00       1.928e+12  8.413420e-01 -4.690114e-03  4.575608e-01  1.586580e-01
 4.34483e+00 -6.00000e+00       2.397e+12  7.886873e-01 -9.036334e-03  5.710025e-01  2.113127e-01
 4.75862e+00 -6.00000e+00       2.557e+12  7.255421e-01 -8.255100e-03  6.612543e-01  2.744579e-01
 5.17241e+00 -6.00000e+00       2.470e+12  6.689174e-01 -1.265451e-02  7.226339e-01  3.310826e-01
 5.58621e+00 -6.00000e+00       2.101e+12  6.226760e-01 -2.514117e-02  7.597714e-01  3.773240e-01
 6.00000e+00 -6.00000e+00       1.524e+12  5.830037e-01 -3.229851e-02  7.864392e-01  4.169963e-01
-6.00000e+00 -5.58621e+00       1.705e+12  5.002765e-01  9.953560e-03 -8.464152e-01  4.997235e-01
-5.58621e+00 -5.58621e+00       2.294e+12  5.439108e-01  4.788177e-03 -8.228100e-01  4.560892e-01
-5.17241e+00 -5.58621e+00       2.454e+12  5.855747e-01 -9.357578e-04 -7.887402e-01  4.144253e-01
-4.75862e+00 -5.58621e+00       2.166e+12  6.479923e-01 -8.184191e-03 -7.191206e-01  3.520077e-01
-4.34483e+00 -5.58621e+00       1.777e+12  7.339171e-01 -1.414394e-02 -5.954283e-01  2.660829e-01
-3.93103e+00 -5.58621e+00       1.438e+12  8.222624e-01 -2.293394e-02 -4.365936e-01  1.777376e-01
-3.51724e+00 -5.58621e+00       1.060e+12  8.817187e-01 -4.822030e-02 -2.967181e-01  1.182813e-01
-3.10345e+00 -5.58621e+00       6.534e+11  8.933996e-01 -9.241700e-02 -2.082354e-01  1.066004e-01
-2.68966e+00 -5.58621e+00       3.922e+11  8.607468e-01 -1.181904e-01 -1.520784e-01  1.392532e-01
-2.27586e+00 -5.58621e+00       3.215e+11  8.416094e-01 -6.890884e-02 -4.988402e-02  1.583906e-01
-1.86207e+00 -5.58621e+00       3.091e+11  8.128174e-01 -7.727262e-03  5.859072e-02  1.871826e-01
-1.44828e+00 -5.58621e+00       2.578e+11  6.815548e-01  7.291857e-02  1.872057e-01  3.184452e-01
-1.03448e+00 -5.58621e+00       1.984e+11  4.630470e-01  1.796481e-01  4.104214e-01  5.369530e-01
-6.20690e-01 -5.58621e+00       1.569e+11  2.935571e-01  1.964593e-01  5.719054e-01  7.064429e-01
-2.06897e-01 -5.58621e+00       1.247e+11  1.615745e-01  1.390214e-01  4.985135e-01  8.384255e-01
 2.06897e-01 -5.58621e+00       1.142e+11  4.030310e-02  1.546702e-01  1.549859e-01  9.596969e-01
 6.20690e-01 -5.58621e+00       1.456e+11  1.199192e-01  2.331869e-01 -2.728367e-01  8.800808e-01
 1.03448e+00 -5.58621e+00       2.114e+11  3.634650e-01  2.320812e-01 -4.377384e-01  6.365350e-01
 1.44828e+00 -5.58621e+00       2.637e+11  5.695303e-01  1.858001e-01 -3.556453e-01  4.304697e-01
 1.86207e+00 -5.58621e+00       2.888e+11  6.977067e-01  1.152749e-01 -1.760877e-01  3.022933e-01
 2.27586e+00 -5.58621e+00       3.313e+11  7.895565e-01  1.696131e-02 -5.322009e-02  2.104435e-01
 2.68966e+00 -5.58621e+00       3.975e+11  8.593015e-01 -2.016989e-02 -1.312365e-02  1.406985e-01
 3.10345e+00 -5.58621e+00       4.805e+11  8.934246e-01  1.184749e-02  4.982783e-02  1.065754e-01
 3.51724e+00 -5.58621e+00       6.636e+11  8.722935e-01  3.313872e-02  2.306288e-01  1.277065e-01
 3.93103e+00 -5.58621e+00       1.105e+12  8.011740e-01  2.139303e-02  4.612645e-01  1.988260e-01
 4.34483e+00 -5.58621e+00       1.784e+12  7.255431e-01  5.651947e-03  6.204577e-01  2.744569e-01
 4.75862e+00 -5.58621e+00       2.326e+12  6.550319e-01 -2.432447e-03  7.193120e-01  3.449681e-01
 5.17241e+00 -5.58621e+00       2.446e+12  5.823074e-01 -4.194684e-03  7.908523e-01  4.176926e-01
 5.58621e+00 -5.58621e+00       2.229e+12  5.157481e-01 -4.787081e-03  8.410196e-01  4.842519e-01
 6.00000e+00 -5.58621e+00       1.828e+12  4.654550e-01 -1.011652e-02  8.696902e-01  5.345450e-01
-6.00000e+00 -5.17241e+00       1.937e+12  3.766919e-01 -7.376774e-03 -9.120969e-01  6.233081e-01
-5.58621e+00 -5.17241e+00       2.157e+12  4.283763e-01 -7.347639e-03 -8.837245e-01  5.716237e-01
-5.17241e+00 -5.17241e+00       2.037e+12  5.042928e-01 -7.719666e-03 -8.264249e-01  4.957072e-01
-4.75862e+00 -5.17241e+00       1.710e+12  6.040028e-01 -1.084496e-02 -7.297919e-01  3.959972e-01
-4.34483e+00 -5.17241e+00       1.325e+12  7.091528e-01 -2.692455e-02 -6.080697e-01  2.908472e-01
-3.93103e+00 -5.17241e+00       9.068e+11  7.830835e-01 -6.340366e-02 -5.036327e-01  2.169165e-01
-3.51724e+00 -5.17241e+00       5.576e+11  8.089098e-01 -9.492867e-02 -4.289423e-01  1.910902e-01
-3.10345e+00 -5.17241e+00       4.054e+11  8.229063e-01 -6.399927e-02 -3.336504e-01  1.770937e-01
-2.68966e+00 -5.17241e+00       3.721e+11  8.292190e-01 -1.176376e-03 -1.647807e-01  1.707810e-01
-2.27586e+00 -5.17241e+00       3.559e+11  7.427748e-01  5.679154e-02  1.526419e-01  2.572252e-01
-1.86207e+00 -5.17241e+00       3.778e+11  5.148232e-01  1.102912e-01  5.629201e-01  4.851768e-01
-1.44828e+00 -5.17241e+00       4.269e+11  2.235362e-01  1.284266e-01  7.931369e-01  7.764638e-01
-1.03448e+00 -5.17241e+00       4.372e+11 -1.196506e-01  1.125191e-01  7.861134e-01  8.803494e-01
-6.20690e-01 -5.17241e+00       4.144e+11 -4.983600e-01  9.522574e-02  5.437683e-01  5.016400e-01
-2.06897e-01 -5.17241e+00       4.045e+11 -7.272676e-01  9.385347e-02  9.706091e-02  2.727324e-01
 2.06897e-01 -5.17241e+00       4.146e+11 -6.780408e-01  9.977026e-02 -3.776726e-01  3.219592e-01
 6.20690e-01 -5.17241e+00       4.233e+11 -4.274051e-01  1.066608e-01 -7.137124e-01  5.725949e-01
 1.03448e+00 -5.17241e+00       4.199e+11 -9.375384e-02  1.078375e-01 -8.654589e-01  9.062462e-01
 1.44828e+00 -5.17241e+00       4.082e+11  2.347586e-01  8.963737e-02 -8.403500e-01  7.652414e-01
 1.86207e+00 -5.17241e+00       3.914e+11  5.254727e-01  6.585857e-02 -6.343805e-01  4.745273e-01
 2.27586e+00 -5.17241e+00       3.930e+11  7.492099e-01  7.279171e-02 -2.952773e-01  2.507901e-01
 2.68966e+00 -5.17241e+00       4.121e+11  8.450250e-01  7.663981e-02  8.040741e-04  1.549750e-01
 3.10345e+00 -5.17241e+00       4.363e+11  8.624706e-01  3.683363e-02  1.820561e-01  1.375294e-01
 3.51724e+00 -5.17241e+00       4.903e+11  8.610436e-01  6.564903e-03  2.833837e-01  1.389564e-01
 3.93103e+00 -5.17241e+00       6.367e+11  8.097656e-01  1.436484e-02  4.173094e-01  1.902344e-01
 4.34483e+00 -5.17241e+00       1.023e+12  6.961565e-01  1.740419e-02  6.086418e-01  3.038435e-01
 4.75862e+00 -5.17241e+00       1.664e+12  5.891846e-01  7.682338e-03  7.489830e-01  4.108154e-01
 5.17241e+00 -5.17241e+00       2.210e+12  5.043130e-01 -1.267456e-03  8.319771e-01  4.956870e-01
 5.58621e+00 -5.17241e+00       2.360e+12  4.300064e-01 -3.758898e-03  8.850608e-01  5.699936e-01
 6.00000e+00 -5.17241e+00       2.192e+12  3.690107e-01 -3.896037e-03  9.174783e-01  6.309893e-01
-6.00000e+00 -4.75862e+00       2.039e+12  2.852546e-01  2.415376e-03 -9.393125e-01  7.147454e-01
-5.58621e+00 -4.75862e+00       1.958e+12  3.525864e-01 -2.601658e-03 -9.024279e-01  6.474136e-01
-5.17241e+00 -4.75862e+00       1.620e+12  4.535418e-01 -9.204220e-03 -8.322120e-01  5.464582e-01
-4.75862e+00 -4.75862e+00       1.218e+12  5.705902e-01 -2.919186e-02 -7.389447e-01  4.294098e-01
-4.34483e+00 -4.75862e+00       8.173e+11  6.586203e-01 -6.649412e-02 -6.550743e-01  3.413797e-01
-3.93103e+00 -4.75862e+00       5.310e+11  7.079320e-01 -8.143233e-02 -5.760565e-01  2.920680e-01
-3.51724e+00 -4.75862e+00       4.410e+11  7.633200e-01 -2.944330e-02 -4.181978e-01  2.366800e-01
-3.10345e+00 -4.75862e+00       4.780e+11  8.169496e-01  3.341521e-02 -9.983532e-02  1.830504e-01
-2.68966e+00 -4.75862e+00       5.739e+11  8.184283e-01  6.531236e-02  2.664452e-01  1.815717e-01
-2.27586e+00 -4.75862e+00       6.278e+11  7.553895e-01  7.190985e-02  5.169676e-01  2.446105e-01
-1.86207e+00 -4.75862e+00       5.639e+11  6.219724e-01  9.108996e-02  6.854711e-01  3.780276e-01
-1.44828e+00 -4.75862e+00       4.488e+11  4.120236e-01  1.377378e-01  8.096157e-01  5.879764e-01
-1.03448e+00 -4.75862e+00       3.251e+11  1.695801e-01  1.601915e-01  8.624877e-01  8.304199e-01
-6.20690e-01 -4.75862e+00       2.018e+11 -9.216666e-02  1.122783e-01  7.928805e-01  9.078333e-01
-2.06897e-01 -4.75862e+00       1.284e+11 -3.441782e-01 -3.304693e-03  4.018847e-01  6.558218e-01
 2.06897e-01 -4.75862e+00       1.365e+11 -2.899405e-01 -4.734360e-02 -3.565048e-01  7.100595e-01
 6.20690e-01 -4.75862e+00       2.307e+11 -7.985428e-03  2.014658e-02 -7.934123e-01  9.920146e-01
 1.03448e+00 -4.75862e+00       3.862e+11  2.351381e-01  6.744778e-02 -8.754321e-01  7.648619e-01
 1.44828e+00 -4.75862e+00       5.488e+11  4.547737e-01  7.058183e-02 -8.142490e-01  5.452263e-01
 1.86207e+00 -4.75862e+00       6.654e+11  6.392820e-01  5.565370e-02 -7.011069e-01  3.607180e-01
 2.27586e+00 -4.75862e+00       6.739e+11  7.633139e-01  4.515070e-02 -5.563787e-01  2.366861e-01
 2.68966e+00 -4.75862e+00       5.960e+11  8.408684e-01  4.190520e-02 -3.195201e-01  1.591316e-01
 3.10345e+00 -4.75862e+00       5.287e+11  8.674088e-01  4.956629e-02  1.314879e-02  1.325912e-01
 3.51724e+00 -4.75862e+00       4.985e+11  8.419166e-01  4.549299e-02  2.895275e-01  1.580834e-01
 3.93103e+00 -4.75862e+00       5.081e+11  7.969657e-01  1.818394e-02  4.463166e-01  2.030343e-01
 4.34483e+00 -4.75862e+00       6.249e+11  7.097321e-01  8.651844e-03  5.765515e-01  2.902679e-01
 4.75862e+00 -4.75862e+00       9.883e+11  5.628075e-01  1.306871e-02  7.352859e-01  4.371925e-01
 5.17241e+00 -4.75862e+00       1.592e+12  4.387159e-01  9.828795e-03  8.471923e-01  5.612841e-01
 5.58621e+00 -4.75862e+00       2.045e+12  3.496613e-01  3.580645e-03  9.076368e-01  6.503387e-01
 6.00000e+00 -4.75862e+00       2.031e+12  2.738528e-01 -1.250123e-03  9.429147e-01  7.261472e-01
-6.00000e+00 -4.34483e+00       1.780e+12  1.983355e-01 -5.277835e-05 -9.502608e-01  8.016645e-01
-5.58621e+00 -4.34483e+00       1.518e+12  2.930528e-01 -6.366799e-03 -9.032607e-01  7.069472e-01
-5.17241e+00 -4.34483e+00       1.137e+12  4.159983e-01 -2.596659e-02 -8.328826e-01  5.840017e-01
-4.75862e+00 -4.34483e+00       7.676e+11  5.234485e-01 -6.287475e-02 -7.611779e-01  4.765515e-01
-4.34483e+00 -4.34483e+00       5.237e+11  6.034101e-01 -7.221466e-02 -6.738810e-01  3.965899e-01
-3.93103e+00 -4.34483e+00       4.810e+11  7.168639e-01 -1.415378e-02 -4.682410e-01  2.831361e-01
-3.51724e+00 -4.34483e+00       5.810e+11  8.419022e-01  3.909605e-02 -1.527452e-01  1.580978e-01
-3.10345e+00 -4.34483e+00       6.859e+11  9.043018e-01  6.075896e-02  1.101591e-01  9.569824e-02
-2.68966e+00 -4.34483e+00       6.583e+11  9.036051e-01  8.056838e-02  2.875332e-01  9.639493e-02
-2.27586e+00 -4.34483e+00       5.216e+11  8.671343e-01  1.135118e-01  4.175568e-01  1.328657e-01
-1.86207e+00 -4.34483e+00       3.817e+11  8.182764e-01  1.241022e-01  5.011134e-01  1.817236e-01
-1.44828e+00 -4.34483e+00       2.906e+11  7.598282e-01  4.174322e-02  5.313664e-01  2.401718e-01
-1.03448e+00 -4.34483e+00       2.667e+11  6.854106e-01 -1.305165e-01  5.467287e-01  3.145894e-01
-6.20690e-01 -4.34483e+00       2.878e+11  6.152768e-01 -2.272689e-01  5.835858e-01  3.847232e-01
-2.06897e-01 -4.34483e+00       2.903e+11  5.322049e-01 -2.396920e-01  6.111303e-01  4.677951e-01
 2.06897e-01 -4.34483e+00       2.513e+11  4.042937e-01 -2.633271e-01  5.776824e-01  5.957063e-01
 6.20690e-01 -4.34483e+00       1.987e+11  2.784125e-01 -3.009098e-01  3.867523e-01  7.215875e-01
 1.03448e+00 -4.34483e+00       1.735e+11  3.111295e-01 -2.003429e-01 -5.671193e-02  6.888705e-01
 1.44828e+00 -4.34483e+00       2.244e+11  5.500595e-01  8.692971e-03 -4.528524e-01  4.499405e-01
 1.86207e+00 -4.34483e+00       3.921e+11  7.657489e-01  6.518318e-02 -4.872364e-01  2.342511e-01
 2.27586e+00 -4.34483e+00       6.365e+11  8.767622e-01  5.229312e-02 -3.978865e-01  1.232378e-01
 2.68966e+00 -4.34483e+00       7.941e+11  9.251943e-01  3.989026e-02 -2.972725e-01  7.480574e-02
 3.10345e+00 -4.34483e+00       7.579e+11  9.337042e-01  3.306435e-02 -1.520902e-01  6.629583e-02
 3.51724e+00 -4.34483e+00       6.322e+11  8.928256e-01  3.535434e-02  9.713313e-02  1.071744e-01
 3.93103e+00 -4.34483e+00       5.412e+11  8.084562e-01  3.795159e-02  3.795475e-01  1.915438e-01
 4.34483e+00 -4.34483e+00       5.146e+11  7.157873e-01  1.995478e-02  5.670542e-01  2.842127e-01
 4.75862e+00 -4.34483e+00       6.207e+11  5.832569e-01  6.943514e-03  7.016509e-01  4.167431e-01
 5.17241e+00 -4.34483e+00       9.840e+11  4.092145e-01  1.042336e-02  8.323787e-01  5.907855e-01
 5.58621e+00 -4.34483e+00       1.526e+12  2.805917e-01  9.343143e-03  9.139222e-01  7.194083e-01
 6.00000e+00 -4.34483e+00       1.841e+12  1.933507e-01  4.096419e-03  9.540869e-01  8.066493e-01
-6.00000e+00 -3.93103e+00       1.402e+12  1.336129e-01 -2.775982e-03 -9.433430e-01  8.663871e-01
-5.58621e+00 -3.93103e+00       1.075e+12  2.545790e-01 -1.923502e-02 -8.930538e-01  7.454210e-01
-5.17241e+00 -3.93103e+00       7.379e+11  3.819854e-01 -5.505240e-02 -8.329352e-01  6.180146e-01
-4.75862e+00 -3.93103e+00       5.142e+11  4.935701e-01 -6.998789e-02 -7.490986e-01  5.064299e-01
-4.34483e+00 -3.93103e+00       4.857e+11  6.539369e-01 -1.536217e-02 -5.479746e-01  3.460631e-01
-3.93103e+00 -3.93103e+00       6.004e+11  8.244747e-01  3.642482e-02 -2.747663e-01  1.755253e-01
-3.51724e+00 -3.93103e+00       6.851e+11  9.206849e-01  6.068815e-02 -6.665309e-02  7.931511e-02
-3.10345e+00 -3.93103e+00       6.217e+11  9.557412e-01  8.438120e-02  6.616546e-02  4.425879e-02
-2.68966e+00 -3.93103e+00       4.920e+11  9.607945e-01  9.402481e-02  1.291946e-01  3.920547e-02
-2.27586e+00 -3.93103e+00       4.073e+11  9.469096e-01  4.597178e-02  1.007226e-01  5.309035e-02
-1.86207e+00 -3.93103e+00       3.497e+11  8.994517e-01 -9.111827e-03  6.855896e-03  1.005483e-01
-1.44828e+00 -3.93103e+00       2.527e+11  7.903366e-01 -1.633360e-02 -1.076161e-01  2.096634e-01
-1.03448e+00 -3.93103e+00       1.462e+11  6.065088e-01 -2.665915e-02 -2.431638e-01  3.934912e-01
-6.20690e-01 -3.93103e+00       9.268e+10  4.905422e-01 -1.724805e-01 -3.974294e-01  5.094578e-01
-2.06897e-01 -3.93103e+00       8.983e+10  5.925441e-01 -3.501898e-01 -4.646430e-01  4.074559e-01
 2.06897e-01 -3.93103e+00       1.149e+11  7.334928e-01 -3.167256e-01 -4.312247e-01  2.665072e-01
 6.20690e-01 -3.93103e+00       1.679e+11  8.290797e-01 -1.770721e-01 -3.488363e-01  1.709203e-01
 1.03448e+00 -3.93103e+00       2.358e+11  8.581278e-01 -8.146785e-02 -2.430412e-01  1.418722e-01
 1.44828e+00 -3.93103e+00       2.615e+11  8.279901e-01 -3.195350e-02 -1.518921e-01  1.720099e-01
 1.86207e+00 -3.93103e+00       2.484e+11  7.847023e-01  9.468595e-03 -1.385511e-01  2.152977e-01
 2.27586e+00 -3.93103e+00       3.142e+11  8.519540e-01  5.212787e-02 -1.796644e-01  1.480460e-01
 2.68966e+00 -3.93103e+00       5.274e+11  9.431036e-01  5.713190e-02 -1.386709e-01  5.689641e-02
 3.10345e+00 -3.93103e+00       7.534e+11  9.727862e-01  4.336123e-02 -6.449601e-02  2.721381e-02
 3.51724e+00 -3.93103e+00       7.883e+11  9.572044e-01  3.206627e-02  3.936400e-02  4.279558e-02
 3.93103e+00 -3.93103e+00       6.619e+11  8.833997e-01  3.007223e-02  2.300133e-01  1.166003e-01
 4.34483e+00 -3.93103e+00       5.395e+11  7.557500e-01  3.117110e-02  4.802419e-01  2.442500e-01
 4.75862e+00 -3.93103e+00       4.986e+11  6.162043e-01  1.584396e-02  6.666865e-01  3.837957e-01
 5.17241e+00 -3.93103e+00       6.218e+11  4.326209e-01  5.487243e-03  7.968622e-01  5.673791e-01
 5.58621e+00 -3.93103e+00       9.948e+11  2.447203e-01  9.712804e-03  8.976808e-01  7.552797e-01
 6.00000e+00 -3.93103e+00       1.438e+12  1.241463e-01  8.855890e-03  9.507608e-01  8.758537e-01
-6.00000e+00 -3.51724e+00       1.016e+12  9.416261e-02 -1.073007e-02 -9.241922e-01  9.058374e-01
-5.58621e+00 -3.51724e+00       7.169e+11  2.341239e-01 -4.254749e-02 -8.771146e-01  7.658761e-01
-5.17241e+00 -3.51724e+00       4.979e+11  3.722398e-01 -6.985865e-02 -8.090657e-01  6.277602e-01
-4.75862e+00 -3.51724e+00       4.517e+11  5.588937e-01 -2.781536e-02 -6.406910e-01  4.411063e-01
-4.34483e+00 -3.51724e+00       5.551e+11  7.664314e-01  2.940283e-02 -3.992543e-01  2.335686e-01
-3.93103e+00 -3.51724e+00       6.390e+11  8.933261e-01  5.802413e-02 -2.158703e-01  1.066739e-01
-3.51724e+00 -3.51724e+00       5.832e+11  9.496857e-01  8.001839e-02 -1.090807e-01  5.031431e-02
-3.10345e+00 -3.51724e+00       4.669e+11  9.590035e-01  8.126390e-02 -8.589260e-02  4.099654e-02
-2.68966e+00 -3.51724e+00       3.684e+11  9.238299e-01  4.246103e-02 -1.338316e-01  7.617013e-02
-2.27586e+00 -3.51724e+00       2.586e+11  8.428385e-01 -8.984934e-03 -1.634955e-01  1.571615e-01
-1.86207e+00 -3.51724e+00       1.507e+11  7.089054e-01 -1.348914e-01 -6.580215e-02  2.910946e-01
-1.44828e+00 -3.51724e+00       9.148e+10  5.650878e-01 -4.149492e-01  1.883973e-01  4.349122e-01
-1.03448e+00 -3.51724e+00       6.995e+10  4.480458e-01 -6.357913e-01  3.639015e-01  5.519542e-01
-6.20690e-01 -3.51724e+00       6.467e+10  2.655498e-01 -7.285172e-01  3.520120e-01  7.344502e-01
-2.06897e-01 -3.51724e+00       6.574e+10  8.311355e-02 -7.697978e-01  1.821345e-01  9.168865e-01
 2.06897e-01 -3.51724e+00       6.754e+10  6.573498e-02 -7.507940e-01 -7.926268e-02  9.342650e-01
 6.20690e-01 -3.51724e+00       7.634e+10  3.110443e-01 -6.455279e-01 -2.772269e-01  6.889557e-01
 1.03448e+00 -3.51724e+00       1.088e+11  6.469119e-01 -4.793632e-01 -2.834887e-01  3.530881e-01
 1.44828e+00 -3.51724e+00       1.736e+11  8.347693e-01 -3.066447e-01 -1.637297e-01  1.652307e-01
 1.86207e+00 -3.51724e+00       2.460e+11  8.967696e-01 -1.566859e-01 -3.725413e-02  1.032304e-01
 2.27586e+00 -3.51724e+00       2.815e+11  8.983005e-01 -4.275136e-02  2.646883e-02  1.016995e-01
 2.68966e+00 -3.51724e+00       3.208e+11  9.095117e-01  3.954338e-02  2.562293e-02  9.048830e-02
 3.10345e+00 -3.51724e+00       4.786e+11  9.537226e-01  6.079069e-02  4.890114e-02  4.627738e-02
 3.51724e+00 -3.51724e+00       6.895e+11  9.679924e-01  4.629893e-02  1.066163e-01  3.200757e-02
 3.93103e+00 -3.51724e+00       7.371e+11  9.364333e-01  3.242394e-02  1.952267e-01  6.356667e-02
 4.34483e+00 -3.51724e+00       6.164e+11  8.373673e-01  2.826105e-02  3.626302e-01  1.626327e-01
 4.75862e+00 -3.51724e+00       4.926e+11  6.773031e-01  2.564596e-02  5.837741e-01  3.226969e-01
 5.17241e+00 -3.51724e+00       4.676e+11  4.905597e-01  9.572939e-03  7.513140e-01  5.094403e-01
 5.58621e+00 -3.51724e+00       6.330e+11  2.618138e-01  5.262291e-03  8.631003e-01  7.381862e-01
 6.00000e+00 -3.51724e+00       9.953e+11  8.242940e-02  1.027255e-02  9.315778e-01  9.175706e-01
-6.00000e+00 -3.10345e+00       6.958e+11  8.281345e-02 -2.652753e-02 -8.976006e-01  9.171865e-01
-5.58621e+00 -3.10345e+00       4.813e+11  2.413657e-01 -6.419353e-02 -8.481459e-01  7.586343e-01
-5.17241e+00 -3.10345e+00       3.997e+11  4.381215e-01 -4.842166e-02 -7.256543e-01  5.618785e-01
-4.75862e+00 -3.10345e+00       4.732e+11  6.782661e-01  1.435042e-02 -5.104642e-01  3.217339e-01
-4.34483e+00 -3.10345e+00       5.704e+11  8.410668e-01  5.038261e-02 -3.332671e-01  1.589332e-01
-3.93103e+00 -3.10345e+00       5.459e+11  9.186409e-01  7.303386e-02 -2.317126e-01  8.135911e-02
-3.51724e+00 -3.10345e+00       4.389e+11  9.340879e-01  7.940408e-02 -2.105387e-01  6.591209e-02
-3.10345e+00 -3.10345e+00       3.300e+11  8.977011e-01  5.042931e-02 -2.421645e-01  1.022989e-01
-2.68966e+00 -3.10345e+00       2.203e+11  8.365105e-01 -9.928661e-03 -2.128375e-01  1.634895e-01
-2.27586e+00 -3.10345e+00       1.372e+11  7.924652e-01 -1.392478e-01 -5.123559e-03  2.075348e-01
-1.86207e+00 -3.10345e+00       1.072e+11  7.841102e-01 -2.617911e-01  2.887591e-01  2.158898e-01
-1.44828e+00 -3.10345e+00       1.114e+11  7.082958e-01 -2.289275e-01  4.753024e-01  2.917042e-01
-1.03448e+00 -3.10345e+00       1.356e+11  4.775733e-01 -1.563684e-01  5.820974e-01  5.224267e-01
-6.20690e-01 -3.10345e+00       1.685e+11  1.399772e-01 -1.419889e-01  5.240090e-01  8.600228e-01
-2.06897e-01 -3.10345e+00       1.897e+11 -1.406541e-01 -1.424106e-01  1.921626e-01  8.593459e-01
 2.06897e-01 -3.10345e+00       1.967e+11 -1.335014e-01 -1.026566e-01 -2.736229e-01  8.664986e-01
 6.20690e-01 -3.10345e+00       1.951e+11  1.850952e-01 -5.561926e-02 -5.289307e-01  8.149048e-01
 1.03448e+00 -3.10345e+00       1.907e+11  5.634464e-01 -7.277880e-02 -5.090543e-01  4.365536e-01
 1.44828e+00 -3.10345e+00       1.880e+11  7.874413e-01 -1.406222e-01 -3.952561e-01  2.125587e-01
 1.86207e+00 -3.10345e+00       1.954e+11  8.770547e-01 -1.842829e-01 -2.188339e-01  1.229453e-01
 2.27586e+00 -3.10345e+00       2.314e+11  9.107085e-01 -1.451633e-01  2.931447e-03  8.929150e-02
 2.68966e+00 -3.10345e+00       2.737e+11  9.127311e-01 -5.465012e-02  1.293577e-01  8.726889e-02
 3.10345e+00 -3.10345e+00       3.246e+11  9.209236e-01  3.260486e-02  1.567844e-01  7.907640e-02
 3.51724e+00 -3.10345e+00       4.668e+11  9.462178e-01  6.004416e-02  1.776747e-01  5.378218e-02
 3.93103e+00 -3.10345e+00       6.384e+11  9.450054e-01  4.586834e-02  2.265604e-01  5.499465e-02
 4.34483e+00 -3.10345e+00       6.504e+11  8.937273e-01  3.162138e-02  3.144273e-01  1.062727e-01
 4.75862e+00 -3.10345e+00       5.254e+11  7.653243e-01  2.672120e-02  4.793013e-01  2.346757e-01
 5.17241e+00 -3.10345e+00       4.213e+11  5.729043e-01  1.868676e-02  6.772713e-01  4.270957e-01
 5.58621e+00 -3.10345e+00       4.414e+11  3.317453e-01  4.001507e-03  8.163918e-01  6.682547e-01
 6.00000e+00 -3.10345e+00       6.516e+11  8.654056e-02  7.351618e-03  8.987041e-01  9.134594e-01
-6.00000e+00 -2.68966e+00       4.690e+11  1.016194e-01 -3.789021e-02 -8.661961e-01  8.983806e-01
-5.58621e+00 -2.68966e+00       3.519e+11  3.025424e-01 -5.795085e-02 -7.889867e-01  6.974576e-01
-5.17241e+00 -2.68966e+00       3.774e+11  5.647974e-01 -7.121681e-03 -6.080037e-01  4.352026e-01
-4.75862e+00 -2.68966e+00       4.813e+11  7.721750e-01  3.917378e-02 -4.254566e-01  2.278250e-01
-4.34483e+00 -2.68966e+00       5.057e+11  8.791936e-01  6.354282e-02 -3.140266e-01  1.208064e-01
-3.93103e+00 -2.68966e+00       4.218e+11  9.130001e-01  7.703967e-02 -2.774076e-01  8.699987e-02
-3.51724e+00 -2.68966e+00       3.138e+11  8.892145e-01  6.181486e-02 -2.955736e-01  1.107855e-01
-3.10345e+00 -2.68966e+00       2.158e+11  8.508651e-01  9.412232e-03 -2.575223e-01  1.491349e-01
-2.68966e+00 -2.68966e+00       1.724e+11  8.717421e-01 -7.549853e-02 -2.023967e-02  1.282579e-01
-2.27586e+00 -2.68966e+00       2.817e+11  9.131598e-01 -7.786192e-02  2.587971e-01  8.684024e-02
-1.86207e+00 -2.68966e+00       6.289e+11  8.880674e-01 -4.386594e-02  3.942747e-01  1.119326e-01
-1.44828e+00 -2.68966e+00       1.057e+12  8.340270e-01 -2.554240e-02  4.884913e-01  1.659730e-01
-1.03448e+00 -2.68966e+00       1.154e+12  7.492700e-01  1.931579e-03  5.711899e-01  2.507300e-01
-6.20690e-01 -2.68966e+00       8.502e+11  6.045041e-01  6.553714e-02  5.964827e-01  3.954959e-01
-2.06897e-01 -2.68966e+00       5.531e+11  4.134009e-01  1.570002e-01  2.979445e-01  5.865991e-01
 2.06897e-01 -2.68966e+00       6.130e+11  4.833564e-01  9.809846e-02 -3.652380e-01  5.166436e-01
 6.20690e-01 -2.68966e+00       1.058e+12  6.975011e-01 -1.427796e-02 -5.561568e-01  3.024989e-01
 1.03448e+00 -2.68966e+00       1.498e+12  8.134815e-01 -5.259332e-02 -5.109534e-01  1.865185e-01
 1.44828e+00 -2.68966e+00       1.406e+12  8.730613e-01 -5.589617e-02 -4.396538e-01  1.269387e-01
 1.86207e+00 -2.68966e+00       8.705e+11  9.107482e-01 -5.307293e-02 -3.568471e-01  8.925180e-02
 2.27586e+00 -2.68966e+00       4.341e+11  9.372280e-01 -6.985111e-02 -2.151189e-01  6.277200e-02
 2.68966e+00 -2.68966e+00       2.813e+11  9.366374e-01 -8.682092e-02  2.395310e-02  6.336260e-02
 3.10345e+00 -2.68966e+00       2.732e+11  9.170731e-01 -3.179462e-02  1.909400e-01  8.292693e-02
 3.51724e+00 -2.68966e+00       3.287e+11  9.208519e-01  4.147292e-02  2.346932e-01  7.914805e-02
 3.93103e+00 -2.68966e+00       4.690e+11  9.345233e-01  5.698382e-02  2.590685e-01  6.547674e-02
 4.34483e+00 -2.68966e+00       5.863e+11  9.159285e-01  4.115074e-02  3.085455e-01  8.407149e-02
 4.75862e+00 -2.68966e+00       5.430e+11  8.373961e-01  2.915826e-02  4.088862e-01  1.626039e-01
 5.17241e+00 -2.68966e+00       4.193e+11  6.750649e-01  2.421377e-02  5.802619e-01  3.249351e-01
 5.58621e+00 -2.68966e+00       3.566e+11  4.392466e-01  1.102100e-02  7.514570e-01  5.607534e-01
 6.00000e+00 -2.68966e+00       4.385e+11  1.486803e-01  3.764289e-03  8.555896e-01  8.513197e-01
-6.00000e+00 -2.27586e+00       3.616e+11  2.360977e-01 -1.477044e-01 -8.232298e-01  7.639023e-01
-5.58621e+00 -2.27586e+00       3.164e+11  4.427336e-01 -1.059877e-01 -7.091104e-01  5.572664e-01
-5.17241e+00 -2.27586e+00       3.746e+11  6.888297e-01 -1.387666e-02 -5.084562e-01  3.111703e-01
-4.75862e+00 -2.27586e+00       4.456e+11  8.419173e-01  3.663678e-02 -3.696890e-01  1.580827e-01
-4.34483e+00 -2.27586e+00       4.137e+11  8.995342e-01  6.607262e-02 -3.122100e-01  1.004658e-01
-3.93103e+00 -2.27586e+00       3.155e+11  8.946696e-01  7.177490e-02 -3.135654e-01  1.053304e-01
-3.51724e+00 -2.27586e+00       2.273e+11  8.689668e-01  3.622520e-02 -2.908101e-01  1.310332e-01
-3.10345e+00 -2.27586e+00       2.335e+11  9.162948e-01 -2.137426e-02 -8.743958e-02  8.370519e-02
-2.68966e+00 -2.27586e+00       5.408e+11  9.769171e-01 -1.576708e-02  8.646534e-02  2.308286e-02
-2.27586e+00 -2.27586e+00       1.260e+12  9.839483e-01  3.523679e-03  1.398494e-01  1.605166e-02
-1.86207e+00 -2.27586e+00       1.840e+12  9.798589e-01  1.687236e-02  1.712430e-01  2.014111e-02
-1.44828e+00 -2.27586e+00       1.561e+12  9.723964e-01  3.204490e-02  1.960367e-01  2.760361e-02
-1.03448e+00 -2.27586e+00       7.909e+11  9.560724e-01  5.527841e-02  2.142554e-01  4.392761e-02
-6.20690e-01 -2.27586e+00       2.876e+11  9.056489e-01  1.027054e-01  2.171191e-01  9.435108e-02
-2.06897e-01 -2.27586e+00       1.374e+11  8.189313e-01  1.645410e-01  1.395938e-01  1.810687e-01
 2.06897e-01 -2.27586e+00       1.433e+11  8.363874e-01  1.018301e-01 -5.271723e-02  1.636126e-01
 6.20690e-01 -2.27586e+00       3.129e+11  9.280025e-01  9.304251e-03 -1.709051e-01  7.199748e-02
 1.03448e+00 -2.27586e+00       8.629e+11  9.686514e-01 -1.370383e-02 -1.812661e-01  3.134864e-02
 1.44828e+00 -2.27586e+00       1.748e+12  9.799421e-01 -2.258940e-02 -1.686707e-01  2.005792e-02
 1.86207e+00 -2.27586e+00       2.156e+12  9.846649e-01 -2.855557e-02 -1.505256e-01  1.533506e-02
 2.27586e+00 -2.27586e+00       1.570e+12  9.871384e-01 -3.257626e-02 -1.254755e-01  1.286164e-02
 2.68966e+00 -2.27586e+00       7.466e+11  9.838643e-01 -4.104328e-02 -7.087958e-02  1.613565e-02
 3.10345e+00 -2.27586e+00       3.510e+11  9.569658e-01 -4.807164e-02  7.914092e-02  4.303420e-02
 3.51724e+00 -2.27586e+00       2.782e+11  9.222462e-01  5.626751e-05  2.325424e-01  7.775379e-02
 3.93103e+00 -2.27586e+00       3.444e+11  9.247450e-01  5.215888e-02  2.746070e-01  7.525499e-02
 4.34483e+00 -2.27586e+00       4.689e+11  9.273158e-01  5.013181e-02  2.987039e-01  7.268418e-02
 4.75862e+00 -2.27586e+00       4.940e+11  8.904704e-01  3.148340e-02  3.492627e-01  1.095296e-01
 5.17241e+00 -2.27586e+00       3.837e+11  7.720039e-01  1.361537e-02  4.680002e-01  2.279961e-01
 5.58621e+00 -2.27586e+00       2.755e+11  5.408342e-01 -1.201860e-02  6.557411e-01  4.591658e-01
 6.00000e+00 -2.27586e+00       2.728e+11  2.264824e-01 -1.953025e-02  7.971524e-01  7.735176e-01
-6.00000e+00 -1.86207e+00       2.439e+11  2.641678e-01  1.759366e-02 -7.961316e-01  7.358322e-01
-5.58621e+00 -1.86207e+00       2.597e+11  5.900988e-01  6.935483e-03 -5.918572e-01  4.099012e-01
-5.17241e+00 -1.86207e+00       3.599e+11  8.000186e-01  2.889011e-02 -4.191995e-01  1.999814e-01
-4.75862e+00 -1.86207e+00       4.000e+11  8.835690e-01  5.434889e-02 -3.346919e-01  1.164310e-01
-4.34483e+00 -1.86207e+00       3.306e+11  9.057054e-01  7.005595e-02 -3.065201e-01  9.429460e-02
-3.93103e+00 -1.86207e+00       2.410e+11  8.920196e-01  5.469876e-02 -3.007444e-01  1.079804e-01
-3.51724e+00 -1.86207e+00       2.398e+11  9.205507e-01  8.611945e-03 -1.771054e-01  7.944933e-02
-3.10345e+00 -1.86207e+00       5.587e+11  9.829083e-01 -4.190354e-04 -3.338748e-02  1.709174e-02
-2.68966e+00 -1.86207e+00       1.371e+12  9.966445e-01  1.017705e-02  3.689383e-03  3.355492e-03
-2.27586e+00 -1.86207e+00       2.053e+12  9.979447e-01  1.720880e-02  1.998629e-02  2.055262e-03
-1.86207e+00 -1.86207e+00       1.743e+12  9.970457e-01  2.465391e-02  3.237755e-02  2.954298e-03
-1.44828e+00 -1.86207e+00       9.154e+11  9.935226e-01  3.588122e-02  3.892222e-02  6.477446e-03
-1.03448e+00 -1.86207e+00       4.113e+11  9.823923e-01  4.247387e-02  2.858879e-02  1.760770e-02
-6.20690e-01 -1.86207e+00       2.415e+11  9.594399e-01  4.088193e-02  1.570411e-02  4.056008e-02
-2.06897e-01 -1.86207e+00       1.894e+11  9.365692e-01  5.540472e-02  2.150481e-02  6.343084e-02
 2.06897e-01 -1.86207e+00       1.744e+11  9.317652e-01  3.701630e-02  2.964410e-02  6.823479e-02
 6.20690e-01 -1.86207e+00       1.876e+11  9.466406e-01 -1.230630e-02  3.908236e-02  5.335941e-02
 1.03448e+00 -1.86207e+00       3.218e+11  9.747884e-01 -2.052959e-02  1.244481e-02  2.521157e-02
 1.44828e+00 -1.86207e+00       8.527e+11  9.922360e-01 -1.601285e-02 -1.567910e-02  7.764015e-03
 1.86207e+00 -1.86207e+00       1.813e+12  9.971036e-01 -1.867983e-02 -1.874821e-02  2.896426e-03
 2.27586e+00 -1.86207e+00       2.289e+12  9.981866e-01 -2.190894e-02 -1.354097e-02  1.813393e-03
 2.68966e+00 -1.86207e+00       1.645e+12  9.973773e-01 -2.526489e-02 -1.970718e-03  2.622698e-03
 3.10345e+00 -1.86207e+00       7.486e+11  9.896261e-01 -3.095743e-02  3.557971e-02  1.037389e-02
 3.51724e+00 -1.86207e+00       3.374e+11  9.581682e-01 -2.267810e-02  1.512218e-01  4.183183e-02
 3.93103e+00 -1.86207e+00       2.828e+11  9.313184e-01  3.020367e-02  2.572492e-01  6.868162e-02
 4.34483e+00 -1.86207e+00       3.756e+11  9.323271e-01  5.274950e-02  2.883862e-01  6.767290e-02
 4.75862e+00 -1.86207e+00       4.571e+11  9.176452e-01  4.146782e-02  3.214024e-01  8.235483e-02
 5.17241e+00 -1.86207e+00       3.995e+11  8.554846e-01  3.334072e-02  3.927515e-01  1.445154e-01
 5.58621e+00 -1.86207e+00       2.812e+11  6.875241e-01  3.092988e-02  5.451229e-01  3.124759e-01
 6.00000e+00 -1.86207e+00       2.383e+11  3.681898e-01  8.695315e-03  7.434414e-01  6.318102e-01
-6.00000e+00 -1.44828e+00       1.827e+11  5.427080e-01 -1.296626e-01 -5.694139e-01  4.572920e-01
-5.58621e+00 -1.44828e+00       2.557e+11  7.337500e-01 -7.268745e-03 -4.491070e-01  2.662500e-01
-5.17241e+00 -1.44828e+00       3.382e+11  8.539610e-01  4.605565e-02 -3.377291e-01  1.460390e-01
-4.75862e+00 -1.44828e+00       3.310e+11  9.129575e-01  5.563161e-02 -2.752551e-01  8.704254e-02
-4.34483e+00 -1.44828e+00       2.585e+11  9.241366e-01  5.046758e-02 -2.674107e-01  7.586343e-02
-3.93103e+00 -1.44828e+00       2.175e+11  9.248579e-01  2.781803e-02 -2.325144e-01  7.514205e-02
-3.51724e+00 -1.44828e+00       3.973e+11  9.729892e-01  5.474194e-03 -1.063110e-01  2.701076e-02
-3.10345e+00 -1.44828e+00       1.084e+12  9.943982e-01  9.463805e-03 -6.061657e-02  5.601814e-03
-2.68966e+00 -1.44828e+00       1.962e+12  9.977136e-01  1.396552e-02 -4.851709e-02  2.286435e-03
-2.27586e+00 -1.44828e+00       2.005e+12  9.980943e-01  1.788140e-02 -4.140415e-02  1.905694e-03
-1.86207e+00 -1.44828e+00       1.266e+12  9.969427e-01  2.636482e-02 -3.730860e-02  3.057298e-03
-1.44828e+00 -1.44828e+00       8.583e+11  9.943342e-01  4.218704e-02 -3.610068e-02  5.665790e-03
-1.03448e+00 -1.44828e+00       1.152e+12  9.952648e-01  3.848535e-02 -3.073126e-02  4.735223e-03
-6.20690e-01 -1.44828e+00       1.699e+12  9.971709e-01  2.086559e-02 -1.713359e-02  2.829052e-03
-2.06897e-01 -1.44828e+00       1.982e+12  9.978462e-01  6.354420e-03  6.985488e-03  2.153767e-03
 2.06897e-01 -1.44828e+00       1.846e+12  9.971371e-01  2.769901e-03  3.773035e-02  2.862893e-03
 6.20690e-01 -1.44828e+00       1.373e+12  9.950934e-01  1.012782e-02  6.475676e-02  4.906616e-03
 1.03448e+00 -1.44828e+00       8.097e+11  9.915332e-01  1.804339e-02  7.975568e-02  8.466772e-03
 1.44828e+00 -1.44828e+00       5.992e+11  9.901273e-01  4.397636e-03  6.651864e-02  9.872664e-03
 1.86207e+00 -1.44828e+00       1.120e+12  9.955294e-01 -1.209705e-02  4.435015e-02  4.470590e-03
 2.27586e+00 -1.44828e+00       2.040e+12  9.977731e-01 -1.590336e-02  4.112225e-02  2.226887e-03
 2.68966e+00 -1.44828e+00       2.171e+12  9.980108e-01 -1.829112e-02  4.366121e-02  1.989250e-03
 3.10345e+00 -1.44828e+00       1.312e+12  9.961741e-01 -2.113262e-02  5.359058e-02  3.825866e-03
 3.51724e+00 -1.44828e+00       5.411e+11  9.850317e-01 -2.191521e-02  9.597821e-02  1.496833e-02
 3.93103e+00 -1.44828e+00       2.815e+11  9.578038e-01  5.416854e-03  1.929067e-01  4.219622e-02
 4.34483e+00 -1.44828e+00       2.975e+11  9.483581e-01  4.043225e-02  2.452533e-01  5.164185e-02
 4.75862e+00 -1.44828e+00       3.906e+11  9.390969e-01  3.907419e-02  2.769749e-01  6.090313e-02
 5.17241e+00 -1.44828e+00       4.000e+11  8.998590e-01  2.684417e-02  3.405147e-01  1.001410e-01
 5.58621e+00 -1.44828e+00       3.072e+11  8.171227e-01  1.579872e-02  4.537580e-01  1.828773e-01
 6.00000e+00 -1.44828e+00       2.178e+11  6.803284e-01  6.084353e-03  5.725451e-01  3.196716e-01
-6.00000e+00 -1.03448e+00       1.364e+11  6.905214e-01  1.847553e-02 -4.928282e-01  3.094786e-01
-5.58621e+00 -1.03448e+00       2.229e+11  8.739685e-01  1.863598e-03 -3.244802e-01  1.260315e-01
-5.17241e+00 -1.03448e+00       3.096e+11  9.359016e-01  1.532384e-02 -2.518724e-01  6.409841e-02
-4.75862e+00 -1.03448e+00       2.987e+11  9.536269e-01  3.597410e-02 -2.255381e-01  4.637306e-02
-4.34483e+00 -1.03448e+00       2.269e+11  9.509884e-01  4.243582e-02 -2.166794e-01  4.901156e-02
-3.93103e+00 -1.03448e+00       2.450e+11  9.639922e-01  1.575585e-02 -1.520269e-01  3.600782e-02
-3.51724e+00 -1.03448e+00       6.326e+11  9.904181e-01  6.471148e-03 -8.351219e-02  9.581888e-03
-3.10345e+00 -1.03448e+00       1.517e+12  9.965141e-01  9.834082e-03 -6.837127e-02  3.485866e-03
-2.68966e+00 -1.03448e+00       2.125e+12  9.974550e-01  1.216203e-02 -6.349385e-02  2.545015e-03
-2.27586e+00 -1.03448e+00       1.737e+12  9.972690e-01  1.548213e-02 -6.185944e-02  2.730963e-03
-1.86207e+00 -1.03448e+00       1.172e+12  9.961470e-01  2.062139e-02 -6.496985e-02  3.852963e-03
-1.44828e+00 -1.03448e+00       1.196e+12  9.956480e-01  1.526058e-02 -6.822001e-02  4.352024e-03
-1.03448e+00 -1.03448e+00       1.383e+12  9.959876e-01  3.986004e-03 -6.421445e-02  4.012446e-03
-6.20690e-01 -1.03448e+00       1.353e+12  9.963404e-01  1.640578e-03 -5.083517e-02  3.659617e-03
-2.06897e-01 -1.03448e+00       1.295e+12  9.967969e-01  8.223081e-03 -2.861373e-02  3.203075e-03
 2.06897e-01 -1.03448e+00       1.233e+12  9.966221e-01  6.148210e-03  2.486520e-03  3.377943e-03
 6.20690e-01 -1.03448e+00       1.117e+12  9.951020e-01 -5.045765e-03  4.841930e-02  4.898014e-03
 1.03448e+00 -1.03448e+00       9.570e+11  9.931250e-01 -9.137839e-03  8.782554e-02  6.874960e-03
 1.44828e+00 -1.03448e+00       7.340e+11  9.919942e-01 -5.686889e-03  9.743280e-02  8.005782e-03
 1.86207e+00 -1.03448e+00       8.324e+11  9.944098e-01 -7.293744e-03  7.182349e-02  5.590225e-03
 2.27586e+00 -1.03448e+00       1.589e+12  9.971580e-01 -1.082396e-02  5.655899e-02  2.842006e-03
 2.68966e+00 -1.03448e+00       2.204e+12  9.978716e-01 -1.262578e-02  5.497815e-02  2.128393e-03
 3.10345e+00 -1.03448e+00       1.721e+12  9.975517e-01 -1.417761e-02  5.775230e-02  2.448316e-03
 3.51724e+00 -1.03448e+00       8.033e+11  9.944095e-01 -1.522557e-02  7.230410e-02  5.590544e-03
 3.93103e+00 -1.03448e+00       3.352e+11  9.815123e-01 -3.336007e-03  1.263493e-01  1.848775e-02
 4.34483e+00 -1.03448e+00       2.710e+11  9.706159e-01  2.814566e-02  1.818263e-01  2.938413e-02
 4.75862e+00 -1.03448e+00       3.358e+11  9.696353e-01  2.987337e-02  1.986822e-01  3.036473e-02
 5.17241e+00 -1.03448e+00       3.424e+11  9.577896e-01  2.104923e-02  2.239194e-01  4.221041e-02
 5.58621e+00 -1.03448e+00       2.507e+11  9.126875e-01  2.032812e-02  2.912453e-01  8.731247e-02
 6.00000e+00 -1.03448e+00       1.639e+11  7.832780e-01  1.183989e-02  4.492497e-01  2.167220e-01
-6.00000e+00 -6.20690e-01       1.533e+11  8.598916e-01 -3.580294e-02 -3.688045e-01  1.401084e-01
-5.58621e+00 -6.20690e-01       2.195e+11  9.396666e-01  2.314365e-05 -2.149650e-01  6.033343e-02
-5.17241e+00 -6.20690e-01       2.735e+11  9.721958e-01  8.859136e-03 -1.498311e-01  2.780422e-02
-4.75862e+00 -6.20690e-01       2.507e+11  9.810821e-01  1.092393e-02 -1.376329e-01  1.891790e-02
-4.34483e+00 -6.20690e-01       2.043e+11  9.798400e-01  1.266145e-02 -1.368322e-01  2.016004e-02
-3.93103e+00 -6.20690e-01       2.983e+11  9.882741e-01  5.555390e-03 -9.020477e-02  1.172593e-02
-3.51724e+00 -6.20690e-01       8.393e+11  9.964686e-01  5.559403e-03 -6.098467e-02  3.531445e-03
-3.10345e+00 -6.20690e-01       1.756e+12  9.980713e-01  7.492649e-03 -5.511241e-02  1.928693e-03
-2.68966e+00 -6.20690e-01       2.093e+12  9.982513e-01  8.593770e-03 -5.379071e-02  1.748687e-03
-2.27586e+00 -6.20690e-01       1.578e+12  9.979199e-01  9.841667e-03 -5.576516e-02  2.080080e-03
-1.86207e+00 -6.20690e-01       1.290e+12  9.975210e-01  8.384338e-03 -5.844844e-02  2.478974e-03
-1.44828e+00 -6.20690e-01       1.911e+12  9.981154e-01  3.809744e-03 -4.966671e-02  1.884584e-03
-1.03448e+00 -6.20690e-01       4.081e+12  9.990033e-01  2.453370e-03 -3.408132e-02  9.966624e-04
-6.20690e-01 -6.20690e-01       8.452e+12  9.995021e-01  1.094378e-03 -2.239217e-02  4.978561e-04
-2.06897e-01 -6.20690e-01       1.265e+13  9.997276e-01 -8.121841e-04 -1.357053e-02  2.724130e-04
 2.06897e-01 -6.20690e-01       1.250e+13  9.998153e-01 -2.374539e-03 -5.462535e-03  1.847214e-04
 6.20690e-01 -6.20690e-01       8.098e+12  9.997380e-01 -3.620358e-03  3.259210e-03  2.619746e-04
 1.03448e+00 -6.20690e-01       3.612e+12  9.992053e-01 -5.250252e-03  1.734096e-02  7.947369e-04
 1.44828e+00 -6.20690e-01       1.377e+12  9.976705e-01 -7.026061e-03  4.387341e-02  2.329548e-03
 1.86207e+00 -6.20690e-01       8.257e+11  9.967296e-01 -6.710553e-03  5.725329e-02  3.270388e-03
 2.27586e+00 -6.20690e-01       1.303e+12  9.982098e-01 -7.219609e-03  4.329996e-02  1.790229e-03
 2.68966e+00 -6.20690e-01       2.064e+12  9.988742e-01 -8.250847e-03  3.925596e-02  1.125768e-03
 3.10345e+00 -6.20690e-01       1.916e+12  9.989273e-01 -9.013999e-03  3.968349e-02  1.072653e-03
 3.51724e+00 -6.20690e-01       1.018e+12  9.982152e-01 -9.232855e-03  4.490807e-02  1.784815e-03
 3.93103e+00 -6.20690e-01       4.033e+11  9.946598e-01 -4.455425e-03  6.756430e-02  5.340191e-03
 4.34483e+00 -6.20690e-01       2.496e+11  9.896946e-01  1.135342e-02  1.018087e-01  1.030544e-02
 4.75862e+00 -6.20690e-01       2.870e+11  9.888931e-01  1.615654e-02  1.149584e-01  1.110692e-02
 5.17241e+00 -6.20690e-01       3.144e+11  9.840649e-01  1.305699e-02  1.320151e-01  1.593511e-02
 5.58621e+00 -6.20690e-01       2.383e+11  9.646289e-01  4.874534e-03  1.789964e-01  3.537115e-02
 6.00000e+00 -6.20690e-01       1.395e+11  9.024076e-01 -1.853117e-02  2.951676e-01  9.759238e-02
-6.00000e+00 -2.06897e-01       1.531e+11  9.795880e-01 -2.469578e-02 -1.399994e-01  2.041199e-02
-5.58621e+00 -2.06897e-01       2.262e+11  9.905285e-01  1.087184e-04 -8.552385e-02  9.471521e-03
-5.17241e+00 -2.06897e-01       2.710e+11  9.952610e-01  5.015757e-03 -6.008479e-02  4.739014e-03
-4.75862e+00 -2.06897e-01       2.355e+11  9.966892e-01  1.679098e-03 -5.401265e-02  3.310834e-03
-4.34483e+00 -2.06897e-01       1.955e+11  9.965530e-01 -2.450333e-03 -5.316726e-02  3.446984e-03
-3.93103e+00 -2.06897e-01       3.347e+11  9.980918e-01 -1.468748e-03 -3.679240e-02  1.908177e-03
-3.51724e+00 -2.06897e-01       9.527e+11  9.992627e-01  1.835193e-03 -2.841936e-02  7.372556e-04
-3.10345e+00 -2.06897e-01       1.856e+12  9.994809e-01  3.196721e-03 -2.699705e-02  5.191497e-04
-2.68966e+00 -2.06897e-01       2.058e+12  9.994229e-01  3.433259e-03 -2.807950e-02  5.770933e-04
-2.27586e+00 -2.06897e-01       1.546e+12  9.992256e-01  2.156817e-03 -3.161202e-02  7.743905e-04
-1.86207e+00 -2.06897e-01       1.552e+12  9.992991e-01 -2.217002e-03 -3.096328e-02  7.009212e-04
-1.44828e+00 -2.06897e-01       3.281e+12  9.996420e-01 -4.556051e-03 -2.297595e-02  3.580484e-04
-1.03448e+00 -2.06897e-01       8.692e+12  9.997972e-01 -4.885839e-03 -1.709754e-02  2.028232e-04
-6.20690e-01 -2.06897e-01       1.828e+13  9.998641e-01 -5.219635e-03 -1.308825e-02  1.359339e-04
-2.06897e-01 -2.06897e-01       2.655e+13  9.999070e-01 -5.509846e-03 -9.555975e-03  9.296743e-05
 2.06897e-01 -2.06897e-01       2.627e+13  9.999344e-01 -5.665698e-03 -6.341760e-03  6.562074e-05
 6.20690e-01 -2.06897e-01       1.766e+13  9.999406e-01 -5.753712e-03 -3.508501e-03  5.937941e-05
 1.03448e+00 -2.06897e-01       8.037e+12  9.998974e-01 -5.927898e-03 -1.732645e-04  1.025746e-04
 1.44828e+00 -2.06897e-01       2.667e+12  9.997025e-01 -6.136245e-03  7.165247e-03  2.974787e-04
 1.86207e+00 -2.06897e-01       1.022e+12  9.993287e-01 -4.950954e-03  1.752580e-02  6.713375e-04
 2.27586e+00 -2.06897e-01       1.197e+12  9.995610e-01 -3.616994e-03  1.170469e-02  4.389627e-04
 2.68966e+00 -2.06897e-01       1.962e+12  9.998177e-01 -3.801168e-03  8.101110e-03  1.823485e-04
 3.10345e+00 -2.06897e-01       1.979e+12  9.998840e-01 -3.745505e-03  7.865664e-03  1.160108e-04
 3.51724e+00 -2.06897e-01       1.129e+12  9.998265e-01 -3.024308e-03  9.145323e-03  1.734794e-04
 3.93103e+00 -2.06897e-01       4.474e+11  9.994643e-01 -4.360594e-04  1.414209e-02  5.357268e-04
 4.34483e+00 -2.06897e-01       2.475e+11  9.988214e-01  3.949312e-03  2.161174e-02  1.178590e-03
 4.75862e+00 -2.06897e-01       2.829e+11  9.986709e-01  5.588062e-03  2.628114e-02  1.329105e-03
 5.17241e+00 -2.06897e-01       3.273e+11  9.982279e-01  5.391277e-03  3.433441e-02  1.772068e-03
 5.58621e+00 -2.06897e-01       2.611e+11  9.964969e-01  2.831752e-03  4.975495e-02  3.503127e-03
 6.00000e+00 -2.06897e-01       1.564e+11  9.912919e-01 -4.037092e-03  7.654832e-02  8.708091e-03
-6.00000e+00  2.06897e-01       1.523e+11  9.875865e-01  2.261775e-03  8.831606e-02  1.241347e-02
-5.58621e+00  2.06897e-01       2.256e+11  9.940907e-01 -1.327962e-02  5.470064e-02  5.909282e-03
-5.17241e+00  2.06897e-01       2.703e+11  9.968524e-01 -1.697291e-02  3.779684e-02  3.147603e-03
-4.75862e+00  2.06897e-01       2.346e+11  9.978000e-01 -1.832642e-02  3.256958e-02  2.199969e-03
-4.34483e+00  2.06897e-01       1.944e+11  9.981509e-01 -1.744983e-02  3.057448e-02  1.849052e-03
-3.93103e+00  2.06897e-01       3.345e+11  9.992003e-01 -7.829590e-03  1.492898e-02  7.997273e-04
-3.51724e+00  2.06897e-01       9.555e+11  9.997486e-01 -2.503358e-03  7.994564e-03  2.513768e-04
-3.10345e+00  2.06897e-01       1.864e+12  9.998299e-01 -1.506441e-03  6.238465e-03  1.701454e-04
-2.68966e+00  2.06897e-01       2.072e+12  9.997897e-01 -2.128801e-03  3.600606e-03  2.103453e-04
-2.27586e+00  2.06897e-01       1.566e+12  9.996844e-01 -5.549610e-03 -3.214356e-04  3.156449e-04
-1.86207e+00  2.06897e-01       1.578e+12  9.996956e-01 -1.099867e-02  3.479431e-04  3.043501e-04
-1.44828e+00  2.06897e-01       3.305e+12  9.998339e-01 -1.121817e-02  1.113555e-03  1.660742e-04
-1.03448e+00  2.06897e-01       8.701e+12  9.999027e-01 -9.433724e-03 -1.445597e-03  9.727631e-05
-6.20690e-01  2.06897e-01       1.828e+13  9.999259e-01 -7.689223e-03 -3.975543e-03  7.407601e-05
-2.06897e-01  2.06897e-01       2.654e+13  9.999240e-01 -6.251889e-03 -6.774273e-03  7.603340e-05
 2.06897e-01  2.06897e-01       2.626e+13  9.998998e-01 -5.244346e-03 -1.006310e-02  1.002363e-04
 6.20690e-01  2.06897e-01       1.764e+13  9.998543e-01 -4.661619e-03 -1.361112e-02  1.456938e-04
 1.03448e+00  2.06897e-01       8.031e+12  9.997913e-01 -4.354446e-03 -1.698087e-02  2.087277e-04
 1.44828e+00  2.06897e-01       2.679e+12  9.997178e-01 -3.737793e-03 -1.936488e-02  2.821626e-04
 1.86207e+00  2.06897e-01       1.036e+12  9.995817e-01 -1.403029e-03 -2.171764e-02  4.183138e-04
 2.27586e+00  2.06897e-01       1.204e+12  9.994663e-01  6.334773e-05 -2.685007e-02  5.337395e-04
 2.68966e+00  2.06897e-01       1.964e+12  9.995132e-01  2.432398e-04 -2.808251e-02  4.868317e-04
 3.10345e+00  2.06897e-01       1.980e+12  9.995310e-01  1.024927e-03 -2.820499e-02  4.689643e-04
 3.51724e+00  2.06897e-01       1.130e+12  9.993890e-01  2.623296e-03 -2.960968e-02  6.109691e-04
 3.93103e+00  2.06897e-01       4.485e+11  9.985391e-01  3.920912e-03 -3.864019e-02  1.460916e-03
 4.34483e+00  2.06897e-01       2.487e+11  9.967666e-01 -3.675989e-03 -6.067487e-02  3.233420e-03
 4.75862e+00  2.06897e-01       2.843e+11  9.962359e-01 -9.585004e-03 -7.053683e-02  3.764142e-03
 5.17241e+00  2.06897e-01       3.290e+11  9.952793e-01 -6.822965e-03 -7.594190e-02  4.720657e-03
 5.58621e+00  2.06897e-01       2.626e+11  9.914545e-01 -2.115961e-03 -9.549680e-02  8.545491e-03
 6.00000e+00  2.06897e-01       1.579e+11  9.814672e-01  2.627261e-03 -1.406133e-01  1.853279e-02
-6.00000e+00  6.20690e-01       1.507e+11  8.836614e-01  7.415369e-03  3.233896e-01  1.163386e-01
-5.58621e+00  6.20690e-01       2.178e+11  9.492663e-01 -1.920404e-02  1.848679e-01  5.073373e-02
-5.17241e+00  6.20690e-01       2.717e+11  9.757975e-01 -2.184343e-02  1.277116e-01  2.420252e-02
-4.75862e+00  6.20690e-01       2.483e+11  9.834345e-01 -2.545742e-02  1.180123e-01  1.656551e-02
-4.34483e+00  6.20690e-01       2.014e+11  9.836747e-01 -3.117594e-02  1.170485e-01  1.632531e-02
-3.93103e+00  6.20690e-01       2.973e+11  9.916308e-01 -1.670733e-02  6.901952e-02  8.369240e-03
-3.51724e+00  6.20690e-01       8.458e+11  9.979042e-01 -7.253786e-03  4.097726e-02  2.095762e-03
-3.10345e+00  6.20690e-01       1.778e+12  9.990010e-01 -6.322056e-03  3.529482e-02  9.990052e-04
-2.68966e+00  6.20690e-01       2.132e+12  9.991559e-01 -7.450653e-03  3.134226e-02  8.441290e-04
-2.27586e+00  6.20690e-01       1.637e+12  9.990069e-01 -1.194367e-02  2.709028e-02  9.930941e-04
-1.86207e+00  6.20690e-01       1.371e+12  9.985616e-01 -1.869373e-02  2.885870e-02  1.438361e-03
-1.44828e+00  6.20690e-01       1.997e+12  9.986189e-01 -1.855779e-02  2.763217e-02  1.381145e-03
-1.03448e+00  6.20690e-01       4.121e+12  9.992032e-01 -1.712112e-02  1.363466e-02  7.968236e-04
-6.20690e-01  6.20690e-01       8.409e+12  9.995897e-01 -1.503824e-02  1.980643e-03  4.103165e-04
-2.06897e-01  6.20690e-01       1.254e+13  9.997047e-01 -1.228931e-02 -6.411164e-03  2.952814e-04
 2.06897e-01  6.20690e-01       1.238e+13  9.996621e-01 -1.002876e-02 -1.452100e-02  3.378951e-04
 6.20690e-01  6.20690e-01       8.014e+12  9.994893e-01 -8.355506e-03 -2.326502e-02  5.106947e-04
 1.03448e+00  6.20690e-01       3.619e+12  9.991098e-01 -6.100232e-03 -3.409084e-02  8.901954e-04
 1.44828e+00  6.20690e-01       1.436e+12  9.983718e-01 -1.535845e-03 -4.857929e-02  1.628215e-03
 1.86207e+00  6.20690e-01       8.700e+11  9.976657e-01  3.106547e-03 -5.946795e-02  2.334261e-03
 2.27586e+00  6.20690e-01       1.319e+12  9.978522e-01  3.768007e-03 -5.944534e-02  2.147814e-03
 2.68966e+00  6.20690e-01       2.067e+12  9.980747e-01  4.465913e-03 -5.837006e-02  1.925309e-03
 3.10345e+00  6.20690e-01       1.916e+12  9.980129e-01  6.121182e-03 -5.882868e-02  1.987078e-03
 3.51724e+00  6.20690e-01       1.019e+12  9.969911e-01  8.694975e-03 -6.434644e-02  3.008881e-03
 3.93103e+00  6.20690e-01       4.065e+11  9.917879e-01  7.187386e-03 -9.204148e-02  8.212139e-03
 4.34483e+00  6.20690e-01       2.530e+11  9.837851e-01 -1.406188e-02 -1.395741e-01  1.621494e-02
 4.75862e+00  6.20690e-01       2.908e+11  9.818432e-01 -2.277857e-02 -1.573844e-01  1.815675e-02
 5.17241e+00  6.20690e-01       3.194e+11  9.752984e-01 -1.534596e-02 -1.734173e-01  2.470157e-02
 5.58621e+00  6.20690e-01       2.433e+11  9.498239e-01 -4.421365e-03 -2.232735e-01  5.017615e-02
 6.00000e+00  6.20690e-01       1.441e+11  8.738516e-01  1.287122e-02 -3.510240e-01  1.261484e-01
-6.00000e+00  1.03448e+00       1.345e+11  7.057157e-01 -4.205262e-02  4.661583e-01  2.942843e-01
-5.58621e+00  1.03448e+00       2.221e+11  8.783594e-01 -1.136931e-02  3.029996e-01  1.216406e-01
-5.17241e+00  1.03448e+00       3.087e+11  9.381543e-01 -1.722241e-02  2.359323e-01  6.184568e-02
-4.75862e+00  1.03448e+00       2.965e+11  9.560023e-01 -4.091972e-02  2.119822e-01  4.399771e-02
-4.34483e+00  1.03448e+00       2.236e+11  9.555098e-01 -5.541130e-02  2.021208e-01  4.449015e-02
-3.93103e+00  1.03448e+00       2.432e+11  9.694479e-01 -2.966682e-02  1.338017e-01  3.055211e-02
-3.51724e+00  1.03448e+00       6.403e+11  9.927169e-01 -1.096535e-02  6.511571e-02  7.283059e-03
-3.10345e+00  1.03448e+00       1.547e+12  9.976655e-01 -1.029433e-02  5.055518e-02  2.334507e-03
-2.68966e+00  1.03448e+00       2.183e+12  9.983949e-01 -1.204196e-02  4.453605e-02  1.605055e-03
-2.27586e+00  1.03448e+00       1.825e+12  9.982778e-01 -1.683995e-02  3.915681e-02  1.722156e-03
-1.86207e+00  1.03448e+00       1.303e+12  9.972397e-01 -2.629015e-02  4.051309e-02  2.760323e-03
-1.44828e+00  1.03448e+00       1.382e+12  9.962372e-01 -2.475777e-02  5.320791e-02  3.762843e-03
-1.03448e+00  1.03448e+00       1.582e+12  9.959732e-01 -1.330401e-02  5.580727e-02  4.026786e-03
-6.20690e-01  1.03448e+00       1.472e+12  9.958061e-01 -9.688610e-03  3.891596e-02  4.193878e-03
-2.06897e-01  1.03448e+00       1.311e+12  9.959680e-01 -1.804545e-02  5.638070e-03  4.031988e-03
 2.06897e-01  1.03448e+00       1.245e+12  9.963279e-01 -1.675775e-02 -2.591486e-02  3.672053e-03
 6.20690e-01  1.03448e+00       1.228e+12  9.962530e-01 -2.021220e-03 -5.322115e-02  3.747026e-03
 1.03448e+00  1.03448e+00       1.134e+12  9.956708e-01  5.931272e-03 -7.348772e-02  4.329152e-03
 1.44828e+00  1.03448e+00       8.663e+11  9.948592e-01  5.641065e-03 -8.359545e-02  5.140764e-03
 1.86207e+00  1.03448e+00       8.865e+11  9.952731e-01  5.467564e-03 -7.983614e-02  4.726885e-03
 2.27586e+00  1.03448e+00       1.601e+12  9.965614e-01  6.551468e-03 -7.303288e-02  3.438611e-03
 2.68966e+00  1.03448e+00       2.202e+12  9.969502e-01  8.504315e-03 -7.175986e-02  3.049807e-03
 3.10345e+00  1.03448e+00       1.718e+12  9.964574e-01  1.135776e-02 -7.430336e-02  3.542595e-03
 3.51724e+00  1.03448e+00       8.053e+11  9.924936e-01  1.500144e-02 -8.998940e-02  7.506432e-03
 3.93103e+00  1.03448e+00       3.414e+11  9.762953e-01  5.110575e-03 -1.518642e-01  2.370474e-02
 4.34483e+00  1.03448e+00       2.773e+11  9.619422e-01 -3.343936e-02 -2.167463e-01  3.805783e-02
 4.75862e+00  1.03448e+00       3.403e+11  9.592239e-01 -4.138604e-02 -2.345024e-01  4.077612e-02
 5.17241e+00  1.03448e+00       3.454e+11  9.430276e-01 -3.375115e-02 -2.611557e-01  5.697242e-02
 5.58621e+00  1.03448e+00       2.528e+11  8.872747e-01 -3.861676e-02 -3.341632e-01  1.127253e-01
 6.00000e+00  1.03448e+00       1.663e+11  7.403969e-01 -4.385354e-02 -4.979812e-01  2.596031e-01
-6.00000e+00  1.44828e+00       1.792e+11  5.559503e-01  1.105933e-01  5.434453e-01  4.440497e-01
-5.58621e+00  1.44828e+00       2.565e+11  7.435900e-01 -9.189656e-03  4.327791e-01  2.564100e-01
-5.17241e+00  1.44828e+00       3.386e+11  8.586517e-01 -5.620415e-02  3.265840e-01  1.413483e-01
-4.75862e+00  1.44828e+00       3.274e+11  9.149394e-01 -6.543467e-02  2.636031e-01  8.506057e-02
-4.34483e+00  1.44828e+00       2.514e+11  9.268323e-01 -6.391529e-02  2.544199e-01  7.316767e-02
-3.93103e+00  1.44828e+00       2.105e+11  9.300448e-01 -4.469350e-02  2.175935e-01  6.995521e-02
-3.51724e+00  1.44828e+00       3.989e+11  9.767267e-01 -1.494027e-02  8.778578e-02  2.327325e-02
-3.10345e+00  1.44828e+00       1.111e+12  9.956405e-01 -1.225353e-02  4.362479e-02  4.359468e-03
-2.68966e+00  1.44828e+00       2.029e+12  9.983188e-01 -1.514153e-02  3.212312e-02  1.681246e-03
-2.27586e+00  1.44828e+00       2.110e+12  9.984798e-01 -1.977298e-02  2.425041e-02  1.520235e-03
-1.86207e+00  1.44828e+00       1.410e+12  9.973057e-01 -2.998385e-02  1.900273e-02  2.694345e-03
-1.44828e+00  1.44828e+00       1.059e+12  9.949993e-01 -4.547254e-02  2.472442e-02  5.000689e-03
-1.03448e+00  1.44828e+00       1.464e+12  9.955439e-01 -4.153037e-02  3.339841e-02  4.456145e-03
-6.20690e-01  1.44828e+00       2.162e+12  9.972035e-01 -2.399978e-02  2.858049e-02  2.796457e-03
-2.06897e-01  1.44828e+00       2.550e+12  9.981586e-01 -8.464311e-03  1.054811e-02  1.841418e-03
 2.06897e-01  1.44828e+00       2.405e+12  9.980991e-01 -2.719154e-03 -1.628996e-02  1.900884e-03
 6.20690e-01  1.44828e+00       1.799e+12  9.968964e-01 -6.851260e-03 -4.332126e-02  3.103587e-03
 1.03448e+00  1.44828e+00       1.047e+12  9.943331e-01 -1.214594e-02 -6.528812e-02  5.666922e-03
 1.44828e+00  1.44828e+00       6.950e+11  9.923194e-01 -3.810161e-03 -7.384768e-02  7.680575e-03
 1.86207e+00  1.44828e+00       1.146e+12  9.955959e-01  6.497095e-03 -6.068568e-02  4.404072e-03
 2.27586e+00  1.44828e+00       2.035e+12  9.973254e-01  9.745692e-03 -5.588407e-02  2.674590e-03
 2.68966e+00  1.44828e+00       2.157e+12  9.974090e-01  1.284066e-02 -5.770951e-02  2.590950e-03
 3.10345e+00  1.44828e+00       1.305e+12  9.952244e-01  1.678121e-02 -6.773693e-02  4.775550e-03
 3.51724e+00  1.44828e+00       5.444e+11  9.821743e-01  1.922302e-02 -1.133016e-01  1.782573e-02
 3.93103e+00  1.44828e+00       2.890e+11  9.505955e-01 -7.409345e-03 -2.200536e-01  4.940455e-02
 4.34483e+00  1.44828e+00       3.054e+11  9.384665e-01 -4.466894e-02 -2.791016e-01  6.153354e-02
 4.75862e+00  1.44828e+00       4.002e+11  9.275369e-01 -4.427413e-02 -3.095836e-01  7.246311e-02
 5.17241e+00  1.44828e+00       4.099e+11  8.835454e-01 -3.291939e-02 -3.719764e-01  1.164546e-01
 5.58621e+00  1.44828e+00       3.168e+11  7.919523e-01 -2.493786e-02 -4.889191e-01  2.080477e-01
 6.00000e+00  1.44828e+00       2.281e+11  6.530721e-01 -1.758340e-02 -6.079276e-01  3.469279e-01
-6.00000e+00  1.86207e+00       2.361e+11  2.863827e-01 -2.157568e-02  7.856078e-01  7.136173e-01
-5.58621e+00  1.86207e+00       2.553e+11  6.013138e-01 -1.560530e-02  5.801726e-01  3.986862e-01
-5.17241e+00  1.86207e+00       3.573e+11  8.031567e-01 -3.270474e-02  4.120662e-01  1.968433e-01
-4.75862e+00  1.86207e+00       3.954e+11  8.842631e-01 -5.707768e-02  3.297142e-01  1.157369e-01
-4.34483e+00  1.86207e+00       3.223e+11  9.057587e-01 -7.700608e-02  3.010094e-01  9.424133e-02
-3.93103e+00  1.86207e+00       2.308e+11  8.928211e-01 -6.811434e-02  2.940802e-01  1.071789e-01
-3.51724e+00  1.86207e+00       2.338e+11  9.238435e-01 -2.429083e-02  1.634197e-01  7.615651e-02
-3.10345e+00  1.86207e+00       5.711e+11  9.843132e-01 -7.530884e-03  1.869838e-02  1.568682e-02
-2.68966e+00  1.86207e+00       1.423e+12  9.965654e-01 -1.369891e-02 -1.670568e-02  3.434577e-03
-2.27586e+00  1.86207e+00       2.152e+12  9.974365e-01 -2.058172e-02 -3.235516e-02  2.563485e-03
-1.86207e+00  1.86207e+00       1.884e+12  9.963081e-01 -3.041027e-02 -4.349571e-02  3.691934e-03
-1.44828e+00  1.86207e+00       1.102e+12  9.932229e-01 -4.406347e-02 -4.282617e-02  6.777061e-03
-1.03448e+00  1.86207e+00       6.120e+11  9.862805e-01 -4.469790e-02 -2.110275e-02  1.371948e-02
-6.20690e-01  1.86207e+00       4.015e+11  9.732267e-01 -2.943749e-02 -1.544377e-02  2.677328e-02
-2.06897e-01  1.86207e+00       3.040e+11  9.578590e-01 -2.798396e-02 -4.407134e-02  4.214099e-02
 2.06897e-01  1.86207e+00       2.740e+11  9.545163e-01 -1.107556e-02 -6.822357e-02  4.548368e-02
 6.20690e-01  1.86207e+00       2.922e+11  9.650514e-01  1.922236e-02 -7.773824e-02  3.494864e-02
 1.03448e+00  1.86207e+00       4.102e+11  9.805807e-01  1.290845e-02 -5.144983e-02  1.941933e-02
 1.44828e+00  1.86207e+00       8.917e+11  9.929672e-01  4.679033e-03 -4.208021e-03  7.032793e-03
 1.86207e+00  1.86207e+00       1.807e+12  9.973716e-01  9.729569e-03  9.239798e-03  2.628388e-03
 2.27586e+00  1.86207e+00       2.262e+12  9.983850e-01  1.479878e-02  5.903676e-03  1.614956e-03
 2.68966e+00  1.86207e+00       1.624e+12  9.974309e-01  1.917594e-02 -6.100633e-03  2.569112e-03
 3.10345e+00  1.86207e+00       7.460e+11  9.886500e-01  2.506605e-02 -4.623711e-02  1.135003e-02
 3.51724e+00  1.86207e+00       3.456e+11  9.537165e-01  1.636059e-02 -1.697890e-01  4.628353e-02
 3.93103e+00  1.86207e+00       2.918e+11  9.238507e-01 -3.481503e-02 -2.825628e-01  7.614927e-02
 4.34483e+00  1.86207e+00       3.823e+11  9.234942e-01 -5.945679e-02 -3.138373e-01  7.650582e-02
 4.75862e+00  1.86207e+00       4.617e+11  9.064808e-01 -5.019957e-02 -3.448566e-01  9.351923e-02
 5.17241e+00  1.86207e+00       4.009e+11  8.375998e-01 -4.406917e-02 -4.168632e-01  1.624002e-01
 5.58621e+00  1.86207e+00       2.815e+11  6.585817e-01 -4.575170e-02 -5.708529e-01  3.414183e-01
 6.00000e+00  1.86207e+00       2.409e+11  3.351313e-01 -2.601484e-02 -7.621715e-01  6.648687e-01
-6.00000e+00  2.27586e+00       3.425e+11  2.488064e-01  1.517149e-01  8.060186e-01  7.511936e-01
-5.58621e+00  2.27586e+00       3.054e+11  4.567208e-01  9.416180e-02  6.896393e-01  5.432792e-01
-5.17241e+00  2.27586e+00       3.714e+11  6.948192e-01  2.354491e-03  4.958929e-01  3.051808e-01
-4.75862e+00  2.27586e+00       4.425e+11  8.428830e-01 -3.814404e-02  3.628442e-01  1.571170e-01
-4.34483e+00  2.27586e+00       4.066e+11  8.990943e-01 -6.441615e-02  3.081466e-01  1.009057e-01
-3.93103e+00  2.27586e+00       3.046e+11  8.934204e-01 -7.448856e-02  3.108678e-01  1.065796e-01
-3.51724e+00  2.27586e+00       2.158e+11  8.664205e-01 -4.948413e-02  2.895356e-01  1.335795e-01
-3.10345e+00  2.27586e+00       2.293e+11  9.168456e-01  2.171702e-03  7.698531e-02  8.315438e-02
-2.68966e+00  2.27586e+00       5.599e+11  9.767961e-01  3.917403e-03 -9.689719e-02  2.320391e-02
-2.27586e+00  2.27586e+00       1.327e+12  9.829394e-01 -1.126042e-02 -1.479331e-01  1.706058e-02
-1.86207e+00  2.27586e+00       1.950e+12  9.784869e-01 -2.487655e-02 -1.787278e-01  2.151310e-02
-1.44828e+00  2.27586e+00       1.671e+12  9.709325e-01 -4.353050e-02 -2.058022e-01  2.906752e-02
-1.03448e+00  2.27586e+00       9.082e+11  9.585650e-01 -7.735527e-02 -2.284989e-01  4.143504e-02
-6.20690e-01  2.27586e+00       4.623e+11  9.419166e-01 -1.373860e-01 -2.273221e-01  5.808344e-02
-2.06897e-01  2.27586e+00       3.458e+11  9.326163e-01 -1.820194e-01 -1.949328e-01  6.738365e-02
 2.06897e-01  2.27586e+00       3.016e+11  9.260897e-01 -1.783536e-01 -1.357039e-01  7.391030e-02
 6.20690e-01  2.27586e+00       3.761e+11  9.406515e-01 -9.140344e-02  4.367877e-02  5.934850e-02
 1.03448e+00  2.27586e+00       8.567e+11  9.680328e-01 -1.480312e-02  1.625076e-01  3.196718e-02
 1.44828e+00  2.27586e+00       1.703e+12  9.792766e-01  8.596466e-03  1.703143e-01  2.072344e-02
 1.86207e+00  2.27586e+00       2.089e+12  9.843272e-01  1.763172e-02  1.529868e-01  1.567279e-02
 2.27586e+00  2.27586e+00       1.520e+12  9.871056e-01  2.272892e-02  1.258111e-01  1.289441e-02
 2.68966e+00  2.27586e+00       7.313e+11  9.836710e-01  3.034805e-02  6.757417e-02  1.632899e-02
 3.10345e+00  2.27586e+00       3.565e+11  9.551232e-01  3.313090e-02 -9.011180e-02  4.487679e-02
 3.51724e+00  2.27586e+00       2.892e+11  9.193412e-01 -1.077972e-02 -2.500043e-01  8.065877e-02
 3.93103e+00  2.27586e+00       3.530e+11  9.195418e-01 -5.693045e-02 -2.959901e-01  8.045816e-02
 4.34483e+00  2.27586e+00       4.771e+11  9.194907e-01 -5.554909e-02 -3.206040e-01  8.050932e-02
 4.75862e+00  2.27586e+00       5.033e+11  8.784338e-01 -3.826330e-02 -3.722223e-01  1.215662e-01
 5.17241e+00  2.27586e+00       3.935e+11  7.531274e-01 -2.148015e-02 -4.941433e-01  2.468726e-01
 5.58621e+00  2.27586e+00       2.871e+11  5.270993e-01  5.608559e-03 -6.770373e-01  4.729007e-01
 6.00000e+00  2.27586e+00       2.812e+11  2.318147e-01  1.548894e-02 -7.995325e-01  7.681853e-01
-6.00000e+00  2.68966e+00       4.534e+11  1.082393e-01  4.037174e-02  8.615057e-01  8.917607e-01
-5.58621e+00  2.68966e+00       3.402e+11  3.125322e-01  5.487966e-02  7.813842e-01  6.874678e-01
-5.17241e+00  2.68966e+00       3.768e+11  5.707969e-01 -3.744128e-03  6.039182e-01  4.292031e-01
-4.75862e+00  2.68966e+00       4.835e+11  7.715088e-01 -4.378203e-02  4.255882e-01  2.284912e-01
-4.34483e+00  2.68966e+00       5.022e+11  8.769400e-01 -6.241875e-02  3.143850e-01  1.230600e-01
-3.93103e+00  2.68966e+00       4.125e+11  9.100779e-01 -7.521454e-02  2.783231e-01  8.992207e-02
-3.51724e+00  2.68966e+00       3.008e+11  8.842167e-01 -6.733592e-02  2.986435e-01  1.157833e-01
-3.10345e+00  2.68966e+00       2.035e+11  8.423148e-01 -2.940923e-02  2.656135e-01  1.576852e-01
-2.68966e+00  2.68966e+00       1.666e+11  8.671350e-01  4.698059e-02  1.954892e-02  1.328650e-01
-2.27586e+00  2.68966e+00       2.906e+11  9.138297e-01  5.595073e-02 -2.661312e-01  8.617032e-02
-1.86207e+00  2.68966e+00       6.714e+11  8.912087e-01  2.656696e-02 -3.965828e-01  1.087913e-01
-1.44828e+00  2.68966e+00       1.160e+12  8.419944e-01  3.232100e-03 -4.835606e-01  1.580056e-01
-1.03448e+00  2.68966e+00       1.298e+12  7.651039e-01 -3.505072e-02 -5.586709e-01  2.348961e-01
-6.20690e-01  2.68966e+00       9.658e+11  6.297618e-01 -1.137734e-01 -5.838381e-01  3.702382e-01
-2.06897e-01  2.68966e+00       6.058e+11  4.265134e-01 -2.292640e-01 -3.179116e-01  5.734866e-01
 2.06897e-01  2.68966e+00       6.079e+11  4.416412e-01 -1.830876e-01  3.525793e-01  5.583588e-01
 6.20690e-01  2.68966e+00       9.919e+11  6.565665e-01 -4.127293e-02  5.824725e-01  3.434335e-01
 1.03448e+00  2.68966e+00       1.386e+12  7.879122e-01  1.847788e-02  5.394477e-01  2.120878e-01
 1.44828e+00  2.68966e+00       1.303e+12  8.586606e-01  3.296314e-02  4.602125e-01  1.413394e-01
 1.86207e+00  2.68966e+00       8.199e+11  9.043011e-01  3.529532e-02  3.685417e-01  9.569893e-02
 2.27586e+00  2.68966e+00       4.219e+11  9.351614e-01  4.814860e-02  2.220170e-01  6.483856e-02
 2.68966e+00  2.68966e+00       2.843e+11  9.350450e-01  5.572689e-02 -2.420872e-02  6.495499e-02
 3.10345e+00  2.68966e+00       2.830e+11  9.164761e-01  1.026973e-02 -2.011516e-01  8.352386e-02
 3.51724e+00  2.68966e+00       3.368e+11  9.190797e-01 -4.772374e-02 -2.495180e-01  8.092035e-02
 3.93103e+00  2.68966e+00       4.762e+11  9.300944e-01 -6.128840e-02 -2.756231e-01  6.990561e-02
 4.34483e+00  2.68966e+00       5.971e+11  9.092462e-01 -4.839684e-02 -3.251813e-01  9.075381e-02
 4.75862e+00  2.68966e+00       5.509e+11  8.268727e-01 -4.002061e-02 -4.252001e-01  1.731273e-01
 5.17241e+00  2.68966e+00       4.242e+11  6.600415e-01 -3.652424e-02 -5.976778e-01  3.399585e-01
 5.58621e+00  2.68966e+00       3.617e+11  4.309292e-01 -1.923262e-02 -7.619809e-01  5.690708e-01
 6.00000e+00  2.68966e+00       4.439e+11  1.442300e-01 -1.071119e-02 -8.577979e-01  8.557700e-01
-6.00000e+00  3.10345e+00       6.815e+11  8.669926e-02  2.748239e-02  8.951860e-01  9.133007e-01
-5.58621e+00  3.10345e+00       4.617e+11  2.474300e-01  6.905719e-02  8.426152e-01  7.525700e-01
-5.17241e+00  3.10345e+00       3.925e+11  4.466359e-01  4.021454e-02  7.203853e-01  5.533641e-01
-4.75862e+00  3.10345e+00       4.787e+11  6.803932e-01 -2.378862e-02  5.112056e-01  3.196068e-01
-4.34483e+00  3.10345e+00       5.743e+11  8.390165e-01 -5.165038e-02  3.361372e-01  1.609835e-01
-3.93103e+00  3.10345e+00       5.420e+11  9.160722e-01 -6.839555e-02  2.350696e-01  8.392782e-02
-3.51724e+00  3.10345e+00       4.288e+11  9.299265e-01 -7.417858e-02  2.165918e-01  7.007355e-02
-3.10345e+00  3.10345e+00       3.160e+11  8.894074e-01 -5.560871e-02  2.513840e-01  1.105926e-01
-2.68966e+00  3.10345e+00       2.076e+11  8.235368e-01 -1.570431e-02  2.293134e-01  1.764632e-01
-2.27586e+00  3.10345e+00       1.300e+11  7.827009e-01  9.724796e-02  2.278956e-02  2.172991e-01
-1.86207e+00  3.10345e+00       1.076e+11  7.877364e-01  2.119592e-01 -2.972179e-01  2.122636e-01
-1.44828e+00  3.10345e+00       1.140e+11  7.159179e-01  1.959081e-01 -5.068394e-01  2.840821e-01
-1.03448e+00  3.10345e+00       1.275e+11  4.682336e-01  1.626250e-01 -6.320580e-01  5.317664e-01
-6.20690e-01  3.10345e+00       1.484e+11  9.018891e-02  1.666777e-01 -5.784702e-01  9.098111e-01
-2.06897e-01  3.10345e+00       1.666e+11 -2.019669e-01  1.631753e-01 -2.297853e-01  7.980331e-01
 2.06897e-01  3.10345e+00       1.750e+11 -1.726611e-01  1.158502e-01  2.617817e-01  8.273389e-01
 6.20690e-01  3.10345e+00       1.780e+11  1.810408e-01  6.836237e-02  5.481336e-01  8.189592e-01
 1.03448e+00  3.10345e+00       1.810e+11  5.653083e-01  7.414568e-02  5.549464e-01  4.346917e-01
 1.44828e+00  3.10345e+00       1.809e+11  7.700038e-01  1.077906e-01  4.588292e-01  2.299962e-01
 1.86207e+00  3.10345e+00       1.869e+11  8.571595e-01  1.270851e-01  2.673627e-01  1.428405e-01
 2.27586e+00  3.10345e+00       2.289e+11  9.035356e-01  9.053308e-02  6.671847e-03  9.646444e-02
 2.68966e+00  3.10345e+00       2.818e+11  9.139890e-01  2.158138e-02 -1.342514e-01  8.601103e-02
 3.10345e+00  3.10345e+00       3.306e+11  9.225254e-01 -4.115581e-02 -1.638182e-01  7.747456e-02
 3.51724e+00  3.10345e+00       4.684e+11  9.447875e-01 -6.224186e-02 -1.871606e-01  5.521251e-02
 3.93103e+00  3.10345e+00       6.466e+11  9.417317e-01 -5.109140e-02 -2.383000e-01  5.826825e-02
 4.34483e+00  3.10345e+00       6.583e+11  8.883555e-01 -4.114000e-02 -3.259041e-01  1.116445e-01
 4.75862e+00  3.10345e+00       5.276e+11  7.550160e-01 -3.859982e-02 -4.930948e-01  2.449840e-01
 5.17241e+00  3.10345e+00       4.243e+11  5.654468e-01 -2.586240e-02 -6.892792e-01  4.345532e-01
 5.58621e+00  3.10345e+00       4.434e+11  3.337349e-01 -6.045304e-03 -8.175865e-01  6.662651e-01
 6.00000e+00  3.10345e+00       6.544e+11  8.347761e-02 -1.331748e-02 -8.978754e-01  9.165224e-01
-6.00000e+00  3.51724e+00       1.010e+12  9.717446e-02  6.648097e-03  9.234687e-01  9.028255e-01
-5.58621e+00  3.51724e+00       6.951e+11  2.359525e-01  4.912675e-02  8.743199e-01  7.640475e-01
-5.17241e+00  3.51724e+00       4.774e+11  3.773347e-01  7.414903e-02  8.053000e-01  6.226653e-01
-4.75862e+00  3.51724e+00       4.513e+11  5.641807e-01  1.738057e-02  6.408029e-01  4.358193e-01
-4.34483e+00  3.51724e+00       5.661e+11  7.651672e-01 -3.629114e-02  4.057783e-01  2.348328e-01
-3.93103e+00  3.51724e+00       6.437e+11  8.904662e-01 -5.629459e-02  2.216885e-01  1.095338e-01
-3.51724e+00  3.51724e+00       5.799e+11  9.478504e-01 -7.113935e-02  1.156688e-01  5.214963e-02
-3.10345e+00  3.51724e+00       4.587e+11  9.556611e-01 -6.983731e-02  9.826231e-02  4.433889e-02
-2.68966e+00  3.51724e+00       3.550e+11  9.144422e-01 -4.321816e-02  1.491876e-01  8.555785e-02
-2.27586e+00  3.51724e+00       2.458e+11  8.265071e-01 -2.080140e-02  1.804651e-01  1.734929e-01
-1.86207e+00  3.51724e+00       1.423e+11  6.955575e-01  7.175192e-02  9.074369e-02  3.044425e-01
-1.44828e+00  3.51724e+00       8.643e+10  5.712058e-01  3.447787e-01 -1.716026e-01  4.287942e-01
-1.03448e+00  3.51724e+00       6.784e+10  4.720166e-01  5.391579e-01 -4.203383e-01  5.279834e-01
-6.20690e-01  3.51724e+00       6.251e+10  2.747335e-01  5.411238e-01 -5.306565e-01  7.252665e-01
-2.06897e-01  3.51724e+00       5.947e+10  9.147360e-03  5.074373e-01 -4.589959e-01  9.908526e-01
 2.06897e-01  3.51724e+00       5.704e+10 -1.139564e-01  4.968524e-01 -1.809140e-01  8.860436e-01
 6.20690e-01  3.51724e+00       6.285e+10  1.218991e-01  4.929201e-01  1.561377e-01  8.781009e-01
 1.03448e+00  3.51724e+00       9.053e+10  5.387553e-01  4.087672e-01  2.838164e-01  4.612447e-01
 1.44828e+00  3.51724e+00       1.552e+11  8.012129e-01  2.371009e-01  1.758097e-01  1.987871e-01
 1.86207e+00  3.51724e+00       2.430e+11  8.940056e-01  9.254776e-02  3.727686e-02  1.059944e-01
 2.27586e+00  3.51724e+00       2.909e+11  9.046946e-01  8.292744e-03 -2.461543e-02  9.530541e-02
 2.68966e+00  3.51724e+00       3.205e+11  9.123357e-01 -4.384159e-02 -2.155780e-02  8.766434e-02
 3.10345e+00  3.51724e+00       4.710e+11  9.527973e-01 -5.952819e-02 -4.997645e-02  4.720274e-02
 3.51724e+00  3.51724e+00       6.939e+11  9.664456e-01 -4.980573e-02 -1.133398e-01  3.355439e-02
 3.93103e+00  3.51724e+00       7.445e+11  9.343009e-01 -4.176060e-02 -2.016522e-01  6.569910e-02
 4.34483e+00  3.51724e+00       6.134e+11  8.310739e-01 -4.218252e-02 -3.709548e-01  1.689261e-01
 4.75862e+00  3.51724e+00       4.897e+11  6.695269e-01 -3.577776e-02 -5.962330e-01  3.304731e-01
 5.17241e+00  3.51724e+00       4.659e+11  4.947085e-01 -1.005212e-02 -7.530349e-01  5.052915e-01
 5.58621e+00  3.51724e+00       6.279e+11  2.636398e-01 -7.375174e-03 -8.602439e-01  7.363602e-01
 6.00000e+00  3.51724e+00       9.957e+11  7.729622e-02 -1.767954e-02 -9.314704e-01  9.227038e-01
-6.00000e+00  3.93103e+00       1.401e+12  1.382855e-01 -6.462109e-03  9.425973e-01  8.617145e-01
-5.58621e+00  3.93103e+00       1.068e+12  2.553720e-01  2.030773e-02  8.925320e-01  7.446280e-01
-5.17241e+00  3.93103e+00       7.095e+11  3.832429e-01  6.692879e-02  8.304305e-01  6.167571e-01
-4.75862e+00  3.93103e+00       4.952e+11  4.966843e-01  7.355181e-02  7.488417e-01  5.033157e-01
-4.34483e+00  3.93103e+00       4.921e+11  6.564997e-01  3.843206e-03  5.538997e-01  3.435003e-01
-3.93103e+00  3.93103e+00       6.172e+11  8.219753e-01 -4.301357e-02  2.859889e-01  1.780247e-01
-3.51724e+00  3.93103e+00       6.923e+11  9.180974e-01 -5.828877e-02  7.376205e-02  8.190264e-02
-3.10345e+00  3.93103e+00       6.220e+11  9.564596e-01 -7.257213e-02 -5.901847e-02  4.354037e-02
-2.68966e+00  3.93103e+00       4.920e+11  9.641017e-01 -7.253264e-02 -1.100279e-01  3.589830e-02
-2.27586e+00  3.93103e+00       4.017e+11  9.459012e-01 -2.892416e-02 -7.117662e-02  5.409883e-02
-1.86207e+00  3.93103e+00       3.376e+11  8.848823e-01 -3.396575e-03  2.447207e-02  1.151177e-01
-1.44828e+00  3.93103e+00       2.428e+11  7.582346e-01 -4.439850e-02  1.354336e-01  2.417654e-01
-1.03448e+00  3.93103e+00       1.412e+11  5.600496e-01 -8.913842e-02  2.581523e-01  4.399504e-01
-6.20690e-01  3.93103e+00       8.648e+10  4.257107e-01  3.794171e-02  3.985536e-01  5.742893e-01
-2.06897e-01  3.93103e+00       7.898e+10  5.203785e-01  2.672892e-01  4.711248e-01  4.796215e-01
 2.06897e-01  3.93103e+00       1.044e+11  6.960321e-01  2.499562e-01  4.394475e-01  3.039679e-01
 6.20690e-01  3.93103e+00       1.676e+11  8.214902e-01  1.006268e-01  3.591549e-01  1.785098e-01
 1.03448e+00  3.93103e+00       2.501e+11  8.624971e-01  8.036747e-03  2.623411e-01  1.375029e-01
 1.44828e+00  3.93103e+00       2.803e+11  8.393120e-01 -2.439570e-02  1.779499e-01  1.606880e-01
 1.86207e+00  3.93103e+00       2.511e+11  7.885740e-01 -2.741972e-02  1.604121e-01  2.114260e-01
 2.27586e+00  3.93103e+00       2.944e+11  8.401481e-01 -4.198895e-02  1.964720e-01  1.598519e-01
 2.68966e+00  3.93103e+00       5.088e+11  9.380011e-01 -5.206834e-02  1.429578e-01  6.199894e-02
 3.10345e+00  3.93103e+00       7.562e+11  9.712485e-01 -4.597752e-02  6.152577e-02  2.875151e-02
 3.51724e+00  3.93103e+00       7.930e+11  9.567259e-01 -4.220521e-02 -4.067752e-02  4.327410e-02
 3.93103e+00  3.93103e+00       6.497e+11  8.792948e-01 -4.686981e-02 -2.327176e-01  1.207052e-01
 4.34483e+00  3.93103e+00       5.274e+11  7.481353e-01 -4.444317e-02 -4.929064e-01  2.518647e-01
 4.75862e+00  3.93103e+00       4.919e+11  6.213159e-01 -1.578816e-02 -6.684643e-01  3.786841e-01
 5.17241e+00  3.93103e+00       6.088e+11  4.399782e-01 -3.091376e-03 -7.901587e-01  5.600218e-01
 5.58621e+00  3.93103e+00       9.822e+11  2.412038e-01 -1.562393e-02 -8.964738e-01  7.587962e-01
 6.00000e+00  3.93103e+00       1.438e+12  1.188177e-01 -1.582528e-02 -9.517567e-01  8.811823e-01
-6.00000e+00  4.34483e+00       1.745e+12  2.025857e-01 -1.124050e-02  9.486049e-01  7.974143e-01
-5.58621e+00  4.34483e+00       1.533e+12  2.967661e-01 -9.055223e-04  9.027597e-01  7.032339e-01
-5.17241e+00  4.34483e+00       1.128e+12  4.155107e-01  3.220239e-02  8.328885e-01  5.844893e-01
-4.75862e+00  4.34483e+00       7.351e+11  5.244278e-01  7.979928e-02  7.596174e-01  4.755722e-01
-4.34483e+00  4.34483e+00       5.051e+11  6.042856e-01  7.728462e-02  6.789897e-01  3.957144e-01
-3.93103e+00  4.34483e+00       4.909e+11  7.187439e-01  1.610416e-03  4.808059e-01  2.812561e-01
-3.51724e+00  4.34483e+00       6.042e+11  8.406453e-01 -4.758279e-02  1.706178e-01  1.593547e-01
-3.10345e+00  4.34483e+00       6.972e+11  9.017123e-01 -5.989448e-02 -9.981332e-02  9.828769e-02
-2.68966e+00  4.34483e+00       6.595e+11  9.047519e-01 -7.022841e-02 -2.853549e-01  9.524813e-02
-2.27586e+00  4.34483e+00       5.283e+11  8.801084e-01 -8.898515e-02 -4.064077e-01  1.198916e-01
-1.86207e+00  4.34483e+00       3.949e+11  8.511220e-01 -7.610212e-02 -4.655888e-01  1.488780e-01
-1.44828e+00  4.34483e+00       3.011e+11  8.040774e-01  1.672374e-02 -4.805561e-01  1.959226e-01
-1.03448e+00  4.34483e+00       2.697e+11  7.187890e-01  1.681261e-01 -5.063836e-01  2.812110e-01
-6.20690e-01  4.34483e+00       2.872e+11  6.469346e-01  2.441960e-01 -5.508199e-01  3.530654e-01
-2.06897e-01  4.34483e+00       2.910e+11  5.800354e-01  2.493831e-01 -5.735816e-01  4.199646e-01
 2.06897e-01  4.34483e+00       2.529e+11  4.598650e-01  2.757138e-01 -5.425218e-01  5.401350e-01
 6.20690e-01  4.34483e+00       1.946e+11  2.988448e-01  3.338056e-01 -3.840780e-01  7.011552e-01
 1.03448e+00  4.34483e+00       1.538e+11  2.346778e-01  2.818362e-01  9.512545e-03  7.653222e-01
 1.44828e+00  4.34483e+00       1.884e+11  4.627686e-01  5.428317e-02  4.446590e-01  5.372314e-01
 1.86207e+00  4.34483e+00       3.576e+11  7.350169e-01 -4.299411e-02  4.941470e-01  2.649831e-01
 2.27586e+00  4.34483e+00       6.264e+11  8.677699e-01 -4.813642e-02  3.989390e-01  1.322301e-01
 2.68966e+00  4.34483e+00       8.053e+11  9.233343e-01 -4.461302e-02  2.960161e-01  7.666566e-02
 3.10345e+00  4.34483e+00       7.551e+11  9.329745e-01 -4.756332e-02  1.584292e-01  6.702555e-02
 3.51724e+00  4.34483e+00       6.047e+11  8.866087e-01 -5.836788e-02 -9.481413e-02  1.133913e-01
 3.93103e+00  4.34483e+00       5.189e+11  7.998275e-01 -5.409039e-02 -3.953384e-01  2.001725e-01
 4.34483e+00  4.34483e+00       5.029e+11  7.218711e-01 -1.761850e-02 -5.679572e-01  2.781289e-01
 4.75862e+00  4.34483e+00       6.000e+11  5.944482e-01  1.026344e-03 -6.892881e-01  4.055518e-01
 5.17241e+00  4.34483e+00       9.577e+11  4.076430e-01 -1.375535e-02 -8.291687e-01  5.923570e-01
 5.58621e+00  4.34483e+00       1.514e+12  2.743474e-01 -1.695723e-02 -9.159942e-01  7.256526e-01
 6.00000e+00  4.34483e+00       1.842e+12  1.899548e-01 -7.421646e-03 -9.554025e-01  8.100452e-01
-6.00000e+00  4.75862e+00       1.931e+12  2.813775e-01 -1.024048e-02  9.394544e-01  7.186225e-01
-5.58621e+00  4.75862e+00       1.938e+12  3.580446e-01 -9.541403e-03  8.999118e-01  6.419554e-01
-5.17241e+00  4.75862e+00       1.653e+12  4.564374e-01  3.460665e-03  8.322600e-01  5.435626e-01
-4.75862e+00  4.75862e+00       1.214e+12  5.693660e-01  3.954403e-02  7.400452e-01  4.306340e-01
-4.34483e+00  4.75862e+00       7.845e+11  6.593604e-01  8.939552e-02  6.541504e-01  3.406396e-01
-3.93103e+00  4.75862e+00       5.091e+11  7.070133e-01  9.380801e-02  5.867933e-01  2.929867e-01
-3.51724e+00  4.75862e+00       4.458e+11  7.654848e-01  1.785215e-02  4.409609e-01  2.345152e-01
-3.10345e+00  4.75862e+00       5.049e+11  8.227910e-01 -4.828555e-02  1.267336e-01  1.772090e-01
-2.68966e+00  4.75862e+00       5.964e+11  8.206228e-01 -7.121232e-02 -2.421231e-01  1.793772e-01
-2.27586e+00  4.75862e+00       6.301e+11  7.505926e-01 -6.717137e-02 -5.120550e-01  2.494074e-01
-1.86207e+00  4.75862e+00       5.609e+11  6.169205e-01 -7.763989e-02 -6.977985e-01  3.830795e-01
-1.44828e+00  4.75862e+00       4.546e+11  4.346487e-01 -1.180749e-01 -8.263308e-01  5.653513e-01
-1.03448e+00  4.75862e+00       3.343e+11  2.359106e-01 -1.400906e-01 -8.799008e-01  7.640894e-01
-6.20690e-01  4.75862e+00       2.102e+11 -1.685784e-02 -9.369116e-02 -8.259707e-01  9.831422e-01
-2.06897e-01  4.75862e+00       1.357e+11 -3.372937e-01  2.995962e-02 -4.966191e-01  6.627063e-01
 2.06897e-01  4.75862e+00       1.351e+11 -4.045967e-01  7.281362e-02  2.051368e-01  5.954033e-01
 6.20690e-01  4.75862e+00       2.135e+11 -1.284057e-01 -1.631528e-02  7.252647e-01  8.715943e-01
 1.03448e+00  4.75862e+00       3.652e+11  1.728478e-01 -7.025043e-02  8.571018e-01  8.271522e-01
 1.44828e+00  4.75862e+00       5.485e+11  4.363631e-01 -6.960145e-02  8.031300e-01  5.636369e-01
 1.86207e+00  4.75862e+00       6.855e+11  6.393745e-01 -5.668855e-02  6.919897e-01  3.606255e-01
 2.27586e+00  4.75862e+00       6.814e+11  7.631670e-01 -5.715124e-02  5.617429e-01  2.368330e-01
 2.68966e+00  4.75862e+00       5.648e+11  8.302873e-01 -7.145415e-02  3.412392e-01  1.697127e-01
 3.10345e+00  4.75862e+00       4.815e+11  8.508712e-01 -8.507912e-02 -2.129462e-02  1.491288e-01
 3.51724e+00  4.75862e+00       4.721e+11  8.341035e-01 -6.136249e-02 -3.151916e-01  1.658965e-01
 3.93103e+00  4.75862e+00       4.932e+11  8.059450e-01 -9.273431e-03 -4.422634e-01  1.940550e-01
 4.34483e+00  4.75862e+00       5.957e+11  7.220833e-01  5.987756e-03 -5.562513e-01  2.779167e-01
 4.75862e+00  4.75862e+00       9.478e+11  5.619569e-01 -1.397248e-02 -7.295397e-01  4.380431e-01
 5.17241e+00  4.75862e+00       1.563e+12  4.313703e-01 -1.784730e-02 -8.509056e-01  5.686297e-01
 5.58621e+00  4.75862e+00       2.046e+12  3.452184e-01 -7.523105e-03 -9.108427e-01  6.547816e-01
 6.00000e+00  4.75862e+00       2.026e+12  2.738181e-01  2.741392e-03 -9.431439e-01  7.261819e-01
-6.00000e+00  5.17241e+00       1.940e+12  3.752903e-01 -7.412633e-03  9.120510e-01  6.247097e-01
-5.58621e+00  5.17241e+00       2.148e+12  4.325395e-01 -9.386991e-03  8.803250e-01  5.674605e-01
-5.17241e+00  5.17241e+00       2.074e+12  5.119631e-01 -8.177968e-03  8.212571e-01  4.880369e-01
-4.75862e+00  5.17241e+00       1.772e+12  6.073259e-01  5.003329e-03  7.290918e-01  3.926741e-01
-4.34483e+00  5.17241e+00       1.338e+12  7.088776e-01  3.986003e-02  6.100770e-01  2.911224e-01
-3.93103e+00  5.17241e+00       8.825e+11  7.841414e-01  9.276441e-02  5.021370e-01  2.158586e-01
-3.51724e+00  5.17241e+00       5.337e+11  8.085497e-01  1.223179e-01  4.379533e-01  1.914503e-01
-3.10345e+00  5.17241e+00       3.944e+11  8.261778e-01  6.478671e-02  3.717197e-01  1.738222e-01
-2.68966e+00  5.17241e+00       3.827e+11  8.475358e-01 -1.878893e-02  2.092933e-01  1.524642e-01
-2.27586e+00  5.17241e+00       3.838e+11  7.735024e-01 -8.579277e-02 -1.129740e-01  2.264976e-01
-1.86207e+00  5.17241e+00       4.041e+11  5.444955e-01 -1.285880e-01 -5.269171e-01  4.555045e-01
-1.44828e+00  5.17241e+00       4.397e+11  2.326684e-01 -1.187389e-01 -7.736475e-01  7.673316e-01
-1.03448e+00  5.17241e+00       4.369e+11 -1.268004e-01 -7.701554e-02 -7.683668e-01  8.731996e-01
-6.20690e-01  5.17241e+00       4.050e+11 -5.086151e-01 -5.332716e-02 -5.045856e-01  4.913849e-01
-2.06897e-01  5.17241e+00       3.943e+11 -7.173297e-01 -6.338315e-02 -2.986331e-02  2.826703e-01
 2.06897e-01  5.17241e+00       4.132e+11 -6.285504e-01 -7.447487e-02  4.476101e-01  3.714496e-01
 6.20690e-01  5.17241e+00       4.338e+11 -3.599418e-01 -7.635544e-02  7.610806e-01  6.400582e-01
 1.03448e+00  5.17241e+00       4.307e+11 -5.799030e-02 -8.597006e-02  8.935436e-01  9.420097e-01
 1.44828e+00  5.17241e+00       3.959e+11  2.073851e-01 -1.082706e-01  8.744271e-01  7.926149e-01
 1.86207e+00  5.17241e+00       3.442e+11  4.594184e-01 -1.324543e-01  6.714599e-01  5.405816e-01
 2.27586e+00  5.17241e+00       3.304e+11  7.053787e-01 -1.474773e-01  2.736982e-01  2.946213e-01
 2.68966e+00  5.17241e+00       3.698e+11  8.325284e-01 -1.169048e-01 -5.984006e-02  1.674716e-01
 3.10345e+00  5.17241e+00       4.218e+11  8.670260e-01 -3.834446e-02 -2.068997e-01  1.329740e-01
 3.51724e+00  5.17241e+00       4.721e+11  8.724528e-01  1.830445e-02 -2.625165e-01  1.275472e-01
 3.93103e+00  5.17241e+00       5.967e+11  8.185089e-01  8.109081e-03 -3.873632e-01  1.814911e-01
 4.34483e+00  5.17241e+00       9.693e+11  6.930893e-01 -1.827306e-02 -6.027143e-01  3.069107e-01
 4.75862e+00  5.17241e+00       1.626e+12  5.809945e-01 -1.833290e-02 -7.560081e-01  4.190055e-01
 5.17241e+00  5.17241e+00       2.204e+12  5.008128e-01 -5.507146e-03 -8.362596e-01  4.991872e-01
 5.58621e+00  5.17241e+00       2.291e+12  4.309977e-01  4.960204e-03 -8.837941e-01  5.690023e-01
 6.00000e+00  5.17241e+00       1.954e+12  3.635099e-01  7.243016e-03 -9.163931e-01  6.364901e-01
-6.00000e+00  5.58621e+00       1.750e+12  4.860731e-01 -6.361674e-03  8.588776e-01  5.139269e-01
-5.58621e+00  5.58621e+00       2.184e+12  5.270624e-01 -6.555118e-03  8.352428e-01  4.729376e-01
-5.17241e+00  5.58621e+00       2.283e+12  5.798676e-01 -8.288375e-03  7.922877e-01  4.201324e-01
-4.75862e+00  5.58621e+00       2.140e+12  6.546170e-01 -7.038529e-03  7.134771e-01  3.453830e-01
-4.34483e+00  5.58621e+00       1.863e+12  7.388163e-01  3.711672e-03  5.954216e-01  2.611837e-01
-3.93103e+00  5.58621e+00       1.486e+12  8.209757e-01  3.211753e-02  4.441767e-01  1.790243e-01
-3.51724e+00  5.58621e+00       1.055e+12  8.816569e-01  8.178671e-02  2.956954e-01  1.183431e-01
-3.10345e+00  5.58621e+00       6.417e+11  8.943439e-01  1.401797e-01  2.027540e-01  1.056561e-01
-2.68966e+00  5.58621e+00       3.784e+11  8.626456e-01  1.522364e-01  1.711353e-01  1.373544e-01
-2.27586e+00  5.58621e+00       3.058e+11  8.655707e-01  7.243700e-02  1.061018e-01  1.344293e-01
-1.86207e+00  5.58621e+00       3.037e+11  8.850240e-01 -2.931516e-03  7.011877e-03  1.149760e-01
-1.44828e+00  5.58621e+00       2.623e+11  8.155436e-01 -9.977303e-02 -1.250342e-01  1.844564e-01
-1.03448e+00  5.58621e+00       2.079e+11  6.224531e-01 -2.597397e-01 -3.619700e-01  3.775469e-01
-6.20690e-01  5.58621e+00       1.727e+11  3.967871e-01 -3.704774e-01 -5.634785e-01  6.032129e-01
-2.06897e-01  5.58621e+00       1.423e+11  1.892753e-01 -4.119646e-01 -5.672768e-01  8.107247e-01
 2.06897e-01  5.58621e+00       1.237e+11  2.130474e-02 -4.701209e-01 -3.311660e-01  9.786953e-01
 6.20690e-01  5.58621e+00       1.335e+11  6.452622e-02 -5.000970e-01  4.893725e-02  9.354738e-01
 1.03448e+00  5.58621e+00       1.693e+11  3.247435e-01 -4.159406e-01  2.508581e-01  6.752565e-01
 1.44828e+00  5.58621e+00       2.131e+11  5.792162e-01 -2.919985e-01  1.891374e-01  4.207838e-01
 1.86207e+00  5.58621e+00       2.630e+11  7.329466e-01 -1.601083e-01  5.434973e-02  2.670534e-01
 2.27586e+00  5.58621e+00       3.295e+11  8.206202e-01 -1.908579e-02  1.179482e-02  1.793798e-01
 2.68966e+00  5.58621e+00       3.896e+11  8.706491e-01  5.555582e-02  3.233154e-02  1.293509e-01
 3.10345e+00  5.58621e+00       4.500e+11  8.932316e-01  4.013445e-02  2.181895e-04  1.067684e-01
 3.51724e+00  5.58621e+00       6.168e+11  8.710156e-01 -7.232428e-03 -1.963338e-01  1.289844e-01
 3.93103e+00  5.58621e+00       1.043e+12  7.952635e-01 -2.570147e-02 -4.586852e-01  2.047365e-01
 4.34483e+00  5.58621e+00       1.728e+12  7.161514e-01 -1.591286e-02 -6.325708e-01  2.838486e-01
 4.75862e+00  5.58621e+00       2.335e+12  6.502745e-01  1.288843e-04 -7.287187e-01  3.497255e-01
 5.17241e+00  5.58621e+00       2.478e+12  5.866754e-01  9.042825e-03 -7.910028e-01  4.133246e-01
 5.58621e+00  5.58621e+00       2.186e+12  5.216717e-01  7.934106e-03 -8.377724e-01  4.783283e-01
 6.00000e+00  5.58621e+00       1.785e+12  4.632140e-01  7.193983e-03 -8.698909e-01  5.367860e-01
-6.00000e+00  6.00000e+00       1.377e+12  5.935435e-01 -5.739609e-03  7.846539e-01  4.064565e-01
-5.58621e+00  6.00000e+00       1.951e+12  6.411081e-01 -5.657432e-03  7.515304e-01  3.588919e-01
-5.17241e+00  6.00000e+00       2.368e+12  6.772573e-01 -5.895356e-03  7.209190e-01  3.227427e-01
-4.75862e+00  6.00000e+00       2.362e+12  7.180804e-01 -7.090411e-03  6.738864e-01  2.819196e-01
-4.34483e+00  6.00000e+00       2.118e+12  7.772841e-01 -5.392657e-03  5.826124e-01  2.227159e-01
-3.93103e+00  6.00000e+00       1.859e+12  8.417107e-01  2.197571e-03  4.402435e-01  1.582893e-01
-3.51724e+00  6.00000e+00       1.577e+12  8.908904e-01  2.033743e-02  2.591304e-01  1.091096e-01
-3.10345e+00  6.00000e+00       1.245e+12  9.167654e-01  5.453279e-02  5.643081e-02  8.323463e-02
-2.68966e+00  6.00000e+00       8.779e+11  9.091812e-01  1.091952e-01 -1.187183e-01  9.081879e-02
-2.27586e+00  6.00000e+00       5.369e+11  8.634448e-01  1.780942e-01 -2.136356e-01  1.365552e-01
-1.86207e+00  6.00000e+00       3.166e+11  7.757042e-01  2.383255e-01 -1.709427e-01  2.242958e-01
-1.44828e+00  6.00000e+00       2.108e+11  6.474992e-01  2.895751e-01 -3.703950e-02  3.525008e-01
-1.03448e+00  6.00000e+00       1.716e+11  5.972224e-01  2.698797e-01  1.631868e-02  4.027776e-01
-6.20690e-01  6.00000e+00       1.622e+11  6.724696e-01  8.086670e-02 -1.034323e-02  3.275304e-01
-2.06897e-01  6.00000e+00       1.622e+11  7.300318e-01 -1.276533e-01 -4.487825e-02  2.699682e-01
 2.06897e-01  6.00000e+00       1.723e+11  7.327934e-01 -1.148965e-01 -1.846714e-02  2.672066e-01
 6.20690e-01  6.00000e+00       2.038e+11  7.012040e-01  1.103279e-01  1.206219e-01  2.987960e-01
 1.03448e+00  6.00000e+00       2.530e+11  6.619570e-01  2.617808e-01  2.905077e-01  3.380430e-01
 1.44828e+00  6.00000e+00       2.858e+11  6.420307e-01  2.351179e-01  3.925958e-01  3.579693e-01
 1.86207e+00  6.00000e+00       2.980e+11  6.462710e-01  1.345451e-01  4.397746e-01  3.537290e-01
 2.27586e+00  6.00000e+00       3.393e+11  7.178819e-01  5.019716e-02  4.256929e-01  2.821181e-01
 2.68966e+00  6.00000e+00       4.512e+11  8.261545e-01 -6.356010e-03  2.685537e-01  1.738455e-01
 3.10345e+00  6.00000e+00       7.017e+11  8.814829e-01 -3.206406e-02 -2.547891e-02  1.185171e-01
 3.51724e+00  6.00000e+00       1.190e+12  8.698358e-01 -2.532128e-02 -3.049435e-01  1.301642e-01
 3.93103e+00  6.00000e+00       1.870e+12  8.324995e-01 -4.548714e-03 -4.803243e-01  1.675005e-01
 4.34483e+00  6.00000e+00       2.442e+12  7.873233e-01  1.107341e-02 -5.838317e-01  2.126767e-01
 4.75862e+00  6.00000e+00       2.582e+12  7.343392e-01  1.376357e-02 -6.587564e-01  2.656608e-01
 5.17241e+00  6.00000e+00       2.320e+12  6.754717e-01  7.170001e-03 -7.203178e-01  3.245283e-01
 5.58621e+00  6.00000e+00       1.978e+12  6.184541e-01  5.553753e-03 -7.667464e-01  3.815459e-01
 6.00000e+00  6.00000e+00       1.602e+12  5.748552e-01  1.331587e-02 -7.967835e-01  4.251448e-01
