 EB(GeV)    EMITTANCEx EMITTANCEy SIZEx(m)   SIZEy(m)   DIVx(rad)  DIVy(rad)
 1.500e+00  5.941e-09  5.941e-11  1.840e-04  1.299e-05  3.228e-05  4.574e-06
 betax      alphax     betay      alphay     eta        deta       E_spread  
 5.700e+00  0.000e+00  2.840e+00  0.000e+00  0.000e+00  0.000e+00  1.000e-03
 Ibeam(A) 
  2.000e-01


           x            y       F.Density            PL            PC          PL45        1-|PL|
          mm           mm  ph/s/mm^2/0.1%             -             -             -             -
-6.00000e+00 -6.00000e+00       1.914e+12  4.197975e-01  2.474099e-03 -8.883531e-01  5.802025e-01
-5.58621e+00 -6.00000e+00       1.970e+12  4.683792e-01  4.227125e-04 -8.568828e-01  5.316208e-01
-5.17241e+00 -6.00000e+00       1.710e+12  5.431989e-01 -3.359774e-03 -7.926677e-01  4.568011e-01
-4.75862e+00 -6.00000e+00       1.407e+12  6.461254e-01 -8.625420e-03 -6.840051e-01  3.538746e-01
-4.34483e+00 -6.00000e+00       1.157e+12  7.518174e-01 -2.327978e-02 -5.515201e-01  2.481826e-01
-3.93103e+00 -6.00000e+00       8.606e+11  8.225638e-01 -6.151922e-02 -4.395091e-01  1.774362e-01
-3.51724e+00 -6.00000e+00       5.254e+11  8.387584e-01 -1.146498e-01 -3.652093e-01  1.612416e-01
-3.10345e+00 -6.00000e+00       3.212e+11  8.268943e-01 -1.185775e-01 -2.804989e-01  1.731057e-01
-2.68966e+00 -6.00000e+00       2.800e+11  8.458283e-01 -4.386471e-02 -1.343081e-01  1.541717e-01
-2.27586e+00 -6.00000e+00       2.769e+11  8.180965e-01  3.364730e-02  4.271648e-02  1.819035e-01
-1.86207e+00 -6.00000e+00       2.562e+11  6.442870e-01  1.026586e-01  2.986924e-01  3.557130e-01
-1.44828e+00 -6.00000e+00       2.462e+11  2.273284e-01  1.543772e-01  5.660340e-01  7.726716e-01
-1.03448e+00 -6.00000e+00       2.707e+11 -2.865207e-01  2.150286e-01  6.519272e-01  7.134793e-01
-6.20690e-01 -6.00000e+00       3.096e+11 -6.179559e-01  2.556802e-01  4.929512e-01  3.820441e-01
-2.06897e-01 -6.00000e+00       3.311e+11 -7.584069e-01  2.570878e-01  1.481945e-01  2.415931e-01
 2.06897e-01 -6.00000e+00       3.393e+11 -7.151051e-01  2.372589e-01 -2.829030e-01  2.848949e-01
 6.20690e-01 -6.00000e+00       3.350e+11 -5.126847e-01  2.028379e-01 -6.262179e-01  4.873153e-01
 1.03448e+00 -6.00000e+00       2.988e+11 -2.243991e-01  1.572809e-01 -7.800635e-01  7.756009e-01
 1.44828e+00 -6.00000e+00       2.538e+11  1.565105e-01  1.375677e-01 -7.062936e-01  8.434895e-01
 1.86207e+00 -6.00000e+00       2.496e+11  5.379095e-01  1.567568e-01 -4.512542e-01  4.620905e-01
 2.27586e+00 -6.00000e+00       2.707e+11  7.320260e-01  1.323416e-01 -2.015114e-01  2.679740e-01
 2.68966e+00 -6.00000e+00       2.976e+11  8.129741e-01  4.543305e-02 -4.706980e-03  1.870259e-01
 3.10345e+00 -6.00000e+00       3.442e+11  8.627272e-01 -2.389626e-02  1.114621e-01  1.372728e-01
 3.51724e+00 -6.00000e+00       3.989e+11  8.726708e-01 -1.763992e-02  1.968859e-01  1.273292e-01
 3.93103e+00 -6.00000e+00       5.287e+11  8.183516e-01  2.117243e-02  3.684611e-01  1.816484e-01
 4.34483e+00 -6.00000e+00       8.800e+11  7.214509e-01  2.598338e-02  5.749617e-01  2.785491e-01
 4.75862e+00 -6.00000e+00       1.419e+12  6.314972e-01  1.123829e-02  7.108970e-01  3.685028e-01
 5.17241e+00 -6.00000e+00       1.844e+12  5.495227e-01 -6.197370e-04  7.965263e-01  4.504773e-01
 5.58621e+00 -6.00000e+00       1.965e+12  4.658632e-01 -5.623911e-03  8.586479e-01  5.341368e-01
 6.00000e+00 -6.00000e+00       1.853e+12  3.908018e-01 -5.943520e-03  9.003812e-01  6.091982e-01
-6.00000e+00 -5.58621e+00       1.833e+12  2.981191e-01  1.284277e-03 -9.330641e-01  7.018809e-01
-5.58621e+00 -5.58621e+00       1.642e+12  3.794809e-01 -1.140873e-03 -8.862966e-01  6.205191e-01
-5.17241e+00 -5.58621e+00       1.355e+12  4.927664e-01 -7.103996e-03 -8.056497e-01  5.072336e-01
-4.75862e+00 -5.58621e+00       1.066e+12  6.103012e-01 -2.995188e-02 -7.086621e-01  3.896988e-01
-4.34483e+00 -5.58621e+00       7.372e+11  6.886483e-01 -7.548073e-02 -6.268588e-01  3.113517e-01
-3.93103e+00 -5.58621e+00       4.549e+11  7.249861e-01 -1.065737e-01 -5.502390e-01  2.750139e-01
-3.51724e+00 -5.58621e+00       3.486e+11  7.736295e-01 -5.513827e-02 -4.058592e-01  2.263705e-01
-3.10345e+00 -5.58621e+00       3.658e+11  8.110512e-01  2.634046e-02 -1.389438e-01  1.889488e-01
-2.68966e+00 -5.58621e+00       4.203e+11  7.752578e-01  7.940345e-02  2.316811e-01  2.247422e-01
-2.27586e+00 -5.58621e+00       4.627e+11  6.799614e-01  8.917443e-02  5.451709e-01  3.200386e-01
-1.86207e+00 -5.58621e+00       4.266e+11  5.322748e-01  7.232533e-02  7.324888e-01  4.677252e-01
-1.44828e+00 -5.58621e+00       3.409e+11  2.622955e-01  8.573276e-02  8.370545e-01  7.377045e-01
-1.03448e+00 -5.58621e+00       3.020e+11 -1.481142e-01  1.654947e-01  8.088779e-01  8.518858e-01
-6.20690e-01 -5.58621e+00       3.154e+11 -5.101337e-01  2.325778e-01  5.911070e-01  4.898663e-01
-2.06897e-01 -5.58621e+00       3.328e+11 -7.164838e-01  2.495739e-01  2.204107e-01  2.835162e-01
 2.06897e-01 -5.58621e+00       3.380e+11 -7.279131e-01  2.363027e-01 -2.184976e-01  2.720869e-01
 6.20690e-01 -5.58621e+00       3.346e+11 -5.278672e-01  1.968401e-01 -5.886943e-01  4.721328e-01
 1.03448e+00 -5.58621e+00       3.420e+11 -1.446391e-01  1.265839e-01 -8.023865e-01  8.553609e-01
 1.44828e+00 -5.58621e+00       3.878e+11  2.696960e-01  6.708508e-02 -8.350491e-01  7.303040e-01
 1.86207e+00 -5.58621e+00       4.486e+11  5.462332e-01  5.526346e-02 -7.445634e-01  4.537668e-01
 2.27586e+00 -5.58621e+00       4.653e+11  7.060482e-01  6.388411e-02 -5.759511e-01  2.939518e-01
 2.68966e+00 -5.58621e+00       4.303e+11  8.035622e-01  7.498155e-02 -3.081133e-01  1.964378e-01
 3.10345e+00 -5.58621e+00       3.929e+11  8.446295e-01  7.431410e-02  1.566258e-02  1.553705e-01
 3.51724e+00 -5.58621e+00       3.849e+11  8.380543e-01  3.273250e-02  2.609383e-01  1.619457e-01
 3.93103e+00 -5.58621e+00       4.127e+11  8.104285e-01 -8.171434e-03  3.989745e-01  1.895715e-01
 4.34483e+00 -5.58621e+00       5.139e+11  7.280379e-01  2.753224e-03  5.383325e-01  2.719621e-01
 4.75862e+00 -5.58621e+00       8.161e+11  5.888523e-01  1.981431e-02  7.114342e-01  4.111477e-01
 5.17241e+00 -5.58621e+00       1.326e+12  4.709157e-01  1.407186e-02  8.281373e-01  5.290843e-01
 5.58621e+00 -5.58621e+00       1.743e+12  3.779864e-01  3.345378e-03  8.937320e-01  6.220136e-01
 6.00000e+00 -5.58621e+00       1.836e+12  2.914623e-01 -3.423587e-03  9.355548e-01  7.085377e-01
-6.00000e+00 -5.17241e+00       1.550e+12  2.048509e-01  7.253011e-04 -9.440548e-01  7.951491e-01
-5.58621e+00 -5.17241e+00       1.282e+12  3.186454e-01 -5.622994e-03 -8.906537e-01  6.813546e-01
-5.17241e+00 -5.17241e+00       9.794e+11  4.438086e-01 -3.164335e-02 -8.216663e-01  5.561914e-01
-4.75862e+00 -5.17241e+00       6.644e+11  5.361378e-01 -7.713783e-02 -7.562589e-01  4.638622e-01
-4.34483e+00 -5.17241e+00       4.409e+11  6.076514e-01 -8.746177e-02 -6.649640e-01  3.923486e-01
-3.93103e+00 -5.17241e+00       4.017e+11  7.220215e-01 -1.600597e-02 -4.523956e-01  2.779785e-01
-3.51724e+00 -5.17241e+00       4.779e+11  8.308061e-01  4.735723e-02 -1.415149e-01  1.691939e-01
-3.10345e+00 -5.17241e+00       5.464e+11  8.781377e-01  6.853333e-02  1.398298e-01  1.218623e-01
-2.68966e+00 -5.17241e+00       5.231e+11  8.583681e-01  7.800829e-02  3.532447e-01  1.416319e-01
-2.27586e+00 -5.17241e+00       4.376e+11  7.836370e-01  1.056633e-01  5.286529e-01  2.163630e-01
-1.86207e+00 -5.17241e+00       3.512e+11  6.888477e-01  1.280555e-01  6.542876e-01  3.111523e-01
-1.44828e+00 -5.17241e+00       2.805e+11  6.059350e-01  1.215728e-01  7.004222e-01  3.940650e-01
-1.03448e+00 -5.17241e+00       2.136e+11  5.385913e-01  9.078303e-02  6.246784e-01  4.614087e-01
-6.20690e-01 -5.17241e+00       1.514e+11  4.597917e-01 -4.801394e-02  3.689412e-01  5.402083e-01
-2.06897e-01 -5.17241e+00       1.198e+11  3.808617e-01 -2.920394e-01  8.747851e-03  6.191383e-01
 2.06897e-01 -5.17241e+00       1.150e+11  3.309768e-01 -3.152150e-01 -2.401713e-01  6.690232e-01
 6.20690e-01 -5.17241e+00       1.251e+11  2.399454e-01 -7.885275e-02 -4.349824e-01  7.600546e-01
 1.03448e+00 -5.17241e+00       1.630e+11  2.162231e-01  9.033006e-02 -6.180520e-01  7.837769e-01
 1.44828e+00 -5.17241e+00       2.558e+11  4.275080e-01  8.444050e-02 -6.792108e-01  5.724920e-01
 1.86207e+00 -5.17241e+00       4.060e+11  6.624217e-01  6.035511e-02 -6.251773e-01  3.375783e-01
 2.27586e+00 -5.17241e+00       5.439e+11  8.000221e-01  5.081021e-02 -5.224891e-01  1.999779e-01
 2.68966e+00 -5.17241e+00       5.988e+11  8.772238e-01  4.510460e-02 -3.815189e-01  1.227762e-01
 3.10345e+00 -5.17241e+00       5.697e+11  9.066154e-01  4.731642e-02 -1.860749e-01  9.338457e-02
 3.51724e+00 -5.17241e+00       4.999e+11  8.786663e-01  5.405390e-02  8.124221e-02  1.213337e-01
 3.93103e+00 -5.17241e+00       4.416e+11  8.067513e-01  4.262374e-02  3.557106e-01  1.932487e-01
 4.34483e+00 -5.17241e+00       4.283e+11  7.247642e-01  6.913807e-03  5.410064e-01  2.752358e-01
 4.75862e+00 -5.17241e+00       5.077e+11  6.029956e-01 -9.684788e-04  6.785466e-01  3.970044e-01
 5.17241e+00 -5.17241e+00       7.902e+11  4.311969e-01  1.456807e-02  8.180826e-01  5.688031e-01
 5.58621e+00 -5.17241e+00       1.264e+12  2.966183e-01  1.403802e-02  9.062624e-01  7.033817e-01
 6.00000e+00 -5.17241e+00       1.624e+12  1.991497e-01  5.080812e-03  9.505178e-01  8.008503e-01
-6.00000e+00 -4.75862e+00       1.206e+12  1.344113e-01 -2.941423e-03 -9.377272e-01  8.655887e-01
-5.58621e+00 -4.75862e+00       9.132e+11  2.641963e-01 -2.767956e-02 -8.924672e-01  7.358037e-01
-5.17241e+00 -4.75862e+00       6.241e+11  3.759332e-01 -7.210604e-02 -8.406115e-01  6.240668e-01
-4.75862e+00 -4.75862e+00       4.393e+11  4.877191e-01 -7.558022e-02 -7.430205e-01  5.122809e-01
-4.34483e+00 -4.75862e+00       4.358e+11  6.664452e-01 -2.689256e-03 -5.193071e-01  3.335548e-01
-3.93103e+00 -4.75862e+00       5.288e+11  8.266321e-01  4.898754e-02 -2.542587e-01  1.733679e-01
-3.51724e+00 -4.75862e+00       5.676e+11  9.128340e-01  6.775464e-02 -4.096734e-02  8.716600e-02
-3.10345e+00 -4.75862e+00       5.044e+11  9.410887e-01  8.514872e-02  1.176259e-01  5.891130e-02
-2.68966e+00 -4.75862e+00       4.110e+11  9.370196e-01  8.688682e-02  2.095162e-01  6.298044e-02
-2.27586e+00 -4.75862e+00       3.437e+11  9.165434e-01  2.025551e-02  2.133751e-01  8.345656e-02
-1.86207e+00 -4.75862e+00       3.023e+11  8.794842e-01 -5.749058e-02  1.520943e-01  1.205158e-01
-1.44828e+00 -4.75862e+00       2.464e+11  7.973375e-01 -2.836670e-02  5.715440e-02  2.026625e-01
-1.03448e+00 -4.75862e+00       1.690e+11  6.124690e-01  1.107056e-01 -5.668190e-02  3.875310e-01
-6.20690e-01 -4.75862e+00       1.135e+11  3.831715e-01  2.705703e-01 -1.909895e-01  6.168285e-01
-2.06897e-01 -4.75862e+00       9.790e+10  3.613761e-01  3.125722e-01 -3.608506e-01  6.386239e-01
 2.06897e-01 -4.75862e+00       1.159e+11  5.131601e-01  2.370236e-01 -4.716730e-01  4.868399e-01
 6.20690e-01 -4.75862e+00       1.545e+11  6.388287e-01  1.568086e-01 -4.326506e-01  3.611713e-01
 1.03448e+00 -4.75862e+00       1.835e+11  6.822745e-01  9.287103e-02 -2.994804e-01  3.177255e-01
 1.44828e+00 -4.75862e+00       1.865e+11  6.491285e-01  3.231206e-03 -1.876959e-01  3.508715e-01
 1.86207e+00 -4.75862e+00       2.020e+11  6.645581e-01 -4.941807e-02 -2.190868e-01  3.354419e-01
 2.27586e+00 -4.75862e+00       2.932e+11  8.094072e-01  8.928588e-03 -2.724012e-01  1.905928e-01
 2.68966e+00 -4.75862e+00       4.664e+11  9.196613e-01  4.492037e-02 -2.189285e-01  8.033866e-02
 3.10345e+00 -4.75862e+00       6.152e+11  9.597267e-01  4.363917e-02 -1.240985e-01  4.027332e-02
 3.51724e+00 -4.75862e+00       6.352e+11  9.499510e-01  3.996391e-02  6.312719e-03  5.004900e-02
 3.93103e+00 -4.75862e+00       5.573e+11  8.805623e-01  4.283527e-02  2.091277e-01  1.194377e-01
 4.34483e+00 -4.75862e+00       4.706e+11  7.575634e-01  3.822781e-02  4.573754e-01  2.424366e-01
 4.75862e+00 -4.75862e+00       4.312e+11  6.220293e-01  1.083419e-02  6.511935e-01  3.779707e-01
 5.17241e+00 -4.75862e+00       5.035e+11  4.504079e-01 -5.872212e-04  7.849316e-01  5.495921e-01
 5.58621e+00 -4.75862e+00       7.866e+11  2.527098e-01  1.253785e-02  8.910400e-01  7.472902e-01
 6.00000e+00 -4.75862e+00       1.214e+12  1.148592e-01  1.327986e-02  9.481445e-01  8.851408e-01
-6.00000e+00 -4.34483e+00       8.636e+11  7.802810e-02 -1.974244e-02 -9.241789e-01  9.219719e-01
-5.58621e+00 -4.34483e+00       5.989e+11  2.085830e-01 -6.320680e-02 -8.891195e-01  7.914170e-01
-5.17241e+00 -4.34483e+00       4.299e+11  3.523521e-01 -7.395157e-02 -8.062988e-01  6.476479e-01
-4.75862e+00 -4.34483e+00       4.296e+11  5.765469e-01 -5.527547e-03 -6.087606e-01  4.234531e-01
-4.34483e+00 -4.34483e+00       5.177e+11  7.758202e-01  4.654169e-02 -3.858833e-01  2.241798e-01
-3.93103e+00 -4.34483e+00       5.398e+11  8.916189e-01  6.773623e-02 -2.135403e-01  1.083811e-01
-3.51724e+00 -4.34483e+00       4.673e+11  9.449854e-01  8.007539e-02 -1.010693e-01  5.501455e-02
-3.10345e+00 -4.34483e+00       3.809e+11  9.492747e-01  6.155726e-02 -7.333961e-02  5.072532e-02
-2.68966e+00 -4.34483e+00       3.086e+11  9.097982e-01  2.080694e-02 -1.119108e-01  9.020179e-02
-2.27586e+00 -4.34483e+00       2.232e+11  8.271985e-01  1.314951e-02 -1.360851e-01  1.728015e-01
-1.86207e+00 -4.34483e+00       1.366e+11  6.730012e-01 -4.364163e-02 -7.234122e-02  3.269988e-01
-1.44828e+00 -4.34483e+00       8.312e+10  4.489581e-01 -3.079575e-01  1.038407e-01  5.510419e-01
-1.03448e+00 -4.34483e+00       5.920e+10  2.987332e-01 -5.968131e-01  2.429254e-01  7.012668e-01
-6.20690e-01 -4.34483e+00       5.064e+10  2.742500e-01 -7.047134e-01  2.366791e-01  7.257500e-01
-2.06897e-01 -4.34483e+00       5.133e+10  2.906878e-01 -7.092885e-01  1.391953e-01  7.093122e-01
 2.06897e-01 -4.34483e+00       5.930e+10  3.881764e-01 -6.471952e-01 -5.148625e-02  6.118236e-01
 6.20690e-01 -4.34483e+00       8.020e+10  5.845458e-01 -5.231890e-01 -2.559191e-01  4.154542e-01
 1.03448e+00 -4.34483e+00       1.182e+11  7.478175e-01 -3.886695e-01 -3.119223e-01  2.521825e-01
 1.44828e+00 -4.34483e+00       1.658e+11  8.436304e-01 -2.406704e-01 -2.186045e-01  1.563696e-01
 1.86207e+00 -4.34483e+00       2.075e+11  8.817077e-01 -9.484054e-02 -8.441933e-02  1.182923e-01
 2.27586e+00 -4.34483e+00       2.286e+11  8.695578e-01 -9.868729e-03 -1.110865e-02  1.304422e-01
 2.68966e+00 -4.34483e+00       2.650e+11  8.780916e-01  2.505170e-02 -7.484317e-03  1.219084e-01
 3.10345e+00 -4.34483e+00       3.899e+11  9.354758e-01  4.593597e-02  2.313101e-02  6.452416e-02
 3.51724e+00 -4.34483e+00       5.576e+11  9.613713e-01  4.624006e-02  9.386150e-02  3.862868e-02
 3.93103e+00 -4.34483e+00       6.202e+11  9.352081e-01  3.983050e-02  1.912766e-01  6.479188e-02
 4.34483e+00 -4.34483e+00       5.541e+11  8.404524e-01  3.848112e-02  3.513189e-01  1.595476e-01
 4.75862e+00 -4.34483e+00       4.583e+11  6.793711e-01  3.255457e-02  5.654155e-01  3.206289e-01
 5.17241e+00 -4.34483e+00       4.138e+11  4.948809e-01  8.061956e-03  7.432790e-01  5.051191e-01
 5.58621e+00 -4.34483e+00       5.017e+11  2.703170e-01  6.504461e-04  8.576042e-01  7.296830e-01
 6.00000e+00 -4.34483e+00       7.944e+11  6.201217e-02  1.287241e-02  9.265137e-01  9.379878e-01
-6.00000e+00 -3.93103e+00       5.805e+11  3.410904e-02 -5.081189e-02 -9.042194e-01  9.658910e-01
-5.58621e+00 -3.93103e+00       4.123e+11  1.964888e-01 -7.733006e-02 -8.515895e-01  8.035112e-01
-5.17241e+00 -3.93103e+00       3.923e+11  4.481447e-01 -1.998317e-02 -6.958055e-01  5.518553e-01
-4.75862e+00 -3.93103e+00       4.697e+11  6.885527e-01  4.011999e-02 -5.033751e-01  3.114473e-01
-4.34483e+00 -3.93103e+00       4.953e+11  8.342393e-01  6.533539e-02 -3.551994e-01  1.657607e-01
-3.93103e+00 -3.93103e+00       4.288e+11  9.038926e-01  7.663457e-02 -2.670462e-01  9.610740e-02
-3.51724e+00 -3.93103e+00       3.425e+11  9.049861e-01  6.375262e-02 -2.581895e-01  9.501389e-02
-3.10345e+00 -3.93103e+00       2.599e+11  8.553457e-01  3.770211e-02 -2.788805e-01  1.446543e-01
-2.68966e+00 -3.93103e+00       1.730e+11  7.894030e-01  7.744232e-06 -2.090797e-01  2.105970e-01
-2.27586e+00 -3.93103e+00       1.124e+11  7.343140e-01 -1.230341e-01  5.502521e-02  2.656860e-01
-1.86207e+00 -3.93103e+00       9.679e+10  6.722749e-01 -2.281927e-01  3.962707e-01  3.277251e-01
-1.44828e+00 -3.93103e+00       1.102e+11  5.185370e-01 -1.928327e-01  6.114193e-01  4.814630e-01
-1.03448e+00 -3.93103e+00       1.387e+11  2.516441e-01 -1.631470e-01  6.992572e-01  7.483559e-01
-6.20690e-01 -3.93103e+00       1.722e+11 -8.040042e-02 -1.980022e-01  5.874370e-01  9.195996e-01
-2.06897e-01 -3.93103e+00       1.973e+11 -3.194470e-01 -2.279057e-01  2.014060e-01  6.805530e-01
 2.06897e-01 -3.93103e+00       2.164e+11 -2.189476e-01 -1.840036e-01 -2.950710e-01  7.810524e-01
 6.20690e-01 -3.93103e+00       2.391e+11  2.011977e-01 -1.092519e-01 -5.476792e-01  7.988023e-01
 1.03448e+00 -3.93103e+00       2.569e+11  5.959152e-01 -8.665032e-02 -5.241055e-01  4.040848e-01
 1.44828e+00 -3.93103e+00       2.449e+11  7.941028e-01 -1.111360e-01 -4.233609e-01  2.058972e-01
 1.86207e+00 -3.93103e+00       2.138e+11  8.702021e-01 -1.452813e-01 -2.675886e-01  1.297979e-01
 2.27586e+00 -3.93103e+00       2.102e+11  9.023108e-01 -1.282203e-01 -2.980512e-02  9.768925e-02
 2.68966e+00 -3.93103e+00       2.319e+11  8.986746e-01 -5.121745e-02  1.362338e-01  1.013254e-01
 3.10345e+00 -3.93103e+00       2.629e+11  8.922699e-01  1.965686e-02  1.830291e-01  1.077301e-01
 3.51724e+00 -3.93103e+00       3.559e+11  9.181946e-01  5.224396e-02  2.038768e-01  8.180537e-02
 3.93103e+00 -3.93103e+00       5.025e+11  9.284540e-01  5.063070e-02  2.574790e-01  7.154596e-02
 4.34483e+00 -3.93103e+00       5.660e+11  8.864500e-01  4.141348e-02  3.398809e-01  1.135500e-01
 4.75862e+00 -3.93103e+00       5.040e+11  7.657500e-01  3.670848e-02  4.796945e-01  2.342500e-01
 5.17241e+00 -3.93103e+00       4.118e+11  5.695903e-01  2.612659e-02  6.661097e-01  4.304097e-01
 5.58621e+00 -3.93103e+00       3.831e+11  3.339068e-01  2.311636e-03  8.141618e-01  6.660932e-01
 6.00000e+00 -3.93103e+00       5.064e+11  6.636856e-02  3.284498e-03  8.920566e-01  9.336314e-01
-6.00000e+00 -3.51724e+00       3.753e+11 -3.845952e-02  1.024967e-03 -8.612607e-01  9.615405e-01
-5.58621e+00 -3.51724e+00       3.253e+11  2.551037e-01 -5.945076e-03 -7.484912e-01  7.448963e-01
-5.17241e+00 -3.51724e+00       3.944e+11  5.617445e-01  3.276786e-02 -5.891803e-01  4.382555e-01
-4.75862e+00 -3.51724e+00       4.401e+11  7.541921e-01  5.701955e-02 -4.580395e-01  2.458079e-01
-4.34483e+00 -3.51724e+00       3.945e+11  8.483028e-01  7.255407e-02 -3.795632e-01  1.516972e-01
-3.93103e+00 -3.51724e+00       3.114e+11  8.569710e-01  7.114257e-02 -3.686472e-01  1.430290e-01
-3.51724e+00 -3.51724e+00       2.317e+11  8.148515e-01  4.958982e-02 -3.700918e-01  1.851485e-01
-3.10345e+00 -3.51724e+00       1.721e+11  8.071821e-01  1.145460e-03 -2.259606e-01  1.928179e-01
-2.68966e+00 -3.51724e+00       2.113e+11  8.908102e-01 -5.832461e-02  1.156567e-01  1.091898e-01
-2.27586e+00 -3.51724e+00       4.746e+11  9.180224e-01 -5.437848e-02  3.070946e-01  8.197755e-02
-1.86207e+00 -3.51724e+00       9.572e+11  8.906761e-01 -4.383614e-02  3.978007e-01  1.093239e-01
-1.44828e+00 -3.51724e+00       1.290e+12  8.429326e-01 -2.361154e-02  4.724165e-01  1.570674e-01
-1.03448e+00 -3.51724e+00       1.122e+12  7.683969e-01  2.848342e-02  5.284832e-01  2.316031e-01
-6.20690e-01 -3.51724e+00       6.873e+11  6.480700e-01  1.370342e-01  4.873792e-01  3.519300e-01
-2.06897e-01 -3.51724e+00       4.136e+11  5.155086e-01  2.670745e-01  1.184139e-01  4.844914e-01
 2.06897e-01 -3.51724e+00       4.321e+11  5.518519e-01  2.144214e-01 -4.234758e-01  4.481481e-01
 6.20690e-01 -3.51724e+00       7.302e+11  6.873465e-01  6.132946e-02 -5.812731e-01  3.126535e-01
 1.03448e+00 -3.51724e+00       1.193e+12  7.877141e-01 -2.608205e-02 -5.407711e-01  2.122859e-01
 1.44828e+00 -3.51724e+00       1.420e+12  8.533649e-01 -5.618529e-02 -4.618290e-01  1.466351e-01
 1.86207e+00 -3.51724e+00       1.135e+12  8.999748e-01 -5.996059e-02 -3.680682e-01  1.000252e-01
 2.27586e+00 -3.51724e+00       6.504e+11  9.341970e-01 -6.249706e-02 -2.411595e-01  6.580300e-02
 2.68966e+00 -3.51724e+00       3.479e+11  9.410031e-01 -7.490017e-02 -3.789149e-02  5.899692e-02
 3.10345e+00 -3.51724e+00       2.539e+11  9.027811e-01 -4.862073e-02  1.969308e-01  9.721887e-02
 3.51724e+00 -3.51724e+00       2.593e+11  8.757301e-01  1.922953e-02  3.010440e-01  1.242699e-01
 3.93103e+00 -3.51724e+00       3.396e+11  8.888073e-01  5.642957e-02  3.294376e-01  1.111927e-01
 4.34483e+00 -3.51724e+00       4.584e+11  8.850761e-01  5.212388e-02  3.737572e-01  1.149239e-01
 4.75862e+00 -3.51724e+00       4.952e+11  8.176535e-01  3.969362e-02  4.541005e-01  1.823465e-01
 5.17241e+00 -3.51724e+00       4.399e+11  6.551701e-01  3.219943e-02  5.989812e-01  3.448299e-01
 5.58621e+00 -3.51724e+00       3.865e+11  4.255725e-01  2.141099e-02  7.660163e-01  5.744275e-01
 6.00000e+00 -3.51724e+00       4.213e+11  1.431742e-01  1.122942e-02  8.667406e-01  8.568258e-01
-6.00000e+00 -3.10345e+00       2.863e+11  6.392035e-02  3.561494e-03 -7.991331e-01  9.360797e-01
-5.58621e+00 -3.10345e+00       3.225e+11  4.162199e-01  3.397396e-02 -6.686734e-01  5.837801e-01
-5.17241e+00 -3.10345e+00       3.829e+11  6.513204e-01  6.249640e-02 -5.415704e-01  3.486796e-01
-4.75862e+00 -3.10345e+00       3.623e+11  7.822795e-01  7.191828e-02 -4.532516e-01  2.177205e-01
-4.34483e+00 -3.10345e+00       2.897e+11  8.205738e-01  7.367876e-02 -4.276255e-01  1.794262e-01
-3.93103e+00 -3.10345e+00       2.209e+11  7.951153e-01  6.048464e-02 -4.205694e-01  2.048847e-01
-3.51724e+00 -3.10345e+00       2.118e+11  8.440701e-01  1.743482e-02 -2.530183e-01  1.559299e-01
-3.10345e+00 -3.10345e+00       4.367e+11  9.610718e-01 -9.603998e-03 -2.724686e-02  3.892823e-02
-2.68966e+00 -3.10345e+00       1.060e+12  9.895246e-01 -3.484215e-03  4.496092e-02  1.047536e-02
-2.27586e+00 -3.10345e+00       1.687e+12  9.898016e-01  6.330449e-03  8.067553e-02  1.019844e-02
-1.86207e+00 -3.10345e+00       1.576e+12  9.830514e-01  2.235089e-02  1.138244e-01  1.694862e-02
-1.44828e+00 -3.10345e+00       9.171e+11  9.674740e-01  5.369025e-02  1.480802e-01  3.252597e-02
-1.03448e+00 -3.10345e+00       4.564e+11  9.438224e-01  9.744438e-02  1.545064e-01  5.617759e-02
-6.20690e-01 -3.10345e+00       3.172e+11  9.371540e-01  8.367261e-02  9.928697e-02  6.284602e-02
-2.06897e-01 -3.10345e+00       2.835e+11  9.401094e-01  2.468815e-02  6.561059e-02  5.989056e-02
 2.06897e-01 -3.10345e+00       2.608e+11  9.351727e-01  2.740332e-03  5.808103e-02  6.482735e-02
 6.20690e-01 -3.10345e+00       2.707e+11  9.326258e-01  1.631870e-02  1.843787e-03  6.737424e-02
 1.03448e+00 -3.10345e+00       4.468e+11  9.565030e-01 -1.180348e-05 -8.941812e-02  4.349697e-02
 1.44828e+00 -3.10345e+00       9.831e+11  9.795653e-01 -2.026766e-02 -1.108702e-01  2.043475e-02
 1.86207e+00 -3.10345e+00       1.700e+12  9.884098e-01 -2.792615e-02 -9.799724e-02  1.159016e-02
 2.27586e+00 -3.10345e+00       1.858e+12  9.913187e-01 -3.239931e-02 -7.400779e-02  8.681319e-03
 2.68966e+00 -3.10345e+00       1.248e+12  9.898532e-01 -3.755127e-02 -3.375887e-02  1.014680e-02
 3.10345e+00 -3.10345e+00       5.861e+11  9.717704e-01 -4.601257e-02  5.680114e-02  2.822958e-02
 3.51724e+00 -3.10345e+00       2.979e+11  9.080228e-01 -3.161445e-02  2.430745e-01  9.197719e-02
 3.93103e+00 -3.10345e+00       2.575e+11  8.574895e-01  3.018673e-02  3.734211e-01  1.425105e-01
 4.34483e+00 -3.10345e+00       3.298e+11  8.594796e-01  5.998291e-02  4.105332e-01  1.405204e-01
 4.75862e+00 -3.10345e+00       4.226e+11  8.328431e-01  5.281868e-02  4.597015e-01  1.671569e-01
 5.17241e+00 -3.10345e+00       4.303e+11  7.313314e-01  4.449519e-02  5.484674e-01  2.686686e-01
 5.58621e+00 -3.10345e+00       3.638e+11  5.364555e-01  4.025047e-02  6.838932e-01  4.635445e-01
 6.00000e+00 -3.10345e+00       3.210e+11  2.470026e-01  2.644200e-02  8.109191e-01  7.529974e-01
-6.00000e+00 -2.68966e+00       2.379e+11  2.453289e-01 -8.976517e-04 -6.916184e-01  7.546711e-01
-5.58621e+00 -2.68966e+00       3.110e+11  5.393606e-01  5.207006e-02 -5.970498e-01  4.606394e-01
-5.17241e+00 -2.68966e+00       3.308e+11  7.090449e-01  7.633214e-02 -5.053778e-01  2.909551e-01
-4.75862e+00 -2.68966e+00       2.767e+11  7.882288e-01  7.833147e-02 -4.569508e-01  2.117712e-01
-4.34483e+00 -2.68966e+00       2.150e+11  7.883144e-01  6.876509e-02 -4.478776e-01  2.116856e-01
-3.93103e+00 -2.68966e+00       2.275e+11  8.430551e-01  3.469966e-02 -3.244065e-01  1.569449e-01
-3.51724e+00 -2.68966e+00       5.208e+11  9.572018e-01  8.912811e-03 -1.609015e-01  4.279822e-02
-3.10345e+00 -2.68966e+00       1.244e+12  9.874767e-01  9.659149e-03 -1.137586e-01  1.252335e-02
-2.68966e+00 -2.68966e+00       1.842e+12  9.926588e-01  1.485356e-02 -9.296775e-02  7.341157e-03
-2.27586e+00 -2.68966e+00       1.608e+12  9.933465e-01  2.519114e-02 -7.458780e-02  6.653530e-03
-1.86207e+00 -2.68966e+00       1.044e+12  9.909411e-01  4.713874e-02 -6.026463e-02  9.058946e-03
-1.44828e+00 -2.68966e+00       9.789e+11  9.886363e-01  6.583454e-02 -6.417619e-02  1.136365e-02
-1.03448e+00 -2.68966e+00       1.399e+12  9.906794e-01  5.600001e-02 -6.573091e-02  9.320626e-03
-6.20690e-01 -2.68966e+00       1.820e+12  9.931759e-01  3.489216e-02 -4.584535e-02  6.824064e-03
-2.06897e-01 -2.68966e+00       1.946e+12  9.942414e-01  1.679966e-02 -2.757480e-03  5.758606e-03
 2.06897e-01 -2.68966e+00       1.807e+12  9.922623e-01  1.279607e-02  5.474857e-02  7.737662e-03
 6.20690e-01 -2.68966e+00       1.440e+12  9.863829e-01  2.402200e-02  1.098580e-01  1.361714e-02
 1.03448e+00 -2.68966e+00       9.246e+11  9.765000e-01  3.921283e-02  1.522176e-01  2.350002e-02
 1.44828e+00 -2.68966e+00       5.990e+11  9.692938e-01  2.717939e-02  1.539751e-01  3.070618e-02
 1.86207e+00 -2.68966e+00       8.511e+11  9.830000e-01 -1.332570e-02  1.029939e-01  1.699995e-02
 2.27586e+00 -2.68966e+00       1.592e+12  9.913551e-01 -2.352597e-02  8.976222e-02  8.644911e-03
 2.68966e+00 -2.68966e+00       1.954e+12  9.923026e-01 -2.610108e-02  9.568169e-02  7.697415e-03
 3.10345e+00 -2.68966e+00       1.409e+12  9.882319e-01 -2.978265e-02  1.139102e-01  1.176806e-02
 3.51724e+00 -2.68966e+00       6.566e+11  9.670309e-01 -3.406912e-02  1.688850e-01  3.296907e-02
 3.93103e+00 -2.68966e+00       3.019e+11  8.982627e-01 -1.227105e-02  3.085268e-01  1.017373e-01
 4.34483e+00 -2.68966e+00       2.527e+11  8.454702e-01  4.608352e-02  4.207632e-01  1.545298e-01
 4.75862e+00 -2.68966e+00       3.235e+11  8.342537e-01  6.140400e-02  4.628978e-01  1.657463e-01
 5.17241e+00 -2.68966e+00       3.800e+11  7.773994e-01  5.169253e-02  5.200947e-01  2.226006e-01
 5.58621e+00 -2.68966e+00       3.469e+11  6.366848e-01  4.333082e-02  6.191662e-01  3.633152e-01
 6.00000e+00 -2.68966e+00       2.794e+11  4.072815e-01  3.153309e-02  7.440977e-01  5.927185e-01
-6.00000e+00 -2.27586e+00       2.344e+11  3.903032e-01 -1.189041e-02 -6.246829e-01  6.096968e-01
-5.58621e+00 -2.27586e+00       2.784e+11  6.269864e-01  6.326125e-02 -5.255693e-01  3.730136e-01
-5.17241e+00 -2.27586e+00       2.618e+11  7.612018e-01  7.095555e-02 -4.564269e-01  2.387982e-01
-4.75862e+00 -2.27586e+00       2.105e+11  7.978722e-01  6.525281e-02 -4.429482e-01  2.021278e-01
-4.34483e+00 -2.27586e+00       2.054e+11  8.264003e-01  4.875191e-02 -3.841547e-01  1.735997e-01
-3.93103e+00 -2.27586e+00       4.326e+11  9.334110e-01  1.967079e-02 -2.460690e-01  6.658904e-02
-3.51724e+00 -2.27586e+00       1.097e+12  9.731370e-01  1.424428e-02 -1.994983e-01  2.686299e-02
-3.10345e+00 -2.27586e+00       1.779e+12  9.807651e-01  1.614655e-02 -1.847937e-01  1.923488e-02
-2.68966e+00 -2.27586e+00       1.733e+12  9.827071e-01  2.234491e-02 -1.749828e-01  1.729288e-02
-2.27586e+00 -2.27586e+00       1.403e+12  9.821489e-01  3.401410e-02 -1.698653e-01  1.785111e-02
-1.86207e+00 -2.27586e+00       1.961e+12  9.838010e-01  3.170156e-02 -1.571073e-01  1.619901e-02
-1.44828e+00 -2.27586e+00       4.675e+12  9.898405e-01  1.914099e-02 -1.232428e-01  1.015954e-02
-1.03448e+00 -2.27586e+00       1.134e+13  9.942151e-01  1.017296e-02 -8.982904e-02  5.784904e-03
-6.20690e-01 -2.27586e+00       2.141e+13  9.966396e-01  2.931706e-03 -5.811803e-02  3.360444e-03
-2.06897e-01 -2.27586e+00       2.926e+13  9.978978e-01 -2.941709e-03 -2.352291e-02  2.102188e-03
 2.06897e-01 -2.27586e+00       2.882e+13  9.979875e-01 -7.057871e-03  1.343835e-02  2.012541e-03
 6.20690e-01 -2.27586e+00       2.031e+13  9.967513e-01 -9.474210e-03  5.039938e-02  3.248665e-03
 1.03448e+00 -2.27586e+00       1.010e+13  9.937615e-01 -1.032701e-02  8.802188e-02  6.238473e-03
 1.44828e+00 -2.27586e+00       3.641e+12  9.870136e-01 -8.696807e-03  1.341933e-01  1.298640e-02
 1.86207e+00 -2.27586e+00       1.226e+12  9.739298e-01 -4.790962e-03  1.927993e-01  2.607020e-02
 2.27586e+00 -2.27586e+00       9.906e+11  9.731864e-01 -1.392268e-02  1.978501e-01  2.681359e-02
 2.68966e+00 -2.27586e+00       1.608e+12  9.800415e-01 -2.091489e-02  1.816629e-01  1.995851e-02
 3.10345e+00 -2.27586e+00       1.848e+12  9.809305e-01 -2.347075e-02  1.820421e-01  1.906952e-02
 3.51724e+00 -2.27586e+00       1.234e+12  9.759342e-01 -2.684213e-02  1.948635e-01  2.406578e-02
 3.93103e+00 -2.27586e+00       5.386e+11  9.498515e-01 -2.636003e-02  2.450175e-01  5.014847e-02
 4.34483e+00 -2.27586e+00       2.581e+11  8.812156e-01  1.030064e-02  3.643481e-01  1.187844e-01
 4.75862e+00 -2.27586e+00       2.460e+11  8.455639e-01  5.557985e-02  4.412554e-01  1.544361e-01
 5.17241e+00 -2.27586e+00       3.065e+11  8.155557e-01  5.542398e-02  4.835156e-01  1.844443e-01
 5.58621e+00 -2.27586e+00       3.120e+11  7.148244e-01  4.198652e-02  5.561148e-01  2.851756e-01
 6.00000e+00 -2.27586e+00       2.516e+11  5.238255e-01  1.908773e-02  6.708837e-01  4.761745e-01
-6.00000e+00 -1.86207e+00       1.939e+11  5.579095e-01  5.322018e-03 -5.256010e-01  4.420905e-01
-5.58621e+00 -1.86207e+00       2.271e+11  7.592450e-01  1.564863e-02 -4.403283e-01  2.407550e-01
-5.17241e+00 -1.86207e+00       2.104e+11  8.239985e-01  3.286173e-02 -4.240337e-01  1.760015e-01
-4.75862e+00 -1.86207e+00       1.813e+11  8.311026e-01  5.438717e-02 -4.081051e-01  1.688974e-01
-4.34483e+00 -1.86207e+00       2.850e+11  9.039888e-01  3.298561e-02 -3.000212e-01  9.601122e-02
-3.93103e+00 -1.86207e+00       7.710e+11  9.605999e-01  1.749167e-02 -2.371587e-01  3.940006e-02
-3.51724e+00 -1.86207e+00       1.522e+12  9.726846e-01  1.609929e-02 -2.221417e-01  2.731542e-02
-3.10345e+00 -1.86207e+00       1.810e+12  9.752888e-01  1.836218e-02 -2.156003e-01  2.471125e-02
-2.68966e+00 -1.86207e+00       1.804e+12  9.758854e-01  2.302424e-02 -2.106293e-01  2.411460e-02
-2.27586e+00 -1.86207e+00       3.666e+12  9.788194e-01  1.652008e-02 -1.969158e-01  2.118059e-02
-1.86207e+00 -1.86207e+00       1.133e+13  9.829127e-01  5.614000e-03 -1.779168e-01  1.708733e-02
-1.44828e+00 -1.86207e+00       2.750e+13  9.865272e-01 -2.566754e-03 -1.563861e-01  1.347282e-02
-1.03448e+00 -1.86207e+00       4.663e+13  9.902559e-01 -8.521428e-03 -1.277397e-01  9.744136e-03
-6.20690e-01 -1.86207e+00       5.869e+13  9.940094e-01 -1.192600e-02 -8.775749e-02  5.990568e-03
-2.06897e-01 -1.86207e+00       6.224e+13  9.967718e-01 -1.291217e-02 -3.463635e-02  3.228237e-03
 2.06897e-01 -1.86207e+00       6.250e+13  9.971337e-01 -1.319489e-02  2.448007e-02  2.866284e-03
 6.20690e-01 -1.86207e+00       5.893e+13  9.950607e-01 -1.465677e-02  7.592987e-02  4.939335e-03
 1.03448e+00 -1.86207e+00       4.598e+13  9.918277e-01 -1.724415e-02  1.145300e-01  8.172347e-03
 1.44828e+00 -1.86207e+00       2.600e+13  9.882551e-01 -1.997541e-02  1.435809e-01  1.174489e-02
 1.86207e+00 -1.86207e+00       9.849e+12  9.840552e-01 -2.188080e-02  1.687096e-01  1.594482e-02
 2.27586e+00 -1.86207e+00       2.695e+12  9.771724e-01 -2.133581e-02  1.984794e-01  2.282756e-02
 2.68966e+00 -1.86207e+00       1.324e+12  9.717337e-01 -1.810995e-02  2.202241e-01  2.826634e-02
 3.10345e+00 -1.86207e+00       1.677e+12  9.745365e-01 -1.850596e-02  2.147082e-01  2.546350e-02
 3.51724e+00 -1.86207e+00       1.584e+12  9.743283e-01 -2.033487e-02  2.157038e-01  2.567173e-02
 3.93103e+00 -1.86207e+00       8.795e+11  9.664398e-01 -2.210528e-02  2.313460e-01  3.356021e-02
 4.34483e+00 -1.86207e+00       3.585e+11  9.312971e-01 -9.058323e-03  2.926800e-01  6.870288e-02
 4.75862e+00 -1.86207e+00       2.170e+11  8.799438e-01  3.813029e-02  3.853169e-01  1.200562e-01
 5.17241e+00 -1.86207e+00       2.352e+11  8.656612e-01  4.852127e-02  4.211805e-01  1.343388e-01
 5.58621e+00 -1.86207e+00       2.468e+11  8.176030e-01  3.749633e-02  4.568066e-01  1.823970e-01
 6.00000e+00 -1.86207e+00       1.970e+11  6.550443e-01  2.645808e-02  5.346213e-01  3.449557e-01
-6.00000e+00 -1.44828e+00       1.958e+11  7.048244e-01  2.100200e-02 -4.831737e-01  2.951756e-01
-5.58621e+00 -1.44828e+00       2.170e+11  8.060202e-01  7.350205e-02 -4.240810e-01  1.939798e-01
-5.17241e+00 -1.44828e+00       1.792e+11  8.486682e-01  8.907708e-02 -3.760815e-01  1.513318e-01
-4.75862e+00 -1.44828e+00       1.796e+11  8.829121e-01  5.642939e-02 -3.210552e-01  1.170879e-01
-4.34483e+00 -1.44828e+00       4.257e+11  9.493613e-01  2.150984e-02 -2.451906e-01  5.063873e-02
-3.93103e+00 -1.44828e+00       1.071e+12  9.710963e-01  1.568559e-02 -2.220317e-01  2.890370e-02
-3.51724e+00 -1.44828e+00       1.676e+12  9.752061e-01  1.528742e-02 -2.162435e-01  2.479393e-02
-3.10345e+00 -1.44828e+00       1.870e+12  9.758497e-01  1.644702e-02 -2.140920e-01  2.415027e-02
-2.68966e+00 -1.44828e+00       3.340e+12  9.771086e-01  1.173951e-02 -2.081348e-01  2.289139e-02
-2.27586e+00 -1.44828e+00       9.916e+12  9.795523e-01  2.523064e-03 -1.977483e-01  2.044773e-02
-1.86207e+00 -1.44828e+00       2.281e+13  9.818990e-01 -4.514731e-03 -1.860409e-01  1.810105e-02
-1.44828e+00 -1.44828e+00       3.327e+13  9.844611e-01 -9.696348e-03 -1.713216e-01  1.553893e-02
-1.03448e+00 -1.44828e+00       3.076e+13  9.874066e-01 -1.285414e-02 -1.519110e-01  1.259339e-02
-6.20690e-01 -1.44828e+00       1.930e+13  9.908229e-01 -1.290414e-02 -1.226778e-01  9.177149e-03
-2.06897e-01 -1.44828e+00       1.073e+13  9.945376e-01 -6.288095e-03 -5.670222e-02  5.462362e-03
 2.06897e-01 -1.44828e+00       1.109e+13  9.949567e-01  2.373666e-03  5.723912e-02  5.043253e-03
 6.20690e-01 -1.44828e+00       2.040e+13  9.920621e-01 -8.193281e-04  1.153341e-01  7.937891e-03
 1.03448e+00 -1.44828e+00       3.209e+13  9.892611e-01 -6.981740e-03  1.406085e-01  1.073889e-02
 1.44828e+00 -1.44828e+00       3.362e+13  9.867101e-01 -1.261744e-02  1.581327e-01  1.328993e-02
 1.86207e+00 -1.44828e+00       2.186e+13  9.842506e-01 -1.733171e-02  1.726411e-01  1.574942e-02
 2.27586e+00 -1.44828e+00       8.633e+12  9.814540e-01 -2.086090e-02  1.865754e-01  1.854603e-02
 2.68966e+00 -1.44828e+00       2.488e+12  9.772388e-01 -2.142714e-02  2.034661e-01  2.276117e-02
 3.10345e+00 -1.44828e+00       1.501e+12  9.758845e-01 -1.675396e-02  2.091484e-01  2.411549e-02
 3.51724e+00 -1.44828e+00       1.624e+12  9.772798e-01 -1.621119e-02  2.054021e-01  2.272016e-02
 3.93103e+00 -1.44828e+00       1.153e+12  9.753527e-01 -1.764001e-02  2.093408e-01  2.464732e-02
 4.34483e+00 -1.44828e+00       5.092e+11  9.618687e-01 -1.466874e-02  2.352078e-01  3.813129e-02
 4.75862e+00 -1.44828e+00       2.313e+11  9.207811e-01  2.076593e-02  3.131142e-01  7.921894e-02
 5.17241e+00 -1.44828e+00       2.188e+11  8.931331e-01  5.678232e-02  3.721008e-01  1.068669e-01
 5.58621e+00 -1.44828e+00       2.435e+11  8.618449e-01  4.781767e-02  4.100394e-01  1.381551e-01
 6.00000e+00 -1.44828e+00       2.094e+11  7.797367e-01  3.203929e-02  4.824299e-01  2.202633e-01
-6.00000e+00 -1.03448e+00       1.523e+11  8.585726e-01 -5.343781e-03 -2.955656e-01  1.414274e-01
-5.58621e+00 -1.03448e+00       1.685e+11  9.113035e-01 -8.034317e-03 -2.837423e-01  8.869654e-02
-5.17241e+00 -1.03448e+00       1.512e+11  9.196022e-01  1.336257e-02 -2.910170e-01  8.039783e-02
-4.75862e+00 -1.03448e+00       2.109e+11  9.434727e-01  2.486374e-02 -2.409766e-01  5.652730e-02
-4.34483e+00 -1.03448e+00       5.724e+11  9.735316e-01  1.545709e-02 -1.947879e-01  2.646840e-02
-3.93103e+00 -1.03448e+00       1.252e+12  9.811786e-01  1.261569e-02 -1.846759e-01  1.882143e-02
-3.51724e+00 -1.03448e+00       1.717e+12  9.824221e-01  1.207355e-02 -1.830346e-01  1.757786e-02
-3.10345e+00 -1.03448e+00       2.314e+12  9.825447e-01  9.391365e-03 -1.824910e-01  1.745527e-02
-2.68966e+00 -1.03448e+00       5.862e+12  9.836990e-01  2.051739e-03 -1.771060e-01  1.630104e-02
-2.27586e+00 -1.03448e+00       1.484e+13  9.849748e-01 -3.871372e-03 -1.705461e-01  1.502518e-02
-1.86207e+00 -1.03448e+00       2.382e+13  9.862214e-01 -8.320000e-03 -1.631722e-01  1.377858e-02
-1.44828e+00 -1.03448e+00       2.261e+13  9.876352e-01 -1.171447e-02 -1.538653e-01  1.236476e-02
-1.03448e+00 -1.03448e+00       1.312e+13  9.895473e-01 -1.378509e-02 -1.387516e-01  1.045269e-02
-6.20690e-01 -1.03448e+00       5.857e+12  9.931965e-01 -1.289578e-02 -9.916866e-02  6.803548e-03
-2.06897e-01 -1.03448e+00       3.687e+12  9.976455e-01 -8.942238e-03 -2.839257e-02  2.354504e-03
 2.06897e-01 -1.03448e+00       3.767e+12  9.976298e-01 -5.638915e-03  3.113673e-02  2.370165e-03
 6.20690e-01 -1.03448e+00       6.262e+12  9.937992e-01 -1.120488e-03  9.587424e-02  6.200759e-03
 1.03448e+00 -1.03448e+00       1.413e+13  9.910149e-01 -2.556867e-03  1.290249e-01  8.985149e-03
 1.44828e+00 -1.03448e+00       2.375e+13  9.895543e-01 -7.170167e-03  1.414618e-01  1.044571e-02
 1.86207e+00 -1.03448e+00       2.391e+13  9.883595e-01 -1.178649e-02  1.496471e-01  1.164049e-02
 2.27586e+00 -1.03448e+00       1.385e+13  9.871180e-01 -1.572128e-02  1.571035e-01  1.288203e-02
 2.68966e+00 -1.03448e+00       4.822e+12  9.854687e-01 -1.842491e-02  1.654014e-01  1.453130e-02
 3.10345e+00 -1.03448e+00       1.737e+12  9.838563e-01 -1.646506e-02  1.717891e-01  1.614372e-02
 3.51724e+00 -1.03448e+00       1.543e+12  9.848218e-01 -1.298820e-02  1.677727e-01  1.517822e-02
 3.93103e+00 -1.03448e+00       1.290e+12  9.847620e-01 -1.310246e-02  1.673833e-01  1.523801e-02
 4.34483e+00 -1.03448e+00       6.535e+11  9.804766e-01 -1.204300e-02  1.777406e-01  1.952338e-02
 4.75862e+00 -1.03448e+00       2.606e+11  9.637309e-01  2.628417e-03  2.169515e-01  3.626907e-02
 5.17241e+00 -1.03448e+00       1.728e+11  9.465021e-01  2.572250e-02  2.639773e-01  5.349790e-02
 5.58621e+00 -1.03448e+00       1.851e+11  9.372256e-01  2.645188e-02  2.846635e-01  6.277440e-02
 6.00000e+00 -1.03448e+00       1.670e+11  8.982949e-01  2.843956e-02  3.160776e-01  1.017051e-01
-6.00000e+00 -6.20690e-01       1.503e+11  9.260327e-01  5.207494e-02 -2.084821e-01  7.396733e-02
-5.58621e+00 -6.20690e-01       1.517e+11  9.571147e-01  3.919225e-02 -1.688744e-01  4.288532e-02
-5.17241e+00 -6.20690e-01       1.333e+11  9.647320e-01  1.868037e-02 -1.688711e-01  3.526801e-02
-4.75862e+00 -6.20690e-01       2.367e+11  9.788507e-01  9.586848e-03 -1.486752e-01  2.114933e-02
-4.34483e+00 -6.20690e-01       6.762e+11  9.891242e-01  9.417871e-03 -1.299335e-01  1.087576e-02
-3.93103e+00 -6.20690e-01       1.342e+12  9.913372e-01  9.126794e-03 -1.260408e-01  8.662788e-03
-3.51724e+00 -6.20690e-01       1.771e+12  9.914860e-01  7.473029e-03 -1.268235e-01  8.513981e-03
-3.10345e+00 -6.20690e-01       2.926e+12  9.916192e-01  2.104526e-03 -1.263232e-01  8.380800e-03
-2.68966e+00 -6.20690e-01       7.827e+12  9.922995e-01 -2.975744e-03 -1.218519e-01  7.700505e-03
-2.27586e+00 -6.20690e-01       1.645e+13  9.928598e-01 -6.060417e-03 -1.175338e-01  7.140210e-03
-1.86207e+00 -6.20690e-01       2.067e+13  9.934052e-01 -8.327134e-03 -1.127071e-01  6.594845e-03
-1.44828e+00 -6.20690e-01       1.528e+13  9.941335e-01 -9.736951e-03 -1.052593e-01  5.866531e-03
-1.03448e+00 -6.20690e-01       7.757e+12  9.956031e-01 -8.734265e-03 -8.652923e-02  4.396933e-03
-6.20690e-01 -6.20690e-01       4.545e+12  9.981170e-01 -3.042180e-03 -4.560202e-02  1.882981e-03
-2.06897e-01 -6.20690e-01       4.156e+12  9.994201e-01  1.043060e-03 -1.039679e-02  5.798898e-04
 2.06897e-01 -6.20690e-01       4.296e+12  9.994048e-01  9.880169e-04  1.475036e-02  5.951977e-04
 6.20690e-01 -6.20690e-01       4.947e+12  9.982915e-01 -6.801449e-04  4.561341e-02  1.708544e-03
 1.03448e+00 -6.20690e-01       8.546e+12  9.964016e-01 -2.546313e-03  7.895117e-02  3.598406e-03
 1.44828e+00 -6.20690e-01       1.646e+13  9.953716e-01 -5.250363e-03  9.359025e-02  4.628392e-03
 1.86207e+00 -6.20690e-01       2.137e+13  9.948627e-01 -8.155395e-03  9.928113e-02  5.137298e-03
 2.27586e+00 -6.20690e-01       1.596e+13  9.944400e-01 -1.072977e-02  1.031912e-01  5.559984e-03
 2.68966e+00 -6.20690e-01       6.818e+12  9.939285e-01 -1.271111e-02  1.071081e-01  6.071467e-03
 3.10345e+00 -6.20690e-01       2.219e+12  9.933309e-01 -1.271591e-02  1.102040e-01  6.669105e-03
 3.51724e+00 -6.20690e-01       1.494e+12  9.937164e-01 -9.638556e-03  1.066129e-01  6.283581e-03
 3.93103e+00 -6.20690e-01       1.329e+12  9.939739e-01 -8.627929e-03  1.049493e-01  6.026129e-03
 4.34483e+00 -6.20690e-01       7.450e+11  9.929193e-01 -7.776534e-03  1.089200e-01  7.080675e-03
 4.75862e+00 -6.20690e-01       2.907e+11  9.876861e-01 -8.519108e-04  1.277024e-01  1.231386e-02
 5.17241e+00 -6.20690e-01       1.715e+11  9.789024e-01  2.077538e-02  1.627063e-01  2.109760e-02
 5.58621e+00 -6.20690e-01       1.930e+11  9.732320e-01  2.966990e-02  1.822147e-01  2.676797e-02
 6.00000e+00 -6.20690e-01       1.781e+11  9.560019e-01  2.518673e-02  2.099378e-01  4.399810e-02
-6.00000e+00 -2.06897e-01       1.527e+11  9.883731e-01  1.545367e-02 -8.981920e-02  1.162686e-02
-5.58621e+00 -2.06897e-01       1.518e+11  9.930683e-01  1.408496e-02 -7.151467e-02  6.931687e-03
-5.17241e+00 -2.06897e-01       1.340e+11  9.941854e-01  4.723859e-03 -6.708816e-02  5.814625e-03
-4.75862e+00 -2.06897e-01       2.564e+11  9.963888e-01  1.098211e-03 -5.911748e-02  3.611215e-03
-4.34483e+00 -2.06897e-01       7.280e+11  9.979872e-01  3.225098e-03 -5.329119e-02  2.012768e-03
-3.93103e+00 -2.06897e-01       1.377e+12  9.982782e-01  3.701742e-03 -5.285307e-02  1.721756e-03
-3.51724e+00 -2.06897e-01       1.819e+12  9.981765e-01  1.344426e-03 -5.499598e-02  1.823521e-03
-3.10345e+00 -2.06897e-01       3.325e+12  9.983297e-01 -3.584303e-03 -5.363552e-02  1.670255e-03
-2.68966e+00 -2.06897e-01       8.735e+12  9.986287e-01 -5.484998e-03 -4.949229e-02  1.371305e-03
-2.27586e+00 -2.06897e-01       1.659e+13  9.987877e-01 -5.944320e-03 -4.671143e-02  1.212255e-03
-1.86207e+00 -2.06897e-01       1.849e+13  9.989072e-01 -6.111562e-03 -4.417854e-02  1.092760e-03
-1.44828e+00 -2.06897e-01       1.225e+13  9.990551e-01 -5.867411e-03 -4.054226e-02  9.449184e-04
-1.03448e+00 -2.06897e-01       5.929e+12  9.993267e-01 -4.315465e-03 -3.244200e-02  6.733132e-04
-6.20690e-01 -2.06897e-01       3.439e+12  9.996846e-01 -1.256254e-03 -1.832083e-02  3.153617e-04
-2.06897e-01 -2.06897e-01       2.882e+12  9.998501e-01  1.174752e-04 -5.092004e-03  1.498701e-04
 2.06897e-01 -2.06897e-01       3.054e+12  9.998579e-01 -8.208023e-04  6.451912e-03  1.420930e-04
 6.20690e-01 -2.06897e-01       3.903e+12  9.997654e-01 -2.734000e-03  1.615084e-02  2.346050e-04
 1.03448e+00 -2.06897e-01       6.705e+12  9.995915e-01 -4.544936e-03  2.496410e-02  4.084678e-04
 1.44828e+00 -2.06897e-01       1.342e+13  9.994700e-01 -5.648449e-03  2.956520e-02  5.300025e-04
 1.86207e+00 -2.06897e-01       1.942e+13  9.994117e-01 -6.290108e-03  3.128711e-02  5.882877e-04
 2.27586e+00 -2.06897e-01       1.638e+13  9.993680e-01 -6.655985e-03  3.227534e-02  6.320093e-04
 2.68966e+00 -2.06897e-01       7.809e+12  9.993066e-01 -6.702756e-03  3.317045e-02  6.934201e-04
 3.10345e+00 -2.06897e-01       2.571e+12  9.992049e-01 -6.131306e-03  3.324316e-02  7.950560e-04
 3.51724e+00 -2.06897e-01       1.493e+12  9.992716e-01 -4.782917e-03  2.989463e-02  7.284214e-04
 3.93103e+00 -2.06897e-01       1.339e+12  9.993769e-01 -3.803288e-03  2.861238e-02  6.231356e-04
 4.34483e+00 -2.06897e-01       7.906e+11  9.992833e-01 -2.469035e-03  2.947986e-02  7.166875e-04
 4.75862e+00 -2.06897e-01       3.145e+11  9.987173e-01  1.470202e-03  3.297055e-02  1.282666e-03
 5.17241e+00 -2.06897e-01       1.790e+11  9.979482e-01  8.441657e-03  3.958372e-02  2.051828e-03
 5.58621e+00 -2.06897e-01       1.935e+11  9.976607e-01  8.342485e-03  4.721549e-02  2.339320e-03
 6.00000e+00 -2.06897e-01       1.756e+11  9.963555e-01  5.190490e-03  5.895075e-02  3.644525e-03
-6.00000e+00  2.06897e-01       1.521e+11  9.920839e-01 -2.747924e-02  6.660954e-02  7.916149e-03
-5.58621e+00  2.06897e-01       1.510e+11  9.950427e-01 -3.242116e-02  5.148918e-02  4.957282e-03
-5.17241e+00  2.06897e-01       1.333e+11  9.965308e-01 -2.934916e-02  4.183001e-02  3.469209e-03
-4.75862e+00  2.06897e-01       2.564e+11  9.984057e-01 -1.151518e-02  3.187425e-02  1.594325e-03
-4.34483e+00  2.06897e-01       7.297e+11  9.992137e-01 -3.140287e-03  2.779326e-02  7.863203e-04
-3.93103e+00  2.06897e-01       1.382e+12  9.993580e-01 -1.531470e-03  2.591116e-02  6.419578e-04
-3.51724e+00  2.06897e-01       1.826e+12  9.993997e-01 -4.095839e-03  2.319142e-02  6.003383e-04
-3.10345e+00  2.06897e-01       3.332e+12  9.994313e-01 -8.212214e-03  2.512943e-02  5.687448e-04
-2.68966e+00  2.06897e-01       8.730e+12  9.994246e-01 -7.352178e-03  2.907635e-02  5.753933e-04
-2.27586e+00  2.06897e-01       1.656e+13  9.994223e-01 -5.263431e-03  3.049921e-02  5.777012e-04
-1.86207e+00  2.06897e-01       1.846e+13  9.994351e-01 -3.329249e-03  3.061157e-02  5.648665e-04
-1.44828e+00  2.06897e-01       1.222e+13  9.994786e-01 -1.701841e-03  2.913203e-02  5.213552e-04
-1.03448e+00  2.06897e-01       5.881e+12  9.996152e-01 -9.832623e-04  2.269936e-02  3.848234e-04
-6.20690e-01  2.06897e-01       3.371e+12  9.998218e-01 -2.435006e-03  1.008079e-02  1.782360e-04
-2.06897e-01  2.06897e-01       2.807e+12  9.998847e-01 -5.222877e-03 -8.261944e-05  1.153298e-04
 2.06897e-01  2.06897e-01       2.980e+12  9.998343e-01 -7.117321e-03 -8.306703e-03  1.656660e-04
 6.20690e-01  2.06897e-01       3.837e+12  9.996626e-01 -7.378045e-03 -1.803311e-02  3.373930e-04
 1.03448e+00  2.06897e-01       6.663e+12  9.993160e-01 -7.501527e-03 -3.133354e-02  6.840217e-04
 1.44828e+00  2.06897e-01       1.342e+13  9.990790e-01 -6.636930e-03 -3.940465e-02  9.210059e-04
 1.86207e+00  2.06897e-01       1.945e+13  9.989730e-01 -4.858361e-03 -4.255701e-02  1.027041e-03
 2.27586e+00  2.06897e-01       1.642e+13  9.988934e-01 -2.810932e-03 -4.445291e-02  1.106650e-03
 2.68966e+00  2.06897e-01       7.831e+12  9.987952e-01 -6.500095e-04 -4.626414e-02  1.204838e-03
 3.10345e+00  2.06897e-01       2.580e+12  9.985908e-01  1.069670e-03 -4.932482e-02  1.409161e-03
 3.51724e+00  2.06897e-01       1.496e+12  9.983883e-01  4.984598e-04 -5.296002e-02  1.611700e-03
 3.93103e+00  2.06897e-01       1.341e+12  9.983970e-01  1.056128e-03 -5.308007e-02  1.602960e-03
 4.34483e+00  2.06897e-01       7.917e+11  9.981429e-01  2.960302e-03 -5.444804e-02  1.857079e-03
 4.75862e+00  2.06897e-01       3.157e+11  9.966916e-01  3.429976e-03 -6.515122e-02  3.308440e-03
 5.17241e+00  2.06897e-01       1.804e+11  9.941023e-01 -7.892314e-03 -8.942018e-02  5.897669e-03
 5.58621e+00  2.06897e-01       1.949e+11  9.930226e-01 -1.588061e-02 -9.726659e-02  6.977366e-03
 6.00000e+00  2.06897e-01       1.769e+11  9.895623e-01 -1.332660e-02 -1.079098e-01  1.043772e-02
-6.00000e+00  6.20690e-01       1.489e+11  9.361248e-01 -6.856069e-02  1.852095e-01  6.387523e-02
-5.58621e+00  6.20690e-01       1.502e+11  9.619781e-01 -5.813219e-02  1.466904e-01  3.802188e-02
-5.17241e+00  6.20690e-01       1.317e+11  9.707697e-01 -4.391618e-02  1.430660e-01  2.923032e-02
-4.75862e+00  6.20690e-01       2.368e+11  9.846566e-01 -2.284477e-02  1.223179e-01  1.534343e-02
-4.34483e+00  6.20690e-01       6.821e+11  9.926801e-01 -1.073573e-02  1.052504e-01  7.319897e-03
-3.93103e+00  6.20690e-01       1.357e+12  9.943369e-01 -7.348866e-03  1.005173e-01  5.663136e-03
-3.51724e+00  6.20690e-01       1.797e+12  9.948053e-01 -9.042705e-03  9.695501e-02  5.194672e-03
-3.10345e+00  6.20690e-01       2.955e+12  9.947574e-01 -1.266297e-02  9.796352e-02  5.242589e-03
-2.68966e+00  6.20690e-01       7.818e+12  9.945507e-01 -9.732314e-03  1.016161e-01  5.449342e-03
-2.27586e+00  6.20690e-01       1.636e+13  9.946280e-01 -5.277995e-03  1.016807e-01  5.372033e-03
-1.86207e+00  6.20690e-01       2.053e+13  9.948749e-01 -1.371685e-03  9.946082e-02  5.125124e-03
-1.44828e+00  6.20690e-01       1.516e+13  9.953256e-01  1.728737e-03  9.414441e-02  4.674353e-03
-1.03448e+00  6.20690e-01       7.627e+12  9.964198e-01  2.676965e-03  7.738192e-02  3.580232e-03
-6.20690e-01  6.20690e-01       4.338e+12  9.984716e-01 -1.400075e-03  3.734333e-02  1.528359e-03
-2.06897e-01  6.20690e-01       3.893e+12  9.995053e-01 -6.024947e-03  2.901152e-03  4.946559e-04
 2.06897e-01  6.20690e-01       4.037e+12  9.992928e-01 -7.526504e-03 -2.057209e-02  7.071883e-04
 6.20690e-01  6.20690e-01       4.750e+12  9.978050e-01 -8.387905e-03 -5.211193e-02  2.195021e-03
 1.03448e+00  6.20690e-01       8.458e+12  9.954532e-01 -9.161932e-03 -8.807541e-02  4.546815e-03
 1.44828e+00  6.20690e-01       1.649e+13  9.942482e-01 -6.507528e-03 -1.039767e-01  5.751829e-03
 1.86207e+00  6.20690e-01       2.147e+13  9.936565e-01 -2.382502e-03 -1.103612e-01  6.343513e-03
 2.27586e+00  6.20690e-01       1.607e+13  9.931464e-01  1.883673e-03 -1.149448e-01  6.853553e-03
 2.68966e+00  6.20690e-01       6.883e+12  9.925367e-01  6.038836e-03 -1.197003e-01  7.463306e-03
 3.10345e+00  6.20690e-01       2.247e+12  9.915868e-01  8.166913e-03 -1.263585e-01  8.413221e-03
 3.51724e+00  6.20690e-01       1.505e+12  9.912414e-01  5.171314e-03 -1.291583e-01  8.758608e-03
 3.93103e+00  6.20690e-01       1.335e+12  9.912882e-01  5.579797e-03 -1.282255e-01  8.711773e-03
 4.34483e+00  6.20690e-01       7.492e+11  9.897177e-01  7.834843e-03 -1.328222e-01  1.028231e-02
 4.75862e+00  6.20690e-01       2.941e+11  9.816938e-01  4.423348e-03 -1.597302e-01  1.830616e-02
 5.17241e+00  6.20690e-01       1.747e+11  9.676451e-01 -1.923766e-02 -2.134563e-01  3.235493e-02
 5.58621e+00  6.20690e-01       1.960e+11  9.602554e-01 -3.014692e-02 -2.329183e-01  3.974458e-02
 6.00000e+00  6.20690e-01       1.809e+11  9.383316e-01 -2.504551e-02 -2.564302e-01  6.166837e-02
-6.00000e+00  1.03448e+00       1.496e+11  8.637115e-01 -3.347207e-03  2.679722e-01  1.362885e-01
-5.58621e+00  1.03448e+00       1.652e+11  9.147224e-01  2.291013e-03  2.613723e-01  8.527757e-02
-5.17241e+00  1.03448e+00       1.475e+11  9.255205e-01 -2.664239e-02  2.717546e-01  7.447954e-02
-4.75862e+00  1.03448e+00       2.094e+11  9.518676e-01 -3.861072e-02  2.191425e-01  4.813244e-02
-4.34483e+00  1.03448e+00       5.791e+11  9.790332e-01 -1.938106e-02  1.722580e-01  2.096683e-02
-3.93103e+00  1.03448e+00       1.274e+12  9.853816e-01 -1.246815e-02  1.619728e-01  1.461836e-02
-3.51724e+00  1.03448e+00       1.760e+12  9.868290e-01 -1.297537e-02  1.571466e-01  1.317104e-02
-3.10345e+00  1.03448e+00       2.377e+12  9.871457e-01 -1.745426e-02  1.550234e-01  1.285432e-02
-2.68966e+00  1.03448e+00       5.899e+12  9.870417e-01 -1.423595e-02  1.570426e-01  1.295829e-02
-2.27586e+00  1.03448e+00       1.475e+13  9.874924e-01 -7.510534e-03  1.553584e-01  1.250760e-02
-1.86207e+00  1.03448e+00       2.360e+13  9.882958e-01 -1.668029e-03  1.505465e-01  1.170421e-02
-1.44828e+00  1.03448e+00       2.241e+13  9.893638e-01  3.113506e-03  1.430879e-01  1.063616e-02
-1.03448e+00  1.03448e+00       1.302e+13  9.909121e-01  6.512796e-03  1.295837e-01  9.087876e-03
-6.20690e-01  1.03448e+00       5.735e+12  9.939687e-01  7.187869e-03  9.163457e-02  6.031330e-03
-2.06897e-01  1.03448e+00       3.477e+12  9.977391e-01  4.460870e-03  1.944151e-02  2.260940e-03
 2.06897e-01  1.03448e+00       3.555e+12  9.970181e-01 -7.914714e-04 -4.325843e-02  2.981890e-03
 6.20690e-01  1.03448e+00       6.156e+12  9.924273e-01 -9.522124e-03 -1.080168e-01  7.572726e-03
 1.03448e+00  1.03448e+00       1.416e+13  9.894945e-01 -9.037052e-03 -1.395723e-01  1.050546e-02
 1.44828e+00  1.03448e+00       2.390e+13  9.879956e-01 -3.549613e-03 -1.516934e-01  1.200438e-02
 1.86207e+00  1.03448e+00       2.412e+13  9.867095e-01  2.431964e-03 -1.601459e-01  1.329053e-02
 2.27586e+00  1.03448e+00       1.402e+13  9.853378e-01  8.164134e-03 -1.681266e-01  1.466219e-02
 2.68966e+00  1.03448e+00       4.907e+12  9.835163e-01  1.335831e-02 -1.774729e-01  1.648371e-02
 3.10345e+00  1.03448e+00       1.769e+12  9.811320e-01  1.289170e-02 -1.888686e-01  1.886799e-02
 3.51724e+00  1.03448e+00       1.554e+12  9.812958e-01  8.559315e-03 -1.887414e-01  1.870424e-02
 3.93103e+00  1.03448e+00       1.294e+12  9.809960e-01  1.005198e-02 -1.882433e-01  1.900405e-02
 4.34483e+00  1.03448e+00       6.577e+11  9.754914e-01  1.180391e-02 -2.000576e-01  2.450860e-02
 4.75862e+00  1.03448e+00       2.649e+11  9.534676e-01 -2.514769e-03 -2.483385e-01  4.653236e-02
 5.17241e+00  1.03448e+00       1.769e+11  9.284651e-01 -3.290058e-02 -3.095110e-01  7.153487e-02
 5.58621e+00  1.03448e+00       1.901e+11  9.151001e-01 -3.203542e-02 -3.334965e-01  8.489987e-02
 6.00000e+00  1.03448e+00       1.724e+11  8.690129e-01 -3.286603e-02 -3.643131e-01  1.309871e-01
-6.00000e+00  1.44828e+00       1.949e+11  7.104384e-01 -1.958874e-02  4.737450e-01  2.895616e-01
-5.58621e+00  1.44828e+00       2.149e+11  8.099499e-01 -7.479605e-02  4.176182e-01  1.900501e-01
-5.17241e+00  1.44828e+00       1.762e+11  8.528918e-01 -1.018229e-01  3.666260e-01  1.471082e-01
-4.75862e+00  1.44828e+00       1.775e+11  8.914906e-01 -7.544932e-02  3.040967e-01  1.085094e-01
-4.34483e+00  1.44828e+00       4.314e+11  9.562641e-01 -2.895915e-02  2.256882e-01  4.373594e-02
-3.93103e+00  1.44828e+00       1.093e+12  9.756532e-01 -1.672309e-02  2.033152e-01  2.434681e-02
-3.51724e+00  1.44828e+00       1.723e+12  9.794080e-01 -1.522396e-02  1.963513e-01  2.059201e-02
-3.10345e+00  1.44828e+00       1.955e+12  9.804964e-01 -1.958413e-02  1.910766e-01  1.950357e-02
-2.68966e+00  1.44828e+00       3.449e+12  9.810786e-01 -2.085136e-02  1.879928e-01  1.892140e-02
-2.27586e+00  1.44828e+00       9.946e+12  9.824485e-01 -1.314758e-02  1.826579e-01  1.755150e-02
-1.86207e+00  1.44828e+00       2.262e+13  9.842290e-01 -5.611153e-03  1.735997e-01  1.577096e-02
-1.44828e+00  1.44828e+00       3.289e+13  9.863704e-01  5.101283e-04  1.606428e-01  1.362961e-02
-1.03448e+00  1.44828e+00       3.047e+13  9.889462e-01  4.638648e-03  1.423832e-01  1.105379e-02
-6.20690e-01  1.44828e+00       1.928e+13  9.919827e-01  5.216830e-03  1.134324e-01  8.017300e-03
-2.06897e-01  1.44828e+00       1.089e+13  9.949805e-01 -2.216838e-03  4.688531e-02  5.019474e-03
 2.06897e-01  1.44828e+00       1.128e+13  9.942664e-01 -1.273876e-02 -6.647939e-02  5.733598e-03
 6.20690e-01  1.44828e+00       2.058e+13  9.908838e-01 -9.766191e-03 -1.245894e-01  9.116236e-03
 1.03448e+00  1.44828e+00       3.229e+13  9.878990e-01 -2.908397e-03 -1.498577e-01  1.210103e-02
 1.44828e+00  1.44828e+00       3.388e+13  9.851826e-01  3.728555e-03 -1.675264e-01  1.481739e-02
 1.86207e+00  1.44828e+00       2.209e+13  9.825186e-01  9.848484e-03 -1.824736e-01  1.748137e-02
 2.27586e+00  1.44828e+00       8.790e+12  9.794936e-01  1.565382e-02 -1.971592e-01  2.050636e-02
 2.68966e+00  1.44828e+00       2.567e+12  9.748843e-01  1.942436e-02 -2.163411e-01  2.511574e-02
 3.10345e+00  1.44828e+00       1.526e+12  9.724190e-01  1.313891e-02 -2.272282e-01  2.758105e-02
 3.51724e+00  1.44828e+00       1.627e+12  9.735209e-01  1.126760e-02 -2.236967e-01  2.647911e-02
 3.93103e+00  1.44828e+00       1.154e+12  9.712460e-01  1.404371e-02 -2.273311e-01  2.875401e-02
 4.34483e+00  1.44828e+00       5.140e+11  9.553587e-01  1.371866e-02 -2.567755e-01  4.464128e-02
 4.75862e+00  1.44828e+00       2.384e+11  9.076327e-01 -2.093069e-02 -3.467070e-01  9.236733e-02
 5.17241e+00  1.44828e+00       2.253e+11  8.755884e-01 -6.341801e-02 -4.093279e-01  1.244116e-01
 5.58621e+00  1.44828e+00       2.483e+11  8.397882e-01 -5.955722e-02 -4.433813e-01  1.602118e-01
 6.00000e+00  1.44828e+00       2.136e+11  7.460870e-01 -4.784567e-02 -5.166885e-01  2.539130e-01
-6.00000e+00  1.86207e+00       1.898e+11  5.696463e-01 -1.869513e-02  5.075078e-01  4.303537e-01
-5.58621e+00  1.86207e+00       2.227e+11  7.612358e-01 -1.721228e-02  4.264857e-01  2.387642e-01
-5.17241e+00  1.86207e+00       2.044e+11  8.243799e-01 -3.416725e-02  4.137425e-01  1.756201e-01
-4.75862e+00  1.86207e+00       1.753e+11  8.342120e-01 -6.783335e-02  3.987058e-01  1.657880e-01
-4.34483e+00  1.86207e+00       2.861e+11  9.114511e-01 -4.635879e-02  2.845590e-01  8.854891e-02
-3.93103e+00  1.86207e+00       7.916e+11  9.651618e-01 -2.179854e-02  2.220528e-01  3.483815e-02
-3.51724e+00  1.86207e+00       1.574e+12  9.760223e-01 -1.689752e-02  2.076530e-01  2.397774e-02
-3.10345e+00  1.86207e+00       1.910e+12  9.784073e-01 -1.909577e-02  2.005418e-01  2.159273e-02
-2.68966e+00  1.86207e+00       1.972e+12  9.788386e-01 -2.609572e-02  1.954049e-01  2.116144e-02
-2.27586e+00  1.86207e+00       3.873e+12  9.810896e-01 -2.380450e-02  1.838685e-01  1.891041e-02
-1.86207e+00  1.86207e+00       1.144e+13  9.849159e-01 -1.495991e-02  1.658300e-01  1.508411e-02
-1.44828e+00  1.86207e+00       2.733e+13  9.882300e-01 -7.027089e-03  1.455874e-01  1.177002e-02
-1.03448e+00  1.86207e+00       4.616e+13  9.915408e-01 -5.760053e-04  1.183890e-01  8.459208e-03
-6.20690e-01  1.86207e+00       5.809e+13  9.948338e-01  3.429812e-03  7.941654e-02  5.166171e-03
-2.06897e-01  1.86207e+00       6.175e+13  9.971072e-01  4.713657e-03  2.670757e-02  2.892779e-03
 2.06897e-01  1.86207e+00       6.226e+13  9.969865e-01  4.971723e-03 -3.233363e-02  3.013504e-03
 6.20690e-01  1.86207e+00       5.898e+13  9.945108e-01  6.443501e-03 -8.375965e-02  5.489240e-03
 1.03448e+00  1.86207e+00       4.621e+13  9.909488e-01  9.372396e-03 -1.224793e-01  9.051247e-03
 1.44828e+00  1.86207e+00       2.626e+13  9.870400e-01  1.306172e-02 -1.520654e-01  1.296000e-02
 1.86207e+00  1.86207e+00       1.007e+13  9.824370e-01  1.732665e-02 -1.783883e-01  1.756304e-02
 2.27586e+00  1.86207e+00       2.845e+12  9.751466e-01  2.156080e-02 -2.103695e-01  2.485342e-02
 2.68966e+00  1.86207e+00       1.388e+12  9.689714e-01  1.691179e-02 -2.357954e-01  3.102859e-02
 3.10345e+00  1.86207e+00       1.692e+12  9.715846e-01  1.240220e-02 -2.294413e-01  2.841539e-02
 3.51724e+00  1.86207e+00       1.587e+12  9.714961e-01  1.441854e-02 -2.287674e-01  2.850391e-02
 3.93103e+00  1.86207e+00       8.840e+11  9.627144e-01  1.777380e-02 -2.447415e-01  3.728563e-02
 4.34483e+00  1.86207e+00       3.659e+11  9.228743e-01  6.205227e-03 -3.127180e-01  7.712569e-02
 4.75862e+00  1.86207e+00       2.241e+11  8.637961e-01 -4.181357e-02 -4.169917e-01  1.362039e-01
 5.17241e+00  1.86207e+00       2.425e+11  8.447580e-01 -5.312521e-02 -4.565651e-01  1.552420e-01
 5.58621e+00  1.86207e+00       2.558e+11  7.914168e-01 -4.169359e-02 -4.915759e-01  2.085832e-01
 6.00000e+00  1.86207e+00       2.056e+11  6.223563e-01 -3.331337e-02 -5.662940e-01  3.776437e-01
-6.00000e+00  2.27586e+00       2.330e+11  3.966297e-01 -6.484300e-03  6.232353e-01  6.033703e-01
-5.58621e+00  2.27586e+00       2.768e+11  6.258126e-01 -7.298405e-02  5.262900e-01  3.741874e-01
-5.17241e+00  2.27586e+00       2.565e+11  7.570421e-01 -7.588629e-02  4.543667e-01  2.429579e-01
-4.75862e+00  2.27586e+00       2.018e+11  7.940841e-01 -7.462932e-02  4.392141e-01  2.059159e-01
-4.34483e+00  2.27586e+00       1.987e+11  8.287043e-01 -6.767026e-02  3.751990e-01  1.712957e-01
-3.93103e+00  2.27586e+00       4.425e+11  9.387256e-01 -3.246609e-02  2.323483e-01  6.127436e-02
-3.51724e+00  2.27586e+00       1.140e+12  9.760187e-01 -2.021230e-02  1.869154e-01  2.398134e-02
-3.10345e+00  2.27586e+00       1.868e+12  9.829136e-01 -1.980873e-02  1.728295e-01  1.708636e-02
-2.68966e+00  2.27586e+00       1.894e+12  9.843330e-01 -2.520175e-02  1.647559e-01  1.566701e-02
-2.27586e+00  2.27586e+00       1.671e+12  9.826680e-01 -3.308239e-02  1.659915e-01  1.733196e-02
-1.86207e+00  2.27586e+00       2.339e+12  9.832780e-01 -2.809160e-02  1.568278e-01  1.672204e-02
-1.44828e+00  2.27586e+00       5.070e+12  9.897644e-01 -2.082378e-02  1.166756e-01  1.023558e-02
-1.03448e+00  2.27586e+00       1.159e+13  9.948294e-01 -1.703966e-02  7.811681e-02  5.170643e-03
-6.20690e-01  2.27586e+00       2.148e+13  9.972166e-01 -1.186661e-02  4.605540e-02  2.783422e-03
-2.06897e-01  2.27586e+00       2.926e+13  9.981212e-01 -6.235165e-03  1.242805e-02  1.878818e-03
 2.06897e-01  2.27586e+00       2.882e+13  9.977742e-01 -1.615958e-03 -2.409472e-02  2.225849e-03
 6.20690e-01  2.27586e+00       2.040e+13  9.960119e-01  2.102108e-03 -6.176490e-02  3.988067e-03
 1.03448e+00  2.27586e+00       1.033e+13  9.923122e-01  6.400734e-03 -1.016631e-01  7.687761e-03
 1.44828e+00  2.27586e+00       3.971e+12  9.849349e-01  1.306457e-02 -1.506876e-01  1.506514e-02
 1.86207e+00  2.27586e+00       1.481e+12  9.729106e-01  1.965207e-02 -2.074351e-01  2.708939e-02
 2.27586e+00  2.27586e+00       1.097e+12  9.709118e-01  1.671427e-02 -2.162568e-01  2.908818e-02
 2.68966e+00  2.27586e+00       1.628e+12  9.776681e-01  1.298866e-02 -1.961797e-01  2.233186e-02
 3.10345e+00  2.27586e+00       1.841e+12  9.789851e-01  1.431650e-02 -1.933531e-01  2.101491e-02
 3.51724e+00  2.27586e+00       1.229e+12  9.737110e-01  1.835120e-02 -2.055412e-01  2.628895e-02
 3.93103e+00  2.27586e+00       5.436e+11  9.450696e-01  1.817484e-02 -2.592560e-01  5.493036e-02
 4.34483e+00  2.27586e+00       2.678e+11  8.708941e-01 -1.739840e-02 -3.877298e-01  1.291059e-01
 4.75862e+00  2.27586e+00       2.563e+11  8.307937e-01 -5.899485e-02 -4.699212e-01  1.692063e-01
 5.17241e+00  2.27586e+00       3.185e+11  7.983781e-01 -5.920656e-02 -5.106877e-01  2.016219e-01
 5.58621e+00  2.27586e+00       3.241e+11  6.942519e-01 -4.948625e-02 -5.795930e-01  3.057481e-01
 6.00000e+00  2.27586e+00       2.626e+11  4.996543e-01 -3.019323e-02 -6.925592e-01  5.003457e-01
-6.00000e+00  2.68966e+00       2.382e+11  2.554252e-01 -7.768635e-03  6.963767e-01  7.445748e-01
-5.58621e+00  2.68966e+00       3.136e+11  5.411417e-01 -5.489314e-02  6.025649e-01  4.588583e-01
-5.17241e+00  2.68966e+00       3.296e+11  7.059663e-01 -7.385021e-02  5.087838e-01  2.940337e-01
-4.75862e+00  2.68966e+00       2.701e+11  7.830785e-01 -7.684762e-02  4.574161e-01  2.169215e-01
-4.34483e+00  2.68966e+00       2.055e+11  7.822562e-01 -7.955422e-02  4.481015e-01  2.177438e-01
-3.93103e+00  2.68966e+00       2.251e+11  8.452179e-01 -5.676427e-02  3.161882e-01  1.547821e-01
-3.51724e+00  2.68966e+00       5.452e+11  9.601000e-01 -2.313652e-02  1.522118e-01  3.990003e-02
-3.10345e+00  2.68966e+00       1.311e+12  9.884805e-01 -1.814923e-02  1.064429e-01  1.151946e-02
-2.68966e+00  2.68966e+00       1.959e+12  9.931472e-01 -2.172285e-02  8.677573e-02  6.852770e-03
-2.27586e+00  2.68966e+00       1.807e+12  9.933556e-01 -3.066467e-02  7.382674e-02  6.644444e-03
-1.86207e+00  2.68966e+00       1.357e+12  9.905455e-01 -4.415836e-02  7.661923e-02  9.454544e-03
-1.44828e+00  2.68966e+00       1.440e+12  9.886691e-01 -4.655377e-02  9.237361e-02  1.133088e-02
-1.03448e+00  2.68966e+00       2.085e+12  9.905726e-01 -3.103730e-02  9.089658e-02  9.427389e-03
-6.20690e-01  2.68966e+00       2.743e+12  9.929624e-01 -8.491492e-03  6.874571e-02  7.037558e-03
-2.06897e-01  2.68966e+00       3.001e+12  9.945556e-01  1.090926e-02  2.608560e-02  5.444404e-03
 2.06897e-01  2.68966e+00       2.851e+12  9.940746e-01  1.734041e-02 -2.966231e-02  5.925356e-03
 6.20690e-01  2.68966e+00       2.316e+12  9.905026e-01  1.036393e-02 -8.488040e-02  9.497440e-03
 1.03448e+00  2.68966e+00       1.497e+12  9.830881e-01 -5.466957e-04 -1.346037e-01  1.691186e-02
 1.44828e+00  2.68966e+00       8.716e+11  9.732373e-01 -1.337286e-03 -1.676759e-01  2.676269e-02
 1.86207e+00  2.68966e+00       9.420e+11  9.794660e-01  9.887622e-03 -1.319511e-01  2.053403e-02
 2.27586e+00  2.68966e+00       1.604e+12  9.894816e-01  1.233624e-02 -1.019909e-01  1.051840e-02
 2.68966e+00  2.68966e+00       1.935e+12  9.916459e-01  1.439985e-02 -1.013118e-01  8.354136e-03
 3.10345e+00  2.68966e+00       1.390e+12  9.877887e-01  1.909572e-02 -1.179215e-01  1.221130e-02
 3.51724e+00  2.68966e+00       6.554e+11  9.651622e-01  2.353730e-02 -1.756645e-01  3.483783e-02
 3.93103e+00  2.68966e+00       3.114e+11  8.930144e-01  1.086743e-03 -3.246176e-01  1.069856e-01
 4.34483e+00  2.68966e+00       2.636e+11  8.378457e-01 -5.039330e-02 -4.424031e-01  1.621543e-01
 4.75862e+00  2.68966e+00       3.349e+11  8.240094e-01 -6.320196e-02 -4.837078e-01  1.759906e-01
 5.17241e+00  2.68966e+00       3.914e+11  7.652316e-01 -5.665346e-02 -5.373987e-01  2.347684e-01
 5.58621e+00  2.68966e+00       3.543e+11  6.204670e-01 -5.295341e-02 -6.337168e-01  3.795330e-01
 6.00000e+00  2.68966e+00       2.843e+11  3.886164e-01 -4.247232e-02 -7.580280e-01  6.113836e-01
-6.00000e+00  3.10345e+00       2.825e+11  8.264297e-02 -1.757180e-03  8.042028e-01  9.173570e-01
-5.58621e+00  3.10345e+00       3.265e+11  4.228486e-01 -3.996751e-02  6.768550e-01  5.771514e-01
-5.17241e+00  3.10345e+00       3.854e+11  6.472579e-01 -6.312496e-02  5.497479e-01  3.527421e-01
-4.75862e+00  3.10345e+00       3.583e+11  7.757111e-01 -6.686398e-02  4.584126e-01  2.242889e-01
-4.34483e+00  3.10345e+00       2.802e+11  8.124528e-01 -7.101478e-02  4.322072e-01  1.875472e-01
-3.93103e+00  3.10345e+00       2.095e+11  7.834487e-01 -7.417301e-02  4.289496e-01  2.165513e-01
-3.51724e+00  3.10345e+00       2.100e+11  8.421491e-01 -4.459157e-02  2.514244e-01  1.578509e-01
-3.10345e+00  3.10345e+00       4.670e+11  9.631438e-01 -1.022027e-02  2.685805e-02  3.685622e-02
-2.68966e+00  3.10345e+00       1.139e+12  9.898219e-01 -1.146679e-02 -4.309044e-02  1.017811e-02
-2.27586e+00  3.10345e+00       1.805e+12  9.896617e-01 -2.088982e-02 -7.917829e-02  1.033829e-02
-1.86207e+00  3.10345e+00       1.743e+12  9.838518e-01 -3.556640e-02 -1.098657e-01  1.614823e-02
-1.44828e+00  3.10345e+00       1.196e+12  9.760320e-01 -5.683290e-02 -1.208228e-01  2.396795e-02
-1.03448e+00  3.10345e+00       8.504e+11  9.735833e-01 -6.951980e-02 -7.746173e-02  2.641667e-02
-6.20690e-01  3.10345e+00       7.328e+11  9.756751e-01 -4.749963e-02 -2.548934e-02  2.432489e-02
-2.06897e-01  3.10345e+00       6.544e+11  9.743142e-01 -8.304627e-03 -2.297409e-02  2.568581e-02
 2.06897e-01  3.10345e+00       5.811e+11  9.681402e-01  7.190784e-03 -6.170203e-02  3.185976e-02
 6.20690e-01  3.10345e+00       5.196e+11  9.566010e-01 -8.055926e-03 -9.238505e-02  4.339903e-02
 1.03448e+00  3.10345e+00       5.887e+11  9.551609e-01 -1.035831e-02 -2.600423e-02  4.483907e-02
 1.44828e+00  3.10345e+00       1.033e+12  9.741784e-01  4.159849e-03  7.187814e-02  2.582159e-02
 1.86207e+00  3.10345e+00       1.688e+12  9.862377e-01  1.007433e-02  9.435167e-02  1.376227e-02
 2.27586e+00  3.10345e+00       1.808e+12  9.905945e-01  1.488734e-02  7.934712e-02  9.405486e-03
 2.68966e+00  3.10345e+00       1.208e+12  9.896508e-01  2.218649e-02  4.010279e-02  1.034923e-02
 3.10345e+00  3.10345e+00       5.777e+11  9.707810e-01  2.998179e-02 -5.510964e-02  2.921900e-02
 3.51724e+00  3.10345e+00       3.062e+11  9.050298e-01  1.058696e-02 -2.530502e-01  9.497016e-02
 3.93103e+00  3.10345e+00       2.687e+11  8.542524e-01 -4.118859e-02 -3.900340e-01  1.457476e-01
 4.34483e+00  3.10345e+00       3.396e+11  8.534965e-01 -6.152992e-02 -4.280566e-01  1.465035e-01
 4.75862e+00  3.10345e+00       4.342e+11  8.245012e-01 -5.567274e-02 -4.760533e-01  1.754988e-01
 5.17241e+00  3.10345e+00       4.395e+11  7.216342e-01 -5.294039e-02 -5.612094e-01  2.783658e-01
 5.58621e+00  3.10345e+00       3.659e+11  5.245633e-01 -5.279988e-02 -6.938789e-01  4.754367e-01
 6.00000e+00  3.10345e+00       3.187e+11  2.381020e-01 -3.557784e-02 -8.176681e-01  7.618980e-01
-6.00000e+00  3.51724e+00       3.713e+11 -1.894869e-02  9.470567e-03  8.698962e-01  9.810513e-01
-5.58621e+00  3.51724e+00       3.300e+11  2.675285e-01 -6.890634e-03  7.606192e-01  7.324715e-01
-5.17241e+00  3.51724e+00       4.019e+11  5.577452e-01 -4.294614e-02  6.012640e-01  4.422548e-01
-4.75862e+00  3.51724e+00       4.404e+11  7.463408e-01 -5.337557e-02  4.664978e-01  2.536592e-01
-4.34483e+00  3.51724e+00       3.876e+11  8.414692e-01 -6.108266e-02  3.861802e-01  1.585308e-01
-3.93103e+00  3.51724e+00       2.995e+11  8.476149e-01 -6.640379e-02  3.777097e-01  1.523851e-01
-3.51724e+00  3.51724e+00       2.174e+11  7.988019e-01 -6.755061e-02  3.868940e-01  2.011981e-01
-3.10345e+00  3.51724e+00       1.649e+11  7.952671e-01 -4.024481e-02  2.385787e-01  2.047329e-01
-2.68966e+00  3.51724e+00       2.290e+11  8.991727e-01  2.501030e-02 -1.103592e-01  1.008273e-01
-2.27586e+00  3.51724e+00       5.370e+11  9.288870e-01  2.718166e-02 -2.872411e-01  7.111296e-02
-1.86207e+00  3.51724e+00       1.069e+12  9.023587e-01  8.719437e-03 -3.744630e-01  9.764132e-02
-1.44828e+00  3.51724e+00       1.423e+12  8.543385e-01 -2.416158e-02 -4.459133e-01  1.456615e-01
-1.03448e+00  3.51724e+00       1.221e+12  7.755207e-01 -8.445390e-02 -4.949025e-01  2.244793e-01
-6.20690e-01  3.51724e+00       7.386e+11  6.421463e-01 -1.766715e-01 -4.339997e-01  3.578537e-01
-2.06897e-01  3.51724e+00       4.536e+11  5.044591e-01 -2.391768e-01 -3.373851e-02  4.955409e-01
 2.06897e-01  3.51724e+00       4.856e+11  5.562335e-01 -1.829078e-01  4.643608e-01  4.437665e-01
 6.20690e-01  3.51724e+00       7.696e+11  6.790121e-01 -1.010290e-01  6.011403e-01  3.209879e-01
 1.03448e+00  3.51724e+00       1.161e+12  7.679771e-01 -3.536455e-02  5.717282e-01  2.320229e-01
 1.44828e+00  3.51724e+00       1.320e+12  8.335023e-01  6.237147e-03  4.964445e-01  1.664977e-01
 1.86207e+00  3.51724e+00       1.046e+12  8.860541e-01  2.827431e-02  3.966937e-01  1.139459e-01
 2.27586e+00  3.51724e+00       6.126e+11  9.271882e-01  4.347197e-02  2.608972e-01  7.281184e-02
 2.68966e+00  3.51724e+00       3.415e+11  9.375247e-01  5.022370e-02  4.832985e-02  6.247529e-02
 3.10345e+00  3.51724e+00       2.603e+11  9.007881e-01  1.433065e-02 -2.023913e-01  9.921192e-02
 3.51724e+00  3.51724e+00       2.695e+11  8.758258e-01 -3.712687e-02 -3.132206e-01  1.241742e-01
 3.93103e+00  3.51724e+00       3.463e+11  8.872670e-01 -5.776667e-02 -3.399858e-01  1.127330e-01
 4.34483e+00  3.51724e+00       4.665e+11  8.806084e-01 -5.230887e-02 -3.849521e-01  1.193916e-01
 4.75862e+00  3.51724e+00       5.061e+11  8.106150e-01 -4.620370e-02 -4.662200e-01  1.893850e-01
 5.17241e+00  3.51724e+00       4.468e+11  6.465181e-01 -4.637076e-02 -6.095678e-01  3.534819e-01
 5.58621e+00  3.51724e+00       3.862e+11  4.207052e-01 -3.455130e-02 -7.729524e-01  5.792948e-01
 6.00000e+00  3.51724e+00       4.115e+11  1.436594e-01 -1.701707e-02 -8.672418e-01  8.563406e-01
-6.00000e+00  3.93103e+00       5.618e+11  3.627400e-02  6.517403e-02  9.033996e-01  9.637260e-01
-5.58621e+00  3.93103e+00       3.974e+11  2.046551e-01  8.089786e-02  8.510914e-01  7.953449e-01
-5.17241e+00  3.93103e+00       3.951e+11  4.550772e-01  8.441225e-03  6.996687e-01  5.449228e-01
-4.75862e+00  3.93103e+00       4.785e+11  6.842674e-01 -4.244536e-02  5.137176e-01  3.157326e-01
-4.34483e+00  3.93103e+00       4.962e+11  8.280081e-01 -5.571047e-02  3.648895e-01  1.719919e-01
-3.93103e+00  3.93103e+00       4.229e+11  8.980547e-01 -6.045372e-02  2.771406e-01  1.019453e-01
-3.51724e+00  3.93103e+00       3.310e+11  8.955499e-01 -5.483066e-02  2.725340e-01  1.044501e-01
-3.10345e+00  3.93103e+00       2.445e+11  8.386782e-01 -5.497408e-02  3.015019e-01  1.613218e-01
-2.68966e+00  3.93103e+00       1.595e+11  7.662186e-01 -5.241532e-02  2.467876e-01  2.337814e-01
-2.27586e+00  3.93103e+00       1.069e+11  7.223731e-01  6.177254e-02 -3.548094e-02  2.776269e-01
-1.86207e+00  3.93103e+00       1.084e+11  7.061972e-01  1.858083e-01 -4.228712e-01  2.938028e-01
-1.44828e+00  3.93103e+00       1.383e+11  6.087548e-01  1.882271e-01 -6.428110e-01  3.912452e-01
-1.03448e+00  3.93103e+00       1.661e+11  3.840558e-01  1.886707e-01 -7.552995e-01  6.159442e-01
-6.20690e-01  3.93103e+00       1.852e+11  4.113466e-02  2.217649e-01 -7.058726e-01  9.588653e-01
-2.06897e-01  3.93103e+00       1.928e+11 -2.752026e-01  2.511377e-01 -3.783163e-01  7.247974e-01
 2.06897e-01  3.93103e+00       1.940e+11 -2.837728e-01  2.283306e-01  1.555654e-01  7.162272e-01
 6.20690e-01  3.93103e+00       2.063e+11  1.138191e-01  1.750792e-01  5.302002e-01  8.861809e-01
 1.03448e+00  3.93103e+00       2.289e+11  5.402264e-01  1.459733e-01  5.773944e-01  4.597736e-01
 1.44828e+00  3.93103e+00       2.286e+11  7.507440e-01  1.314179e-01  4.923467e-01  2.492560e-01
 1.86207e+00  3.93103e+00       2.026e+11  8.381876e-01  1.169187e-01  3.239191e-01  1.618124e-01
 2.27586e+00  3.93103e+00       2.034e+11  8.889416e-01  7.108448e-02  4.684038e-02  1.110584e-01
 2.68966e+00  3.93103e+00       2.367e+11  8.982402e-01  1.967239e-04 -1.423919e-01  1.017598e-01
 3.10345e+00  3.93103e+00       2.709e+11  8.964119e-01 -4.074055e-02 -1.892800e-01  1.035881e-01
 3.51724e+00  3.93103e+00       3.574e+11  9.197773e-01 -5.164283e-02 -2.058402e-01  8.022273e-02
 3.93103e+00  3.93103e+00       5.063e+11  9.274704e-01 -4.898458e-02 -2.618482e-01  7.252961e-02
 4.34483e+00  3.93103e+00       5.734e+11  8.843229e-01 -4.657739e-02 -3.457466e-01  1.156771e-01
 4.75862e+00  3.93103e+00       5.053e+11  7.614741e-01 -5.013397e-02 -4.857682e-01  2.385259e-01
 5.17241e+00  3.93103e+00       4.093e+11  5.648853e-01 -3.954266e-02 -6.743466e-01  4.351147e-01
 5.58621e+00  3.93103e+00       3.777e+11  3.421719e-01 -2.724133e-03 -8.157614e-01  6.578281e-01
 6.00000e+00  3.93103e+00       4.941e+11  7.292752e-02 -8.630715e-05 -8.885000e-01  9.270725e-01
-6.00000e+00  4.34483e+00       8.446e+11  9.950658e-02  5.354328e-02  9.129475e-01  9.004934e-01
-5.58621e+00  4.34483e+00       5.898e+11  2.449639e-01  1.020761e-01  8.838928e-01  7.550361e-01
-5.17241e+00  4.34483e+00       4.336e+11  3.741963e-01  7.165033e-02  8.150615e-01  6.258037e-01
-4.75862e+00  4.34483e+00       4.430e+11  5.767256e-01 -1.331268e-02  6.232875e-01  4.232744e-01
-4.34483e+00  4.34483e+00       5.301e+11  7.685519e-01 -4.851711e-02  4.008199e-01  2.314481e-01
-3.93103e+00  4.34483e+00       5.415e+11  8.864693e-01 -5.572053e-02  2.249600e-01  1.135307e-01
-3.51724e+00  4.34483e+00       4.637e+11  9.420358e-01 -5.863638e-02  1.136677e-01  5.796416e-02
-3.10345e+00  4.34483e+00       3.733e+11  9.440698e-01 -4.216587e-02  9.330374e-02  5.593025e-02
-2.68966e+00  4.34483e+00       2.951e+11  8.975769e-01 -2.608137e-02  1.373758e-01  1.024231e-01
-2.27586e+00  4.34483e+00       2.098e+11  8.083482e-01 -6.420495e-02  1.675195e-01  1.916518e-01
-1.86207e+00  4.34483e+00       1.259e+11  6.578065e-01 -6.396202e-02  1.238077e-01  3.421935e-01
-1.44828e+00  4.34483e+00       7.311e+10  4.348273e-01  1.994173e-01 -3.597239e-02  5.651727e-01
-1.03448e+00  4.34483e+00       5.292e+10  2.841083e-01  5.660297e-01 -2.358249e-01  7.158917e-01
-6.20690e-01  4.34483e+00       4.821e+10  2.677193e-01  6.568281e-01 -3.375221e-01  7.322807e-01
-2.06897e-01  4.34483e+00       4.873e+10  2.647770e-01  6.050304e-01 -3.116265e-01  7.352230e-01
 2.06897e-01  4.34483e+00       5.484e+10  3.272481e-01  5.603176e-01 -9.497527e-02  6.727519e-01
 6.20690e-01  4.34483e+00       7.166e+10  5.034106e-01  4.967389e-01  2.003828e-01  4.965894e-01
 1.03448e+00  4.34483e+00       1.011e+11  6.843497e-01  3.594577e-01  3.234834e-01  3.156503e-01
 1.44828e+00  4.34483e+00       1.474e+11  8.195430e-01  1.617283e-01  2.260454e-01  1.804570e-01
 1.86207e+00  4.34483e+00       2.055e+11  8.811540e-01  7.740127e-03  7.659717e-02  1.188460e-01
 2.27586e+00  4.34483e+00       2.387e+11  8.780355e-01 -4.450665e-02  7.372798e-03  1.219645e-01
 2.68966e+00  4.34483e+00       2.654e+11  8.822661e-01 -3.706598e-02  1.339261e-02  1.177339e-01
 3.10345e+00  4.34483e+00       3.809e+11  9.349172e-01 -3.858793e-02 -1.420273e-02  6.508279e-02
 3.51724e+00  4.34483e+00       5.567e+11  9.604243e-01 -4.241594e-02 -9.244422e-02  3.957572e-02
 3.93103e+00  4.34483e+00       6.249e+11  9.347743e-01 -4.453409e-02 -1.925847e-01  6.522568e-02
 4.34483e+00  4.34483e+00       5.516e+11  8.375718e-01 -5.346404e-02 -3.546526e-01  1.624282e-01
 4.75862e+00  4.34483e+00       4.528e+11  6.756160e-01 -5.226943e-02 -5.737281e-01  3.243840e-01
 5.17241e+00  4.34483e+00       3.911e+11  5.103976e-01 -1.553525e-02 -7.363759e-01  4.896024e-01
 5.58621e+00  4.34483e+00       4.328e+11  2.800050e-01  1.373431e-02 -8.392917e-01  7.199950e-01
 6.00000e+00  4.34483e+00       7.057e+11  4.075630e-02  9.863662e-04 -9.180132e-01  9.592437e-01
-6.00000e+00  4.75862e+00       1.223e+12  1.360291e-01 -1.427533e-03  9.397277e-01  8.639709e-01
-5.58621e+00  4.75862e+00       9.025e+11  2.597000e-01  3.784594e-02  8.953947e-01  7.403000e-01
-5.17241e+00  4.75862e+00       5.933e+11  3.737272e-01  8.952355e-02  8.429265e-01  6.262728e-01
-4.75862e+00  4.75862e+00       4.264e+11  4.906748e-01  7.376752e-02  7.475006e-01  5.093252e-01
-4.34483e+00  4.75862e+00       4.500e+11  6.689694e-01 -1.087432e-02  5.305829e-01  3.310306e-01
-3.93103e+00  4.75862e+00       5.479e+11  8.222192e-01 -5.092364e-02  2.736586e-01  1.777808e-01
-3.51724e+00  4.75862e+00       5.726e+11  9.089905e-01 -5.694437e-02  5.507014e-02  9.100945e-02
-3.10345e+00  4.75862e+00       5.038e+11  9.419878e-01 -6.129936e-02 -1.068556e-01  5.801215e-02
-2.68966e+00  4.75862e+00       4.132e+11  9.427544e-01 -5.110818e-02 -1.869141e-01  5.724562e-02
-2.27586e+00  4.75862e+00       3.413e+11  9.231203e-01  8.643260e-03 -1.762284e-01  7.687965e-02
-1.86207e+00  4.75862e+00       2.905e+11  8.773296e-01  4.957352e-02 -1.070518e-01  1.226704e-01
-1.44828e+00  4.75862e+00       2.361e+11  7.788437e-01 -3.914328e-02 -1.015243e-02  2.211563e-01
-1.03448e+00  4.75862e+00       1.699e+11  5.871656e-01 -2.439975e-01  9.385230e-02  4.128344e-01
-6.20690e-01  4.75862e+00       1.224e+11  3.841010e-01 -4.283325e-01  2.191254e-01  6.158990e-01
-2.06897e-01  4.75862e+00       1.099e+11  3.805923e-01 -4.443322e-01  3.917066e-01  6.194077e-01
 2.06897e-01  4.75862e+00       1.310e+11  5.244936e-01 -3.565753e-01  4.941422e-01  4.755064e-01
 6.20690e-01  4.75862e+00       1.732e+11  6.435385e-01 -2.833346e-01  4.460781e-01  3.564615e-01
 1.03448e+00  4.75862e+00       2.024e+11  6.916320e-01 -2.135397e-01  3.129263e-01  3.083680e-01
 1.44828e+00  4.75862e+00       1.960e+11  6.663811e-01 -9.001351e-02  1.991813e-01  3.336189e-01
 1.86207e+00  4.75862e+00       1.931e+11  6.587461e-01  3.594138e-02  2.308684e-01  3.412539e-01
 2.27586e+00  4.75862e+00       2.708e+11  7.917492e-01  1.508270e-02  2.963030e-01  2.082508e-01
 2.68966e+00  4.75862e+00       4.501e+11  9.108668e-01 -3.003531e-02  2.327079e-01  8.913319e-02
 3.10345e+00  4.75862e+00       6.154e+11  9.567303e-01 -4.011898e-02  1.277622e-01  4.326969e-02
 3.51724e+00  4.75862e+00       6.359e+11  9.500758e-01 -4.745986e-02 -2.401346e-03  4.992419e-02
 3.93103e+00  4.75862e+00       5.428e+11  8.786078e-01 -6.265211e-02 -2.048593e-01  1.213922e-01
 4.34483e+00  4.75862e+00       4.528e+11  7.506066e-01 -5.888497e-02 -4.661639e-01  2.493934e-01
 4.75862e+00  4.75862e+00       4.192e+11  6.281559e-01 -1.297481e-02 -6.553936e-01  3.718441e-01
 5.17241e+00  4.75862e+00       4.852e+11  4.665155e-01  1.137335e-02 -7.758655e-01  5.334845e-01
 5.58621e+00  4.75862e+00       7.632e+11  2.535096e-01 -1.158881e-02 -8.879180e-01  7.464904e-01
 6.00000e+00  4.75862e+00       1.207e+12  1.090367e-01 -1.889659e-02 -9.500233e-01  8.909633e-01
-6.00000e+00  5.17241e+00       1.544e+12  2.109310e-01 -1.201311e-02  9.438039e-01  7.890690e-01
-5.58621e+00  5.17241e+00       1.312e+12  3.198699e-01  3.387881e-03  8.942885e-01  6.801301e-01
-5.17241e+00  5.17241e+00       9.701e+11  4.393357e-01  4.615927e-02  8.269886e-01  5.606643e-01
-4.75862e+00  5.17241e+00       6.317e+11  5.336317e-01  9.960276e-02  7.608199e-01  4.663683e-01
-4.34483e+00  5.17241e+00       4.248e+11  6.068162e-01  8.971985e-02  6.755260e-01  3.931838e-01
-3.93103e+00  5.17241e+00       4.154e+11  7.255888e-01 -1.158665e-03  4.670539e-01  2.744112e-01
-3.51724e+00  5.17241e+00       5.055e+11  8.317877e-01 -5.474388e-02  1.667833e-01  1.682123e-01
-3.10345e+00  5.17241e+00       5.590e+11  8.767112e-01 -6.275097e-02 -1.172846e-01  1.232888e-01
-2.68966e+00  5.17241e+00       5.208e+11  8.582883e-01 -5.999009e-02 -3.460526e-01  1.417117e-01
-2.27586e+00  5.17241e+00       4.391e+11  7.926387e-01 -7.341988e-02 -5.227104e-01  2.073613e-01
-1.86207e+00  5.17241e+00       3.630e+11  7.190625e-01 -6.951465e-02 -6.319662e-01  2.809375e-01
-1.44828e+00  5.17241e+00       2.977e+11  6.710443e-01 -2.564814e-02 -6.619502e-01  3.289557e-01
-1.03448e+00  5.17241e+00       2.249e+11  6.364000e-01  2.101881e-02 -5.917672e-01  3.636000e-01
-6.20690e-01  5.17241e+00       1.511e+11  5.387683e-01  1.223283e-01 -3.763353e-01  4.612317e-01
-2.06897e-01  5.17241e+00       1.097e+11  3.581601e-01  3.174881e-01 -5.364272e-02  6.418399e-01
 2.06897e-01  5.17241e+00       9.770e+10  2.305474e-01  3.629389e-01  1.648667e-01  7.694526e-01
 6.20690e-01  5.17241e+00       1.014e+11  1.182693e-01  1.892755e-01  3.134489e-01  8.817307e-01
 1.03448e+00  5.17241e+00       1.369e+11  1.079460e-01  4.622738e-02  5.249589e-01  8.920540e-01
 1.44828e+00  5.17241e+00       2.333e+11  3.630525e-01  1.630070e-03  6.571163e-01  6.369475e-01
 1.86207e+00  5.17241e+00       3.910e+11  6.289786e-01 -2.977269e-02  6.320120e-01  3.710214e-01
 2.27586e+00  5.17241e+00       5.427e+11  7.874268e-01 -4.265204e-02  5.262558e-01  2.125732e-01
 2.68966e+00  5.17241e+00       6.033e+11  8.747189e-01 -4.706112e-02  3.844216e-01  1.252811e-01
 3.10345e+00  5.17241e+00       5.578e+11  9.047253e-01 -6.387608e-02  1.991842e-01  9.527469e-02
 3.51724e+00  5.17241e+00       4.700e+11  8.701630e-01 -8.568988e-02 -7.435223e-02  1.298370e-01
 3.93103e+00  5.17241e+00       4.162e+11  7.963710e-01 -6.758171e-02 -3.712719e-01  2.036290e-01
 4.34483e+00  5.17241e+00       4.125e+11  7.318589e-01 -5.088208e-03 -5.445974e-01  2.681411e-01
 4.75862e+00  5.17241e+00       4.827e+11  6.204381e-01  1.810039e-02 -6.640581e-01  3.795619e-01
 5.17241e+00  5.17241e+00       7.543e+11  4.324634e-01 -1.049212e-02 -8.138113e-01  5.675366e-01
 5.58621e+00  5.17241e+00       1.242e+12  2.891057e-01 -1.964061e-02 -9.102733e-01  7.108943e-01
 6.00000e+00  5.17241e+00       1.633e+12  1.950928e-01 -8.202374e-03 -9.545553e-01  8.049072e-01
-6.00000e+00  5.58621e+00       1.734e+12  2.949568e-01 -1.118184e-02  9.350947e-01  7.050432e-01
-5.58621e+00  5.58621e+00       1.647e+12  3.871866e-01 -1.117111e-02  8.865658e-01  6.128134e-01
-5.17241e+00  5.58621e+00       1.403e+12  4.946943e-01  4.836824e-03  8.119749e-01  5.053057e-01
-4.75862e+00  5.58621e+00       1.068e+12  6.060056e-01  4.695176e-02  7.173316e-01  3.939944e-01
-4.34483e+00  5.58621e+00       7.070e+11  6.864330e-01  1.049884e-01  6.320877e-01  3.135670e-01
-3.93103e+00  5.58621e+00       4.320e+11  7.220776e-01  1.222949e-01  5.666668e-01  2.779224e-01
-3.51724e+00  5.58621e+00       3.483e+11  7.752971e-01  3.854140e-02  4.335491e-01  2.247029e-01
-3.10345e+00  5.58621e+00       3.921e+11  8.213515e-01 -4.617442e-02  1.617828e-01  1.786485e-01
-2.68966e+00  5.58621e+00       4.528e+11  7.913555e-01 -8.446155e-02 -1.969140e-01  2.086445e-01
-2.27586e+00  5.58621e+00       4.725e+11  6.918661e-01 -7.982872e-02 -5.134213e-01  3.081339e-01
-1.86207e+00  5.58621e+00       4.165e+11  5.227387e-01 -5.170616e-02 -7.212941e-01  4.772613e-01
-1.44828e+00  5.58621e+00       3.351e+11  2.215603e-01 -5.280035e-02 -8.489241e-01  7.784397e-01
-1.03448e+00  5.58621e+00       3.098e+11 -1.685043e-01 -1.135205e-01 -8.537810e-01  8.314957e-01
-6.20690e-01  5.58621e+00       3.248e+11 -4.788794e-01 -1.730323e-01 -6.884262e-01  5.211206e-01
-2.06897e-01  5.58621e+00       3.331e+11 -6.850941e-01 -2.008538e-01 -3.543040e-01  3.149059e-01
 2.06897e-01  5.58621e+00       3.346e+11 -7.299652e-01 -1.956298e-01  1.048583e-01  2.700348e-01
 6.20690e-01  5.58621e+00       3.406e+11 -5.415061e-01 -1.569109e-01  5.293883e-01  4.584939e-01
 1.03448e+00  5.58621e+00       3.588e+11 -1.505767e-01 -9.710573e-02  7.801298e-01  8.494233e-01
 1.44828e+00  5.58621e+00       4.032e+11  2.728106e-01 -5.288515e-02  8.266541e-01  7.271894e-01
 1.86207e+00  5.58621e+00       4.514e+11  5.514831e-01 -5.158554e-02  7.472237e-01  4.485169e-01
 2.27586e+00  5.58621e+00       4.479e+11  6.977288e-01 -8.096871e-02  5.971820e-01  3.022712e-01
 2.68966e+00  5.58621e+00       3.930e+11  7.810294e-01 -1.207867e-01  3.303546e-01  2.189706e-01
 3.10345e+00  5.58621e+00       3.530e+11  8.221544e-01 -1.252259e-01 -3.308845e-02  1.778456e-01
 3.51724e+00  5.58621e+00       3.611e+11  8.307621e-01 -5.303726e-02 -2.894129e-01  1.692379e-01
 3.93103e+00  5.58621e+00       3.958e+11  8.220831e-01  2.291155e-02 -3.933153e-01  1.779169e-01
 4.34483e+00  5.58621e+00       4.816e+11  7.436663e-01  2.335262e-02 -5.159029e-01  2.563337e-01
 4.75862e+00  5.58621e+00       7.692e+11  5.880369e-01 -1.408994e-02 -7.089184e-01  4.119631e-01
 5.17241e+00  5.58621e+00       1.292e+12  4.619051e-01 -2.015485e-02 -8.368558e-01  5.380949e-01
 5.58621e+00  5.58621e+00       1.752e+12  3.726359e-01 -6.604432e-03 -9.016359e-01  6.273641e-01
 6.00000e+00  5.58621e+00       1.858e+12  2.955714e-01  6.434057e-03 -9.387812e-01  7.044286e-01
-6.00000e+00  6.00000e+00       1.808e+12  4.003458e-01 -5.340778e-03  9.054390e-01  5.996542e-01
-5.58621e+00  6.00000e+00       1.842e+12  4.634287e-01 -1.062603e-02  8.674710e-01  5.365713e-01
-5.17241e+00  6.00000e+00       1.706e+12  5.517464e-01 -1.078507e-02  7.974225e-01  4.482536e-01
-4.75862e+00  6.00000e+00       1.479e+12  6.506230e-01  2.626429e-03  6.950809e-01  3.493770e-01
-4.34483e+00  6.00000e+00       1.187e+12  7.483243e-01  3.893089e-02  5.674284e-01  2.516757e-01
-3.93103e+00  6.00000e+00       8.441e+11  8.203435e-01  9.760111e-02  4.467506e-01  1.796565e-01
-3.51724e+00  6.00000e+00       5.042e+11  8.379495e-01  1.521374e-01  3.729342e-01  1.620505e-01
-3.10345e+00  6.00000e+00       3.053e+11  8.306917e-01  1.270245e-01  3.192887e-01  1.693083e-01
-2.68966e+00  6.00000e+00       2.743e+11  8.660108e-01  2.417016e-02  1.945210e-01  1.339892e-01
-2.27586e+00  6.00000e+00       2.918e+11  8.466062e-01 -6.415482e-02 -2.210482e-03  1.533938e-01
-1.86207e+00  6.00000e+00       2.884e+11  6.819491e-01 -1.390343e-01 -2.830858e-01  3.180509e-01
-1.44828e+00  6.00000e+00       2.767e+11  3.018756e-01 -1.786012e-01 -5.581958e-01  6.981244e-01
-1.03448e+00  6.00000e+00       2.834e+11 -2.150883e-01 -2.111423e-01 -6.596221e-01  7.849117e-01
-6.20690e-01  6.00000e+00       3.081e+11 -5.937007e-01 -2.303072e-01 -5.169897e-01  4.062993e-01
-2.06897e-01  6.00000e+00       3.250e+11 -7.631295e-01 -2.187919e-01 -1.829638e-01  2.368705e-01
 2.06897e-01  6.00000e+00       3.309e+11 -7.388099e-01 -2.049907e-01  2.448940e-01  2.611901e-01
 6.20690e-01  6.00000e+00       3.222e+11 -5.540487e-01 -2.020916e-01  5.964056e-01  4.459513e-01
 1.03448e+00  6.00000e+00       2.803e+11 -2.854697e-01 -2.074227e-01  7.654457e-01  7.145303e-01
 1.44828e+00  6.00000e+00       2.287e+11  7.677476e-02 -2.447380e-01  7.024395e-01  9.232252e-01
 1.86207e+00  6.00000e+00       2.135e+11  4.687071e-01 -2.840854e-01  4.235607e-01  5.312929e-01
 2.27586e+00  6.00000e+00       2.302e+11  7.003525e-01 -2.252199e-01  1.258763e-01  2.996475e-01
 2.68966e+00  6.00000e+00       2.717e+11  8.122551e-01 -8.275831e-02 -6.375511e-02  1.877449e-01
 3.10345e+00  6.00000e+00       3.318e+11  8.724365e-01  3.154364e-02 -1.218993e-01  1.275635e-01
 3.51724e+00  6.00000e+00       3.794e+11  8.838180e-01  5.838128e-02 -1.635730e-01  1.161820e-01
 3.93103e+00  6.00000e+00       4.882e+11  8.249322e-01  1.260108e-02 -3.418017e-01  1.750678e-01
 4.34483e+00  6.00000e+00       8.241e+11  7.159458e-01 -2.257649e-02 -5.833829e-01  2.840542e-01
 4.75862e+00  6.00000e+00       1.377e+12  6.212325e-01 -1.820255e-02 -7.314643e-01  3.787675e-01
 5.17241e+00  6.00000e+00       1.860e+12  5.440956e-01 -1.432391e-03 -8.136740e-01  4.559044e-01
 5.58621e+00  6.00000e+00       2.010e+12  4.723145e-01  1.018600e-02 -8.667863e-01  5.276855e-01
 6.00000e+00  6.00000e+00       1.826e+12  4.023622e-01  9.998594e-03 -9.039793e-01  5.976378e-01
