 EB(GeV)    EMITTANCEx EMITTANCEy SIZEx(m)   SIZEy(m)   DIVx(rad)  DIVy(rad)
 1.500e+00  5.941e-09  5.941e-11  1.840e-04  1.299e-05  3.228e-05  4.574e-06
 betax      alphax     betay      alphay     eta        deta       E_spread  
 5.700e+00  0.000e+00  2.840e+00  0.000e+00  0.000e+00  0.000e+00  1.000e-03
 Ibeam(A) 
  2.000e-01


           x            y       F.Density            PL            PC          PL45        1-|PL|
          mm           mm  ph/s/mm^2/0.1%             -             -             -             -
-6.00000e+00 -6.00000e+00       1.913e+12  4.288621e-01  2.802928e-03 -8.842889e-01  5.711379e-01
-5.58621e+00 -6.00000e+00       2.005e+12  4.755227e-01  5.738085e-04 -8.541894e-01  5.244773e-01
-5.17241e+00 -6.00000e+00       1.756e+12  5.467602e-01 -3.272323e-03 -7.925322e-01  4.532398e-01
-4.75862e+00 -6.00000e+00       1.445e+12  6.466419e-01 -8.377776e-03 -6.856595e-01  3.533581e-01
-4.34483e+00 -6.00000e+00       1.192e+12  7.522555e-01 -2.095892e-02 -5.507916e-01  2.477445e-01
-3.93103e+00 -6.00000e+00       9.026e+11  8.263419e-01 -5.597741e-02 -4.328843e-01  1.736581e-01
-3.51724e+00 -6.00000e+00       5.613e+11  8.466581e-01 -1.095526e-01 -3.549064e-01  1.533419e-01
-3.10345e+00 -6.00000e+00       3.341e+11  8.303787e-01 -1.250037e-01 -2.780796e-01  1.696213e-01
-2.68966e+00 -6.00000e+00       2.789e+11  8.441063e-01 -5.612484e-02 -1.387408e-01  1.558937e-01
-2.27586e+00 -6.00000e+00       2.760e+11  8.284674e-01  2.166642e-02  2.477836e-02  1.715326e-01
-1.86207e+00 -6.00000e+00       2.526e+11  6.902160e-01  9.410181e-02  2.536044e-01  3.097840e-01
-1.44828e+00 -6.00000e+00       2.308e+11  3.219483e-01  1.406166e-01  5.037721e-01  6.780517e-01
-1.03448e+00 -6.00000e+00       2.408e+11 -2.344054e-01  1.969991e-01  5.919893e-01  7.655946e-01
-6.20690e-01 -6.00000e+00       2.814e+11 -6.290682e-01  2.590884e-01  4.302851e-01  3.709318e-01
-2.06897e-01 -6.00000e+00       3.175e+11 -7.710551e-01  2.785066e-01  1.004921e-01  2.289449e-01
 2.06897e-01 -6.00000e+00       3.290e+11 -7.252569e-01  2.571338e-01 -2.883495e-01  2.747431e-01
 6.20690e-01 -6.00000e+00       3.097e+11 -5.345482e-01  2.069855e-01 -6.011664e-01  4.654518e-01
 1.03448e+00 -6.00000e+00       2.621e+11 -2.282365e-01  1.511704e-01 -7.387789e-01  7.717635e-01
 1.44828e+00 -6.00000e+00       2.294e+11  2.053456e-01  1.444900e-01 -6.413555e-01  7.946544e-01
 1.86207e+00 -6.00000e+00       2.434e+11  5.742375e-01  1.658955e-01 -4.023054e-01  4.257625e-01
 2.27586e+00 -6.00000e+00       2.695e+11  7.383536e-01  1.254515e-01 -1.790644e-01  2.616464e-01
 2.68966e+00 -6.00000e+00       3.002e+11  8.159090e-01  3.113013e-02  2.213196e-03  1.840910e-01
 3.10345e+00 -6.00000e+00       3.501e+11  8.666011e-01 -2.878920e-02  1.038305e-01  1.333989e-01
 3.51724e+00 -6.00000e+00       4.075e+11  8.737070e-01 -1.264744e-02  1.913426e-01  1.262930e-01
 3.93103e+00 -6.00000e+00       5.545e+11  8.166932e-01  2.482929e-02  3.744610e-01  1.833068e-01
 4.34483e+00 -6.00000e+00       9.339e+11  7.221286e-01  2.491403e-02  5.789242e-01  2.778714e-01
 4.75862e+00 -6.00000e+00       1.482e+12  6.350344e-01  9.553029e-03  7.105339e-01  3.649656e-01
 5.17241e+00 -6.00000e+00       1.887e+12  5.540456e-01 -1.599141e-03  7.948864e-01  4.459544e-01
 5.58621e+00 -6.00000e+00       1.984e+12  4.710914e-01 -5.780558e-03  8.566279e-01  5.289086e-01
 6.00000e+00 -6.00000e+00       1.856e+12  3.979271e-01 -5.952795e-03  8.975505e-01  6.020729e-01
-6.00000e+00 -5.58621e+00       1.766e+12  2.978321e-01 -4.868459e-03 -9.342015e-01  7.021679e-01
-5.58621e+00 -5.58621e+00       1.652e+12  3.833222e-01 -3.487640e-03 -8.870769e-01  6.166778e-01
-5.17241e+00 -5.58621e+00       1.395e+12  4.938799e-01 -6.064744e-03 -8.084132e-01  5.061201e-01
-4.75862e+00 -5.58621e+00       1.105e+12  6.100443e-01 -2.577681e-02 -7.091620e-01  3.899557e-01
-4.34483e+00 -5.58621e+00       7.749e+11  6.937662e-01 -7.074337e-02 -6.215428e-01  3.062338e-01
-3.93103e+00 -5.58621e+00       4.782e+11  7.313489e-01 -1.069480e-01 -5.468473e-01  2.686511e-01
-3.51724e+00 -5.58621e+00       3.515e+11  7.735724e-01 -6.470965e-02 -4.164284e-01  2.264276e-01
-3.10345e+00 -5.58621e+00       3.577e+11  8.114760e-01  1.733722e-02 -1.700599e-01  1.885240e-01
-2.68966e+00 -5.58621e+00       4.059e+11  7.745953e-01  7.616930e-02  1.964229e-01  2.254047e-01
-2.27586e+00 -5.58621e+00       4.546e+11  6.714601e-01  9.316294e-02  5.333150e-01  3.285399e-01
-1.86207e+00 -5.58621e+00       4.355e+11  5.244538e-01  7.535997e-02  7.346444e-01  4.755462e-01
-1.44828e+00 -5.58621e+00       3.475e+11  2.811739e-01  7.136371e-02  8.405154e-01  7.188261e-01
-1.03448e+00 -5.58621e+00       2.860e+11 -1.131778e-01  1.381536e-01  8.164886e-01  8.868222e-01
-6.20690e-01 -5.58621e+00       2.870e+11 -5.025214e-01  2.233578e-01  5.911289e-01  4.974786e-01
-2.06897e-01 -5.58621e+00       3.070e+11 -7.212156e-01  2.553889e-01  2.275063e-01  2.787844e-01
 2.06897e-01 -5.58621e+00       3.118e+11 -7.367974e-01  2.433645e-01 -1.873133e-01  2.632026e-01
 6.20690e-01 -5.58621e+00       3.068e+11 -5.217027e-01  1.903431e-01 -5.630048e-01  4.782973e-01
 1.03448e+00 -5.58621e+00       3.270e+11 -1.060802e-01  1.074662e-01 -7.980417e-01  8.939198e-01
 1.44828e+00 -5.58621e+00       3.892e+11  2.917532e-01  5.855335e-02 -8.373942e-01  7.082468e-01
 1.86207e+00 -5.58621e+00       4.499e+11  5.438967e-01  5.718010e-02 -7.474949e-01  4.561033e-01
 2.27586e+00 -5.58621e+00       4.564e+11  6.997949e-01  6.719060e-02 -5.692656e-01  3.002051e-01
 2.68966e+00 -5.58621e+00       4.186e+11  8.012437e-01  7.783103e-02 -2.844580e-01  1.987563e-01
 3.10345e+00 -5.58621e+00       3.871e+11  8.439284e-01  7.296592e-02  3.884958e-02  1.560716e-01
 3.51724e+00 -5.58621e+00       3.858e+11  8.391858e-01  2.676839e-02  2.677143e-01  1.608142e-01
 3.93103e+00 -5.58621e+00       4.195e+11  8.123783e-01 -9.501728e-03  3.968141e-01  1.876217e-01
 4.34483e+00 -5.58621e+00       5.351e+11  7.258475e-01  5.459321e-03  5.420173e-01  2.741525e-01
 4.75862e+00 -5.58621e+00       8.644e+11  5.891899e-01  1.957610e-02  7.147312e-01  4.108101e-01
 5.17241e+00 -5.58621e+00       1.383e+12  4.742058e-01  1.117925e-02  8.280514e-01  5.257942e-01
 5.58621e+00 -5.58621e+00       1.797e+12  3.813917e-01 -2.314654e-05  8.941785e-01  6.186083e-01
 6.00000e+00 -5.58621e+00       1.925e+12  2.991247e-01 -3.469548e-03  9.358942e-01  7.008753e-01
-6.00000e+00 -5.17241e+00       1.583e+12  2.100701e-01  7.203673e-04 -9.445316e-01  7.899299e-01
-5.58621e+00 -5.17241e+00       1.323e+12  3.214747e-01 -4.776221e-03 -8.915081e-01  6.785253e-01
-5.17241e+00 -5.17241e+00       1.019e+12  4.465738e-01 -2.815938e-02 -8.210658e-01  5.534262e-01
-4.75862e+00 -5.17241e+00       6.977e+11  5.415417e-01 -7.305156e-02 -7.538171e-01  4.584583e-01
-4.34483e+00 -5.17241e+00       4.563e+11  6.098786e-01 -9.063561e-02 -6.687329e-01  3.901214e-01
-3.93103e+00 -5.17241e+00       3.985e+11  7.153378e-01 -2.468347e-02 -4.718664e-01  2.846622e-01
-3.51724e+00 -5.17241e+00       4.672e+11  8.229097e-01  4.312965e-02 -1.621183e-01  1.770903e-01
-3.10345e+00 -5.17241e+00       5.431e+11  8.722959e-01  6.799922e-02  1.318693e-01  1.277041e-01
-2.68966e+00 -5.17241e+00       5.327e+11  8.540252e-01  7.616650e-02  3.533272e-01  1.459748e-01
-2.27586e+00 -5.17241e+00       4.506e+11  7.760699e-01  1.019398e-01  5.340717e-01  2.239301e-01
-1.86207e+00 -5.17241e+00       3.610e+11  6.690900e-01  1.290039e-01  6.717249e-01  3.309100e-01
-1.44828e+00 -5.17241e+00       2.891e+11  5.661242e-01  1.290474e-01  7.436257e-01  4.338758e-01
-1.03448e+00 -5.17241e+00       2.282e+11  4.883616e-01  1.351561e-01  7.147199e-01  5.116384e-01
-6.20690e-01 -5.17241e+00       1.630e+11  4.319007e-01  1.372368e-01  5.230000e-01  5.680993e-01
-2.06897e-01 -5.17241e+00       1.160e+11  3.753065e-01  8.623587e-02  1.352167e-01  6.246935e-01
 2.06897e-01 -5.17241e+00       1.046e+11  2.588826e-01  9.124631e-02 -2.360342e-01  7.411174e-01
 6.20690e-01 -5.17241e+00       1.226e+11  8.924770e-02  1.728420e-01 -4.695483e-01  9.107523e-01
 1.03448e+00 -5.17241e+00       1.728e+11  1.283016e-01  1.498655e-01 -6.391009e-01  8.716984e-01
 1.44828e+00 -5.17241e+00       2.769e+11  4.164450e-01  8.192006e-02 -6.911686e-01  5.835550e-01
 1.86207e+00 -5.17241e+00       4.301e+11  6.605395e-01  5.837687e-02 -6.381741e-01  3.394605e-01
 2.27586e+00 -5.17241e+00       5.574e+11  7.948987e-01  5.043359e-02 -5.328099e-01  2.051013e-01
 2.68966e+00 -5.17241e+00       5.994e+11  8.725745e-01  4.525308e-02 -3.850750e-01  1.274255e-01
 3.10345e+00 -5.17241e+00       5.625e+11  9.015435e-01  4.833559e-02 -1.793908e-01  9.845649e-02
 3.51724e+00 -5.17241e+00       4.923e+11  8.728867e-01  5.466857e-02  9.768028e-02  1.271133e-01
 3.93103e+00 -5.17241e+00       4.390e+11  8.034381e-01  4.012604e-02  3.681358e-01  1.965619e-01
 4.34483e+00 -5.17241e+00       4.330e+11  7.243942e-01  4.478415e-03  5.439431e-01  2.756058e-01
 4.75862e+00 -5.17241e+00       5.270e+11  6.000499e-01  6.993325e-04  6.819892e-01  3.999501e-01
 5.17241e+00 -5.17241e+00       8.332e+11  4.307726e-01  1.529769e-02  8.211148e-01  5.692274e-01
 5.58621e+00 -5.17241e+00       1.316e+12  3.007126e-01  1.299614e-02  9.068067e-01  6.992874e-01
 6.00000e+00 -5.17241e+00       1.656e+12  2.050363e-01  3.980624e-03  9.503501e-01  7.949637e-01
-6.00000e+00 -4.75862e+00       1.244e+12  1.383292e-01 -2.152844e-03 -9.390015e-01  8.616708e-01
-5.58621e+00 -4.75862e+00       9.496e+11  2.675314e-01 -2.464173e-02 -8.925806e-01  7.324686e-01
-5.17241e+00 -4.75862e+00       6.532e+11  3.807607e-01 -6.859358e-02 -8.400894e-01  6.192393e-01
-4.75862e+00 -4.75862e+00       4.514e+11  4.862408e-01 -7.926379e-02 -7.501015e-01  5.137592e-01
-4.34483e+00 -4.75862e+00       4.317e+11  6.560715e-01 -9.935825e-03 -5.360480e-01  3.439285e-01
-3.93103e+00 -4.75862e+00       5.232e+11  8.186100e-01  4.594749e-02 -2.651038e-01  1.813900e-01
-3.51724e+00 -4.75862e+00       5.740e+11  9.084581e-01  6.622947e-02 -4.276880e-02  9.154191e-02
-3.10345e+00 -4.75862e+00       5.191e+11  9.378940e-01  8.366477e-02  1.233188e-01  6.210597e-02
-2.68966e+00 -4.75862e+00       4.234e+11  9.333771e-01  9.214339e-02  2.271241e-01  6.662293e-02
-2.27586e+00 -4.75862e+00       3.505e+11  9.136865e-01  3.444999e-02  2.448150e-01  8.631346e-02
-1.86207e+00 -4.75862e+00       3.102e+11  8.826350e-01 -5.694045e-02  1.912122e-01  1.173650e-01
-1.44828e+00 -4.75862e+00       2.652e+11  8.194493e-01 -5.449245e-02  9.063333e-02  1.805507e-01
-1.03448e+00 -4.75862e+00       1.930e+11  6.570756e-01  5.913848e-02 -5.315063e-02  3.429244e-01
-6.20690e-01 -4.75862e+00       1.338e+11  3.933148e-01  1.985914e-01 -2.327680e-01  6.066852e-01
-2.06897e-01 -4.75862e+00       1.167e+11  2.894058e-01  2.367319e-01 -4.091439e-01  7.105942e-01
 2.06897e-01 -4.75862e+00       1.355e+11  4.358147e-01  1.831014e-01 -4.903619e-01  5.641853e-01
 6.20690e-01 -4.75862e+00       1.694e+11  5.956185e-01  1.291816e-01 -4.204331e-01  4.043815e-01
 1.03448e+00 -4.75862e+00       1.868e+11  6.490344e-01  7.109144e-02 -2.661466e-01  3.509656e-01
 1.44828e+00 -4.75862e+00       1.839e+11  6.132861e-01 -2.506045e-02 -1.689314e-01  3.867139e-01
 1.86207e+00 -4.75862e+00       2.067e+11  6.568701e-01 -5.536222e-02 -2.400539e-01  3.431299e-01
 2.27586e+00 -4.75862e+00       3.120e+11  8.174809e-01  1.666899e-02 -2.923128e-01  1.825191e-01
 2.68966e+00 -4.75862e+00       4.921e+11  9.222047e-01  4.641394e-02 -2.306875e-01  7.779533e-02
 3.10345e+00 -4.75862e+00       6.308e+11  9.587288e-01  4.299938e-02 -1.321723e-01  4.127122e-02
 3.51724e+00 -4.75862e+00       6.356e+11  9.462691e-01  3.987522e-02  5.477906e-03  5.373094e-02
 3.93103e+00 -4.75862e+00       5.518e+11  8.737952e-01  4.312562e-02  2.187484e-01  1.262048e-01
 4.34483e+00 -4.75862e+00       4.676e+11  7.515521e-01  3.686608e-02  4.690411e-01  2.484479e-01
 4.75862e+00 -4.75862e+00       4.354e+11  6.191395e-01  8.860657e-03  6.562995e-01  3.808605e-01
 5.17241e+00 -4.75862e+00       5.228e+11  4.461700e-01  5.857472e-04  7.885138e-01  5.538300e-01
 5.58621e+00 -4.75862e+00       8.275e+11  2.527093e-01  1.318132e-02  8.937303e-01  7.472907e-01
 6.00000e+00 -4.75862e+00       1.261e+12  1.199533e-01  1.262549e-02  9.493185e-01  8.800467e-01
-6.00000e+00 -4.34483e+00       8.970e+11  8.171610e-02 -1.723636e-02 -9.255264e-01  9.182839e-01
-5.58621e+00 -4.34483e+00       6.254e+11  2.127148e-01 -5.954134e-02 -8.899113e-01  7.872852e-01
-5.17241e+00 -4.34483e+00       4.417e+11  3.494537e-01 -7.630222e-02 -8.132017e-01  6.505463e-01
-4.75862e+00 -4.34483e+00       4.273e+11  5.647524e-01 -1.172318e-02 -6.220543e-01  4.352476e-01
-4.34483e+00 -4.34483e+00       5.160e+11  7.679832e-01  4.375922e-02 -3.929606e-01  2.320168e-01
-3.93103e+00 -4.34483e+00       5.497e+11  8.881924e-01  6.625918e-02 -2.131416e-01  1.118076e-01
-3.51724e+00 -4.34483e+00       4.825e+11  9.445921e-01  8.033299e-02 -9.253241e-02  5.540791e-02
-3.10345e+00 -4.34483e+00       3.935e+11  9.531236e-01  6.631902e-02 -5.454148e-02  4.687640e-02
-2.68966e+00 -4.34483e+00       3.213e+11  9.187902e-01  2.257092e-02 -9.081633e-02  8.120984e-02
-2.27586e+00 -4.34483e+00       2.381e+11  8.419278e-01  1.119135e-02 -1.259730e-01  1.580722e-01
-1.86207e+00 -4.34483e+00       1.484e+11  6.944199e-01 -2.534274e-02 -8.972602e-02  3.055801e-01
-1.44828e+00 -4.34483e+00       8.968e+10  4.580495e-01 -2.692431e-01  5.369508e-02  5.419505e-01
-1.03448e+00 -4.34483e+00       6.247e+10  2.715730e-01 -5.878908e-01  1.788898e-01  7.284270e-01
-6.20690e-01 -4.34483e+00       5.079e+10  2.598259e-01 -7.199402e-01  1.349373e-01  7.401741e-01
-2.06897e-01 -4.34483e+00       5.072e+10  3.658577e-01 -7.104099e-01 -2.013255e-02  6.341423e-01
 2.06897e-01 -4.34483e+00       6.171e+10  5.032274e-01 -6.252921e-01 -2.059586e-01  4.967726e-01
 6.20690e-01 -4.34483e+00       8.671e+10  6.430946e-01 -5.036805e-01 -3.470064e-01  3.569054e-01
 1.03448e+00 -4.34483e+00       1.266e+11  7.575694e-01 -3.759131e-01 -3.432146e-01  2.424306e-01
 1.44828e+00 -4.34483e+00       1.736e+11  8.432797e-01 -2.213844e-01 -2.191857e-01  1.567203e-01
 1.86207e+00 -4.34483e+00       2.125e+11  8.776261e-01 -7.721580e-02 -8.375776e-02  1.223739e-01
 2.27586e+00 -4.34483e+00       2.309e+11  8.625694e-01 -3.294581e-03 -2.260189e-02  1.374306e-01
 2.68966e+00 -4.34483e+00       2.739e+11  8.797242e-01  2.765428e-02 -2.389117e-02  1.202758e-01
 3.10345e+00 -4.34483e+00       4.114e+11  9.404601e-01  4.706650e-02  1.262851e-02  5.953991e-02
 3.51724e+00 -4.34483e+00       5.781e+11  9.631637e-01  4.562156e-02  8.618672e-02  3.683629e-02
 3.93103e+00 -4.34483e+00       6.266e+11  9.332466e-01  3.922091e-02  1.884642e-01  6.675335e-02
 4.34483e+00 -4.34483e+00       5.514e+11  8.338533e-01  3.832934e-02  3.573711e-01  1.661467e-01
 4.75862e+00 -4.34483e+00       4.564e+11  6.720640e-01  3.147927e-02  5.751003e-01  3.279360e-01
 5.17241e+00 -4.34483e+00       4.191e+11  4.897167e-01  6.752544e-03  7.486199e-01  5.102833e-01
 5.58621e+00 -4.34483e+00       5.228e+11  2.655587e-01  1.826962e-03  8.610213e-01  7.344413e-01
 6.00000e+00 -4.34483e+00       8.332e+11  6.383111e-02  1.332820e-02  9.291009e-01  9.361689e-01
-6.00000e+00 -3.93103e+00       6.061e+11  3.739611e-02 -4.638054e-02 -9.066558e-01  9.626039e-01
-5.58621e+00 -3.93103e+00       4.256e+11  1.943055e-01 -7.674778e-02 -8.575882e-01  8.056945e-01
-5.17241e+00 -3.93103e+00       3.928e+11  4.360601e-01 -2.518795e-02 -7.071846e-01  5.639399e-01
-4.75862e+00 -3.93103e+00       4.694e+11  6.802076e-01  3.709039e-02 -5.095876e-01  3.197924e-01
-4.34483e+00 -3.93103e+00       5.049e+11  8.312214e-01  6.365710e-02 -3.547667e-01  1.687786e-01
-3.93103e+00 -3.93103e+00       4.434e+11  9.053924e-01  7.648934e-02 -2.595287e-01  9.460762e-02
-3.51724e+00 -3.93103e+00       3.556e+11  9.119819e-01  6.599895e-02 -2.441399e-01  8.801814e-02
-3.10345e+00 -3.93103e+00       2.727e+11  8.652513e-01  3.893755e-02 -2.688864e-01  1.347487e-01
-2.68966e+00 -3.93103e+00       1.837e+11  7.966119e-01  5.268388e-03 -2.182715e-01  2.033881e-01
-2.27586e+00 -3.93103e+00       1.160e+11  7.313982e-01 -1.116783e-01  1.705521e-02  2.686018e-01
-1.86207e+00 -3.93103e+00       9.200e+10  6.640440e-01 -2.473984e-01  3.542432e-01  3.359560e-01
-1.44828e+00 -3.93103e+00       9.466e+10  5.154410e-01 -2.295188e-01  5.669999e-01  4.845590e-01
-1.03448e+00 -3.93103e+00       1.065e+11  2.563074e-01 -1.608205e-01  6.475759e-01  7.436926e-01
-6.20690e-01 -3.93103e+00       1.230e+11 -6.064921e-02 -1.334477e-01  5.468600e-01  9.393508e-01
-2.06897e-01 -3.93103e+00       1.403e+11 -2.604153e-01 -1.230329e-01  1.843654e-01  7.395847e-01
 2.06897e-01 -3.93103e+00       1.633e+11 -8.887223e-02 -9.044618e-02 -2.757960e-01  9.111278e-01
 6.20690e-01 -3.93103e+00       1.988e+11  3.437893e-01 -7.287946e-02 -4.959575e-01  6.562107e-01
 1.03448e+00 -3.93103e+00       2.275e+11  6.650756e-01 -9.345810e-02 -4.938030e-01  3.349244e-01
 1.44828e+00 -3.93103e+00       2.206e+11  8.042229e-01 -1.301236e-01 -4.208551e-01  1.957771e-01
 1.86207e+00 -3.93103e+00       1.995e+11  8.657480e-01 -1.606815e-01 -2.526161e-01  1.342520e-01
 2.27586e+00 -3.93103e+00       2.089e+11  9.006711e-01 -1.270415e-01 -1.050910e-02  9.932894e-02
 2.68966e+00 -3.93103e+00       2.355e+11  8.977945e-01 -4.373926e-02  1.356470e-01  1.022055e-01
 3.10345e+00 -3.93103e+00       2.702e+11  8.952550e-01  2.473150e-02  1.712953e-01  1.047450e-01
 3.51724e+00 -3.93103e+00       3.731e+11  9.237143e-01  5.314049e-02  1.943114e-01  7.628567e-02
 3.93103e+00 -3.93103e+00       5.216e+11  9.312918e-01  4.950846e-02  2.507801e-01  6.870822e-02
 4.34483e+00 -3.93103e+00       5.738e+11  8.850436e-01  4.034677e-02  3.372758e-01  1.149564e-01
 4.75862e+00 -3.93103e+00       5.033e+11  7.590063e-01  3.618919e-02  4.846245e-01  2.409937e-01
 5.17241e+00 -3.93103e+00       4.119e+11  5.616660e-01  2.518938e-02  6.741025e-01  4.383340e-01
 5.58621e+00 -3.93103e+00       3.913e+11  3.264721e-01  2.291379e-03  8.187864e-01  6.735279e-01
 6.00000e+00 -3.93103e+00       5.303e+11  6.204118e-02  5.013066e-03  8.954044e-01  9.379588e-01
-6.00000e+00 -3.51724e+00       3.565e+11 -2.944948e-02 -5.196005e-02 -8.309591e-01  9.705505e-01
-5.58621e+00 -3.51724e+00       3.195e+11  2.601770e-01 -5.851434e-02 -7.400343e-01  7.398230e-01
-5.17241e+00 -3.51724e+00       3.924e+11  5.610311e-01  9.820606e-03 -5.911569e-01  4.389689e-01
-4.75862e+00 -3.51724e+00       4.480e+11  7.550119e-01  5.132287e-02 -4.580715e-01  2.449881e-01
-4.34483e+00 -3.51724e+00       4.082e+11  8.505936e-01  7.284115e-02 -3.741612e-01  1.494064e-01
-3.93103e+00 -3.51724e+00       3.236e+11  8.646494e-01  7.282646e-02 -3.573021e-01  1.353506e-01
-3.51724e+00 -3.51724e+00       2.419e+11  8.237788e-01  5.119647e-02 -3.647923e-01  1.762212e-01
-3.10345e+00 -3.51724e+00       1.745e+11  8.029457e-01  5.610548e-03 -2.489984e-01  1.970543e-01
-2.68966e+00 -3.51724e+00       1.860e+11  8.722525e-01 -6.282693e-02  8.797627e-02  1.277475e-01
-2.27586e+00 -3.51724e+00       3.892e+11  9.053315e-01 -6.387780e-02  3.188366e-01  9.466850e-02
-1.86207e+00 -3.51724e+00       8.185e+11  8.743299e-01 -5.420218e-02  4.239595e-01  1.256701e-01
-1.44828e+00 -3.51724e+00       1.193e+12  8.183945e-01 -3.922767e-02  5.072021e-01  1.816055e-01
-1.03448e+00 -3.51724e+00       1.133e+12  7.308260e-01  5.967823e-03  5.758072e-01  2.691740e-01
-6.20690e-01 -3.51724e+00       7.512e+11  5.853636e-01  1.126017e-01  5.631190e-01  4.146364e-01
-2.06897e-01 -3.51724e+00       4.627e+11  4.004963e-01  2.649306e-01  2.218720e-01  5.995037e-01
 2.06897e-01 -3.51724e+00       4.724e+11  4.246847e-01  2.195816e-01 -4.077628e-01  5.753153e-01
 6.20690e-01 -3.51724e+00       7.834e+11  6.156199e-01  4.402016e-02 -6.168741e-01  3.843801e-01
 1.03448e+00 -3.51724e+00       1.212e+12  7.504987e-01 -4.296544e-02 -5.747244e-01  2.495013e-01
 1.44828e+00 -3.51724e+00       1.340e+12  8.323752e-01 -6.556543e-02 -4.875704e-01  1.676248e-01
 1.86207e+00 -3.51724e+00       1.003e+12  8.886248e-01 -6.409921e-02 -3.827695e-01  1.113752e-01
 2.27586e+00 -3.51724e+00       5.604e+11  9.290494e-01 -6.676982e-02 -2.388503e-01  7.095063e-02
 2.68966e+00 -3.51724e+00       3.158e+11  9.359645e-01 -7.885148e-02 -1.649551e-02  6.403553e-02
 3.10345e+00 -3.51724e+00       2.498e+11  8.989976e-01 -4.387001e-02  2.084457e-01  1.010024e-01
 3.51724e+00 -3.51724e+00       2.654e+11  8.784583e-01  2.494133e-02  2.948981e-01  1.215417e-01
 3.93103e+00 -3.51724e+00       3.548e+11  8.936966e-01  5.758685e-02  3.219453e-01  1.063034e-01
 4.34483e+00 -3.51724e+00       4.744e+11  8.880224e-01  5.122711e-02  3.679239e-01  1.119776e-01
 4.75862e+00 -3.51724e+00       4.962e+11  8.193893e-01  3.784534e-02  4.476242e-01  1.806107e-01
 5.17241e+00 -3.51724e+00       4.231e+11  6.527598e-01  2.571773e-02  5.944029e-01  3.472402e-01
 5.58621e+00 -3.51724e+00       3.642e+11  4.229107e-01  4.455557e-03  7.653523e-01  5.770893e-01
 6.00000e+00 -3.51724e+00       4.020e+11  1.550714e-01 -9.605164e-03  8.614241e-01  8.449286e-01
-6.00000e+00 -3.10345e+00       2.734e+11  5.804891e-02 -2.900123e-02 -7.703559e-01  9.419511e-01
-5.58621e+00 -3.10345e+00       3.162e+11  4.003639e-01  1.477332e-02 -6.610883e-01  5.996361e-01
-5.17241e+00 -3.10345e+00       3.820e+11  6.460280e-01  5.212998e-02 -5.363796e-01  3.539720e-01
-4.75862e+00 -3.10345e+00       3.716e+11  7.858670e-01  6.631055e-02 -4.475387e-01  2.141330e-01
-4.34483e+00 -3.10345e+00       3.019e+11  8.277254e-01  7.404341e-02 -4.206692e-01  1.722746e-01
-3.93103e+00 -3.10345e+00       2.291e+11  8.010192e-01  6.329007e-02 -4.193144e-01  1.989808e-01
-3.51724e+00 -3.10345e+00       2.037e+11  8.311863e-01  2.095716e-02 -2.749460e-01  1.688137e-01
-3.10345e+00 -3.10345e+00       3.803e+11  9.518307e-01 -1.217231e-02 -2.625257e-02  4.816927e-02
-2.68966e+00 -3.10345e+00       9.496e+11  9.870678e-01 -6.193539e-03  6.089027e-02  1.293218e-02
-2.27586e+00 -3.10345e+00       1.620e+12  9.877413e-01  4.034361e-03  9.950092e-02  1.225870e-02
-1.86207e+00 -3.10345e+00       1.629e+12  9.805360e-01  1.950516e-02  1.334991e-01  1.946396e-02
-1.44828e+00 -3.10345e+00       9.958e+11  9.639337e-01  4.961023e-02  1.697192e-01  3.606633e-02
-1.03448e+00 -3.10345e+00       4.756e+11  9.346552e-01  1.050063e-01  1.901593e-01  6.534484e-02
-6.20690e-01 -3.10345e+00       3.050e+11  9.226242e-01  1.338463e-01  1.391019e-01  7.737577e-02
-2.06897e-01 -3.10345e+00       2.718e+11  9.308469e-01  1.033928e-01  8.021198e-02  6.915309e-02
 2.06897e-01 -3.10345e+00       2.516e+11  9.274122e-01  8.223106e-02  4.320640e-02  7.258777e-02
 6.20690e-01 -3.10345e+00       2.736e+11  9.259909e-01  5.726189e-02 -4.155261e-02  7.400908e-02
 1.03448e+00 -3.10345e+00       4.954e+11  9.550595e-01  2.771121e-03 -1.267601e-01  4.494055e-02
 1.44828e+00 -3.10345e+00       1.087e+12  9.776590e-01 -2.185216e-02 -1.358127e-01  2.234099e-02
 1.86207e+00 -3.10345e+00       1.771e+12  9.861246e-01 -2.944814e-02 -1.189985e-01  1.387544e-02
 2.27586e+00 -3.10345e+00       1.805e+12  9.893042e-01 -3.387582e-02 -9.190362e-02  1.069577e-02
 2.68966e+00 -3.10345e+00       1.141e+12  9.878864e-01 -3.910662e-02 -4.630463e-02  1.211363e-02
 3.10345e+00 -3.10345e+00       5.266e+11  9.673683e-01 -4.755293e-02  5.790349e-02  3.263174e-02
 3.51724e+00 -3.10345e+00       2.843e+11  9.021364e-01 -2.820387e-02  2.533324e-01  9.786355e-02
 3.93103e+00 -3.10345e+00       2.624e+11  8.606174e-01  3.420670e-02  3.697473e-01  1.393826e-01
 4.34483e+00 -3.10345e+00       3.423e+11  8.655283e-01  5.904360e-02  4.034625e-01  1.344717e-01
 4.75862e+00 -3.10345e+00       4.296e+11  8.364017e-01  4.896206e-02  4.530229e-01  1.635983e-01
 5.17241e+00 -3.10345e+00       4.279e+11  7.263425e-01  3.811970e-02  5.486412e-01  2.736575e-01
 5.58621e+00 -3.10345e+00       3.639e+11  5.274637e-01  2.867178e-02  6.943127e-01  4.725363e-01
 6.00000e+00 -3.10345e+00       3.258e+11  2.681196e-01  9.707501e-03  8.162209e-01  7.318804e-01
-6.00000e+00 -2.68966e+00       2.426e+11  2.333644e-01 -4.395257e-02 -6.885077e-01  7.666356e-01
-5.58621e+00 -2.68966e+00       3.100e+11  5.239954e-01  3.874033e-02 -5.911878e-01  4.760046e-01
-5.17241e+00 -2.68966e+00       3.336e+11  7.104618e-01  6.545540e-02 -4.947511e-01  2.895382e-01
-4.75862e+00 -2.68966e+00       2.863e+11  7.969902e-01  7.006193e-02 -4.483350e-01  2.030098e-01
-4.34483e+00 -2.68966e+00       2.227e+11  7.956486e-01  6.840771e-02 -4.445405e-01  2.043514e-01
-3.93103e+00 -2.68966e+00       2.183e+11  8.331959e-01  3.813956e-02 -3.362519e-01  1.668041e-01
-3.51724e+00 -2.68966e+00       4.663e+11  9.520865e-01  8.626946e-03 -1.566283e-01  4.791345e-02
-3.10345e+00 -2.68966e+00       1.155e+12  9.879021e-01  8.860628e-03 -1.013588e-01  1.209787e-02
-2.68966e+00 -2.68966e+00       1.819e+12  9.936999e-01  1.400627e-02 -7.929354e-02  6.300108e-03
-2.27586e+00 -2.68966e+00       1.671e+12  9.943509e-01  2.357490e-02 -6.036050e-02  5.649090e-03
-1.86207e+00 -2.68966e+00       1.062e+12  9.918482e-01  4.420957e-02 -4.327688e-02  8.151842e-03
-1.44828e+00 -2.68966e+00       8.677e+11  9.886171e-01  6.913403e-02 -4.116022e-02  1.138294e-02
-1.03448e+00 -2.68966e+00       1.213e+12  9.905921e-01  6.774698e-02 -4.409783e-02  9.407908e-03
-6.20690e-01 -2.68966e+00       1.683e+12  9.931956e-01  5.182126e-02 -3.005115e-02  6.804355e-03
-2.06897e-01 -2.68966e+00       1.899e+12  9.940625e-01  3.687577e-02  4.204872e-03  5.937456e-03
 2.06897e-01 -2.68966e+00       1.760e+12  9.919168e-01  3.331278e-02  5.285135e-02  8.083233e-03
 6.20690e-01 -2.68966e+00       1.322e+12  9.856991e-01  4.282110e-02  1.031685e-01  1.430093e-02
 1.03448e+00 -2.68966e+00       7.927e+11  9.748596e-01  5.303041e-02  1.429769e-01  2.514039e-02
 1.44828e+00 -2.68966e+00       5.547e+11  9.702549e-01  2.461446e-02  1.315498e-01  2.974506e-02
 1.86207e+00 -2.68966e+00       9.204e+11  9.859756e-01 -1.653718e-02  8.268638e-02  1.402444e-02
 2.27586e+00 -2.68966e+00       1.690e+12  9.928894e-01 -2.430351e-02  7.527305e-02  7.110577e-03
 2.68966e+00 -2.68966e+00       1.954e+12  9.933369e-01 -2.694251e-02  8.322885e-02  6.663058e-03
 3.10345e+00 -2.68966e+00       1.328e+12  9.886179e-01 -3.102930e-02  1.041884e-01  1.138214e-02
 3.51724e+00 -2.68966e+00       6.001e+11  9.643910e-01 -3.533020e-02  1.674731e-01  3.560897e-02
 3.93103e+00 -2.68966e+00       2.884e+11  8.929555e-01 -9.145296e-03  3.158003e-01  1.070445e-01
 4.34483e+00 -2.68966e+00       2.586e+11  8.498798e-01  4.800486e-02  4.157594e-01  1.501202e-01
 4.75862e+00 -2.68966e+00       3.321e+11  8.406968e-01  5.768986e-02  4.537311e-01  1.593032e-01
 5.17241e+00 -2.68966e+00       3.813e+11  7.779606e-01  4.548914e-02  5.144879e-01  2.220394e-01
 5.58621e+00 -2.68966e+00       3.447e+11  6.261133e-01  3.329015e-02  6.231277e-01  3.738867e-01
 6.00000e+00 -2.68966e+00       2.777e+11  4.042239e-01  1.309763e-02  7.508174e-01  5.957761e-01
-6.00000e+00 -2.27586e+00       2.358e+11  3.631419e-01 -3.325445e-02 -6.420019e-01  6.368581e-01
-5.58621e+00 -2.27586e+00       2.741e+11  6.307411e-01  4.062181e-02 -5.186762e-01  3.692589e-01
-5.17241e+00 -2.27586e+00       2.672e+11  7.723898e-01  5.216690e-02 -4.526672e-01  2.276102e-01
-4.75862e+00 -2.27586e+00       2.191e+11  8.058850e-01  6.070195e-02 -4.435228e-01  1.941150e-01
-4.34483e+00 -2.27586e+00       2.017e+11  8.214567e-01  5.316651e-02 -3.929137e-01  1.785433e-01
-3.93103e+00 -2.27586e+00       3.938e+11  9.279174e-01  2.129703e-02 -2.461297e-01  7.208263e-02
-3.51724e+00 -2.27586e+00       1.025e+12  9.737019e-01  1.472599e-02 -1.912108e-01  2.629807e-02
-3.10345e+00 -2.27586e+00       1.753e+12  9.823985e-01  1.645502e-02 -1.748373e-01  1.760154e-02
-2.68966e+00 -2.27586e+00       1.776e+12  9.845774e-01  2.194537e-02 -1.641877e-01  1.542257e-02
-2.27586e+00 -2.27586e+00       1.375e+12  9.840538e-01  3.368493e-02 -1.586882e-01  1.594621e-02
-1.86207e+00 -2.27586e+00       1.620e+12  9.841099e-01  3.521109e-02 -1.520821e-01  1.589006e-02
-1.44828e+00 -2.27586e+00       3.350e+12  9.895636e-01  2.324207e-02 -1.202643e-01  1.043638e-02
-1.03448e+00 -2.27586e+00       7.798e+12  9.944868e-01  1.461472e-02 -8.354608e-02  5.513184e-03
-6.20690e-01 -2.27586e+00       1.497e+13  9.969930e-01  7.763866e-03 -5.199097e-02  3.006999e-03
-2.06897e-01 -2.27586e+00       2.084e+13  9.981014e-01  1.831939e-03 -2.009503e-02  1.898631e-03
 2.06897e-01 -2.27586e+00       2.045e+13  9.981101e-01 -2.520559e-03  1.373212e-02  1.889874e-03
 6.20690e-01 -2.27586e+00       1.404e+13  9.968324e-01 -5.128917e-03  4.878701e-02  3.167589e-03
 1.03448e+00 -2.27586e+00       6.755e+12  9.933937e-01 -5.908875e-03  8.802111e-02  6.606332e-03
 1.44828e+00 -2.27586e+00       2.455e+12  9.849749e-01 -3.385199e-03  1.413718e-01  1.502507e-02
 1.86207e+00 -2.27586e+00       9.701e+11  9.718479e-01 -7.750807e-04  1.978159e-01  2.815208e-02
 2.27586e+00 -2.27586e+00       1.020e+12  9.759704e-01 -1.393187e-02  1.854298e-01  2.402955e-02
 2.68966e+00 -2.27586e+00       1.685e+12  9.821563e-01 -2.024688e-02  1.713850e-01  1.784373e-02
 3.10345e+00 -2.27586e+00       1.839e+12  9.825411e-01 -2.277060e-02  1.731740e-01  1.745891e-02
 3.51724e+00 -2.27586e+00       1.166e+12  9.767306e-01 -2.621707e-02  1.880589e-01  2.326943e-02
 3.93103e+00 -2.27586e+00       4.977e+11  9.473466e-01 -2.422446e-02  2.451403e-01  5.265342e-02
 4.34483e+00 -2.27586e+00       2.527e+11  8.786712e-01  1.769404e-02  3.679119e-01  1.213288e-01
 4.75862e+00 -2.27586e+00       2.525e+11  8.519286e-01  5.735367e-02  4.333904e-01  1.480714e-01
 5.17241e+00 -2.27586e+00       3.059e+11  8.245063e-01  5.155470e-02  4.708050e-01  1.754937e-01
 5.58621e+00 -2.27586e+00       2.991e+11  7.184258e-01  3.712530e-02  5.417941e-01  2.815742e-01
 6.00000e+00 -2.27586e+00       2.344e+11  4.946938e-01  1.086997e-02  6.615617e-01  5.053062e-01
-6.00000e+00 -1.86207e+00       1.901e+11  5.767163e-01 -5.504999e-03 -5.324460e-01  4.232837e-01
-5.58621e+00 -1.86207e+00       2.380e+11  7.618228e-01  1.070978e-02 -4.622260e-01  2.381772e-01
-5.17241e+00 -1.86207e+00       2.246e+11  8.214482e-01  4.481112e-02 -4.363161e-01  1.785518e-01
-4.75862e+00 -1.86207e+00       1.858e+11  8.285526e-01  6.669416e-02 -4.115417e-01  1.714474e-01
-4.34483e+00 -1.86207e+00       2.653e+11  8.970114e-01  3.562785e-02 -3.037182e-01  1.029886e-01
-3.93103e+00 -1.86207e+00       7.140e+11  9.601923e-01  1.724806e-02 -2.319853e-01  3.980768e-02
-3.51724e+00 -1.86207e+00       1.476e+12  9.740395e-01  1.608531e-02 -2.150225e-01  2.596049e-02
-3.10345e+00 -1.86207e+00       1.823e+12  9.769131e-01  1.834510e-02 -2.081205e-01  2.308686e-02
-2.68966e+00 -1.86207e+00       1.725e+12  9.774228e-01  2.373328e-02 -2.034128e-01  2.257723e-02
-2.27586e+00 -1.86207e+00       3.015e+12  9.798986e-01  1.931026e-02 -1.904485e-01  2.010137e-02
-1.86207e+00 -1.86207e+00       9.293e+12  9.841973e-01  7.734568e-03 -1.701343e-01  1.580273e-02
-1.44828e+00 -1.86207e+00       2.415e+13  9.877966e-01 -9.502822e-04 -1.481793e-01  1.220341e-02
-1.03448e+00 -1.86207e+00       4.442e+13  9.912810e-01 -7.375328e-03 -1.200377e-01  8.718965e-03
-6.20690e-01 -1.86207e+00       6.030e+13  9.946583e-01 -1.146643e-02 -8.178852e-02  5.341663e-03
-2.06897e-01 -1.86207e+00       6.713e+13  9.970705e-01 -1.334820e-02 -3.259924e-02  2.929549e-03
 2.06897e-01 -1.86207e+00       6.722e+13  9.974093e-01 -1.430280e-02  2.130303e-02  2.590684e-03
 6.20690e-01 -1.86207e+00       6.012e+13  9.956342e-01 -1.578370e-02  6.927608e-02  4.365795e-03
 1.03448e+00 -1.86207e+00       4.337e+13  9.927264e-01 -1.791730e-02  1.066401e-01  7.273567e-03
 1.44828e+00 -1.86207e+00       2.254e+13  9.893514e-01 -1.998475e-02  1.356573e-01  1.064859e-02
 1.86207e+00 -1.86207e+00       7.895e+12  9.850468e-01 -2.103273e-02  1.619322e-01  1.495316e-02
 2.27586e+00 -1.86207e+00       2.142e+12  9.774767e-01 -1.943476e-02  1.947158e-01  2.252327e-02
 2.68966e+00 -1.86207e+00       1.307e+12  9.736812e-01 -1.737553e-02  2.116729e-01  2.631877e-02
 3.10345e+00 -1.86207e+00       1.730e+12  9.765925e-01 -1.850722e-02  2.055761e-01  2.340745e-02
 3.51724e+00 -1.86207e+00       1.560e+12  9.760110e-01 -2.043899e-02  2.073823e-01  2.398895e-02
 3.93103e+00 -1.86207e+00       8.289e+11  9.669187e-01 -2.226660e-02  2.252988e-01  3.308126e-02
 4.34483e+00 -1.86207e+00       3.381e+11  9.277931e-01 -6.998354e-03  2.943841e-01  7.220692e-02
 4.75862e+00 -1.86207e+00       2.228e+11  8.780524e-01  4.324446e-02  3.883390e-01  1.219476e-01
 5.17241e+00 -1.86207e+00       2.488e+11  8.659471e-01  5.062596e-02  4.206661e-01  1.340529e-01
 5.58621e+00 -1.86207e+00       2.523e+11  8.193113e-01  3.685052e-02  4.560749e-01  1.806887e-01
 6.00000e+00 -1.86207e+00       1.968e+11  6.628244e-01  3.171569e-02  5.346834e-01  3.371756e-01
-6.00000e+00 -1.44828e+00       2.001e+11  6.770320e-01  4.390765e-02 -4.826167e-01  3.229680e-01
-5.58621e+00 -1.44828e+00       2.180e+11  7.996912e-01  9.132084e-02 -4.022874e-01  2.003088e-01
-5.17241e+00 -1.44828e+00       1.796e+11  8.517047e-01  8.690533e-02 -3.562562e-01  1.482953e-01
-4.75862e+00 -1.44828e+00       1.735e+11  8.814708e-01  4.987156e-02 -3.206353e-01  1.185292e-01
-4.34483e+00 -1.44828e+00       3.931e+11  9.475859e-01  2.106639e-02 -2.438370e-01  5.241407e-02
-3.93103e+00 -1.44828e+00       1.018e+12  9.718514e-01  1.627260e-02 -2.166042e-01  2.814856e-02
-3.51724e+00 -1.44828e+00       1.662e+12  9.765295e-01  1.607740e-02 -2.098346e-01  2.347055e-02
-3.10345e+00 -1.44828e+00       1.835e+12  9.772964e-01  1.727177e-02 -2.074613e-01  2.270357e-02
-2.68966e+00 -1.44828e+00       2.927e+12  9.783119e-01  1.328918e-02 -2.021255e-01  2.168808e-02
-2.27586e+00 -1.44828e+00       8.685e+12  9.808461e-01  3.727025e-03 -1.910045e-01  1.915389e-02
-1.86207e+00 -1.44828e+00       2.152e+13  9.832615e-01 -3.548162e-03 -1.786222e-01  1.673846e-02
-1.44828e+00 -1.44828e+00       3.450e+13  9.858233e-01 -8.818757e-03 -1.632219e-01  1.417666e-02
-1.03448e+00 -1.44828e+00       3.566e+13  9.887674e-01 -1.196335e-02 -1.425161e-01  1.123260e-02
-6.20690e-01 -1.44828e+00       2.582e+13  9.921780e-01 -1.190560e-02 -1.107926e-01  7.822042e-03
-2.06897e-01 -1.44828e+00       1.700e+13  9.956156e-01 -6.465112e-03 -4.798186e-02  4.384378e-03
 2.06897e-01 -1.44828e+00       1.744e+13  9.960030e-01 -5.794818e-04  4.590805e-02  3.997001e-03
 6.20690e-01 -1.44828e+00       2.702e+13  9.933158e-01 -3.202750e-03  1.029835e-01  6.684181e-03
 1.03448e+00 -1.44828e+00       3.682e+13  9.904749e-01 -8.636300e-03  1.312616e-01  9.525134e-03
 1.44828e+00 -1.44828e+00       3.447e+13  9.878830e-01 -1.380166e-02  1.503478e-01  1.211697e-02
 1.86207e+00 -1.44828e+00       2.033e+13  9.853835e-01 -1.814780e-02  1.657826e-01  1.461649e-02
 2.27586e+00 -1.44828e+00       7.402e+12  9.824470e-01 -2.125931e-02  1.807274e-01  1.755301e-02
 2.68966e+00 -1.44828e+00       2.139e+12  9.780126e-01 -2.084317e-02  1.986857e-01  2.198739e-02
 3.10345e+00 -1.44828e+00       1.512e+12  9.773996e-01 -1.617420e-02  2.021552e-01  2.260044e-02
 3.51724e+00 -1.44828e+00       1.635e+12  9.786007e-01 -1.611628e-02  1.990236e-01  2.139932e-02
 3.93103e+00 -1.44828e+00       1.110e+12  9.762663e-01 -1.764139e-02  2.040287e-01  2.373374e-02
 4.34483e+00 -1.44828e+00       4.760e+11  9.615437e-01 -1.447564e-02  2.328878e-01  3.845626e-02
 4.75862e+00 -1.44828e+00       2.227e+11  9.200884e-01  2.078066e-02  3.139725e-01  7.991160e-02
 5.17241e+00 -1.44828e+00       2.230e+11  8.933881e-01  5.598875e-02  3.723045e-01  1.066119e-01
 5.58621e+00 -1.44828e+00       2.540e+11  8.572183e-01  5.003595e-02  4.128979e-01  1.427817e-01
 6.00000e+00 -1.44828e+00       2.164e+11  7.627153e-01  2.967180e-02  4.923012e-01  2.372847e-01
-6.00000e+00 -1.03448e+00       1.587e+11  8.605616e-01 -2.560582e-02 -3.246312e-01  1.394384e-01
-5.58621e+00 -1.03448e+00       1.818e+11  9.070670e-01 -4.999314e-03 -3.124711e-01  9.293301e-02
-5.17241e+00 -1.03448e+00       1.606e+11  9.179381e-01  2.654907e-02 -3.012335e-01  8.206194e-02
-4.75862e+00 -1.03448e+00       2.013e+11  9.408932e-01  3.073454e-02 -2.428107e-01  5.910684e-02
-4.34483e+00 -1.03448e+00       5.326e+11  9.732896e-01  1.585762e-02 -1.916321e-01  2.671040e-02
-3.93103e+00 -1.03448e+00       1.213e+12  9.818440e-01  1.295262e-02 -1.803826e-01  1.815603e-02
-3.51724e+00 -1.03448e+00       1.710e+12  9.832700e-01  1.261559e-02 -1.783831e-01  1.672999e-02
-3.10345e+00 -1.03448e+00       2.171e+12  9.833856e-01  1.052950e-02 -1.778551e-01  1.661442e-02
-2.68966e+00 -1.03448e+00       5.220e+12  9.845145e-01  3.229273e-03 -1.723655e-01  1.548553e-02
-2.27586e+00 -1.03448e+00       1.393e+13  9.858386e-01 -2.976325e-03 -1.654370e-01  1.416136e-02
-1.86207e+00 -1.03448e+00       2.429e+13  9.870970e-01 -7.528400e-03 -1.578038e-01  1.290297e-02
-1.44828e+00 -1.03448e+00       2.523e+13  9.884834e-01 -1.095429e-02 -1.484809e-01  1.151663e-02
-1.03448e+00 -1.03448e+00       1.582e+13  9.901454e-01 -1.323711e-02 -1.356428e-01  9.854613e-03
-6.20690e-01 -1.03448e+00       6.749e+12  9.927004e-01 -1.399113e-02 -1.087174e-01  7.299645e-03
-2.06897e-01 -1.03448e+00       3.203e+12  9.965499e-01 -1.192527e-02 -4.155965e-02  3.450124e-03
 2.06897e-01 -1.03448e+00       3.300e+12  9.966252e-01 -4.821409e-03  4.448894e-02  3.374841e-03
 6.20690e-01 -1.03448e+00       7.248e+12  9.935157e-01  1.358835e-04  1.034725e-01  6.484255e-03
 1.03448e+00 -1.03448e+00       1.694e+13  9.916293e-01 -2.883604e-03  1.253424e-01  8.370695e-03
 1.44828e+00 -1.03448e+00       2.629e+13  9.903418e-01 -7.747947e-03  1.359687e-01  9.658216e-03
 1.86207e+00 -1.03448e+00       2.416e+13  9.891523e-01 -1.226582e-02  1.442945e-01  1.084766e-02
 2.27586e+00 -1.03448e+00       1.285e+13  9.878834e-01 -1.601611e-02  1.521339e-01  1.211663e-02
 2.68966e+00 -1.03448e+00       4.211e+12  9.861433e-01 -1.833924e-02  1.610410e-01  1.385672e-02
 3.10345e+00 -1.03448e+00       1.640e+12  9.846399e-01 -1.557413e-02  1.672065e-01  1.536008e-02
 3.51724e+00 -1.03448e+00       1.564e+12  9.856070e-01 -1.269038e-02  1.633411e-01  1.439298e-02
 3.93103e+00 -1.03448e+00       1.261e+12  9.853267e-01 -1.297627e-02  1.636763e-01  1.467329e-02
 4.34483e+00 -1.03448e+00       6.158e+11  9.803392e-01 -1.118118e-02  1.759748e-01  1.966083e-02
 4.75862e+00 -1.03448e+00       2.527e+11  9.620132e-01  8.135415e-03  2.198278e-01  3.798677e-02
 5.17241e+00 -1.03448e+00       1.831e+11  9.461588e-01  3.136181e-02  2.642111e-01  5.384116e-02
 5.58621e+00 -1.03448e+00       1.921e+11  9.365947e-01  2.507073e-02  2.854992e-01  6.340532e-02
 6.00000e+00 -1.03448e+00       1.688e+11  8.992208e-01  2.478163e-02  3.225561e-01  1.007792e-01
-6.00000e+00 -6.20690e-01       1.438e+11  9.343942e-01  2.781227e-02 -1.878466e-01  6.560580e-02
-5.58621e+00 -6.20690e-01       1.522e+11  9.620283e-01  1.172732e-02 -1.653181e-01  3.797169e-02
-5.17241e+00 -6.20690e-01       1.363e+11  9.663837e-01  5.024948e-03 -1.748393e-01  3.361633e-02
-4.75862e+00 -6.20690e-01       2.247e+11  9.781963e-01  9.477760e-03 -1.503998e-01  2.180368e-02
-4.34483e+00 -6.20690e-01       6.371e+11  9.891699e-01  9.728456e-03 -1.274927e-01  1.083007e-02
-3.93103e+00 -6.20690e-01       1.314e+12  9.916814e-01  9.171713e-03 -1.229454e-01  8.318599e-03
-3.51724e+00 -6.20690e-01       1.751e+12  9.918920e-01  7.849979e-03 -1.236031e-01  8.107977e-03
-3.10345e+00 -6.20690e-01       2.691e+12  9.919488e-01  2.991716e-03 -1.235612e-01  8.051192e-03
-2.68966e+00 -6.20690e-01       7.168e+12  9.926469e-01 -2.360880e-03 -1.189115e-01  7.353086e-03
-2.27586e+00 -6.20690e-01       1.609e+13  9.932324e-01 -5.600691e-03 -1.143650e-01  6.767611e-03
-1.86207e+00 -6.20690e-01       2.189e+13  9.937700e-01 -7.963875e-03 -1.095402e-01  6.229960e-03
-1.44828e+00 -6.20690e-01       1.745e+13  9.944265e-01 -9.568250e-03 -1.027943e-01  5.573527e-03
-1.03448e+00 -6.20690e-01       9.101e+12  9.956246e-01 -9.373400e-03 -8.729036e-02  4.375413e-03
-6.20690e-01 -6.20690e-01       4.982e+12  9.979471e-01 -4.883962e-03 -4.832001e-02  2.052876e-03
-2.06897e-01 -6.20690e-01       4.437e+12  9.994100e-01 -9.768364e-04 -1.086868e-02  5.899923e-04
 2.06897e-01 -6.20690e-01       4.552e+12  9.994111e-01 -9.579412e-04  1.364915e-02  5.889345e-04
 6.20690e-01 -6.20690e-01       5.359e+12  9.981962e-01 -1.789908e-03  4.689690e-02  1.803778e-03
 1.03448e+00 -6.20690e-01       9.938e+12  9.964815e-01 -3.066248e-03  7.873364e-02  3.518456e-03
 1.44828e+00 -6.20690e-01       1.864e+13  9.956476e-01 -5.693444e-03  9.086000e-02  4.352445e-03
 1.86207e+00 -6.20690e-01       2.241e+13  9.951807e-01 -8.499581e-03  9.609827e-02  4.819307e-03
 2.27586e+00 -6.20690e-01       1.543e+13  9.947580e-01 -1.093180e-02  1.000803e-01  5.241992e-03
 2.68966e+00 -6.20690e-01       6.140e+12  9.942245e-01 -1.270005e-02  1.042040e-01  5.775460e-03
 3.10345e+00 -6.20690e-01       2.028e+12  9.936228e-01 -1.212936e-02  1.073082e-01  6.377216e-03
 3.51724e+00 -6.20690e-01       1.512e+12  9.940306e-01 -9.171132e-03  1.038880e-01  5.969419e-03
 3.93103e+00 -6.20690e-01       1.322e+12  9.942039e-01 -8.506950e-03  1.027256e-01  5.796134e-03
 4.34483e+00 -6.20690e-01       7.130e+11  9.929992e-01 -7.632306e-03  1.072917e-01  7.000838e-03
 4.75862e+00 -6.20690e-01       2.766e+11  9.875913e-01 -7.420055e-04  1.267487e-01  1.240865e-02
 5.17241e+00 -6.20690e-01       1.661e+11  9.801686e-01  1.650462e-02  1.574031e-01  1.983136e-02
 5.58621e+00 -6.20690e-01       1.846e+11  9.759424e-01  2.467523e-02  1.731365e-01  2.405764e-02
 6.00000e+00 -6.20690e-01       1.693e+11  9.598467e-01  2.510866e-02  1.961695e-01  4.015329e-02
-6.00000e+00 -2.06897e-01       1.451e+11  9.882797e-01  1.393760e-02 -8.156956e-02  1.172028e-02
-5.58621e+00 -2.06897e-01       1.480e+11  9.934487e-01  8.305776e-03 -6.585331e-02  6.551299e-03
-5.17241e+00 -2.06897e-01       1.306e+11  9.942413e-01 -7.915847e-04 -6.655938e-02  5.758692e-03
-4.75862e+00 -2.06897e-01       2.390e+11  9.962579e-01 -2.544875e-04 -5.937704e-02  3.742063e-03
-4.34483e+00 -2.06897e-01       6.875e+11  9.979911e-01  3.157582e-03 -5.252522e-02  2.008928e-03
-3.93103e+00 -2.06897e-01       1.352e+12  9.983384e-01  3.845591e-03 -5.169884e-02  1.661565e-03
-3.51724e+00 -2.06897e-01       1.790e+12  9.982545e-01  1.844011e-03 -5.367069e-02  1.745527e-03
-3.10345e+00 -2.06897e-01       3.056e+12  9.983680e-01 -3.170017e-03 -5.283049e-02  1.631955e-03
-2.68966e+00 -2.06897e-01       8.133e+12  9.986756e-01 -5.416264e-03 -4.856105e-02  1.324399e-03
-2.27586e+00 -2.06897e-01       1.652e+13  9.988410e-01 -5.913422e-03 -4.566503e-02  1.159046e-03
-1.86207e+00 -2.06897e-01       1.991e+13  9.989586e-01 -6.077509e-03 -4.315091e-02  1.041430e-03
-1.44828e+00 -2.06897e-01       1.413e+13  9.990936e-01 -5.899577e-03 -3.979392e-02  9.064236e-04
-1.03448e+00 -2.06897e-01       7.029e+12  9.993349e-01 -4.663286e-03 -3.240587e-02  6.651076e-04
-6.20690e-01 -2.06897e-01       4.134e+12  9.996919e-01 -1.911317e-03 -1.797241e-02  3.081007e-04
-2.06897e-01 -2.06897e-01       3.712e+12  9.998642e-01 -6.506389e-04 -5.218307e-03  1.358174e-04
 2.06897e-01 -2.06897e-01       3.873e+12  9.998774e-01 -1.355911e-03  4.662897e-03  1.226127e-04
 6.20690e-01 -2.06897e-01       4.574e+12  9.997864e-01 -2.969780e-03  1.465883e-02  2.135627e-04
 1.03448e+00 -2.06897e-01       7.817e+12  9.996105e-01 -4.638240e-03  2.429462e-02  3.895413e-04
 1.44828e+00 -2.06897e-01       1.531e+13  9.995013e-01 -5.657722e-03  2.863020e-02  4.986541e-04
 1.86207e+00 -2.06897e-01       2.069e+13  9.994483e-01 -6.267146e-03  3.022050e-02  5.517375e-04
 2.27586e+00 -2.06897e-01       1.614e+13  9.994046e-01 -6.606636e-03  3.120849e-02  5.953817e-04
 2.68966e+00 -2.06897e-01       7.154e+12  9.993386e-01 -6.611786e-03  3.214504e-02  6.613682e-04
 3.10345e+00 -2.06897e-01       2.333e+12  9.992361e-01 -5.940869e-03  3.203748e-02  7.639477e-04
 3.51724e+00 -2.06897e-01       1.500e+12  9.993255e-01 -4.638088e-03  2.863240e-02  6.745016e-04
 3.93103e+00 -2.06897e-01       1.338e+12  9.994173e-01 -3.732837e-03  2.762582e-02  5.827457e-04
 4.34483e+00 -2.06897e-01       7.602e+11  9.993023e-01 -2.402472e-03  2.861333e-02  6.976854e-04
 4.75862e+00 -2.06897e-01       2.966e+11  9.986776e-01  1.139009e-03  3.203878e-02  1.322413e-03
 5.17241e+00 -2.06897e-01       1.712e+11  9.979121e-01  7.787293e-03  3.743503e-02  2.087874e-03
 5.58621e+00 -2.06897e-01       1.905e+11  9.977007e-01  1.009168e-02  4.426855e-02  2.299349e-03
 6.00000e+00 -2.06897e-01       1.736e+11  9.960811e-01  9.009031e-03  5.540137e-02  3.918897e-03
-6.00000e+00  2.06897e-01       1.446e+11  9.922207e-01 -3.006766e-02  5.448294e-02  7.779349e-03
-5.58621e+00  2.06897e-01       1.474e+11  9.954042e-01 -2.756012e-02  4.153028e-02  4.595786e-03
-5.17241e+00  2.06897e-01       1.300e+11  9.965793e-01 -2.404776e-02  3.901206e-02  3.420745e-03
-4.75862e+00  2.06897e-01       2.388e+11  9.983153e-01 -1.147706e-02  3.214187e-02  1.684692e-03
-4.34483e+00  2.06897e-01       6.887e+11  9.992175e-01 -3.517191e-03  2.724193e-02  7.824675e-04
-3.93103e+00  2.06897e-01       1.356e+12  9.993823e-01 -1.563066e-03  2.525688e-02  6.177427e-04
-3.51724e+00  2.06897e-01       1.798e+12  9.994238e-01 -3.637907e-03  2.237784e-02  5.762121e-04
-3.10345e+00  2.06897e-01       3.066e+12  9.994615e-01 -8.030717e-03  2.357984e-02  5.384568e-04
-2.68966e+00  2.06897e-01       8.131e+12  9.994618e-01 -7.539275e-03  2.774943e-02  5.382461e-04
-2.27586e+00  2.06897e-01       1.649e+13  9.994618e-01 -5.477758e-03  2.930635e-02  5.382165e-04
-1.86207e+00  2.06897e-01       1.986e+13  9.994752e-01 -3.554450e-03  2.946899e-02  5.247999e-04
-1.44828e+00  2.06897e-01       1.409e+13  9.995122e-01 -1.920775e-03  2.826870e-02  4.878238e-04
-1.03448e+00  2.06897e-01       6.980e+12  9.996258e-01 -1.074152e-03  2.261479e-02  3.742188e-04
-6.20690e-01  2.06897e-01       4.061e+12  9.998248e-01 -2.241309e-03  9.564624e-03  1.751943e-04
-2.06897e-01  2.06897e-01       3.626e+12  9.998965e-01 -4.329432e-03 -7.671309e-04  1.035460e-04
 2.06897e-01  2.06897e-01       3.789e+12  9.998540e-01 -5.620792e-03 -7.988849e-03  1.459648e-04
 6.20690e-01  2.06897e-01       4.508e+12  9.996674e-01 -6.403372e-03 -1.811936e-02  3.325767e-04
 1.03448e+00  2.06897e-01       7.784e+12  9.993190e-01 -7.207821e-03 -3.175595e-02  6.809951e-04
 1.44828e+00  2.06897e-01       1.532e+13  9.991165e-01 -6.355895e-03 -3.879059e-02  8.835023e-04
 1.86207e+00  2.06897e-01       2.073e+13  9.990223e-01 -4.547925e-03 -4.156927e-02  9.776981e-04
 2.27586e+00  2.06897e-01       1.617e+13  9.989428e-01 -2.520122e-03 -4.344261e-02  1.057207e-03
 2.68966e+00  2.06897e-01       7.175e+12  9.988390e-01 -3.986072e-04 -4.533782e-02  1.160980e-03
 3.10345e+00  2.06897e-01       2.341e+12  9.986192e-01  1.115607e-03 -4.866739e-02  1.380849e-03
 3.51724e+00  2.06897e-01       1.502e+12  9.984508e-01  4.331125e-04 -5.192837e-02  1.549203e-03
 3.93103e+00  2.06897e-01       1.339e+12  9.984634e-01  1.182936e-03 -5.190150e-02  1.536561e-03
 4.34483e+00  2.06897e-01       7.610e+11  9.981739e-01  3.127851e-03 -5.351808e-02  1.826061e-03
 4.75862e+00  2.06897e-01       2.975e+11  9.965873e-01  3.512395e-03 -6.503783e-02  3.412681e-03
 5.17241e+00  2.06897e-01       1.723e+11  9.939362e-01 -5.509182e-03 -9.030803e-02  6.063845e-03
 5.58621e+00  2.06897e-01       1.916e+11  9.931334e-01 -1.064385e-02 -9.740512e-02  6.866551e-03
 6.00000e+00  2.06897e-01       1.746e+11  9.897360e-01 -8.392322e-03 -1.050204e-01  1.026400e-02
-6.00000e+00  6.20690e-01       1.425e+11  9.424400e-01 -4.558053e-02  1.585925e-01  5.755999e-02
-5.58621e+00  6.20690e-01       1.507e+11  9.662032e-01 -2.807590e-02  1.390847e-01  3.379679e-02
-5.17241e+00  6.20690e-01       1.344e+11  9.719755e-01 -2.689105e-02  1.489751e-01  2.802448e-02
-4.75862e+00  6.20690e-01       2.239e+11  9.839076e-01 -2.246885e-02  1.252832e-01  1.609240e-02
-4.34483e+00  6.20690e-01       6.410e+11  9.926706e-01 -1.099516e-02  1.034964e-01  7.329386e-03
-3.93103e+00  6.20690e-01       1.326e+12  9.945415e-01 -7.096470e-03  9.821209e-02  5.458494e-03
-3.51724e+00  6.20690e-01       1.776e+12  9.950370e-01 -8.502265e-03  9.456209e-02  4.962992e-03
-3.10345e+00  6.20690e-01       2.724e+12  9.950651e-01 -1.274011e-02  9.459751e-02  4.934908e-03
-2.68966e+00  6.20690e-01       7.175e+12  9.948843e-01 -1.035931e-02  9.817856e-02  5.115671e-03
-2.27586e+00  6.20690e-01       1.602e+13  9.949670e-01 -5.851464e-03  9.829757e-02  5.032974e-03
-1.86207e+00  6.20690e-01       2.177e+13  9.952097e-01 -1.877677e-03  9.612945e-02  4.790264e-03
-1.44828e+00  6.20690e-01       1.735e+13  9.956072e-01  1.360280e-03  9.149685e-02  4.392768e-03
-1.03448e+00  6.20690e-01       8.991e+12  9.964724e-01  3.020131e-03  7.800947e-02  3.527615e-03
-6.20690e-01  6.20690e-01       4.793e+12  9.983235e-01  4.775201e-04  4.037335e-02  1.676502e-03
-2.06897e-01  6.20690e-01       4.177e+12  9.994932e-01 -3.334965e-03  3.305617e-03  5.067518e-04
 2.06897e-01  6.20690e-01       4.296e+12  9.992847e-01 -4.695207e-03 -2.018324e-02  7.152711e-04
 6.20690e-01  6.20690e-01       5.183e+12  9.976351e-01 -7.110364e-03 -5.461052e-02  2.364876e-03
 1.03448e+00  6.20690e-01       9.882e+12  9.955182e-01 -8.613534e-03 -8.843781e-02  4.481785e-03
 1.44828e+00  6.20690e-01       1.870e+13  9.945569e-01 -5.777226e-03 -1.013989e-01  5.443059e-03
 1.86207e+00  6.20690e-01       2.253e+13  9.940096e-01 -1.686738e-03 -1.072715e-01  5.990436e-03
 2.27586e+00  6.20690e-01       1.553e+13  9.934926e-01  2.449242e-03 -1.119654e-01  6.507377e-03
 2.68966e+00  6.20690e-01       6.195e+12  9.928506e-01  6.406314e-03 -1.170471e-01  7.149424e-03
 3.10345e+00  6.20690e-01       2.049e+12  9.918393e-01  7.783460e-03 -1.243034e-01  8.160673e-03
 3.51724e+00  6.20690e-01       1.517e+12  9.915730e-01  4.813844e-03 -1.266440e-01  8.427044e-03
 3.93103e+00  6.20690e-01       1.323e+12  9.915655e-01  5.677405e-03 -1.258789e-01  8.434454e-03
 4.34483e+00  6.20690e-01       7.145e+11  9.897704e-01  7.847922e-03 -1.312715e-01  1.022964e-02
 4.75862e+00  6.20690e-01       2.788e+11  9.812955e-01  2.985222e-03 -1.592380e-01  1.870449e-02
 5.17241e+00  6.20690e-01       1.690e+11  9.683019e-01 -1.812403e-02 -2.090519e-01  3.169813e-02
 5.58621e+00  6.20690e-01       1.882e+11  9.621709e-01 -2.405969e-02 -2.270526e-01  3.782911e-02
 6.00000e+00  6.20690e-01       1.728e+11  9.416076e-01 -2.222155e-02 -2.469000e-01  5.839237e-02
-6.00000e+00  1.03448e+00       1.571e+11  8.625292e-01  2.424575e-02  2.996826e-01  1.374708e-01
-5.58621e+00  1.03448e+00       1.794e+11  9.100609e-01  2.631098e-03  2.937353e-01  8.993910e-02
-5.17241e+00  1.03448e+00       1.576e+11  9.230584e-01 -4.096270e-02  2.845421e-01  7.694155e-02
-4.75862e+00  1.03448e+00       2.000e+11  9.487212e-01 -4.756816e-02  2.213126e-01  5.127885e-02
-4.34483e+00  1.03448e+00       5.391e+11  9.787370e-01 -2.028202e-02  1.688637e-01  2.126297e-02
-3.93103e+00  1.03448e+00       1.233e+12  9.859594e-01 -1.209687e-02  1.577288e-01  1.404057e-02
-3.51724e+00  1.03448e+00       1.749e+12  9.874904e-01 -1.213169e-02  1.529779e-01  1.250958e-02
-3.10345e+00  1.03448e+00       2.230e+12  9.878953e-01 -1.698253e-02  1.500971e-01  1.210466e-02
-2.68966e+00  1.03448e+00       5.265e+12  9.878666e-01 -1.509785e-02  1.515357e-01  1.213339e-02
-2.27586e+00  1.03448e+00       1.387e+13  9.883347e-01 -8.448096e-03  1.498036e-01  1.166526e-02
-1.86207e+00  1.03448e+00       2.408e+13  9.891431e-01 -2.534600e-03  1.448467e-01  1.085695e-02
-1.44828e+00  1.03448e+00       2.502e+13  9.901880e-01  2.313923e-03  1.374022e-01  9.812040e-03
-1.03448e+00  1.03448e+00       1.572e+13  9.915281e-01  5.924264e-03  1.260719e-01  8.471917e-03
-6.20690e-01  1.03448e+00       6.693e+12  9.936453e-01  7.926476e-03  1.005425e-01  6.354666e-03
-2.06897e-01  1.03448e+00       3.096e+12  9.967200e-01  6.877736e-03  3.308816e-02  3.280003e-03
 2.06897e-01  1.03448e+00       3.187e+12  9.957851e-01 -3.055568e-03 -5.709354e-02  4.214870e-03
 6.20690e-01  1.03448e+00       7.210e+12  9.921475e-01 -1.133682e-02 -1.150046e-01  7.852462e-03
 1.03448e+00  1.03448e+00       1.701e+13  9.902036e-01 -8.344027e-03 -1.356456e-01  9.796364e-03
 1.44828e+00  1.03448e+00       2.645e+13  9.888621e-01 -2.484103e-03 -1.461523e-01  1.113786e-02
 1.86207e+00  1.03448e+00       2.435e+13  9.875621e-01  3.367443e-03 -1.548323e-01  1.243794e-02
 2.27586e+00  1.03448e+00       1.299e+13  9.861518e-01  8.892637e-03 -1.632500e-01  1.384820e-02
 2.68966e+00  1.03448e+00       4.284e+12  9.842141e-01  1.369801e-02 -1.734058e-01  1.578591e-02
 3.10345e+00  1.03448e+00       1.666e+12  9.818159e-01  1.191690e-02 -1.853872e-01  1.818413e-02
 3.51724e+00  1.03448e+00       1.569e+12  9.820465e-01  8.199901e-03 -1.850487e-01  1.795352e-02
 3.93103e+00  1.03448e+00       1.262e+12  9.815008e-01  9.992619e-03 -1.853530e-01  1.849920e-02
 4.34483e+00  1.03448e+00       6.180e+11  9.751730e-01  1.104828e-02 -1.995433e-01  2.482704e-02
 4.75862e+00  1.03448e+00       2.567e+11  9.516583e-01 -8.724536e-03 -2.527420e-01  4.834166e-02
 5.17241e+00  1.03448e+00       1.872e+11  9.291801e-01 -4.127303e-02 -3.072615e-01  7.081991e-02
 5.58621e+00  1.03448e+00       1.966e+11  9.144999e-01 -3.523616e-02 -3.308069e-01  8.550007e-02
 6.00000e+00  1.03448e+00       1.735e+11  8.676277e-01 -3.534663e-02 -3.707426e-01  1.323723e-01
-6.00000e+00  1.44828e+00       1.988e+11  6.874895e-01 -5.097498e-02  4.755132e-01  3.125105e-01
-5.58621e+00  1.44828e+00       2.152e+11  8.038095e-01 -9.704346e-02  3.974092e-01  1.961905e-01
-5.17241e+00  1.44828e+00       1.754e+11  8.550413e-01 -1.011428e-01  3.468034e-01  1.449587e-01
-4.75862e+00  1.44828e+00       1.702e+11  8.900734e-01 -7.019539e-02  3.031514e-01  1.099266e-01
-4.34483e+00  1.44828e+00       3.981e+11  9.549958e-01 -2.935025e-02  2.235388e-01  4.500424e-02
-3.93103e+00  1.44828e+00       1.042e+12  9.764950e-01 -1.673545e-02  1.974262e-01  2.350500e-02
-3.51724e+00  1.44828e+00       1.713e+12  9.806359e-01 -1.471426e-02  1.898804e-01  1.936413e-02
-3.10345e+00  1.44828e+00       1.926e+12  9.817739e-01 -1.886377e-02  1.844264e-01  1.822611e-02
-2.68966e+00  1.44828e+00       3.050e+12  9.822948e-01 -2.204557e-02  1.809356e-01  1.770516e-02
-2.27586e+00  1.44828e+00       8.750e+12  9.836795e-01 -1.473789e-02  1.754325e-01  1.632052e-02
-1.86207e+00  1.44828e+00       2.137e+13  9.854863e-01 -6.897200e-03  1.660846e-01  1.451368e-02
-1.44828e+00  1.44828e+00       3.411e+13  9.876224e-01 -5.754272e-04  1.525709e-01  1.237758e-02
-1.03448e+00  1.44828e+00       3.530e+13  9.901954e-01  3.601732e-03  1.330575e-01  9.804582e-03
-6.20690e-01  1.44828e+00       2.570e+13  9.932098e-01  4.117062e-03  1.017821e-01  6.790209e-03
-2.06897e-01  1.44828e+00       1.708e+13  9.959927e-01 -1.918389e-03  3.881786e-02  4.007253e-03
 2.06897e-01  1.44828e+00       1.758e+13  9.954898e-01 -9.296175e-03 -5.483037e-02  4.510171e-03
 6.20690e-01  1.44828e+00       2.718e+13  9.923246e-01 -6.947287e-03 -1.118427e-01  7.675352e-03
 1.03448e+00  1.44828e+00       3.705e+13  9.892558e-01 -8.890695e-04 -1.402053e-01  1.074415e-02
 1.44828e+00  1.44828e+00       3.476e+13  9.864724e-01  5.239262e-03 -1.595476e-01  1.352757e-02
 1.86207e+00  1.44828e+00       2.059e+13  9.837653e-01  1.098145e-02 -1.754605e-01  1.623467e-02
 2.27586e+00  1.44828e+00       7.563e+12  9.806167e-01  1.646120e-02 -1.911739e-01  1.938332e-02
 2.68966e+00  1.44828e+00       2.216e+12  9.757084e-01  1.904413e-02 -2.120707e-01  2.429155e-02
 3.10345e+00  1.44828e+00       1.537e+12  9.739174e-01  1.213168e-02 -2.208711e-01  2.608263e-02
 3.51724e+00  1.44828e+00       1.640e+12  9.749059e-01  1.134030e-02 -2.175010e-01  2.509411e-02
 3.93103e+00  1.44828e+00       1.112e+12  9.721813e-01  1.432002e-02 -2.222030e-01  2.781869e-02
 4.34483e+00  1.44828e+00       4.816e+11  9.547483e-01  1.302215e-02 -2.549205e-01  4.525168e-02
 4.75862e+00  1.44828e+00       2.301e+11  9.060378e-01 -2.220699e-02 -3.487977e-01  9.396225e-02
 5.17241e+00  1.44828e+00       2.307e+11  8.753950e-01 -5.996124e-02 -4.110968e-01  1.246050e-01
 5.58621e+00  1.44828e+00       2.610e+11  8.356635e-01 -5.727998e-02 -4.472141e-01  1.643365e-01
 6.00000e+00  1.44828e+00       2.229e+11  7.311154e-01 -4.082095e-02 -5.257961e-01  2.688846e-01
-6.00000e+00  1.86207e+00       1.880e+11  5.845484e-01 -1.013973e-03  5.154309e-01  4.154516e-01
-5.58621e+00  1.86207e+00       2.353e+11  7.637520e-01 -8.240328e-03  4.505447e-01  2.362480e-01
-5.17241e+00  1.86207e+00       2.200e+11  8.225937e-01 -4.541158e-02  4.280503e-01  1.774063e-01
-4.75862e+00  1.86207e+00       1.802e+11  8.313503e-01 -8.182823e-02  4.019173e-01  1.686497e-01
-4.34483e+00  1.86207e+00       2.654e+11  9.043841e-01 -5.238155e-02  2.867535e-01  9.561591e-02
-3.93103e+00  1.86207e+00       7.338e+11  9.649361e-01 -2.348217e-02  2.157957e-01  3.506386e-02
-3.51724e+00  1.86207e+00       1.528e+12  9.774519e-01 -1.790882e-02  1.995544e-01  2.254815e-02
-3.10345e+00  1.86207e+00       1.921e+12  9.801018e-01 -1.948338e-02  1.919936e-01  1.989821e-02
-2.68966e+00  1.86207e+00       1.891e+12  9.805096e-01 -2.617534e-02  1.868798e-01  1.949039e-02
-2.27586e+00  1.86207e+00       3.239e+12  9.822135e-01 -2.561137e-02  1.765099e-01  1.778646e-02
-1.86207e+00  1.86207e+00       9.465e+12  9.861327e-01 -1.701728e-02  1.575381e-01  1.386733e-02
-1.44828e+00  1.86207e+00       2.409e+13  9.894355e-01 -8.949821e-03  1.369873e-01  1.056454e-02
-1.03448e+00  1.86207e+00       4.406e+13  9.925087e-01 -2.063667e-03  1.104419e-01  7.491344e-03
-6.20690e-01  1.86207e+00       5.980e+13  9.954424e-01  2.693905e-03  7.332356e-02  4.557648e-03
-2.06897e-01  1.86207e+00       6.674e+13  9.973991e-01  4.986217e-03  2.464502e-02  2.600930e-03
 2.06897e-01  1.86207e+00       6.709e+13  9.972885e-01  6.072878e-03 -2.917739e-02  2.711496e-03
 6.20690e-01  1.86207e+00       6.025e+13  9.951084e-01  7.706749e-03 -7.729323e-02  4.891583e-03
 1.03448e+00  1.86207e+00       4.363e+13  9.918237e-01  1.033190e-02 -1.150939e-01  8.176264e-03
 1.44828e+00  1.86207e+00       2.278e+13  9.880275e-01  1.364417e-02 -1.450855e-01  1.197255e-02
 1.86207e+00  1.86207e+00       8.105e+12  9.832173e-01  1.765499e-02 -1.731059e-01  1.678274e-02
 2.27586e+00  1.86207e+00       2.282e+12  9.752489e-01  2.128206e-02 -2.085257e-01  2.475115e-02
 2.68966e+00  1.86207e+00       1.362e+12  9.708652e-01  1.567061e-02 -2.283700e-01  2.913476e-02
 3.10345e+00  1.86207e+00       1.740e+12  9.737052e-01  1.263029e-02 -2.207630e-01  2.629477e-02
 3.51724e+00  1.86207e+00       1.559e+12  9.731463e-01  1.495931e-02 -2.212828e-01  2.685372e-02
 3.93103e+00  1.86207e+00       8.312e+11  9.630411e-01  1.807300e-02 -2.402509e-01  3.695891e-02
 4.34483e+00  1.86207e+00       3.453e+11  9.193624e-01  3.277776e-03 -3.169739e-01  8.063761e-02
 4.75862e+00  1.86207e+00       2.305e+11  8.637196e-01 -4.845125e-02 -4.193052e-01  1.362804e-01
 5.17241e+00  1.86207e+00       2.552e+11  8.476946e-01 -5.730298e-02 -4.517060e-01  1.523054e-01
 5.58621e+00  1.86207e+00       2.584e+11  7.952513e-01 -4.421504e-02 -4.864489e-01  2.047487e-01
 6.00000e+00  1.86207e+00       2.021e+11  6.306773e-01 -4.476015e-02 -5.641835e-01  3.693227e-01
-6.00000e+00  2.27586e+00       2.315e+11  3.770886e-01  1.201835e-02  6.302389e-01  6.229114e-01
-5.58621e+00  2.27586e+00       2.715e+11  6.333439e-01 -5.119521e-02  5.107337e-01  3.666561e-01
-5.17241e+00  2.27586e+00       2.625e+11  7.707352e-01 -5.404822e-02  4.446393e-01  2.292648e-01
-4.75862e+00  2.27586e+00       2.115e+11  8.039313e-01 -6.697133e-02  4.373256e-01  1.960687e-01
-4.34483e+00  2.27586e+00       1.956e+11  8.240687e-01 -7.158283e-02  3.847264e-01  1.759313e-01
-3.93103e+00  2.27586e+00       4.028e+11  9.337775e-01 -3.403331e-02  2.323541e-01  6.622252e-02
-3.51724e+00  2.27586e+00       1.066e+12  9.766509e-01 -1.979795e-02  1.788245e-01  2.334912e-02
-3.10345e+00  2.27586e+00       1.838e+12  9.843935e-01 -1.911867e-02  1.635086e-01  1.560652e-02
-2.68966e+00  2.27586e+00       1.929e+12  9.859923e-01 -2.420838e-02  1.547557e-01  1.400767e-02
-2.27586e+00  2.27586e+00       1.633e+12  9.844424e-01 -3.318570e-02  1.554582e-01  1.555761e-02
-1.86207e+00  2.27586e+00       1.996e+12  9.834699e-01 -2.998189e-02  1.536832e-01  1.653013e-02
-1.44828e+00  2.27586e+00       3.775e+12  9.889846e-01 -2.111198e-02  1.164316e-01  1.101539e-02
-1.03448e+00  2.27586e+00       8.111e+12  9.947676e-01 -1.848395e-02  7.179960e-02  5.232415e-03
-6.20690e-01  2.27586e+00       1.509e+13  9.974490e-01 -1.516445e-02  3.806305e-02  2.551006e-03
-2.06897e-01  2.27586e+00       2.084e+13  9.982367e-01 -1.021689e-02  6.763576e-03  1.763275e-03
 2.06897e-01  2.27586e+00       2.044e+13  9.977571e-01 -5.418278e-03 -2.674834e-02  2.242938e-03
 6.20690e-01  2.27586e+00       1.412e+13  9.958511e-01 -8.655331e-04 -6.292758e-02  4.148857e-03
 1.03448e+00  2.27586e+00       7.021e+12  9.916291e-01  5.114498e-03 -1.048902e-01  8.370937e-03
 1.44828e+00  2.27586e+00       2.804e+12  9.830998e-01  1.342914e-02 -1.589502e-01  1.690019e-02
 1.86207e+00  2.27586e+00       1.213e+12  9.717805e-01  1.867448e-02 -2.103294e-01  2.821946e-02
 2.27586e+00  2.27586e+00       1.113e+12  9.737938e-01  1.531817e-02 -2.026399e-01  2.620619e-02
 2.68966e+00  2.27586e+00       1.703e+12  9.802234e-01  1.343113e-02 -1.835252e-01  1.977660e-02
 3.10345e+00  2.27586e+00       1.834e+12  9.809925e-01  1.542868e-02 -1.824074e-01  1.900749e-02
 3.51724e+00  2.27586e+00       1.162e+12  9.747491e-01  1.964693e-02 -1.971014e-01  2.525090e-02
 3.93103e+00  2.27586e+00       5.040e+11  9.423342e-01  1.789244e-02 -2.592641e-01  5.766580e-02
 4.34483e+00  2.27586e+00       2.627e+11  8.683861e-01 -2.212229e-02 -3.922556e-01  1.316139e-01
 4.75862e+00  2.27586e+00       2.624e+11  8.376449e-01 -5.828892e-02 -4.619611e-01  1.623551e-01
 5.17241e+00  2.27586e+00       3.177e+11  8.066257e-01 -5.285392e-02 -4.991936e-01  1.933743e-01
 5.58621e+00  2.27586e+00       3.120e+11  6.963417e-01 -4.109528e-02 -5.685883e-01  3.036583e-01
 6.00000e+00  2.27586e+00       2.465e+11  4.727443e-01 -1.643242e-02 -6.856842e-01  5.272557e-01
-6.00000e+00  2.68966e+00       2.406e+11  2.385227e-01  2.482453e-02  6.923747e-01  7.614773e-01
-5.58621e+00  2.68966e+00       3.106e+11  5.223889e-01 -4.915614e-02  5.978744e-01  4.776111e-01
-5.17241e+00  2.68966e+00       3.306e+11  7.047118e-01 -6.602864e-02  4.987981e-01  2.952882e-01
-4.75862e+00  2.68966e+00       2.789e+11  7.907930e-01 -6.841156e-02  4.492129e-01  2.092070e-01
-4.34483e+00  2.68966e+00       2.129e+11  7.891394e-01 -7.757694e-02  4.461851e-01  2.108606e-01
-3.93103e+00  2.68966e+00       2.143e+11  8.338412e-01 -5.983405e-02  3.314477e-01  1.661588e-01
-3.51724e+00  2.68966e+00       4.871e+11  9.550932e-01 -2.317916e-02  1.495939e-01  4.490675e-02
-3.10345e+00  2.68966e+00       1.218e+12  9.887417e-01 -1.725955e-02  9.571385e-02  1.125826e-02
-2.68966e+00  2.68966e+00       1.931e+12  9.940097e-01 -2.086003e-02  7.452673e-02  5.990266e-03
-2.27586e+00  2.68966e+00       1.859e+12  9.943031e-01 -2.950679e-02  6.006984e-02  5.696855e-03
-1.86207e+00  2.68966e+00       1.355e+12  9.915839e-01 -4.342609e-02  5.921681e-02  8.416067e-03
-1.44828e+00  2.68966e+00       1.288e+12  9.892130e-01 -5.124270e-02  7.313325e-02  1.078696e-02
-1.03448e+00  2.68966e+00       1.833e+12  9.912931e-01 -4.240539e-02  7.320525e-02  8.706879e-03
-6.20690e-01  2.68966e+00       2.553e+12  9.938324e-01 -2.496561e-02  5.566641e-02  6.167627e-03
-2.06897e-01  2.68966e+00       2.932e+12  9.952073e-01 -8.790882e-03  2.070285e-02  4.792687e-03
 2.06897e-01  2.68966e+00       2.774e+12  9.944714e-01 -2.590354e-03 -2.769469e-02  5.528614e-03
 6.20690e-01  2.68966e+00       2.125e+12  9.905438e-01 -7.038397e-03 -7.980695e-02  9.456160e-03
 1.03448e+00  2.68966e+00       1.280e+12  9.821585e-01 -1.297025e-02 -1.303459e-01  1.784146e-02
 1.44828e+00  2.68966e+00       7.741e+11  9.728961e-01 -3.975972e-03 -1.562374e-01  2.710386e-02
 1.86207e+00  2.68966e+00       9.894e+11  9.826081e-01  1.072756e-02 -1.101528e-01  1.739192e-02
 2.27586e+00  2.68966e+00       1.692e+12  9.914974e-01  1.281473e-02 -8.546776e-02  8.502616e-03
 2.68966e+00  2.68966e+00       1.927e+12  9.929948e-01  1.515151e-02 -8.741713e-02  7.005199e-03
 3.10345e+00  2.68966e+00       1.307e+12  9.883827e-01  2.000850e-02 -1.070370e-01  1.161731e-02
 3.51724e+00  2.68966e+00       5.988e+11  9.623994e-01  2.359016e-02 -1.740127e-01  3.760064e-02
 3.93103e+00  2.68966e+00       2.978e+11  8.872892e-01 -3.537647e-03 -3.328048e-01  1.127108e-01
 4.34483e+00  2.68966e+00       2.688e+11  8.412614e-01 -5.342172e-02 -4.387280e-01  1.587386e-01
 4.75862e+00  2.68966e+00       3.429e+11  8.288730e-01 -6.147883e-02 -4.767243e-01  1.711270e-01
 5.17241e+00  2.68966e+00       3.943e+11  7.635903e-01 -5.311888e-02 -5.349538e-01  2.364097e-01
 5.58621e+00  2.68966e+00       3.562e+11  6.084859e-01 -4.586829e-02 -6.408515e-01  3.915141e-01
 6.00000e+00  2.68966e+00       2.881e+11  3.877494e-01 -2.560215e-02 -7.672344e-01  6.122506e-01
-6.00000e+00  3.10345e+00       2.703e+11  6.698776e-02  1.710302e-02  7.768568e-01  9.330122e-01
-5.58621e+00  3.10345e+00       3.202e+11  4.030052e-01 -2.953194e-02  6.692338e-01  5.969948e-01
-5.17241e+00  3.10345e+00       3.846e+11  6.403968e-01 -5.593997e-02  5.435675e-01  3.596032e-01
-4.75862e+00  3.10345e+00       3.679e+11  7.791828e-01 -6.095524e-02  4.518657e-01  2.208172e-01
-4.34483e+00  3.10345e+00       2.928e+11  8.202634e-01 -7.012726e-02  4.250562e-01  1.797366e-01
-3.93103e+00  3.10345e+00       2.174e+11  7.894021e-01 -7.610881e-02  4.281952e-01  2.105979e-01
-3.51724e+00  3.10345e+00       1.998e+11  8.265752e-01 -4.974747e-02  2.758841e-01  1.734248e-01
-3.10345e+00  3.10345e+00       4.059e+11  9.540685e-01 -9.580440e-03  2.593621e-02  4.593147e-02
-2.68966e+00  3.10345e+00       1.023e+12  9.875117e-01 -9.155132e-03 -5.821315e-02  1.248832e-02
-2.27586e+00  3.10345e+00       1.734e+12  9.876200e-01 -1.866363e-02 -9.752596e-02  1.238000e-02
-1.86207e+00  3.10345e+00       1.781e+12  9.809450e-01 -3.331388e-02 -1.311467e-01  1.905496e-02
-1.44828e+00  3.10345e+00       1.241e+12  9.713634e-01 -5.577294e-02 -1.513787e-01  2.863664e-02
-1.03448e+00  3.10345e+00       8.527e+11  9.679703e-01 -7.920255e-02 -1.193812e-01  3.202974e-02
-6.20690e-01  3.10345e+00       7.443e+11  9.735116e-01 -7.700577e-02 -5.978889e-02  2.648839e-02
-2.06897e-01  3.10345e+00       6.888e+11  9.752350e-01 -5.515955e-02 -4.229338e-02  2.476501e-02
 2.06897e-01  3.10345e+00       6.052e+11  9.683010e-01 -4.441636e-02 -6.861412e-02  3.169902e-02
 6.20690e-01  3.10345e+00       5.233e+11  9.530183e-01 -4.557313e-02 -8.426817e-02  4.698170e-02
 1.03448e+00  3.10345e+00       6.204e+11  9.529283e-01 -1.976140e-02  1.102839e-02  4.707175e-02
 1.44828e+00  3.10345e+00       1.123e+12  9.729165e-01  4.152512e-03  1.050913e-01  2.708348e-02
 1.86207e+00  3.10345e+00       1.747e+12  9.841377e-01  1.096223e-02  1.186131e-01  1.586233e-02
 2.27586e+00  3.10345e+00       1.748e+12  9.884759e-01  1.641522e-02  9.825498e-02  1.152406e-02
 2.68966e+00  3.10345e+00       1.103e+12  9.874605e-01  2.441119e-02  5.224074e-02  1.253954e-02
 3.10345e+00  3.10345e+00       5.196e+11  9.658661e-01  3.202878e-02 -5.840108e-02  3.413388e-02
 3.51724e+00  3.10345e+00       2.930e+11  8.986288e-01  7.862609e-03 -2.657931e-01  1.013712e-01
 3.93103e+00  3.10345e+00       2.734e+11  8.567452e-01 -4.447172e-02 -3.868214e-01  1.432548e-01
 4.34483e+00  3.10345e+00       3.516e+11  8.590623e-01 -6.143677e-02 -4.202190e-01  1.409377e-01
 4.75862e+00  3.10345e+00       4.414e+11  8.272033e-01 -5.264749e-02 -4.696323e-01  1.727967e-01
 5.17241e+00  3.10345e+00       4.395e+11  7.149131e-01 -4.721037e-02 -5.634994e-01  2.850869e-01
 5.58621e+00  3.10345e+00       3.719e+11  5.146093e-01 -4.147737e-02 -7.072112e-01  4.853907e-01
 6.00000e+00  3.10345e+00       3.323e+11  2.611554e-01 -1.857428e-02 -8.256091e-01  7.388446e-01
-6.00000e+00  3.51724e+00       3.490e+11 -3.168397e-02  4.039867e-02  8.375188e-01  9.683160e-01
-5.58621e+00  3.51724e+00       3.185e+11  2.607960e-01  3.384040e-02  7.459444e-01  7.392040e-01
-5.17241e+00  3.51724e+00       3.974e+11  5.558753e-01 -2.232038e-02  5.981025e-01  4.441247e-01
-4.75862e+00  3.51724e+00       4.489e+11  7.483104e-01 -4.692388e-02  4.645420e-01  2.516896e-01
-4.34483e+00  3.51724e+00       4.028e+11  8.444498e-01 -6.064197e-02  3.808875e-01  1.555502e-01
-3.93103e+00  3.51724e+00       3.128e+11  8.554539e-01 -6.621854e-02  3.668884e-01  1.445461e-01
-3.51724e+00  3.51724e+00       2.278e+11  8.076289e-01 -6.606264e-02  3.816800e-01  1.923711e-01
-3.10345e+00  3.51724e+00       1.654e+11  7.870935e-01 -4.442687e-02  2.655528e-01  2.129065e-01
-2.68966e+00  3.51724e+00       1.977e+11  8.789343e-01  2.626934e-02 -8.589665e-02  1.210657e-01
-2.27586e+00  3.51724e+00       4.414e+11  9.180378e-01  3.542821e-02 -2.999362e-01  8.196225e-02
-1.86207e+00  3.51724e+00       9.212e+11  8.892048e-01  1.834578e-02 -3.993936e-01  1.107952e-01
-1.44828e+00  3.51724e+00       1.329e+12  8.350617e-01 -1.218021e-02 -4.786135e-01  1.649383e-01
-1.03448e+00  3.51724e+00       1.252e+12  7.474518e-01 -7.355219e-02 -5.380143e-01  2.525482e-01
-6.20690e-01  3.51724e+00       8.242e+11  5.971791e-01 -1.858538e-01 -5.001550e-01  4.028209e-01
-2.06897e-01  3.51724e+00       5.144e+11  4.131011e-01 -3.130851e-01 -1.207102e-01  5.868989e-01
 2.06897e-01  3.51724e+00       5.224e+11  4.352860e-01 -2.688953e-01  4.633678e-01  5.647140e-01
 6.20690e-01  3.51724e+00       7.989e+11  5.970080e-01 -1.266340e-01  6.482403e-01  4.029920e-01
 1.03448e+00  3.51724e+00       1.150e+12  7.213505e-01 -3.210568e-02  6.130546e-01  2.786495e-01
 1.44828e+00  3.51724e+00       1.229e+12  8.075107e-01  1.388634e-02  5.251889e-01  1.924893e-01
 1.86207e+00  3.51724e+00       9.208e+11  8.729686e-01  3.438406e-02  4.118132e-01  1.270314e-01
 2.27586e+00  3.51724e+00       5.297e+11  9.217106e-01  4.859097e-02  2.592081e-01  7.828941e-02
 2.68966e+00  3.51724e+00       3.112e+11  9.322718e-01  5.133738e-02  2.775546e-02  6.772819e-02
 3.10345e+00  3.51724e+00       2.564e+11  8.975581e-01  9.600988e-03 -2.136771e-01  1.024419e-01
 3.51724e+00  3.51724e+00       2.750e+11  8.792270e-01 -4.028474e-02 -3.059280e-01  1.207730e-01
 3.93103e+00  3.51724e+00       3.609e+11  8.926513e-01 -5.809785e-02 -3.314584e-01  1.073487e-01
 4.34483e+00  3.51724e+00       4.822e+11  8.843381e-01 -5.182798e-02 -3.780649e-01  1.156619e-01
 4.75862e+00  3.51724e+00       5.061e+11  8.125263e-01 -4.451033e-02 -4.593936e-01  1.874737e-01
 5.17241e+00  3.51724e+00       4.335e+11  6.418989e-01 -3.888673e-02 -6.087753e-01  3.581011e-01
 5.58621e+00  3.51724e+00       3.776e+11  4.185107e-01 -1.590018e-02 -7.776166e-01  5.814893e-01
 6.00000e+00  3.51724e+00       4.160e+11  1.614104e-01  4.574857e-03 -8.662087e-01  8.385896e-01
-6.00000e+00  3.93103e+00       5.850e+11  3.522909e-02  5.681138e-02  9.049683e-01  9.647709e-01
-5.58621e+00  3.93103e+00       4.071e+11  1.997329e-01  8.135179e-02  8.554381e-01  8.002671e-01
-5.17241e+00  3.93103e+00       3.938e+11  4.430430e-01  1.459949e-02  7.097153e-01  5.569570e-01
-4.75862e+00  3.93103e+00       4.783e+11  6.765625e-01 -3.984582e-02  5.195584e-01  3.234375e-01
-4.34483e+00  3.93103e+00       5.064e+11  8.252454e-01 -5.480659e-02  3.645048e-01  1.747546e-01
-3.93103e+00  3.93103e+00       4.379e+11  8.999898e-01 -6.058121e-02  2.692839e-01  1.000102e-01
-3.51724e+00  3.93103e+00       3.447e+11  9.034583e-01 -5.541392e-02  2.578394e-01  9.654171e-02
-3.10345e+00  3.93103e+00       2.575e+11  8.498577e-01 -5.246414e-02  2.898748e-01  1.501423e-01
-2.68966e+00  3.93103e+00       1.696e+11  7.742520e-01 -5.429660e-02  2.548952e-01  2.257480e-01
-2.27586e+00  3.93103e+00       1.082e+11  7.140932e-01  4.715682e-02  1.300868e-02  2.859068e-01
-1.86207e+00  3.93103e+00       9.844e+10  6.847829e-01  1.996225e-01 -3.837821e-01  3.152171e-01
-1.44828e+00  3.93103e+00       1.172e+11  5.908648e-01  2.191513e-01 -6.278425e-01  4.091352e-01
-1.03448e+00  3.93103e+00       1.293e+11  3.764382e-01  2.113016e-01 -7.511055e-01  6.235618e-01
-6.20690e-01  3.93103e+00       1.299e+11  3.238463e-02  2.203518e-01 -7.165018e-01  9.676154e-01
-2.06897e-01  3.93103e+00       1.289e+11 -2.807623e-01  2.261690e-01 -3.707319e-01  7.192377e-01
 2.06897e-01  3.93103e+00       1.381e+11 -2.011317e-01  2.045693e-01  1.931599e-01  7.988683e-01
 6.20690e-01  3.93103e+00       1.686e+11  2.506207e-01  1.792656e-01  5.341562e-01  7.493793e-01
 1.03448e+00  3.93103e+00       2.042e+11  6.008923e-01  1.613263e-01  5.721341e-01  3.991077e-01
 1.44828e+00  3.93103e+00       2.065e+11  7.517144e-01  1.410842e-01  4.975005e-01  2.482856e-01
 1.86207e+00  3.93103e+00       1.881e+11  8.310506e-01  1.211662e-01  3.059430e-01  1.689494e-01
 2.27586e+00  3.93103e+00       2.027e+11  8.885224e-01  6.583369e-02  2.130932e-02  1.114776e-01
 2.68966e+00  3.93103e+00       2.413e+11  8.984026e-01 -5.343897e-03 -1.427437e-01  1.015974e-01
 3.10345e+00  3.93103e+00       2.773e+11  8.992834e-01 -4.239503e-02 -1.765147e-01  1.007166e-01
 3.51724e+00  3.93103e+00       3.736e+11  9.248093e-01 -5.152884e-02 -1.959331e-01  7.519067e-02
 3.93103e+00  3.93103e+00       5.257e+11  9.300696e-01 -4.822047e-02 -2.555089e-01  6.993040e-02
 4.34483e+00  3.93103e+00       5.806e+11  8.828922e-01 -4.599809e-02 -3.431110e-01  1.171078e-01
 4.75862e+00  3.93103e+00       5.032e+11  7.542235e-01 -4.945803e-02 -4.909319e-01  2.457765e-01
 5.17241e+00  3.93103e+00       4.091e+11  5.567494e-01 -3.677695e-02 -6.830447e-01  4.432506e-01
 5.58621e+00  3.93103e+00       3.874e+11  3.356046e-01 -1.078672e-03 -8.204172e-01  6.643954e-01
 6.00000e+00  3.93103e+00       5.231e+11  6.807746e-02 -2.669152e-03 -8.926715e-01  9.319225e-01
-6.00000e+00  4.34483e+00       8.889e+11  7.841745e-02  2.234043e-02  9.255501e-01  9.215825e-01
-5.58621e+00  4.34483e+00       5.973e+11  2.125315e-01  7.609393e-02  8.883377e-01  7.874685e-01
-5.17241e+00  4.34483e+00       4.263e+11  3.566147e-01  7.882373e-02  8.135623e-01  6.433853e-01
-4.75862e+00  4.34483e+00       4.355e+11  5.688456e-01 -7.053187e-04  6.295177e-01  4.311544e-01
-4.34483e+00  4.34483e+00       5.296e+11  7.628356e-01 -4.579315e-02  4.074357e-01  2.371644e-01
-3.93103e+00  4.34483e+00       5.525e+11  8.830358e-01 -5.579368e-02  2.251957e-01  1.169642e-01
-3.51724e+00  4.34483e+00       4.791e+11  9.418972e-01 -5.971078e-02  1.046889e-01  5.810277e-02
-3.10345e+00  4.34483e+00       3.868e+11  9.489057e-01 -4.517490e-02  7.416962e-02  5.109431e-02
-2.68966e+00  4.34483e+00       3.084e+11  9.079947e-01 -2.305689e-02  1.162301e-01  9.200534e-02
-2.27586e+00  4.34483e+00       2.246e+11  8.237839e-01 -5.555148e-02  1.552169e-01  1.762161e-01
-1.86207e+00  4.34483e+00       1.378e+11  6.795446e-01 -7.844296e-02  1.327221e-01  3.204554e-01
-1.44828e+00  4.34483e+00       7.932e+10  4.485028e-01  1.440180e-01  1.148883e-02  5.514972e-01
-1.03448e+00  4.34483e+00       5.513e+10  2.538964e-01  5.586113e-01 -1.486571e-01  7.461036e-01
-6.20690e-01  4.34483e+00       4.913e+10  2.418058e-01  7.420621e-01 -1.954420e-01  7.581942e-01
-2.06897e-01  4.34483e+00       5.118e+10  3.167970e-01  7.254845e-01 -1.098585e-01  6.832030e-01
 2.06897e-01  4.34483e+00       6.009e+10  4.200163e-01  6.492770e-01  9.833951e-02  5.799837e-01
 6.20690e-01  4.34483e+00       7.789e+10  5.518313e-01  5.273498e-01  3.177878e-01  4.481687e-01
 1.03448e+00  4.34483e+00       1.071e+11  6.953816e-01  3.467865e-01  3.635127e-01  3.046184e-01
 1.44828e+00  4.34483e+00       1.557e+11  8.243819e-01  1.333391e-01  2.225352e-01  1.756181e-01
 1.86207e+00  4.34483e+00       2.135e+11  8.800135e-01 -8.256210e-03  7.615680e-02  1.199865e-01
 2.27586e+00  4.34483e+00       2.410e+11  8.720600e-01 -4.560513e-02  2.126511e-02  1.279400e-01
 2.68966e+00  4.34483e+00       2.718e+11  8.826294e-01 -3.483903e-02  3.219024e-02  1.173706e-01
 3.10345e+00  4.34483e+00       4.016e+11  9.394002e-01 -3.927768e-02 -3.930403e-03  6.059984e-02
 3.51724e+00  4.34483e+00       5.782e+11  9.620986e-01 -4.277829e-02 -8.535527e-02  3.790136e-02
 3.93103e+00  4.34483e+00       6.309e+11  9.329554e-01 -4.530234e-02 -1.895009e-01  6.704461e-02
 4.34483e+00  4.34483e+00       5.456e+11  8.315342e-01 -5.422942e-02 -3.590195e-01  1.684658e-01
 4.75862e+00  4.34483e+00       4.470e+11  6.670851e-01 -4.763914e-02 -5.832838e-01  3.329149e-01
 5.17241e+00  4.34483e+00       4.093e+11  4.986397e-01 -7.276057e-03 -7.496812e-01  5.013603e-01
 5.58621e+00  4.34483e+00       5.060e+11  2.759193e-01  5.318832e-03 -8.550484e-01  7.240807e-01
 6.00000e+00  4.34483e+00       8.217e+11  6.056500e-02 -1.492815e-02 -9.280328e-01  9.394350e-01
-6.00000e+00  4.75862e+00       1.258e+12  1.405407e-01 -2.577250e-03  9.398062e-01  8.594593e-01
-5.58621e+00  4.75862e+00       9.407e+11  2.649994e-01  3.542252e-02  8.943390e-01  7.350006e-01
-5.17241e+00  4.75862e+00       6.233e+11  3.802348e-01  8.736820e-02  8.419268e-01  6.197652e-01
-4.75862e+00  4.75862e+00       4.366e+11  4.888039e-01  7.943261e-02  7.551134e-01  5.111961e-01
-4.34483e+00  4.75862e+00       4.443e+11  6.588107e-01 -4.554216e-03  5.467180e-01  3.411893e-01
-3.93103e+00  4.75862e+00       5.436e+11  8.146728e-01 -4.956140e-02  2.844094e-01  1.853272e-01
-3.51724e+00  4.75862e+00       5.805e+11  9.044314e-01 -5.709762e-02  5.748895e-02  9.556862e-02
-3.10345e+00  4.75862e+00       5.184e+11  9.385110e-01 -6.163955e-02 -1.134640e-01  6.148902e-02
-2.68966e+00  4.75862e+00       4.259e+11  9.395511e-01 -5.679716e-02 -2.066160e-01  6.044889e-02
-2.27586e+00  4.75862e+00       3.501e+11  9.224312e-01 -8.064677e-04 -2.084501e-01  7.756881e-02
-1.86207e+00  4.75862e+00       2.997e+11  8.844907e-01  5.852822e-02 -1.456836e-01  1.155093e-01
-1.44828e+00  4.75862e+00       2.531e+11  8.047166e-01 -1.725008e-04 -4.100439e-02  1.952834e-01
-1.03448e+00  4.75862e+00       1.914e+11  6.286797e-01 -1.860537e-01  9.221438e-02  3.713203e-01
-6.20690e-01  4.75862e+00       1.421e+11  3.869790e-01 -3.796715e-01  2.451408e-01  6.130210e-01
-2.06897e-01  4.75862e+00       1.296e+11  3.150215e-01 -4.228303e-01  4.077126e-01  6.849785e-01
 2.06897e-01  4.75862e+00       1.512e+11  4.523477e-01 -3.543841e-01  4.906808e-01  5.476523e-01
 6.20690e-01  4.75862e+00       1.873e+11  5.993219e-01 -2.835390e-01  4.275661e-01  4.006781e-01
 1.03448e+00  4.75862e+00       2.032e+11  6.589372e-01 -1.982386e-01  2.805956e-01  3.410628e-01
 1.44828e+00  4.75862e+00       1.893e+11  6.297069e-01 -5.152617e-02  1.803858e-01  3.702931e-01
 1.86207e+00  4.75862e+00       1.936e+11  6.437941e-01  5.747159e-02  2.538109e-01  3.562059e-01
 2.27586e+00  4.75862e+00       2.879e+11  7.984714e-01  9.388507e-03  3.163036e-01  2.015286e-01
 2.68966e+00  4.75862e+00       4.771e+11  9.135343e-01 -3.280977e-02  2.428013e-01  8.646565e-02
 3.10345e+00  4.75862e+00       6.324e+11  9.560214e-01 -4.078955e-02  1.352014e-01  4.397864e-02
 3.51724e+00  4.75862e+00       6.350e+11  9.464727e-01 -4.899407e-02 -8.986642e-04  5.352725e-02
 3.93103e+00  4.75862e+00       5.353e+11  8.710287e-01 -6.435518e-02 -2.150055e-01  1.289713e-01
 4.34483e+00  4.75862e+00       4.499e+11  7.445816e-01 -5.689635e-02 -4.789760e-01  2.554184e-01
 4.75862e+00  4.75862e+00       4.229e+11  6.273178e-01 -9.449847e-03 -6.584192e-01  3.726822e-01
 5.17241e+00  4.75862e+00       5.004e+11  4.617377e-01  1.027250e-02 -7.780884e-01  5.382623e-01
 5.58621e+00  4.75862e+00       7.999e+11  2.514091e-01 -1.255175e-02 -8.910344e-01  7.485909e-01
 6.00000e+00  4.75862e+00       1.254e+12  1.132046e-01 -1.752445e-02 -9.515617e-01  8.867954e-01
-6.00000e+00  5.17241e+00       1.575e+12  2.161800e-01 -1.221908e-02  9.438569e-01  7.838200e-01
-5.58621e+00  5.17241e+00       1.354e+12  3.234397e-01  1.364143e-03  8.944466e-01  6.765603e-01
-5.17241e+00  5.17241e+00       1.013e+12  4.426653e-01  4.157700e-02  8.260423e-01  5.573347e-01
-4.75862e+00  5.17241e+00       6.652e+11  5.394630e-01  9.608459e-02  7.578656e-01  4.605370e-01
-4.34483e+00  5.17241e+00       4.375e+11  6.086002e-01  9.617669e-02  6.792061e-01  3.913998e-01
-3.93103e+00  5.17241e+00       4.093e+11  7.186103e-01  7.703976e-03  4.865137e-01  2.813897e-01
-3.51724e+00  5.17241e+00       4.953e+11  8.247773e-01 -5.224949e-02  1.867534e-01  1.752227e-01
-3.10345e+00  5.17241e+00       5.586e+11  8.714164e-01 -6.375859e-02 -1.075950e-01  1.285836e-01
-2.68966e+00  5.17241e+00       5.311e+11  8.534980e-01 -5.980687e-02 -3.449637e-01  1.465020e-01
-2.27586e+00  5.17241e+00       4.507e+11  7.833268e-01 -7.275512e-02 -5.303893e-01  2.166732e-01
-1.86207e+00  5.17241e+00       3.715e+11  6.966498e-01 -7.633624e-02 -6.541301e-01  3.033502e-01
-1.44828e+00  5.17241e+00       3.070e+11  6.311043e-01 -3.481275e-02 -7.101679e-01  3.688957e-01
-1.03448e+00  5.17241e+00       2.433e+11  6.033437e-01 -5.000294e-03 -6.828839e-01  3.966563e-01
-6.20690e-01  5.17241e+00       1.669e+11  5.764853e-01 -6.351170e-03 -5.335573e-01  4.235147e-01
-2.06897e-01  5.17241e+00       1.086e+11  4.848065e-01  1.221645e-02 -2.319626e-01  5.151935e-01
 2.06897e-01  5.17241e+00       8.817e+10  2.802215e-01  1.314031e-02  5.242509e-02  7.197785e-01
 6.20690e-01  5.17241e+00       9.973e+10  2.485745e-02 -1.785835e-02  2.610066e-01  9.751426e-01
 1.03448e+00  5.17241e+00       1.495e+11  4.619907e-02  3.908790e-03  5.238504e-01  9.538009e-01
 1.44828e+00  5.17241e+00       2.574e+11  3.587543e-01 -2.906642e-03  6.696264e-01  6.412457e-01
 1.86207e+00  5.17241e+00       4.176e+11  6.292753e-01 -3.382104e-02  6.444488e-01  3.707247e-01
 2.27586e+00  5.17241e+00       5.586e+11  7.841127e-01 -4.433018e-02  5.349702e-01  2.158873e-01
 2.68966e+00  5.17241e+00       6.033e+11  8.707006e-01 -4.877086e-02  3.886867e-01  1.292994e-01
 3.10345e+00  5.17241e+00       5.472e+11  8.988356e-01 -6.736285e-02  1.939532e-01  1.011644e-01
 3.51724e+00  5.17241e+00       4.605e+11  8.629036e-01 -8.762975e-02 -9.352066e-02  1.370964e-01
 3.93103e+00  5.17241e+00       4.144e+11  7.937562e-01 -6.292850e-02 -3.853694e-01  2.062438e-01
 4.34483e+00  5.17241e+00       4.171e+11  7.334919e-01  1.518508e-04 -5.449234e-01  2.665081e-01
 4.75862e+00  5.17241e+00       5.000e+11  6.166495e-01  1.634218e-02 -6.667002e-01  3.833505e-01
 5.17241e+00  5.17241e+00       7.966e+11  4.303340e-01 -1.270096e-02 -8.179361e-01  5.696660e-01
 5.58621e+00  5.17241e+00       1.298e+12  2.932346e-01 -1.909851e-02 -9.111559e-01  7.067654e-01
 6.00000e+00  5.17241e+00       1.671e+12  2.017460e-01 -6.836739e-03 -9.542220e-01  7.982540e-01
-6.00000e+00  5.58621e+00       1.754e+12  3.011622e-01 -1.067625e-02  9.339583e-01  6.988378e-01
-5.58621e+00  5.58621e+00       1.680e+12  3.912198e-01 -1.141607e-02  8.861832e-01  6.087802e-01
-5.17241e+00  5.58621e+00       1.446e+12  4.971173e-01  2.594781e-03  8.120146e-01  5.028827e-01
-4.75862e+00  5.58621e+00       1.113e+12  6.083538e-01  4.202075e-02  7.159822e-01  3.916462e-01
-4.34483e+00  5.58621e+00       7.474e+11  6.922573e-01  1.000369e-01  6.266673e-01  3.077427e-01
-3.93103e+00  5.58621e+00       4.535e+11  7.284012e-01  1.261908e-01  5.617255e-01  2.715988e-01
-3.51724e+00  5.58621e+00       3.476e+11  7.742701e-01  5.108941e-02  4.458345e-01  2.257299e-01
-3.10345e+00  5.58621e+00       3.808e+11  8.213504e-01 -3.885286e-02  1.933027e-01  1.786496e-01
-2.68966e+00  5.58621e+00       4.400e+11  7.917710e-01 -8.415984e-02 -1.636624e-01  2.082290e-01
-2.27586e+00  5.58621e+00       4.693e+11  6.871186e-01 -8.573112e-02 -4.991702e-01  3.128814e-01
-1.86207e+00  5.58621e+00       4.267e+11  5.210773e-01 -5.661613e-02 -7.179295e-01  4.789227e-01
-1.44828e+00  5.58621e+00       3.378e+11  2.381903e-01 -4.277169e-02 -8.407095e-01  7.618097e-01
-1.03448e+00  5.58621e+00       2.917e+11 -1.725024e-01 -9.017367e-02 -8.379848e-01  8.274976e-01
-6.20690e-01  5.58621e+00       3.029e+11 -5.202983e-01 -1.520857e-01 -6.550277e-01  4.797017e-01
-2.06897e-01  5.58621e+00       3.221e+11 -7.208871e-01 -1.805163e-01 -3.216170e-01  2.791129e-01
 2.06897e-01  5.58621e+00       3.267e+11 -7.458046e-01 -1.751754e-01  1.102601e-01  2.541954e-01
 6.20690e-01  5.58621e+00       3.271e+11 -5.321982e-01 -1.363453e-01  5.260217e-01  4.678018e-01
 1.03448e+00  5.58621e+00       3.486e+11 -1.106426e-01 -7.920998e-02  7.842110e-01  8.893574e-01
 1.44828e+00  5.58621e+00       4.027e+11  2.989151e-01 -4.680760e-02  8.315999e-01  7.010849e-01
 1.86207e+00  5.58621e+00       4.491e+11  5.493661e-01 -5.567803e-02  7.533567e-01  4.506339e-01
 2.27586e+00  5.58621e+00       4.349e+11  6.873353e-01 -8.944799e-02  5.940509e-01  3.126647e-01
 2.68966e+00  5.58621e+00       3.785e+11  7.753910e-01 -1.287700e-01  3.031897e-01  2.246090e-01
 3.10345e+00  5.58621e+00       3.477e+11  8.219415e-01 -1.228177e-01 -6.336720e-02  1.780585e-01
 3.51724e+00  5.58621e+00       3.639e+11  8.343816e-01 -4.260656e-02 -2.946951e-01  1.656184e-01
 3.93103e+00  5.58621e+00       4.021e+11  8.252842e-01  2.764173e-02 -3.871600e-01  1.747158e-01
 4.34483e+00  5.58621e+00       5.002e+11  7.400794e-01  1.955096e-02 -5.194613e-01  2.599206e-01
 4.75862e+00  5.58621e+00       8.153e+11  5.860928e-01 -1.642460e-02 -7.143208e-01  4.139072e-01
 5.17241e+00  5.58621e+00       1.354e+12  4.655297e-01 -1.933473e-02 -8.373687e-01  5.344703e-01
 5.58621e+00  5.58621e+00       1.798e+12  3.786384e-01 -5.064715e-03 -9.002935e-01  6.213616e-01
 6.00000e+00  5.58621e+00       1.873e+12  3.023569e-01  7.196648e-03 -9.371102e-01  6.976431e-01
-6.00000e+00  6.00000e+00       1.815e+12  4.086852e-01 -4.952451e-03  9.018357e-01  5.913148e-01
-5.58621e+00  6.00000e+00       1.867e+12  4.688818e-01 -1.014537e-02  8.654815e-01  5.311182e-01
-5.17241e+00  6.00000e+00       1.739e+12  5.546538e-01 -1.103727e-02  7.970758e-01  4.453462e-01
-4.75862e+00  6.00000e+00       1.518e+12  6.521395e-01  5.706033e-04  6.954843e-01  3.478605e-01
-4.34483e+00  6.00000e+00       1.230e+12  7.492110e-01  3.408027e-02  5.668081e-01  2.507890e-01
-3.93103e+00  6.00000e+00       8.896e+11  8.239638e-01  9.087462e-02  4.405963e-01  1.760362e-01
-3.51724e+00  6.00000e+00       5.405e+11  8.459260e-01  1.492867e-01  3.601229e-01  1.540740e-01
-3.10345e+00  6.00000e+00       3.176e+11  8.335178e-01  1.391079e-01  3.112490e-01  1.664822e-01
-2.68966e+00  6.00000e+00       2.702e+11  8.646776e-01  3.958342e-02  2.009046e-01  1.353224e-01
-2.27586e+00  6.00000e+00       2.857e+11  8.606847e-01 -5.075053e-02  2.424819e-02  1.393153e-01
-1.86207e+00  6.00000e+00       2.813e+11  7.263390e-01 -1.341429e-01 -2.338654e-01  2.736610e-01
-1.44828e+00  6.00000e+00       2.630e+11  3.894851e-01 -1.791619e-01 -5.011575e-01  6.105149e-01
-1.03448e+00  6.00000e+00       2.582e+11 -1.467454e-01 -2.119017e-01 -6.035170e-01  8.532546e-01
-6.20690e-01  6.00000e+00       2.822e+11 -5.898188e-01 -2.559821e-01 -4.516271e-01  4.101812e-01
-2.06897e-01  6.00000e+00       3.110e+11 -7.680681e-01 -2.706823e-01 -1.272741e-01  2.319319e-01
 2.06897e-01  6.00000e+00       3.194e+11 -7.415215e-01 -2.589637e-01  2.561416e-01  2.584785e-01
 6.20690e-01  6.00000e+00       2.955e+11 -5.722888e-01 -2.390786e-01  5.717671e-01  4.277112e-01
 1.03448e+00  6.00000e+00       2.430e+11 -2.935339e-01 -2.339256e-01  7.209701e-01  7.064661e-01
 1.44828e+00  6.00000e+00       2.036e+11  1.205517e-01 -2.768996e-01  6.275616e-01  8.794483e-01
 1.86207e+00  6.00000e+00       2.055e+11  5.099079e-01 -2.982370e-01  3.557782e-01  4.900921e-01
 2.27586e+00  6.00000e+00       2.300e+11  7.147104e-01 -2.113161e-01  9.130515e-02  2.852896e-01
 2.68966e+00  6.00000e+00       2.775e+11  8.204607e-01 -6.091085e-02 -6.623597e-02  1.795393e-01
 3.10345e+00  6.00000e+00       3.386e+11  8.772648e-01  4.249104e-02 -1.062768e-01  1.227352e-01
 3.51724e+00  6.00000e+00       3.859e+11  8.840714e-01  5.659556e-02 -1.539656e-01  1.159286e-01
 3.93103e+00  6.00000e+00       5.116e+11  8.214489e-01  6.179151e-03 -3.504045e-01  1.785511e-01
 4.34483e+00  6.00000e+00       8.770e+11  7.156168e-01 -2.377775e-02 -5.893134e-01  2.843832e-01
 4.75862e+00  6.00000e+00       1.443e+12  6.248151e-01 -1.663102e-02 -7.312627e-01  3.751849e-01
 5.17241e+00  6.00000e+00       1.910e+12  5.495081e-01  3.110539e-04 -8.112673e-01  4.504919e-01
 5.58621e+00  6.00000e+00       2.027e+12  4.785218e-01  1.076374e-02 -8.638035e-01  5.214782e-01
 6.00000e+00  6.00000e+00       1.822e+12  4.090785e-01  9.555309e-03 -9.009795e-01  5.909215e-01
