 EB(GeV)    EMITTANCEx EMITTANCEy SIZEx(m)   SIZEy(m)   DIVx(rad)  DIVy(rad)
 1.500e+00  5.941e-09  5.941e-11  1.840e-04  1.299e-05  3.228e-05  4.574e-06
 betax      alphax     betay      alphay     eta        deta       E_spread  
 5.700e+00  0.000e+00  2.840e+00  0.000e+00  0.000e+00  0.000e+00  1.000e-03
 Ibeam(A) 
  2.000e-01


           x            y       F.Density            PL            PC          PL45        1-|PL|
          mm           mm  ph/s/mm^2/0.1%             -             -             -             -
-6.00000e+00 -6.00000e+00       1.227e+12  6.238173e-01  1.391606e-02 -7.520144e-01  3.761827e-01
-5.58621e+00 -6.00000e+00       1.638e+12  6.811252e-01  1.110823e-02 -7.015444e-01  3.188748e-01
-5.17241e+00 -6.00000e+00       2.290e+12  7.333492e-01  6.997557e-03 -6.548646e-01  2.666508e-01
-4.75862e+00 -6.00000e+00       2.750e+12  7.671248e-01  2.843274e-03 -6.185159e-01  2.328752e-01
-4.34483e+00 -6.00000e+00       2.583e+12  7.999793e-01 -5.315291e-03 -5.653215e-01  2.000207e-01
-3.93103e+00 -6.00000e+00       2.075e+12  8.441920e-01 -1.902181e-02 -4.597952e-01  1.558080e-01
-3.51724e+00 -6.00000e+00       1.658e+12  8.884614e-01 -2.883546e-02 -2.811065e-01  1.115386e-01
-3.10345e+00 -6.00000e+00       1.391e+12  9.092362e-01 -2.799472e-02 -5.869198e-02  9.076380e-02
-2.68966e+00 -6.00000e+00       1.122e+12  8.951565e-01 -3.121924e-02  1.492206e-01  1.048435e-01
-2.27586e+00 -6.00000e+00       7.715e+11  8.432622e-01 -4.829024e-02  3.038394e-01  1.567378e-01
-1.86207e+00 -6.00000e+00       4.533e+11  7.628608e-01 -5.899895e-02  3.890085e-01  2.371392e-01
-1.44828e+00 -6.00000e+00       2.827e+11  6.920793e-01 -5.874321e-02  3.286874e-01  3.079207e-01
-1.03448e+00 -6.00000e+00       2.152e+11  5.718276e-01 -1.730363e-01  8.483701e-02  4.281724e-01
-6.20690e-01 -6.00000e+00       1.969e+11  3.106814e-01 -4.212583e-01 -1.613537e-01  6.893186e-01
-2.06897e-01 -6.00000e+00       2.089e+11  1.250720e-01 -5.767376e-01 -2.923638e-01  8.749280e-01
 2.06897e-01 -6.00000e+00       2.267e+11  1.605381e-01 -5.365139e-01 -3.791982e-01  8.394619e-01
 6.20690e-01 -6.00000e+00       2.315e+11  3.097007e-01 -3.313651e-01 -4.245433e-01  6.902993e-01
 1.03448e+00 -6.00000e+00       2.306e+11  4.137346e-01 -4.761346e-02 -4.304991e-01  5.862654e-01
 1.44828e+00 -6.00000e+00       2.560e+11  4.771719e-01  1.137273e-01 -4.684119e-01  5.228281e-01
 1.86207e+00 -6.00000e+00       3.291e+11  6.154795e-01  1.133484e-01 -4.927729e-01  3.845205e-01
 2.27586e+00 -6.00000e+00       4.396e+11  7.579305e-01  9.046451e-02 -4.070197e-01  2.420695e-01
 2.68966e+00 -6.00000e+00       6.375e+11  8.582820e-01  6.045675e-02 -1.766952e-01  1.417180e-01
 3.10345e+00 -6.00000e+00       1.055e+12  8.999844e-01  2.057175e-02  1.018086e-01  1.000156e-01
 3.51724e+00 -6.00000e+00       1.708e+12  8.925473e-01 -4.586399e-03  3.098225e-01  1.074527e-01
 3.93103e+00 -6.00000e+00       2.320e+12  8.593325e-01 -1.141762e-02  4.466903e-01  1.406675e-01
 4.34483e+00 -6.00000e+00       2.616e+12  8.072995e-01 -8.409286e-03  5.537980e-01  1.927005e-01
 4.75862e+00 -6.00000e+00       2.610e+12  7.493363e-01 -4.440021e-03  6.381860e-01  2.506637e-01
 5.17241e+00 -6.00000e+00       2.387e+12  6.999615e-01 -6.919079e-03  6.931059e-01  3.000385e-01
 5.58621e+00 -6.00000e+00       1.963e+12  6.619876e-01 -1.414833e-02  7.266178e-01  3.380124e-01
 6.00000e+00 -6.00000e+00       1.378e+12  6.366720e-01 -1.955292e-02  7.465669e-01  3.633280e-01
-6.00000e+00 -5.58621e+00       1.505e+12  5.365244e-01  1.166205e-02 -8.206206e-01  4.634756e-01
-5.58621e+00 -5.58621e+00       2.166e+12  5.889843e-01  7.335411e-03 -7.900593e-01  4.110157e-01
-5.17241e+00 -5.58621e+00       2.610e+12  6.262040e-01  1.949736e-03 -7.613021e-01  3.737960e-01
-4.75862e+00 -5.58621e+00       2.487e+12  6.723475e-01 -5.838279e-03 -7.093037e-01  3.276525e-01
-4.34483e+00 -5.58621e+00       2.071e+12  7.404896e-01 -1.415699e-02 -6.065700e-01  2.595104e-01
-3.93103e+00 -5.58621e+00       1.691e+12  8.205326e-01 -1.950226e-02 -4.465342e-01  1.794674e-01
-3.51724e+00 -5.58621e+00       1.342e+12  8.859094e-01 -3.017019e-02 -2.729471e-01  1.140906e-01
-3.10345e+00 -5.58621e+00       9.251e+11  9.147591e-01 -5.801686e-02 -1.391745e-01  8.524088e-02
-2.68966e+00 -5.58621e+00       5.413e+11  8.966881e-01 -1.028324e-01 -6.876109e-02  1.033119e-01
-2.27586e+00 -5.58621e+00       3.428e+11  8.400197e-01 -1.249492e-01 -3.159378e-02  1.599803e-01
-1.86207e+00 -5.58621e+00       3.067e+11  8.105129e-01 -6.527155e-02  8.019642e-02  1.894871e-01
-1.44828e+00 -5.58621e+00       3.110e+11  7.981949e-01 -2.186601e-02  1.680888e-01  2.018051e-01
-1.03448e+00 -5.58621e+00       2.693e+11  7.097545e-01 -3.299766e-03  9.098545e-02  2.902455e-01
-6.20690e-01 -5.58621e+00       2.072e+11  4.440880e-01  1.103913e-01 -1.722438e-01  5.559120e-01
-2.06897e-01 -5.58621e+00       1.836e+11  1.556658e-01  2.756547e-01 -4.580978e-01  8.443342e-01
 2.06897e-01 -5.58621e+00       1.984e+11  1.937832e-01  2.854999e-01 -5.542363e-01  8.062168e-01
 6.20690e-01 -5.58621e+00       2.163e+11  4.046927e-01  2.051114e-01 -4.555291e-01  5.953073e-01
 1.03448e+00 -5.58621e+00       2.232e+11  5.431409e-01  1.574014e-01 -2.546731e-01  4.568591e-01
 1.44828e+00 -5.58621e+00       2.454e+11  6.118914e-01  1.089269e-01 -1.153731e-01  3.881086e-01
 1.86207e+00 -5.58621e+00       3.008e+11  7.109529e-01 -1.763778e-04 -9.880980e-02  2.890471e-01
 2.27586e+00 -5.58621e+00       3.695e+11  8.067640e-01 -4.022885e-02 -1.211081e-01  1.932360e-01
 2.68966e+00 -5.58621e+00       4.447e+11  8.703842e-01  8.838520e-03 -1.038907e-01  1.296158e-01
 3.10345e+00 -5.58621e+00       5.768e+11  8.965833e-01  4.157212e-02  2.679212e-02  1.034167e-01
 3.51724e+00 -5.58621e+00       8.986e+11  8.674137e-01  3.082414e-02  2.693381e-01  1.325863e-01
 3.93103e+00 -5.58621e+00       1.522e+12  8.067787e-01  1.002966e-02  4.821327e-01  1.932213e-01
 4.34483e+00 -5.58621e+00       2.226e+12  7.445437e-01 -1.626583e-03  6.146821e-01  2.554563e-01
 4.75862e+00 -5.58621e+00       2.592e+12  6.788859e-01 -4.771414e-03  7.048739e-01  3.211141e-01
 5.17241e+00 -5.58621e+00       2.527e+12  6.111303e-01 -4.285328e-03  7.728673e-01  3.888697e-01
 5.58621e+00 -5.58621e+00       2.196e+12  5.542662e-01 -6.966653e-03  8.170540e-01  4.457338e-01
 6.00000e+00 -5.58621e+00       1.718e+12  5.129362e-01 -1.461226e-02  8.414847e-01  4.870638e-01
-6.00000e+00 -5.17241e+00       1.895e+12  4.386571e-01  7.219918e-03 -8.819873e-01  5.613429e-01
-5.58621e+00 -5.17241e+00       2.378e+12  4.799418e-01  1.998504e-03 -8.602918e-01  5.200582e-01
-5.17241e+00 -5.17241e+00       2.367e+12  5.335198e-01 -4.244588e-03 -8.177030e-01  4.664802e-01
-4.75862e+00 -5.17241e+00       2.021e+12  6.144163e-01 -1.001293e-02 -7.337292e-01  3.855837e-01
-4.34483e+00 -5.17241e+00       1.617e+12  7.149844e-01 -1.822225e-02 -6.064339e-01  2.850156e-01
-3.93103e+00 -5.17241e+00       1.194e+12  8.015668e-01 -4.072909e-02 -4.765583e-01  1.984332e-01
-3.51724e+00 -5.17241e+00       7.595e+11  8.433140e-01 -7.836065e-02 -3.832429e-01  1.566860e-01
-3.10345e+00 -5.17241e+00       4.760e+11  8.452899e-01 -9.233707e-02 -3.132917e-01  1.547101e-01
-2.68966e+00 -5.17241e+00       3.872e+11  8.487699e-01 -4.326254e-02 -2.117274e-01  1.512301e-01
-2.27586e+00 -5.17241e+00       3.492e+11  8.262713e-01  1.054600e-02 -5.508039e-02  1.737287e-01
-1.86207e+00 -5.17241e+00       2.956e+11  6.804511e-01  5.436387e-02  2.199680e-01  3.195489e-01
-1.44828e+00 -5.17241e+00       2.761e+11  3.187136e-01  1.131529e-01  5.836710e-01  6.812864e-01
-1.03448e+00 -5.17241e+00       3.028e+11 -9.656197e-02  1.833091e-01  7.638401e-01  9.034380e-01
-6.20690e-01 -5.17241e+00       3.228e+11 -4.154407e-01  2.204368e-01  6.621528e-01  5.845593e-01
-2.06897e-01 -5.17241e+00       3.123e+11 -6.431792e-01  2.236635e-01  3.154977e-01  3.568208e-01
 2.06897e-01 -5.17241e+00       3.026e+11 -6.805226e-01  2.112670e-01 -1.857666e-01  3.194774e-01
 6.20690e-01 -5.17241e+00       3.093e+11 -4.776716e-01  1.755581e-01 -5.999154e-01  5.223284e-01
 1.03448e+00 -5.17241e+00       3.092e+11 -1.412605e-01  1.085417e-01 -7.713279e-01  8.587395e-01
 1.44828e+00 -5.17241e+00       3.029e+11  2.781796e-01  5.801889e-02 -6.739845e-01  7.218204e-01
 1.86207e+00 -5.17241e+00       3.307e+11  6.491283e-01  7.677829e-02 -3.874956e-01  3.508717e-01
 2.27586e+00 -5.17241e+00       3.774e+11  8.102863e-01  9.625918e-02 -1.220619e-01  1.897137e-01
 2.68966e+00 -5.17241e+00       4.121e+11  8.530552e-01  5.762877e-02  6.312804e-02  1.469448e-01
 3.10345e+00 -5.17241e+00       4.628e+11  8.756038e-01  1.206347e-02  1.638609e-01  1.243962e-01
 3.51724e+00 -5.17241e+00       5.664e+11  8.733892e-01  1.348658e-02  2.551829e-01  1.266108e-01
 3.93103e+00 -5.17241e+00       8.289e+11  8.013486e-01  2.130036e-02  4.381756e-01  1.986514e-01
 4.34483e+00 -5.17241e+00       1.399e+12  6.965048e-01  1.311745e-02  6.288360e-01  3.034952e-01
 4.75862e+00 -5.17241e+00       2.103e+12  6.103742e-01  3.603680e-03  7.462794e-01  3.896258e-01
 5.17241e+00 -5.17241e+00       2.470e+12  5.353129e-01 -1.615666e-03  8.187683e-01  4.646871e-01
 5.58621e+00 -5.17241e+00       2.347e+12  4.643516e-01 -3.536915e-03  8.689736e-01  5.356484e-01
 6.00000e+00 -5.17241e+00       1.939e+12  4.056807e-01 -7.045255e-03  9.000016e-01  5.943193e-01
-6.00000e+00 -4.75862e+00       2.078e+12  3.329737e-01  3.248032e-03 -9.265463e-01  6.670263e-01
-5.58621e+00 -4.75862e+00       2.187e+12  3.866468e-01 -2.359641e-03 -8.968499e-01  6.133532e-01
-5.17241e+00 -4.75862e+00       1.919e+12  4.702582e-01 -7.396444e-03 -8.349131e-01  5.297418e-01
-4.75862e+00 -4.75862e+00       1.510e+12  5.805416e-01 -1.801128e-02 -7.377149e-01  4.194584e-01
-4.34483e+00 -4.75862e+00       1.073e+12  6.815215e-01 -4.588213e-02 -6.357784e-01  3.184785e-01
-3.93103e+00 -4.75862e+00       6.830e+11  7.391682e-01 -7.928270e-02 -5.559326e-01  2.608318e-01
-3.51724e+00 -4.75862e+00       4.769e+11  7.714551e-01 -6.490082e-02 -4.659954e-01  2.285449e-01
-3.10345e+00 -4.75862e+00       4.348e+11  8.053164e-01 -4.660153e-03 -2.720358e-01  1.946836e-01
-2.68966e+00 -4.75862e+00       4.683e+11  7.977390e-01  4.921039e-02  9.538630e-02  2.022610e-01
-2.27586e+00 -4.75862e+00       5.564e+11  7.171323e-01  7.565959e-02  4.725554e-01  2.828677e-01
-1.86207e+00 -4.75862e+00       6.020e+11  5.818619e-01  7.590378e-02  6.985924e-01  4.181381e-01
-1.44828e+00 -4.75862e+00       5.281e+11  3.822436e-01  8.798008e-02  8.220872e-01  6.177564e-01
-1.03448e+00 -4.75862e+00       4.198e+11  6.524095e-02  1.531824e-01  8.314224e-01  9.347590e-01
-6.20690e-01 -4.75862e+00       3.651e+11 -3.390386e-01  2.419957e-01  6.295852e-01  6.609614e-01
-2.06897e-01 -4.75862e+00       3.545e+11 -6.259684e-01  2.774806e-01  2.220024e-01  3.740316e-01
 2.06897e-01 -4.75862e+00       3.595e+11 -6.423092e-01  2.575443e-01 -2.594193e-01  3.576908e-01
 6.20690e-01 -4.75862e+00       3.910e+11 -3.557996e-01  1.916953e-01 -6.497753e-01  6.442004e-01
 1.03448e+00 -4.75862e+00       4.855e+11  7.813574e-02  1.081571e-01 -8.276336e-01  9.218643e-01
 1.44828e+00 -4.75862e+00       6.059e+11  3.942630e-01  6.570127e-02 -8.274804e-01  6.057370e-01
 1.86207e+00 -4.75862e+00       6.327e+11  5.825856e-01  5.375178e-02 -7.333042e-01  4.174144e-01
 2.27586e+00 -4.75862e+00       5.667e+11  7.283798e-01  4.494273e-02 -5.219431e-01  2.716202e-01
 2.68966e+00 -4.75862e+00       5.130e+11  8.349936e-01  4.842993e-02 -1.802477e-01  1.650064e-01
 3.10345e+00 -4.75862e+00       4.979e+11  8.632933e-01  5.655810e-02  1.366028e-01  1.367067e-01
 3.51724e+00 -4.75862e+00       5.028e+11  8.441539e-01  3.464942e-02  3.253708e-01  1.558461e-01
 3.93103e+00 -4.75862e+00       5.662e+11  8.044305e-01  1.239195e-02  4.401562e-01  1.955695e-01
 4.34483e+00 -4.75862e+00       8.000e+11  6.990693e-01  1.276023e-02  5.929157e-01  3.009307e-01
 4.75862e+00 -4.75862e+00       1.334e+12  5.640962e-01  1.132323e-02  7.507211e-01  4.359038e-01
 5.17241e+00 -4.75862e+00       1.985e+12  4.636412e-01  5.387911e-03  8.457439e-01  5.363588e-01
 5.58621e+00 -4.75862e+00       2.276e+12  3.854939e-01  6.189500e-04  8.993454e-01  6.145061e-01
 6.00000e+00 -4.75862e+00       2.071e+12  3.166959e-01 -2.366780e-03  9.324078e-01  6.833041e-01
-6.00000e+00 -4.34483e+00       1.960e+12  2.426214e-01  1.057817e-03 -9.469844e-01  7.573786e-01
-5.58621e+00 -4.34483e+00       1.795e+12  3.184787e-01 -4.296400e-03 -9.062661e-01  6.815213e-01
-5.17241e+00 -4.34483e+00       1.412e+12  4.295395e-01 -1.563280e-02 -8.345047e-01  5.704605e-01
-4.75862e+00 -4.34483e+00       9.941e+11  5.455527e-01 -4.466378e-02 -7.509167e-01  4.544473e-01
-4.34483e+00 -4.34483e+00       6.496e+11  6.253218e-01 -7.451865e-02 -6.760033e-01  3.746782e-01
-3.93103e+00 -4.34483e+00       4.909e+11  6.944984e-01 -4.899162e-02 -5.541146e-01  3.055016e-01
-3.51724e+00 -4.34483e+00       5.146e+11  7.944268e-01  1.376397e-02 -2.788270e-01  2.055732e-01
-3.10345e+00 -4.34483e+00       6.357e+11  8.698777e-01  5.073783e-02  5.868407e-02  1.301223e-01
-2.68966e+00 -4.34483e+00       7.157e+11  8.777551e-01  6.618622e-02  2.992776e-01  1.222449e-01
-2.27586e+00 -4.34483e+00       6.434e+11  8.312314e-01  8.987693e-02  4.618862e-01  1.687686e-01
-1.86207e+00 -4.34483e+00       4.833e+11  7.471213e-01  1.281329e-01  5.927650e-01  2.528787e-01
-1.44828e+00 -4.34483e+00       3.387e+11  6.349665e-01  1.608605e-01  6.971122e-01  3.650335e-01
-1.03448e+00 -4.34483e+00       2.385e+11  5.122232e-01  1.850050e-01  7.449205e-01  4.877768e-01
-6.20690e-01 -4.34483e+00       1.608e+11  4.088651e-01  1.885541e-01  6.693726e-01  5.911349e-01
-2.06897e-01 -4.34483e+00       1.074e+11  3.125314e-01  1.485857e-01  3.787169e-01  6.874686e-01
 2.06897e-01 -4.34483e+00       9.376e+10  1.639349e-01  1.588702e-01 -1.080061e-01  8.360651e-01
 6.20690e-01 -4.34483e+00       1.188e+11  7.243377e-02  2.221356e-01 -5.154346e-01  9.275662e-01
 1.03448e+00 -4.34483e+00       1.899e+11  2.592510e-01  1.738626e-01 -6.801886e-01  7.407490e-01
 1.44828e+00 -4.34483e+00       3.442e+11  5.703857e-01  9.031287e-02 -6.523004e-01  4.296143e-01
 1.86207e+00 -4.34483e+00       5.851e+11  7.618508e-01  5.566385e-02 -5.624707e-01  2.381492e-01
 2.27586e+00 -4.34483e+00       7.869e+11  8.524538e-01  4.371159e-02 -4.631788e-01  1.475462e-01
 2.68966e+00 -4.34483e+00       8.037e+11  8.970163e-01  3.524739e-02 -3.357857e-01  1.029837e-01
 3.10345e+00 -4.34483e+00       6.845e+11  9.040089e-01  3.244464e-02 -1.121902e-01  9.599105e-02
 3.51724e+00 -4.34483e+00       5.814e+11  8.625716e-01  4.026665e-02  1.981107e-01  1.374284e-01
 3.93103e+00 -4.34483e+00       5.340e+11  7.947166e-01  3.467522e-02  4.378908e-01  2.052834e-01
 4.34483e+00 -4.34483e+00       5.661e+11  7.124999e-01  1.363883e-02  5.786248e-01  2.875001e-01
 4.75862e+00 -4.34483e+00       7.936e+11  5.680366e-01  8.888241e-03  7.197300e-01  4.319634e-01
 5.17241e+00 -4.34483e+00       1.311e+12  4.158582e-01  9.883278e-03  8.446953e-01  5.841418e-01
 5.58621e+00 -4.34483e+00       1.862e+12  3.128718e-01  6.412820e-03  9.138864e-01  6.871282e-01
 6.00000e+00 -4.34483e+00       2.003e+12  2.367766e-01  1.757837e-03  9.495326e-01  7.632234e-01
-6.00000e+00 -3.93103e+00       1.721e+12  1.738363e-01 -5.100756e-03 -9.481001e-01  8.261637e-01
-5.58621e+00 -3.93103e+00       1.362e+12  2.929444e-01 -2.568747e-02 -8.921579e-01  7.070556e-01
-5.17241e+00 -3.93103e+00       9.960e+11  4.252630e-01 -4.549183e-02 -8.299688e-01  5.747370e-01
-4.75862e+00 -3.93103e+00       6.637e+11  5.107119e-01 -5.717010e-02 -7.727947e-01  4.892881e-01
-4.34483e+00 -3.93103e+00       4.976e+11  6.070645e-01 -3.619506e-02 -6.376478e-01  3.929355e-01
-3.93103e+00 -3.93103e+00       5.497e+11  7.709292e-01  1.575989e-02 -3.579778e-01  2.290708e-01
-3.51724e+00 -3.93103e+00       6.879e+11  8.929618e-01  4.864493e-02 -8.782970e-02  1.070382e-01
-3.10345e+00 -3.93103e+00       7.194e+11  9.401240e-01  7.025632e-02  9.151807e-02  5.987601e-02
-2.68966e+00 -3.93103e+00       5.973e+11  9.445348e-01  9.819355e-02  2.066899e-01  5.546520e-02
-2.27586e+00 -3.93103e+00       4.547e+11  9.345443e-01  9.974757e-02  2.622697e-01  6.545567e-02
-1.86207e+00 -3.93103e+00       3.902e+11  9.238686e-01  3.314016e-02  2.321709e-01  7.613143e-02
-1.44828e+00 -3.93103e+00       3.757e+11  9.013068e-01 -2.675522e-02  1.174194e-01  9.869320e-02
-1.03448e+00 -3.93103e+00       3.294e+11  8.308474e-01 -4.319013e-02 -7.356612e-02  1.691526e-01
-6.20690e-01 -3.93103e+00       2.617e+11  6.939777e-01 -7.608815e-02 -3.298705e-01  3.060223e-01
-2.06897e-01 -3.93103e+00       2.383e+11  6.111857e-01 -1.320781e-01 -5.006628e-01  3.888143e-01
 2.06897e-01 -3.93103e+00       2.644e+11  6.776484e-01 -1.308477e-01 -4.606023e-01  3.223516e-01
 6.20690e-01 -3.93103e+00       2.880e+11  7.543890e-01 -7.852737e-02 -3.065832e-01  2.456110e-01
 1.03448e+00 -3.93103e+00       2.625e+11  7.381521e-01 -2.492623e-02 -1.490156e-01  2.618479e-01
 1.44828e+00 -3.93103e+00       2.194e+11  6.609101e-01  1.044643e-02 -1.245449e-01  3.390899e-01
 1.86207e+00 -3.93103e+00       2.575e+11  7.385055e-01  5.011262e-02 -2.605760e-01  2.614945e-01
 2.27586e+00 -3.93103e+00       4.473e+11  8.886960e-01  6.211845e-02 -2.689827e-01  1.113040e-01
 2.68966e+00 -3.93103e+00       7.197e+11  9.528371e-01  4.824929e-02 -1.959024e-01  4.716290e-02
 3.10345e+00 -3.93103e+00       8.547e+11  9.655550e-01  3.465667e-02 -1.072416e-01  3.444495e-02
 3.51724e+00 -3.93103e+00       7.659e+11  9.347474e-01  2.778687e-02  4.549607e-02  6.525259e-02
 3.93103e+00 -3.93103e+00       6.208e+11  8.448786e-01  3.134524e-02  3.013307e-01  1.551214e-01
 4.34483e+00 -3.93103e+00       5.457e+11  7.295187e-01  3.122757e-02  5.414928e-01  2.704813e-01
 4.75862e+00 -3.93103e+00       5.620e+11  6.059064e-01  1.967302e-02  6.831567e-01  3.940936e-01
 5.17241e+00 -3.93103e+00       7.507e+11  4.194919e-01  1.474383e-02  8.061471e-01  5.805081e-01
 5.58621e+00 -3.93103e+00       1.177e+12  2.488901e-01  1.090098e-02  9.034608e-01  7.511099e-01
 6.00000e+00 -3.93103e+00       1.594e+12  1.446449e-01  1.897541e-03  9.529608e-01  8.553551e-01
-6.00000e+00 -3.51724e+00       1.233e+12  1.233001e-01 -5.567627e-03 -9.350468e-01  8.766999e-01
-5.58621e+00 -3.51724e+00       9.094e+11  2.514174e-01 -2.711709e-02 -8.828848e-01  7.485826e-01
-5.17241e+00 -3.51724e+00       6.163e+11  3.829564e-01 -6.223881e-02 -8.205315e-01  6.170436e-01
-4.75862e+00 -3.51724e+00       4.742e+11  5.207909e-01 -5.416271e-02 -7.050087e-01  4.792091e-01
-4.34483e+00 -3.51724e+00       5.245e+11  7.137365e-01  6.533773e-03 -4.668670e-01  2.862635e-01
-3.93103e+00 -3.51724e+00       6.567e+11  8.676366e-01  4.491771e-02 -2.324552e-01  1.323634e-01
-3.51724e+00 -3.51724e+00       6.798e+11  9.421547e-01  6.903736e-02 -8.142304e-02  5.784526e-02
-3.10345e+00 -3.51724e+00       5.667e+11  9.677310e-01  8.961512e-02 -5.514529e-03  3.226899e-02
-2.68966e+00 -3.51724e+00       4.504e+11  9.604061e-01  7.214052e-02 -1.637912e-02  3.959393e-02
-2.27586e+00 -3.51724e+00       3.612e+11  9.133828e-01  2.030991e-02 -8.628315e-02  8.661722e-02
-1.86207e+00 -3.51724e+00       2.450e+11  8.081048e-01 -3.864975e-02 -1.370973e-01  1.918952e-01
-1.44828e+00 -3.51724e+00       1.391e+11  6.088600e-01 -2.254836e-01 -8.313556e-02  3.911400e-01
-1.03448e+00 -3.51724e+00       9.330e+10  3.998714e-01 -6.100971e-01  9.704793e-02  6.001286e-01
-6.20690e-01 -3.51724e+00       7.777e+10  3.212646e-01 -8.362915e-01  1.639756e-01  6.787354e-01
-2.06897e-01 -3.51724e+00       6.866e+10  3.230361e-01 -8.681194e-01  1.586072e-02  6.769639e-01
 2.06897e-01 -3.51724e+00       7.886e+10  4.319226e-01 -7.794993e-01 -2.332092e-01  5.680774e-01
 6.20690e-01 -3.51724e+00       1.165e+11  6.045066e-01 -6.172178e-01 -3.222061e-01  3.954934e-01
 1.03448e+00 -3.51724e+00       1.770e+11  7.703026e-01 -4.051848e-01 -2.480258e-01  2.296974e-01
 1.44828e+00 -3.51724e+00       2.483e+11  8.710659e-01 -2.060550e-01 -1.250368e-01  1.289341e-01
 1.86207e+00 -3.51724e+00       2.868e+11  8.866547e-01 -7.385697e-02 -4.726002e-02  1.133453e-01
 2.27586e+00 -3.51724e+00       2.954e+11  8.790990e-01  2.018660e-02 -4.559021e-02  1.209010e-01
 2.68966e+00 -3.51724e+00       4.029e+11  9.293830e-01  6.424414e-02 -4.953942e-02  7.061699e-02
 3.10345e+00 -3.51724e+00       6.448e+11  9.713290e-01  5.366986e-02  1.166211e-03  2.867100e-02
 3.51724e+00 -3.51724e+00       8.080e+11  9.695846e-01  3.641338e-02  7.216142e-02  3.041538e-02
 3.93103e+00 -3.51724e+00       7.426e+11  9.180499e-01  2.706312e-02  1.989659e-01  8.195012e-02
 4.34483e+00 -3.51724e+00       5.881e+11  7.990425e-01  2.814145e-02  4.166834e-01  2.009575e-01
 4.75862e+00 -3.51724e+00       4.961e+11  6.466238e-01  2.200814e-02  6.313106e-01  3.533762e-01
 5.17241e+00 -3.51724e+00       5.462e+11  4.628605e-01  6.307346e-03  7.746495e-01  5.371395e-01
 5.58621e+00 -3.51724e+00       8.305e+11  2.546355e-01  6.949740e-03  8.816194e-01  7.453645e-01
 6.00000e+00 -3.51724e+00       1.250e+12  1.144097e-01  9.219444e-03  9.428877e-01  8.855903e-01
-6.00000e+00 -3.10345e+00       8.717e+11  1.059182e-01 -1.584675e-02 -9.110648e-01  8.940818e-01
-5.58621e+00 -3.10345e+00       6.063e+11  2.538403e-01 -4.996697e-02 -8.594068e-01  7.461597e-01
-5.17241e+00 -3.10345e+00       4.442e+11  4.099142e-01 -6.402773e-02 -7.730318e-01  5.900858e-01
-4.75862e+00 -3.10345e+00       4.573e+11  6.223279e-01 -1.090999e-02 -5.748575e-01  3.776721e-01
-4.34483e+00 -3.10345e+00       5.810e+11  8.120872e-01  3.632764e-02 -3.553422e-01  1.879128e-01
-3.93103e+00 -3.10345e+00       6.289e+11  9.132544e-01  6.264057e-02 -2.127366e-01  8.674557e-02
-3.51724e+00 -3.10345e+00       5.392e+11  9.511985e-01  8.203922e-02 -1.490821e-01  4.880154e-02
-3.10345e+00 -3.10345e+00       4.201e+11  9.399166e-01  7.044535e-02 -1.657083e-01  6.008341e-02
-2.68966e+00 -3.10345e+00       3.070e+11  8.864355e-01  2.299844e-02 -2.003012e-01  1.135645e-01
-2.27586e+00 -3.10345e+00       1.907e+11  8.060098e-01 -6.847878e-02 -1.309685e-01  1.939902e-01
-1.86207e+00 -3.10345e+00       1.159e+11  7.292929e-01 -2.617950e-01  1.270557e-01  2.707071e-01
-1.44828e+00 -3.10345e+00       8.936e+10  6.690169e-01 -4.286366e-01  3.908079e-01  3.309831e-01
-1.03448e+00 -3.10345e+00       7.721e+10  5.697078e-01 -4.664976e-01  4.728376e-01  4.302922e-01
-6.20690e-01 -3.10345e+00       6.470e+10  4.558983e-01 -4.381588e-01  3.261486e-01  5.441017e-01
-2.06897e-01 -3.10345e+00       6.224e+10  4.466377e-01 -3.668141e-01 -6.423091e-02  5.533623e-01
 2.06897e-01 -3.10345e+00       7.743e+10  5.361952e-01 -3.174099e-01 -4.059501e-01  4.638048e-01
 6.20690e-01 -3.10345e+00       1.016e+11  6.048941e-01 -3.102095e-01 -5.551179e-01  3.951059e-01
 1.03448e+00 -3.10345e+00       1.217e+11  6.683773e-01 -3.187159e-01 -5.410506e-01  3.316227e-01
 1.44828e+00 -3.10345e+00       1.478e+11  7.783686e-01 -3.032493e-01 -3.473440e-01  2.216314e-01
 1.86207e+00 -3.10345e+00       2.050e+11  8.799056e-01 -2.200332e-01 -9.592466e-02  1.200944e-01
 2.27586e+00 -3.10345e+00       2.698e+11  9.124729e-01 -1.093794e-01  5.151887e-02  8.752706e-02
 2.68966e+00 -3.10345e+00       3.081e+11  9.161144e-01 -4.205900e-03  9.429153e-02  8.388563e-02
 3.10345e+00 -3.10345e+00       4.041e+11  9.423685e-01  5.794523e-02  1.006586e-01  5.763149e-02
 3.51724e+00 -3.10345e+00       6.102e+11  9.634485e-01  5.370271e-02  1.383630e-01  3.655145e-02
 3.93103e+00 -3.10345e+00       7.373e+11  9.469610e-01  3.581889e-02  2.021616e-01  5.303899e-02
 4.34483e+00 -3.10345e+00       6.563e+11  8.730238e-01  2.636548e-02  3.263099e-01  1.269762e-01
 4.75862e+00 -3.10345e+00       5.091e+11  7.257896e-01  2.513229e-02  5.289104e-01  2.742104e-01
 5.17241e+00 -3.10345e+00       4.420e+11  5.364724e-01  1.358942e-02  7.159406e-01  4.635276e-01
 5.58621e+00 -3.10345e+00       5.442e+11  3.007015e-01  3.473869e-03  8.394811e-01  6.992985e-01
 6.00000e+00 -3.10345e+00       8.440e+11  9.840019e-02  8.237051e-03  9.174614e-01  9.015998e-01
-6.00000e+00 -2.68966e+00       6.027e+11  1.274694e-01 -3.308513e-02 -8.823025e-01  8.725306e-01
-5.58621e+00 -2.68966e+00       4.254e+11  2.960828e-01 -6.500867e-02 -8.220819e-01  7.039172e-01
-5.17241e+00 -2.68966e+00       3.819e+11  5.094579e-01 -3.685629e-02 -6.737978e-01  4.905421e-01
-4.75862e+00 -2.68966e+00       4.782e+11  7.354097e-01  2.138967e-02 -4.599769e-01  2.645903e-01
-4.34483e+00 -2.68966e+00       5.639e+11  8.695250e-01  5.314574e-02 -3.091652e-01  1.304750e-01
-3.93103e+00 -2.68966e+00       5.160e+11  9.262799e-01  7.425011e-02 -2.363666e-01  7.372007e-02
-3.51724e+00 -2.68966e+00       4.009e+11  9.253077e-01  7.460495e-02 -2.382076e-01  7.469229e-02
-3.10345e+00 -2.68966e+00       2.864e+11  8.839286e-01  3.743075e-02 -2.557411e-01  1.160714e-01
-2.68966e+00 -2.68966e+00       1.854e+11  8.454599e-01 -4.470483e-02 -1.584965e-01  1.545401e-01
-2.27586e+00 -2.68966e+00       1.416e+11  8.563315e-01 -1.553633e-01  1.150666e-01  1.436685e-01
-1.86207e+00 -2.68966e+00       1.868e+11  8.386115e-01 -1.492611e-01  3.762010e-01  1.613885e-01
-1.44828e+00 -2.68966e+00       3.298e+11  7.200223e-01 -1.136023e-01  5.482021e-01  2.799777e-01
-1.03448e+00 -2.68966e+00       5.000e+11  5.250460e-01 -1.294495e-01  6.379167e-01  4.749540e-01
-6.20690e-01 -2.68966e+00       5.703e+11  2.470117e-01 -1.808785e-01  5.450334e-01  7.529883e-01
-2.06897e-01 -2.68966e+00       5.829e+11  3.038618e-02 -2.307469e-01  7.306402e-02  9.696138e-01
 2.06897e-01 -2.68966e+00       6.798e+11  1.632096e-01 -2.103946e-01 -4.943724e-01  8.367904e-01
 6.20690e-01 -2.68966e+00       7.843e+11  4.365387e-01 -1.474249e-01 -6.922444e-01  5.634613e-01
 1.03448e+00 -2.68966e+00       6.962e+11  6.317623e-01 -9.373786e-02 -6.618250e-01  3.682377e-01
 1.44828e+00 -2.68966e+00       4.626e+11  7.663053e-01 -6.910266e-02 -5.384489e-01  2.336947e-01
 1.86207e+00 -2.68966e+00       2.902e+11  8.710451e-01 -9.695604e-02 -3.367939e-01  1.289549e-01
 2.27586e+00 -2.68966e+00       2.433e+11  9.227723e-01 -1.292778e-01 -8.374688e-02  7.722774e-02
 2.68966e+00 -2.68966e+00       2.660e+11  9.250862e-01 -8.249372e-02  1.068983e-01  7.491382e-02
 3.10345e+00 -2.68966e+00       3.066e+11  9.237154e-01  5.416962e-03  1.764369e-01  7.628461e-02
 3.51724e+00 -2.68966e+00       4.156e+11  9.424273e-01  5.631484e-02  1.937953e-01  5.757270e-02
 3.93103e+00 -2.68966e+00       5.930e+11  9.479293e-01  4.896233e-02  2.287787e-01  5.207069e-02
 4.34483e+00 -2.68966e+00       6.513e+11  9.131923e-01  3.251563e-02  2.958155e-01  8.680767e-02
 4.75862e+00 -2.68966e+00       5.373e+11  8.112027e-01  2.525900e-02  4.311569e-01  1.887973e-01
 5.17241e+00 -2.68966e+00       4.095e+11  6.319501e-01  1.979084e-02  6.252511e-01  3.680499e-01
 5.58621e+00 -2.68966e+00       3.944e+11  3.885737e-01  4.096932e-03  7.842639e-01  6.114263e-01
 6.00000e+00 -2.68966e+00       5.556e+11  1.296254e-01  4.142303e-03  8.812545e-01  8.703746e-01
-6.00000e+00 -2.27586e+00       3.308e+11  1.784375e-01 -1.017516e-01 -7.650882e-01  8.215625e-01
-5.58621e+00 -2.27586e+00       2.846e+11  4.091449e-01 -1.114117e-01 -6.807730e-01  5.908551e-01
-5.17241e+00 -2.27586e+00       3.547e+11  6.397499e-01 -2.720673e-02 -5.311445e-01  3.602501e-01
-4.75862e+00 -2.27586e+00       4.671e+11  8.149045e-01  2.694288e-02 -3.756917e-01  1.850955e-01
-4.34483e+00 -2.27586e+00       4.865e+11  9.028821e-01  5.422237e-02 -2.855836e-01  9.711793e-02
-3.93103e+00 -2.27586e+00       3.989e+11  9.222822e-01  6.992345e-02 -2.669987e-01  7.771785e-02
-3.51724e+00 -2.27586e+00       2.883e+11  8.957432e-01  5.246891e-02 -2.815204e-01  1.042568e-01
-3.10345e+00 -2.27586e+00       2.039e+11  8.773378e-01 -8.080893e-03 -2.009341e-01  1.226622e-01
-2.68966e+00 -2.27586e+00       2.344e+11  9.301501e-01 -5.869128e-02  5.921731e-02  6.984988e-02
-2.27586e+00 -2.27586e+00       5.457e+11  9.571844e-01 -2.894177e-02  2.176109e-01  4.281559e-02
-1.86207e+00 -2.27586e+00       1.149e+12  9.462409e-01 -2.910998e-03  2.864544e-01  5.375909e-02
-1.44828e+00 -2.27586e+00       1.551e+12  9.266529e-01  1.888077e-02  3.400324e-01  7.334712e-02
-1.03448e+00 -2.27586e+00       1.297e+12  9.011884e-01  5.204867e-02  3.829058e-01  9.881164e-02
-6.20690e-01 -2.27586e+00       7.250e+11  8.703009e-01  1.079784e-01  3.826753e-01  1.296991e-01
-2.06897e-01 -2.27586e+00       3.685e+11  8.446141e-01  1.715719e-01  2.026764e-01  1.553859e-01
 2.06897e-01 -2.27586e+00       3.772e+11  8.587991e-01  1.264210e-01 -2.035967e-01  1.412009e-01
 6.20690e-01 -2.27586e+00       8.022e+11  8.973998e-01  3.002987e-02 -3.478709e-01  1.026002e-01
 1.03448e+00 -2.27586e+00       1.547e+12  9.264976e-01 -1.683038e-02 -3.345852e-01  7.350239e-02
 1.44828e+00 -2.27586e+00       1.951e+12  9.455112e-01 -3.374884e-02 -2.977148e-01  5.448880e-02
 1.86207e+00 -2.27586e+00       1.509e+12  9.582885e-01 -3.839932e-02 -2.570760e-01  4.171155e-02
 2.27586e+00 -2.27586e+00       7.694e+11  9.664777e-01 -4.571604e-02 -1.947825e-01  3.352235e-02
 2.68966e+00 -2.27586e+00       3.697e+11  9.610805e-01 -6.557346e-02 -4.291937e-02  3.891954e-02
 3.10345e+00 -2.27586e+00       2.811e+11  9.365422e-01 -4.090043e-02  1.499613e-01  6.345777e-02
 3.51724e+00 -2.27586e+00       3.141e+11  9.308437e-01  2.987662e-02  2.214949e-01  6.915630e-02
 3.93103e+00 -2.27586e+00       4.375e+11  9.429720e-01  5.495765e-02  2.413293e-01  5.702798e-02
 4.34483e+00 -2.27586e+00       5.597e+11  9.326209e-01  3.925985e-02  2.783137e-01  6.737908e-02
 4.75862e+00 -2.27586e+00       5.312e+11  8.708796e-01  2.203906e-02  3.656961e-01  1.291204e-01
 5.17241e+00 -2.27586e+00       4.109e+11  7.401496e-01  1.114010e-02  5.279646e-01  2.598504e-01
 5.58621e+00 -2.27586e+00       3.309e+11  5.689122e-01  1.889205e-03  6.842767e-01  4.310878e-01
 6.00000e+00 -2.27586e+00       3.604e+11  3.146091e-01  8.753449e-03  7.869642e-01  6.853909e-01
-6.00000e+00 -1.86207e+00       3.449e+11  3.357836e-01 -1.137095e-01 -8.121981e-01  6.642164e-01
-5.58621e+00 -1.86207e+00       2.987e+11  5.318413e-01 -8.659040e-02 -6.743916e-01  4.681587e-01
-5.17241e+00 -1.86207e+00       3.591e+11  7.554865e-01 -1.205526e-02 -4.554628e-01  2.445135e-01
-4.75862e+00 -1.86207e+00       4.365e+11  8.816509e-01  3.070586e-02 -3.216622e-01  1.183491e-01
-4.34483e+00 -1.86207e+00       4.075e+11  9.239334e-01  5.759126e-02 -2.735582e-01  7.606655e-02
-3.93103e+00 -1.86207e+00       3.068e+11  9.171758e-01  6.261922e-02 -2.758063e-01  8.282424e-02
-3.51724e+00 -1.86207e+00       2.242e+11  9.014944e-01  2.536009e-02 -2.404494e-01  9.850560e-02
-3.10345e+00 -1.86207e+00       2.813e+11  9.512795e-01 -1.754885e-02 -5.190150e-02  4.872048e-02
-2.68966e+00 -1.86207e+00       7.269e+11  9.888668e-01 -3.382811e-03  5.725855e-02  1.113317e-02
-2.27586e+00 -1.86207e+00       1.563e+12  9.927943e-01  1.132126e-02  8.924255e-02  7.205674e-03
-1.86207e+00 -1.86207e+00       1.996e+12  9.911072e-01  2.079437e-02  1.093879e-01  8.892798e-03
-1.44828e+00 -1.86207e+00       1.462e+12  9.873164e-01  3.197997e-02  1.260002e-01  1.268364e-02
-1.03448e+00 -1.86207e+00       6.779e+11  9.784883e-01  5.524453e-02  1.396701e-01  2.151166e-02
-6.20690e-01 -1.86207e+00       3.125e+11  9.645468e-01  9.991931e-02  1.368402e-01  3.545318e-02
-2.06897e-01 -1.86207e+00       2.369e+11  9.611656e-01  1.176725e-01  1.085557e-01  3.883437e-02
 2.06897e-01 -1.86207e+00       2.151e+11  9.573893e-01  1.028049e-01  6.346345e-02  4.261069e-02
 6.20690e-01 -1.86207e+00       2.713e+11  9.618852e-01  4.506811e-02 -4.169923e-02  3.811484e-02
 1.03448e+00 -1.86207e+00       6.699e+11  9.817232e-01 -4.292142e-03 -1.026553e-01  1.827678e-02
 1.44828e+00 -1.86207e+00       1.572e+12  9.903887e-01 -1.745571e-02 -1.032526e-01  9.611314e-03
 1.86207e+00 -1.86207e+00       2.283e+12  9.932693e-01 -2.286860e-02 -9.362229e-02  6.730702e-03
 2.27586e+00 -1.86207e+00       1.907e+12  9.943090e-01 -2.643126e-02 -7.991111e-02  5.690989e-03
 2.68966e+00 -1.86207e+00       9.722e+11  9.921717e-01 -3.214133e-02 -5.029415e-02  7.828270e-03
 3.10345e+00 -1.86207e+00       4.191e+11  9.749972e-01 -3.936284e-02  4.761632e-02  2.500277e-02
 3.51724e+00 -1.86207e+00       2.868e+11  9.450049e-01 -4.075785e-03  1.898065e-01  5.499514e-02
 3.93103e+00 -1.86207e+00       3.384e+11  9.431427e-01  4.541750e-02  2.383317e-01  5.685732e-02
 4.34483e+00 -1.86207e+00       4.590e+11  9.459772e-01  4.495820e-02  2.578850e-01  5.402283e-02
 4.75862e+00 -1.86207e+00       4.839e+11  9.199907e-01  2.735412e-02  2.992838e-01  8.000932e-02
 5.17241e+00 -1.86207e+00       3.668e+11  8.260256e-01  1.041392e-02  4.064694e-01  1.739744e-01
 5.58621e+00 -1.86207e+00       2.522e+11  6.099221e-01 -1.505838e-02  6.050724e-01  3.900779e-01
 6.00000e+00 -1.86207e+00       2.470e+11  2.869108e-01 -2.787907e-02  7.841043e-01  7.130892e-01
-6.00000e+00 -1.44828e+00       1.621e+11  4.226503e-01  3.270501e-02 -6.310503e-01  5.773497e-01
-5.58621e+00 -1.44828e+00       2.212e+11  7.140846e-01  2.054818e-02 -4.737799e-01  2.859154e-01
-5.17241e+00 -1.44828e+00       3.476e+11  8.555129e-01  3.796452e-02 -3.508948e-01  1.444871e-01
-4.75862e+00 -1.44828e+00       4.006e+11  9.153976e-01  5.517812e-02 -2.770522e-01  8.460244e-02
-4.34483e+00 -1.44828e+00       3.327e+11  9.349009e-01  6.205614e-02 -2.485624e-01  6.509907e-02
-3.93103e+00 -1.44828e+00       2.419e+11  9.276531e-01  4.497299e-02 -2.440357e-01  7.234692e-02
-3.51724e+00 -1.44828e+00       2.470e+11  9.477803e-01  5.578004e-03 -1.429778e-01  5.221967e-02
-3.10345e+00 -1.44828e+00       5.951e+11  9.889958e-01  1.297575e-03 -3.156315e-02  1.100418e-02
-2.68966e+00 -1.44828e+00       1.455e+12  9.979058e-01  1.081217e-02 -4.492027e-03  2.094242e-03
-2.27586e+00 -1.44828e+00       2.140e+12  9.988660e-01  1.622253e-02  7.013540e-03  1.134040e-03
-1.86207e+00 -1.44828e+00       1.776e+12  9.983775e-01  2.134768e-02  1.492897e-02  1.622452e-03
-1.44828e+00 -1.44828e+00       9.161e+11  9.958664e-01  2.899971e-02  1.614583e-02  4.133575e-03
-1.03448e+00 -1.44828e+00       4.138e+11  9.872436e-01  3.781623e-02  2.359936e-03  1.275640e-02
-6.20690e-01 -1.44828e+00       2.638e+11  9.726971e-01  6.518055e-02 -7.678235e-03  2.730292e-02
-2.06897e-01 -1.44828e+00       2.407e+11  9.651372e-01  1.048545e-01 -4.218361e-03  3.486275e-02
 2.06897e-01 -1.44828e+00       2.313e+11  9.650803e-01  8.951188e-02 -2.455048e-03  3.491970e-02
 6.20690e-01 -1.44828e+00       2.218e+11  9.689991e-01  2.304183e-02  1.172150e-02  3.100086e-02
 1.03448e+00 -1.44828e+00       3.227e+11  9.823928e-01 -1.399281e-02  1.376461e-02  1.760724e-02
 1.44828e+00 -1.44828e+00       8.257e+11  9.944411e-01 -1.313467e-02 -4.654805e-03  5.558857e-03
 1.86207e+00 -1.44828e+00       1.816e+12  9.980929e-01 -1.535458e-02 -8.606955e-03  1.907135e-03
 2.27586e+00 -1.44828e+00       2.372e+12  9.989145e-01 -1.834844e-02 -5.800742e-03  1.085501e-03
 2.68966e+00 -1.44828e+00       1.744e+12  9.984807e-01 -2.117279e-02  1.465195e-03  1.519343e-03
 3.10345e+00 -1.44828e+00       7.963e+11  9.938197e-01 -2.527031e-02  2.753024e-02  6.180291e-03
 3.51724e+00 -1.44828e+00       3.496e+11  9.740649e-01 -1.786373e-02  1.154085e-01  2.593510e-02
 3.93103e+00 -1.44828e+00       2.872e+11  9.562700e-01  2.562051e-02  2.025868e-01  4.373002e-02
 4.34483e+00 -1.44828e+00       3.850e+11  9.554825e-01  4.350874e-02  2.317340e-01  4.451747e-02
 4.75862e+00 -1.44828e+00       4.739e+11  9.424631e-01  3.392403e-02  2.668355e-01  5.753687e-02
 5.17241e+00 -1.44828e+00       4.193e+11  8.991253e-01  2.832467e-02  3.389202e-01  1.008747e-01
 5.58621e+00 -1.44828e+00       2.987e+11  8.036244e-01  3.299701e-02  4.668799e-01  1.963756e-01
 6.00000e+00 -1.44828e+00       2.375e+11  6.233329e-01  2.506967e-02  6.215136e-01  3.766671e-01
-6.00000e+00 -1.03448e+00       2.029e+11  6.554550e-01 -7.680700e-02 -6.122930e-01  3.445450e-01
-5.58621e+00 -1.03448e+00       2.332e+11  8.175442e-01 -3.123288e-02 -4.015589e-01  1.824558e-01
-5.17241e+00 -1.03448e+00       3.166e+11  9.203096e-01  5.349079e-03 -2.520675e-01  7.969044e-02
-4.75862e+00 -1.03448e+00       3.417e+11  9.580238e-01  2.035330e-02 -2.002844e-01  4.197621e-02
-4.34483e+00 -1.03448e+00       2.803e+11  9.620014e-01  3.253766e-02 -1.980372e-01  3.799857e-02
-3.93103e+00 -1.03448e+00       2.215e+11  9.571361e-01  2.464195e-02 -1.807103e-01  4.286394e-02
-3.51724e+00 -1.03448e+00       3.565e+11  9.818416e-01  3.280685e-03 -8.417683e-02  1.815843e-02
-3.10345e+00 -1.03448e+00       9.938e+11  9.964565e-01  6.630980e-03 -4.300738e-02  3.543468e-03
-2.68966e+00 -1.03448e+00       1.937e+12  9.987581e-01  1.086234e-02 -3.345161e-02  1.241863e-03
-2.27586e+00 -1.03448e+00       2.128e+12  9.990072e-01  1.361306e-02 -2.872078e-02  9.928037e-04
-1.86207e+00 -1.03448e+00       1.390e+12  9.983317e-01  1.847122e-02 -2.725182e-02  1.668298e-03
-1.44828e+00 -1.03448e+00       8.394e+11  9.964772e-01  2.963684e-02 -2.810609e-02  3.522792e-03
-1.03448e+00 -1.03448e+00       1.031e+12  9.969474e-01  3.116869e-02 -2.063593e-02  3.052615e-03
-6.20690e-01 -1.03448e+00       1.628e+12  9.984676e-01  1.987972e-02 -8.267948e-03  1.532360e-03
-2.06897e-01 -1.03448e+00       2.031e+12  9.990368e-01  1.014763e-02  8.194990e-03  9.632372e-04
 2.06897e-01 -1.03448e+00       1.908e+12  9.987403e-01  7.519081e-03  2.728280e-02  1.259702e-03
 6.20690e-01 -1.03448e+00       1.352e+12  9.976314e-01  1.145324e-02  4.346308e-02  2.368568e-03
 1.03448e+00 -1.03448e+00       7.595e+11  9.953977e-01  1.352251e-02  5.138354e-02  4.602284e-03
 1.44828e+00 -1.03448e+00       6.234e+11  9.947543e-01 -3.632594e-04  3.898328e-02  5.245734e-03
 1.86207e+00 -1.03448e+00       1.261e+12  9.978391e-01 -9.875506e-03  2.489373e-02  2.160866e-03
 2.27586e+00 -1.03448e+00       2.189e+12  9.990038e-01 -1.251842e-02  2.311427e-02  9.961632e-04
 2.68966e+00 -1.03448e+00       2.173e+12  9.991098e-01 -1.446055e-02  2.506783e-02  8.901871e-04
 3.10345e+00 -1.03448e+00       1.229e+12  9.979619e-01 -1.652251e-02  3.305726e-02  2.038125e-03
 3.51724e+00 -1.03448e+00       4.969e+11  9.911446e-01 -1.526993e-02  6.840512e-02  8.855450e-03
 3.93103e+00 -1.03448e+00       2.829e+11  9.774620e-01  9.972002e-03  1.388651e-01  2.253803e-02
 4.34483e+00 -1.03448e+00       3.144e+11  9.757900e-01  2.934329e-02  1.666747e-01  2.421004e-02
 4.75862e+00 -1.03448e+00       3.833e+11  9.729086e-01  2.248343e-02  1.820391e-01  2.709142e-02
 5.17241e+00 -1.03448e+00       3.458e+11  9.496263e-01  1.165414e-02  2.246369e-01  5.037373e-02
 5.58621e+00 -1.03448e+00       2.278e+11  8.731148e-01 -7.644833e-03  3.412515e-01  1.268852e-01
 6.00000e+00 -1.03448e+00       1.531e+11  6.834183e-01 -3.803575e-02  5.447016e-01  3.165817e-01
-6.00000e+00 -6.20690e-01       1.581e+11  8.748836e-01 -8.576787e-02 -3.367845e-01  1.251164e-01
-5.58621e+00 -6.20690e-01       2.320e+11  9.330212e-01 -8.690673e-03 -2.375599e-01  6.697884e-02
-5.17241e+00 -6.20690e-01       3.197e+11  9.653344e-01  2.251313e-02 -1.671629e-01  3.466562e-02
-4.75862e+00 -6.20690e-01       3.150e+11  9.795439e-01  2.635464e-02 -1.331137e-01  2.045607e-02
-4.34483e+00 -6.20690e-01       2.418e+11  9.817545e-01  1.989888e-02 -1.291040e-01  1.824550e-02
-3.93103e+00 -6.20690e-01       2.211e+11  9.833761e-01  6.491095e-03 -1.067698e-01  1.662394e-02
-3.51724e+00 -6.20690e-01       4.867e+11  9.947402e-01  2.144256e-03 -5.360054e-02  5.259785e-03
-3.10345e+00 -6.20690e-01       1.299e+12  9.985403e-01  5.798512e-03 -3.875277e-02  1.459731e-03
-2.68966e+00 -6.20690e-01       2.130e+12  9.991186e-01  7.755535e-03 -3.505752e-02  8.814363e-04
-2.27586e+00 -6.20690e-01       1.970e+12  9.990714e-01  9.252108e-03 -3.421992e-02  9.285904e-04
-1.86207e+00 -6.20690e-01       1.256e+12  9.985750e-01  1.179584e-02 -3.660294e-02  1.424985e-03
-1.44828e+00 -6.20690e-01       1.116e+12  9.983605e-01  9.342662e-03 -3.694005e-02  1.639493e-03
-1.03448e+00 -6.20690e-01       1.509e+12  9.988567e-01 -1.464650e-03 -3.117455e-02  1.143336e-03
-6.20690e-01 -6.20690e-01       1.693e+12  9.991283e-01 -1.394002e-02 -2.160192e-02  8.716736e-04
-2.06897e-01 -6.20690e-01       1.522e+12  9.990507e-01 -2.531178e-02 -2.580929e-03  9.493478e-04
 2.06897e-01 -6.20690e-01       1.411e+12  9.986675e-01 -2.737932e-02  2.522532e-02  1.332459e-03
 6.20690e-01 -6.20690e-01       1.367e+12  9.982291e-01 -1.914724e-02  4.535703e-02  1.770888e-03
 1.03448e+00 -6.20690e-01       1.078e+12  9.977247e-01 -9.716147e-03  5.364797e-02  2.275299e-03
 1.44828e+00 -6.20690e-01       7.452e+11  9.972596e-01 -4.183645e-03  4.832097e-02  2.740375e-03
 1.86207e+00 -6.20690e-01       1.007e+12  9.983867e-01 -5.658247e-03  2.829738e-02  1.613291e-03
 2.27586e+00 -6.20690e-01       1.904e+12  9.993085e-01 -7.661457e-03  2.190562e-02  6.914965e-04
 2.68966e+00 -6.20690e-01       2.280e+12  9.995195e-01 -8.803322e-03  2.173122e-02  4.804531e-04
 3.10345e+00 -6.20690e-01       1.527e+12  9.993045e-01 -9.596386e-03  2.439439e-02  6.955311e-04
 3.51724e+00 -6.20690e-01       6.486e+11  9.976664e-01 -9.158223e-03  3.753981e-02  2.333592e-03
 3.93103e+00 -6.20690e-01       2.985e+11  9.926110e-01  1.581535e-03  7.511867e-02  7.389012e-03
 4.34483e+00 -6.20690e-01       2.873e+11  9.899483e-01  1.814624e-02  1.021449e-01  1.005172e-02
 4.75862e+00 -6.20690e-01       3.783e+11  9.881195e-01  1.834541e-02  1.182403e-01  1.188046e-02
 5.17241e+00 -6.20690e-01       3.851e+11  9.802742e-01  1.153363e-02  1.494409e-01  1.972584e-02
 5.58621e+00 -6.20690e-01       2.821e+11  9.618013e-01  3.679900e-03  2.074779e-01  3.819869e-02
 6.00000e+00 -6.20690e-01       1.811e+11  9.223339e-01 -2.999162e-03  2.809847e-01  7.766614e-02
-6.00000e+00 -2.06897e-01       1.255e+11  9.827656e-01 -3.002270e-02 -1.153222e-01  1.723441e-02
-5.58621e+00 -2.06897e-01       2.207e+11  9.914220e-01 -3.727525e-03 -8.536961e-02  8.578043e-03
-5.17241e+00 -2.06897e-01       3.180e+11  9.952908e-01  6.310533e-03 -6.401762e-02  4.709177e-03
-4.75862e+00 -2.06897e-01       3.092e+11  9.968661e-01  7.198020e-03 -5.327348e-02  3.133871e-03
-4.34483e+00 -2.06897e-01       2.307e+11  9.968605e-01  2.729843e-03 -5.185326e-02  3.139535e-03
-3.93103e+00 -2.06897e-01       2.303e+11  9.972455e-01 -2.798093e-03 -4.188154e-02  2.754539e-03
-3.51724e+00 -2.06897e-01       5.704e+11  9.990541e-01 -1.444932e-05 -2.532641e-02  9.459099e-04
-3.10345e+00 -2.06897e-01       1.449e+12  9.995983e-01  2.565712e-03 -2.120362e-02  4.017488e-04
-2.68966e+00 -2.06897e-01       2.181e+12  9.996616e-01  3.334572e-03 -2.062367e-02  3.383657e-04
-2.27586e+00 -2.06897e-01       1.882e+12  9.995537e-01  3.422958e-03 -2.223902e-02  4.462993e-04
-1.86207e+00 -2.06897e-01       1.249e+12  9.993581e-01  1.799956e-03 -2.545008e-02  6.419457e-04
-1.44828e+00 -2.06897e-01       1.235e+12  9.994831e-01 -3.578221e-03 -2.275852e-02  5.168980e-04
-1.03448e+00 -2.06897e-01       1.456e+12  9.996976e-01 -8.269675e-03 -1.766088e-02  3.024070e-04
-6.20690e-01 -2.06897e-01       1.280e+12  9.997701e-01 -1.230650e-02 -1.391593e-02  2.299353e-04
-2.06897e-01 -2.06897e-01       9.409e+11  9.996901e-01 -1.660584e-02 -8.137183e-03  3.099276e-04
 2.06897e-01 -2.06897e-01       8.852e+11  9.995053e-01 -1.807567e-02  6.555915e-03  4.946676e-04
 6.20690e-01 -2.06897e-01       1.050e+12  9.994180e-01 -1.451301e-02  2.114527e-02  5.820221e-04
 1.03448e+00 -2.06897e-01       1.042e+12  9.993711e-01 -9.649517e-03  2.722321e-02  6.288956e-04
 1.44828e+00 -2.06897e-01       8.010e+11  9.992715e-01 -5.165280e-03  2.476549e-02  7.285009e-04
 1.86207e+00 -2.06897e-01       9.294e+11  9.994782e-01 -2.883367e-03  1.023283e-02  5.217697e-04
 2.27586e+00 -2.06897e-01       1.747e+12  9.998095e-01 -3.499067e-03  3.213824e-03  1.904523e-04
 2.68966e+00 -2.06897e-01       2.281e+12  9.999191e-01 -3.923770e-03  2.376449e-03  8.091419e-05
 3.10345e+00 -2.06897e-01       1.667e+12  9.999206e-01 -3.787761e-03  3.003832e-03  7.942017e-05
 3.51724e+00 -2.06897e-01       7.419e+11  9.997638e-01 -2.552044e-03  6.158268e-03  2.361606e-04
 3.93103e+00 -2.06897e-01       3.186e+11  9.992031e-01  1.689142e-03  1.492373e-02  7.969187e-04
 4.34483e+00 -2.06897e-01       2.850e+11  9.988589e-01  5.301600e-03  2.210428e-02  1.141118e-03
 4.75862e+00 -2.06897e-01       3.754e+11  9.988357e-01  3.300315e-03  2.788134e-02  1.164316e-03
 5.17241e+00 -2.06897e-01       3.859e+11  9.983258e-01 -2.944272e-04  3.663841e-02  1.674171e-03
 5.58621e+00 -2.06897e-01       2.860e+11  9.968044e-01 -4.041037e-03  4.996170e-02  3.195598e-03
 6.00000e+00 -2.06897e-01       1.850e+11  9.930926e-01 -7.359972e-03  6.770356e-02  6.907418e-03
-6.00000e+00  2.06897e-01       1.251e+11  9.842044e-01  7.734977e-03  7.250109e-02  1.579564e-02
-5.58621e+00  2.06897e-01       2.207e+11  9.924755e-01 -6.208021e-03  5.779548e-02  7.524514e-03
-5.17241e+00  2.06897e-01       3.179e+11  9.962353e-01 -1.220979e-02  4.553659e-02  3.764681e-03
-4.75862e+00  2.06897e-01       3.086e+11  9.976781e-01 -1.801310e-02  3.631152e-02  2.321933e-03
-4.34483e+00  2.06897e-01       2.296e+11  9.980920e-01 -2.053559e-02  3.165298e-02  1.908032e-03
-3.93103e+00  2.06897e-01       2.292e+11  9.987075e-01 -1.262713e-02  1.950584e-02  1.292505e-03
-3.51724e+00  2.06897e-01       5.711e+11  9.996281e-01 -3.566503e-03  4.806940e-03  3.719148e-04
-3.10345e+00  2.06897e-01       1.455e+12  9.998525e-01 -1.757037e-03  1.694831e-03  1.474969e-04
-2.68966e+00  2.06897e-01       2.192e+12  9.998591e-01 -1.882696e-03 -7.955503e-05  1.408599e-04
-2.27586e+00  2.06897e-01       1.899e+12  9.997667e-01 -3.244284e-03 -3.237463e-03  2.333063e-04
-1.86207e+00  2.06897e-01       1.274e+12  9.995994e-01 -7.882568e-03 -5.849319e-03  4.005624e-04
-1.44828e+00  2.06897e-01       1.271e+12  9.996219e-01 -1.214168e-02  8.011234e-04  3.780875e-04
-1.03448e+00  2.06897e-01       1.498e+12  9.997396e-01 -1.027014e-02  7.943330e-03  2.604473e-04
-6.20690e-01  2.06897e-01       1.310e+12  9.997721e-01 -7.878473e-03  1.088471e-02  2.279238e-04
-2.06897e-01  2.06897e-01       9.524e+11  9.997360e-01 -8.793744e-03  8.955104e-03  2.639985e-04
 2.06897e-01  2.06897e-01       8.973e+11  9.997785e-01 -9.168486e-03  2.720634e-03  2.214785e-04
 6.20690e-01  2.06897e-01       1.081e+12  9.998807e-01 -5.775059e-03 -2.254496e-03  1.192907e-04
 1.03448e+00  2.06897e-01       1.080e+12  9.999056e-01 -3.550074e-03 -5.793840e-03  9.444527e-05
 1.44828e+00  2.06897e-01       8.262e+11  9.998058e-01 -1.836474e-03 -1.001535e-02  1.942291e-04
 1.86207e+00  2.06897e-01       9.385e+11  9.996373e-01  1.480987e-04 -1.794638e-02  3.626692e-04
 2.27586e+00  2.06897e-01       1.748e+12  9.996655e-01  3.342816e-04 -2.133235e-02  3.344969e-04
 2.68966e+00  2.06897e-01       2.279e+12  9.997045e-01  7.265580e-04 -2.178898e-02  2.955159e-04
 3.10345e+00  2.06897e-01       1.666e+12  9.996704e-01  1.818958e-03 -2.234388e-02  3.295567e-04
 3.51724e+00  2.06897e-01       7.422e+11  9.993214e-01  3.969398e-03 -2.633050e-02  6.785552e-04
 3.93103e+00  2.06897e-01       3.199e+11  9.979625e-01  2.621766e-03 -4.385165e-02  2.037529e-03
 4.34483e+00  2.06897e-01       2.865e+11  9.969338e-01 -8.760062e-03 -6.181215e-02  3.066201e-03
 4.75862e+00  2.06897e-01       3.769e+11  9.966378e-01 -1.259111e-02 -6.637083e-02  3.362168e-03
 5.17241e+00  2.06897e-01       3.872e+11  9.950277e-01 -1.247124e-02 -7.688374e-02  4.972290e-03
 5.58621e+00  2.06897e-01       2.872e+11  9.910074e-01 -1.641797e-02 -1.021538e-01  8.992569e-03
 6.00000e+00  2.06897e-01       1.863e+11  9.838492e-01 -2.241676e-02 -1.364110e-01  1.615083e-02
-6.00000e+00  6.20690e-01       1.553e+11  8.879185e-01  6.782049e-02  2.921267e-01  1.120815e-01
-5.58621e+00  6.20690e-01       2.305e+11  9.405203e-01 -3.210295e-03  2.079447e-01  5.947974e-02
-5.17241e+00  6.20690e-01       3.180e+11  9.694636e-01 -3.137049e-02  1.475127e-01  3.053644e-02
-4.75862e+00  6.20690e-01       3.125e+11  9.819721e-01 -3.841380e-02  1.154282e-01  1.802791e-02
-4.34483e+00  6.20690e-01       2.384e+11  9.847093e-01 -3.727568e-02  1.096151e-01  1.529070e-02
-3.93103e+00  6.20690e-01       2.182e+11  9.873444e-01 -2.306682e-02  8.549896e-02  1.265564e-02
-3.51724e+00  6.20690e-01       4.881e+11  9.965088e-01 -7.414917e-03  3.335084e-02  3.491237e-03
-3.10345e+00  6.20690e-01       1.312e+12  9.992117e-01 -5.804328e-03  1.985294e-02  7.883384e-04
-2.68966e+00  6.20690e-01       2.162e+12  9.995703e-01 -6.836236e-03  1.562214e-02  4.296556e-04
-2.27586e+00  6.20690e-01       2.020e+12  9.995096e-01 -9.205836e-03  1.136131e-02  4.903655e-04
-1.86207e+00  6.20690e-01       1.325e+12  9.990745e-01 -1.592129e-02  8.134923e-03  9.255400e-04
-1.44828e+00  6.20690e-01       1.219e+12  9.986401e-01 -2.220035e-02  1.630404e-02  1.359853e-03
-1.03448e+00  6.20690e-01       1.658e+12  9.988754e-01 -1.452940e-02  2.554101e-02  1.124576e-03
-6.20690e-01  6.20690e-01       1.868e+12  9.991633e-01 -1.565703e-03  2.676299e-02  8.366981e-04
-2.06897e-01  6.20690e-01       1.695e+12  9.993503e-01  1.036441e-02  1.824654e-02  6.496803e-04
 2.06897e-01  6.20690e-01       1.587e+12  9.994281e-01  1.343770e-02 -1.778548e-03  5.718590e-04
 6.20690e-01  6.20690e-01       1.543e+12  9.993207e-01  7.939236e-03 -2.085212e-02  6.793431e-04
 1.03448e+00  6.20690e-01       1.210e+12  9.990356e-01  1.944462e-03 -3.211617e-02  9.643936e-04
 1.44828e+00  6.20690e-01       8.095e+11  9.986155e-01  3.041217e-04 -3.811089e-02  1.384470e-03
 1.86207e+00  6.20690e-01       1.027e+12  9.986640e-01  3.001526e-03 -3.980073e-02  1.335983e-03
 2.27586e+00  6.20690e-01       1.905e+12  9.989476e-01  4.067046e-03 -3.956637e-02  1.052354e-03
 2.68966e+00  6.20690e-01       2.277e+12  9.990099e-01  5.353175e-03 -3.995822e-02  9.900584e-04
 3.10345e+00  6.20690e-01       1.526e+12  9.986739e-01  7.456612e-03 -4.255925e-02  1.326145e-03
 3.51724e+00  6.20690e-01       6.510e+11  9.963390e-01  1.030210e-02 -5.711687e-02  3.660977e-03
 3.93103e+00  6.20690e-01       3.022e+11  9.888908e-01  1.146256e-03 -1.043594e-01  1.110923e-02
 4.34483e+00  6.20690e-01       2.913e+11  9.845935e-01 -2.160408e-02 -1.411807e-01  1.540646e-02
 4.75862e+00  6.20690e-01       3.833e+11  9.821335e-01 -2.375521e-02 -1.559387e-01  1.786646e-02
 5.17241e+00  6.20690e-01       3.901e+11  9.714800e-01 -1.729617e-02 -1.874628e-01  2.852000e-02
 5.58621e+00  6.20690e-01       2.868e+11  9.465184e-01 -1.277665e-02 -2.547528e-01  5.348158e-02
 6.00000e+00  6.20690e-01       1.860e+11  8.996202e-01 -1.069214e-02 -3.398463e-01  1.003798e-01
-6.00000e+00  1.03448e+00       1.968e+11  6.875680e-01  5.645148e-02  5.766843e-01  3.124320e-01
-5.58621e+00  1.03448e+00       2.297e+11  8.348714e-01  9.055853e-03  3.724342e-01  1.651286e-01
-5.17241e+00  1.03448e+00       3.136e+11  9.263996e-01 -1.858884e-02  2.319296e-01  7.360040e-02
-4.75862e+00  1.03448e+00       3.380e+11  9.604104e-01 -2.996368e-02  1.838056e-01  3.958961e-02
-4.34483e+00  1.03448e+00       2.758e+11  9.649827e-01 -4.504783e-02  1.819015e-01  3.501729e-02
-3.93103e+00  1.03448e+00       2.167e+11  9.624659e-01 -4.049829e-02  1.629412e-01  3.753409e-02
-3.51724e+00  1.03448e+00       3.559e+11  9.852474e-01 -1.205950e-02  6.479159e-02  1.475259e-02
-3.10345e+00  1.03448e+00       1.009e+12  9.974063e-01 -8.425471e-03  2.523365e-02  2.593690e-03
-2.68966e+00  1.03448e+00       1.978e+12  9.991343e-01 -1.095700e-02  1.603854e-02  8.656500e-04
-2.27586e+00  1.03448e+00       2.195e+12  9.992141e-01 -1.426313e-02  9.902777e-03  7.859048e-04
-1.86207e+00  1.03448e+00       1.482e+12  9.985047e-01 -2.118016e-02  4.571695e-03  1.495313e-03
-1.44828e+00  1.03448e+00       9.658e+11  9.967597e-01 -3.635851e-02  5.861062e-03  3.240313e-03
-1.03448e+00  1.03448e+00       1.227e+12  9.969194e-01 -4.134440e-02  1.406161e-02  3.080594e-03
-6.20690e-01  1.03448e+00       1.931e+12  9.983105e-01 -3.037796e-02  1.288361e-02  1.689546e-03
-2.06897e-01  1.03448e+00       2.417e+12  9.990944e-01 -1.941397e-02  2.702734e-03  9.056045e-04
 2.06897e-01  1.03448e+00       2.283e+12  9.991457e-01 -1.484774e-02 -1.269051e-02  8.542810e-04
 6.20690e-01  1.03448e+00       1.620e+12  9.984963e-01 -1.642215e-02 -2.812513e-02  1.503747e-03
 1.03448e+00  1.03448e+00       8.978e+11  9.970863e-01 -1.635525e-02 -4.010980e-02  2.913702e-03
 1.44828e+00  1.03448e+00       6.777e+11  9.964086e-01 -2.584459e-03 -4.444145e-02  3.591401e-03
 1.86207e+00  1.03448e+00       1.276e+12  9.980236e-01  5.283699e-03 -4.002914e-02  1.976434e-03
 2.27586e+00  1.03448e+00       2.186e+12  9.987004e-01  7.516745e-03 -3.886506e-02  1.299629e-03
 2.68966e+00  1.03448e+00       2.163e+12  9.986698e-01  9.960211e-03 -4.060347e-02  1.330185e-03
 3.10345e+00  1.03448e+00       1.225e+12  9.972242e-01  1.339529e-02 -4.868770e-02  2.775847e-03
 3.51724e+00  1.03448e+00       4.996e+11  9.887247e-01  1.538764e-02 -8.752424e-02  1.127525e-02
 3.93103e+00  1.03448e+00       2.877e+11  9.714435e-01 -9.499668e-03 -1.687712e-01  2.855648e-02
 4.34483e+00  1.03448e+00       3.188e+11  9.679554e-01 -3.543482e-02 -2.026238e-01  3.204463e-02
 4.75862e+00  1.03448e+00       3.897e+11  9.634753e-01 -2.939507e-02 -2.181722e-01  3.652473e-02
 5.17241e+00  1.03448e+00       3.543e+11  9.356019e-01 -1.602446e-02 -2.617757e-01  6.439807e-02
 5.58621e+00  1.03448e+00       2.359e+11  8.493511e-01  2.836666e-03 -3.816102e-01  1.506489e-01
 6.00000e+00  1.03448e+00       1.605e+11  6.526159e-01  2.491041e-02 -5.814380e-01  3.473841e-01
-6.00000e+00  1.44828e+00       1.594e+11  4.328370e-01 -5.438934e-02  6.210615e-01  5.671630e-01
-5.58621e+00  1.44828e+00       2.214e+11  7.176977e-01 -3.472048e-02  4.633841e-01  2.823023e-01
-5.17241e+00  1.44828e+00       3.492e+11  8.577819e-01 -4.271038e-02  3.432697e-01  1.422181e-01
-4.75862e+00  1.44828e+00       3.995e+11  9.170283e-01 -5.936081e-02  2.698429e-01  8.297168e-02
-4.34483e+00  1.44828e+00       3.276e+11  9.365140e-01 -7.080556e-02  2.395610e-01  6.348604e-02
-3.93103e+00  1.44828e+00       2.343e+11  9.307112e-01 -5.896784e-02  2.339162e-01  6.928881e-02
-3.51724e+00  1.44828e+00       2.417e+11  9.517957e-01 -1.938212e-02  1.287658e-01  4.820433e-02
-3.10345e+00  1.44828e+00       6.039e+11  9.902882e-01 -6.333203e-03  1.576062e-02  9.711840e-03
-2.68966e+00  1.44828e+00       1.497e+12  9.979022e-01 -1.185614e-02 -1.060880e-02  2.097752e-03
-2.27586e+00  1.44828e+00       2.222e+12  9.984781e-01 -1.731489e-02 -2.198563e-02  1.521899e-03
-1.86207e+00  1.44828e+00       1.890e+12  9.977256e-01 -2.467100e-02 -3.003477e-02  2.274419e-03
-1.44828e+00  1.44828e+00       1.059e+12  9.952977e-01 -3.493431e-02 -3.005083e-02  4.702331e-03
-1.03448e+00  1.44828e+00       5.582e+11  9.890941e-01 -4.083702e-02 -1.600640e-02  1.090588e-02
-6.20690e-01  1.44828e+00       3.754e+11  9.789671e-01 -5.681168e-02 -1.374305e-02  2.103289e-02
-2.06897e-01  1.44828e+00       3.215e+11  9.719121e-01 -9.016772e-02 -2.660929e-02  2.808792e-02
 2.06897e-01  1.44828e+00       2.980e+11  9.717244e-01 -7.880821e-02 -3.100853e-02  2.827555e-02
 6.20690e-01  1.44828e+00       2.888e+11  9.768535e-01 -1.961208e-02 -3.858456e-02  2.314648e-02
 1.03448e+00  1.44828e+00       3.841e+11  9.870112e-01  9.632629e-03 -3.580472e-02  1.298882e-02
 1.44828e+00  1.44828e+00       8.552e+11  9.955431e-01  5.942227e-03 -1.184070e-02  4.456868e-03
 1.86207e+00  1.44828e+00       1.808e+12  9.983909e-01  8.491442e-03 -3.784979e-03  1.609108e-03
 2.27586e+00  1.44828e+00       2.345e+12  9.990284e-01  1.227209e-02 -5.812905e-03  9.716058e-04
 2.68966e+00  1.44828e+00       1.723e+12  9.984275e-01  1.575270e-02 -1.335557e-02  1.572510e-03
 3.10345e+00  1.44828e+00       7.933e+11  9.928325e-01  2.092972e-02 -4.111288e-02  7.167504e-03
 3.51724e+00  1.44828e+00       3.568e+11  9.697025e-01  1.523005e-02 -1.359102e-01  3.029751e-02
 3.93103e+00  1.44828e+00       2.952e+11  9.487484e-01 -2.895197e-02 -2.316627e-01  5.125164e-02
 4.34483e+00  1.44828e+00       3.922e+11  9.470593e-01 -5.106984e-02 -2.619222e-01  5.294069e-02
 4.75862e+00  1.44828e+00       4.804e+11  9.319723e-01 -4.486032e-02 -2.947641e-01  6.802773e-02
 5.17241e+00  1.44828e+00       4.234e+11  8.820671e-01 -4.486938e-02 -3.680645e-01  1.179329e-01
 5.58621e+00  1.44828e+00       3.026e+11  7.756793e-01 -5.878572e-02 -5.004054e-01  2.243207e-01
 6.00000e+00  1.44828e+00       2.437e+11  5.876666e-01 -5.197684e-02 -6.531935e-01  4.123334e-01
-6.00000e+00  1.86207e+00       3.305e+11  3.590788e-01  1.153260e-01  7.935114e-01  6.409212e-01
-5.58621e+00  1.86207e+00       2.896e+11  5.516612e-01  7.601168e-02  6.517456e-01  4.483388e-01
-5.17241e+00  1.86207e+00       3.548e+11  7.635613e-01  1.211524e-03  4.394035e-01  2.364387e-01
-4.75862e+00  1.86207e+00       4.320e+11  8.835186e-01 -3.402125e-02  3.118689e-01  1.164814e-01
-4.34483e+00  1.86207e+00       4.002e+11  9.240200e-01 -6.011047e-02  2.674197e-01  7.597996e-02
-3.93103e+00  1.86207e+00       2.969e+11  9.168528e-01 -7.081367e-02  2.722577e-01  8.314719e-02
-3.51724e+00  1.86207e+00       2.145e+11  9.011200e-01 -4.165952e-02  2.378107e-01  9.888004e-02
-3.10345e+00  1.86207e+00       2.791e+11  9.525257e-01  2.942168e-03  3.999445e-02  4.747430e-02
-2.68966e+00  1.86207e+00       7.508e+11  9.884495e-01 -2.782540e-03 -6.912292e-02  1.155046e-02
-2.27586e+00  1.86207e+00       1.636e+12  9.916473e-01 -1.487410e-02 -1.001223e-01  8.352652e-03
-1.86207e+00  1.86207e+00       2.106e+12  9.896339e-01 -2.570978e-02 -1.202822e-01  1.036611e-02
-1.44828e+00  1.86207e+00       1.584e+12  9.859430e-01 -4.225152e-02 -1.363789e-01  1.405699e-02
-1.03448e+00  1.86207e+00       8.485e+11  9.807844e-01 -7.477288e-02 -1.370445e-01  1.921562e-02
-6.20690e-01  1.86207e+00       5.640e+11  9.802532e-01 -1.047829e-01 -9.928296e-02  1.974677e-02
-2.06897e-01  1.86207e+00       5.246e+11  9.839271e-01 -1.001396e-01 -6.887859e-02  1.607294e-02
 2.06897e-01  1.86207e+00       4.598e+11  9.824443e-01 -9.445962e-02 -6.140235e-02  1.755565e-02
 6.20690e-01  1.86207e+00       4.129e+11  9.774994e-01 -7.956926e-02 -1.840986e-02  2.250065e-02
 1.03448e+00  1.86207e+00       7.093e+11  9.841105e-01 -2.370174e-02  7.397704e-02  1.588949e-02
 1.44828e+00  1.86207e+00       1.554e+12  9.910535e-01  5.372270e-03  9.634143e-02  8.946455e-03
 1.86207e+00  1.86207e+00       2.240e+12  9.937998e-01  1.486078e-02  8.929256e-02  6.200234e-03
 2.27586e+00  1.86207e+00       1.868e+12  9.948343e-01  1.937453e-02  7.486572e-02  5.165696e-03
 2.68966e+00  1.86207e+00       9.576e+11  9.924012e-01  2.500391e-02  4.373012e-02  7.598775e-03
 3.10345e+00  1.86207e+00       4.225e+11  9.732716e-01  3.080990e-02 -5.888345e-02  2.672840e-02
 3.51724e+00  1.86207e+00       2.951e+11  9.405345e-01 -2.745939e-03 -2.084901e-01  5.946551e-02
 3.93103e+00  1.86207e+00       3.447e+11  9.368367e-01 -5.057684e-02 -2.621556e-01  6.316329e-02
 4.34483e+00  1.86207e+00       4.652e+11  9.380590e-01 -5.217841e-02 -2.819161e-01  6.194101e-02
 4.75862e+00  1.86207e+00       4.916e+11  9.081597e-01 -3.580665e-02 -3.238735e-01  9.184026e-02
 5.17241e+00  1.86207e+00       3.750e+11  8.064429e-01 -1.946911e-02 -4.336468e-01  1.935571e-01
 5.58621e+00  1.86207e+00       2.611e+11  5.894145e-01  6.641349e-03 -6.276406e-01  4.105855e-01
 6.00000e+00  1.86207e+00       2.540e+11  2.790826e-01  1.804818e-02 -7.888133e-01  7.209174e-01
-6.00000e+00  2.27586e+00       3.178e+11  1.747532e-01  8.922579e-02  7.579896e-01  8.252468e-01
-5.58621e+00  2.27586e+00       2.753e+11  4.103909e-01  9.241286e-02  6.697138e-01  5.896091e-01
-5.17241e+00  2.27586e+00       3.535e+11  6.428566e-01  7.246813e-03  5.229697e-01  3.571434e-01
-4.75862e+00  2.27586e+00       4.669e+11  8.152498e-01 -3.620678e-02  3.698576e-01  1.847502e-01
-4.34483e+00  2.27586e+00       4.817e+11  9.021742e-01 -5.693314e-02  2.806159e-01  9.782580e-02
-3.93103e+00  2.27586e+00       3.898e+11  9.211680e-01 -7.315301e-02  2.637879e-01  7.883205e-02
-3.51724e+00  2.27586e+00       2.768e+11  8.937534e-01 -6.304573e-02  2.812453e-01  1.062466e-01
-3.10345e+00  2.27586e+00       1.939e+11  8.741983e-01 -1.240901e-02  2.030939e-01  1.258017e-01
-2.68966e+00  2.27586e+00       2.322e+11  9.295608e-01  3.902578e-02 -6.716889e-02  7.043924e-02
-2.27586e+00  2.27586e+00       5.663e+11  9.561092e-01  1.708429e-02 -2.260044e-01  4.389084e-02
-1.86207e+00  2.27586e+00       1.221e+12  9.452373e-01 -6.705309e-03 -2.917267e-01  5.476269e-02
-1.44828e+00  2.27586e+00       1.673e+12  9.258219e-01 -2.996193e-02 -3.425366e-01  7.417810e-02
-1.03448e+00  2.27586e+00       1.393e+12  8.986763e-01 -6.642736e-02 -3.868899e-01  1.013237e-01
-6.20690e-01  2.27586e+00       7.396e+11  8.581779e-01 -1.302788e-01 -4.020460e-01  1.418221e-01
-2.06897e-01  2.27586e+00       3.289e+11  8.045494e-01 -2.185416e-01 -2.282903e-01  1.954506e-01
 2.06897e-01  2.27586e+00       3.307e+11  8.237696e-01 -1.620797e-01  2.624328e-01  1.762304e-01
 6.20690e-01  2.27586e+00       7.568e+11  8.843934e-01 -4.811777e-02  3.853770e-01  1.156066e-01
 1.03448e+00  2.27586e+00       1.476e+12  9.195206e-01  1.208817e-03  3.544593e-01  8.047936e-02
 1.44828e+00  2.27586e+00       1.857e+12  9.412447e-01  1.968389e-02  3.099296e-01  5.875531e-02
 1.86207e+00  2.27586e+00       1.439e+12  9.560963e-01  2.535834e-02  2.638257e-01  4.390372e-02
 2.27586e+00  2.27586e+00       7.435e+11  9.657613e-01  3.172785e-02  1.971313e-01  3.423865e-02
 2.68966e+00  2.27586e+00       3.696e+11  9.599425e-01  4.658281e-02  3.952179e-02  4.005748e-02
 3.10345e+00  2.27586e+00       2.903e+11  9.344427e-01  2.442006e-02 -1.618771e-01  6.555733e-02
 3.51724e+00  2.27586e+00       3.226e+11  9.276669e-01 -3.528006e-02 -2.402806e-01  7.233308e-02
 3.93103e+00  2.27586e+00       4.442e+11  9.376587e-01 -5.865801e-02 -2.624727e-01  6.234134e-02
 4.34483e+00  2.27586e+00       5.709e+11  9.244712e-01 -4.487404e-02 -3.004078e-01  7.552881e-02
 4.75862e+00  2.27586e+00       5.454e+11  8.576667e-01 -2.995751e-02 -3.895869e-01  1.423333e-01
 5.17241e+00  2.27586e+00       4.270e+11  7.217393e-01 -2.119083e-02 -5.534402e-01  2.782607e-01
 5.58621e+00  2.27586e+00       3.487e+11  5.567873e-01 -1.022434e-02 -7.025294e-01  4.432127e-01
 6.00000e+00  2.27586e+00       3.763e+11  3.098300e-01 -1.214251e-02 -7.944173e-01  6.901700e-01
-6.00000e+00  2.68966e+00       5.874e+11  1.347182e-01  3.373002e-02  8.780072e-01  8.652818e-01
-5.58621e+00  2.68966e+00       4.089e+11  3.061675e-01  6.734590e-02  8.138288e-01  6.938325e-01
-5.17241e+00  2.68966e+00       3.765e+11  5.188009e-01  2.777564e-02  6.663822e-01  4.811991e-01
-4.75862e+00  2.68966e+00       4.814e+11  7.374314e-01 -2.878066e-02  4.581426e-01  2.625686e-01
-4.34483e+00  2.68966e+00       5.643e+11  8.684140e-01 -5.380570e-02  3.086314e-01  1.315860e-01
-3.93103e+00  2.68966e+00       5.097e+11  9.243991e-01 -7.142887e-02  2.364950e-01  7.560093e-02
-3.51724e+00  2.68966e+00       3.893e+11  9.219480e-01 -7.360771e-02  2.400358e-01  7.805202e-02
-3.10345e+00  2.68966e+00       2.728e+11  8.771987e-01 -4.615303e-02  2.610267e-01  1.228013e-01
-2.68966e+00  2.68966e+00       1.751e+11  8.361583e-01  2.240769e-02  1.690717e-01  1.638417e-01
-2.27586e+00  2.68966e+00       1.373e+11  8.526074e-01  1.260689e-01 -1.138211e-01  1.473926e-01
-1.86207e+00  2.68966e+00       1.867e+11  8.382463e-01  1.257265e-01 -3.878696e-01  1.617537e-01
-1.44828e+00  2.68966e+00       3.331e+11  7.205549e-01  9.661824e-02 -5.691098e-01  2.794451e-01
-1.03448e+00  2.68966e+00       5.212e+11  5.356682e-01  1.031007e-01 -6.713162e-01  4.643318e-01
-6.20690e-01  2.68966e+00       6.087e+11  2.722146e-01  1.295270e-01 -6.237499e-01  7.277854e-01
-2.06897e-01  2.68966e+00       5.970e+11  1.587104e-02  1.597612e-01 -2.301552e-01  9.841290e-01
 2.06897e-01  2.68966e+00       6.386e+11  7.486880e-02  1.541916e-01  3.842674e-01  9.251312e-01
 6.20690e-01  2.68966e+00       7.094e+11  3.603150e-01  1.110821e-01  6.718647e-01  6.396850e-01
 1.03448e+00  2.68966e+00       6.336e+11  5.931976e-01  6.790114e-02  6.683231e-01  4.068024e-01
 1.44828e+00  2.68966e+00       4.332e+11  7.543116e-01  4.683702e-02  5.466839e-01  2.456884e-01
 1.86207e+00  2.68966e+00       2.813e+11  8.674386e-01  6.599464e-02  3.539576e-01  1.325614e-01
 2.27586e+00  2.68966e+00       2.418e+11  9.188393e-01  8.752545e-02  9.774738e-02  8.116070e-02
 2.68966e+00  2.68966e+00       2.725e+11  9.240746e-01  4.941380e-02 -1.100974e-01  7.592538e-02
 3.10345e+00  2.68966e+00       3.151e+11  9.240456e-01 -1.869934e-02 -1.867674e-01  7.595443e-02
 3.51724e+00  2.68966e+00       4.197e+11  9.403972e-01 -6.100909e-02 -2.073336e-01  5.960276e-02
 3.93103e+00  2.68966e+00       6.011e+11  9.437559e-01 -5.527046e-02 -2.439289e-01  5.624408e-02
 4.34483e+00  2.68966e+00       6.615e+11  9.066675e-01 -4.176045e-02 -3.106005e-01  9.333251e-02
 4.75862e+00  2.68966e+00       5.420e+11  7.993940e-01 -3.694157e-02 -4.473729e-01  2.006060e-01
 5.17241e+00  2.68966e+00       4.135e+11  6.184493e-01 -2.991813e-02 -6.413640e-01  3.815507e-01
 5.58621e+00  2.68966e+00       3.982e+11  3.834348e-01 -1.046240e-02 -7.898103e-01  6.165652e-01
 6.00000e+00  2.68966e+00       5.598e+11  1.228294e-01 -1.275400e-02 -8.818730e-01  8.771706e-01
-6.00000e+00  3.10345e+00       8.617e+11  1.105569e-01  1.172616e-02  9.093827e-01  8.894431e-01
-5.58621e+00  3.10345e+00       5.855e+11  2.588462e-01  5.464799e-02  8.545978e-01  7.411538e-01
-5.17241e+00  3.10345e+00       4.296e+11  4.175858e-01  6.253498e-02  7.671223e-01  5.824142e-01
-4.75862e+00  3.10345e+00       4.596e+11  6.268741e-01 -4.580262e-04  5.733272e-01  3.731259e-01
-4.34483e+00  3.10345e+00       5.885e+11  8.109344e-01 -4.187222e-02  3.578168e-01  1.890656e-01
-3.93103e+00  3.10345e+00       6.294e+11  9.113099e-01 -6.113509e-02  2.148515e-01  8.869013e-02
-3.51724e+00  3.10345e+00       5.328e+11  9.489974e-01 -7.602965e-02  1.537329e-01  5.100257e-02
-3.10345e+00  3.10345e+00       4.081e+11  9.349451e-01 -6.702053e-02  1.739360e-01  6.505487e-02
-2.68966e+00  3.10345e+00       2.930e+11  8.761488e-01 -3.477612e-02  2.110154e-01  1.238512e-01
-2.27586e+00  3.10345e+00       1.806e+11  7.930623e-01  3.448043e-02  1.478578e-01  2.069377e-01
-1.86207e+00  3.10345e+00       1.113e+11  7.258552e-01  2.107516e-01 -1.147369e-01  2.741448e-01
-1.44828e+00  3.10345e+00       9.089e+10  6.767374e-01  3.446234e-01 -4.213949e-01  3.232626e-01
-1.03448e+00  3.10345e+00       8.293e+10  5.558728e-01  3.528009e-01 -5.666060e-01  4.441272e-01
-6.20690e-01  3.10345e+00       6.794e+10  3.496940e-01  3.669598e-01 -4.820197e-01  6.503060e-01
-2.06897e-01  3.10345e+00       5.883e+10  1.993431e-01  3.956311e-01 -1.878885e-02  8.006569e-01
 2.06897e-01  3.10345e+00       6.939e+10  2.843640e-01  3.465492e-01  4.949170e-01  7.156360e-01
 6.20690e-01  3.10345e+00       9.084e+10  4.202126e-01  2.637622e-01  6.888932e-01  5.797874e-01
 1.03448e+00  3.10345e+00       1.074e+11  5.389033e-01  2.239324e-01  6.580661e-01  4.610967e-01
 1.44828e+00  3.10345e+00       1.310e+11  7.094777e-01  2.144257e-01  4.173603e-01  2.905223e-01
 1.86207e+00  3.10345e+00       1.937e+11  8.608971e-01  1.521930e-01  1.126987e-01  1.391029e-01
 2.27586e+00  3.10345e+00       2.729e+11  9.121438e-01  6.433916e-02 -5.200406e-02  8.785624e-02
 2.68966e+00  3.10345e+00       3.148e+11  9.197639e-01 -1.210339e-02 -9.637620e-02  8.023613e-02
 3.10345e+00  3.10345e+00       4.021e+11  9.426363e-01 -5.966851e-02 -1.054179e-01  5.736367e-02
 3.51724e+00  3.10345e+00       6.123e+11  9.615692e-01 -5.704384e-02 -1.483274e-01  3.843085e-02
 3.93103e+00  3.10345e+00       7.474e+11  9.438557e-01 -4.339382e-02 -2.131369e-01  5.614429e-02
 4.34483e+00  3.10345e+00       6.601e+11  8.667328e-01 -3.787524e-02 -3.374394e-01  1.332672e-01
 4.75862e+00  3.10345e+00       5.098e+11  7.153828e-01 -3.604536e-02 -5.435077e-01  2.846172e-01
 5.17241e+00  3.10345e+00       4.443e+11  5.342831e-01 -1.780314e-02 -7.227300e-01  4.657169e-01
 5.58621e+00  3.10345e+00       5.441e+11  3.010798e-01 -7.304701e-03 -8.381749e-01  6.989202e-01
 6.00000e+00  3.10345e+00       8.472e+11  9.270207e-02 -1.666826e-02 -9.172089e-01  9.072979e-01
-6.00000e+00  3.51724e+00       1.231e+12  1.282959e-01 -2.611454e-03  9.342162e-01  8.717041e-01
-5.58621e+00  3.51724e+00       8.951e+11  2.541715e-01  2.966798e-02  8.808885e-01  7.458285e-01
-5.17241e+00  3.51724e+00       5.915e+11  3.875539e-01  7.115713e-02  8.164790e-01  6.124461e-01
-4.75862e+00  3.51724e+00       4.647e+11  5.259534e-01  4.945728e-02  7.036165e-01  4.740466e-01
-4.34483e+00  3.51724e+00       5.343e+11  7.147825e-01 -1.754559e-02  4.716833e-01  2.852175e-01
-3.93103e+00  3.51724e+00       6.678e+11  8.650785e-01 -4.853336e-02  2.387689e-01  1.349215e-01
-3.51724e+00  3.51724e+00       6.814e+11  9.406822e-01 -6.483323e-02  8.578252e-02  5.931784e-02
-3.10345e+00  3.51724e+00       5.633e+11  9.674994e-01 -7.818716e-02  1.517408e-02  3.250057e-02
-2.68966e+00  3.51724e+00       4.422e+11  9.573728e-01 -6.057060e-02  3.370712e-02  4.262723e-02
-2.27586e+00  3.51724e+00       3.480e+11  9.016648e-01 -2.707824e-02  1.044168e-01  9.833522e-02
-1.86207e+00  3.51724e+00       2.337e+11  7.871365e-01 -4.182863e-03  1.516518e-01  2.128635e-01
-1.44828e+00  3.51724e+00       1.312e+11  5.912823e-01  1.392969e-01  8.969920e-02  4.087177e-01
-1.03448e+00  3.51724e+00       8.540e+10  3.977715e-01  5.280136e-01 -1.206753e-01  6.022285e-01
-6.20690e-01  3.51724e+00       7.002e+10  3.154803e-01  8.006613e-01 -2.373445e-01  6.845197e-01
-2.06897e-01  3.51724e+00       6.040e+10  2.644782e-01  8.747579e-01 -1.240430e-01  7.355218e-01
 2.06897e-01  3.51724e+00       6.338e+10  2.897286e-01  8.205093e-01  1.675688e-01  7.102714e-01
 6.20690e-01  3.51724e+00       8.955e+10  4.780319e-01  6.190246e-01  3.333693e-01  5.219681e-01
 1.03448e+00  3.51724e+00       1.507e+11  7.275216e-01  3.372116e-01  2.568575e-01  2.724784e-01
 1.44828e+00  3.51724e+00       2.428e+11  8.691766e-01  1.317397e-01  1.252101e-01  1.308234e-01
 1.86207e+00  3.51724e+00       2.986e+11  8.948182e-01  2.941273e-02  5.490208e-02  1.051818e-01
 2.27586e+00  3.51724e+00       2.979e+11  8.834500e-01 -2.981512e-02  5.637669e-02  1.165500e-01
 2.68966e+00  3.51724e+00       3.892e+11  9.268218e-01 -6.139344e-02  5.501251e-02  7.317820e-02
 3.10345e+00  3.51724e+00       6.398e+11  9.696840e-01 -5.541503e-02 -5.652819e-03  3.031601e-02
 3.51724e+00  3.51724e+00       8.171e+11  9.683845e-01 -4.383408e-02 -7.879209e-02  3.161551e-02
 3.93103e+00  3.51724e+00       7.426e+11  9.152245e-01 -4.000161e-02 -2.044069e-01  8.477548e-02
 4.34483e+00  3.51724e+00       5.807e+11  7.906545e-01 -4.196833e-02 -4.287663e-01  2.093455e-01
 4.75862e+00  3.51724e+00       4.935e+11  6.440535e-01 -2.720864e-02 -6.403264e-01  3.559465e-01
 5.17241e+00  3.51724e+00       5.403e+11  4.686583e-01 -6.020324e-03 -7.711439e-01  5.313417e-01
 5.58621e+00  3.51724e+00       8.219e+11  2.518970e-01 -1.252770e-02 -8.795604e-01  7.481030e-01
 6.00000e+00  3.51724e+00       1.250e+12  1.079925e-01 -1.705256e-02 -9.433831e-01  8.920075e-01
-6.00000e+00  3.93103e+00       1.614e+12  1.760064e-01 -9.749549e-03  9.471515e-01  8.239936e-01
-5.58621e+00  3.93103e+00       1.332e+12  2.768073e-01  6.589107e-03  8.982946e-01  7.231927e-01
-5.17241e+00  3.93103e+00       9.239e+11  4.020635e-01  4.625959e-02  8.291263e-01  5.979365e-01
-4.75862e+00  3.93103e+00       6.032e+11  5.098257e-01  8.105221e-02  7.583633e-01  4.901743e-01
-4.34483e+00  3.93103e+00       4.884e+11  6.184135e-01  4.043130e-02  6.324810e-01  3.815865e-01
-3.93103e+00  3.93103e+00       5.677e+11  7.726342e-01 -2.638155e-02  3.695289e-01  2.273658e-01
-3.51724e+00  3.93103e+00       7.032e+11  8.898587e-01 -5.262476e-02  9.805439e-02  1.101413e-01
-3.10345e+00  3.93103e+00       7.230e+11  9.392518e-01 -6.546990e-02 -8.793821e-02  6.074818e-02
-2.68966e+00  3.93103e+00       5.999e+11  9.492109e-01 -8.283225e-02 -1.973494e-01  5.078910e-02
-2.27586e+00  3.93103e+00       4.592e+11  9.450003e-01 -7.194177e-02 -2.349206e-01  5.499966e-02
-1.86207e+00  3.93103e+00       3.891e+11  9.300674e-01 -1.012984e-02 -1.930287e-01  6.993256e-02
-1.44828e+00  3.93103e+00       3.676e+11  8.912900e-01  1.865678e-02 -7.240854e-02  1.087100e-01
-1.03448e+00  3.93103e+00       3.207e+11  7.976356e-01 -1.479958e-02  1.267145e-01  2.023644e-01
-6.20690e-01  3.93103e+00       2.565e+11  6.383650e-01 -4.332127e-02  3.868607e-01  3.616350e-01
-2.06897e-01  3.93103e+00       2.375e+11  5.581762e-01 -2.194288e-02  5.567685e-01  4.418238e-01
 2.06897e-01  3.93103e+00       2.705e+11  6.458077e-01 -1.106995e-02  5.166177e-01  3.541923e-01
 6.20690e-01  3.93103e+00       3.027e+11  7.402024e-01 -3.175867e-02  3.633844e-01  2.597976e-01
 1.03448e+00  3.93103e+00       2.781e+11  7.399064e-01 -4.222192e-02  2.018507e-01  2.600936e-01
 1.44828e+00  3.93103e+00       2.187e+11  6.568069e-01 -2.050371e-02  1.524496e-01  3.431931e-01
 1.86207e+00  3.93103e+00       2.324e+11  7.063015e-01 -2.717894e-02  2.758355e-01  2.936985e-01
 2.27586e+00  3.93103e+00       4.176e+11  8.756546e-01 -5.250508e-02  2.769436e-01  1.243454e-01
 2.68966e+00  3.93103e+00       7.142e+11  9.495822e-01 -4.908105e-02  1.940925e-01  5.041778e-02
 3.10345e+00  3.93103e+00       8.647e+11  9.650177e-01 -4.265170e-02  1.051021e-01  3.498231e-02
 3.51724e+00  3.93103e+00       7.582e+11  9.332269e-01 -4.359123e-02 -4.394719e-02  6.677310e-02
 3.93103e+00  3.93103e+00       5.986e+11  8.382324e-01 -4.946895e-02 -3.082434e-01  1.617676e-01
 4.34483e+00  3.93103e+00       5.229e+11  7.278681e-01 -3.504991e-02 -5.475911e-01  2.721319e-01
 4.75862e+00  3.93103e+00       5.471e+11  6.094108e-01 -6.542219e-03 -6.811518e-01  3.905892e-01
 5.17241e+00  3.93103e+00       7.875e+11  4.182292e-01 -8.710632e-03 -8.106947e-01  5.817708e-01
 5.58621e+00  3.93103e+00       1.283e+12  2.561318e-01 -1.705252e-02 -9.087160e-01  7.438682e-01
 6.00000e+00  3.93103e+00       1.689e+12  1.605353e-01 -1.178859e-02 -9.545794e-01  8.394647e-01
-6.00000e+00  4.34483e+00       1.890e+12  2.442013e-01 -1.105638e-02  9.455250e-01  7.557987e-01
-5.58621e+00  4.34483e+00       1.801e+12  3.243286e-01 -6.474740e-03  9.043091e-01  6.756714e-01
-5.17241e+00  4.34483e+00       1.425e+12  4.310294e-01  1.483288e-02  8.344416e-01  5.689706e-01
-4.75862e+00  4.34483e+00       9.692e+11  5.462047e-01  5.862269e-02  7.490196e-01  4.537953e-01
-4.34483e+00  4.34483e+00       6.201e+11  6.265185e-01  9.072408e-02  6.766229e-01  3.734815e-01
-3.93103e+00  4.34483e+00       4.853e+11  6.949291e-01  4.478259e-02  5.662694e-01  3.050709e-01
-3.51724e+00  4.34483e+00       5.342e+11  7.961860e-01 -2.722186e-02  2.976315e-01  2.038140e-01
-3.10345e+00  4.34483e+00       6.575e+11  8.685619e-01 -5.773712e-02 -4.070884e-02  1.314381e-01
-2.68966e+00  4.34483e+00       7.217e+11  8.751939e-01 -6.419342e-02 -2.949910e-01  1.248061e-01
-2.27586e+00  4.34483e+00       6.449e+11  8.339697e-01 -7.898633e-02 -4.648290e-01  1.660303e-01
-1.86207e+00  4.34483e+00       4.942e+11  7.700775e-01 -1.016769e-01 -5.861480e-01  2.299225e-01
-1.44828e+00  4.34483e+00       3.573e+11  7.031144e-01 -9.918040e-02 -6.697744e-01  2.968856e-01
-1.03448e+00  4.34483e+00       2.557e+11  6.500254e-01 -7.998198e-02 -7.030399e-01  3.499746e-01
-6.20690e-01  4.34483e+00       1.688e+11  6.054229e-01 -6.541898e-02 -6.528745e-01  3.945771e-01
-2.06897e-01  4.34483e+00       1.042e+11  5.039163e-01 -3.607347e-02 -4.809012e-01  4.960837e-01
 2.06897e-01  4.34483e+00       7.784e+10  2.391928e-01 -4.771905e-02 -1.768790e-01  7.608072e-01
 6.20690e-01  4.34483e+00       8.904e+10 -1.783814e-02 -1.159828e-01  2.391175e-01  9.821619e-01
 1.03448e+00  4.34483e+00       1.525e+11  1.635449e-01 -9.442869e-02  5.703851e-01  8.364551e-01
 1.44828e+00  4.34483e+00       3.114e+11  5.280319e-01 -5.875814e-02  6.357976e-01  4.719681e-01
 1.86207e+00  4.34483e+00       5.728e+11  7.461517e-01 -5.031891e-02  5.617181e-01  2.538483e-01
 2.27586e+00  4.34483e+00       8.003e+11  8.488509e-01 -4.720359e-02  4.600342e-01  1.511491e-01
 2.68966e+00  4.34483e+00       8.107e+11  8.961908e-01 -4.765761e-02  3.400582e-01  1.038092e-01
 3.10345e+00  4.34483e+00       6.572e+11  8.987239e-01 -5.611929e-02  1.233012e-01  1.012761e-01
 3.51724e+00  4.34483e+00       5.466e+11  8.514190e-01 -6.368487e-02 -2.115125e-01  1.485810e-01
 3.93103e+00  4.34483e+00       5.183e+11  7.928678e-01 -4.019915e-02 -4.510020e-01  2.071322e-01
 4.34483e+00  4.34483e+00       5.505e+11  7.240340e-01 -4.283214e-03 -5.675425e-01  2.759660e-01
 4.75862e+00  4.34483e+00       7.652e+11  5.731213e-01 -5.899458e-03 -7.093181e-01  4.268787e-01
 5.17241e+00  4.34483e+00       1.283e+12  4.105005e-01 -1.734847e-02 -8.449782e-01  5.894995e-01
 5.58621e+00  4.34483e+00       1.852e+12  3.068702e-01 -1.307008e-02 -9.163544e-01  6.931298e-01
 6.00000e+00  4.34483e+00       1.993e+12  2.336847e-01 -2.682474e-03 -9.501841e-01  7.663153e-01
-6.00000e+00  4.75862e+00       1.981e+12  3.261514e-01 -9.241625e-03  9.281769e-01  6.738486e-01
-5.58621e+00  4.75862e+00       2.130e+12  3.905975e-01 -9.920721e-03  8.940989e-01  6.094025e-01
-5.17241e+00  4.75862e+00       1.953e+12  4.760753e-01 -3.838693e-03  8.324239e-01  5.239247e-01
-4.75862e+00  4.75862e+00       1.535e+12  5.806397e-01  1.965423e-02  7.386701e-01  4.193603e-01
-4.34483e+00  4.75862e+00       1.050e+12  6.820609e-01  6.506219e-02  6.337871e-01  3.179391e-01
-3.93103e+00  4.75862e+00       6.533e+11  7.402411e-01  1.037269e-01  5.572125e-01  2.597589e-01
-3.51724e+00  4.75862e+00       4.644e+11  7.708156e-01  6.910006e-02  4.880914e-01  2.291844e-01
-3.10345e+00  4.75862e+00       4.476e+11  8.123828e-01 -1.075309e-02  3.035492e-01  1.876172e-01
-2.68966e+00  4.75862e+00       4.966e+11  8.087468e-01 -6.627363e-02 -6.150046e-02  1.912532e-01
-2.27586e+00  4.75862e+00       5.752e+11  7.210896e-01 -8.241658e-02 -4.482550e-01  2.789104e-01
-1.86207e+00  4.75862e+00       6.004e+11  5.709753e-01 -7.073179e-02 -6.943426e-01  4.290247e-01
-1.44828e+00  4.75862e+00       5.213e+11  3.526421e-01 -7.534776e-02 -8.342351e-01  6.473579e-01
-1.03448e+00  4.75862e+00       4.260e+11  3.438700e-02 -1.291860e-01 -8.655225e-01  9.656130e-01
-6.20690e-01  4.75862e+00       3.803e+11 -3.343023e-01 -1.971455e-01 -7.114788e-01  6.656977e-01
-2.06897e-01  4.75862e+00       3.651e+11 -6.135166e-01 -2.265816e-01 -3.493348e-01  3.864834e-01
 2.06897e-01  4.75862e+00       3.660e+11 -6.594343e-01 -2.148480e-01  1.482610e-01  3.405657e-01
 6.20690e-01  4.75862e+00       4.041e+11 -3.800631e-01 -1.618150e-01  5.932866e-01  6.199369e-01
 1.03448e+00  4.75862e+00       5.105e+11  7.175495e-02 -9.450701e-02  8.042184e-01  9.282451e-01
 1.44828e+00  4.75862e+00       6.364e+11  4.037965e-01 -6.373561e-02  8.140379e-01  5.962035e-01
 1.86207e+00  4.75862e+00       6.458e+11  5.877603e-01 -6.483498e-02  7.359596e-01  4.122397e-01
 2.27586e+00  4.75862e+00       5.368e+11  7.121536e-01 -7.751319e-02  5.505796e-01  2.878464e-01
 2.68966e+00  4.75862e+00       4.556e+11  8.110672e-01 -9.273839e-02  1.826066e-01  1.889328e-01
 3.10345e+00  4.75862e+00       4.586e+11  8.507074e-01 -8.313119e-02 -1.723959e-01  1.492926e-01
 3.51724e+00  4.75862e+00       4.882e+11  8.477422e-01 -3.279630e-02 -3.361927e-01  1.522578e-01
 3.93103e+00  4.75862e+00       5.435e+11  8.169138e-01  5.605660e-03 -4.190951e-01  1.830862e-01
 4.34483e+00  4.75862e+00       7.596e+11  7.041530e-01 -5.274524e-03 -5.768000e-01  2.958470e-01
 4.75862e+00  4.75862e+00       1.292e+12  5.585624e-01 -1.872429e-02 -7.512760e-01  4.414376e-01
 5.17241e+00  4.75862e+00       1.966e+12  4.568645e-01 -1.326765e-02 -8.503535e-01  5.431355e-01
 5.58621e+00  4.75862e+00       2.273e+12  3.829226e-01 -1.902562e-03 -9.010796e-01  6.170774e-01
 6.00000e+00  4.75862e+00       2.034e+12  3.151382e-01  5.004629e-03 -9.320635e-01  6.848618e-01
-6.00000e+00  5.17241e+00       1.883e+12  4.237528e-01 -7.596155e-03  8.909102e-01  5.762472e-01
-5.58621e+00  5.17241e+00       2.245e+12  4.705024e-01 -8.243702e-03  8.649488e-01  5.294976e-01
-5.17241e+00  5.17241e+00       2.288e+12  5.365662e-01 -8.673390e-03  8.144180e-01  4.634338e-01
-4.75862e+00  5.17241e+00       2.070e+12  6.207056e-01 -2.490554e-03  7.299229e-01  3.792944e-01
-4.34483e+00  5.17241e+00       1.667e+12  7.150627e-01  1.941661e-02  6.093215e-01  2.849373e-01
-3.93103e+00  5.17241e+00       1.187e+12  8.013146e-01  6.286343e-02  4.762250e-01  1.986854e-01
-3.51724e+00  5.17241e+00       7.368e+11  8.449796e-01  1.142241e-01  3.798310e-01  1.550204e-01
-3.10345e+00  5.17241e+00       4.575e+11  8.457296e-01  1.174575e-01  3.324491e-01  1.542704e-01
-2.68966e+00  5.17241e+00       3.788e+11  8.624048e-01  4.173603e-02  2.620647e-01  1.375952e-01
-2.27586e+00  5.17241e+00       3.594e+11  8.654000e-01 -3.228357e-02  1.111941e-01  1.346000e-01
-1.86207e+00  5.17241e+00       3.180e+11  7.444910e-01 -1.022368e-01 -1.708562e-01  2.555090e-01
-1.44828e+00  5.17241e+00       2.963e+11  3.923788e-01 -1.750989e-01 -5.415348e-01  6.076212e-01
-1.03448e+00  5.17241e+00       3.160e+11 -5.958308e-02 -2.231330e-01 -7.373832e-01  9.404169e-01
-6.20690e-01  5.17241e+00       3.352e+11 -4.159804e-01 -2.185391e-01 -6.435340e-01  5.840196e-01
-2.06897e-01  5.17241e+00       3.268e+11 -6.561315e-01 -1.852104e-01 -3.006036e-01  3.438685e-01
 2.06897e-01  5.17241e+00       3.152e+11 -7.026674e-01 -1.751409e-01  1.867146e-01  2.973326e-01
 6.20690e-01  5.17241e+00       3.090e+11 -5.348107e-01 -1.944478e-01  5.839455e-01  4.651893e-01
 1.03448e+00  5.17241e+00       2.821e+11 -2.547451e-01 -2.013353e-01  7.591277e-01  7.452549e-01
 1.44828e+00  5.17241e+00       2.472e+11  1.517615e-01 -1.899289e-01  6.633649e-01  8.482385e-01
 1.86207e+00  5.17241e+00       2.636e+11  5.948380e-01 -1.827756e-01  3.261049e-01  4.051620e-01
 2.27586e+00  5.17241e+00       3.297e+11  8.025240e-01 -1.487419e-01  3.881323e-02  1.974760e-01
 2.68966e+00  5.17241e+00       3.976e+11  8.613826e-01 -6.529066e-02 -1.066023e-01  1.386174e-01
 3.10345e+00  5.17241e+00       4.517e+11  8.860507e-01  1.090472e-02 -1.522646e-01  1.139493e-01
 3.51724e+00  5.17241e+00       5.329e+11  8.809795e-01  1.865602e-02 -2.178190e-01  1.190205e-01
 3.93103e+00  5.17241e+00       7.784e+11  8.027001e-01 -1.152045e-02 -4.178732e-01  1.972999e-01
 4.34483e+00  5.17241e+00       1.340e+12  6.897099e-01 -2.160090e-02 -6.310831e-01  3.102901e-01
 4.75862e+00  5.17241e+00       2.073e+12  6.024262e-01 -1.163713e-02 -7.546747e-01  3.975738e-01
 5.17241e+00  5.17241e+00       2.483e+12  5.335039e-01  1.140360e-03 -8.221919e-01  4.664961e-01
 5.58621e+00  5.17241e+00       2.327e+12  4.668874e-01  6.860447e-03 -8.674720e-01  5.331126e-01
 6.00000e+00  5.17241e+00       1.884e+12  4.039670e-01  7.034119e-03 -8.993094e-01  5.960330e-01
-6.00000e+00  5.58621e+00       1.587e+12  5.306155e-01 -7.265367e-03  8.297240e-01  4.693845e-01
-5.58621e+00  5.58621e+00       2.154e+12  5.722978e-01 -6.709614e-03  8.053476e-01  4.277022e-01
-5.17241e+00  5.58621e+00       2.426e+12  6.134986e-01 -7.169136e-03  7.716788e-01  3.865014e-01
-4.75862e+00  5.58621e+00       2.354e+12  6.730401e-01 -7.089599e-03  7.070503e-01  3.269599e-01
-4.34483e+00  5.58621e+00       2.120e+12  7.478615e-01 -1.947796e-03  5.996496e-01  2.521385e-01
-3.93103e+00  5.58621e+00       1.784e+12  8.223105e-01  1.461763e-02  4.508314e-01  1.776895e-01
-3.51724e+00  5.58621e+00       1.370e+12  8.850301e-01  4.928391e-02  2.778653e-01  1.149699e-01
-3.10345e+00  5.58621e+00       9.221e+11  9.159291e-01  1.027566e-01  1.317645e-01  8.407086e-02
-2.68966e+00  5.58621e+00       5.392e+11  8.975755e-01  1.602939e-01  6.261149e-02  1.024245e-01
-2.27586e+00  5.58621e+00       3.309e+11  8.417471e-01  1.633499e-01  5.760146e-02  1.582529e-01
-1.86207e+00  5.58621e+00       2.884e+11  8.359851e-01  7.324917e-02 -2.318397e-02  1.640149e-01
-1.44828e+00  5.58621e+00       3.035e+11  8.713207e-01  1.299663e-02 -1.219597e-01  1.286793e-01
-1.03448e+00  5.58621e+00       2.679e+11  8.592321e-01 -1.641341e-02 -1.131952e-01  1.407679e-01
-6.20690e-01  5.58621e+00       1.890e+11  7.245918e-01 -1.216988e-01  1.678336e-02  2.754082e-01
-2.06897e-01  5.58621e+00       1.388e+11  4.699373e-01 -3.157644e-01  2.215047e-01  5.300627e-01
 2.06897e-01  5.58621e+00       1.377e+11  4.152617e-01 -3.670242e-01  3.187055e-01  5.847383e-01
 6.20690e-01  5.58621e+00       1.620e+11  5.570951e-01 -2.859175e-01  2.162824e-01  4.429049e-01
 1.03448e+00  5.58621e+00       1.940e+11  6.419726e-01 -2.284146e-01  5.412581e-02  3.580274e-01
 1.44828e+00  5.58621e+00       2.428e+11  6.896722e-01 -1.444783e-01  8.947050e-03  3.103278e-01
 1.86207e+00  5.58621e+00       3.109e+11  7.659562e-01  4.218521e-04  6.953021e-02  2.340438e-01
 2.27586e+00  5.58621e+00       3.674e+11  8.239100e-01  8.025005e-02  1.417419e-01  1.760900e-01
 2.68966e+00  5.58621e+00       4.169e+11  8.620615e-01  5.580843e-02  1.584390e-01  1.379385e-01
 3.10345e+00  5.58621e+00       5.354e+11  8.889456e-01  1.330338e-03  2.263221e-02  1.110544e-01
 3.51724e+00  5.58621e+00       8.442e+11  8.626929e-01 -2.619541e-02 -2.514662e-01  1.373071e-01
 3.93103e+00  5.58621e+00       1.449e+12  7.981391e-01 -2.210764e-02 -4.902637e-01  2.018609e-01
 4.34483e+00  5.58621e+00       2.192e+12  7.366703e-01 -5.389201e-03 -6.282059e-01  2.633297e-01
 4.75862e+00  5.58621e+00       2.631e+12  6.790135e-01  7.392021e-03 -7.093196e-01  3.209865e-01
 5.17241e+00  5.58621e+00       2.525e+12  6.177564e-01  9.442451e-03 -7.689004e-01  3.822436e-01
 5.58621e+00  5.58621e+00       2.125e+12  5.565705e-01  6.149486e-03 -8.143573e-01  4.434295e-01
 6.00000e+00  5.58621e+00       1.710e+12  5.067348e-01  1.001986e-02 -8.434225e-01  4.932652e-01
-6.00000e+00  6.00000e+00       1.221e+12  6.268565e-01 -5.515547e-03  7.548233e-01  3.731435e-01
-5.58621e+00  6.00000e+00       1.758e+12  6.801967e-01 -6.414406e-03  7.129874e-01  3.198033e-01
-5.17241e+00  6.00000e+00       2.345e+12  7.188930e-01 -6.341764e-03  6.784237e-01  2.811070e-01
-4.75862e+00  6.00000e+00       2.562e+12  7.514105e-01 -6.553848e-03  6.412394e-01  2.485895e-01
-4.34483e+00  6.00000e+00       2.353e+12  7.938673e-01 -5.305907e-03  5.742541e-01  2.061327e-01
-3.93103e+00  6.00000e+00       2.049e+12  8.490988e-01 -2.182736e-04  4.515352e-01  1.509012e-01
-3.51724e+00  6.00000e+00       1.785e+12  8.938991e-01  1.027155e-02  2.787240e-01  1.061009e-01
-3.10345e+00  6.00000e+00       1.488e+12  9.118144e-01  3.049325e-02  7.064658e-02  8.818559e-02
-2.68966e+00  6.00000e+00       1.150e+12  8.970463e-01  6.594523e-02 -1.476233e-01  1.029537e-01
-2.27586e+00  6.00000e+00       7.861e+11  8.441419e-01  1.206609e-01 -3.233354e-01  1.558581e-01
-1.86207e+00  6.00000e+00       4.794e+11  7.623393e-01  1.824449e-01 -4.258979e-01  2.376607e-01
-1.44828e+00  6.00000e+00       3.105e+11  6.997795e-01  2.095002e-01 -3.696657e-01  3.002205e-01
-1.03448e+00  6.00000e+00       2.319e+11  6.059571e-01  2.355393e-01 -9.578111e-02  3.940429e-01
-6.20690e-01  6.00000e+00       1.983e+11  3.623371e-01  3.378032e-01  2.366794e-01  6.376629e-01
-2.06897e-01  6.00000e+00       2.020e+11  1.701163e-01  4.338047e-01  4.367664e-01  8.298837e-01
 2.06897e-01  6.00000e+00       2.214e+11  2.093821e-01  4.074223e-01  5.140079e-01  7.906179e-01
 6.20690e-01  6.00000e+00       2.290e+11  3.444048e-01  2.804619e-01  5.030911e-01  6.555952e-01
 1.03448e+00  6.00000e+00       2.247e+11  3.983298e-01  1.406048e-01  4.581257e-01  6.016702e-01
 1.44828e+00  6.00000e+00       2.424e+11  4.028355e-01  7.043126e-02  5.041448e-01  5.971645e-01
 1.86207e+00  6.00000e+00       3.062e+11  5.379012e-01  3.450785e-02  5.610970e-01  4.620988e-01
 2.27586e+00  6.00000e+00       4.167e+11  7.184143e-01 -7.155534e-03  4.733428e-01  2.815857e-01
 2.68966e+00  6.00000e+00       6.106e+11  8.421052e-01 -3.237799e-02  2.208701e-01  1.578948e-01
 3.10345e+00  6.00000e+00       9.881e+11  8.895066e-01 -3.150837e-02 -9.574743e-02  1.104934e-01
 3.51724e+00  6.00000e+00       1.615e+12  8.833596e-01 -1.021187e-02 -3.314509e-01  1.166404e-01
 3.93103e+00  6.00000e+00       2.316e+12  8.546932e-01  9.529826e-03 -4.661206e-01  1.453068e-01
 4.34483e+00  6.00000e+00       2.712e+12  8.125072e-01  1.607546e-02 -5.553533e-01  1.874928e-01
 4.75862e+00  6.00000e+00       2.611e+12  7.605162e-01  1.035551e-02 -6.288956e-01  2.394838e-01
 5.17241e+00  6.00000e+00       2.270e+12  7.041524e-01  4.024661e-03 -6.896727e-01  2.958476e-01
 5.58621e+00  6.00000e+00       1.927e+12  6.550143e-01  9.188295e-03 -7.323102e-01  3.449857e-01
 6.00000e+00  6.00000e+00       1.458e+12  6.230991e-01  1.735109e-02 -7.574271e-01  3.769009e-01
