 EB(GeV)    EMITTANCEx EMITTANCEy SIZEx(m)   SIZEy(m)   DIVx(rad)  DIVy(rad)
 1.500e+00  5.941e-09  5.941e-11  1.840e-04  1.299e-05  3.228e-05  4.574e-06
 betax      alphax     betay      alphay     eta        deta       E_spread  
 5.700e+00  0.000e+00  2.840e+00  0.000e+00  0.000e+00  0.000e+00  1.000e-03
 Ibeam(A) 
  2.000e-01


           x            y       F.Density            PL            PC          PL45        1-|PL|
          mm           mm  ph/s/mm^2/0.1%             -             -             -             -
-6.00000e+00 -6.00000e+00       1.307e+12  6.094331e-01  3.841127e-03 -7.643253e-01  3.905669e-01
-5.58621e+00 -6.00000e+00       1.894e+12  6.607544e-01  4.848116e-03 -7.270004e-01  3.392456e-01
-5.17241e+00 -6.00000e+00       2.479e+12  6.938758e-01  6.217000e-04 -7.007972e-01  3.061242e-01
-4.75862e+00 -6.00000e+00       2.565e+12  7.254715e-01 -2.629293e-03 -6.630437e-01  2.745285e-01
-4.34483e+00 -6.00000e+00       2.191e+12  7.728234e-01 -1.057185e-02 -5.849853e-01  2.271766e-01
-3.93103e+00 -6.00000e+00       1.758e+12  8.342151e-01 -2.061549e-02 -4.431550e-01  1.657849e-01
-3.51724e+00 -6.00000e+00       1.459e+12  8.887899e-01 -2.392361e-02 -2.472560e-01  1.112101e-01
-3.10345e+00 -6.00000e+00       1.197e+12  9.167415e-01 -2.962096e-02 -4.908312e-02  8.325850e-02
-2.68966e+00 -6.00000e+00       8.542e+11  9.094322e-01 -5.306781e-02  1.037421e-01  9.056777e-02
-2.27586e+00 -6.00000e+00       5.095e+11  8.643771e-01 -9.529376e-02  1.814029e-01  1.356229e-01
-1.86207e+00 -6.00000e+00       2.994e+11  7.716172e-01 -1.721965e-01  1.416119e-01  2.283828e-01
-1.44828e+00 -6.00000e+00       2.162e+11  6.553687e-01 -2.802824e-01  5.995954e-02  3.446313e-01
-1.03448e+00 -6.00000e+00       1.941e+11  6.233739e-01 -2.308354e-01  6.497491e-02  3.766261e-01
-6.20690e-01 -6.00000e+00       1.890e+11  6.317208e-01  3.302492e-02  1.070616e-01  3.682792e-01
-2.06897e-01 -6.00000e+00       1.855e+11  5.897576e-01  2.824288e-01  1.409274e-01  4.102424e-01
 2.06897e-01 -6.00000e+00       1.862e+11  5.604424e-01  2.790649e-01  1.264378e-01  4.395576e-01
 6.20690e-01 -6.00000e+00       2.038e+11  5.734467e-01 -4.813968e-04  8.296131e-03  4.265533e-01
 1.03448e+00 -6.00000e+00       2.446e+11  5.894694e-01 -2.391397e-01 -1.829085e-01  4.105306e-01
 1.44828e+00 -6.00000e+00       2.842e+11  6.204063e-01 -2.139076e-01 -3.209987e-01  3.795937e-01
 1.86207e+00 -6.00000e+00       3.106e+11  6.752392e-01 -5.181977e-02 -3.724511e-01  3.247608e-01
 2.27586e+00 -6.00000e+00       3.618e+11  7.617398e-01  5.249128e-02 -3.463234e-01  2.382602e-01
 2.68966e+00 -6.00000e+00       4.749e+11  8.493768e-01  6.993627e-02 -2.070620e-01  1.506232e-01
 3.10345e+00 -6.00000e+00       7.321e+11  8.911182e-01  4.623140e-02  4.867938e-02  1.088818e-01
 3.51724e+00 -6.00000e+00       1.244e+12  8.786179e-01  1.377574e-02  2.936608e-01  1.213821e-01
 3.93103e+00 -6.00000e+00       1.905e+12  8.403405e-01 -4.195184e-03  4.579268e-01  1.596595e-01
 4.34483e+00 -6.00000e+00       2.385e+12  7.876031e-01 -9.139174e-03  5.719397e-01  2.123969e-01
 4.75862e+00 -6.00000e+00       2.550e+12  7.243673e-01 -8.681338e-03  6.621805e-01  2.756327e-01
 5.17241e+00 -6.00000e+00       2.440e+12  6.663523e-01 -1.234196e-02  7.244615e-01  3.336477e-01
 5.58621e+00 -6.00000e+00       2.045e+12  6.172612e-01 -2.219237e-02  7.635300e-01  3.827388e-01
 6.00000e+00 -6.00000e+00       1.485e+12  5.761226e-01 -2.583040e-02  7.911366e-01  4.238774e-01
-6.00000e+00 -5.58621e+00       1.712e+12  4.978424e-01  9.412649e-03 -8.479935e-01  5.021576e-01
-5.58621e+00 -5.58621e+00       2.294e+12  5.412520e-01  4.463251e-03 -8.245642e-01  4.587480e-01
-5.17241e+00 -5.58621e+00       2.440e+12  5.834229e-01 -1.117718e-03 -7.900228e-01  4.165771e-01
-4.75862e+00 -5.58621e+00       2.148e+12  6.468583e-01 -8.229916e-03 -7.193442e-01  3.531417e-01
-4.34483e+00 -5.58621e+00       1.762e+12  7.337171e-01 -1.413019e-02 -5.947088e-01  2.662829e-01
-3.93103e+00 -5.58621e+00       1.424e+12  8.223031e-01 -2.338325e-02 -4.364948e-01  1.776969e-01
-3.51724e+00 -5.58621e+00       1.044e+12  8.811001e-01 -4.961916e-02 -2.987822e-01  1.188999e-01
-3.10345e+00 -5.58621e+00       6.403e+11  8.915414e-01 -9.428915e-02 -2.124466e-01  1.084586e-01
-2.68966e+00 -5.58621e+00       3.870e+11  8.590544e-01 -1.172324e-01 -1.550365e-01  1.409456e-01
-2.27586e+00 -5.58621e+00       3.215e+11  8.421280e-01 -6.548236e-02 -5.037720e-02  1.578720e-01
-1.86207e+00 -5.58621e+00       3.078e+11  8.110226e-01 -3.998737e-03  5.943324e-02  1.889774e-01
-1.44828e+00 -5.58621e+00       2.551e+11  6.789842e-01  7.794436e-02  1.977337e-01  3.210158e-01
-1.03448e+00 -5.58621e+00       1.965e+11  4.733117e-01  1.732626e-01  4.217699e-01  5.266883e-01
-6.20690e-01 -5.58621e+00       1.539e+11  3.147033e-01  1.667287e-01  5.586349e-01  6.852967e-01
-2.06897e-01 -5.58621e+00       1.202e+11  1.771920e-01  8.660562e-02  4.591324e-01  8.228080e-01
 2.06897e-01 -5.58621e+00       1.088e+11  5.203540e-02  9.684686e-02  1.210435e-01  9.479646e-01
 6.20690e-01 -5.58621e+00       1.387e+11  1.274882e-01  2.032339e-01 -2.797347e-01  8.725118e-01
 1.03448e+00 -5.58621e+00       2.054e+11  3.656663e-01  2.257034e-01 -4.393401e-01  6.343337e-01
 1.44828e+00 -5.58621e+00       2.623e+11  5.697956e-01  1.867911e-01 -3.625624e-01  4.302044e-01
 1.86207e+00 -5.58621e+00       2.894e+11  6.977263e-01  1.196729e-01 -1.841429e-01  3.022737e-01
 2.27586e+00 -5.58621e+00       3.300e+11  7.886351e-01  2.194478e-02 -5.342073e-02  2.113649e-01
 2.68966e+00 -5.58621e+00       3.951e+11  8.583016e-01 -1.985277e-02 -8.599033e-03  1.416984e-01
 3.10345e+00 -5.58621e+00       4.766e+11  8.929705e-01  9.907439e-03  5.248151e-02  1.070295e-01
 3.51724e+00 -5.58621e+00       6.537e+11  8.725894e-01  3.266207e-02  2.290250e-01  1.274106e-01
 3.93103e+00 -5.58621e+00       1.085e+12  8.011236e-01  2.194346e-02  4.596948e-01  1.988764e-01
 4.34483e+00 -5.58621e+00       1.759e+12  7.246104e-01  6.135675e-03  6.205053e-01  2.753896e-01
 4.75862e+00 -5.58621e+00       2.309e+12  6.537156e-01 -2.240377e-03  7.200013e-01  3.462844e-01
 5.17241e+00 -5.58621e+00       2.440e+12  5.807770e-01 -4.256607e-03  7.917264e-01  4.192230e-01
 5.58621e+00 -5.58621e+00       2.232e+12  5.137747e-01 -4.844228e-03  8.421702e-01  4.862253e-01
 6.00000e+00 -5.58621e+00       1.838e+12  4.629861e-01 -9.934987e-03  8.711170e-01  5.370139e-01
-6.00000e+00 -5.17241e+00       2.015e+12  3.869803e-01  4.965134e-03 -9.066486e-01  6.130197e-01
-5.58621e+00 -5.17241e+00       2.257e+12  4.334413e-01 -2.007476e-04 -8.807294e-01  5.665587e-01
-5.17241e+00 -5.17241e+00       2.065e+12  5.040591e-01 -5.434138e-03 -8.255899e-01  4.959409e-01
-4.75862e+00 -5.17241e+00       1.698e+12  6.037674e-01 -1.129872e-02 -7.282740e-01  3.962326e-01
-4.34483e+00 -5.17241e+00       1.310e+12  7.099497e-01 -2.827319e-02 -6.071463e-01  2.900503e-01
-3.93103e+00 -5.17241e+00       8.931e+11  7.819838e-01 -6.459040e-02 -5.056401e-01  2.180162e-01
-3.51724e+00 -5.17241e+00       5.489e+11  8.067526e-01 -9.496215e-02 -4.313069e-01  1.932474e-01
-3.10345e+00 -5.17241e+00       4.031e+11  8.220097e-01 -6.163185e-02 -3.334468e-01  1.779903e-01
-2.68966e+00 -5.17241e+00       3.720e+11  8.274158e-01  1.470118e-03 -1.585096e-01  1.725842e-01
-2.27586e+00 -5.17241e+00       3.588e+11  7.372641e-01  5.978498e-02  1.696512e-01  2.627359e-01
-1.86207e+00 -5.17241e+00       3.856e+11  5.101636e-01  1.111555e-01  5.773088e-01  4.898364e-01
-1.44828e+00 -5.17241e+00       4.349e+11  2.224883e-01  1.250817e-01  7.973373e-01  7.775117e-01
-1.03448e+00 -5.17241e+00       4.412e+11 -1.223673e-01  1.069521e-01  7.878339e-01  8.776327e-01
-6.20690e-01 -5.17241e+00       4.151e+11 -5.020802e-01  8.913989e-02  5.481824e-01  4.979198e-01
-2.06897e-01 -5.17241e+00       4.041e+11 -7.284461e-01  8.660999e-02  1.017584e-01  2.715539e-01
 2.06897e-01 -5.17241e+00       4.167e+11 -6.745920e-01  9.196964e-02 -3.787224e-01  3.254080e-01
 6.20690e-01 -5.17241e+00       4.302e+11 -4.214747e-01  1.002059e-01 -7.171260e-01  5.785253e-01
 1.03448e+00 -5.17241e+00       4.286e+11 -9.064442e-02  1.041823e-01 -8.678985e-01  9.093556e-01
 1.44828e+00 -5.17241e+00       4.157e+11  2.351829e-01  8.941428e-02 -8.445017e-01  7.648171e-01
 1.86207e+00 -5.17241e+00       3.968e+11  5.225314e-01  6.632767e-02 -6.445936e-01  4.774686e-01
 2.27586e+00 -5.17241e+00       3.953e+11  7.454905e-01  7.162023e-02 -3.073081e-01  2.545095e-01
 2.68966e+00 -5.17241e+00       4.126e+11  8.440670e-01  7.668642e-02 -5.223642e-03  1.559330e-01
 3.10345e+00 -5.17241e+00       4.356e+11  8.619657e-01  3.844277e-02  1.814359e-01  1.380343e-01
 3.51724e+00 -5.17241e+00       4.875e+11  8.601889e-01  6.749871e-03  2.850174e-01  1.398111e-01
 3.93103e+00 -5.17241e+00       6.282e+11  8.101665e-01  1.385084e-02  4.164585e-01  1.898335e-01
 4.34483e+00 -5.17241e+00       1.005e+12  6.958866e-01  1.792450e-02  6.079250e-01  3.041134e-01
 4.75862e+00 -5.17241e+00       1.645e+12  5.885686e-01  9.651803e-03  7.492375e-01  4.114314e-01
 5.17241e+00 -5.17241e+00       2.184e+12  5.043714e-01  1.591463e-03  8.308365e-01  4.956286e-01
 5.58621e+00 -5.17241e+00       2.276e+12  4.276162e-01 -2.577515e-03  8.839551e-01  5.723838e-01
 6.00000e+00 -5.17241e+00       1.993e+12  3.599938e-01 -4.710308e-03  9.184033e-01  6.400062e-01
-6.00000e+00 -4.75862e+00       2.008e+12  2.802542e-01  1.350867e-03 -9.407144e-01  7.197458e-01
-5.58621e+00 -4.75862e+00       1.931e+12  3.499645e-01 -3.169352e-03 -9.028919e-01  6.500355e-01
-5.17241e+00 -4.75862e+00       1.601e+12  4.528508e-01 -9.540530e-03 -8.320831e-01  5.471492e-01
-4.75862e+00 -4.75862e+00       1.203e+12  5.698093e-01 -2.977885e-02 -7.395339e-01  4.301907e-01
-4.34483e+00 -4.75862e+00       8.045e+11  6.567256e-01 -6.739905e-02 -6.564752e-01  3.432744e-01
-3.93103e+00 -4.75862e+00       5.246e+11  7.064597e-01 -8.091391e-02 -5.761513e-01  2.935403e-01
-3.51724e+00 -4.75862e+00       4.408e+11  7.637843e-01 -2.721487e-02 -4.129843e-01  2.362157e-01
-3.10345e+00 -4.75862e+00       4.821e+11  8.184688e-01  3.507244e-02 -8.973780e-02  1.815312e-01
-2.68966e+00 -4.75862e+00       5.793e+11  8.202897e-01  6.554163e-02  2.719036e-01  1.797103e-01
-2.27586e+00 -4.75862e+00       6.282e+11  7.573266e-01  7.209704e-02  5.171928e-01  2.426734e-01
-1.86207e+00 -4.75862e+00       5.595e+11  6.238650e-01  9.294870e-02  6.847661e-01  3.761350e-01
-1.44828e+00 -4.75862e+00       4.422e+11  4.184154e-01  1.391440e-01  8.089028e-01  5.815846e-01
-1.03448e+00 -4.75862e+00       3.150e+11  1.846286e-01  1.578051e-01  8.635562e-01  8.153714e-01
-6.20690e-01 -4.75862e+00       1.923e+11 -7.499794e-02  1.066073e-01  8.018295e-01  9.250021e-01
-2.06897e-01 -4.75862e+00       1.231e+11 -3.349766e-01 -6.483671e-03  4.397046e-01  6.650234e-01
 2.06897e-01 -4.75862e+00       1.302e+11 -2.895262e-01 -5.089783e-02 -2.923517e-01  7.104738e-01
 6.20690e-01 -4.75862e+00       2.194e+11  3.453061e-03  1.299246e-02 -7.653146e-01  9.965469e-01
 1.03448e+00 -4.75862e+00       3.748e+11  2.502100e-01  6.280629e-02 -8.674985e-01  7.497900e-01
 1.44828e+00 -4.75862e+00       5.421e+11  4.627261e-01  6.926872e-02 -8.115300e-01  5.372739e-01
 1.86207e+00 -4.75862e+00       6.639e+11  6.426752e-01  5.561530e-02 -6.990928e-01  3.573248e-01
 2.27586e+00 -4.75862e+00       6.779e+11  7.656219e-01  4.510212e-02 -5.558834e-01  2.343781e-01
 2.68966e+00 -4.75862e+00       6.013e+11  8.420751e-01  4.173271e-02 -3.245891e-01  1.579249e-01
 3.10345e+00 -4.75862e+00       5.314e+11  8.680982e-01  4.917334e-02  5.494424e-03  1.319018e-01
 3.51724e+00 -4.75862e+00       4.989e+11  8.421922e-01  4.590805e-02  2.859044e-01  1.578078e-01
 3.93103e+00 -4.75862e+00       5.062e+11  7.965826e-01  1.871985e-02  4.462059e-01  2.034174e-01
 4.34483e+00 -4.75862e+00       6.180e+11  7.103620e-01  8.367698e-03  5.758394e-01  2.896380e-01
 4.75862e+00 -4.75862e+00       9.711e+11  5.632810e-01  1.287518e-02  7.339130e-01  4.367190e-01
 5.17241e+00 -4.75862e+00       1.567e+12  4.372115e-01  9.606567e-03  8.471611e-01  5.627885e-01
 5.58621e+00 -4.75862e+00       2.028e+12  3.475585e-01  3.402664e-03  9.082286e-01  6.524415e-01
 6.00000e+00 -4.75862e+00       2.029e+12  2.720827e-01 -7.730610e-04  9.434361e-01  7.279173e-01
-6.00000e+00 -4.34483e+00       1.767e+12  1.956854e-01 -2.245598e-04 -9.503943e-01  8.043146e-01
-5.58621e+00 -4.34483e+00       1.501e+12  2.916529e-01 -6.616693e-03 -9.030805e-01  7.083471e-01
-5.17241e+00 -4.34483e+00       1.122e+12  4.151879e-01 -2.672278e-02 -8.329304e-01  5.848121e-01
-4.75862e+00 -4.34483e+00       7.564e+11  5.220600e-01 -6.378326e-02 -7.617733e-01  4.779400e-01
-4.34483e+00 -4.34483e+00       5.187e+11  6.028418e-01 -7.146367e-02 -6.726536e-01  3.971582e-01
-3.93103e+00 -4.34483e+00       4.821e+11  7.193200e-01 -1.226765e-02 -4.620347e-01  2.806800e-01
-3.51724e+00 -4.34483e+00       5.850e+11  8.446940e-01  3.989512e-02 -1.472086e-01  1.553060e-01
-3.10345e+00 -4.34483e+00       6.865e+11  9.060216e-01  6.093930e-02  1.112330e-01  9.397844e-02
-2.68966e+00 -4.34483e+00       6.532e+11  9.050651e-01  8.119805e-02  2.859871e-01  9.493487e-02
-2.27586e+00 -4.34483e+00       5.152e+11  8.695326e-01  1.139812e-01  4.138012e-01  1.304674e-01
-1.86207e+00 -4.34483e+00       3.777e+11  8.224559e-01  1.204241e-01  4.937329e-01  1.775441e-01
-1.44828e+00 -4.34483e+00       2.920e+11  7.660981e-01  2.985160e-02  5.215459e-01  2.339019e-01
-1.03448e+00 -4.34483e+00       2.753e+11  6.994749e-01 -1.344618e-01  5.380370e-01  3.005251e-01
-6.20690e-01 -4.34483e+00       2.988e+11  6.423697e-01 -2.085447e-01  5.730896e-01  3.576303e-01
-2.06897e-01 -4.34483e+00       2.976e+11  5.689359e-01 -2.058522e-01  5.998008e-01  4.310641e-01
 2.06897e-01 -4.34483e+00       2.555e+11  4.408983e-01 -2.239863e-01  5.742319e-01  5.591017e-01
 6.20690e-01 -4.34483e+00       2.020e+11  2.999483e-01 -2.733729e-01  4.017438e-01  7.000517e-01
 1.03448e+00 -4.34483e+00       1.748e+11  3.104916e-01 -2.034281e-01 -2.199372e-02  6.895084e-01
 1.44828e+00 -4.34483e+00       2.207e+11  5.437243e-01 -1.835188e-03 -4.309665e-01  4.562757e-01
 1.86207e+00 -4.34483e+00       3.827e+11  7.643752e-01  6.394510e-02 -4.808697e-01  2.356248e-01
 2.27586e+00 -4.34483e+00       6.262e+11  8.774989e-01  5.283542e-02 -3.940017e-01  1.225011e-01
 2.68966e+00 -4.34483e+00       7.902e+11  9.264587e-01  4.020603e-02 -2.943161e-01  7.354130e-02
 3.10345e+00 -4.34483e+00       7.607e+11  9.352441e-01  3.314973e-02 -1.523961e-01  6.475589e-02
 3.51724e+00 -4.34483e+00       6.356e+11  8.947579e-01  3.510831e-02  9.231318e-02  1.052421e-01
 3.93103e+00 -4.34483e+00       5.424e+11  8.097688e-01  3.794183e-02  3.752441e-01  1.902312e-01
 4.34483e+00 -4.34483e+00       5.130e+11  7.161307e-01  2.033638e-02  5.657899e-01  2.838693e-01
 4.75862e+00 -4.34483e+00       6.134e+11  5.842181e-01  6.851881e-03  7.005754e-01  4.157819e-01
 5.17241e+00 -4.34483e+00       9.680e+11  4.092167e-01  1.039713e-02  8.314961e-01  5.907833e-01
 5.58621e+00 -4.34483e+00       1.508e+12  2.790138e-01  9.537472e-03  9.137966e-01  7.209862e-01
 6.00000e+00 -4.34483e+00       1.831e+12  1.911396e-01  4.314394e-03  9.542218e-01  8.088604e-01
-6.00000e+00 -3.93103e+00       1.389e+12  1.316237e-01 -2.958748e-03 -9.430116e-01  8.683763e-01
-5.58621e+00 -3.93103e+00       1.061e+12  2.534954e-01 -1.980875e-02 -8.928629e-01  7.465046e-01
-5.17241e+00 -3.93103e+00       7.275e+11  3.807245e-01 -5.587451e-02 -8.331855e-01  6.192755e-01
-4.75862e+00 -3.93103e+00       5.093e+11  4.931847e-01 -6.921663e-02 -7.478445e-01  5.068153e-01
-4.34483e+00 -3.93103e+00       4.864e+11  6.565736e-01 -1.330811e-02 -5.431672e-01  3.434264e-01
-3.93103e+00 -3.93103e+00       6.026e+11  8.269172e-01  3.751160e-02 -2.714468e-01  1.730828e-01
-3.51724e+00 -3.93103e+00       6.831e+11  9.218655e-01  6.142694e-02 -6.647844e-02  7.813455e-02
-3.10345e+00 -3.93103e+00       6.159e+11  9.564529e-01  8.503673e-02  6.397997e-02  4.354712e-02
-2.68966e+00 -3.93103e+00       4.874e+11  9.613124e-01  9.274720e-02  1.234899e-01  3.868762e-02
-2.27586e+00 -3.93103e+00       4.046e+11  9.461432e-01  4.306752e-02  9.109991e-02  5.385675e-02
-1.86207e+00 -3.93103e+00       3.445e+11  8.957297e-01 -9.426296e-03 -3.062342e-03  1.042703e-01
-1.44828e+00 -3.93103e+00       2.443e+11  7.824898e-01 -1.488104e-02 -1.147597e-01  2.175102e-01
-1.03448e+00 -3.93103e+00       1.402e+11  5.958322e-01 -3.725628e-02 -2.466454e-01  4.041678e-01
-6.20690e-01 -3.93103e+00       9.193e+10  4.838836e-01 -2.252547e-01 -3.920394e-01  5.161164e-01
-2.06897e-01 -3.93103e+00       9.244e+10  5.763130e-01 -4.201358e-01 -4.468621e-01  4.236870e-01
 2.06897e-01 -3.93103e+00       1.166e+11  7.126755e-01 -3.747169e-01 -4.167982e-01  2.873245e-01
 6.20690e-01 -3.93103e+00       1.654e+11  8.211407e-01 -2.079077e-01 -3.425913e-01  1.788593e-01
 1.03448e+00 -3.93103e+00       2.319e+11  8.602697e-01 -9.104363e-02 -2.410163e-01  1.397303e-01
 1.44828e+00 -3.93103e+00       2.614e+11  8.342258e-01 -3.446051e-02 -1.507279e-01  1.657742e-01
 1.86207e+00 -3.93103e+00       2.495e+11  7.897851e-01  7.649164e-03 -1.334139e-01  2.102149e-01
 2.27586e+00 -3.93103e+00       3.097e+11  8.502159e-01  5.096837e-02 -1.738297e-01  1.497841e-01
 2.68966e+00 -3.93103e+00       5.171e+11  9.418200e-01  5.740362e-02 -1.353721e-01  5.818001e-02
 3.10345e+00 -3.93103e+00       7.450e+11  9.727813e-01  4.381280e-02 -6.190323e-02  2.721866e-02
 3.51724e+00 -3.93103e+00       7.872e+11  9.580914e-01  3.239410e-02  4.003965e-02  4.190855e-02
 3.93103e+00 -3.93103e+00       6.640e+11  8.853899e-01  3.016732e-02  2.271534e-01  1.146101e-01
 4.34483e+00 -3.93103e+00       5.403e+11  7.575617e-01  3.136839e-02  4.767275e-01  2.424383e-01
 4.75862e+00 -3.93103e+00       4.965e+11  6.171760e-01  1.634735e-02  6.652939e-01  3.828240e-01
 5.17241e+00 -3.93103e+00       6.136e+11  4.337164e-01  5.549705e-03  7.958461e-01  5.662836e-01
 5.58621e+00 -3.93103e+00       9.796e+11  2.441001e-01  9.809745e-03  8.969647e-01  7.558999e-01
 6.00000e+00 -3.93103e+00       1.423e+12  1.220242e-01  9.152789e-03  9.504456e-01  8.779758e-01
-6.00000e+00 -3.51724e+00       1.004e+12  9.281222e-02 -1.106325e-02 -9.236691e-01  9.071878e-01
-5.58621e+00 -3.51724e+00       7.073e+11  2.333331e-01 -4.350095e-02 -8.769790e-01  7.666669e-01
-5.17241e+00 -3.51724e+00       4.927e+11  3.724670e-01 -6.994656e-02 -8.080201e-01  6.275330e-01
-4.75862e+00 -3.51724e+00       4.516e+11  5.621244e-01 -2.625656e-02 -6.366551e-01  4.378756e-01
-4.34483e+00 -3.51724e+00       5.567e+11  7.691819e-01  3.021970e-02 -3.963890e-01  2.308181e-01
-3.93103e+00 -3.51724e+00       6.369e+11  8.944466e-01  5.840989e-02 -2.158250e-01  1.055534e-01
-3.51724e+00 -3.51724e+00       5.778e+11  9.498345e-01  8.017302e-02 -1.114821e-01  5.016555e-02
-3.10345e+00 -3.51724e+00       4.621e+11  9.579247e-01  8.010670e-02 -9.107378e-02  4.207532e-02
-2.68966e+00 -3.51724e+00       3.639e+11  9.210567e-01  4.087074e-02 -1.394899e-01  7.894328e-02
-2.27586e+00 -3.51724e+00       2.534e+11  8.386406e-01 -1.075381e-02 -1.648720e-01  1.613594e-01
-1.86207e+00 -3.51724e+00       1.470e+11  7.052191e-01 -1.409786e-01 -5.714718e-02  2.947809e-01
-1.44828e+00 -3.51724e+00       9.017e+10  5.657434e-01 -4.205503e-01  2.033749e-01  4.342566e-01
-1.03448e+00 -3.51724e+00       7.025e+10  4.441353e-01 -6.318550e-01  3.762203e-01  5.558647e-01
-6.20690e-01 -3.51724e+00       6.596e+10  2.489744e-01 -7.194639e-01  3.603240e-01  7.510256e-01
-2.06897e-01 -3.51724e+00       6.695e+10  5.525247e-02 -7.582101e-01  1.769814e-01  9.447475e-01
 2.06897e-01 -3.51724e+00       6.843e+10  3.152883e-02 -7.386549e-01 -1.023370e-01  9.684712e-01
 6.20690e-01 -3.51724e+00       7.651e+10  2.779516e-01 -6.395628e-01 -3.000474e-01  7.220484e-01
 1.03448e+00 -3.51724e+00       1.070e+11  6.285232e-01 -4.810337e-01 -2.940050e-01  3.714768e-01
 1.44828e+00 -3.51724e+00       1.699e+11  8.299421e-01 -3.113465e-01 -1.668918e-01  1.700579e-01
 1.86207e+00 -3.51724e+00       2.427e+11  8.963854e-01 -1.617095e-01 -3.721890e-02  1.036146e-01
 2.27586e+00 -3.51724e+00       2.803e+11  8.990625e-01 -4.704793e-02  2.955490e-02  1.009375e-01
 2.68966e+00 -3.51724e+00       3.179e+11  9.086959e-01  3.699601e-02  2.991128e-02  9.130408e-02
 3.10345e+00 -3.51724e+00       4.707e+11  9.523590e-01  6.102891e-02  5.136738e-02  4.764095e-02
 3.51724e+00 -3.51724e+00       6.819e+11  9.675786e-01  4.717345e-02  1.083805e-01  3.242143e-02
 3.93103e+00 -3.51724e+00       7.355e+11  9.371205e-01  3.304662e-02  1.955221e-01  6.287948e-02
 4.34483e+00 -3.51724e+00       6.179e+11  8.393958e-01  2.853050e-02  3.601729e-01  1.606042e-01
 4.75862e+00 -3.51724e+00       4.930e+11  6.792029e-01  2.606444e-02  5.808834e-01  3.207971e-01
 5.17241e+00 -3.51724e+00       4.647e+11  4.918999e-01  1.003358e-02  7.500369e-01  5.081001e-01
 5.58621e+00 -3.51724e+00       6.242e+11  2.624244e-01  5.164186e-03  8.621689e-01  7.375756e-01
 6.00000e+00 -3.51724e+00       9.824e+11  8.086920e-02  1.023577e-02  9.309079e-01  9.191308e-01
-6.00000e+00 -3.10345e+00       6.883e+11  8.156955e-02 -2.669383e-02 -8.976671e-01  9.184304e-01
-5.58621e+00 -3.10345e+00       4.760e+11  2.405830e-01 -6.393862e-02 -8.481432e-01  7.594170e-01
-5.17241e+00 -3.10345e+00       3.983e+11  4.405386e-01 -4.641328e-02 -7.227487e-01  5.594614e-01
-4.75862e+00 -3.10345e+00       4.741e+11  6.812617e-01  1.607644e-02 -5.073792e-01  3.187383e-01
-4.34483e+00 -3.10345e+00       5.687e+11  8.423145e-01  5.133644e-02 -3.325338e-01  1.576855e-01
-3.93103e+00 -3.10345e+00       5.409e+11  9.186308e-01  7.354395e-02 -2.332169e-01  8.136923e-02
-3.51724e+00 -3.10345e+00       4.338e+11  9.326460e-01  7.892540e-02 -2.143930e-01  6.735403e-02
-3.10345e+00 -3.10345e+00       3.253e+11  8.950967e-01  4.933444e-02 -2.457281e-01  1.049033e-01
-2.68966e+00 -3.10345e+00       2.163e+11  8.345086e-01 -1.177729e-02 -2.113479e-01  1.654914e-01
-2.27586e+00 -3.10345e+00       1.355e+11  7.940747e-01 -1.420469e-01  3.473516e-03  2.059253e-01
-1.86207e+00 -3.10345e+00       1.083e+11  7.868705e-01 -2.564536e-01  2.966396e-01  2.131295e-01
-1.44828e+00 -3.10345e+00       1.166e+11  7.020211e-01 -2.169526e-01  4.850487e-01  2.979789e-01
-1.03448e+00 -3.10345e+00       1.475e+11  4.605866e-01 -1.542175e-01  5.930342e-01  5.394134e-01
-6.20690e-01 -3.10345e+00       1.866e+11  1.201936e-01 -1.543640e-01  5.241556e-01  8.798064e-01
-2.06897e-01 -3.10345e+00       2.113e+11 -1.563887e-01 -1.639311e-01  1.719765e-01  8.436113e-01
 2.06897e-01 -3.10345e+00       2.199e+11 -1.425269e-01 -1.245272e-01 -3.079540e-01  8.574731e-01
 6.20690e-01 -3.10345e+00       2.157e+11  1.689383e-01 -6.691573e-02 -5.636114e-01  8.310617e-01
 1.03448e+00 -3.10345e+00       2.039e+11  5.439824e-01 -6.850337e-02 -5.335219e-01  4.560176e-01
 1.44828e+00 -3.10345e+00       1.944e+11  7.804118e-01 -1.309995e-01 -4.039700e-01  2.195882e-01
 1.86207e+00 -3.10345e+00       1.974e+11  8.767205e-01 -1.790864e-01 -2.250755e-01  1.232795e-01
 2.27586e+00 -3.10345e+00       2.303e+11  9.108284e-01 -1.455921e-01 -1.977532e-03  8.917156e-02
 2.68966e+00 -3.10345e+00       2.719e+11  9.125650e-01 -5.675611e-02  1.298341e-01  8.743499e-02
 3.10345e+00 -3.10345e+00       3.213e+11  9.197574e-01  3.102436e-02  1.600830e-01  8.024263e-02
 3.51724e+00 -3.10345e+00       4.597e+11  9.449823e-01  6.011116e-02  1.803174e-01  5.501767e-02
 3.93103e+00 -3.10345e+00       6.319e+11  9.446260e-01  4.625921e-02  2.283959e-01  5.537400e-02
 4.34483e+00 -3.10345e+00       6.492e+11  8.945644e-01  3.180018e-02  3.146705e-01  1.054356e-01
 4.75862e+00 -3.10345e+00       5.268e+11  7.676510e-01  2.677358e-02  4.770433e-01  2.323490e-01
 5.17241e+00 -3.10345e+00       4.212e+11  5.753416e-01  1.914928e-02  6.746199e-01  4.246584e-01
 5.58621e+00 -3.10345e+00       4.374e+11  3.333489e-01  4.397272e-03  8.150157e-01  6.666511e-01
 6.00000e+00 -3.10345e+00       6.432e+11  8.596876e-02  7.342971e-03  8.977623e-01  9.140312e-01
-6.00000e+00 -2.68966e+00       3.833e+11  9.928166e-02 -1.041823e-01 -7.977893e-01  9.007183e-01
-5.58621e+00 -2.68966e+00       3.143e+11  3.257085e-01 -1.336234e-01 -7.283832e-01  6.742915e-01
-5.17241e+00 -2.68966e+00       3.684e+11  5.733866e-01 -4.643144e-02 -5.838277e-01  4.266134e-01
-4.75862e+00 -2.68966e+00       4.760e+11  7.768686e-01  2.210482e-02 -4.178211e-01  2.231314e-01
-4.34483e+00 -2.68966e+00       5.009e+11  8.829328e-01  5.720060e-02 -3.130730e-01  1.170672e-01
-3.93103e+00 -2.68966e+00       4.174e+11  9.127412e-01  7.584763e-02 -2.808416e-01  8.725875e-02
-3.51724e+00 -2.68966e+00       3.094e+11  8.868530e-01  6.122666e-02 -2.987893e-01  1.131470e-01
-3.10345e+00 -2.68966e+00       2.128e+11  8.495776e-01  8.576280e-03 -2.556220e-01  1.504224e-01
-2.68966e+00 -2.68966e+00       1.746e+11  8.749762e-01 -7.411536e-02 -9.780221e-03  1.250238e-01
-2.27586e+00 -2.68966e+00       2.987e+11  9.162790e-01 -7.220824e-02  2.615142e-01  8.372104e-02
-1.86207e+00 -2.68966e+00       6.693e+11  8.920758e-01 -3.959762e-02  3.896197e-01  1.079242e-01
-1.44828e+00 -2.68966e+00       1.105e+12  8.411517e-01 -2.082900e-02  4.802875e-01  1.588483e-01
-1.03448e+00 -2.68966e+00       1.178e+12  7.619593e-01  9.118634e-03  5.604279e-01  2.380407e-01
-6.20690e-01 -2.68966e+00       8.465e+11  6.279757e-01  7.805805e-02  5.857191e-01  3.720243e-01
-2.06897e-01 -2.68966e+00       5.372e+11  4.498611e-01  1.792691e-01  2.981639e-01  5.501389e-01
 2.06897e-01 -2.68966e+00       5.903e+11  5.122721e-01  1.190250e-01 -3.556071e-01  4.877279e-01
 6.20690e-01 -2.68966e+00       1.038e+12  7.128012e-01 -4.211754e-03 -5.451244e-01  2.871988e-01
 1.03448e+00 -2.68966e+00       1.512e+12  8.220729e-01 -4.802502e-02 -5.007008e-01  1.779271e-01
 1.44828e+00 -2.68966e+00       1.457e+12  8.785461e-01 -5.389148e-02 -4.311062e-01  1.214539e-01
 1.86207e+00 -2.68966e+00       9.198e+11  9.141657e-01 -5.166320e-02 -3.517430e-01  8.583433e-02
 2.27586e+00 -2.68966e+00       4.563e+11  9.390419e-01 -6.648527e-02 -2.177780e-01  6.095807e-02
 2.68966e+00 -2.68966e+00       2.857e+11  9.381232e-01 -8.448928e-02  1.716410e-02  6.187675e-02
 3.10345e+00 -2.68966e+00       2.721e+11  9.175205e-01 -3.303162e-02  1.899962e-01  8.247950e-02
 3.51724e+00 -2.68966e+00       3.253e+11  9.199251e-01  4.038264e-02  2.369241e-01  8.007490e-02
 3.93103e+00 -2.68966e+00       4.626e+11  9.344538e-01  5.771391e-02  2.597990e-01  6.554619e-02
 4.34483e+00 -2.68966e+00       5.744e+11  9.189286e-01  4.070243e-02  3.035888e-01  8.107143e-02
 4.75862e+00 -2.68966e+00       5.241e+11  8.413802e-01  2.291069e-02  3.994543e-01  1.586198e-01
 5.17241e+00 -2.68966e+00       4.015e+11  6.810536e-01  7.083551e-03  5.742872e-01  3.189464e-01
 5.58621e+00 -2.68966e+00       3.357e+11  4.846295e-01 -1.053863e-02  7.327168e-01  5.153705e-01
 6.00000e+00 -2.68966e+00       3.916e+11  2.178649e-01 -3.770382e-03  8.205334e-01  7.821351e-01
-6.00000e+00 -2.27586e+00       3.445e+11  2.382396e-01 -1.585404e-01 -8.072049e-01  7.617604e-01
-5.58621e+00 -2.27586e+00       3.105e+11  4.470459e-01 -1.075660e-01 -6.955014e-01  5.529541e-01
-5.17241e+00 -2.27586e+00       3.735e+11  6.897937e-01 -1.197245e-02 -5.024978e-01  3.102063e-01
-4.75862e+00 -2.27586e+00       4.418e+11  8.422101e-01  3.641526e-02 -3.674279e-01  1.577899e-01
-4.34483e+00 -2.27586e+00       4.080e+11  8.998450e-01  6.421337e-02 -3.120437e-01  1.001550e-01
-3.93103e+00 -2.27586e+00       3.108e+11  8.939240e-01  6.935934e-02 -3.146298e-01  1.060760e-01
-3.51724e+00 -2.27586e+00       2.248e+11  8.688543e-01  3.352129e-02 -2.879865e-01  1.311457e-01
-3.10345e+00 -2.27586e+00       2.396e+11  9.199469e-01 -2.155854e-02 -7.945552e-02  8.005314e-02
-2.68966e+00 -2.27586e+00       5.680e+11  9.784475e-01 -1.384017e-02  8.531549e-02  2.155249e-02
-2.27586e+00 -2.27586e+00       1.305e+12  9.849589e-01  4.672286e-03  1.352665e-01  1.504106e-02
-1.86207e+00 -2.27586e+00       1.859e+12  9.811140e-01  1.755689e-02  1.652315e-01  1.888599e-02
-1.44828e+00 -2.27586e+00       1.537e+12  9.738696e-01  3.248200e-02  1.892765e-01  2.613042e-02
-1.03448e+00 -2.27586e+00       7.614e+11  9.573933e-01  5.648846e-02  2.081050e-01  4.260668e-02
-6.20690e-01 -2.27586e+00       2.809e+11  9.080879e-01  1.095742e-01  2.142480e-01  9.191214e-02
-2.06897e-01 -2.27586e+00       1.442e+11  8.347816e-01  1.781490e-01  1.478636e-01  1.652184e-01
 2.06897e-01 -2.27586e+00       1.472e+11  8.471738e-01  1.213900e-01 -2.660089e-02  1.528262e-01
 6.20690e-01 -2.27586e+00       3.005e+11  9.283496e-01  1.653355e-02 -1.567722e-01  7.165037e-02
 1.03448e+00 -2.27586e+00       8.263e+11  9.694717e-01 -1.292871e-02 -1.735550e-01  3.052826e-02
 1.44828e+00 -2.27586e+00       1.712e+12  9.809917e-01 -2.224413e-02 -1.622597e-01  1.900833e-02
 1.86207e+00 -2.27586e+00       2.166e+12  9.855715e-01 -2.831627e-02 -1.449547e-01  1.442852e-02
 2.27586e+00 -2.27586e+00       1.615e+12  9.878943e-01 -3.255899e-02 -1.209684e-01  1.210567e-02
 2.68966e+00 -2.27586e+00       7.780e+11  9.848260e-01 -4.090222e-02 -6.949842e-02  1.517403e-02
 3.10345e+00 -2.27586e+00       3.605e+11  9.589020e-01 -4.795488e-02  7.461197e-02  4.109800e-02
 3.51724e+00 -2.27586e+00       2.787e+11  9.231976e-01 -8.251965e-04  2.312196e-01  7.680244e-02
 3.93103e+00 -2.27586e+00       3.407e+11  9.243874e-01  5.163712e-02  2.762505e-01  7.561256e-02
 4.34483e+00 -2.27586e+00       4.633e+11  9.268432e-01  4.999594e-02  3.006153e-01  7.315681e-02
 4.75862e+00 -2.27586e+00       4.922e+11  8.897599e-01  3.123561e-02  3.520094e-01  1.102401e-01
 5.17241e+00 -2.27586e+00       3.880e+11  7.725574e-01  1.323827e-02  4.717972e-01  2.274426e-01
 5.58621e+00 -2.27586e+00       2.812e+11  5.543378e-01 -1.110509e-02  6.543562e-01  4.456622e-01
 6.00000e+00 -2.27586e+00       2.717e+11  2.566447e-01 -1.794456e-02  7.872483e-01  7.433553e-01
-6.00000e+00 -1.86207e+00       2.539e+11  2.734434e-01 -3.864123e-03 -8.054760e-01  7.265566e-01
-5.58621e+00 -1.86207e+00       2.630e+11  5.886531e-01 -3.007430e-03 -5.985905e-01  4.113469e-01
-5.17241e+00 -1.86207e+00       3.567e+11  8.013428e-01  2.554117e-02 -4.194558e-01  1.986572e-01
-4.75862e+00 -1.86207e+00       3.941e+11  8.850653e-01  5.323693e-02 -3.348881e-01  1.149347e-01
-4.34483e+00 -1.86207e+00       3.251e+11  9.051547e-01  7.038051e-02 -3.084910e-01  9.484534e-02
-3.93103e+00 -1.86207e+00       2.373e+11  8.906115e-01  5.406159e-02 -3.013523e-01  1.093885e-01
-3.51724e+00 -1.86207e+00       2.432e+11  9.225497e-01  6.321977e-03 -1.724576e-01  7.745035e-02
-3.10345e+00 -1.86207e+00       5.805e+11  9.838438e-01 -1.316200e-03 -3.437442e-02  1.615618e-02
-2.68966e+00 -1.86207e+00       1.407e+12  9.968023e-01  9.293582e-03  4.965188e-04  3.197724e-03
-2.27586e+00 -1.86207e+00       2.063e+12  9.980475e-01  1.643280e-02  1.627775e-02  1.952452e-03
-1.86207e+00 -1.86207e+00       1.716e+12  9.971395e-01  2.429590e-02  2.838136e-02  2.860461e-03
-1.44828e+00 -1.86207e+00       8.890e+11  9.934054e-01  3.650211e-02  3.465524e-02  6.594644e-03
-1.03448e+00 -1.86207e+00       4.038e+11  9.813363e-01  4.712286e-02  2.588174e-02  1.866370e-02
-6.20690e-01 -1.86207e+00       2.506e+11  9.586081e-01  6.044404e-02  2.037614e-02  4.139192e-02
-2.06897e-01 -1.86207e+00       2.117e+11  9.404085e-01  8.996022e-02  2.994038e-02  5.959146e-02
 2.06897e-01 -1.86207e+00       1.957e+11  9.367359e-01  7.444902e-02  3.326976e-02  6.326409e-02
 6.20690e-01 -1.86207e+00       1.963e+11  9.473420e-01  1.087667e-02  3.754277e-02  5.265804e-02
 1.03448e+00 -1.86207e+00       3.137e+11  9.736136e-01 -1.740745e-02  1.455738e-02  2.638638e-02
 1.44828e+00 -1.86207e+00       8.209e+11  9.918493e-01 -1.640840e-02 -1.217805e-02  8.150739e-03
 1.86207e+00 -1.86207e+00       1.775e+12  9.970435e-01 -1.897290e-02 -1.528935e-02  2.956536e-03
 2.27586e+00 -1.86207e+00       2.292e+12  9.982058e-01 -2.217835e-02 -1.015882e-02  1.794211e-03
 2.68966e+00 -1.86207e+00       1.683e+12  9.974591e-01 -2.558048e-02  1.036813e-03  2.540867e-03
 3.10345e+00 -1.86207e+00       7.748e+11  9.900651e-01 -3.119162e-02  3.651243e-02  9.934885e-03
 3.51724e+00 -1.86207e+00       3.440e+11  9.589794e-01 -2.383132e-02  1.484809e-01  4.102064e-02
 3.93103e+00 -1.86207e+00       2.808e+11  9.306123e-01  2.876227e-02  2.571178e-01  6.938771e-02
 4.34483e+00 -1.86207e+00       3.692e+11  9.321460e-01  5.260548e-02  2.880327e-01  6.785398e-02
 4.75862e+00 -1.86207e+00       4.480e+11  9.191183e-01  4.081867e-02  3.184670e-01  8.088165e-02
 5.17241e+00 -1.86207e+00       3.902e+11  8.574582e-01  3.060952e-02  3.869061e-01  1.425418e-01
 5.58621e+00 -1.86207e+00       2.720e+11  6.828265e-01  2.438428e-02  5.413708e-01  3.171735e-01
 6.00000e+00 -1.86207e+00       2.298e+11  3.479643e-01  1.403064e-03  7.475296e-01  6.520357e-01
-6.00000e+00 -1.44828e+00       1.742e+11  5.470474e-01 -1.128762e-01 -5.498851e-01  4.529526e-01
-5.58621e+00 -1.44828e+00       2.546e+11  7.403450e-01  5.062003e-04 -4.425825e-01  2.596550e-01
-5.17241e+00 -1.44828e+00       3.392e+11  8.550336e-01  4.986421e-02 -3.391582e-01  1.449664e-01
-4.75862e+00 -1.44828e+00       3.288e+11  9.114250e-01  6.011803e-02 -2.777843e-01  8.857499e-02
-4.34483e+00 -1.44828e+00       2.544e+11  9.223816e-01  5.369211e-02 -2.678501e-01  7.761841e-02
-3.93103e+00 -1.44828e+00       2.173e+11  9.253413e-01  2.822626e-02 -2.281320e-01  7.465867e-02
-3.51724e+00 -1.44828e+00       4.110e+11  9.742783e-01  5.568078e-03 -1.038183e-01  2.572175e-02
-3.10345e+00 -1.44828e+00       1.116e+12  9.945677e-01  9.378576e-03 -6.144745e-02  5.432334e-03
-2.68966e+00 -1.44828e+00       1.984e+12  9.976873e-01  1.376907e-02 -5.011185e-02  2.312668e-03
-2.27586e+00 -1.44828e+00       1.989e+12  9.980360e-01  1.776127e-02 -4.334550e-02  1.964036e-03
-1.86207e+00 -1.44828e+00       1.249e+12  9.968782e-01  2.652957e-02 -3.952623e-02  3.121774e-03
-1.44828e+00 -1.44828e+00       8.813e+11  9.945081e-01  4.108355e-02 -3.885613e-02  5.491911e-03
-1.03448e+00 -1.44828e+00       1.207e+12  9.955167e-01  3.460459e-02 -3.409672e-02  4.483338e-03
-6.20690e-01 -1.44828e+00       1.734e+12  9.972364e-01  1.591545e-02 -2.014249e-02  2.763587e-03
-2.06897e-01 -1.44828e+00       1.975e+12  9.977952e-01  7.373154e-04  5.647734e-03  2.204773e-03
 2.06897e-01 -1.44828e+00       1.837e+12  9.969998e-01 -2.841233e-03  3.898378e-02  3.000229e-03
 6.20690e-01 -1.44828e+00       1.398e+12  9.949342e-01  5.361050e-03  6.805542e-02  5.065826e-03
 1.03448e+00 -1.44828e+00       8.462e+11  9.915186e-01  1.489798e-02  8.414141e-02  8.481410e-03
 1.44828e+00 -1.44828e+00       6.078e+11  9.899331e-01  4.454959e-03  7.194980e-02  1.006685e-02
 1.86207e+00 -1.44828e+00       1.091e+12  9.952421e-01 -1.190634e-02  4.813251e-02  4.757904e-03
 2.27586e+00 -1.44828e+00       2.010e+12  9.976086e-01 -1.577042e-02  4.413280e-02  2.391356e-03
 2.68966e+00 -1.44828e+00       2.182e+12  9.978976e-01 -1.805511e-02  4.628098e-02  2.102380e-03
 3.10345e+00 -1.44828e+00       1.342e+12  9.961638e-01 -2.071449e-02  5.543370e-02  3.836157e-03
 3.51724e+00 -1.44828e+00       5.559e+11  9.854331e-01 -2.152892e-02  9.531274e-02  1.456691e-02
 3.93103e+00 -1.44828e+00       2.826e+11  9.578066e-01  4.772604e-03  1.915439e-01  4.219337e-02
 4.34483e+00 -1.44828e+00       2.948e+11  9.471151e-01  4.054384e-02  2.474537e-01  5.288487e-02
 4.75862e+00 -1.44828e+00       3.896e+11  9.380492e-01  3.916659e-02  2.797867e-01  6.195082e-02
 5.17241e+00 -1.44828e+00       4.027e+11  9.001787e-01  2.668366e-02  3.420317e-01  9.982129e-02
 5.58621e+00 -1.44828e+00       3.119e+11  8.208625e-01  1.755791e-02  4.519132e-01  1.791375e-01
 6.00000e+00 -1.44828e+00       2.221e+11  6.910254e-01  1.075049e-02  5.686358e-01  3.089746e-01
-6.00000e+00 -1.03448e+00       1.416e+11  6.852559e-01  1.004584e-02 -5.086716e-01  3.147441e-01
-5.58621e+00 -1.03448e+00       2.233e+11  8.729152e-01 -2.491271e-03 -3.232470e-01  1.270848e-01
-5.17241e+00 -1.03448e+00       3.058e+11  9.373316e-01  9.919719e-03 -2.469392e-01  6.266837e-02
-4.75862e+00 -1.03448e+00       2.945e+11  9.546941e-01  3.017050e-02 -2.233992e-01  4.530586e-02
-4.34483e+00 -1.03448e+00       2.260e+11  9.512763e-01  3.890552e-02 -2.167715e-01  4.872370e-02
-3.93103e+00 -1.03448e+00       2.508e+11  9.647771e-01  1.520183e-02 -1.512311e-01  3.522293e-02
-3.51724e+00 -1.03448e+00       6.532e+11  9.905727e-01  6.597753e-03 -8.484176e-02  9.427297e-03
-3.10345e+00 -1.03448e+00       1.543e+12  9.964195e-01  9.892676e-03 -7.020739e-02  3.580529e-03
-2.68966e+00 -1.03448e+00       2.122e+12  9.973354e-01  1.227280e-02 -6.536502e-02  2.664627e-03
-2.27586e+00 -1.03448e+00       1.714e+12  9.971488e-01  1.564581e-02 -6.379320e-02  2.851154e-03
-1.86207e+00 -1.03448e+00       1.172e+12  9.960603e-01  2.022762e-02 -6.703325e-02  3.939659e-03
-1.44828e+00 -1.03448e+00       1.216e+12  9.956006e-01  1.429252e-02 -6.987955e-02  4.399396e-03
-1.03448e+00 -1.03448e+00       1.426e+12  9.959874e-01  4.836987e-03 -6.421296e-02  4.012624e-03
-6.20690e-01 -1.03448e+00       1.516e+12  9.966422e-01  6.133957e-03 -4.796630e-02  3.357816e-03
-2.06897e-01 -1.03448e+00       1.622e+12  9.974287e-01  1.321779e-02 -2.680564e-02  2.571253e-03
 2.06897e-01 -1.03448e+00       1.560e+12  9.974133e-01  1.095402e-02 -2.188801e-03  2.586736e-03
 6.20690e-01 -1.03448e+00       1.283e+12  9.958457e-01 -3.096594e-04  3.852013e-02  4.154254e-03
 1.03448e+00 -1.03448e+00       9.993e+11  9.933667e-01 -7.557349e-03  8.300275e-02  6.633328e-03
 1.44828e+00 -1.03448e+00       7.413e+11  9.917976e-01 -5.974899e-03  9.884194e-02  8.202387e-03
 1.86207e+00 -1.03448e+00       8.178e+11  9.940938e-01 -7.496094e-03  7.457061e-02  5.906178e-03
 2.27586e+00 -1.03448e+00       1.556e+12  9.970225e-01 -1.106299e-02  5.786072e-02  2.977460e-03
 2.68966e+00 -1.03448e+00       2.194e+12  9.978075e-01 -1.296588e-02  5.580744e-02  2.192488e-03
 3.10345e+00 -1.03448e+00       1.746e+12  9.975248e-01 -1.463500e-02  5.824307e-02  2.475225e-03
 3.51724e+00 -1.03448e+00       8.253e+11  9.944932e-01 -1.576679e-02  7.205457e-02  5.506837e-03
 3.93103e+00 -1.03448e+00       3.422e+11  9.817647e-01 -3.970023e-03  1.248534e-01  1.823525e-02
 4.34483e+00 -1.03448e+00       2.696e+11  9.705135e-01  2.770564e-02  1.810606e-01  2.948652e-02
 4.75862e+00 -1.03448e+00       3.295e+11  9.697906e-01  2.952281e-02  1.977734e-01  3.020943e-02
 5.17241e+00 -1.03448e+00       3.355e+11  9.582130e-01  2.030556e-02  2.217240e-01  4.178704e-02
 5.58621e+00 -1.03448e+00       2.441e+11  9.110171e-01  1.766802e-02  2.890350e-01  8.898293e-02
 6.00000e+00 -1.03448e+00       1.571e+11  7.697117e-01  5.797638e-03  4.566009e-01  2.302883e-01
-6.00000e+00 -6.20690e-01       1.575e+11  8.623306e-01 -4.271051e-02 -3.633349e-01  1.376694e-01
-5.58621e+00 -6.20690e-01       2.234e+11  9.388111e-01  3.120655e-03 -2.150891e-01  6.118887e-02
-5.17241e+00 -6.20690e-01       2.734e+11  9.712601e-01  1.368053e-02 -1.495431e-01  2.873991e-02
-4.75862e+00 -6.20690e-01       2.474e+11  9.805243e-01  1.330852e-02 -1.366921e-01  1.947574e-02
-4.34483e+00 -6.20690e-01       2.030e+11  9.796016e-01  1.200583e-02 -1.361012e-01  2.039844e-02
-3.93103e+00 -6.20690e-01       3.059e+11  9.885498e-01  4.707393e-03 -8.937450e-02  1.145021e-02
-3.51724e+00 -6.20690e-01       8.619e+11  9.965195e-01  5.189007e-03 -6.137746e-02  3.480455e-03
-3.10345e+00 -6.20690e-01       1.776e+12  9.980474e-01  7.223133e-03 -5.583117e-02  1.952613e-03
-2.68966e+00 -6.20690e-01       2.084e+12  9.982049e-01  8.422083e-03 -5.468741e-02  1.795102e-03
-2.27586e+00 -6.20690e-01       1.564e+12  9.978494e-01  9.691994e-03 -5.684503e-02  2.150591e-03
-1.86207e+00 -6.20690e-01       1.319e+12  9.974735e-01  8.080753e-03 -5.912371e-02  2.526471e-03
-1.44828e+00 -6.20690e-01       2.095e+12  9.981643e-01  3.743238e-03 -4.898748e-02  1.835726e-03
-1.03448e+00 -6.20690e-01       4.760e+12  9.990537e-01  2.182119e-03 -3.347060e-02  9.463373e-04
-6.20690e-01 -6.20690e-01       9.995e+12  9.995204e-01  4.791847e-04 -2.216421e-02  4.796497e-04
-2.06897e-01 -6.20690e-01       1.491e+13  9.997355e-01 -1.486215e-03 -1.317772e-02  2.645040e-04
 2.06897e-01 -6.20690e-01       1.474e+13  9.998232e-01 -3.001175e-03 -4.779975e-03  1.767643e-04
 6.20690e-01 -6.20690e-01       9.597e+12  9.997648e-01 -4.112106e-03  3.850001e-03  2.351719e-04
 1.03448e+00 -6.20690e-01       4.262e+12  9.993172e-01 -5.401614e-03  1.651468e-02  6.828333e-04
 1.44828e+00 -6.20690e-01       1.548e+12  9.979070e-01 -6.898849e-03  4.091289e-02  2.093000e-03
 1.86207e+00 -6.20690e-01       8.433e+11  9.967456e-01 -6.776536e-03  5.744397e-02  3.254426e-03
 2.27586e+00 -6.20690e-01       1.276e+12  9.981394e-01 -7.228657e-03  4.451225e-02  1.860637e-03
 2.68966e+00 -6.20690e-01       2.043e+12  9.988340e-01 -8.189034e-03  4.009297e-02  1.166001e-03
 3.10345e+00 -6.20690e-01       1.929e+12  9.989030e-01 -8.899079e-03  4.034391e-02  1.097004e-03
 3.51724e+00 -6.20690e-01       1.040e+12  9.982302e-01 -9.013029e-03  4.525437e-02  1.769833e-03
 3.93103e+00 -6.20690e-01       4.112e+11  9.947870e-01 -4.174075e-03  6.709426e-02  5.212959e-03
 4.34483e+00 -6.20690e-01       2.485e+11  9.896388e-01  1.187029e-02  1.020078e-01  1.036116e-02
 4.75862e+00 -6.20690e-01       2.873e+11  9.886217e-01  1.750679e-02  1.161004e-01  1.137827e-02
 5.17241e+00 -6.20690e-01       3.207e+11  9.836423e-01  1.450903e-02  1.340356e-01  1.635766e-02
 5.58621e+00 -6.20690e-01       2.475e+11  9.645340e-01  5.851613e-03  1.817892e-01  3.546603e-02
 6.00000e+00 -6.20690e-01       1.464e+11  9.062802e-01 -1.589342e-02  2.913957e-01  9.371979e-02
-6.00000e+00 -2.06897e-01       1.540e+11  9.802491e-01 -2.481328e-02 -1.359091e-01  1.975087e-02
-5.58621e+00 -2.06897e-01       2.285e+11  9.906198e-01  1.296927e-03 -8.544147e-02  9.380157e-03
-5.17241e+00 -2.06897e-01       2.707e+11  9.951629e-01  6.396739e-03 -6.081424e-02  4.837075e-03
-4.75862e+00 -2.06897e-01       2.312e+11  9.965365e-01  2.745858e-03 -5.449630e-02  3.463532e-03
-4.34483e+00 -2.06897e-01       1.920e+11  9.964250e-01 -2.152509e-03 -5.338438e-02  3.575003e-03
-3.93103e+00 -2.06897e-01       3.422e+11  9.981053e-01 -1.264186e-03 -3.671402e-02  1.894683e-03
-3.51724e+00 -2.06897e-01       9.763e+11  9.992604e-01  1.960406e-03 -2.866089e-02  7.396425e-04
-3.10345e+00 -2.06897e-01       1.872e+12  9.994689e-01  3.237223e-03 -2.734444e-02  5.310907e-04
-2.68966e+00 -2.06897e-01       2.045e+12  9.994053e-01  3.398096e-03 -2.853412e-02  5.947181e-04
-2.27586e+00 -2.06897e-01       1.541e+12  9.992106e-01  1.931586e-03 -3.207666e-02  7.894165e-04
-1.86207e+00 -2.06897e-01       1.635e+12  9.993169e-01 -2.494711e-03 -3.075102e-02  6.831251e-04
-1.44828e+00 -2.06897e-01       3.691e+12  9.996549e-01 -4.595889e-03 -2.262075e-02  3.450519e-04
-1.03448e+00 -2.06897e-01       9.936e+12  9.997996e-01 -4.950692e-03 -1.697526e-02  2.004444e-04
-6.20690e-01 -2.06897e-01       2.069e+13  9.998650e-01 -5.309357e-03 -1.298781e-02  1.349568e-04
-2.06897e-01 -2.06897e-01       2.978e+13  9.999086e-01 -5.596024e-03 -9.358565e-03  9.141793e-05
 2.06897e-01 -2.06897e-01       2.947e+13  9.999365e-01 -5.741488e-03 -6.012499e-03  6.347299e-05
 6.20690e-01 -2.06897e-01       1.999e+13  9.999442e-01 -5.812293e-03 -3.096272e-03  5.577824e-05
 1.03448e+00 -2.06897e-01       9.213e+12  9.999082e-01 -5.945388e-03  6.282473e-05  9.184272e-05
 1.44828e+00 -2.06897e-01       3.043e+12  9.997374e-01 -6.111189e-03  6.553404e-03  2.626374e-04
 1.86207e+00 -2.06897e-01       1.089e+12  9.993689e-01 -5.027536e-03  1.684148e-02  6.311286e-04
 2.27586e+00 -2.06897e-01       1.181e+12  9.995541e-01 -3.638195e-03  1.214089e-02  4.458683e-04
 2.68966e+00 -2.06897e-01       1.939e+12  9.998113e-01 -3.854979e-03  8.464972e-03  1.886880e-04
 3.10345e+00 -2.06897e-01       1.988e+12  9.998792e-01 -3.842667e-03  8.238851e-03  1.207932e-04
 3.51724e+00 -2.06897e-01       1.151e+12  9.998251e-01 -3.179453e-03  9.491148e-03  1.749096e-04
 3.93103e+00 -2.06897e-01       4.571e+11  9.994698e-01 -7.029567e-04  1.427767e-02  5.301818e-04
 4.34483e+00 -2.06897e-01       2.485e+11  9.987962e-01  4.000643e-03  2.175094e-02  1.203770e-03
 4.75862e+00 -2.06897e-01       2.843e+11  9.986287e-01  5.911130e-03  2.681367e-02  1.371254e-03
 5.17241e+00 -2.06897e-01       3.316e+11  9.981940e-01  5.170819e-03  3.520948e-02  1.805989e-03
 5.58621e+00 -2.06897e-01       2.682e+11  9.964896e-01  2.027882e-03  5.050804e-02  3.510427e-03
 6.00000e+00 -2.06897e-01       1.642e+11  9.915605e-01 -4.369340e-03  7.497861e-02  8.439496e-03
-6.00000e+00  2.06897e-01       1.532e+11  9.875266e-01  4.359095e-03  8.526898e-02  1.247342e-02
-5.58621e+00  2.06897e-01       2.281e+11  9.939833e-01 -1.296731e-02  5.558976e-02  6.016726e-03
-5.17241e+00  2.06897e-01       2.701e+11  9.967514e-01 -1.788639e-02  3.921323e-02  3.248600e-03
-4.75862e+00  2.06897e-01       2.304e+11  9.977046e-01 -1.961957e-02  3.321282e-02  2.295427e-03
-4.34483e+00  2.06897e-01       1.909e+11  9.980994e-01 -1.789287e-02  3.039553e-02  1.900647e-03
-3.93103e+00  2.06897e-01       3.420e+11  9.992161e-01 -7.612743e-03  1.469179e-02  7.839283e-04
-3.51724e+00  2.06897e-01       9.793e+11  9.997511e-01 -2.453912e-03  8.206066e-03  2.489153e-04
-3.10345e+00  2.06897e-01       1.880e+12  9.998277e-01 -1.505828e-03  6.477409e-03  1.722885e-04
-2.68966e+00  2.06897e-01       2.060e+12  9.997864e-01 -2.184636e-03  3.769078e-03  2.135977e-04
-2.27586e+00  2.06897e-01       1.562e+12  9.996850e-01 -5.748850e-03 -1.534672e-04  3.150133e-04
-1.86207e+00  2.06897e-01       1.662e+12  9.997098e-01 -1.105480e-02  6.551457e-04  2.901855e-04
-1.44828e+00  2.06897e-01       3.715e+12  9.998452e-01 -1.098032e-02  1.267076e-03  1.548426e-04
-1.03448e+00  2.06897e-01       9.945e+12  9.999092e-01 -9.119473e-03 -1.086362e-03  9.081358e-05
-6.20690e-01  2.06897e-01       2.069e+13  9.999312e-01 -7.354369e-03 -3.554647e-03  6.878975e-05
-2.06897e-01  2.06897e-01       2.978e+13  9.999289e-01 -5.921528e-03 -6.429554e-03  7.105218e-05
 2.06897e-01  2.06897e-01       2.946e+13  9.999044e-01 -4.924784e-03 -9.832323e-03  9.563125e-05
 6.20690e-01  2.06897e-01       1.998e+13  9.998583e-01 -4.345842e-03 -1.349056e-02  1.416548e-04
 1.03448e+00  2.06897e-01       9.207e+12  9.997943e-01 -4.046803e-03 -1.698528e-02  2.057326e-04
 1.44828e+00  2.06897e-01       3.056e+12  9.997183e-01 -3.541129e-03 -1.958392e-02  2.817297e-04
 1.86207e+00  2.06897e-01       1.103e+12  9.995829e-01 -1.462065e-03 -2.184829e-02  4.171170e-04
 2.27586e+00  2.06897e-01       1.186e+12  9.994544e-01  1.504880e-04 -2.696677e-02  5.455990e-04
 2.68966e+00  2.06897e-01       1.938e+12  9.994983e-01  3.876817e-04 -2.840026e-02  5.017051e-04
 3.10345e+00  2.06897e-01       1.986e+12  9.995175e-01  1.193207e-03 -2.857940e-02  4.825436e-04
 3.51724e+00  2.06897e-01       1.150e+12  9.993813e-01  2.826951e-03 -2.993286e-02  6.186982e-04
 3.93103e+00  2.06897e-01       4.576e+11  9.985550e-01  4.371975e-03 -3.858588e-02  1.444954e-03
 4.34483e+00  2.06897e-01       2.497e+11  9.967683e-01 -2.927343e-03 -6.063474e-02  3.231683e-03
 4.75862e+00  2.06897e-01       2.859e+11  9.962245e-01 -9.795408e-03 -7.084120e-02  3.775503e-03
 5.17241e+00  2.06897e-01       3.335e+11  9.952597e-01 -7.746747e-03 -7.650755e-02  4.740299e-03
 5.58621e+00  2.06897e-01       2.700e+11  9.914889e-01 -3.513784e-03 -9.627351e-02  8.511139e-03
 6.00000e+00  2.06897e-01       1.659e+11  9.821942e-01  3.457159e-04 -1.384514e-01  1.780577e-02
-6.00000e+00  6.20690e-01       1.548e+11  8.857771e-01  1.615494e-02  3.178433e-01  1.142229e-01
-5.58621e+00  6.20690e-01       2.218e+11  9.487900e-01 -2.060436e-02  1.855836e-01  5.121001e-02
-5.17241e+00  6.20690e-01       2.720e+11  9.751838e-01 -2.599150e-02  1.278392e-01  2.481615e-02
-4.75862e+00  6.20690e-01       2.454e+11  9.830688e-01 -2.761029e-02  1.170526e-01  1.693121e-02
-4.34483e+00  6.20690e-01       2.002e+11  9.835634e-01 -3.006949e-02  1.162977e-01  1.643661e-02
-3.93103e+00  6.20690e-01       3.046e+11  9.918581e-01 -1.530476e-02  6.852779e-02  8.141885e-03
-3.51724e+00  6.20690e-01       8.685e+11  9.979346e-01 -6.721686e-03  4.166900e-02  2.065433e-03
-3.10345e+00  6.20690e-01       1.798e+12  9.989784e-01 -5.989750e-03  3.619209e-02  1.021574e-03
-2.68966e+00  6.20690e-01       2.123e+12  9.991234e-01 -7.289202e-03  3.227966e-02  8.765916e-04
-2.27586e+00  6.20690e-01       1.624e+12  9.989646e-01 -1.204294e-02  2.814984e-02  1.035364e-03
-1.86207e+00  6.20690e-01       1.402e+12  9.985311e-01 -1.879530e-02  2.983863e-02  1.468853e-03
-1.44828e+00  6.20690e-01       2.181e+12  9.986756e-01 -1.850966e-02  2.708097e-02  1.324435e-03
-1.03448e+00  6.20690e-01       4.799e+12  9.992801e-01 -1.658003e-02  1.333985e-02  7.198925e-04
-6.20690e-01  6.20690e-01       9.962e+12  9.996327e-01 -1.394306e-02  2.508484e-03  3.673163e-04
-2.06897e-01  6.20690e-01       1.482e+13  9.997302e-01 -1.101053e-02 -5.929311e-03  2.698460e-04
 2.06897e-01  6.20690e-01       1.463e+13  9.996796e-01 -8.741910e-03 -1.437018e-02  3.204280e-04
 6.20690e-01  6.20690e-01       9.521e+12  9.995053e-01 -7.203221e-03 -2.331196e-02  4.946710e-04
 1.03448e+00  6.20690e-01       4.266e+12  9.991429e-01 -5.440091e-03 -3.385391e-02  8.571262e-04
 1.44828e+00  6.20690e-01       1.606e+12  9.984217e-01 -1.649144e-03 -4.796959e-02  1.578347e-03
 1.86207e+00  6.20690e-01       8.875e+11  9.976258e-01  2.970213e-03 -5.998234e-02  2.374229e-03
 2.27586e+00  6.20690e-01       1.290e+12  9.977701e-01  3.672230e-03 -6.050578e-02  2.229885e-03
 2.68966e+00  6.20690e-01       2.043e+12  9.980104e-01  4.273169e-03 -5.934870e-02  1.989630e-03
 3.10345e+00  6.20690e-01       1.927e+12  9.979637e-01  5.882882e-03 -5.972835e-02  2.036287e-03
 3.51724e+00  6.20690e-01       1.040e+12  9.969902e-01  8.356799e-03 -6.501674e-02  3.009819e-03
 3.93103e+00  6.20690e-01       4.143e+11  9.919324e-01  6.907465e-03 -9.198035e-02  8.067606e-03
 4.34483e+00  6.20690e-01       2.517e+11  9.836804e-01 -1.397621e-02 -1.406494e-01  1.631962e-02
 4.75862e+00  6.20690e-01       2.906e+11  9.815717e-01 -2.338454e-02 -1.592755e-01  1.842829e-02
 5.17241e+00  6.20690e-01       3.253e+11  9.750434e-01 -1.616256e-02 -1.753690e-01  2.495656e-02
 5.58621e+00  6.20690e-01       2.523e+11  9.501850e-01 -3.943461e-03 -2.253565e-01  4.981497e-02
 6.00000e+00  6.20690e-01       1.507e+11  8.790389e-01  1.527231e-02 -3.456852e-01  1.209611e-01
-6.00000e+00  1.03448e+00       1.389e+11  7.034082e-01 -3.913916e-02  4.814047e-01  2.965918e-01
-5.58621e+00  1.03448e+00       2.211e+11  8.777571e-01 -1.214882e-02  3.029861e-01  1.222429e-01
-5.17241e+00  1.03448e+00       3.028e+11  9.389796e-01 -1.576937e-02  2.326824e-01  6.102044e-02
-4.75862e+00  1.03448e+00       2.899e+11  9.564141e-01 -3.870763e-02  2.112210e-01  4.358595e-02
-4.34483e+00  1.03448e+00       2.203e+11  9.553993e-01 -5.492013e-02  2.025529e-01  4.460068e-02
-3.93103e+00  1.03448e+00       2.472e+11  9.702269e-01 -2.993704e-02  1.318150e-01  2.977306e-02
-3.51724e+00  1.03448e+00       6.609e+11  9.929519e-01 -1.131660e-02  6.569269e-02  7.048133e-03
-3.10345e+00  1.03448e+00       1.575e+12  9.976336e-01 -1.051685e-02  5.194431e-02  2.366417e-03
-2.68966e+00  1.03448e+00       2.184e+12  9.983283e-01 -1.220865e-02  4.602674e-02  1.671714e-03
-2.27586e+00  1.03448e+00       1.806e+12  9.981965e-01 -1.704791e-02  4.075884e-02  1.803509e-03
-1.86207e+00  1.03448e+00       1.305e+12  9.971342e-01 -2.611429e-02  4.277630e-02  2.865843e-03
-1.44828e+00  1.03448e+00       1.400e+12  9.961323e-01 -2.408881e-02  5.501430e-02  3.867724e-03
-1.03448e+00  1.03448e+00       1.612e+12  9.959109e-01 -1.444733e-02  5.455138e-02  4.089133e-03
-6.20690e-01  1.03448e+00       1.608e+12  9.960579e-01 -1.516376e-02  3.215255e-02  3.942083e-03
-2.06897e-01  1.03448e+00       1.603e+12  9.966224e-01 -2.498062e-02 -5.965757e-04  3.377558e-03
 2.06897e-01  1.03448e+00       1.536e+12  9.969449e-01 -2.330984e-02 -2.603718e-02  3.055133e-03
 6.20690e-01  1.03448e+00       1.366e+12  9.965538e-01 -7.797164e-03 -5.078350e-02  3.446159e-03
 1.03448e+00  1.03448e+00       1.166e+12  9.956782e-01  4.041642e-03 -7.312226e-02  4.321798e-03
 1.44828e+00  1.03448e+00       8.773e+11  9.947312e-01  5.841424e-03 -8.499594e-02  5.268769e-03
 1.86207e+00  1.03448e+00       8.767e+11  9.950719e-01  5.608111e-03 -8.185365e-02  4.928118e-03
 2.27586e+00  1.03448e+00       1.570e+12  9.964232e-01  6.340726e-03 -7.455316e-02  3.576799e-03
 2.68966e+00  1.03448e+00       2.192e+12  9.968639e-01  8.127786e-03 -7.292475e-02  3.136118e-03
 3.10345e+00  1.03448e+00       1.742e+12  9.964217e-01  1.079352e-02 -7.514805e-02  3.578291e-03
 3.51724e+00  1.03448e+00       8.270e+11  9.926352e-01  1.415520e-02 -9.007869e-02  7.364758e-03
 3.93103e+00  1.03448e+00       3.472e+11  9.767277e-01  4.556494e-03 -1.507881e-01  2.327227e-02
 4.34483e+00  1.03448e+00       2.744e+11  9.619500e-01 -3.353877e-02 -2.167909e-01  3.805001e-02
 4.75862e+00  1.03448e+00       3.338e+11  9.596427e-01 -4.121178e-02 -2.336381e-01  4.035735e-02
 5.17241e+00  1.03448e+00       3.405e+11  9.441561e-01 -3.255349e-02 -2.579852e-01  5.584385e-02
 5.58621e+00  1.03448e+00       2.489e+11  8.870307e-01 -3.444416e-02 -3.295680e-01  1.129693e-01
 6.00000e+00  1.03448e+00       1.612e+11  7.283582e-01 -3.512924e-02 -5.013144e-01  2.716418e-01
-6.00000e+00  1.44828e+00       1.701e+11  5.554622e-01  9.493856e-02  5.294225e-01  4.445378e-01
-5.58621e+00  1.44828e+00       2.544e+11  7.487277e-01 -1.404813e-02  4.300178e-01  2.512723e-01
-5.17241e+00  1.44828e+00       3.390e+11  8.599310e-01 -5.783790e-02  3.303828e-01  1.400690e-01
-4.75862e+00  1.44828e+00       3.253e+11  9.137259e-01 -6.881247e-02  2.683189e-01  8.627409e-02
-4.34483e+00  1.44828e+00       2.477e+11  9.247165e-01 -6.666370e-02  2.574772e-01  7.528347e-02
-3.93103e+00  1.44828e+00       2.107e+11  9.296875e-01 -4.452386e-02  2.164546e-01  7.031250e-02
-3.51724e+00  1.44828e+00       4.133e+11  9.775354e-01 -1.449981e-02  8.797863e-02  2.246457e-02
-3.10345e+00  1.44828e+00       1.143e+12  9.956694e-01 -1.190369e-02  4.609562e-02  4.330626e-03
-2.68966e+00  1.44828e+00       2.049e+12  9.982327e-01 -1.480096e-02  3.480526e-02  1.767311e-03
-2.27586e+00  1.44828e+00       2.092e+12  9.983707e-01 -1.966311e-02  2.696247e-02  1.629339e-03
-1.86207e+00  1.44828e+00       1.393e+12  9.971398e-01 -3.049067e-02  2.210339e-02  2.860171e-03
-1.44828e+00  1.44828e+00       1.088e+12  9.949467e-01 -4.524676e-02  2.902002e-02  5.053277e-03
-1.03448e+00  1.44828e+00       1.530e+12  9.956076e-01 -3.874319e-02  3.754525e-02  4.392388e-03
-6.20690e-01  1.44828e+00       2.206e+12  9.971833e-01 -1.987810e-02  3.212488e-02  2.816746e-03
-2.06897e-01  1.44828e+00       2.547e+12  9.980977e-01 -3.554627e-03  1.286903e-02  1.902272e-03
 2.06897e-01  1.44828e+00       2.404e+12  9.980365e-01  2.185941e-03 -1.591773e-02  1.963484e-03
 6.20690e-01  1.44828e+00       1.841e+12  9.968664e-01 -2.717702e-03 -4.456323e-02  3.133570e-03
 1.03448e+00  1.44828e+00       1.099e+12  9.944525e-01 -9.512278e-03 -6.714065e-02  5.547457e-03
 1.44828e+00  1.44828e+00       7.115e+11  9.924010e-01 -3.874394e-03 -7.623984e-02  7.598987e-03
 1.86207e+00  1.44828e+00       1.121e+12  9.954409e-01  6.340197e-03 -6.332104e-02  4.559087e-03
 2.27586e+00  1.44828e+00       2.009e+12  9.971937e-01  9.699804e-03 -5.828081e-02  2.806315e-03
 2.68966e+00  1.44828e+00       2.170e+12  9.973006e-01  1.277042e-02 -5.994357e-02  2.699375e-03
 3.10345e+00  1.44828e+00       1.335e+12  9.952271e-01  1.675827e-02 -6.954452e-02  4.772935e-03
 3.51724e+00  1.44828e+00       5.591e+11  9.827196e-01  1.972877e-02 -1.132019e-01  1.728039e-02
 3.93103e+00  1.44828e+00       2.900e+11  9.509339e-01 -5.576209e-03 -2.195004e-01  4.906609e-02
 4.34483e+00  1.44828e+00       3.028e+11  9.376588e-01 -4.441707e-02 -2.811341e-01  6.234120e-02
 4.75862e+00  1.44828e+00       3.997e+11  9.270528e-01 -4.561069e-02 -3.113381e-01  7.294719e-02
 5.17241e+00  1.44828e+00       4.123e+11  8.844874e-01 -3.600680e-02 -3.723140e-01  1.155126e-01
 5.58621e+00  1.44828e+00       3.201e+11  7.958893e-01 -3.232322e-02 -4.862725e-01  2.041107e-01
 6.00000e+00  1.44828e+00       2.309e+11  6.622788e-01 -2.869446e-02 -6.040340e-01  3.377212e-01
-6.00000e+00  1.86207e+00       2.454e+11  2.994743e-01 -1.996345e-03  7.898983e-01  7.005257e-01
-5.58621e+00  1.86207e+00       2.594e+11  6.035442e-01 -5.464601e-03  5.799063e-01  3.964558e-01
-5.17241e+00  1.86207e+00       3.558e+11  8.057995e-01 -2.609927e-02  4.075456e-01  1.942005e-01
-4.75862e+00  1.86207e+00       3.913e+11  8.865690e-01 -5.139714e-02  3.275658e-01  1.134310e-01
-4.34483e+00  1.86207e+00       3.188e+11  9.064396e-01 -7.379439e-02  3.022503e-01  9.356044e-02
-3.93103e+00  1.86207e+00       2.289e+11  8.931606e-01 -6.749835e-02  2.949898e-01  1.068394e-01
-3.51724e+00  1.86207e+00       2.387e+11  9.268774e-01 -2.523898e-02  1.604429e-01  7.312263e-02
-3.10345e+00  1.86207e+00       5.952e+11  9.853362e-01 -9.548546e-03  2.093552e-02  1.466379e-02
-2.68966e+00  1.86207e+00       1.462e+12  9.967444e-01 -1.517120e-02 -1.307591e-02  3.255586e-03
-2.27586e+00  1.86207e+00       2.165e+12  9.975805e-01 -2.154179e-02 -2.853877e-02  2.419513e-03
-1.86207e+00  1.86207e+00       1.859e+12  9.964813e-01 -3.080174e-02 -3.939006e-02  3.518713e-03
-1.44828e+00  1.86207e+00       1.078e+12  9.933131e-01 -4.334870e-02 -3.824783e-02  6.686892e-03
-1.03448e+00  1.86207e+00       6.039e+11  9.859562e-01 -4.453915e-02 -1.889974e-02  1.404378e-02
-6.20690e-01  1.86207e+00       4.111e+11  9.729613e-01 -4.065071e-02 -2.083769e-02  2.703872e-02
-2.06897e-01  1.86207e+00       3.306e+11  9.598533e-01 -5.578636e-02 -5.196595e-02  4.014674e-02
 2.06897e-01  1.86207e+00       2.972e+11  9.564873e-01 -4.346755e-02 -7.251579e-02  4.351271e-02
 6.20690e-01  1.86207e+00       2.968e+11  9.642407e-01  9.176794e-04 -8.144356e-02  3.575925e-02
 1.03448e+00  1.86207e+00       3.980e+11  9.794700e-01  1.100606e-02 -5.797853e-02  2.053003e-02
 1.44828e+00  1.86207e+00       8.585e+11  9.927021e-01  5.012840e-03 -1.019993e-02  7.297916e-03
 1.86207e+00  1.86207e+00       1.767e+12  9.973757e-01  9.514162e-03  4.628853e-03  2.624275e-03
 2.27586e+00  1.86207e+00       2.259e+12  9.984281e-01  1.440782e-02  2.049864e-03  1.571902e-03
 2.68966e+00  1.86207e+00       1.655e+12  9.975217e-01  1.868868e-02 -9.134809e-03  2.478275e-03
 3.10345e+00  1.86207e+00       7.685e+11  9.891398e-01  2.462225e-02 -4.709204e-02  1.086022e-02
 3.51724e+00  1.86207e+00       3.514e+11  9.548165e-01  1.708446e-02 -1.678533e-01  4.518350e-02
 3.93103e+00  1.86207e+00       2.908e+11  9.236851e-01 -3.376832e-02 -2.835669e-01  7.631487e-02
 4.34483e+00  1.86207e+00       3.777e+11  9.233430e-01 -5.929976e-02 -3.146902e-01  7.665701e-02
 4.75862e+00  1.86207e+00       4.552e+11  9.076100e-01 -4.978693e-02 -3.434672e-01  9.239002e-02
 5.17241e+00  1.86207e+00       3.948e+11  8.394101e-01 -4.237580e-02 -4.125240e-01  1.605899e-01
 5.58621e+00  1.86207e+00       2.750e+11  6.552073e-01 -4.053147e-02 -5.668114e-01  3.447927e-01
 6.00000e+00  1.86207e+00       2.333e+11  3.185771e-01 -1.862270e-02 -7.634009e-01  6.814229e-01
-6.00000e+00  2.27586e+00       3.246e+11  2.485300e-01  1.622167e-01  7.888400e-01  7.514700e-01
-5.58621e+00  2.27586e+00       2.998e+11  4.599286e-01  9.620647e-02  6.758788e-01  5.400714e-01
-5.17241e+00  2.27586e+00       3.708e+11  6.946053e-01  1.197822e-03  4.906938e-01  3.053947e-01
-4.75862e+00  2.27586e+00       4.393e+11  8.422611e-01 -3.827124e-02  3.608278e-01  1.577389e-01
-4.34483e+00  2.27586e+00       4.020e+11  8.984702e-01 -6.427778e-02  3.083854e-01  1.015298e-01
-3.93103e+00  2.27586e+00       3.010e+11  8.912695e-01 -7.534299e-02  3.136468e-01  1.087305e-01
-3.51724e+00  2.27586e+00       2.140e+11  8.646495e-01 -5.045090e-02  2.901820e-01  1.353505e-01
-3.10345e+00  2.27586e+00       2.357e+11  9.199241e-01  1.058179e-03  7.236407e-02  8.007586e-02
-2.68966e+00  2.27586e+00       5.883e+11  9.783202e-01  2.278030e-03 -9.391678e-02  2.167980e-02
-2.27586e+00  2.27586e+00       1.373e+12  9.839456e-01 -1.207884e-02 -1.426537e-01  1.605436e-02
-1.86207e+00  2.27586e+00       1.970e+12  9.796777e-01 -2.539016e-02 -1.726858e-01  2.032225e-02
-1.44828e+00  2.27586e+00       1.649e+12  9.723929e-01 -4.418344e-02 -1.990492e-01  2.760712e-02
-1.03448e+00  2.27586e+00       8.925e+11  9.606132e-01 -7.910018e-02 -2.195008e-01  3.938678e-02
-6.20690e-01  2.27586e+00       4.801e+11  9.470221e-01 -1.373269e-01 -2.107314e-01  5.297792e-02
-2.06897e-01  2.27586e+00       3.807e+11  9.415159e-01 -1.740460e-01 -1.761828e-01  5.848415e-02
 2.06897e-01  2.27586e+00       3.305e+11  9.349554e-01 -1.721582e-01 -1.301382e-01  6.504465e-02
 6.20690e-01  2.27586e+00       3.801e+11  9.433301e-01 -9.682831e-02  2.524425e-02  5.666991e-02
 1.03448e+00  2.27586e+00       8.278e+11  9.689767e-01 -1.696489e-02  1.508437e-01  3.102327e-02
 1.44828e+00  2.27586e+00       1.672e+12  9.803962e-01  8.211533e-03  1.630184e-01  1.960382e-02
 1.86207e+00  2.27586e+00       2.102e+12  9.853128e-01  1.740635e-02  1.472045e-01  1.468720e-02
 2.27586e+00  2.27586e+00       1.565e+12  9.879190e-01  2.242249e-02  1.213496e-01  1.208100e-02
 2.68966e+00  2.27586e+00       7.615e+11  9.845895e-01  2.975218e-02  6.637401e-02  1.541046e-02
 3.10345e+00  2.27586e+00       3.639e+11  9.563657e-01  3.352571e-02 -8.606173e-02  4.363429e-02
 3.51724e+00  2.27586e+00       2.875e+11  9.187314e-01 -8.893209e-03 -2.498519e-01  8.126862e-02
 3.93103e+00  2.27586e+00       3.475e+11  9.183217e-01 -5.607368e-02 -2.973127e-01  8.167831e-02
 4.34483e+00  2.27586e+00       4.702e+11  9.189659e-01 -5.510788e-02 -3.211777e-01  8.103407e-02
 4.75862e+00  2.27586e+00       5.020e+11  8.779990e-01 -3.754956e-02 -3.732391e-01  1.220010e-01
 5.17241e+00  2.27586e+00       3.997e+11  7.546113e-01 -2.067760e-02 -4.956687e-01  2.453887e-01
 5.58621e+00  2.27586e+00       2.948e+11  5.426088e-01  5.537006e-03 -6.734873e-01  4.573912e-01
 6.00000e+00  2.27586e+00       2.814e+11  2.650262e-01  1.600677e-02 -7.890715e-01  7.349738e-01
-6.00000e+00  2.68966e+00       4.493e+11  1.092293e-01  4.242400e-02  8.614533e-01  8.907707e-01
-5.58621e+00  2.68966e+00       3.391e+11  3.158263e-01  5.507410e-02  7.800631e-01  6.841737e-01
-5.17241e+00  2.68966e+00       3.782e+11  5.756666e-01 -4.165145e-03  6.009455e-01  4.243334e-01
-4.75862e+00  2.68966e+00       4.838e+11  7.741149e-01 -4.383605e-02  4.244491e-01  2.258851e-01
-4.34483e+00  2.68966e+00       4.987e+11  8.774685e-01 -6.263440e-02  3.153499e-01  1.225315e-01
-3.93103e+00  2.68966e+00       4.075e+11  9.089420e-01 -7.493153e-02  2.811799e-01  9.105803e-02
-3.51724e+00  2.68966e+00       2.963e+11  8.819024e-01 -6.604971e-02  3.017301e-01  1.180976e-01
-3.10345e+00  2.68966e+00       2.007e+11  8.415043e-01 -2.725646e-02  2.638682e-01  1.584957e-01
-2.68966e+00  2.68966e+00       1.699e+11  8.718879e-01  4.706879e-02  9.021828e-03  1.281121e-01
-2.27586e+00  2.68966e+00       3.102e+11  9.175934e-01  5.123820e-02 -2.670260e-01  8.240657e-02
-1.86207e+00  2.68966e+00       7.173e+11  8.955021e-01  2.246632e-02 -3.903621e-01  1.044979e-01
-1.44828e+00  2.68966e+00       1.215e+12  8.489226e-01 -1.364838e-03 -4.741373e-01  1.510774e-01
-1.03448e+00  2.68966e+00       1.323e+12  7.763258e-01 -4.140234e-02 -5.469443e-01  2.236742e-01
-6.20690e-01  2.68966e+00       9.562e+11  6.488479e-01 -1.236980e-01 -5.709496e-01  3.511521e-01
-2.06897e-01  2.68966e+00       5.849e+11  4.567270e-01 -2.458996e-01 -3.081556e-01  5.432730e-01
 2.06897e-01  2.68966e+00       5.858e+11  4.717422e-01 -1.982231e-01  3.537228e-01  5.282578e-01
 6.20690e-01  2.68966e+00       9.771e+11  6.745871e-01 -4.875872e-02  5.741237e-01  3.254129e-01
 1.03448e+00  2.68966e+00       1.402e+12  7.977520e-01  1.492464e-02  5.299901e-01  2.022480e-01
 1.44828e+00  2.68966e+00       1.353e+12  8.643554e-01  3.151079e-02  4.525802e-01  1.356446e-01
 1.86207e+00  2.68966e+00       8.660e+11  9.074125e-01  3.469390e-02  3.644067e-01  9.258747e-02
 2.27586e+00  2.68966e+00       4.426e+11  9.367014e-01  4.711116e-02  2.248844e-01  6.329861e-02
 2.68966e+00  2.68966e+00       2.884e+11  9.362744e-01  5.604794e-02 -1.745247e-02  6.372558e-02
 3.10345e+00  2.68966e+00       2.819e+11  9.166166e-01  1.206631e-02 -2.003258e-01  8.338339e-02
 3.51724e+00  2.68966e+00       3.330e+11  9.181817e-01 -4.635306e-02 -2.516619e-01  8.181825e-02
 3.93103e+00  2.68966e+00       4.694e+11  9.293316e-01 -6.105110e-02 -2.773871e-01  7.066845e-02
 4.34483e+00  2.68966e+00       5.924e+11  9.092782e-01 -4.836259e-02 -3.260488e-01  9.072183e-02
 4.75862e+00  2.68966e+00       5.503e+11  8.283443e-01 -3.960762e-02 -4.239668e-01  1.716557e-01
 5.17241e+00  2.68966e+00       4.238e+11  6.622962e-01 -3.569865e-02 -5.945930e-01  3.377038e-01
 5.58621e+00  2.68966e+00       3.587e+11  4.319355e-01 -1.844448e-02 -7.601417e-01  5.680645e-01
 6.00000e+00  2.68966e+00       4.372e+11  1.435878e-01 -1.009594e-02 -8.566255e-01  8.564122e-01
-6.00000e+00  3.10345e+00       6.720e+11  8.477797e-02  2.805720e-02  8.949029e-01  9.152220e-01
-5.58621e+00  3.10345e+00       4.557e+11  2.467044e-01  6.937232e-02  8.423614e-01  7.532956e-01
-5.17241e+00  3.10345e+00       3.911e+11  4.489266e-01  3.896194e-02  7.177563e-01  5.510734e-01
-4.75862e+00  3.10345e+00       4.792e+11  6.829558e-01 -2.441939e-02  5.086344e-01  3.170442e-01
-4.34483e+00  3.10345e+00       5.718e+11  8.400833e-01 -5.171336e-02  3.356992e-01  1.599167e-01
-3.93103e+00  3.10345e+00       5.363e+11  9.160070e-01 -6.822880e-02  2.367949e-01  8.399305e-02
-3.51724e+00  3.10345e+00       4.233e+11  9.284373e-01 -7.336721e-02  2.205720e-01  7.156274e-02
-3.10345e+00  3.10345e+00       3.110e+11  8.866447e-01 -5.448843e-02  2.552788e-01  1.133553e-01
-2.68966e+00  3.10345e+00       2.034e+11  8.211137e-01 -1.369356e-02  2.287840e-01  1.788863e-01
-2.27586e+00  3.10345e+00       1.282e+11  7.838243e-01  1.006468e-01  1.384411e-02  2.161757e-01
-1.86207e+00  3.10345e+00       1.088e+11  7.898019e-01  2.076342e-01 -3.067886e-01  2.101981e-01
-1.44828e+00  3.10345e+00       1.188e+11  7.090547e-01  1.871729e-01 -5.167325e-01  2.909453e-01
-1.03448e+00  3.10345e+00       1.391e+11  4.514814e-01  1.608635e-01 -6.426817e-01  5.485186e-01
-6.20690e-01  3.10345e+00       1.674e+11  7.796596e-02  1.758094e-01 -5.825803e-01  9.220340e-01
-2.06897e-01  3.10345e+00       1.894e+11 -2.085898e-01  1.803981e-01 -2.259945e-01  7.914102e-01
 2.06897e-01  3.10345e+00       1.979e+11 -1.835099e-01  1.337725e-01  2.746623e-01  8.164901e-01
 6.20690e-01  3.10345e+00       1.971e+11  1.580159e-01  7.594007e-02  5.670989e-01  8.419841e-01
 1.03448e+00  3.10345e+00       1.931e+11  5.459308e-01  6.962057e-02  5.687215e-01  4.540692e-01
 1.44828e+00  3.10345e+00       1.874e+11  7.661877e-01  1.005247e-01  4.619801e-01  2.338123e-01
 1.86207e+00  3.10345e+00       1.892e+11  8.580800e-01  1.227251e-01  2.733521e-01  1.419200e-01
 2.27586e+00  3.10345e+00       2.275e+11  9.036883e-01  9.071055e-02  1.214061e-02  9.631171e-02
 2.68966e+00  3.10345e+00       2.797e+11  9.139985e-01  2.333915e-02 -1.351131e-01  8.600152e-02
 3.10345e+00  3.10345e+00       3.274e+11  9.217851e-01 -3.945013e-02 -1.673993e-01  7.821492e-02
 3.51724e+00  3.10345e+00       4.613e+11  9.437279e-01 -6.185022e-02 -1.898798e-01  5.627210e-02
 3.93103e+00  3.10345e+00       6.400e+11  9.413074e-01 -5.115397e-02 -2.402283e-01  5.869256e-02
 4.34483e+00  3.10345e+00       6.572e+11  8.891453e-01 -4.127221e-02 -3.261198e-01  1.108547e-01
 4.75862e+00  3.10345e+00       5.288e+11  7.572711e-01 -3.909363e-02 -4.906706e-01  2.427289e-01
 5.17241e+00  3.10345e+00       4.237e+11  5.673718e-01 -2.696993e-02 -6.871018e-01  4.326282e-01
 5.58621e+00  3.10345e+00       4.390e+11  3.354261e-01 -6.580362e-03 -8.166284e-01  6.645739e-01
 6.00000e+00  3.10345e+00       6.450e+11  8.322679e-02 -1.322385e-02 -8.968150e-01  9.167732e-01
-6.00000e+00  3.51724e+00       9.986e+11  9.580194e-02  7.239726e-03  9.229430e-01  9.041981e-01
-5.58621e+00  3.51724e+00       6.854e+11  2.352324e-01  5.040476e-02  8.740747e-01  7.647676e-01
-5.17241e+00  3.51724e+00       4.726e+11  3.775514e-01  7.400621e-02  8.041111e-01  6.224486e-01
-4.75862e+00  3.51724e+00       4.515e+11  5.672789e-01  1.552505e-02  6.365732e-01  4.327211e-01
-4.34483e+00  3.51724e+00       5.674e+11  7.679369e-01 -3.720615e-02  4.025419e-01  2.320631e-01
-3.93103e+00  3.51724e+00       6.410e+11  8.917305e-01 -5.665078e-02  2.213474e-01  1.082695e-01
-3.51724e+00  3.51724e+00       5.741e+11  9.480448e-01 -7.104333e-02  1.181870e-01  5.195523e-02
-3.10345e+00  3.51724e+00       4.536e+11  9.544798e-01 -6.869267e-02  1.035860e-01  4.552015e-02
-2.68966e+00  3.51724e+00       3.504e+11  9.116843e-01 -4.239771e-02  1.544679e-01  8.831569e-02
-2.27586e+00  3.51724e+00       2.406e+11  8.228349e-01 -2.019968e-02  1.813475e-01  1.771651e-01
-1.86207e+00  3.51724e+00       1.387e+11  6.926678e-01  7.745479e-02  8.202413e-02  3.073322e-01
-1.44828e+00  3.51724e+00       8.505e+10  5.714241e-01  3.504772e-01 -1.892776e-01  4.285759e-01
-1.03448e+00  3.51724e+00       6.800e+10  4.655395e-01  5.289890e-01 -4.391192e-01  5.344605e-01
-6.20690e-01  3.51724e+00       6.345e+10  2.515563e-01  5.210095e-01 -5.436727e-01  7.484437e-01
-2.06897e-01  3.51724e+00       6.021e+10 -3.285421e-02  4.823644e-01 -4.535037e-01  9.671458e-01
 2.06897e-01  3.51724e+00       5.735e+10 -1.687413e-01  4.669198e-01 -1.529832e-01  8.312587e-01
 6.20690e-01  3.51724e+00       6.259e+10  7.375395e-02  4.683831e-01  1.815394e-01  9.262461e-01
 1.03448e+00  3.51724e+00       8.882e+10  5.137816e-01  4.024227e-01  2.944469e-01  4.862184e-01
 1.44828e+00  3.51724e+00       1.514e+11  7.936893e-01  2.408754e-01  1.805502e-01  2.063107e-01
 1.86207e+00  3.51724e+00       2.388e+11  8.926456e-01  9.594356e-02  3.770999e-02  1.073544e-01
 2.27586e+00  3.51724e+00       2.895e+11  9.052555e-01  9.955946e-03 -2.802183e-02  9.474449e-02
 2.68966e+00  3.51724e+00       3.184e+11  9.118917e-01 -4.286667e-02 -2.624835e-02  8.810834e-02
 3.10345e+00  3.51724e+00       4.633e+11  9.515446e-01 -5.959764e-02 -5.267082e-02  4.845540e-02
 3.51724e+00  3.51724e+00       6.858e+11  9.659883e-01 -5.014046e-02 -1.155649e-01  3.401169e-02
 3.93103e+00  3.51724e+00       7.429e+11  9.349479e-01 -4.190262e-02 -2.025177e-01  6.505213e-02
 4.34483e+00  3.51724e+00       6.152e+11  8.333118e-01 -4.215206e-02 -3.686024e-01  1.666882e-01
 4.75862e+00  3.51724e+00       4.902e+11  6.716174e-01 -3.623288e-02 -5.932236e-01  3.283826e-01
 5.17241e+00  3.51724e+00       4.631e+11  4.964545e-01 -1.062475e-02 -7.516446e-01  5.035455e-01
 5.58621e+00  3.51724e+00       6.190e+11  2.650470e-01 -7.143474e-03 -8.588110e-01  7.349530e-01
 6.00000e+00  3.51724e+00       9.820e+11  7.608541e-02 -1.763664e-02 -9.303813e-01  9.239146e-01
-6.00000e+00  3.93103e+00       1.389e+12  1.365264e-01 -6.119652e-03  9.423301e-01  8.634736e-01
-5.58621e+00  3.93103e+00       1.055e+12  2.544413e-01  2.136988e-02  8.923441e-01  7.455587e-01
-5.17241e+00  3.93103e+00       6.993e+11  3.822507e-01  6.814370e-02  8.306052e-01  6.177493e-01
-4.75862e+00  3.93103e+00       4.911e+11  4.966863e-01  7.252655e-02  7.474643e-01  5.033137e-01
-4.34483e+00  3.93103e+00       4.933e+11  6.592766e-01  1.894935e-03  5.490258e-01  3.407234e-01
-3.93103e+00  3.93103e+00       6.191e+11  8.243887e-01 -4.364226e-02  2.825002e-01  1.756113e-01
-3.51724e+00  3.93103e+00       6.896e+11  9.193539e-01 -5.847868e-02  7.350036e-02  8.064615e-02
-3.10345e+00  3.93103e+00       6.156e+11  9.572223e-01 -7.266903e-02 -5.642350e-02  4.277772e-02
-2.68966e+00  3.93103e+00       4.867e+11  9.643640e-01 -7.124145e-02 -1.038060e-01  3.563596e-02
-2.27586e+00  3.93103e+00       3.983e+11  9.443871e-01 -2.727951e-02 -6.163653e-02  5.561291e-02
-1.86207e+00  3.93103e+00       3.322e+11  8.802530e-01 -5.087795e-03  3.384122e-02  1.197470e-01
-1.44828e+00  3.93103e+00       2.347e+11  7.498380e-01 -4.813960e-02  1.412027e-01  2.501620e-01
-1.03448e+00  3.93103e+00       1.350e+11  5.492019e-01 -8.120811e-02  2.584071e-01  4.507981e-01
-6.20690e-01  3.93103e+00       8.426e+10  4.148398e-01  9.019931e-02  3.886521e-01  5.851602e-01
-2.06897e-01  3.93103e+00       7.881e+10  4.959985e-01  3.431347e-01  4.487817e-01  5.040015e-01
 2.06897e-01  3.93103e+00       1.026e+11  6.684347e-01  3.102461e-01  4.220731e-01  3.315653e-01
 6.20690e-01  3.93103e+00       1.620e+11  8.115815e-01  1.296859e-01  3.508905e-01  1.884185e-01
 1.03448e+00  3.93103e+00       2.445e+11  8.640131e-01  1.732287e-02  2.586773e-01  1.359869e-01
 1.44828e+00  3.93103e+00       2.803e+11  8.452954e-01 -2.213323e-02  1.760554e-01  1.547046e-01
 1.86207e+00  3.93103e+00       2.535e+11  7.949080e-01 -2.709839e-02  1.555609e-01  2.050920e-01
 2.27586e+00  3.93103e+00       2.909e+11  8.390982e-01 -4.089278e-02  1.909801e-01  1.609018e-01
 2.68966e+00  3.93103e+00       4.984e+11  9.366861e-01 -5.191307e-02  1.401342e-01  6.331389e-02
 3.10345e+00  3.93103e+00       7.477e+11  9.711910e-01 -4.625263e-02  5.902512e-02  2.880897e-02
 3.51724e+00  3.93103e+00       7.928e+11  9.576287e-01 -4.232091e-02 -4.147732e-02  4.237127e-02
 3.93103e+00  3.93103e+00       6.527e+11  8.815828e-01 -4.673104e-02 -2.294702e-01  1.184172e-01
 4.34483e+00  3.93103e+00       5.284e+11  7.499947e-01 -4.468795e-02 -4.890152e-01  2.500053e-01
 4.75862e+00  3.93103e+00       4.899e+11  6.219971e-01 -1.620405e-02 -6.674723e-01  3.780029e-01
 5.17241e+00  3.93103e+00       6.008e+11  4.413764e-01 -2.546188e-03 -7.891742e-01  5.586236e-01
 5.58621e+00  3.93103e+00       9.670e+11  2.407816e-01 -1.529429e-02 -8.956232e-01  7.592184e-01
 6.00000e+00  3.93103e+00       1.423e+12  1.166481e-01 -1.602026e-02 -9.513856e-01  8.833519e-01
-6.00000e+00  4.34483e+00       1.735e+12  2.002991e-01 -1.111553e-02  9.487604e-01  7.997009e-01
-5.58621e+00  4.34483e+00       1.518e+12  2.952849e-01 -3.672621e-04  9.026940e-01  7.047151e-01
-5.17241e+00  4.34483e+00       1.113e+12  4.145894e-01  3.340653e-02  8.329079e-01  5.854106e-01
-4.75862e+00  4.34483e+00       7.239e+11  5.230612e-01  8.080785e-02  7.601988e-01  4.769388e-01
-4.34483e+00  4.34483e+00       5.009e+11  6.038101e-01  7.579240e-02  6.778587e-01  3.961899e-01
-3.93103e+00  4.34483e+00       4.928e+11  7.211166e-01 -5.601734e-04  4.746932e-01  2.788834e-01
-3.51724e+00  4.34483e+00       6.080e+11  8.431894e-01 -4.822599e-02  1.649733e-01  1.568106e-01
-3.10345e+00  4.34483e+00       6.972e+11  9.034213e-01 -5.994064e-02 -1.012959e-01  9.657871e-02
-2.68966e+00  4.34483e+00       6.543e+11  9.064408e-01 -7.067706e-02 -2.836983e-01  9.355919e-02
-2.27586e+00  4.34483e+00       5.220e+11  8.827960e-01 -8.893854e-02 -4.017259e-01  1.172040e-01
-1.86207e+00  4.34483e+00       3.908e+11  8.546833e-01 -7.238899e-02 -4.574212e-01  1.453167e-01
-1.44828e+00  4.34483e+00       3.018e+11  8.077924e-01  2.580830e-02 -4.714806e-01  1.922076e-01
-1.03448e+00  4.34483e+00       2.776e+11  7.315914e-01  1.681086e-01 -4.971001e-01  2.684086e-01
-6.20690e-01  4.34483e+00       2.981e+11  6.769176e-01  2.221805e-01 -5.350900e-01  3.230824e-01
-2.06897e-01  4.34483e+00       2.990e+11  6.219033e-01  2.123173e-01 -5.545672e-01  3.780967e-01
 2.06897e-01  4.34483e+00       2.584e+11  5.045962e-01  2.330470e-01 -5.315821e-01  4.954038e-01
 6.20690e-01  4.34483e+00       1.994e+11  3.337991e-01  3.009215e-01 -3.917026e-01  6.662009e-01
 1.03448e+00  4.34483e+00       1.567e+11  2.477314e-01  2.788606e-01 -2.057665e-02  7.522686e-01
 1.44828e+00  4.34483e+00       1.856e+11  4.567869e-01  6.615861e-02  4.225937e-01  5.432131e-01
 1.86207e+00  4.34483e+00       3.477e+11  7.324585e-01 -4.055495e-02  4.888303e-01  2.675415e-01
 2.27586e+00  4.34483e+00       6.146e+11  8.681054e-01 -4.798876e-02  3.956541e-01  1.318946e-01
 2.68966e+00  4.34483e+00       8.006e+11  9.244302e-01 -4.438890e-02  2.931132e-01  7.556984e-02
 3.10345e+00  4.34483e+00       7.587e+11  9.345869e-01 -4.702781e-02  1.583054e-01  6.541310e-02
 3.51724e+00  4.34483e+00       6.087e+11  8.888545e-01 -5.776325e-02 -8.959537e-02  1.111455e-01
 3.93103e+00  4.34483e+00       5.197e+11  8.009501e-01 -5.443124e-02 -3.909277e-01  1.990499e-01
 4.34483e+00  4.34483e+00       5.012e+11  7.217424e-01 -1.842536e-02 -5.675772e-01  2.782576e-01
 4.75862e+00  4.34483e+00       5.930e+11  5.955876e-01  1.374559e-03 -6.884744e-01  4.044124e-01
 5.17241e+00  4.34483e+00       9.417e+11  4.078709e-01 -1.334667e-02 -8.280839e-01  5.921291e-01
 5.58621e+00  4.34483e+00       1.495e+12  2.726442e-01 -1.708061e-02 -9.157450e-01  7.273558e-01
 6.00000e+00  4.34483e+00       1.831e+12  1.874555e-01 -7.685392e-03 -9.554925e-01  8.125445e-01
-6.00000e+00  4.75862e+00       1.927e+12  2.789962e-01 -1.033968e-02  9.400084e-01  7.210038e-01
-5.58621e+00  4.75862e+00       1.925e+12  3.563581e-01 -9.486817e-03  9.001596e-01  6.436419e-01
-5.17241e+00  4.75862e+00       1.636e+12  4.554737e-01  4.031575e-03  8.322120e-01  5.445263e-01
-4.75862e+00  4.75862e+00       1.197e+12  5.686280e-01  4.087902e-02  7.403155e-01  4.313720e-01
-4.34483e+00  4.75862e+00       7.716e+11  6.577183e-01  9.061439e-02  6.555632e-01  3.422817e-01
-3.93103e+00  4.75862e+00       5.035e+11  7.054316e-01  9.238002e-02  5.875666e-01  2.945684e-01
-3.51724e+00  4.75862e+00       4.466e+11  7.660106e-01  1.496414e-02  4.355611e-01  2.339894e-01
-3.10345e+00  4.75862e+00       5.093e+11  8.240380e-01 -4.973528e-02  1.163554e-01  1.759620e-01
-2.68966e+00  4.75862e+00       6.010e+11  8.220235e-01 -7.093454e-02 -2.485557e-01  1.779765e-01
-2.27586e+00  4.75862e+00       6.297e+11  7.524207e-01 -6.684168e-02 -5.133272e-01  2.475793e-01
-1.86207e+00  4.75862e+00       5.568e+11  6.200468e-01 -7.908247e-02 -6.971436e-01  3.799532e-01
-1.44828e+00  4.75862e+00       4.483e+11  4.430427e-01 -1.192247e-01 -8.237784e-01  5.569573e-01
-1.03448e+00  4.75862e+00       3.248e+11  2.489638e-01 -1.359700e-01 -8.771225e-01  7.510362e-01
-6.20690e-01  4.75862e+00       2.027e+11 -9.282625e-03 -7.737354e-02 -8.274593e-01  9.907174e-01
-2.06897e-01  4.75862e+00       1.337e+11 -3.362831e-01  5.883931e-02 -5.220733e-01  6.637169e-01
 2.06897e-01  4.75862e+00       1.328e+11 -4.063899e-01  1.014513e-01  1.410775e-01  5.936101e-01
 6.20690e-01  4.75862e+00       2.052e+11 -1.240671e-01  1.625215e-03  6.924052e-01  8.759329e-01
 1.03448e+00  4.75862e+00       3.539e+11  1.834578e-01 -6.400180e-02  8.498017e-01  8.165422e-01
 1.44828e+00  4.75862e+00       5.397e+11  4.421691e-01 -6.862570e-02  8.014308e-01  5.578309e-01
 1.86207e+00  4.75862e+00       6.829e+11  6.420314e-01 -5.659577e-02  6.900747e-01  3.579686e-01
 2.27586e+00  4.75862e+00       6.865e+11  7.657149e-01 -5.641712e-02  5.602928e-01  2.342851e-01
 2.68966e+00  4.75862e+00       5.720e+11  8.323071e-01 -7.024701e-02  3.460635e-01  1.676929e-01
 3.10345e+00  4.75862e+00       4.844e+11  8.518446e-01 -8.448722e-02 -1.157095e-02  1.481554e-01
 3.51724e+00  4.75862e+00       4.718e+11  8.338431e-01 -6.252724e-02 -3.115776e-01  1.661569e-01
 3.93103e+00  4.75862e+00       4.913e+11  8.051300e-01 -1.048040e-02 -4.432912e-01  1.948700e-01
 4.34483e+00  4.75862e+00       5.890e+11  7.228762e-01  6.498464e-03 -5.556872e-01  2.771238e-01
 4.75862e+00  4.75862e+00       9.316e+11  5.626383e-01 -1.342555e-02 -7.280428e-01  4.373617e-01
 5.17241e+00  4.75862e+00       1.541e+12  4.302487e-01 -1.796845e-02 -8.506337e-01  5.697513e-01
 5.58621e+00  4.75862e+00       2.031e+12  3.431687e-01 -7.826207e-03 -9.111947e-01  6.568313e-01
 6.00000e+00  4.75862e+00       2.023e+12  2.714749e-01  2.602041e-03 -9.435903e-01  7.285251e-01
-6.00000e+00  5.17241e+00       1.941e+12  3.726371e-01 -7.483835e-03  9.131741e-01  6.273629e-01
-5.58621e+00  5.17241e+00       2.141e+12  4.305929e-01 -9.483090e-03  8.810575e-01  5.694071e-01
-5.17241e+00  5.17241e+00       2.061e+12  5.107136e-01 -8.097542e-03  8.215199e-01  4.892864e-01
-4.75862e+00  5.17241e+00       1.755e+12  6.066806e-01  5.583980e-03  7.290075e-01  3.933194e-01
-4.34483e+00  5.17241e+00       1.320e+12  7.084167e-01  4.121205e-02  6.103928e-01  2.915833e-01
-3.93103e+00  5.17241e+00       8.671e+11  7.827366e-01  9.432902e-02  5.040635e-01  2.172634e-01
-3.51724e+00  5.17241e+00       5.252e+11  8.064446e-01  1.216347e-01  4.410075e-01  1.935554e-01
-3.10345e+00  5.17241e+00       3.930e+11  8.255627e-01  6.118275e-02  3.718211e-01  1.744373e-01
-2.68966e+00  5.17241e+00       3.840e+11  8.457828e-01 -2.196595e-02  2.018859e-01  1.542172e-01
-2.27586e+00  5.17241e+00       3.875e+11  7.674031e-01 -8.800121e-02 -1.304956e-01  2.325969e-01
-1.86207e+00  5.17241e+00       4.115e+11  5.382021e-01 -1.271469e-01 -5.421893e-01  4.617979e-01
-1.44828e+00  5.17241e+00       4.464e+11  2.304359e-01 -1.136524e-01 -7.788247e-01  7.695641e-01
-1.03448e+00  5.17241e+00       4.386e+11 -1.297907e-01 -7.245984e-02 -7.707367e-01  8.702093e-01
-6.20690e-01  5.17241e+00       4.031e+11 -5.132258e-01 -5.230907e-02 -5.104574e-01  4.867742e-01
-2.06897e-01  5.17241e+00       3.914e+11 -7.202782e-01 -6.378363e-02 -3.735890e-02  2.797218e-01
 2.06897e-01  5.17241e+00       4.131e+11 -6.266456e-01 -7.425325e-02  4.453856e-01  3.733544e-01
 6.20690e-01  5.17241e+00       4.393e+11 -3.533287e-01 -7.554629e-02  7.617970e-01  6.466713e-01
 1.03448e+00  5.17241e+00       4.400e+11 -5.006576e-02 -8.368272e-02  8.939551e-01  9.499342e-01
 1.44828e+00  5.17241e+00       4.057e+11  2.143992e-01 -1.047495e-01  8.769542e-01  7.856008e-01
 1.86207e+00  5.17241e+00       3.518e+11  4.598261e-01 -1.291483e-01  6.834307e-01  5.401739e-01
 2.27586e+00  5.17241e+00       3.329e+11  7.005553e-01 -1.458562e-01  2.909536e-01  2.994447e-01
 2.68966e+00  5.17241e+00       3.690e+11  8.302495e-01 -1.185446e-01 -5.273210e-02  1.697505e-01
 3.10345e+00  5.17241e+00       4.202e+11  8.658180e-01 -4.136128e-02 -2.080717e-01  1.341820e-01
 3.51724e+00  5.17241e+00       4.698e+11  8.715575e-01  1.735019e-02 -2.655595e-01  1.284425e-01
 3.93103e+00  5.17241e+00       5.894e+11  8.192030e-01  9.215346e-03 -3.865546e-01  1.807970e-01
 4.34483e+00  5.17241e+00       9.519e+11  6.936847e-01 -1.778848e-02 -6.007917e-01  3.063153e-01
 4.75862e+00  5.17241e+00       1.602e+12  5.800688e-01 -1.863817e-02 -7.557532e-01  4.199312e-01
 5.17241e+00  5.17241e+00       2.185e+12  4.990639e-01 -5.956792e-03 -8.368645e-01  5.009361e-01
 5.58621e+00  5.17241e+00       2.286e+12  4.289994e-01  4.741309e-03 -8.845607e-01  5.710006e-01
 6.00000e+00  5.17241e+00       1.957e+12  3.612875e-01  7.247230e-03 -9.171309e-01  6.387125e-01
-6.00000e+00  5.58621e+00       1.757e+12  4.834158e-01 -6.293257e-03  8.606275e-01  5.165842e-01
-5.58621e+00  5.58621e+00       2.182e+12  5.245650e-01 -6.558520e-03  8.368283e-01  4.754350e-01
-5.17241e+00  5.58621e+00       2.274e+12  5.781913e-01 -8.342304e-03  7.931925e-01  4.218087e-01
-4.75862e+00  5.58621e+00       2.128e+12  6.537181e-01 -6.971409e-03  7.136541e-01  3.462819e-01
-4.34483e+00  5.58621e+00       1.848e+12  7.384103e-01  4.201516e-03  5.951240e-01  2.615897e-01
-3.93103e+00  5.58621e+00       1.469e+12  8.209173e-01  3.338902e-02  4.440659e-01  1.790827e-01
-3.51724e+00  5.58621e+00       1.038e+12  8.810963e-01  8.383181e-02  2.974732e-01  1.189037e-01
-3.10345e+00  5.58621e+00       6.280e+11  8.924605e-01  1.417686e-01  2.074459e-01  1.075395e-01
-2.68966e+00  5.58621e+00       3.727e+11  8.613319e-01  1.496131e-01  1.759546e-01  1.386681e-01
-2.27586e+00  5.58621e+00       3.061e+11  8.677130e-01  6.772352e-02  1.078196e-01  1.322870e-01
-1.86207e+00  5.58621e+00       3.033e+11  8.845514e-01 -7.627398e-03  6.919368e-03  1.154486e-01
-1.44828e+00  5.58621e+00       2.606e+11  8.098165e-01 -1.081982e-01 -1.353152e-01  1.901835e-01
-1.03448e+00  5.58621e+00       2.076e+11  6.188041e-01 -2.609335e-01 -3.787453e-01  3.811959e-01
-6.20690e-01  5.58621e+00       1.706e+11  3.991847e-01 -3.510401e-01 -5.702099e-01  6.008153e-01
-2.06897e-01  5.58621e+00       1.366e+11  1.850429e-01 -3.752841e-01 -5.659188e-01  8.149571e-01
 2.06897e-01  5.58621e+00       1.169e+11  9.503252e-03 -4.313949e-01 -3.250485e-01  9.904967e-01
 6.20690e-01  5.58621e+00       1.276e+11  5.588911e-02 -4.819472e-01  5.421720e-02  9.441109e-01
 1.03448e+00  5.58621e+00       1.655e+11  3.169157e-01 -4.163070e-01  2.569539e-01  6.830843e-01
 1.44828e+00  5.58621e+00       2.114e+11  5.726837e-01 -2.978801e-01  1.995165e-01  4.273163e-01
 1.86207e+00  5.58621e+00       2.612e+11  7.298159e-01 -1.679031e-01  5.985558e-02  2.701841e-01
 2.27586e+00  5.58621e+00       3.270e+11  8.193844e-01 -2.628251e-02  7.966179e-03  1.806156e-01
 2.68966e+00  5.58621e+00       3.880e+11  8.704978e-01  5.310722e-02  2.528478e-02  1.295022e-01
 3.10345e+00  5.58621e+00       4.470e+11  8.934163e-01  4.173372e-02 -3.191786e-03  1.065837e-01
 3.51724e+00  5.58621e+00       6.072e+11  8.716058e-01 -5.581858e-03 -1.938469e-01  1.283942e-01
 3.93103e+00  5.58621e+00       1.023e+12  7.954244e-01 -2.554404e-02 -4.563933e-01  2.045756e-01
 4.34483e+00  5.58621e+00       1.703e+12  7.151959e-01 -1.642628e-02 -6.324199e-01  2.848041e-01
 4.75862e+00  5.58621e+00       2.316e+12  6.486781e-01 -3.646080e-04 -7.296343e-01  3.513219e-01
 5.17241e+00  5.58621e+00       2.473e+12  5.848839e-01  8.898801e-03 -7.921561e-01  4.151161e-01
 5.58621e+00  5.58621e+00       2.189e+12  5.197119e-01  8.037559e-03 -8.389169e-01  4.802881e-01
 6.00000e+00  5.58621e+00       1.789e+12  4.608399e-01  7.118880e-03 -8.710824e-01  5.391601e-01
-6.00000e+00  6.00000e+00       1.387e+12  5.915315e-01 -5.802855e-03  7.866381e-01  4.084685e-01
-5.58621e+00  6.00000e+00       1.960e+12  6.387401e-01 -5.636975e-03  7.538433e-01  3.612599e-01
-5.17241e+00  6.00000e+00       2.365e+12  6.748961e-01 -5.925103e-03  7.231623e-01  3.251039e-01
-4.75862e+00  6.00000e+00       2.350e+12  7.164380e-01 -7.155972e-03  6.752708e-01  2.835620e-01
-4.34483e+00  6.00000e+00       2.106e+12  7.765735e-01 -5.387364e-03  5.826788e-01  2.234265e-01
-3.93103e+00  6.00000e+00       1.848e+12  8.413654e-01  2.456692e-03  4.395602e-01  1.586346e-01
-3.51724e+00  6.00000e+00       1.565e+12  8.908781e-01  2.118240e-02  2.581543e-01  1.091219e-01
-3.10345e+00  6.00000e+00       1.231e+12  9.171431e-01  5.630637e-02  5.641523e-02  8.285689e-02
-2.68966e+00  6.00000e+00       8.623e+11  9.096469e-01  1.120194e-01 -1.155091e-01  9.035305e-02
-2.27586e+00  6.00000e+00       5.243e+11  8.634246e-01  1.812223e-01 -2.046759e-01  1.365754e-01
-1.86207e+00  6.00000e+00       3.086e+11  7.734960e-01  2.404523e-01 -1.558160e-01  2.265040e-01
-1.44828e+00  6.00000e+00       2.063e+11  6.479854e-01  2.831879e-01 -2.720321e-02  3.520146e-01
-1.03448e+00  6.00000e+00       1.695e+11  6.067070e-01  2.314613e-01  1.023836e-02  3.932930e-01
-6.20690e-01  6.00000e+00       1.615e+11  6.651117e-01  7.344688e-03 -3.713199e-02  3.348883e-01
-2.06897e-01  6.00000e+00       1.620e+11  6.905441e-01 -2.148748e-01 -8.900736e-02  3.094559e-01
 2.06897e-01  6.00000e+00       1.706e+11  6.906135e-01 -2.051784e-01 -6.359451e-02  3.093865e-01
 6.20690e-01  6.00000e+00       1.995e+11  6.883972e-01  3.967670e-02  8.452687e-02  3.116028e-01
 1.03448e+00  6.00000e+00       2.489e+11  6.697277e-01  2.318435e-01  2.668816e-01  3.302723e-01
 1.44828e+00  6.00000e+00       2.858e+11  6.538880e-01  2.322184e-01  3.789816e-01  3.461120e-01
 1.86207e+00  6.00000e+00       2.995e+11  6.555168e-01  1.400550e-01  4.306846e-01  3.444832e-01
 2.27586e+00  6.00000e+00       3.375e+11  7.202007e-01  5.466413e-02  4.208051e-01  2.797993e-01
 2.68966e+00  6.00000e+00       4.446e+11  8.253984e-01 -3.927054e-03  2.698612e-01  1.746016e-01
 3.10345e+00  6.00000e+00       6.882e+11  8.810671e-01 -3.151523e-02 -2.143780e-02  1.189329e-01
 3.51724e+00  6.00000e+00       1.168e+12  8.693234e-01 -2.592678e-02 -3.027882e-01  1.306766e-01
 3.93103e+00  6.00000e+00       1.845e+12  8.313614e-01 -5.396723e-03 -4.806154e-01  1.686386e-01
 4.34483e+00  6.00000e+00       2.423e+12  7.858791e-01  1.060886e-02 -5.852321e-01  2.141209e-01
 4.75862e+00  6.00000e+00       2.578e+12  7.328109e-01  1.382343e-02 -6.603590e-01  2.671891e-01
 5.17241e+00  6.00000e+00       2.322e+12  6.738471e-01  7.406441e-03 -7.218946e-01  3.261529e-01
 5.58621e+00  6.00000e+00       1.981e+12  6.164776e-01  5.432731e-03 -7.683830e-01  3.835224e-01
 6.00000e+00  6.00000e+00       1.608e+12  5.722593e-01  1.302972e-02 -7.985042e-01  4.277407e-01
