 EB(GeV)    EMITTANCEx EMITTANCEy SIZEx(m)   SIZEy(m)   DIVx(rad)  DIVy(rad)
 1.500e+00  5.941e-09  5.941e-11  1.840e-04  1.299e-05  3.228e-05  4.574e-06
 betax      alphax     betay      alphay     eta        deta       E_spread  
 5.700e+00  0.000e+00  2.840e+00  0.000e+00  0.000e+00  0.000e+00  1.000e-03
 Ibeam(A) 
  2.000e-01


           x            y       F.Density            PL            PC          PL45        1-|PL|
          mm           mm  ph/s/mm^2/0.1%             -             -             -             -
-6.00000e+00 -6.00000e+00       1.857e+12  3.665996e-01  1.693149e-03 -9.082908e-01  6.334004e-01
-5.58621e+00 -6.00000e+00       1.733e+12  4.311886e-01 -2.699180e-05 -8.668384e-01  5.688114e-01
-5.17241e+00 -6.00000e+00       1.449e+12  5.280480e-01 -3.718976e-03 -7.886806e-01  4.719520e-01
-4.75862e+00 -6.00000e+00       1.194e+12  6.443817e-01 -1.396465e-02 -6.771778e-01  3.556183e-01
-4.34483e+00 -6.00000e+00       9.358e+11  7.412420e-01 -4.506612e-02 -5.671690e-01  2.587580e-01
-3.93103e+00 -6.00000e+00       6.156e+11  7.874776e-01 -9.661189e-02 -4.856744e-01  2.125224e-01
-3.51724e+00 -6.00000e+00       3.670e+11  7.953929e-01 -1.207082e-01 -4.060922e-01  2.046071e-01
-3.10345e+00 -6.00000e+00       2.910e+11  8.251625e-01 -5.561338e-02 -2.593962e-01  1.748375e-01
-2.68966e+00 -6.00000e+00       2.986e+11  8.210441e-01  2.755212e-02 -4.096858e-02  1.789559e-01
-2.27586e+00 -6.00000e+00       3.121e+11  6.837549e-01  9.472063e-02  2.901467e-01  3.162451e-01
-1.86207e+00 -6.00000e+00       3.367e+11  4.132760e-01  1.346726e-01  6.453812e-01  5.867240e-01
-1.44828e+00 -6.00000e+00       3.543e+11  1.270942e-01  1.326373e-01  8.377898e-01  8.729058e-01
-1.03448e+00 -6.00000e+00       3.228e+11 -1.537814e-01  8.714318e-02  8.332428e-01  8.462186e-01
-6.20690e-01 -6.00000e+00       2.623e+11 -4.740327e-01  2.543885e-02  6.127607e-01  5.259673e-01
-2.06897e-01 -6.00000e+00       2.250e+11 -7.145295e-01 -6.999944e-03  1.588880e-01  2.854705e-01
 2.06897e-01 -6.00000e+00       2.259e+11 -6.812542e-01  8.312975e-04 -3.561266e-01  3.187458e-01
 6.20690e-01 -6.00000e+00       2.598e+11 -4.027779e-01  3.412597e-02 -7.242193e-01  5.972221e-01
 1.03448e+00 -6.00000e+00       3.185e+11 -5.767739e-02  7.417210e-02 -8.796191e-01  9.423226e-01
 1.44828e+00 -6.00000e+00       3.621e+11  2.223215e-01  9.538751e-02 -8.695917e-01  7.776785e-01
 1.86207e+00 -6.00000e+00       3.492e+11  4.503460e-01  1.046908e-01 -7.233629e-01  5.496540e-01
 2.27586e+00 -6.00000e+00       3.153e+11  6.595770e-01  1.202765e-01 -4.311250e-01  3.404230e-01
 2.68966e+00 -6.00000e+00       3.038e+11  7.909206e-01  1.042585e-01 -1.126764e-01  2.090794e-01
 3.10345e+00 -6.00000e+00       3.196e+11  8.410506e-01  3.124714e-02  1.125508e-01  1.589494e-01
 3.51724e+00 -6.00000e+00       3.587e+11  8.577555e-01 -2.281674e-02  2.360895e-01  1.422445e-01
 3.93103e+00 -6.00000e+00       4.231e+11  8.261256e-01 -8.217963e-03  3.517301e-01  1.738744e-01
 4.34483e+00 -6.00000e+00       6.196e+11  7.253459e-01  2.288528e-02  5.427454e-01  2.746541e-01
 4.75862e+00 -6.00000e+00       1.049e+12  6.140770e-01  2.042384e-02  7.067770e-01  3.859230e-01
 5.17241e+00 -6.00000e+00       1.543e+12  5.223732e-01  6.982973e-03  8.042543e-01  4.776268e-01
 5.58621e+00 -6.00000e+00       1.807e+12  4.354316e-01 -2.771551e-03  8.686327e-01  5.645684e-01
 6.00000e+00 -6.00000e+00       1.801e+12  3.508593e-01 -6.018191e-03  9.137403e-01  6.491407e-01
-6.00000e+00 -5.58621e+00       1.606e+12  2.548826e-01 -1.452058e-03 -9.375274e-01  7.451174e-01
-5.58621e+00 -5.58621e+00       1.385e+12  3.610078e-01 -3.293180e-03 -8.821853e-01  6.389922e-01
-5.17241e+00 -5.58621e+00       1.127e+12  4.854015e-01 -1.606724e-02 -8.041869e-01  5.145985e-01
-4.75862e+00 -5.58621e+00       8.338e+11  5.879694e-01 -5.361071e-02 -7.258794e-01  4.120306e-01
-4.34483e+00 -5.58621e+00       5.325e+11  6.479869e-01 -9.932351e-02 -6.541568e-01  3.520131e-01
-3.93103e+00 -5.58621e+00       3.679e+11  7.068043e-01 -7.938009e-02 -5.335332e-01  2.931957e-01
-3.51724e+00 -5.58621e+00       3.670e+11  7.892251e-01  5.633400e-03 -2.872616e-01  2.107749e-01
-3.10345e+00 -5.58621e+00       4.331e+11  8.276622e-01  6.400288e-02  4.831380e-02  1.723378e-01
-2.68966e+00 -5.58621e+00       4.796e+11  8.054577e-01  7.964525e-02  3.499056e-01  1.945423e-01
-2.27586e+00 -5.58621e+00       4.479e+11  7.156194e-01  7.731226e-02  5.670500e-01  2.843806e-01
-1.86207e+00 -5.58621e+00       3.775e+11  5.296260e-01  1.060703e-01  7.436931e-01  4.703740e-01
-1.44828e+00 -5.58621e+00       3.195e+11  2.915990e-01  1.611093e-01  8.550705e-01  7.084010e-01
-1.03448e+00 -5.58621e+00       2.463e+11  5.277499e-02  1.705930e-01  8.606859e-01  9.472250e-01
-6.20690e-01 -5.58621e+00       1.696e+11 -2.275843e-01  8.369131e-02  7.193256e-01  7.724157e-01
-2.06897e-01 -5.58621e+00       1.315e+11 -4.683513e-01 -6.329005e-02  3.453564e-01  5.316487e-01
 2.06897e-01 -5.58621e+00       1.381e+11 -4.395816e-01 -9.187938e-02 -2.168881e-01  5.604184e-01
 6.20690e-01 -5.58621e+00       1.933e+11 -1.681212e-01  7.025015e-03 -6.933353e-01  8.318788e-01
 1.03448e+00 -5.58621e+00       2.926e+11  9.988849e-02  8.081644e-02 -8.768079e-01  9.001115e-01
 1.44828e+00 -5.58621e+00       3.865e+11  3.195706e-01  8.994120e-02 -8.693292e-01  6.804294e-01
 1.86207e+00 -5.58621e+00       4.450e+11  5.399388e-01  6.717359e-02 -7.588606e-01  4.600612e-01
 2.27586e+00 -5.58621e+00       4.839e+11  7.253461e-01  5.355564e-02 -5.914191e-01  2.746539e-01
 2.68966e+00 -5.58621e+00       4.871e+11  8.294477e-01  5.904419e-02 -3.881384e-01  1.705523e-01
 3.10345e+00 -5.58621e+00       4.439e+11  8.632616e-01  6.976434e-02 -1.192346e-01  1.367384e-01
 3.51724e+00 -5.58621e+00       3.981e+11  8.440924e-01  5.950549e-02  1.789036e-01  1.559076e-01
 3.93103e+00 -5.58621e+00       3.873e+11  8.011713e-01  1.322284e-02  3.932836e-01  1.988287e-01
 4.34483e+00 -5.58621e+00       4.273e+11  7.351562e-01 -1.064687e-02  5.285177e-01  2.648438e-01
 4.75862e+00 -5.58621e+00       5.926e+11  6.004591e-01  1.030191e-02  6.841071e-01  3.995409e-01
 5.17241e+00 -5.58621e+00       9.822e+11  4.531665e-01  1.815228e-02  8.216742e-01  5.468335e-01
 5.58621e+00 -5.58621e+00       1.462e+12  3.444615e-01  9.204818e-03  8.994696e-01  6.555385e-01
 6.00000e+00 -5.58621e+00       1.736e+12  2.552784e-01  1.024890e-03  9.428824e-01  7.447216e-01
-6.00000e+00 -5.17241e+00       1.323e+12  1.769856e-01  4.684066e-04 -9.392626e-01  8.230144e-01
-5.58621e+00 -5.17241e+00       1.052e+12  3.033531e-01 -1.463058e-02 -8.876883e-01  6.966469e-01
-5.17241e+00 -5.17241e+00       7.601e+11  4.193759e-01 -5.502795e-02 -8.302418e-01  5.806241e-01
-4.75862e+00 -5.17241e+00       4.993e+11  5.039318e-01 -9.178494e-02 -7.624592e-01  4.960682e-01
-4.34483e+00 -5.17241e+00       3.928e+11  6.226047e-01 -4.955126e-02 -6.047761e-01  3.773953e-01
-3.93103e+00 -5.17241e+00       4.428e+11  7.753476e-01  2.805767e-02 -3.301437e-01  2.246524e-01
-3.51724e+00 -5.17241e+00       5.225e+11  8.750787e-01  6.257854e-02 -5.679517e-02  1.249213e-01
-3.10345e+00 -5.17241e+00       5.227e+11  9.073018e-01  7.401529e-02  1.606287e-01  9.269823e-02
-2.68966e+00 -5.17241e+00       4.494e+11  8.865326e-01  9.348100e-02  3.345571e-01  1.134674e-01
-2.27586e+00 -5.17241e+00       3.674e+11  8.423809e-01  1.037463e-01  4.468055e-01  1.576191e-01
-1.86207e+00 -5.17241e+00       2.990e+11  7.904650e-01  4.286972e-02  4.738006e-01  2.095350e-01
-1.44828e+00 -5.17241e+00       2.552e+11  7.181596e-01 -1.226488e-01  4.564466e-01  2.818404e-01
-1.03448e+00 -5.17241e+00       2.478e+11  6.611648e-01 -2.732177e-01  4.634072e-01  3.388352e-01
-6.20690e-01 -5.17241e+00       2.474e+11  6.450214e-01 -2.752064e-01  4.897214e-01  3.549786e-01
-2.06897e-01 -5.17241e+00       2.255e+11  6.086738e-01 -2.138827e-01  5.026024e-01  3.913262e-01
 2.06897e-01 -5.17241e+00       1.967e+11  4.931675e-01 -2.250613e-01  4.694901e-01  5.068325e-01
 6.20690e-01 -5.17241e+00       1.781e+11  3.479721e-01 -3.359133e-01  3.113479e-01  6.520279e-01
 1.03448e+00 -5.17241e+00       1.722e+11  3.221637e-01 -3.625612e-01 -5.530569e-03  6.778363e-01
 1.44828e+00 -5.17241e+00       1.929e+11  4.609895e-01 -1.725677e-01 -3.552117e-01  5.390105e-01
 1.86207e+00 -5.17241e+00       2.764e+11  6.644361e-01  7.854227e-03 -5.003059e-01  3.355639e-01
 2.27586e+00 -5.17241e+00       4.237e+11  8.163944e-01  4.936103e-02 -4.493281e-01  1.836056e-01
 2.68966e+00 -5.17241e+00       5.515e+11  8.993683e-01  4.675809e-02 -3.397677e-01  1.006317e-01
 3.10345e+00 -5.17241e+00       5.871e+11  9.331049e-01  4.393148e-02 -1.943675e-01  6.689510e-02
 3.51724e+00 -5.17241e+00       5.424e+11  9.146867e-01  4.900260e-02  9.552041e-03  8.531334e-02
 3.93103e+00 -5.17241e+00       4.687e+11  8.384729e-01  5.108329e-02  2.697932e-01  1.615271e-01
 4.34483e+00 -5.17241e+00       4.175e+11  7.343025e-01  2.587716e-02  5.053215e-01  2.656975e-01
 4.75862e+00 -5.17241e+00       4.293e+11  6.182887e-01 -4.305560e-03  6.609632e-01  3.817113e-01
 5.17241e+00 -5.17241e+00       5.824e+11  4.449057e-01  5.730847e-03  7.955686e-01  5.550943e-01
 5.58621e+00 -5.17241e+00       9.534e+11  2.772912e-01  1.667443e-02  8.984536e-01  7.227088e-01
 6.00000e+00 -5.17241e+00       1.373e+12  1.628498e-01  1.074052e-02  9.497675e-01  8.371502e-01
-6.00000e+00 -4.75862e+00       9.892e+11  1.128285e-01 -1.012125e-02 -9.306893e-01  8.871715e-01
-5.58621e+00 -4.75862e+00       7.131e+11  2.404796e-01 -4.876757e-02 -8.930578e-01  7.595204e-01
-5.17241e+00 -4.75862e+00       4.825e+11  3.533863e-01 -8.424379e-02 -8.334101e-01  6.466137e-01
-4.75862e+00 -4.75862e+00       4.036e+11  5.253407e-01 -3.954965e-02 -6.754853e-01  4.746593e-01
-4.34483e+00 -4.75862e+00       4.687e+11  7.306166e-01  3.176451e-02 -4.314389e-01  2.693834e-01
-3.93103e+00 -4.75862e+00       5.341e+11  8.661471e-01  6.157210e-02 -2.145531e-01  1.338529e-01
-3.51724e+00 -4.75862e+00       5.033e+11  9.335485e-01  7.624996e-02 -4.816765e-02  6.645154e-02
-3.10345e+00 -4.75862e+00       4.194e+11  9.542147e-01  8.099148e-02  5.682648e-02  4.578532e-02
-2.68966e+00 -4.75862e+00       3.478e+11  9.415923e-01  3.718933e-02  7.378721e-02  5.840768e-02
-2.27586e+00 -4.75862e+00       2.908e+11  8.995506e-01 -1.722251e-02  3.173700e-02  1.004494e-01
-1.86207e+00 -4.75862e+00       2.202e+11  8.200182e-01  1.331909e-02 -1.410892e-02  1.799818e-01
-1.44828e+00 -4.75862e+00       1.436e+11  6.799314e-01  7.491891e-02 -6.238018e-02  3.200686e-01
-1.03448e+00 -4.75862e+00       9.807e+10  4.802571e-01 -9.322967e-02 -1.785859e-01  5.197429e-01
-6.20690e-01 -4.75862e+00       8.917e+10  3.177559e-01 -4.698082e-01 -3.235478e-01  6.822441e-01
-2.06897e-01 -4.75862e+00       9.820e+10  2.975579e-01 -6.430514e-01 -4.046800e-01  7.024421e-01
 2.06897e-01 -4.75862e+00       1.119e+11  4.243979e-01 -5.826594e-01 -4.336355e-01  5.756021e-01
 6.20690e-01 -4.75862e+00       1.282e+11  6.252109e-01 -3.801548e-01 -3.955152e-01  3.747891e-01
 1.03448e+00 -4.75862e+00       1.526e+11  7.822266e-01 -1.310515e-01 -3.027934e-01  2.177734e-01
 1.44828e+00 -4.75862e+00       1.803e+11  8.215433e-01  1.427700e-02 -2.043861e-01  1.784567e-01
 1.86207e+00 -4.75862e+00       1.951e+11  7.847371e-01  2.023930e-02 -1.443943e-01  2.152629e-01
 2.27586e+00 -4.75862e+00       2.239e+11  7.934690e-01 -5.273589e-03 -1.516252e-01  2.065310e-01
 2.68966e+00 -4.75862e+00       3.291e+11  8.900532e-01  2.520943e-02 -1.405206e-01  1.099468e-01
 3.10345e+00 -4.75862e+00       4.937e+11  9.545835e-01  4.369634e-02 -6.895418e-02  4.541649e-02
 3.51724e+00 -4.75862e+00       5.974e+11  9.629542e-01  4.194301e-02  3.030124e-02  3.704582e-02
 3.93103e+00 -4.75862e+00       5.776e+11  9.154193e-01  4.174906e-02  1.764673e-01  8.458071e-02
 4.34483e+00 -4.75862e+00       4.938e+11  8.006918e-01  4.319104e-02  3.893815e-01  1.993082e-01
 4.75862e+00 -4.75862e+00       4.230e+11  6.475017e-01  2.530266e-02  6.082492e-01  3.524983e-01
 5.17241e+00 -4.75862e+00       4.236e+11  4.779669e-01 -1.785230e-03  7.619217e-01  5.220331e-01
 5.58621e+00 -4.75862e+00       5.835e+11  2.639053e-01  5.668736e-03  8.719160e-01  7.360947e-01
 6.00000e+00 -4.75862e+00       9.406e+11  8.893542e-02  1.564200e-02  9.381608e-01  9.110646e-01
-6.00000e+00 -4.34483e+00       6.817e+11  5.505579e-02 -3.707584e-02 -9.175104e-01  9.449442e-01
-5.58621e+00 -4.34483e+00       4.684e+11  1.914119e-01 -7.742891e-02 -8.770893e-01  8.085881e-01
-5.17241e+00 -4.34483e+00       3.898e+11  3.966632e-01 -4.427720e-02 -7.481090e-01  6.033368e-01
-4.75862e+00 -4.34483e+00       4.477e+11  6.442916e-01  2.699509e-02 -5.416937e-01  3.557084e-01
-4.34483e+00 -4.34483e+00       5.039e+11  8.123109e-01  5.958296e-02 -3.615200e-01  1.876891e-01
-3.93103e+00 -4.34483e+00       4.657e+11  9.039398e-01  7.379342e-02 -2.308552e-01  9.606024e-02
-3.51724e+00 -4.34483e+00       3.827e+11  9.341368e-01  6.974857e-02 -1.709224e-01  6.586318e-02
-3.10345e+00 -4.34483e+00       3.084e+11  9.090140e-01  3.891140e-02 -1.863811e-01  9.098604e-02
-2.68966e+00 -4.34483e+00       2.299e+11  8.450465e-01  2.353766e-02 -2.005708e-01  1.549535e-01
-2.27586e+00 -4.34483e+00       1.465e+11  7.438629e-01 -1.147520e-02 -1.161516e-01  2.561371e-01
-1.86207e+00 -4.34483e+00       9.001e+10  6.013437e-01 -1.879472e-01  1.269031e-01  3.986563e-01
-1.44828e+00 -4.34483e+00       6.890e+10  4.262712e-01 -3.847861e-01  3.739102e-01  5.737288e-01
-1.03448e+00 -4.34483e+00       6.790e+10  1.674202e-01 -4.192372e-01  3.506900e-01  8.325798e-01
-6.20690e-01 -4.34483e+00       7.665e+10 -5.896160e-02 -3.825149e-01 -1.235608e-02  9.410384e-01
-2.06897e-01 -4.34483e+00       9.566e+10 -1.994884e-02 -3.232811e-01 -4.711654e-01  9.800512e-01
 2.06897e-01 -4.34483e+00       1.193e+11  1.811502e-01 -2.596423e-01 -7.124867e-01  8.188498e-01
 6.20690e-01 -4.34483e+00       1.305e+11  3.626814e-01 -2.188748e-01 -7.419006e-01  6.373186e-01
 1.03448e+00 -4.34483e+00       1.285e+11  5.366333e-01 -2.215343e-01 -6.093881e-01  4.633667e-01
 1.44828e+00 -4.34483e+00       1.391e+11  7.399620e-01 -2.333086e-01 -3.509087e-01  2.600380e-01
 1.86207e+00 -4.34483e+00       1.737e+11  8.703628e-01 -1.705935e-01 -1.193018e-01  1.296372e-01
 2.27586e+00 -4.34483e+00       2.094e+11  8.971411e-01 -6.674584e-02  2.521673e-02  1.028589e-01
 2.68966e+00 -4.34483e+00       2.325e+11  8.833953e-01  3.769072e-03  8.295624e-02  1.166047e-01
 3.10345e+00 -4.34483e+00       2.919e+11  9.047190e-01  3.631682e-02  9.528822e-02  9.528101e-02
 3.51724e+00 -4.34483e+00       4.293e+11  9.418338e-01  4.785286e-02  1.428776e-01  5.816617e-02
 3.93103e+00 -4.34483e+00       5.523e+11  9.372611e-01  4.430262e-02  2.192199e-01  6.273887e-02
 4.34483e+00 -4.34483e+00       5.541e+11  8.714284e-01  4.057909e-02  3.342129e-01  1.285716e-01
 4.75862e+00 -4.34483e+00       4.726e+11  7.266406e-01  3.855268e-02  5.121549e-01  2.733594e-01
 5.17241e+00 -4.34483e+00       3.995e+11  5.323354e-01  2.013922e-02  7.034344e-01  4.676646e-01
 5.58621e+00 -4.34483e+00       4.108e+11  3.077066e-01 -2.030464e-03  8.349779e-01  6.922934e-01
 6.00000e+00 -4.34483e+00       5.947e+11  6.350983e-02  8.207248e-03  9.088713e-01  9.364902e-01
-6.00000e+00 -3.93103e+00       4.313e+11  3.377635e-02 -1.114188e-01 -8.695241e-01  9.662237e-01
-5.58621e+00 -3.93103e+00       3.586e+11  2.575919e-01 -9.362170e-02 -7.976668e-01  7.424081e-01
-5.17241e+00 -3.93103e+00       4.009e+11  5.300782e-01  3.990948e-03 -6.386891e-01  4.699218e-01
-4.75862e+00 -3.93103e+00       4.565e+11  7.290144e-01  5.527068e-02 -4.833862e-01  2.709856e-01
-4.34483e+00 -3.93103e+00       4.264e+11  8.424884e-01  7.228560e-02 -3.715722e-01  1.575116e-01
-3.93103e+00 -3.93103e+00       3.467e+11  8.806435e-01  7.139782e-02 -3.264012e-01  1.193565e-01
-3.51724e+00 -3.93103e+00       2.693e+11  8.508632e-01  5.317813e-02 -3.384707e-01  1.491368e-01
-3.10345e+00 -3.93103e+00       1.925e+11  8.006666e-01  2.990395e-02 -3.005611e-01  1.993334e-01
-2.68966e+00 -3.93103e+00       1.380e+11  7.883368e-01 -4.298767e-02 -6.544895e-02  2.116632e-01
-2.27586e+00 -3.93103e+00       1.573e+11  8.137346e-01 -1.156369e-01  3.100736e-01  1.862654e-01
-1.86207e+00 -3.93103e+00       2.897e+11  7.697764e-01 -1.193275e-01  5.236873e-01  2.302236e-01
-1.44828e+00 -3.93103e+00       5.219e+11  6.558617e-01 -1.450616e-01  6.398663e-01  3.441383e-01
-1.03448e+00 -3.93103e+00       7.177e+11  4.743992e-01 -1.885848e-01  7.098414e-01  5.256008e-01
-6.20690e-01 -3.93103e+00       7.367e+11  2.020616e-01 -2.357072e-01  6.657192e-01  7.979384e-01
-2.06897e-01 -3.93103e+00       6.570e+11 -9.027349e-02 -2.772941e-01  3.172025e-01  9.097265e-01
 2.06897e-01 -3.93103e+00       6.635e+11 -9.035139e-02 -2.801473e-01 -2.992153e-01  9.096486e-01
 6.20690e-01 -3.93103e+00       7.670e+11  2.080367e-01 -2.312259e-01 -6.573187e-01  7.919633e-01
 1.03448e+00 -3.93103e+00       7.945e+11  4.962503e-01 -1.657192e-01 -6.859163e-01  5.037497e-01
 1.44828e+00 -3.93103e+00       6.554e+11  7.048977e-01 -1.106644e-01 -5.616035e-01  2.951023e-01
 1.86207e+00 -3.93103e+00       4.507e+11  8.466096e-01 -8.776979e-02 -3.763290e-01  1.533904e-01
 2.27586e+00 -3.93103e+00       2.991e+11  9.154058e-01 -9.735031e-02 -1.621527e-01  8.459418e-02
 2.68966e+00 -3.93103e+00       2.381e+11  9.144479e-01 -8.008404e-02  7.812154e-02  8.555214e-02
 3.10345e+00 -3.93103e+00       2.362e+11  8.855580e-01 -1.420388e-02  2.272937e-01  1.144420e-01
 3.51724e+00 -3.93103e+00       2.788e+11  8.856491e-01  3.953563e-02  2.651650e-01  1.143509e-01
 3.93103e+00 -3.93103e+00       3.906e+11  9.044358e-01  5.392795e-02  3.001237e-01  9.556421e-02
 4.34483e+00 -3.93103e+00       4.989e+11  8.855879e-01  4.783995e-02  3.634962e-01  1.144121e-01
 4.75862e+00 -3.93103e+00       4.955e+11  7.998641e-01  4.204755e-02  4.620537e-01  2.001359e-01
 5.17241e+00 -3.93103e+00       4.060e+11  6.263558e-01  3.357178e-02  6.117080e-01  3.736442e-01
 5.58621e+00 -3.93103e+00       3.304e+11  3.881083e-01  2.327143e-04  7.702147e-01  6.118917e-01
 6.00000e+00 -3.93103e+00       3.653e+11  1.066191e-01 -2.287219e-02  8.630200e-01  8.933809e-01
-6.00000e+00 -3.51724e+00       3.049e+11  3.175438e-02 -7.349162e-02 -8.035907e-01  9.682456e-01
-5.58621e+00 -3.51724e+00       3.265e+11  3.577626e-01 -1.547520e-02 -6.954407e-01  6.422374e-01
-5.17241e+00 -3.51724e+00       3.895e+11  6.187617e-01  4.015229e-02 -5.661139e-01  3.812383e-01
-4.75862e+00 -3.51724e+00       3.865e+11  7.695181e-01  6.455754e-02 -4.683296e-01  2.304819e-01
-4.34483e+00 -3.51724e+00       3.187e+11  8.252491e-01  7.398607e-02 -4.244947e-01  1.747509e-01
-3.93103e+00 -3.51724e+00       2.443e+11  8.040332e-01  6.405906e-02 -4.258385e-01  1.959668e-01
-3.51724e+00 -3.51724e+00       1.910e+11  7.921003e-01  3.475639e-02 -3.442917e-01  2.078997e-01
-3.10345e+00 -3.51724e+00       2.400e+11  8.993030e-01 -1.713361e-02 -5.543251e-02  1.006970e-01
-2.68966e+00 -3.51724e+00       5.646e+11  9.677120e-01 -2.549473e-02  1.200883e-01  3.228802e-02
-2.27586e+00 -3.51724e+00       1.166e+12  9.695217e-01 -1.626886e-02  1.855663e-01  3.047835e-02
-1.86207e+00 -3.51724e+00       1.535e+12  9.548657e-01 -1.151170e-03  2.356569e-01  4.513429e-02
-1.44828e+00 -3.51724e+00       1.228e+12  9.251113e-01  2.577615e-02  2.831363e-01  7.488867e-02
-1.03448e+00 -3.51724e+00       6.313e+11  8.569539e-01  6.839935e-02  3.219216e-01  1.430461e-01
-6.20690e-01 -3.51724e+00       2.702e+11  7.094754e-01  1.275389e-01  3.024927e-01  2.905246e-01
-2.06897e-01 -3.51724e+00       1.679e+11  5.905930e-01  1.580987e-01  1.007680e-01  4.094070e-01
 2.06897e-01 -3.51724e+00       1.987e+11  6.859407e-01  7.354758e-02 -1.871197e-01  3.140593e-01
 6.20690e-01 -3.51724e+00       3.694e+11  8.369368e-01 -6.366907e-03 -3.113341e-01  1.630632e-01
 1.03448e+00 -3.51724e+00       7.724e+11  9.136354e-01 -2.314810e-02 -3.116345e-01  8.636465e-02
 1.44828e+00 -3.51724e+00       1.353e+12  9.435857e-01 -3.064352e-02 -2.803035e-01  5.641428e-02
 1.86207e+00 -3.51724e+00       1.656e+12  9.592803e-01 -3.847385e-02 -2.356889e-01  4.071969e-02
 2.27586e+00 -3.51724e+00       1.322e+12  9.699202e-01 -4.374546e-02 -1.747595e-01  3.007978e-02
 2.68966e+00 -3.51724e+00       7.277e+11  9.720316e-01 -5.109269e-02 -7.850082e-02  2.796836e-02
 3.10345e+00 -3.51724e+00       3.618e+11  9.418069e-01 -5.503626e-02  1.002836e-01  5.819313e-02
 3.51724e+00 -3.51724e+00       2.515e+11  8.762449e-01 -1.263561e-02  3.018282e-01  1.237551e-01
 3.93103e+00 -3.51724e+00       2.708e+11  8.555410e-01  4.488280e-02  3.761520e-01  1.444590e-01
 4.34483e+00 -3.51724e+00       3.655e+11  8.623136e-01  5.808208e-02  4.098427e-01  1.376864e-01
 4.75862e+00 -3.51724e+00       4.413e+11  8.255407e-01  4.746444e-02  4.651312e-01  1.744593e-01
 5.17241e+00 -3.51724e+00       4.191e+11  7.011652e-01  3.642916e-02  5.656223e-01  2.988348e-01
 5.58621e+00 -3.51724e+00       3.516e+11  4.810971e-01  2.032463e-02  7.158129e-01  5.189029e-01
 6.00000e+00 -3.51724e+00       3.257e+11  2.122688e-01 -5.829955e-03  8.343558e-01  7.877312e-01
-6.00000e+00 -3.10345e+00       2.626e+11  1.629828e-01 -3.125997e-02 -7.289930e-01  8.370172e-01
-5.58621e+00 -3.10345e+00       3.203e+11  4.756862e-01  3.637744e-02 -6.285926e-01  5.243138e-01
-5.17241e+00 -3.10345e+00       3.422e+11  6.763472e-01  6.205733e-02 -5.325933e-01  3.236528e-01
-4.75862e+00 -3.10345e+00       2.953e+11  7.733682e-01  7.048694e-02 -4.799825e-01  2.266318e-01
-4.34483e+00 -3.10345e+00       2.300e+11  7.756828e-01  7.182577e-02 -4.731520e-01  2.243172e-01
-3.93103e+00 -3.10345e+00       2.039e+11  7.932227e-01  4.726359e-02 -3.876864e-01  2.067773e-01
-3.51724e+00 -3.10345e+00       3.594e+11  9.279535e-01  7.588036e-03 -1.705218e-01  7.204648e-02
-3.10345e+00 -3.10345e+00       9.084e+11  9.848050e-01  2.202662e-03 -8.143941e-02  1.519505e-02
-2.68966e+00 -3.10345e+00       1.610e+12  9.936164e-01  7.566482e-03 -4.830556e-02  6.383633e-03
-2.27586e+00 -3.10345e+00       1.695e+12  9.936818e-01  1.822801e-02 -2.052314e-02  6.318162e-03
-1.86207e+00 -3.10345e+00       1.135e+12  9.891684e-01  3.911442e-02  6.762223e-03  1.083156e-02
-1.44828e+00 -3.10345e+00       7.079e+11  9.810427e-01  6.726767e-02  2.006467e-02  1.895728e-02
-1.03448e+00 -3.10345e+00       7.160e+11  9.804019e-01  8.388301e-02  2.214466e-02  1.959810e-02
-6.20690e-01 -3.10345e+00       9.467e+11  9.839500e-01  9.574437e-02  3.844103e-02  1.604996e-02
-2.06897e-01 -3.10345e+00       1.102e+12  9.839868e-01  1.032324e-01  6.494173e-02  1.601321e-02
 2.06897e-01 -3.10345e+00       9.973e+11  9.785948e-01  1.052766e-01  1.015316e-01  2.140521e-02
 6.20690e-01 -3.10345e+00       6.984e+11  9.660680e-01  9.777749e-02  1.430413e-01  3.393197e-02
 1.03448e+00 -3.10345e+00       4.617e+11  9.527505e-01  5.911654e-02  1.485235e-01  4.724953e-02
 1.44828e+00 -3.10345e+00       5.545e+11  9.696976e-01 -3.688107e-03  6.422664e-02  3.030245e-02
 1.86207e+00 -3.10345e+00       1.113e+12  9.891886e-01 -2.338421e-02  2.515148e-02  1.081142e-02
 2.27586e+00 -3.10345e+00       1.771e+12  9.943975e-01 -2.682700e-02  3.004892e-02  5.602541e-03
 2.68966e+00 -3.10345e+00       1.749e+12  9.936927e-01 -2.986588e-02  4.929005e-02  6.307343e-03
 3.10345e+00 -3.10345e+00       1.064e+12  9.854980e-01 -3.546407e-02  8.873571e-02  1.450198e-02
 3.51724e+00 -3.10345e+00       4.768e+11  9.481842e-01 -3.845266e-02  1.887451e-01  5.181581e-02
 3.93103e+00 -3.10345e+00       2.638e+11  8.641983e-01 -7.797108e-04  3.604858e-01  1.358017e-01
 4.34483e+00 -3.10345e+00       2.646e+11  8.300768e-01  5.302624e-02  4.452051e-01  1.699232e-01
 4.75862e+00 -3.10345e+00       3.432e+11  8.204232e-01  5.836921e-02  4.830420e-01  1.795768e-01
 5.17241e+00 -3.10345e+00       3.867e+11  7.487948e-01  4.691700e-02  5.462917e-01  2.512052e-01
 5.58621e+00 -3.10345e+00       3.500e+11  5.798010e-01  3.614001e-02  6.550436e-01  4.201990e-01
 6.00000e+00 -3.10345e+00       2.920e+11  3.311561e-01  1.494571e-02  7.794796e-01  6.688439e-01
-6.00000e+00 -2.68966e+00       2.491e+11  3.099599e-01 -8.548324e-03 -6.652340e-01  6.900401e-01
-5.58621e+00 -2.68966e+00       2.906e+11  5.694733e-01  5.576749e-02 -5.742204e-01  4.305267e-01
-5.17241e+00 -2.68966e+00       2.738e+11  7.189109e-01  6.717388e-02 -5.072217e-01  2.810891e-01
-4.75862e+00 -2.68966e+00       2.203e+11  7.621432e-01  6.973674e-02 -4.893274e-01  2.378568e-01
-4.34483e+00 -2.68966e+00       1.987e+11  7.808774e-01  5.853949e-02 -4.375110e-01  2.191226e-01
-3.93103e+00 -2.68966e+00       3.613e+11  9.070911e-01  2.306827e-02 -2.741550e-01  9.290885e-02
-3.51724e+00 -2.68966e+00       9.304e+11  9.681112e-01  1.301385e-02 -2.038139e-01  3.188878e-02
-3.10345e+00 -2.68966e+00       1.647e+12  9.801943e-01  1.467667e-02 -1.814727e-01  1.980571e-02
-2.68966e+00 -2.68966e+00       1.745e+12  9.834522e-01  2.145946e-02 -1.657904e-01  1.654781e-02
-2.27586e+00 -2.68966e+00       1.354e+12  9.833313e-01  3.624375e-02 -1.565447e-01  1.666865e-02
-1.86207e+00 -2.68966e+00       1.419e+12  9.818180e-01  4.263009e-02 -1.584454e-01  1.818201e-02
-1.44828e+00 -2.68966e+00       2.389e+12  9.859425e-01  2.826226e-02 -1.373478e-01  1.405748e-02
-1.03448e+00 -2.68966e+00       4.516e+12  9.923686e-01  1.677596e-02 -9.297764e-02  7.631419e-03
-6.20690e-01 -2.68966e+00       7.778e+12  9.963778e-01  1.151340e-02 -4.996184e-02  3.622175e-03
-2.06897e-01 -2.68966e+00       1.046e+13  9.977908e-01  7.421894e-03 -1.190319e-02  2.209173e-03
 2.06897e-01 -2.68966e+00       1.017e+13  9.973102e-01  3.223662e-03  2.655950e-02  2.689841e-03
 6.20690e-01 -2.68966e+00       7.074e+12  9.945837e-01 -5.496672e-04  6.984342e-02  5.416300e-03
 1.03448e+00 -2.68966e+00       3.671e+12  9.878526e-01 -2.099709e-03  1.236692e-01  1.214743e-02
 1.44828e+00 -2.68966e+00       1.606e+12  9.749474e-01  2.009818e-03  1.876653e-01  2.505264e-02
 1.86207e+00 -2.68966e+00       8.527e+11  9.643438e-01  1.017346e-03  2.195153e-01  3.565618e-02
 2.27586e+00 -2.68966e+00       1.077e+12  9.748936e-01 -1.685542e-02  1.847762e-01  2.510636e-02
 2.68966e+00 -2.68966e+00       1.704e+12  9.811194e-01 -2.276513e-02  1.733878e-01  1.888063e-02
 3.10345e+00 -2.68966e+00       1.743e+12  9.803202e-01 -2.534911e-02  1.800734e-01  1.967984e-02
 3.51724e+00 -2.68966e+00       1.063e+12  9.709598e-01 -2.951656e-02  2.038390e-01  2.904023e-02
 3.93103e+00 -2.68966e+00       4.587e+11  9.300227e-01 -2.700100e-02  2.791462e-01  6.997729e-02
 4.34483e+00 -2.68966e+00       2.479e+11  8.455179e-01  1.849317e-02  4.170170e-01  1.544821e-01
 4.75862e+00 -2.68966e+00       2.570e+11  8.139266e-01  5.980535e-02  4.854041e-01  1.860734e-01
 5.17241e+00 -2.68966e+00       3.170e+11  7.790340e-01  5.628065e-02  5.283008e-01  2.209660e-01
 5.58621e+00 -2.68966e+00       3.202e+11  6.619165e-01  4.404186e-02  6.018666e-01  3.380835e-01
 6.00000e+00 -2.68966e+00       2.649e+11  4.454908e-01  2.376246e-02  7.124580e-01  5.545092e-01
-6.00000e+00 -2.27586e+00       2.224e+11  4.465827e-01  1.842993e-02 -5.923365e-01  5.534173e-01
-5.58621e+00 -2.27586e+00       2.404e+11  6.704913e-01  4.566173e-02 -5.096580e-01  3.295087e-01
-5.17241e+00 -2.27586e+00       2.126e+11  7.597971e-01  5.381336e-02 -4.831479e-01  2.402029e-01
-4.75862e+00 -2.27586e+00       1.818e+11  7.750155e-01  6.463604e-02 -4.658578e-01  2.249845e-01
-4.34483e+00 -2.27586e+00       2.769e+11  8.696528e-01  3.835998e-02 -3.483658e-01  1.303472e-01
-3.93103e+00 -2.27586e+00       7.309e+11  9.471418e-01  1.896400e-02 -2.714888e-01  5.285825e-02
-3.51724e+00 -2.27586e+00       1.460e+12  9.646321e-01  1.672263e-02 -2.511371e-01  3.536789e-02
-3.10345e+00 -2.27586e+00       1.773e+12  9.688131e-01  1.967897e-02 -2.412889e-01  3.118686e-02
-2.68966e+00 -2.27586e+00       1.706e+12  9.697219e-01  2.675113e-02 -2.354436e-01  3.027813e-02
-2.27586e+00 -2.27586e+00       2.964e+12  9.724544e-01  2.247957e-02 -2.234904e-01  2.754556e-02
-1.86207e+00 -2.27586e+00       8.690e+12  9.782008e-01  1.027800e-02 -1.998348e-01  2.179917e-02
-1.44828e+00 -2.27586e+00       2.206e+13  9.833753e-01  1.053041e-03 -1.727470e-01  1.662469e-02
-1.03448e+00 -2.27586e+00       4.071e+13  9.882934e-01 -6.067155e-03 -1.388499e-01  1.170656e-02
-6.20690e-01 -2.27586e+00       5.626e+13  9.929176e-01 -1.102372e-02 -9.394555e-02  7.082430e-03
-2.06897e-01 -2.27586e+00       6.367e+13  9.961349e-01 -1.373820e-02 -3.751960e-02  3.865122e-03
 2.06897e-01 -2.27586e+00       6.373e+13  9.965803e-01 -1.520799e-02  2.375704e-02  3.419655e-03
 6.20690e-01 -2.27586e+00       5.603e+13  9.941784e-01 -1.679683e-02  7.922200e-02  5.821623e-03
 1.03448e+00 -2.27586e+00       3.965e+13  9.900712e-01 -1.888182e-02  1.239281e-01  9.928768e-03
 1.44828e+00 -2.27586e+00       2.045e+13  9.850333e-01 -2.096465e-02  1.601384e-01  1.496669e-02
 1.86207e+00 -2.27586e+00       7.278e+12  9.783646e-01 -2.202242e-02  1.942095e-01  2.163537e-02
 2.27586e+00 -2.27586e+00       2.073e+12  9.674390e-01 -2.034174e-02  2.346886e-01  3.256104e-02
 2.68966e+00 -2.27586e+00       1.285e+12  9.632787e-01 -1.932983e-02  2.502640e-01  3.672127e-02
 3.10345e+00 -2.27586e+00       1.676e+12  9.673960e-01 -2.099178e-02  2.422996e-01  3.260396e-02
 3.51724e+00 -2.27586e+00       1.531e+12  9.662613e-01 -2.322354e-02  2.457926e-01  3.373868e-02
 3.93103e+00 -2.27586e+00       8.362e+11  9.539696e-01 -2.559079e-02  2.679580e-01  4.603036e-02
 4.34483e+00 -2.27586e+00       3.472e+11  9.038574e-01 -1.066922e-02  3.442059e-01  9.614257e-02
 4.75862e+00 -2.27586e+00       2.190e+11  8.343618e-01  4.267835e-02  4.511917e-01  1.656382e-01
 5.17241e+00 -2.27586e+00       2.450e+11  8.115370e-01  5.743879e-02  4.950915e-01  1.884630e-01
 5.58621e+00 -2.27586e+00       2.667e+11  7.445212e-01  4.633212e-02  5.391817e-01  2.554788e-01
 6.00000e+00 -2.27586e+00       2.267e+11  5.588613e-01  3.018502e-02  6.202518e-01  4.411387e-01
-6.00000e+00 -1.86207e+00       1.932e+11  6.347291e-01  8.290785e-04 -5.207021e-01  3.652709e-01
-5.58621e+00 -1.86207e+00       2.092e+11  7.531498e-01  3.315415e-02 -4.885435e-01  2.468502e-01
-5.17241e+00 -1.86207e+00       1.771e+11  7.896269e-01  6.750147e-02 -4.624948e-01  2.103731e-01
-4.75862e+00 -1.86207e+00       1.911e+11  8.363407e-01  5.925318e-02 -3.914302e-01  1.636593e-01
-4.34483e+00 -1.86207e+00       4.570e+11  9.272224e-01  2.618130e-02 -3.015039e-01  7.277761e-02
-3.93103e+00 -1.86207e+00       1.099e+12  9.560941e-01  1.835429e-02 -2.753425e-01  4.390591e-02
-3.51724e+00 -1.86207e+00       1.658e+12  9.620340e-01  1.802213e-02 -2.673858e-01  3.796605e-02
-3.10345e+00 -1.86207e+00       1.867e+12  9.632277e-01  2.031738e-02 -2.639155e-01  3.677226e-02
-2.68966e+00 -1.86207e+00       3.464e+12  9.647657e-01  1.514706e-02 -2.582313e-01  3.523432e-02
-2.27586e+00 -1.86207e+00       1.005e+13  9.682406e-01  4.547067e-03 -2.461536e-01  3.175941e-02
-1.86207e+00 -1.86207e+00       2.250e+13  9.719826e-01 -3.787299e-03 -2.310070e-01  2.801737e-02
-1.44828e+00 -1.86207e+00       3.256e+13  9.761843e-01 -1.019031e-02 -2.115148e-01  2.381570e-02
-1.03448e+00 -1.86207e+00       3.061e+13  9.810761e-01 -1.436857e-02 -1.851718e-01  1.892392e-02
-6.20690e-01 -1.86207e+00       2.031e+13  9.867886e-01 -1.497731e-02 -1.445457e-01  1.321142e-02
-2.06897e-01 -1.86207e+00       1.246e+13  9.926201e-01 -8.654075e-03 -6.158577e-02  7.379931e-03
 2.06897e-01 -1.86207e+00       1.283e+13  9.930212e-01  7.335734e-05  6.533262e-02  6.978821e-03
 6.20690e-01 -1.86207e+00       2.144e+13  9.882544e-01 -1.942381e-03  1.387020e-01  1.174556e-02
 1.03448e+00 -1.86207e+00       3.201e+13  9.834985e-01 -8.147484e-03  1.736484e-01  1.650147e-02
 1.44828e+00 -1.86207e+00       3.302e+13  9.791907e-01 -1.437198e-02  1.974285e-01  2.080934e-02
 1.86207e+00 -1.86207e+00       2.162e+13  9.750244e-01 -1.982056e-02  2.169804e-01  2.497558e-02
 2.27586e+00 -1.86207e+00       8.750e+12  9.703261e-01 -2.405907e-02  2.357107e-01  2.967393e-02
 2.68966e+00 -1.86207e+00       2.576e+12  9.636354e-01 -2.523830e-02  2.575081e-01  3.636460e-02
 3.10345e+00 -1.86207e+00       1.478e+12  9.612879e-01 -2.055608e-02  2.650184e-01  3.871214e-02
 3.51724e+00 -1.86207e+00       1.593e+12  9.633581e-01 -1.974986e-02  2.605088e-01  3.664191e-02
 3.93103e+00 -1.86207e+00       1.171e+12  9.603828e-01 -2.155332e-02  2.658900e-01  3.961719e-02
 4.34483e+00 -1.86207e+00       5.379e+11  9.410872e-01 -1.898087e-02  2.962995e-01  5.891278e-02
 4.75862e+00 -1.86207e+00       2.400e+11  8.827556e-01  1.755154e-02  3.830067e-01  1.172444e-01
 5.17241e+00 -1.86207e+00       2.062e+11  8.434057e-01  5.723423e-02  4.497876e-01  1.565943e-01
 5.58621e+00 -1.86207e+00       2.261e+11  8.118644e-01  4.845285e-02  4.820777e-01  1.881356e-01
 6.00000e+00 -1.86207e+00       2.019e+11  7.088894e-01  3.989622e-02  5.361011e-01  2.911106e-01
-6.00000e+00 -1.44828e+00       1.789e+11  7.044942e-01  8.219289e-02 -4.431341e-01  2.955058e-01
-5.58621e+00 -1.44828e+00       1.688e+11  8.083622e-01  8.764242e-02 -3.814126e-01  1.916378e-01
-5.17241e+00 -1.44828e+00       1.451e+11  8.452721e-01  6.249454e-02 -3.614589e-01  1.547279e-01
-4.75862e+00 -1.44828e+00       2.396e+11  9.084728e-01  3.182343e-02 -3.074446e-01  9.152725e-02
-4.34483e+00 -1.44828e+00       6.593e+11  9.539283e-01  1.967801e-02 -2.666337e-01  4.607173e-02
-3.93103e+00 -1.44828e+00       1.317e+12  9.643305e-01  1.662832e-02 -2.565014e-01  3.566953e-02
-3.51724e+00 -1.44828e+00       1.731e+12  9.661881e-01  1.607822e-02 -2.541448e-01  3.381191e-02
-3.10345e+00 -1.44828e+00       2.651e+12  9.663857e-01  1.259494e-02 -2.536377e-01  3.361434e-02
-2.68966e+00 -1.44828e+00       6.999e+12  9.678973e-01  3.562378e-03 -2.486203e-01  3.210272e-02
-2.27586e+00 -1.44828e+00       1.590e+13  9.699631e-01 -4.141279e-03 -2.408216e-01  3.003691e-02
-1.86207e+00 -1.44828e+00       2.244e+13  9.723371e-01 -1.032030e-02 -2.307829e-01  2.766290e-02
-1.44828e+00 -1.44828e+00       1.896e+13  9.753286e-01 -1.508123e-02 -2.165595e-01  2.467140e-02
-1.03448e+00 -1.44828e+00       1.039e+13  9.802178e-01 -1.698707e-02 -1.876740e-01  1.978220e-02
-6.20690e-01 -1.44828e+00       5.343e+12  9.895754e-01 -1.162633e-02 -1.141890e-01  1.042463e-02
-2.06897e-01 -1.44828e+00       4.263e+12  9.969860e-01 -4.092805e-03 -2.663861e-02  3.013981e-03
 2.06897e-01 -1.44828e+00       4.335e+12  9.967719e-01 -2.031888e-03  3.575838e-02  3.228095e-03
 6.20690e-01 -1.44828e+00       5.659e+12  9.897075e-01  3.299532e-04  1.176168e-01  1.029246e-02
 1.03448e+00 -1.44828e+00       1.124e+13  9.819978e-01 -7.294184e-04  1.804748e-01  1.800216e-02
 1.44828e+00 -1.44828e+00       2.018e+13  9.782153e-01 -6.352189e-03  2.039432e-01  2.178470e-02
 1.86207e+00 -1.44828e+00       2.294e+13  9.756940e-01 -1.258146e-02  2.162339e-01  2.430599e-02
 2.27586e+00 -1.44828e+00       1.518e+13  9.732635e-01 -1.814789e-02  2.265448e-01  2.673653e-02
 2.68966e+00 -1.44828e+00       5.934e+12  9.702859e-01 -2.245571e-02  2.375152e-01  2.971405e-02
 3.10345e+00 -1.44828e+00       1.980e+12  9.668741e-01 -2.213933e-02  2.479038e-01  3.312594e-02
 3.51724e+00 -1.44828e+00       1.495e+12  9.679388e-01 -1.704549e-02  2.443653e-01  3.206123e-02
 3.93103e+00 -1.44828e+00       1.322e+12  9.682301e-01 -1.672436e-02  2.429314e-01  3.176988e-02
 4.34483e+00 -1.44828e+00       7.297e+11  9.618528e-01 -1.692113e-02  2.539429e-01  3.814718e-02
 4.75862e+00 -1.44828e+00       2.924e+11  9.329720e-01 -3.176327e-03  3.010301e-01  6.702798e-02
 5.17241e+00 -1.44828e+00       1.826e+11  8.871845e-01  4.216758e-02  3.806659e-01  1.128155e-01
 5.58621e+00 -1.44828e+00       2.058e+11  8.585907e-01  5.702142e-02  4.198154e-01  1.414093e-01
 6.00000e+00 -1.44828e+00       1.995e+11  7.841251e-01  4.489517e-02  4.685183e-01  2.158749e-01
-6.00000e+00 -1.03448e+00       1.566e+11  8.541900e-01 -3.541528e-03 -3.590839e-01  1.458100e-01
-5.58621e+00 -1.03448e+00       1.516e+11  8.904431e-01  3.223373e-02 -3.390115e-01  1.095569e-01
-5.17241e+00 -1.03448e+00       1.478e+11  9.110557e-01  4.945843e-02 -2.969248e-01  8.894426e-02
-4.75862e+00 -1.03448e+00       3.088e+11  9.538240e-01  2.626836e-02 -2.349503e-01  4.617604e-02
-4.34483e+00 -1.03448e+00       8.136e+11  9.727286e-01  1.528016e-02 -2.143941e-01  2.727137e-02
-3.93103e+00 -1.03448e+00       1.417e+12  9.764954e-01  1.291125e-02 -2.105486e-01  2.350456e-02
-3.51724e+00 -1.03448e+00       1.902e+12  9.766484e-01  1.058011e-02 -2.117631e-01  2.335161e-02
-3.10345e+00 -1.03448e+00       3.877e+12  9.767366e-01  3.857353e-03 -2.119264e-01  2.326343e-02
-2.68966e+00 -1.03448e+00       9.705e+12  9.776974e-01 -2.860141e-03 -2.080448e-01  2.230261e-02
-2.27586e+00 -1.03448e+00       1.648e+13  9.788629e-01 -8.010161e-03 -2.025425e-01  2.113709e-02
-1.86207e+00 -1.03448e+00       1.648e+13  9.803854e-01 -1.206746e-02 -1.944596e-01  1.961465e-02
-1.44828e+00 -1.03448e+00       1.010e+13  9.830291e-01 -1.397131e-02 -1.782730e-01  1.697085e-02
-1.03448e+00 -1.03448e+00       4.810e+12  9.884706e-01 -9.688050e-03 -1.390638e-01  1.152941e-02
-6.20690e-01 -1.03448e+00       2.683e+12  9.949708e-01  1.594321e-03 -7.934384e-02  5.029207e-03
-2.06897e-01 -1.03448e+00       1.998e+12  9.979486e-01  1.138940e-02 -1.974905e-02  2.051423e-03
 2.06897e-01 -1.03448e+00       2.145e+12  9.976061e-01  1.362053e-02  4.051279e-02  2.393896e-03
 6.20690e-01 -1.03448e+00       3.090e+12  9.947317e-01  8.370719e-03  8.787799e-02  5.268263e-03
 1.03448e+00 -1.03448e+00       5.483e+12  9.894375e-01  2.405056e-03  1.351385e-01  1.056250e-02
 1.44828e+00 -1.03448e+00       1.115e+13  9.851653e-01 -2.808587e-03  1.671449e-01  1.483467e-02
 1.86207e+00 -1.03448e+00       1.750e+13  9.831262e-01 -8.014845e-03  1.803857e-01  1.687379e-02
 2.27586e+00 -1.03448e+00       1.651e+13  9.818184e-01 -1.292455e-02  1.875247e-01  1.818159e-02
 2.68966e+00 -1.03448e+00       8.854e+12  9.804945e-01 -1.719912e-02  1.937173e-01  1.950546e-02
 3.10345e+00 -1.03448e+00       3.055e+12  9.788336e-01 -1.964749e-02  2.000426e-01  2.116637e-02
 3.51724e+00 -1.03448e+00       1.503e+12  9.787807e-01 -1.586917e-02  1.987455e-01  2.121934e-02
 3.93103e+00 -1.03448e+00       1.336e+12  9.798425e-01 -1.332719e-02  1.943029e-01  2.015749e-02
 4.34483e+00 -1.03448e+00       8.607e+11  9.780276e-01 -1.309406e-02  1.979085e-01  2.197244e-02
 4.75862e+00 -1.03448e+00       3.644e+11  9.669016e-01 -5.227339e-03  2.211018e-01  3.309837e-02
 5.17241e+00 -1.03448e+00       1.803e+11  9.418936e-01  2.608619e-02  2.737950e-01  5.810639e-02
 5.58621e+00 -1.03448e+00       1.666e+11  9.268537e-01  3.434436e-02  3.065741e-01  7.314631e-02
 6.00000e+00 -1.03448e+00       1.620e+11  8.974640e-01  2.426364e-02  3.396355e-01  1.025360e-01
-6.00000e+00 -6.20690e-01       1.306e+11  9.465540e-01 -1.096140e-03 -1.873811e-01  5.344595e-02
-5.58621e+00 -6.20690e-01       1.243e+11  9.588717e-01 -3.866349e-03 -1.931281e-01  4.112835e-02
-5.17241e+00 -6.20690e-01       1.445e+11  9.659577e-01  8.305115e-03 -1.851348e-01  3.404232e-02
-4.75862e+00 -6.20690e-01       3.655e+11  9.823358e-01  1.183654e-02 -1.535127e-01  1.766424e-02
-4.34483e+00 -6.20690e-01       9.072e+11  9.881260e-01  1.011747e-02 -1.439680e-01  1.187404e-02
-3.93103e+00 -6.20690e-01       1.462e+12  9.890852e-01  8.350436e-03 -1.434285e-01  1.091478e-02
-3.51724e+00 -6.20690e-01       2.129e+12  9.888951e-01  4.096447e-03 -1.457016e-01  1.110489e-02
-3.10345e+00 -6.20690e-01       4.870e+12  9.892118e-01 -1.675430e-03 -1.443457e-01  1.078820e-02
-2.68966e+00 -6.20690e-01       1.080e+13  9.897644e-01 -5.418217e-03 -1.409330e-01  1.023564e-02
-2.27586e+00 -6.20690e-01       1.497e+13  9.903258e-01 -8.178446e-03 -1.368952e-01  9.674241e-03
-1.86207e+00 -6.20690e-01       1.209e+13  9.910969e-01 -1.011439e-02 -1.306938e-01  8.903102e-03
-1.44828e+00 -6.20690e-01       6.167e+12  9.925172e-01 -1.001806e-02 -1.179435e-01  7.482791e-03
-1.03448e+00 -6.20690e-01       2.549e+12  9.950142e-01 -6.013181e-03 -9.270103e-02  4.985795e-03
-6.20690e-01 -6.20690e-01       1.144e+12  9.975906e-01 -1.695945e-03 -5.978452e-02  2.409405e-03
-2.06897e-01 -6.20690e-01       6.990e+11  9.990838e-01 -1.743543e-03 -2.053352e-02  9.162055e-04
 2.06897e-01 -6.20690e-01       7.774e+11  9.987996e-01  1.333520e-03  2.625005e-02  1.200386e-03
 6.20690e-01 -6.20690e-01       1.435e+12  9.973605e-01  4.005716e-03  6.340890e-02  2.639472e-03
 1.03448e+00 -6.20690e-01       3.132e+12  9.955344e-01  1.381082e-03  8.889888e-02  4.465578e-03
 1.44828e+00 -6.20690e-01       7.112e+12  9.937977e-01 -2.601794e-03  1.078256e-01  6.202276e-03
 1.86207e+00 -6.20690e-01       1.322e+13  9.928236e-01 -6.171700e-03  1.173747e-01  7.176364e-03
 2.27586e+00 -6.20690e-01       1.546e+13  9.922874e-01 -9.267307e-03  1.219827e-01  7.712589e-03
 2.68966e+00 -6.20690e-01       1.026e+13  9.918298e-01 -1.189141e-02  1.253181e-01  8.170197e-03
 3.10345e+00 -6.20690e-01       4.038e+12  9.912888e-01 -1.363003e-02  1.284020e-01  8.711152e-03
 3.51724e+00 -6.20690e-01       1.635e+12  9.912237e-01 -1.178833e-02  1.270669e-01  8.776330e-03
 3.93103e+00 -6.20690e-01       1.321e+12  9.919285e-01 -8.696456e-03  1.221363e-01  8.071502e-03
 4.34483e+00 -6.20690e-01       9.339e+11  9.916449e-01 -7.741083e-03  1.226529e-01  8.355125e-03
 4.75862e+00 -6.20690e-01       4.168e+11  9.886830e-01 -4.751909e-03  1.318626e-01  1.131700e-02
 5.17241e+00 -6.20690e-01       1.738e+11  9.801864e-01  7.347793e-03  1.582496e-01  1.981361e-02
 5.58621e+00 -6.20690e-01       1.434e+11  9.744568e-01  1.809026e-02  1.810204e-01  2.554323e-02
 6.00000e+00 -6.20690e-01       1.496e+11  9.656549e-01  2.224047e-02  1.962213e-01  3.434513e-02
-6.00000e+00 -2.06897e-01       1.250e+11  9.908879e-01  5.083663e-03 -7.075118e-02  9.112064e-03
-5.58621e+00 -2.06897e-01       1.159e+11  9.933166e-01 -3.153280e-03 -7.040408e-02  6.683367e-03
-5.17241e+00 -2.06897e-01       1.443e+11  9.942423e-01 -3.394647e-03 -7.120281e-02  5.757713e-03
-4.75862e+00 -2.06897e-01       3.937e+11  9.968688e-01  2.500374e-03 -6.215295e-02  3.131159e-03
-4.34483e+00 -2.06897e-01       9.488e+11  9.977556e-01  4.137004e-03 -5.935366e-02  2.244441e-03
-3.93103e+00 -2.06897e-01       1.486e+12  9.977963e-01  2.865959e-03 -6.059840e-02  2.203688e-03
-3.51724e+00 -2.06897e-01       2.283e+12  9.977713e-01 -1.876686e-03 -6.185906e-02  2.228740e-03
-3.10345e+00 -2.06897e-01       5.355e+12  9.980728e-01 -5.227386e-03 -5.859772e-02  1.927219e-03
-2.68966e+00 -2.06897e-01       1.102e+13  9.982937e-01 -6.040663e-03 -5.551583e-02  1.706254e-03
-2.27586e+00 -2.06897e-01       1.381e+13  9.984410e-01 -6.355782e-03 -5.298998e-02  1.559028e-03
-1.86207e+00 -2.06897e-01       1.007e+13  9.986042e-01 -6.307423e-03 -4.982998e-02  1.395755e-03
-1.44828e+00 -2.06897e-01       4.733e+12  9.988692e-01 -5.271313e-03 -4.428268e-02  1.130765e-03
-1.03448e+00 -2.06897e-01       1.937e+12  9.993190e-01 -2.845428e-03 -3.387915e-02  6.810393e-04
-6.20690e-01 -2.06897e-01       1.130e+12  9.998142e-01 -1.681429e-03 -1.947989e-02  1.858447e-04
-2.06897e-01 -2.06897e-01       1.079e+12  9.999592e-01 -2.098784e-03 -8.298198e-03  4.082352e-05
 2.06897e-01 -2.06897e-01       1.125e+12  9.999567e-01 -2.093797e-03  1.301274e-03  4.330525e-05
 6.20690e-01 -2.06897e-01       1.335e+12  9.998051e-01 -2.478591e-03  1.677699e-02  1.948716e-04
 1.03448e+00 -2.06897e-01       2.423e+12  9.994566e-01 -3.901371e-03  3.025615e-02  5.433749e-04
 1.44828e+00 -2.06897e-01       5.597e+12  9.992540e-01 -5.352478e-03  3.575311e-02  7.459677e-04
 1.86207e+00 -2.06897e-01       1.123e+13  9.991634e-01 -6.310996e-03  3.778167e-02  8.365676e-04
 2.27586e+00 -2.06897e-01       1.452e+13  9.991132e-01 -6.886760e-03  3.877008e-02  8.868005e-04
 2.68966e+00 -2.06897e-01       1.070e+13  9.990651e-01 -7.154889e-03  3.952504e-02  9.349309e-04
 3.10345e+00 -2.06897e-01       4.571e+12  9.989935e-01 -7.024917e-03  4.006579e-02  1.006493e-03
 3.51724e+00 -2.06897e-01       1.752e+12  9.989758e-01 -5.997929e-03  3.790614e-02  1.024235e-03
 3.93103e+00 -2.06897e-01       1.312e+12  9.991412e-01 -4.458853e-03  3.416883e-02  8.588478e-04
 4.34483e+00 -2.06897e-01       9.621e+11  9.991589e-01 -3.188128e-03  3.390403e-02  8.410745e-04
 4.75862e+00 -2.06897e-01       4.443e+11  9.988265e-01 -1.068741e-03  3.573638e-02  1.173467e-03
 5.17241e+00 -2.06897e-01       1.793e+11  9.978451e-01  3.629443e-03  3.940751e-02  2.154932e-03
 5.58621e+00 -2.06897e-01       1.450e+11  9.974201e-01  8.601586e-03  4.335469e-02  2.579905e-03
 6.00000e+00 -2.06897e-01       1.525e+11  9.965968e-01  1.055637e-02  5.026093e-02  3.403244e-03
-6.00000e+00  2.06897e-01       1.243e+11  9.931514e-01 -2.108504e-02  4.294464e-02  6.848583e-03
-5.58621e+00  2.06897e-01       1.152e+11  9.954206e-01 -1.926117e-02  4.229635e-02  4.579365e-03
-5.17241e+00  2.06897e-01       1.438e+11  9.970116e-01 -1.629151e-02  4.138294e-02  2.988363e-03
-4.75862e+00  2.06897e-01       3.940e+11  9.986823e-01 -6.176122e-03  3.434655e-02  1.317702e-03
-4.34483e+00  2.06897e-01       9.507e+11  9.991068e-01 -2.050036e-03  3.186016e-02  8.932301e-04
-3.93103e+00  2.06897e-01       1.490e+12  9.991933e-01 -2.654866e-03  2.948289e-02  8.066713e-04
-3.51724e+00  2.06897e-01       2.289e+12  9.992315e-01 -7.003389e-03  2.920344e-02  7.684650e-04
-3.10345e+00  2.06897e-01       5.352e+12  9.992001e-01 -7.895647e-03  3.388660e-02  7.998821e-04
-2.68966e+00  2.06897e-01       1.100e+13  9.991647e-01 -5.905264e-03  3.668006e-02  8.352921e-04
-2.27586e+00  2.06897e-01       1.377e+13  9.991551e-01 -3.818861e-03  3.759967e-02  8.449436e-04
-1.86207e+00  2.06897e-01       1.004e+13  9.991829e-01 -1.962283e-03  3.711230e-02  8.170927e-04
-1.44828e+00  2.06897e-01       4.701e+12  9.993063e-01 -5.204770e-04  3.362073e-02  6.937190e-04
-1.03448e+00  2.06897e-01       1.910e+12  9.996153e-01  6.247200e-05  2.353711e-02  3.846926e-04
-6.20690e-01  2.06897e-01       1.112e+12  9.999769e-01 -2.446186e-04  7.275567e-03  2.313638e-05
-2.06897e-01  2.06897e-01       1.065e+12  9.999082e-01 -2.928531e-04 -3.713890e-03  9.184608e-05
 2.06897e-01  2.06897e-01       1.111e+12  9.999648e-01 -1.298274e-03 -9.084076e-03  3.521878e-05
 6.20690e-01  2.06897e-01       1.316e+12  9.997837e-01 -6.007158e-03 -1.676545e-02  2.162868e-04
 1.03448e+00  2.06897e-01       2.397e+12  9.993295e-01 -9.521668e-03 -2.925709e-02  6.705174e-04
 1.44828e+00  2.06897e-01       5.576e+12  9.989041e-01 -8.897999e-03 -4.118409e-02  1.095902e-03
 1.86207e+00  2.06897e-01       1.123e+13  9.986712e-01 -6.986606e-03 -4.764243e-02  1.328830e-03
 2.27586e+00  2.06897e-01       1.455e+13  9.985590e-01 -4.765802e-03 -5.047291e-02  1.441043e-03
 2.68966e+00  2.06897e-01       1.073e+13  9.984732e-01 -2.381794e-03 -5.216812e-02  1.526797e-03
 3.10345e+00  2.06897e-01       4.585e+12  9.983462e-01  6.709658e-05 -5.400706e-02  1.653784e-03
 3.51724e+00  2.06897e-01       1.758e+12  9.980903e-01  1.079086e-03 -5.756810e-02  1.909670e-03
 3.93103e+00  2.06897e-01       1.315e+12  9.980046e-01  5.313427e-04 -5.935596e-02  1.995370e-03
 4.34483e+00  2.06897e-01       9.633e+11  9.979233e-01  1.838453e-03 -5.957960e-02  2.076691e-03
 4.75862e+00  2.06897e-01       4.452e+11  9.971141e-01  3.431239e-03 -6.408946e-02  2.885928e-03
 5.17241e+00  2.06897e-01       1.801e+11  9.941777e-01 -9.376752e-04 -8.407880e-02  5.822286e-03
 5.58621e+00  2.06897e-01       1.459e+11  9.919247e-01 -9.288747e-03 -1.038245e-01  8.075255e-03
 6.00000e+00  2.06897e-01       1.534e+11  9.900702e-01 -9.982716e-03 -1.073241e-01  9.929818e-03
-6.00000e+00  6.20690e-01       1.297e+11  9.506888e-01 -9.926250e-03  1.591198e-01  4.931124e-02
-5.58621e+00  6.20690e-01       1.229e+11  9.635745e-01 -1.309897e-02  1.679418e-01  3.642551e-02
-5.17241e+00  6.20690e-01       1.433e+11  9.729744e-01 -2.793635e-02  1.597754e-01  2.702564e-02
-4.75862e+00  6.20690e-01       3.666e+11  9.874900e-01 -1.700360e-02  1.275999e-01  1.250996e-02
-4.34483e+00  6.20690e-01       9.132e+11  9.918819e-01 -8.687424e-03  1.180899e-01  8.118119e-03
-3.93103e+00  6.20690e-01       1.476e+12  9.928318e-01 -7.676352e-03  1.146026e-01  7.168248e-03
-3.51724e+00  6.20690e-01       2.149e+12  9.929192e-01 -1.145163e-02  1.143771e-01  7.080814e-03
-3.10345e+00  6.20690e-01       4.871e+12  9.923964e-01 -1.094839e-02  1.200397e-01  7.603636e-03
-2.68966e+00  6.20690e-01       1.074e+13  9.921959e-01 -6.457282e-03  1.226352e-01  7.804079e-03
-2.27586e+00  6.20690e-01       1.485e+13  9.923123e-01 -2.079835e-03  1.220086e-01  7.687703e-03
-1.86207e+00  6.20690e-01       1.197e+13  9.927117e-01  1.605299e-03  1.184111e-01  7.288298e-03
-1.44828e+00  6.20690e-01       6.061e+12  9.937279e-01  3.768521e-03  1.079151e-01  6.272141e-03
-1.03448e+00  6.20690e-01       2.449e+12  9.958291e-01  2.942077e-03  8.367048e-02  4.170853e-03
-6.20690e-01  6.20690e-01       1.079e+12  9.981621e-01  1.042175e-03  4.926019e-02  1.837870e-03
-2.06897e-01  6.20690e-01       6.668e+11  9.993224e-01  2.495129e-04  9.813442e-03  6.775673e-04
 2.06897e-01  6.20690e-01       7.428e+11  9.987206e-01 -8.028139e-03 -3.012767e-02  1.279366e-03
 6.20690e-01  6.20690e-01       1.368e+12  9.971181e-01 -1.593005e-02 -6.263829e-02  2.881947e-03
 1.03448e+00  6.20690e-01       3.041e+12  9.948697e-01 -1.490553e-02 -9.139250e-02  5.130322e-03
 1.44828e+00  6.20690e-01       7.054e+12  9.926221e-01 -1.089047e-02 -1.155909e-01  7.377894e-03
 1.86207e+00  6.20690e-01       1.324e+13  9.913953e-01 -6.348759e-03 -1.277978e-01  8.604722e-03
 2.27586e+00  6.20690e-01       1.554e+13  9.907480e-01 -1.634997e-03 -1.334779e-01  9.251996e-03
 2.68966e+00  6.20690e-01       1.033e+13  9.902057e-01  3.128194e-03 -1.374810e-01  9.794288e-03
 3.10345e+00  6.20690e-01       4.080e+12  9.894944e-01  7.535026e-03 -1.419829e-01  1.050565e-02
 3.51724e+00  6.20690e-01       1.652e+12  9.886830e-01  7.451709e-03 -1.469119e-01  1.131703e-02
 3.93103e+00  6.20690e-01       1.328e+12  9.887921e-01  5.057167e-03 -1.462718e-01  1.120789e-02
 4.34483e+00  6.20690e-01       9.374e+11  9.882215e-01  6.570225e-03 -1.469967e-01  1.177851e-02
 4.75862e+00  6.20690e-01       4.195e+11  9.837013e-01  6.701435e-03 -1.593143e-01  1.629866e-02
 5.17241e+00  6.20690e-01       1.765e+11  9.694342e-01 -8.602848e-03 -2.013311e-01  3.056582e-02
 5.58621e+00  6.20690e-01       1.467e+11  9.584286e-01 -2.317861e-02 -2.379887e-01  4.157136e-02
 6.00000e+00  6.20690e-01       1.533e+11  9.461972e-01 -2.398596e-02 -2.519922e-01  5.380281e-02
-6.00000e+00  1.03448e+00       1.550e+11  8.590850e-01  6.296682e-03  3.389710e-01  1.409150e-01
-5.58621e+00  1.03448e+00       1.492e+11  8.959003e-01 -3.761283e-02  3.241293e-01  1.040997e-01
-5.17241e+00  1.03448e+00       1.457e+11  9.199197e-01 -6.566874e-02  2.801470e-01  8.008033e-02
-4.75862e+00  1.03448e+00       3.099e+11  9.619467e-01 -3.352913e-02  2.128638e-01  3.805335e-02
-4.34483e+00  1.03448e+00       8.216e+11  9.781704e-01 -1.500757e-02  1.918817e-01  2.182961e-02
-3.93103e+00  1.03448e+00       1.436e+12  9.814805e-01 -1.169739e-02  1.862811e-01  1.851949e-02
-3.51724e+00  1.03448e+00       1.937e+12  9.821640e-01 -1.499778e-02  1.839421e-01  1.783603e-02
-3.10345e+00  1.03448e+00       3.902e+12  9.814802e-01 -1.529771e-02  1.881894e-01  1.851982e-02
-2.68966e+00  1.03448e+00       9.640e+12  9.812669e-01 -8.959375e-03  1.903686e-01  1.873306e-02
-2.27586e+00  1.03448e+00       1.629e+13  9.817526e-01 -2.473670e-03  1.882958e-01  1.824744e-02
-1.86207e+00  1.03448e+00       1.627e+13  9.827532e-01  3.113570e-03  1.826950e-01  1.724681e-02
-1.44828e+00  1.03448e+00       9.919e+12  9.848106e-01  6.857227e-03  1.689342e-01  1.518940e-02
-1.03448e+00  1.03448e+00       4.587e+12  9.894720e-01  5.296954e-03  1.320323e-01  1.052796e-02
-6.20690e-01  1.03448e+00       2.420e+12  9.954783e-01 -4.051891e-03  7.143746e-02  4.521685e-03
-2.06897e-01  1.03448e+00       1.747e+12  9.980611e-01 -1.596791e-02  1.074422e-02  1.938949e-03
 2.06897e-01  1.03448e+00       1.896e+12  9.971709e-01 -2.242032e-02 -4.795459e-02  2.829057e-03
 6.20690e-01  1.03448e+00       2.837e+12  9.937418e-01 -1.935792e-02 -9.497447e-02  6.258151e-03
 1.03448e+00  1.03448e+00       5.293e+12  9.877126e-01 -1.464132e-02 -1.446218e-01  1.228741e-02
 1.44828e+00  1.03448e+00       1.111e+13  9.831237e-01 -9.536639e-03 -1.776230e-01  1.687634e-02
 1.86207e+00  1.03448e+00       1.759e+13  9.810104e-01 -3.274319e-03 -1.911004e-01  1.898958e-02
 2.27586e+00  1.03448e+00       1.666e+13  9.796352e-01  3.313552e-03 -1.984887e-01  2.036478e-02
 2.68966e+00  1.03448e+00       8.969e+12  9.782112e-01  9.863701e-03 -2.050866e-01  2.178881e-02
 3.10345e+00  1.03448e+00       3.112e+12  9.762041e-01  1.501424e-02 -2.133400e-01  2.379590e-02
 3.51724e+00  1.03448e+00       1.524e+12  9.749349e-01  1.145691e-02 -2.185304e-01  2.506506e-02
 3.93103e+00  1.03448e+00       1.344e+12  9.754602e-01  8.961087e-03 -2.160701e-01  2.453976e-02
 4.34483e+00  1.03448e+00       8.655e+11  9.730472e-01  1.093874e-02 -2.200672e-01  2.695278e-02
 4.75862e+00  1.03448e+00       3.695e+11  9.586509e-01  5.735057e-03 -2.486331e-01  4.134910e-02
 5.17241e+00  1.03448e+00       1.847e+11  9.253936e-01 -3.148708e-02 -3.149534e-01  7.460640e-02
 5.58621e+00  1.03448e+00       1.701e+11  9.039671e-01 -4.793101e-02 -3.527850e-01  9.603289e-02
 6.00000e+00  1.03448e+00       1.657e+11  8.669109e-01 -3.706636e-02 -3.867192e-01  1.330891e-01
-6.00000e+00  1.44828e+00       1.776e+11  7.140452e-01 -9.233229e-02  4.358216e-01  2.859548e-01
-5.58621e+00  1.44828e+00       1.665e+11  8.122187e-01 -1.001701e-01  3.709718e-01  1.877813e-01
-5.17241e+00  1.44828e+00       1.415e+11  8.515920e-01 -8.411262e-02  3.452280e-01  1.484080e-01
-4.75862e+00  1.44828e+00       2.385e+11  9.182307e-01 -4.577935e-02  2.869118e-01  8.176929e-02
-4.34483e+00  1.44828e+00       6.689e+11  9.605854e-01 -2.269910e-02  2.462102e-01  3.941457e-02
-3.93103e+00  1.44828e+00       1.345e+12  9.698159e-01 -1.639609e-02  2.356281e-01  3.018409e-02
-3.51724e+00  1.44828e+00       1.788e+12  9.719726e-01 -1.763586e-02  2.306271e-01  2.802738e-02
-3.10345e+00  1.44828e+00       2.729e+12  9.719903e-01 -2.061484e-02  2.306183e-01  2.800973e-02
-2.68966e+00  1.44828e+00       7.013e+12  9.720933e-01 -1.440867e-02  2.313838e-01  2.790671e-02
-2.27586e+00  1.44828e+00       1.572e+13  9.732925e-01 -6.259583e-03  2.271063e-01  2.670748e-02
-1.86207e+00  1.44828e+00       2.212e+13  9.751091e-01  9.560008e-04  2.192337e-01  2.489093e-02
-1.44828e+00  1.44828e+00       1.871e+13  9.776172e-01  6.905845e-03  2.067024e-01  2.238277e-02
-1.03448e+00  1.44828e+00       1.023e+13  9.818696e-01  1.022513e-02  1.797662e-01  1.813038e-02
-6.20690e-01  1.44828e+00       5.085e+12  9.901807e-01  6.917436e-03  1.083033e-01  9.819308e-03
-2.06897e-01  1.44828e+00       3.871e+12  9.970021e-01  9.193067e-05  1.693452e-02  2.997866e-03
 2.06897e-01  1.44828e+00       3.948e+12  9.960106e-01 -3.499727e-03 -4.919481e-02  3.989387e-03
 6.20690e-01  1.44828e+00       5.424e+12  9.876988e-01 -9.583194e-03 -1.325717e-01  1.230123e-02
 1.03448e+00  1.44828e+00       1.121e+13  9.797552e-01 -1.045449e-02 -1.920563e-01  2.024484e-02
 1.44828e+00  1.44828e+00       2.031e+13  9.760551e-01 -4.409410e-03 -2.138830e-01  2.394491e-02
 1.86207e+00  1.44828e+00       2.315e+13  9.735037e-01  3.031212e-03 -2.258887e-01  2.649627e-02
 2.27586e+00  1.44828e+00       1.537e+13  9.709393e-01  1.038605e-02 -2.364424e-01  2.906065e-02
 2.68966e+00  1.44828e+00       6.057e+12  9.677016e-01  1.744001e-02 -2.482774e-01  3.229839e-02
 3.10345e+00  1.44828e+00       2.031e+12  9.633052e-01  1.956540e-02 -2.629111e-01  3.669483e-02
 3.51724e+00  1.44828e+00       1.506e+12  9.631492e-01  1.260242e-02 -2.640504e-01  3.685079e-02
 3.93103e+00  1.44828e+00       1.323e+12  9.632764e-01  1.272645e-02 -2.622164e-01  3.672356e-02
 4.34483e+00  1.44828e+00       7.326e+11  9.557538e-01  1.517923e-02 -2.740728e-01  4.424617e-02
 4.75862e+00  1.44828e+00       2.981e+11  9.213759e-01  2.827133e-03 -3.295859e-01  7.862413e-02
 5.17241e+00  1.44828e+00       1.895e+11  8.676675e-01 -4.498111e-02 -4.214589e-01  1.323325e-01
 5.58621e+00  1.44828e+00       2.126e+11  8.358367e-01 -6.226008e-02 -4.585295e-01  1.641633e-01
 6.00000e+00  1.44828e+00       2.054e+11  7.541926e-01 -5.188913e-02 -5.034816e-01  2.458074e-01
-6.00000e+00  1.86207e+00       1.911e+11  6.357396e-01  9.234028e-04  5.093646e-01  3.642604e-01
-5.58621e+00  1.86207e+00       2.059e+11  7.538027e-01 -3.006564e-02  4.808971e-01  2.461973e-01
-5.17241e+00  1.86207e+00       1.726e+11  7.916219e-01 -7.557346e-02  4.554887e-01  2.083781e-01
-4.75862e+00  1.86207e+00       1.886e+11  8.443917e-01 -7.663082e-02  3.781255e-01  1.556083e-01
-4.34483e+00  1.86207e+00       4.656e+11  9.346536e-01 -3.363354e-02  2.847373e-01  6.534644e-02
-3.93103e+00  1.86207e+00       1.129e+12  9.612065e-01 -1.956436e-02  2.588574e-01  3.879351e-02
-3.51724e+00  1.86207e+00       1.723e+12  9.666500e-01 -1.792912e-02  2.503594e-01  3.334996e-02
-3.10345e+00  1.86207e+00       1.986e+12  9.679292e-01 -2.264248e-02  2.457319e-01  3.207083e-02
-2.68966e+00  1.86207e+00       3.613e+12  9.687069e-01 -2.271425e-02  2.424363e-01  3.129305e-02
-2.27586e+00  1.86207e+00       1.008e+13  9.713174e-01 -1.419303e-02  2.334094e-01  2.868261e-02
-1.86207e+00  1.86207e+00       2.222e+13  9.745326e-01 -5.779100e-03  2.201550e-01  2.546744e-02
-1.44828e+00  1.86207e+00       3.204e+13  9.782951e-01  1.375986e-03  2.020175e-01  2.170490e-02
-1.03448e+00  1.86207e+00       3.022e+13  9.828043e-01  6.392793e-03  1.763457e-01  1.719574e-02
-6.20690e-01  1.86207e+00       2.027e+13  9.881153e-01  7.436411e-03  1.353503e-01  1.188468e-02
-2.06897e-01  1.86207e+00       1.266e+13  9.931503e-01  6.145394e-04  5.160190e-02  6.849657e-03
 2.06897e-01  1.86207e+00       1.306e+13  9.923696e-01 -9.375312e-03 -7.409224e-02  7.630397e-03
 6.20690e-01  1.86207e+00       2.163e+13  9.870205e-01 -7.906426e-03 -1.471178e-01  1.297945e-02
 1.03448e+00  1.86207e+00       3.220e+13  9.820395e-01 -1.414058e-03 -1.819026e-01  1.796046e-02
 1.44828e+00  1.86207e+00       3.326e+13  9.775709e-01  5.521281e-03 -2.056020e-01  2.242907e-02
 1.86207e+00  1.86207e+00       2.187e+13  9.732099e-01  1.223323e-02 -2.253426e-01  2.679007e-02
 2.27586e+00  1.86207e+00       8.952e+12  9.682321e-01  1.893633e-02 -2.447151e-01  3.176791e-02
 2.68966e+00  1.86207e+00       2.691e+12  9.609081e-01  2.389723e-02 -2.690265e-01  3.909192e-02
 3.10345e+00  1.86207e+00       1.518e+12  9.571660e-01  1.664756e-02 -2.818125e-01  4.283396e-02
 3.51724e+00  1.86207e+00       1.600e+12  9.591614e-01  1.302724e-02 -2.767912e-01  4.083865e-02
 3.93103e+00  1.86207e+00       1.171e+12  9.560212e-01  1.566316e-02 -2.811843e-01  4.397876e-02
 4.34483e+00  1.86207e+00       5.412e+11  9.342247e-01  1.495895e-02 -3.142539e-01  6.577535e-02
 4.75862e+00  1.86207e+00       2.468e+11  8.690220e-01 -2.062527e-02 -4.107177e-01  1.309780e-01
 5.17241e+00  1.86207e+00       2.128e+11  8.248448e-01 -6.164455e-02 -4.813747e-01  1.751552e-01
 5.58621e+00  1.86207e+00       2.321e+11  7.893138e-01 -5.328431e-02 -5.109995e-01  2.106862e-01
 6.00000e+00  1.86207e+00       2.074e+11  6.783959e-01 -4.676125e-02 -5.634773e-01  3.216041e-01
-6.00000e+00  2.27586e+00       2.194e+11  4.556367e-01 -3.399841e-02  5.845020e-01  5.443633e-01
-5.58621e+00  2.27586e+00       2.372e+11  6.703107e-01 -4.972426e-02  5.028754e-01  3.296893e-01
-5.17241e+00  2.27586e+00       2.072e+11  7.579996e-01 -5.553002e-02  4.761493e-01  2.420004e-01
-4.75862e+00  2.27586e+00       1.760e+11  7.761598e-01 -7.663794e-02  4.583001e-01  2.238402e-01
-4.34483e+00  2.27586e+00       2.800e+11  8.774780e-01 -5.306047e-02  3.350503e-01  1.225220e-01
-3.93103e+00  2.27586e+00       7.583e+11  9.517644e-01 -2.599783e-02  2.591738e-01  4.823559e-02
-3.51724e+00  2.27586e+00       1.524e+12  9.677188e-01 -1.995707e-02  2.396888e-01  3.228121e-02
-3.10345e+00  2.27586e+00       1.895e+12  9.713334e-01 -2.181825e-02  2.305785e-01  2.866663e-02
-2.68966e+00  2.27586e+00       1.916e+12  9.715490e-01 -2.804131e-02  2.268458e-01  2.845102e-02
-2.27586e+00  2.27586e+00       3.248e+12  9.738025e-01 -2.575403e-02  2.157518e-01  2.619748e-02
-1.86207e+00  2.27586e+00       8.905e+12  9.798418e-01 -1.765078e-02  1.902607e-01  2.015821e-02
-1.44828e+00  2.27586e+00       2.197e+13  9.849844e-01 -1.019692e-02  1.632181e-01  1.501561e-02
-1.03448e+00  2.27586e+00       4.022e+13  9.895291e-01 -3.148069e-03  1.305246e-01  1.047088e-02
-6.20690e-01  2.27586e+00       5.553e+13  9.937062e-01  2.314529e-03  8.660766e-02  6.293820e-03
-2.06897e-01  2.27586e+00       6.301e+13  9.964745e-01  5.423917e-03  3.060836e-02  3.525520e-03
 2.06897e-01  2.27586e+00       6.334e+13  9.964835e-01  7.011611e-03 -3.059712e-02  3.516456e-03
 6.20690e-01  2.27586e+00       5.596e+13  9.936827e-01  8.701809e-03 -8.613648e-02  6.317255e-03
 1.03448e+00  2.27586e+00       3.980e+13  9.891866e-01  1.127670e-02 -1.311947e-01  1.081336e-02
 1.44828e+00  2.27586e+00       2.071e+13  9.836685e-01  1.485251e-02 -1.683898e-01  1.633148e-02
 1.86207e+00  2.27586e+00       7.555e+12  9.763187e-01  1.974835e-02 -2.045028e-01  2.368128e-02
 2.27586e+00  2.27586e+00       2.264e+12  9.647083e-01  2.475320e-02 -2.480455e-01  3.529173e-02
 2.68966e+00  2.27586e+00       1.359e+12  9.597474e-01  1.870370e-02 -2.664003e-01  4.025256e-02
 3.10345e+00  2.27586e+00       1.688e+12  9.643216e-01  1.358412e-02 -2.554991e-01  3.567839e-02
 3.51724e+00  2.27586e+00       1.527e+12  9.635494e-01  1.539162e-02 -2.568386e-01  3.645060e-02
 3.93103e+00  2.27586e+00       8.374e+11  9.502761e-01  1.883452e-02 -2.794768e-01  4.972389e-02
 4.34483e+00  2.27586e+00       3.550e+11  8.954129e-01  5.180869e-03 -3.625418e-01  1.045871e-01
 4.75862e+00  2.27586e+00       2.275e+11  8.195780e-01 -4.509435e-02 -4.788006e-01  1.804220e-01
 5.17241e+00  2.27586e+00       2.541e+11  7.927456e-01 -5.895856e-02 -5.243180e-01  2.072544e-01
 5.58621e+00  2.27586e+00       2.782e+11  7.224313e-01 -4.998973e-02 -5.660565e-01  2.775687e-01
 6.00000e+00  2.27586e+00       2.382e+11  5.349685e-01 -3.769584e-02 -6.438362e-01  4.650315e-01
-6.00000e+00  2.68966e+00       2.487e+11  3.169028e-01 -7.903613e-03  6.668306e-01  6.830972e-01
-5.58621e+00  2.68966e+00       2.904e+11  5.667230e-01 -6.140319e-02  5.771996e-01  4.332770e-01
-5.17241e+00  2.68966e+00       2.695e+11  7.125390e-01 -6.626987e-02  5.080464e-01  2.874610e-01
-4.75862e+00  2.68966e+00       2.124e+11  7.544119e-01 -7.436746e-02  4.897537e-01  2.455881e-01
-4.34483e+00  2.68966e+00       1.929e+11  7.774905e-01 -7.808764e-02  4.348982e-01  2.225095e-01
-3.93103e+00  2.68966e+00       3.731e+11  9.112856e-01 -3.942244e-02  2.654484e-01  8.871437e-02
-3.51724e+00  2.68966e+00       9.774e+11  9.701485e-01 -2.133522e-02  1.962368e-01  2.985148e-02
-3.10345e+00  2.68966e+00       1.740e+12  9.814073e-01 -1.987176e-02  1.747535e-01  1.859271e-02
-2.68966e+00  2.68966e+00       1.914e+12  9.838814e-01 -2.484893e-02  1.624471e-01  1.611860e-02
-2.27586e+00  2.68966e+00       1.647e+12  9.821539e-01 -3.391497e-02  1.636293e-01  1.784606e-02
-1.86207e+00  2.68966e+00       1.867e+12  9.795585e-01 -3.088930e-02  1.725565e-01  2.044148e-02
-1.44828e+00  2.68966e+00       2.966e+12  9.836800e-01 -1.630703e-02  1.463240e-01  1.632001e-02
-1.03448e+00  2.68966e+00       5.073e+12  9.910643e-01 -1.034281e-02  9.118284e-02  8.935731e-03
-6.20690e-01  2.68966e+00       8.156e+12  9.959465e-01 -1.138598e-02  3.911649e-02  4.053505e-03
-2.06897e-01  2.68966e+00       1.067e+13  9.973743e-01 -1.056251e-02 -2.688283e-03  2.625689e-03
 2.06897e-01  2.68966e+00       1.038e+13  9.963550e-01 -5.940183e-03 -4.282526e-02  3.644952e-03
 6.20690e-01  2.68966e+00       7.432e+12  9.928146e-01  2.384869e-03 -8.792749e-02  7.185409e-03
 1.03448e+00  2.68966e+00       4.192e+12  9.855900e-01  1.342500e-02 -1.419356e-01  1.440998e-02
 1.44828e+00  2.68966e+00       2.090e+12  9.741798e-01  2.108965e-02 -1.996778e-01  2.582025e-02
 1.86207e+00  2.68966e+00       1.126e+12  9.638544e-01  2.088196e-02 -2.341314e-01  3.614563e-02
 2.27586e+00  2.68966e+00       1.169e+12  9.709559e-01  1.610690e-02 -2.055994e-01  2.904407e-02
 2.68966e+00  2.68966e+00       1.715e+12  9.788913e-01  1.354611e-02 -1.844875e-01  2.110866e-02
 3.10345e+00  2.68966e+00       1.728e+12  9.791180e-01  1.516669e-02 -1.867123e-01  2.088199e-02
 3.51724e+00  2.68966e+00       1.054e+12  9.695329e-01  1.974347e-02 -2.096718e-01  3.046710e-02
 3.93103e+00  2.68966e+00       4.635e+11  9.253202e-01  1.640517e-02 -2.902667e-01  7.467976e-02
 4.34483e+00  2.68966e+00       2.582e+11  8.363785e-01 -2.678689e-02 -4.376149e-01  1.636215e-01
 4.75862e+00  2.68966e+00       2.675e+11  8.020317e-01 -6.149641e-02 -5.086046e-01  1.979683e-01
 5.17241e+00  2.68966e+00       3.287e+11  7.646502e-01 -5.845399e-02 -5.496498e-01  2.353498e-01
 5.58621e+00  2.68966e+00       3.315e+11  6.442884e-01 -5.111777e-02 -6.202526e-01  3.557116e-01
 6.00000e+00  2.68966e+00       2.744e+11  4.255659e-01 -3.436717e-02 -7.292925e-01  5.744341e-01
-6.00000e+00  3.10345e+00       2.613e+11  1.700896e-01  1.642824e-02  7.345065e-01  8.299104e-01
-5.58621e+00  3.10345e+00       3.227e+11  4.728957e-01 -4.385825e-02  6.362166e-01  5.271043e-01
-5.17241e+00  3.10345e+00       3.405e+11  6.689257e-01 -5.863007e-02  5.380142e-01  3.310743e-01
-4.75862e+00  3.10345e+00       2.884e+11  7.652367e-01 -6.396943e-02  4.835019e-01  2.347633e-01
-4.34483e+00  3.10345e+00       2.197e+11  7.645200e-01 -7.785255e-02  4.789575e-01  2.354800e-01
-3.93103e+00  3.10345e+00       1.983e+11  7.870061e-01 -7.196534e-02  3.882657e-01  2.129939e-01
-3.51724e+00  3.10345e+00       3.784e+11  9.306702e-01 -2.827280e-02  1.663195e-01  6.932983e-02
-3.10345e+00  3.10345e+00       9.706e+11  9.852618e-01 -1.571038e-02  8.013236e-02  1.473818e-02
-2.68966e+00  3.10345e+00       1.718e+12  9.935065e-01 -1.901208e-02  4.730744e-02  6.493524e-03
-2.27586e+00  3.10345e+00       1.869e+12  9.935335e-01 -2.766719e-02  2.338764e-02  6.466542e-03
-1.86207e+00  3.10345e+00       1.424e+12  9.901072e-01 -4.048885e-02  1.474436e-02  9.892814e-03
-1.44828e+00  3.10345e+00       1.102e+12  9.858517e-01 -4.850825e-02  3.137742e-02  1.414827e-02
-1.03448e+00  3.10345e+00       1.197e+12  9.870880e-01 -4.974833e-02  3.019420e-02  1.291198e-02
-6.20690e-01  3.10345e+00       1.555e+12  9.906968e-01 -5.413339e-02  2.321435e-03  9.303222e-03
-2.06897e-01  3.10345e+00       1.819e+12  9.916011e-01 -5.580782e-02 -3.160273e-02  8.398881e-03
 2.06897e-01  3.10345e+00       1.680e+12  9.883854e-01 -5.256523e-02 -7.323170e-02  1.161464e-02
 6.20690e-01  3.10345e+00       1.208e+12  9.794759e-01 -4.254186e-02 -1.239811e-01  2.052414e-02
 1.03448e+00  3.10345e+00       7.655e+11  9.648841e-01 -1.915578e-02 -1.666423e-01  3.511590e-02
 1.44828e+00  3.10345e+00       7.000e+11  9.649884e-01  8.543917e-03 -1.251099e-01  3.501157e-02
 1.86207e+00  3.10345e+00       1.163e+12  9.839230e-01  1.357341e-02 -5.252676e-02  1.607697e-02
 2.27586e+00  3.10345e+00       1.764e+12  9.926930e-01  1.282454e-02 -3.656319e-02  7.307030e-03
 2.68966e+00  3.10345e+00       1.713e+12  9.934663e-01  1.560151e-02 -4.912915e-02  6.533743e-03
 3.10345e+00  3.10345e+00       1.040e+12  9.853841e-01  2.233283e-02 -8.775505e-02  1.461594e-02
 3.51724e+00  3.10345e+00       4.775e+11  9.457241e-01  2.379520e-02 -1.940936e-01  5.427591e-02
 3.93103e+00  3.10345e+00       2.746e+11  8.594884e-01 -1.366115e-02 -3.758722e-01  1.405116e-01
 4.34483e+00  3.10345e+00       2.753e+11  8.242212e-01 -5.667155e-02 -4.629787e-01  1.757788e-01
 4.75862e+00  3.10345e+00       3.536e+11  8.117379e-01 -5.898739e-02 -5.000538e-01  1.882621e-01
 5.17241e+00  3.10345e+00       3.983e+11  7.373004e-01 -5.182800e-02 -5.622673e-01  2.626996e-01
 5.58621e+00  3.10345e+00       3.595e+11  5.656696e-01 -4.721009e-02 -6.693060e-01  4.343304e-01
 6.00000e+00  3.10345e+00       2.998e+11  3.202673e-01 -2.585580e-02 -7.924063e-01  6.797327e-01
-6.00000e+00  3.51724e+00       2.974e+11  3.444461e-02  5.928335e-02  8.063387e-01  9.655554e-01
-5.58621e+00  3.51724e+00       3.283e+11  3.577849e-01 -2.550515e-03  7.013818e-01  6.422151e-01
-5.17241e+00  3.51724e+00       3.915e+11  6.109972e-01 -4.181124e-02  5.736582e-01  3.890028e-01
-4.75862e+00  3.51724e+00       3.825e+11  7.614709e-01 -5.367744e-02  4.749435e-01  2.385291e-01
-4.34483e+00  3.51724e+00       3.095e+11  8.160879e-01 -6.399611e-02  4.320732e-01  1.839121e-01
-3.93103e+00  3.51724e+00       2.314e+11  7.892542e-01 -7.275201e-02  4.383626e-01  2.107458e-01
-3.51724e+00  3.51724e+00       1.827e+11  7.784755e-01 -6.754957e-02  3.549455e-01  2.215245e-01
-3.10345e+00  3.51724e+00       2.560e+11  9.036255e-01 -1.375109e-02  5.768197e-02  9.637451e-02
-2.68966e+00  3.51724e+00       6.277e+11  9.710511e-01  2.610539e-03 -1.063398e-01  2.894888e-02
-2.27586e+00  3.51724e+00       1.274e+12  9.716840e-01 -7.808135e-03 -1.715608e-01  2.831601e-02
-1.86207e+00  3.51724e+00       1.655e+12  9.558502e-01 -2.491670e-02 -2.239478e-01  4.414978e-02
-1.44828e+00  3.51724e+00       1.359e+12  9.275518e-01 -4.477032e-02 -2.740490e-01  7.244818e-02
-1.03448e+00  3.51724e+00       8.345e+11  8.879155e-01 -5.517945e-02 -3.102450e-01  1.120845e-01
-6.20690e-01  3.51724e+00       5.674e+11  8.662456e-01 -5.792010e-02 -3.087801e-01  1.337544e-01
-2.06897e-01  3.51724e+00       4.837e+11  8.637682e-01 -7.180341e-02 -2.864102e-01  1.362318e-01
 2.06897e-01  3.51724e+00       4.388e+11  8.497635e-01 -5.152298e-02 -2.053444e-01  1.502365e-01
 6.20690e-01  3.51724e+00       5.081e+11  8.609407e-01  7.733553e-03  2.992290e-02  1.390593e-01
 1.03448e+00  3.51724e+00       8.457e+11  9.069648e-01  1.683344e-02  2.273988e-01  9.303517e-02
 1.44828e+00  3.51724e+00       1.368e+12  9.377019e-01  6.976251e-03  2.722162e-01  6.229808e-02
 1.86207e+00  3.51724e+00       1.602e+12  9.547088e-01  9.748797e-03  2.486642e-01  4.529119e-02
 2.27586e+00  3.51724e+00       1.254e+12  9.665889e-01  2.001467e-02  1.914892e-01  3.341107e-02
 2.68966e+00  3.51724e+00       6.971e+11  9.700167e-01  3.323294e-02  9.167537e-02  2.998327e-02
 3.10345e+00  3.51724e+00       3.603e+11  9.393597e-01  3.227260e-02 -9.792564e-02  6.064031e-02
 3.51724e+00  3.51724e+00       2.613e+11  8.742035e-01 -1.228594e-02 -3.121737e-01  1.257965e-01
 3.93103e+00  3.51724e+00       2.809e+11  8.540973e-01 -5.261835e-02 -3.890681e-01  1.459027e-01
 4.34483e+00  3.51724e+00       3.735e+11  8.588106e-01 -5.729081e-02 -4.211321e-01  1.411894e-01
 4.75862e+00  3.51724e+00       4.512e+11  8.190924e-01 -4.958248e-02 -4.771224e-01  1.809076e-01
 5.17241e+00  3.51724e+00       4.290e+11  6.913331e-01 -4.605510e-02 -5.784518e-01  3.086669e-01
 5.58621e+00  3.51724e+00       3.611e+11  4.716292e-01 -3.380814e-02 -7.287736e-01  5.283708e-01
 6.00000e+00  3.51724e+00       3.351e+11  2.160116e-01 -5.691118e-04 -8.425741e-01  7.839884e-01
-6.00000e+00  3.93103e+00       4.083e+11  2.264613e-02  1.134256e-01  8.646912e-01  9.773539e-01
-5.58621e+00  3.93103e+00       3.470e+11  2.603168e-01  8.476917e-02  7.929435e-01  7.396832e-01
-5.17241e+00  3.93103e+00       4.046e+11  5.302016e-01 -1.027932e-02  6.428746e-01  4.697984e-01
-4.75862e+00  3.93103e+00       4.598e+11  7.226502e-01 -4.898977e-02  4.931014e-01  2.773498e-01
-4.34483e+00  3.93103e+00       4.225e+11  8.355012e-01 -5.756617e-02  3.810765e-01  1.644988e-01
-3.93103e+00  3.93103e+00       3.371e+11  8.716985e-01 -5.831806e-02  3.376661e-01  1.283015e-01
-3.51724e+00  3.93103e+00       2.548e+11  8.354807e-01 -6.007465e-02  3.565999e-01  1.645193e-01
-3.10345e+00  3.93103e+00       1.787e+11  7.778931e-01 -6.888280e-02  3.299248e-01  2.221069e-01
-2.68966e+00  3.93103e+00       1.358e+11  7.813716e-01 -7.847928e-03  7.793283e-02  2.186284e-01
-2.27586e+00  3.93103e+00       1.831e+11  8.435421e-01  7.904969e-02 -2.953545e-01  1.564579e-01
-1.86207e+00  3.93103e+00       3.527e+11  8.173756e-01  8.350172e-02 -4.835102e-01  1.826244e-01
-1.44828e+00  3.93103e+00       6.152e+11  7.154204e-01  8.096905e-02 -6.042433e-01  2.845796e-01
-1.03448e+00  3.93103e+00       8.260e+11  5.482098e-01  7.438015e-02 -6.965821e-01  4.517902e-01
-6.20690e-01  3.93103e+00       8.298e+11  2.881410e-01  4.968221e-02 -7.040490e-01  7.118590e-01
-2.06897e-01  3.93103e+00       6.978e+11 -4.509576e-02  1.525441e-02 -4.498556e-01  9.549042e-01
 2.06897e-01  3.93103e+00       6.317e+11 -1.761155e-01  1.806726e-02  1.513843e-01  8.238845e-01
 6.20690e-01  3.93103e+00       6.720e+11  6.836213e-02  5.583985e-02  6.162607e-01  9.316379e-01
 1.03448e+00  3.93103e+00       6.799e+11  3.938132e-01  7.479261e-02  7.094521e-01  6.061868e-01
 1.44828e+00  3.93103e+00       5.723e+11  6.512865e-01  7.686960e-02  5.981169e-01  3.487135e-01
 1.86207e+00  3.93103e+00       4.133e+11  8.232654e-01  7.992584e-02  4.123264e-01  1.767346e-01
 2.27586e+00  3.93103e+00       2.873e+11  9.032862e-01  7.824194e-02  1.943814e-01  9.671382e-02
 2.68966e+00  3.93103e+00       2.377e+11  9.087786e-01  3.763309e-02 -6.984312e-02  9.122141e-02
 3.10345e+00  3.93103e+00       2.446e+11  8.862141e-01 -2.194382e-02 -2.359082e-01  1.137859e-01
 3.51724e+00  3.93103e+00       2.860e+11  8.880422e-01 -4.942186e-02 -2.726298e-01  1.119578e-01
 3.93103e+00  3.93103e+00       3.946e+11  9.044787e-01 -5.151676e-02 -3.050005e-01  9.552130e-02
 4.34483e+00  3.93103e+00       5.060e+11  8.838164e-01 -4.811800e-02 -3.696031e-01  1.161836e-01
 4.75862e+00  3.93103e+00       4.998e+11  7.969818e-01 -4.994835e-02 -4.676096e-01  2.030182e-01
 5.17241e+00  3.93103e+00       4.062e+11  6.190682e-01 -4.662139e-02 -6.206814e-01  3.809318e-01
 5.58621e+00  3.93103e+00       3.359e+11  3.884508e-01 -5.653729e-03 -7.812412e-01  6.115492e-01
 6.00000e+00  3.93103e+00       3.763e+11  1.228275e-01  2.691278e-02 -8.664906e-01  8.771725e-01
-6.00000e+00  4.34483e+00       6.608e+11  5.032002e-02  4.940269e-02  9.168225e-01  9.496800e-01
-5.58621e+00  4.34483e+00       4.452e+11  1.948494e-01  8.899441e-02  8.760451e-01  8.051506e-01
-5.17241e+00  4.34483e+00       3.883e+11  4.054423e-01  3.468892e-02  7.509523e-01  5.945577e-01
-4.75862e+00  4.34483e+00       4.597e+11  6.414251e-01 -3.317398e-02  5.540521e-01  3.585749e-01
-4.34483e+00  4.34483e+00       5.097e+11  8.048496e-01 -5.203848e-02  3.751433e-01  1.951504e-01
-3.93103e+00  4.34483e+00       4.630e+11  8.985568e-01 -5.512305e-02  2.423369e-01  1.014432e-01
-3.51724e+00  4.34483e+00       3.757e+11  9.279832e-01 -4.922926e-02  1.862633e-01  7.201679e-02
-3.10345e+00  4.34483e+00       2.956e+11  8.974195e-01 -3.679221e-02  2.085655e-01  1.025805e-01
-2.68966e+00  4.34483e+00       2.148e+11  8.263031e-01 -6.010576e-02  2.336580e-01  1.736969e-01
-2.27586e+00  4.34483e+00       1.337e+11  7.210980e-01 -7.143457e-02  1.715324e-01  2.789020e-01
-1.86207e+00  4.34483e+00       8.060e+10  5.783714e-01  9.764057e-02 -7.597061e-02  4.216286e-01
-1.44828e+00  4.34483e+00       6.671e+10  4.221258e-01  3.319394e-01 -4.195329e-01  5.778742e-01
-1.03448e+00  4.34483e+00       7.438e+10  1.828199e-01  4.064857e-01 -5.304509e-01  8.171801e-01
-6.20690e-01  4.34483e+00       8.586e+10 -1.093290e-01  4.643116e-01 -3.233113e-01  8.906710e-01
-2.06897e-01  4.34483e+00       9.886e+10 -2.278477e-01  4.875615e-01  1.317841e-01  7.721523e-01
 2.06897e-01  4.34483e+00       1.142e+11 -8.886024e-02  4.047974e-01  5.402718e-01  9.111398e-01
 6.20690e-01  4.34483e+00       1.219e+11  1.450860e-01  2.753488e-01  7.027132e-01  8.549140e-01
 1.03448e+00  4.34483e+00       1.187e+11  3.996153e-01  1.945394e-01  6.275169e-01  6.003847e-01
 1.44828e+00  4.34483e+00       1.259e+11  6.736897e-01  1.721169e-01  3.826019e-01  3.263103e-01
 1.86207e+00  4.34483e+00       1.615e+11  8.499667e-01  9.611457e-02  1.288125e-01  1.500333e-01
 2.27586e+00  4.34483e+00       2.101e+11  8.953725e-01 -5.083878e-03 -3.306694e-02  1.046275e-01
 2.68966e+00  4.34483e+00       2.410e+11  8.891828e-01 -4.499488e-02 -8.934199e-02  1.108172e-01
 3.10345e+00  4.34483e+00       2.922e+11  9.080956e-01 -4.136781e-02 -9.167008e-02  9.190438e-02
 3.51724e+00  4.34483e+00       4.263e+11  9.424170e-01 -4.158997e-02 -1.387032e-01  5.758302e-02
 3.93103e+00  4.34483e+00       5.563e+11  9.367789e-01 -4.295876e-02 -2.202774e-01  6.322115e-02
 4.34483e+00  4.34483e+00       5.565e+11  8.707954e-01 -4.895442e-02 -3.362039e-01  1.292046e-01
 4.75862e+00  4.34483e+00       4.672e+11  7.229355e-01 -5.542429e-02 -5.167861e-01  2.770645e-01
 5.17241e+00  4.34483e+00       3.925e+11  5.326323e-01 -3.094154e-02 -7.101293e-01  4.673677e-01
 5.58621e+00  4.34483e+00       4.006e+11  3.219818e-01  7.444730e-03 -8.328295e-01  6.780182e-01
 6.00000e+00  4.34483e+00       5.821e+11  6.801392e-02 -4.525006e-03 -9.057168e-01  9.319861e-01
-6.00000e+00  4.75862e+00       9.925e+11  1.102332e-01  1.379539e-02  9.327927e-01  8.897668e-01
-5.58621e+00  4.75862e+00       6.881e+11  2.371461e-01  6.607094e-02  8.947471e-01  7.628539e-01
-5.17241e+00  4.75862e+00       4.598e+11  3.555953e-01  9.409346e-02  8.359878e-01  6.444047e-01
-4.75862e+00  4.75862e+00       4.064e+11  5.311086e-01  2.648704e-02  6.814847e-01  4.688914e-01
-4.34483e+00  4.75862e+00       4.867e+11  7.276043e-01 -3.863983e-02  4.479773e-01  2.723957e-01
-3.93103e+00  4.75862e+00       5.434e+11  8.598082e-01 -5.422828e-02  2.319544e-01  1.401918e-01
-3.51724e+00  4.75862e+00       5.025e+11  9.307396e-01 -5.574547e-02  6.029226e-02  6.926040e-02
-3.10345e+00  4.75862e+00       4.180e+11  9.542464e-01 -5.043133e-02 -3.971575e-02  4.575365e-02
-2.68966e+00  4.75862e+00       3.425e+11  9.405334e-01 -1.344129e-02 -4.513308e-02  5.946656e-02
-2.27586e+00  4.75862e+00       2.784e+11  8.912099e-01  7.131352e-03  4.662221e-03  1.087901e-01
-1.86207e+00  4.75862e+00       2.092e+11  8.005939e-01 -7.774762e-02  5.183716e-02  1.994061e-01
-1.44828e+00  4.75862e+00       1.369e+11  6.567713e-01 -2.088903e-01  9.219934e-02  3.432287e-01
-1.03448e+00  4.75862e+00       8.619e+10  4.544252e-01 -1.325657e-01  1.972793e-01  5.455748e-01
-6.20690e-01  4.75862e+00       6.593e+10  2.487529e-01  2.564807e-01  3.560152e-01  7.512471e-01
-2.06897e-01  4.75862e+00       6.554e+10  1.904762e-01  5.204643e-01  4.429067e-01  8.095238e-01
 2.06897e-01  4.75862e+00       7.550e+10  3.406276e-01  4.720161e-01  4.627146e-01  6.593724e-01
 6.20690e-01  4.75862e+00       9.896e+10  6.038262e-01  2.316649e-01  4.075729e-01  3.961738e-01
 1.03448e+00  4.75862e+00       1.436e+11  7.869016e-01 -1.078008e-02  3.028926e-01  2.130984e-01
 1.44828e+00  4.75862e+00       1.915e+11  8.298613e-01 -1.164012e-01  2.046873e-01  1.701387e-01
 1.86207e+00  4.75862e+00       2.075e+11  7.989328e-01 -9.032821e-02  1.458165e-01  2.010672e-01
 2.27586e+00  4.75862e+00       2.202e+11  7.951122e-01 -1.283417e-02  1.618345e-01  2.048878e-01
 2.68966e+00  4.75862e+00       3.136e+11  8.842633e-01 -1.113979e-02  1.596575e-01  1.157367e-01
 3.10345e+00  4.75862e+00       4.853e+11  9.513056e-01 -3.323084e-02  7.876337e-02  4.869441e-02
 3.51724e+00  4.75862e+00       5.998e+11  9.621565e-01 -4.110097e-02 -2.742095e-02  3.784354e-02
 3.93103e+00  4.75862e+00       5.744e+11  9.159867e-01 -5.286546e-02 -1.726814e-01  8.401327e-02
 4.34483e+00  4.75862e+00       4.801e+11  7.969719e-01 -6.442029e-02 -3.906675e-01  2.030281e-01
 4.75862e+00  4.75862e+00       4.108e+11  6.455449e-01 -3.945766e-02 -6.167603e-01  3.544551e-01
 5.17241e+00  4.75862e+00       4.099e+11  4.933993e-01  7.717589e-03 -7.587451e-01  5.066007e-01
 5.58621e+00  4.75862e+00       5.606e+11  2.728824e-01  2.126725e-03 -8.658941e-01  7.271176e-01
 6.00000e+00  4.75862e+00       9.252e+11  8.420975e-02 -1.805276e-02 -9.383967e-01  9.157903e-01
-6.00000e+00  5.17241e+00       1.343e+12  1.816749e-01 -7.915052e-03  9.413067e-01  8.183251e-01
-5.58621e+00  5.17241e+00       1.062e+12  3.000352e-01  2.127054e-02  8.931199e-01  6.999648e-01
-5.17241e+00  5.17241e+00       7.333e+11  4.148831e-01  7.522208e-02  8.351039e-01  5.851169e-01
-4.75862e+00  5.17241e+00       4.738e+11  5.024543e-01  1.044924e-01  7.689331e-01  4.975457e-01
-4.34483e+00  5.17241e+00       3.950e+11  6.261427e-01  3.560613e-02  6.142826e-01  3.738573e-01
-3.93103e+00  5.17241e+00       4.665e+11  7.758966e-01 -3.888800e-02  3.500538e-01  2.241034e-01
-3.51724e+00  5.17241e+00       5.396e+11  8.715103e-01 -5.900771e-02  8.137839e-02  1.284897e-01
-3.10345e+00  5.17241e+00       5.234e+11  9.056155e-01 -5.701123e-02 -1.470083e-01  9.438454e-02
-2.68966e+00  5.17241e+00       4.495e+11  8.910014e-01 -6.149554e-02 -3.245226e-01  1.089986e-01
-2.27586e+00  5.17241e+00       3.748e+11  8.580960e-01 -5.293553e-02 -4.225080e-01  1.419040e-01
-1.86207e+00  5.17241e+00       3.068e+11  8.202334e-01  1.478518e-02 -4.349835e-01  1.797666e-01
-1.44828e+00  5.17241e+00       2.522e+11  7.553482e-01  1.504104e-01 -4.148527e-01  2.446518e-01
-1.03448e+00  5.17241e+00       2.332e+11  6.977882e-01  2.626952e-01 -4.176032e-01  3.022118e-01
-6.20690e-01  5.17241e+00       2.312e+11  6.941394e-01  2.412375e-01 -4.270877e-01  3.058606e-01
-2.06897e-01  5.17241e+00       2.153e+11  6.801987e-01  1.667703e-01 -4.251847e-01  3.198013e-01
 2.06897e-01  5.17241e+00       1.911e+11  5.842686e-01  1.735419e-01 -4.003433e-01  4.157314e-01
 6.20690e-01  5.17241e+00       1.703e+11  4.260354e-01  2.934564e-01 -2.774333e-01  5.739646e-01
 1.03448e+00  5.17241e+00       1.557e+11  3.288071e-01  3.671916e-01  7.005816e-03  6.711929e-01
 1.44828e+00  5.17241e+00       1.674e+11  4.035474e-01  2.291466e-01  3.667456e-01  5.964526e-01
 1.86207e+00  5.17241e+00       2.502e+11  6.185847e-01  4.349140e-02  5.235486e-01  3.814153e-01
 2.27586e+00  5.17241e+00       4.078e+11  7.950019e-01 -2.407104e-02  4.650379e-01  2.049981e-01
 2.68966e+00  5.17241e+00       5.502e+11  8.916653e-01 -3.839452e-02  3.459924e-01  1.083347e-01
 3.10345e+00  5.17241e+00       5.877e+11  9.318210e-01 -4.732112e-02  2.002456e-01  6.817903e-02
 3.51724e+00  5.17241e+00       5.273e+11  9.132848e-01 -6.792345e-02  1.803968e-03  8.671521e-02
 3.93103e+00  5.17241e+00       4.438e+11  8.304497e-01 -8.026904e-02 -2.708684e-01  1.695503e-01
 4.34483e+00  5.17241e+00       3.995e+11  7.304714e-01 -4.105793e-02 -5.172868e-01  2.695286e-01
 4.75862e+00  5.17241e+00       4.125e+11  6.339943e-01  1.438502e-02 -6.558318e-01  3.660057e-01
 5.17241e+00  5.17241e+00       5.532e+11  4.566650e-01  6.512592e-03 -7.864136e-01  5.433350e-01
 5.58621e+00  5.17241e+00       9.245e+11  2.727151e-01 -1.821096e-02 -8.995763e-01  7.272849e-01
 6.00000e+00  5.17241e+00       1.370e+12  1.565347e-01 -1.528746e-02 -9.538455e-01  8.434653e-01
-6.00000e+00  5.58621e+00       1.575e+12  2.608787e-01 -1.271162e-02  9.377059e-01  7.391213e-01
-5.58621e+00  5.58621e+00       1.426e+12  3.672627e-01 -5.328749e-03  8.854359e-01  6.327373e-01
-5.17241e+00  5.58621e+00       1.150e+12  4.828508e-01  2.474338e-02  8.126377e-01  5.171492e-01
-4.75862e+00  5.58621e+00       8.107e+11  5.843051e-01  7.839397e-02  7.331634e-01  4.156949e-01
-4.34483e+00  5.58621e+00       5.039e+11  6.449180e-01  1.210466e-01  6.646684e-01  3.550820e-01
-3.93103e+00  5.58621e+00       3.609e+11  7.059954e-01  7.016259e-02  5.536291e-01  2.940046e-01
-3.51724e+00  5.58621e+00       3.880e+11  7.952023e-01 -2.514361e-02  3.070918e-01  2.047977e-01
-3.10345e+00  5.58621e+00       4.642e+11  8.354318e-01 -6.916507e-02 -1.607198e-02  1.645682e-01
-2.68966e+00  5.58621e+00       4.911e+11  8.105146e-01 -7.072329e-02 -3.189783e-01  1.894854e-01
-2.27586e+00  5.58621e+00       4.422e+11  7.133061e-01 -5.581747e-02 -5.587929e-01  2.866939e-01
-1.86207e+00  5.58621e+00       3.752e+11  5.341135e-01 -7.380609e-02 -7.503155e-01  4.658865e-01
-1.44828e+00  5.58621e+00       3.236e+11  3.306283e-01 -1.238387e-01 -8.549283e-01  6.693717e-01
-1.03448e+00  5.58621e+00       2.534e+11  1.107354e-01 -1.262316e-01 -8.479333e-01  8.892646e-01
-6.20690e-01  5.58621e+00       1.835e+11 -1.912566e-01 -6.131968e-03 -6.972481e-01  8.087434e-01
-2.06897e-01  5.58621e+00       1.516e+11 -4.644870e-01  1.741709e-01 -3.550572e-01  5.355130e-01
 2.06897e-01  5.58621e+00       1.545e+11 -4.943128e-01  1.962809e-01  1.342756e-01  5.056872e-01
 6.20690e-01  5.58621e+00       1.944e+11 -2.701082e-01  5.036359e-02  6.145088e-01  7.298918e-01
 1.03448e+00  5.58621e+00       2.799e+11  2.406497e-02 -6.548682e-02  8.479006e-01  9.759350e-01
 1.44828e+00  5.58621e+00       3.785e+11  2.861528e-01 -8.201829e-02  8.588693e-01  7.138472e-01
 1.86207e+00  5.58621e+00       4.496e+11  5.323026e-01 -5.871551e-02  7.525530e-01  4.676974e-01
 2.27586e+00  5.58621e+00       4.855e+11  7.243690e-01 -5.189090e-02  5.947613e-01  2.756310e-01
 2.68966e+00  5.58621e+00       4.705e+11  8.239156e-01 -7.604949e-02  4.063300e-01  1.760844e-01
 3.10345e+00  5.58621e+00       4.105e+11  8.491064e-01 -1.097081e-01  1.340441e-01  1.508936e-01
 3.51724e+00  5.58621e+00       3.659e+11  8.278081e-01 -9.906423e-02 -1.949561e-01  1.721919e-01
 3.93103e+00  5.58621e+00       3.681e+11  7.999490e-01 -2.262242e-02 -4.084757e-01  2.000510e-01
 4.34483e+00  5.58621e+00       4.066e+11  7.524977e-01  3.051568e-02 -5.156624e-01  2.475023e-01
 4.75862e+00  5.58621e+00       5.546e+11  6.107056e-01  7.242834e-03 -6.725860e-01  3.892944e-01
 5.17241e+00  5.58621e+00       9.435e+11  4.463960e-01 -1.892811e-02 -8.274184e-01  5.536040e-01
 5.58621e+00  5.58621e+00       1.457e+12  3.368830e-01 -1.506048e-02 -9.081062e-01  6.631170e-01
 6.00000e+00  5.58621e+00       1.757e+12  2.554926e-01 -2.742995e-03 -9.482390e-01  7.445074e-01
-6.00000e+00  6.00000e+00       1.730e+12  3.540840e-01 -8.555027e-03  9.218928e-01  6.459160e-01
-5.58621e+00  6.00000e+00       1.676e+12  4.355009e-01 -1.275436e-02  8.747308e-01  5.644991e-01
-5.17241e+00  6.00000e+00       1.499e+12  5.359934e-01 -6.475349e-03  7.979619e-01  4.640066e-01
-4.75862e+00  6.00000e+00       1.241e+12  6.424708e-01  2.059088e-02  6.940012e-01  3.575292e-01
-4.34483e+00  6.00000e+00       9.274e+11  7.370694e-01  7.293375e-02  5.806165e-01  2.629306e-01
-3.93103e+00  6.00000e+00       5.895e+11  7.856281e-01  1.320917e-01  4.956927e-01  2.143719e-01
-3.51724e+00  6.00000e+00       3.489e+11  7.938619e-01  1.343498e-01  4.360880e-01  2.061381e-01
-3.10345e+00  6.00000e+00       2.879e+11  8.317573e-01  3.662391e-02  3.053269e-01  1.682427e-01
-2.68966e+00  6.00000e+00       3.193e+11  8.362130e-01 -5.242238e-02  6.842602e-02  1.637870e-01
-2.27586e+00  6.00000e+00       3.483e+11  7.158251e-01 -1.088748e-01 -2.643845e-01  2.841749e-01
-1.86207e+00  6.00000e+00       3.621e+11  4.644877e-01 -1.272590e-01 -6.109007e-01  5.355123e-01
-1.44828e+00  6.00000e+00       3.561e+11  1.675367e-01 -1.027164e-01 -8.195119e-01  8.324633e-01
-1.03448e+00  6.00000e+00       3.102e+11 -1.316946e-01 -3.923927e-02 -8.247900e-01  8.683054e-01
-6.20690e-01  6.00000e+00       2.452e+11 -4.616652e-01  2.936728e-02 -5.879165e-01  5.383348e-01
-2.06897e-01  6.00000e+00       2.082e+11 -6.953737e-01  5.353069e-02 -9.905755e-02  3.046263e-01
 2.06897e-01  6.00000e+00       2.122e+11 -6.369202e-01  4.247948e-02  4.244388e-01  3.630798e-01
 6.20690e-01  6.00000e+00       2.494e+11 -3.582413e-01  1.722658e-02  7.659994e-01  6.417587e-01
 1.03448e+00  6.00000e+00       3.074e+11 -4.681177e-02 -3.073419e-02  9.005205e-01  9.531882e-01
 1.44828e+00  6.00000e+00       3.449e+11  1.996555e-01 -8.657258e-02  8.892662e-01  8.003445e-01
 1.86207e+00  6.00000e+00       3.232e+11  4.062916e-01 -1.450735e-01  7.485176e-01  5.937084e-01
 2.27586e+00  6.00000e+00       2.796e+11  6.108277e-01 -1.997018e-01  4.401080e-01  3.891723e-01
 2.68966e+00  6.00000e+00       2.660e+11  7.599852e-01 -1.771588e-01  7.279247e-02  2.400148e-01
 3.10345e+00  6.00000e+00       2.949e+11  8.340025e-01 -6.037525e-02 -1.571214e-01  1.659975e-01
 3.51724e+00  6.00000e+00       3.439e+11  8.663457e-01  3.574533e-02 -2.363188e-01  1.336543e-01
 3.93103e+00  6.00000e+00       3.975e+11  8.411384e-01  4.555987e-02 -3.234020e-01  1.588616e-01
 4.34483e+00  6.00000e+00       5.735e+11  7.293029e-01 -3.069586e-03 -5.363606e-01  2.706971e-01
 4.75862e+00  6.00000e+00       9.992e+11  6.055903e-01 -2.279854e-02 -7.241268e-01  3.944097e-01
 5.17241e+00  6.00000e+00       1.527e+12  5.132558e-01 -1.210454e-02 -8.242296e-01  4.867442e-01
 5.58621e+00  6.00000e+00       1.846e+12  4.352233e-01  3.980467e-03 -8.823172e-01  5.647767e-01
 6.00000e+00  6.00000e+00       1.817e+12  3.615982e-01  1.123364e-02 -9.205167e-01  6.384018e-01
