 EB(GeV)    EMITTANCEx EMITTANCEy SIZEx(m)   SIZEy(m)   DIVx(rad)  DIVy(rad)
 1.500e+00  5.941e-09  5.941e-11  1.840e-04  1.299e-05  3.228e-05  4.574e-06
 betax      alphax     betay      alphay     eta        deta       E_spread  
 5.700e+00  0.000e+00  2.840e+00  0.000e+00  0.000e+00  0.000e+00  1.000e-03
 Ibeam(A) 
  2.000e-01


           x            y       F.Density            PL            PC          PL45        1-|PL|
          mm           mm  ph/s/mm^2/0.1%             -             -             -             -
-6.00000e+00 -6.00000e+00       1.369e+12  5.788087e-01  1.231685e-02 -7.869014e-01  4.211913e-01
-5.58621e+00 -6.00000e+00       1.939e+12  6.387029e-01  7.508152e-03 -7.456090e-01  3.612971e-01
-5.17241e+00 -6.00000e+00       2.472e+12  6.785794e-01  3.394595e-03 -7.137981e-01  3.214206e-01
-4.75862e+00 -6.00000e+00       2.486e+12  7.150496e-01 -1.970274e-03 -6.710273e-01  2.849504e-01
-4.34483e+00 -6.00000e+00       2.084e+12  7.671842e-01 -1.169223e-02 -5.859117e-01  2.328158e-01
-3.93103e+00 -6.00000e+00       1.677e+12  8.329657e-01 -2.028420e-02 -4.356128e-01  1.670343e-01
-3.51724e+00 -6.00000e+00       1.398e+12  8.902544e-01 -2.329114e-02 -2.400120e-01  1.097456e-01
-3.10345e+00 -6.00000e+00       1.122e+12  9.192593e-01 -3.405018e-02 -5.481362e-02  8.074075e-02
-2.68966e+00 -6.00000e+00       7.635e+11  9.114960e-01 -6.570464e-02  7.783986e-02  8.850395e-02
-2.27586e+00 -6.00000e+00       4.412e+11  8.605792e-01 -1.201438e-01  1.252163e-01  1.394208e-01
-1.86207e+00 -6.00000e+00       2.655e+11  7.572536e-01 -1.986864e-01  6.876811e-02  2.427464e-01
-1.44828e+00 -6.00000e+00       2.055e+11  6.509462e-01 -1.943589e-01  5.206611e-02  3.490538e-01
-1.03448e+00 -6.00000e+00       1.994e+11  5.570714e-01  2.052590e-02  1.850409e-01  4.429286e-01
-6.20690e-01 -6.00000e+00       2.071e+11  3.827567e-01  2.624589e-01  3.678931e-01  6.172433e-01
-2.06897e-01 -6.00000e+00       2.076e+11  1.796077e-01  3.861491e-01  4.542706e-01  8.203923e-01
 2.06897e-01 -6.00000e+00       1.998e+11  1.042813e-01  4.140055e-01  3.664576e-01  8.957187e-01
 6.20690e-01 -6.00000e+00       1.993e+11  2.506642e-01  2.854477e-01  1.574172e-01  7.493358e-01
 1.03448e+00 -6.00000e+00       2.258e+11  4.885242e-01 -9.715358e-03 -7.085745e-02  5.114758e-01
 1.44828e+00 -6.00000e+00       2.735e+11  6.323102e-01 -1.692069e-01 -2.394284e-01  3.676898e-01
 1.86207e+00 -6.00000e+00       3.116e+11  7.025907e-01 -1.009650e-01 -3.183173e-01  2.974093e-01
 2.27586e+00 -6.00000e+00       3.520e+11  7.707406e-01  1.651273e-02 -3.152386e-01  2.292594e-01
 2.68966e+00 -6.00000e+00       4.412e+11  8.476285e-01  6.261009e-02 -2.051398e-01  1.523715e-01
 3.10345e+00 -6.00000e+00       6.549e+11  8.890906e-01  5.168263e-02  3.170125e-02  1.109094e-01
 3.51724e+00 -6.00000e+00       1.111e+12  8.755741e-01  2.034259e-02  2.844396e-01  1.244259e-01
 3.93103e+00 -6.00000e+00       1.761e+12  8.345383e-01 -7.073489e-04  4.593224e-01  1.654617e-01
 4.34483e+00 -6.00000e+00       2.284e+12  7.812613e-01 -7.913637e-03  5.766112e-01  2.187387e-01
 4.75862e+00 -6.00000e+00       2.466e+12  7.164090e-01 -6.845828e-03  6.684741e-01  2.835910e-01
 5.17241e+00 -6.00000e+00       2.373e+12  6.530784e-01 -4.875642e-03  7.361604e-01  3.469216e-01
 5.58621e+00 -6.00000e+00       2.090e+12  6.031884e-01 -8.395600e-03  7.774759e-01  3.968116e-01
 6.00000e+00 -6.00000e+00       1.634e+12  5.660202e-01 -1.541500e-02  8.025821e-01  4.339798e-01
-6.00000e+00 -5.58621e+00       1.780e+12  4.839244e-01  8.458878e-03 -8.568481e-01  5.160756e-01
-5.58621e+00 -5.58621e+00       2.305e+12  5.255873e-01  3.577240e-03 -8.343581e-01  4.744127e-01
-5.17241e+00 -5.58621e+00       2.363e+12  5.710417e-01 -1.998553e-03 -7.967827e-01  4.289583e-01
-4.75862e+00 -5.58621e+00       2.042e+12  6.407479e-01 -8.632371e-03 -7.198135e-01  3.592521e-01
-4.34483e+00 -5.58621e+00       1.672e+12  7.329937e-01 -1.429890e-02 -5.904836e-01  2.670063e-01
-3.93103e+00 -5.58621e+00       1.338e+12  8.221266e-01 -2.673159e-02 -4.374353e-01  1.778734e-01
-3.51724e+00 -5.58621e+00       9.484e+11  8.762000e-01 -5.883258e-02 -3.128309e-01  1.238000e-01
-3.10345e+00 -5.58621e+00       5.667e+11  8.793001e-01 -1.045278e-01 -2.373576e-01  1.206999e-01
-2.68966e+00 -5.58621e+00       3.620e+11  8.511844e-01 -1.077436e-01 -1.683583e-01  1.488156e-01
-2.27586e+00 -5.58621e+00       3.213e+11  8.444505e-01 -4.539002e-02 -5.199106e-02  1.555495e-01
-1.86207e+00 -5.58621e+00       2.981e+11  8.004414e-01  1.827102e-02  7.247120e-02  1.995586e-01
-1.44828e+00 -5.58621e+00       2.404e+11  6.697553e-01  9.251109e-02  2.534055e-01  3.302447e-01
-1.03448e+00 -5.58621e+00       1.836e+11  4.774468e-01  1.081222e-01  4.358899e-01  5.225532e-01
-6.20690e-01 -5.58621e+00       1.381e+11  1.934163e-01 -6.105516e-03  4.155595e-01  8.065837e-01
-2.06897e-01 -5.58621e+00       1.097e+11 -1.655192e-01 -1.597910e-01  1.362952e-01  8.344808e-01
 2.06897e-01 -5.58621e+00       1.028e+11 -2.762314e-01 -1.836240e-01 -1.986077e-01  7.237686e-01
 6.20690e-01 -5.58621e+00       1.199e+11 -2.082531e-02 -2.039239e-02 -4.055167e-01  9.791747e-01
 1.03448e+00 -5.58621e+00       1.747e+11  3.332616e-01  1.449519e-01 -4.687237e-01  6.667384e-01
 1.44828e+00 -5.58621e+00       2.475e+11  5.696572e-01  1.779087e-01 -3.947822e-01  4.303428e-01
 1.86207e+00 -5.58621e+00       2.913e+11  7.007262e-01  1.388989e-01 -2.281148e-01  2.992738e-01
 2.27586e+00 -5.58621e+00       3.246e+11  7.847528e-01  5.190190e-02 -6.284048e-02  2.152472e-01
 2.68966e+00 -5.58621e+00       3.817e+11  8.519536e-01 -1.334292e-02  1.507404e-02  1.480464e-01
 3.10345e+00 -5.58621e+00       4.554e+11  8.896181e-01 -8.037100e-04  7.035598e-02  1.103819e-01
 3.51724e+00 -5.58621e+00       5.999e+11  8.742091e-01  2.835675e-02  2.211600e-01  1.257909e-01
 3.93103e+00 -5.58621e+00       9.706e+11  8.014448e-01  2.484669e-02  4.493031e-01  1.985552e-01
 4.34483e+00 -5.58621e+00       1.609e+12  7.192944e-01  9.153083e-03  6.200874e-01  2.807056e-01
 4.75862e+00 -5.58621e+00       2.198e+12  6.456734e-01 -8.091950e-04  7.240280e-01  3.543266e-01
 5.17241e+00 -5.58621e+00       2.396e+12  5.715314e-01 -4.164338e-03  7.967765e-01  4.284686e-01
 5.58621e+00 -5.58621e+00       2.231e+12  5.014898e-01 -4.779730e-03  8.488446e-01  4.985102e-01
 6.00000e+00 -5.58621e+00       1.865e+12  4.471606e-01 -8.877592e-03  8.795359e-01  5.528394e-01
-6.00000e+00 -5.17241e+00       2.057e+12  3.706017e-01  4.788356e-03 -9.132649e-01  6.293983e-01
-5.58621e+00 -5.17241e+00       2.207e+12  4.197485e-01 -5.492282e-04 -8.854180e-01  5.802515e-01
-5.17241e+00 -5.17241e+00       1.967e+12  4.962164e-01 -5.586193e-03 -8.262718e-01  5.037836e-01
-4.75862e+00 -5.17241e+00       1.600e+12  6.014699e-01 -1.256777e-02 -7.262411e-01  3.985301e-01
-4.34483e+00 -5.17241e+00       1.216e+12  7.070075e-01 -3.356653e-02 -6.100744e-01  2.929925e-01
-3.93103e+00 -5.17241e+00       8.076e+11  7.725744e-01 -7.287312e-02 -5.173575e-01  2.274256e-01
-3.51724e+00 -5.17241e+00       5.021e+11  7.952577e-01 -9.434759e-02 -4.426747e-01  2.047423e-01
-3.10345e+00 -5.17241e+00       3.926e+11  8.174493e-01 -4.751328e-02 -3.270604e-01  1.825507e-01
-2.68966e+00 -5.17241e+00       3.751e+11  8.155734e-01  1.696388e-02 -1.086715e-01  1.844266e-01
-2.27586e+00 -5.17241e+00       3.836e+11  7.081611e-01  7.536342e-02  2.738479e-01  2.918389e-01
-1.86207e+00 -5.17241e+00       4.345e+11  4.945528e-01  1.099261e-01  6.464199e-01  5.054472e-01
-1.44828e+00 -5.17241e+00       4.722e+11  2.278358e-01  1.022354e-01  8.200110e-01  7.721642e-01
-1.03448e+00 -5.17241e+00       4.420e+11 -1.102822e-01  7.416353e-02  8.211672e-01  8.897178e-01
-6.20690e-01 -5.17241e+00       3.814e+11 -4.783561e-01  4.975115e-02  6.297798e-01  5.216439e-01
-2.06897e-01 -5.17241e+00       3.476e+11 -7.068974e-01  3.495687e-02  1.915678e-01  2.931026e-01
 2.06897e-01 -5.17241e+00       3.689e+11 -6.397344e-01  3.673286e-02 -3.581847e-01  3.602656e-01
 6.20690e-01 -5.17241e+00       4.261e+11 -3.640016e-01  5.556349e-02 -7.345367e-01  6.359984e-01
 1.03448e+00 -5.17241e+00       4.645e+11 -4.931339e-02  7.620899e-02 -8.814255e-01  9.506866e-01
 1.44828e+00 -5.17241e+00       4.606e+11  2.481060e-01  8.194286e-02 -8.634694e-01  7.518940e-01
 1.86207e+00 -5.17241e+00       4.329e+11  5.119872e-01  6.841871e-02 -6.960309e-01  4.880128e-01
 2.27586e+00 -5.17241e+00       4.132e+11  7.253073e-01  6.614323e-02 -3.796582e-01  2.746927e-01
 2.68966e+00 -5.17241e+00       4.176e+11  8.372480e-01  7.532993e-02 -4.735270e-02  1.627520e-01
 3.10345e+00 -5.17241e+00       4.326e+11  8.594780e-01  4.750188e-02  1.739354e-01  1.405220e-01
 3.51724e+00 -5.17241e+00       4.717e+11  8.551090e-01  9.137986e-03  2.939988e-01  1.448910e-01
 3.93103e+00 -5.17241e+00       5.843e+11  8.114522e-01  1.003166e-02  4.142330e-01  1.885478e-01
 4.34483e+00 -5.17241e+00       9.040e+11  6.980820e-01  1.798036e-02  5.993418e-01  3.019180e-01
 4.75862e+00 -5.17241e+00       1.504e+12  5.830265e-01  1.158651e-02  7.483699e-01  4.169735e-01
 5.17241e+00 -5.17241e+00       2.079e+12  4.949131e-01  3.241320e-03  8.338107e-01  5.050869e-01
 5.58621e+00 -5.17241e+00       2.240e+12  4.163306e-01 -1.731045e-03  8.877666e-01  5.836694e-01
 6.00000e+00 -5.17241e+00       2.004e+12  3.454612e-01 -4.542511e-03  9.232407e-01  6.545388e-01
-6.00000e+00 -4.75862e+00       1.799e+12  2.561699e-01 -5.760374e-03 -9.442500e-01  7.438301e-01
-5.58621e+00 -4.75862e+00       1.774e+12  3.395900e-01 -7.691457e-03 -9.011965e-01  6.604100e-01
-5.17241e+00 -4.75862e+00       1.496e+12  4.546286e-01 -1.540620e-02 -8.269793e-01  5.453714e-01
-4.75862e+00 -4.75862e+00       1.124e+12  5.697514e-01 -3.582919e-02 -7.419016e-01  4.302486e-01
-4.34483e+00 -4.75862e+00       7.365e+11  6.449741e-01 -7.125409e-02 -6.673769e-01  3.550259e-01
-3.93103e+00 -4.75862e+00       4.910e+11  6.973807e-01 -7.537129e-02 -5.755263e-01  3.026193e-01
-3.51724e+00 -4.75862e+00       4.431e+11  7.686205e-01 -1.321143e-02 -3.758702e-01  2.313795e-01
-3.10345e+00 -4.75862e+00       5.088e+11  8.291327e-01  4.426737e-02 -3.109661e-02  1.708673e-01
-2.68966e+00 -4.75862e+00       6.071e+11  8.317323e-01  6.664279e-02  2.984494e-01  1.682677e-01
-2.27586e+00 -4.75862e+00       6.223e+11  7.684533e-01  7.455074e-02  5.169300e-01  2.315467e-01
-1.86207e+00 -4.75862e+00       5.287e+11  6.385421e-01  1.038455e-01  6.789176e-01  3.614579e-01
-1.44828e+00 -4.75862e+00       3.995e+11  4.597273e-01  1.437429e-01  7.991986e-01  5.402727e-01
-1.03448e+00 -4.75862e+00       2.691e+11  2.421207e-01  1.440844e-01  8.589913e-01  7.578793e-01
-6.20690e-01 -4.75862e+00       1.796e+11 -7.239688e-02  1.020475e-01  8.208379e-01  9.276031e-01
-2.06897e-01 -4.75862e+00       1.470e+11 -3.943947e-01  6.892748e-02  6.042922e-01  6.056053e-01
 2.06897e-01 -4.75862e+00       1.445e+11 -4.601317e-01  4.154509e-02  1.429965e-01  5.398683e-01
 6.20690e-01 -4.75862e+00       1.864e+11 -1.147755e-01  2.308781e-02 -4.744783e-01  8.852245e-01
 1.03448e+00 -4.75862e+00       3.118e+11  2.774086e-01  4.553603e-02 -7.766863e-01  7.225914e-01
 1.44828e+00 -4.75862e+00       4.930e+11  5.058556e-01  6.121940e-02 -7.815004e-01  4.941444e-01
 1.86207e+00 -4.75862e+00       6.465e+11  6.655447e-01  5.523379e-02 -6.833027e-01  3.344553e-01
 2.27586e+00 -4.75862e+00       6.955e+11  7.801106e-01  4.530095e-02 -5.493191e-01  2.198894e-01
 2.68966e+00 -4.75862e+00       6.327e+11  8.506829e-01  4.089521e-02 -3.481717e-01  1.493171e-01
 3.10345e+00 -4.75862e+00       5.498e+11  8.733485e-01  4.647066e-02 -3.971588e-02  1.266515e-01
 3.51724e+00 -4.75862e+00       5.031e+11  8.445815e-01  4.736738e-02  2.606030e-01  1.554185e-01
 3.93103e+00 -4.75862e+00       4.975e+11  7.940370e-01  2.210803e-02  4.450883e-01  2.059630e-01
 4.34483e+00 -4.75862e+00       5.808e+11  7.139315e-01  7.478069e-03  5.724758e-01  2.860685e-01
 4.75862e+00 -4.75862e+00       8.637e+11  5.659763e-01  1.203397e-02  7.248390e-01  4.340237e-01
 5.17241e+00 -4.75862e+00       1.410e+12  4.242166e-01  7.892243e-03  8.487224e-01  5.757834e-01
 5.58621e+00 -4.75862e+00       1.933e+12  3.314230e-01  1.501880e-03  9.145362e-01  6.685770e-01
 6.00000e+00 -4.75862e+00       2.024e+12  2.610311e-01  8.279229e-04  9.485152e-01  7.389689e-01
-6.00000e+00 -4.34483e+00       1.701e+12  1.828567e-01 -5.137098e-04 -9.499492e-01  8.171433e-01
-5.58621e+00 -4.34483e+00       1.413e+12  2.846511e-01 -8.011613e-03 -9.014521e-01  7.153489e-01
-5.17241e+00 -4.34483e+00       1.038e+12  4.097857e-01 -3.175099e-02 -8.333651e-01  5.902143e-01
-4.75862e+00 -4.34483e+00       6.929e+11  5.132578e-01 -6.947274e-02 -7.647918e-01  4.867422e-01
-4.34483e+00 -4.34483e+00       4.928e+11  6.013547e-01 -6.551195e-02 -6.621834e-01  3.986453e-01
-3.93103e+00 -4.34483e+00       4.913e+11  7.348063e-01 -2.450357e-04 -4.242384e-01  2.651937e-01
-3.51724e+00 -4.34483e+00       6.063e+11  8.599821e-01  4.546379e-02 -1.178914e-01  1.400179e-01
-3.10345e+00 -4.34483e+00       6.833e+11  9.150339e-01  6.429933e-02  1.159772e-01  8.496614e-02
-2.68966e+00 -4.34483e+00       6.188e+11  9.130182e-01  8.767115e-02  2.765297e-01  8.698177e-02
-2.27586e+00 -4.34483e+00       4.784e+11  8.833155e-01  1.159642e-01  3.893164e-01  1.166845e-01
-1.86207e+00 -4.34483e+00       3.608e+11  8.464863e-01  9.136403e-02  4.458331e-01  1.535137e-01
-1.44828e+00 -4.34483e+00       3.106e+11  8.102505e-01 -2.782809e-02  4.529323e-01  1.897495e-01
-1.03448e+00 -4.34483e+00       3.238e+11  7.964563e-01 -1.170959e-01  4.411580e-01  2.035437e-01
-6.20690e-01 -4.34483e+00       3.363e+11  8.046848e-01 -8.844035e-02  4.175034e-01  1.953152e-01
-2.06897e-01 -4.34483e+00       3.068e+11  7.916227e-01 -1.583935e-02  3.941237e-01  2.083773e-01
 2.06897e-01 -4.34483e+00       2.574e+11  6.937155e-01  5.621545e-03  3.958344e-01  3.062845e-01
 6.20690e-01 -4.34483e+00       2.102e+11  5.003506e-01 -7.390910e-02  3.571075e-01  4.996494e-01
 1.03448e+00 -4.34483e+00       1.799e+11  3.686439e-01 -1.509250e-01  1.067861e-01  6.313561e-01
 1.44828e+00 -4.34483e+00       2.027e+11  5.098883e-01 -5.071023e-02 -2.987157e-01  4.901117e-01
 1.86207e+00 -4.34483e+00       3.312e+11  7.496769e-01  5.103219e-02 -4.374622e-01  2.503231e-01
 2.27586e+00 -4.34483e+00       5.626e+11  8.793768e-01  5.549999e-02 -3.712606e-01  1.206232e-01
 2.68966e+00 -4.34483e+00       7.590e+11  9.328609e-01  4.267618e-02 -2.762539e-01  6.713913e-02
 3.10345e+00 -4.34483e+00       7.720e+11  9.438659e-01  3.428468e-02 -1.509198e-01  5.613407e-02
 3.51724e+00 -4.34483e+00       6.555e+11  9.063899e-01  3.421672e-02  6.678274e-02  9.361005e-02
 3.93103e+00 -4.34483e+00       5.501e+11  8.186281e-01  3.796123e-02  3.484908e-01  1.813719e-01
 4.34483e+00 -4.34483e+00       5.048e+11  7.184101e-01  2.305635e-02  5.574361e-01  2.815899e-01
 4.75862e+00 -4.34483e+00       5.738e+11  5.894674e-01  6.538862e-03  6.953823e-01  4.105326e-01
 5.17241e+00 -4.34483e+00       8.786e+11  4.103981e-01  9.902561e-03  8.259986e-01  5.896019e-01
 5.58621e+00 -4.34483e+00       1.395e+12  2.698900e-01  1.045808e-02  9.124150e-01  7.301100e-01
 6.00000e+00 -4.34483e+00       1.760e+12  1.769139e-01  5.230779e-03  9.547914e-01  8.230861e-01
-6.00000e+00 -3.93103e+00       1.313e+12  1.214193e-01 -3.971037e-03 -9.401894e-01  8.785807e-01
-5.58621e+00 -3.93103e+00       9.849e+11  2.477087e-01 -2.403652e-02 -8.911527e-01  7.522913e-01
-5.17241e+00 -3.93103e+00       6.696e+11  3.736802e-01 -6.176573e-02 -8.334778e-01  6.263198e-01
-4.75862e+00 -3.93103e+00       4.842e+11  4.946844e-01 -6.505459e-02 -7.363296e-01  5.053156e-01
-4.34483e+00 -3.93103e+00       4.933e+11  6.754223e-01 -2.642011e-03 -5.125415e-01  3.245777e-01
-3.93103e+00 -3.93103e+00       6.140e+11  8.415303e-01  4.301443e-02 -2.529750e-01  1.584697e-01
-3.51724e+00 -3.93103e+00       6.664e+11  9.285912e-01  6.572132e-02 -6.633705e-02  7.140878e-02
-3.10345e+00 -3.93103e+00       5.794e+11  9.602157e-01  8.832246e-02  4.924038e-02  3.978427e-02
-2.68966e+00 -3.93103e+00       4.608e+11  9.626565e-01  8.377674e-02  8.581702e-02  3.734346e-02
-2.27586e+00 -3.93103e+00       3.864e+11  9.381952e-01  2.834613e-02  3.332994e-02  6.180478e-02
-1.86207e+00 -3.93103e+00       3.094e+11  8.702810e-01 -8.976457e-03 -5.713920e-02  1.297190e-01
-1.44828e+00 -3.93103e+00       1.984e+11  7.302514e-01 -2.138968e-02 -1.476867e-01  2.697486e-01
-1.03448e+00 -3.93103e+00       1.161e+11  5.104243e-01 -1.829096e-01 -2.377091e-01  4.895757e-01
-6.20690e-01 -3.93103e+00       9.778e+10  3.774254e-01 -5.698089e-01 -2.961538e-01  6.225746e-01
-2.06897e-01 -3.93103e+00       1.130e+11  4.070369e-01 -7.441128e-01 -3.206277e-01  5.929631e-01
 2.06897e-01 -3.93103e+00       1.328e+11  5.298791e-01 -6.619030e-01 -3.414187e-01  4.701209e-01
 6.20690e-01 -3.93103e+00       1.610e+11  7.135044e-01 -4.208007e-01 -3.181122e-01  2.864956e-01
 1.03448e+00 -3.93103e+00       2.122e+11  8.435345e-01 -1.828266e-01 -2.335879e-01  1.564655e-01
 1.44828e+00 -3.93103e+00       2.558e+11  8.615124e-01 -6.172777e-02 -1.435016e-01  1.384876e-01
 1.86207e+00 -3.93103e+00       2.552e+11  8.219484e-01 -5.314233e-03 -1.072570e-01  1.780516e-01
 2.27586e+00 -3.93103e+00       2.883e+11  8.453129e-01  4.160584e-02 -1.388746e-01  1.546871e-01
 2.68966e+00 -3.93103e+00       4.602e+11  9.336425e-01  5.804031e-02 -1.155204e-01  6.635755e-02
 3.10345e+00 -3.93103e+00       6.945e+11  9.719634e-01  4.682162e-02 -4.626641e-02  2.803664e-02
 3.51724e+00 -3.93103e+00       7.781e+11  9.626538e-01  3.446464e-02  4.575214e-02  3.734620e-02
 3.93103e+00 -3.93103e+00       6.768e+11  8.969887e-01  3.037696e-02  2.118951e-01  1.030113e-01
 4.34483e+00 -3.93103e+00       5.470e+11  7.694356e-01  3.164756e-02  4.543803e-01  2.305644e-01
 4.75862e+00 -3.93103e+00       4.862e+11  6.236252e-01  1.828952e-02  6.553596e-01  3.763748e-01
 5.17241e+00 -3.93103e+00       5.692e+11  4.412902e-01  4.948967e-03  7.893936e-01  5.587098e-01
 5.58621e+00 -3.93103e+00       8.921e+11  2.415742e-01  9.356162e-03  8.923325e-01  7.584258e-01
 6.00000e+00 -3.93103e+00       1.333e+12  1.093747e-01  9.879701e-03  9.484339e-01  8.906253e-01
-6.00000e+00 -3.51724e+00       9.371e+11  8.526594e-02 -1.475894e-02 -9.195901e-01  9.147341e-01
-5.58621e+00 -3.51724e+00       6.530e+11  2.277189e-01 -5.021129e-02 -8.749714e-01  7.722811e-01
-5.17241e+00 -3.51724e+00       4.647e+11  3.733813e-01 -6.978796e-02 -7.990552e-01  6.266187e-01
-4.75862e+00 -3.51724e+00       4.523e+11  5.811363e-01 -1.638134e-02 -6.113883e-01  4.188637e-01
-4.34483e+00 -3.51724e+00       5.629e+11  7.843337e-01  3.651899e-02 -3.804924e-01  2.156663e-01
-3.93103e+00 -3.51724e+00       6.190e+11  9.003327e-01  6.291126e-02 -2.158526e-01  9.966732e-02
-3.51724e+00 -3.51724e+00       5.434e+11  9.496273e-01  8.254206e-02 -1.264526e-01  5.037274e-02
-3.10345e+00 -3.51724e+00       4.325e+11  9.495395e-01  7.439542e-02 -1.230960e-01  5.046049e-02
-2.68966e+00 -3.51724e+00       3.339e+11  9.029333e-01  3.310313e-02 -1.710182e-01  9.706672e-02
-2.27586e+00 -3.51724e+00       2.214e+11  8.137414e-01 -2.440467e-02 -1.649427e-01  1.862586e-01
-1.86207e+00 -3.51724e+00       1.279e+11  6.880149e-01 -1.855686e-01  5.533883e-03  3.119851e-01
-1.44828e+00 -3.51724e+00       8.520e+10  5.698358e-01 -4.497478e-01  2.907115e-01  4.301642e-01
-1.03448e+00 -3.51724e+00       7.299e+10  4.176649e-01 -5.927929e-01  4.402136e-01  5.823351e-01
-6.20690e-01 -3.51724e+00       6.958e+10  1.708801e-01 -6.346016e-01  3.725004e-01  8.291199e-01
-2.06897e-01 -3.51724e+00       6.779e+10 -5.205784e-02 -6.326801e-01  4.780142e-02  9.479422e-01
 2.06897e-01 -3.51724e+00       7.099e+10 -5.308122e-02 -5.871861e-01 -3.605300e-01  9.469188e-01
 6.20690e-01 -3.51724e+00       8.038e+10  1.834068e-01 -5.287174e-01 -5.288026e-01  8.165932e-01
 1.03448e+00 -3.51724e+00       1.017e+11  5.283300e-01 -4.526452e-01 -4.221061e-01  4.716700e-01
 1.44828e+00 -3.51724e+00       1.512e+11  7.891046e-01 -3.279541e-01 -2.143719e-01  2.108954e-01
 1.86207e+00 -3.51724e+00       2.225e+11  8.897656e-01 -1.859857e-01 -4.727579e-02  1.102344e-01
 2.27586e+00 -3.51724e+00       2.712e+11  9.028936e-01 -6.752873e-02  4.289496e-02  9.710639e-02
 2.68966e+00 -3.51724e+00       3.030e+11  9.056051e-01  2.330931e-02  5.614932e-02  9.439488e-02
 3.10345e+00 -3.51724e+00       4.261e+11  9.441495e-01  6.048799e-02  6.936168e-02  5.585050e-02
 3.51724e+00 -3.51724e+00       6.330e+11  9.643969e-01  5.042589e-02  1.216307e-01  3.560312e-02
 3.93103e+00 -3.51724e+00       7.201e+11  9.401969e-01  3.542191e-02  2.003711e-01  5.980307e-02
 4.34483e+00 -3.51724e+00       6.248e+11  8.509570e-01  2.914674e-02  3.478444e-01  1.490430e-01
 4.75862e+00 -3.51724e+00       4.959e+11  6.921982e-01  2.682599e-02  5.624218e-01  3.078018e-01
 5.17241e+00 -3.51724e+00       4.485e+11  5.023376e-01  1.125131e-02  7.403298e-01  4.976624e-01
 5.58621e+00 -3.51724e+00       5.727e+11  2.687467e-01  3.999480e-03  8.554466e-01  7.312533e-01
 6.00000e+00 -3.51724e+00       9.023e+11  7.297749e-02  1.011151e-02  9.260073e-01  9.270225e-01
-6.00000e+00 -3.10345e+00       6.385e+11  8.316831e-02 -4.142404e-02 -8.913667e-01  9.168317e-01
-5.58621e+00 -3.10345e+00       4.479e+11  2.459430e-01 -7.639816e-02 -8.416509e-01  7.540570e-01
-5.17241e+00 -3.10345e+00       3.941e+11  4.597164e-01 -4.330458e-02 -7.033038e-01  5.402836e-01
-4.75862e+00 -3.10345e+00       4.798e+11  6.996437e-01  2.184163e-02 -4.909761e-01  3.003563e-01
-4.34483e+00 -3.10345e+00       5.569e+11  8.494328e-01  5.530069e-02 -3.305105e-01  1.505672e-01
-3.93103e+00 -3.10345e+00       5.100e+11  9.175906e-01  7.583246e-02 -2.442887e-01  8.240935e-02
-3.51724e+00 -3.10345e+00       4.029e+11  9.226564e-01  7.582724e-02 -2.377485e-01  7.734363e-02
-3.10345e+00 -3.10345e+00       2.966e+11  8.787056e-01  4.268313e-02 -2.639243e-01  1.212944e-01
-2.68966e+00 -3.10345e+00       1.932e+11  8.232070e-01 -2.542632e-02 -1.960645e-01  1.767930e-01
-2.27586e+00 -3.10345e+00       1.286e+11  8.053633e-01 -1.559773e-01  6.007405e-02  1.946367e-01
-1.86207e+00 -3.10345e+00       1.233e+11  7.962560e-01 -2.120114e-01  3.504799e-01  2.037440e-01
-1.44828e+00 -3.10345e+00       1.698e+11  6.650692e-01 -1.613301e-01  5.468805e-01  3.349308e-01
-1.03448e+00 -3.10345e+00       2.552e+11  4.083893e-01 -1.651279e-01  6.422103e-01  5.916107e-01
-6.20690e-01 -3.10345e+00       3.324e+11  8.486435e-02 -2.260615e-01  5.262554e-01  9.151356e-01
-2.06897e-01 -3.10345e+00       3.758e+11 -1.543782e-01 -2.734561e-01  9.376536e-02  8.456218e-01
 2.06897e-01 -3.10345e+00       4.070e+11 -8.620785e-02 -2.375694e-01 -4.352626e-01  9.137922e-01
 6.20690e-01 -3.10345e+00       4.037e+11  1.978288e-01 -1.480917e-01 -6.883735e-01  8.021712e-01
 1.03448e+00 -3.10345e+00       3.389e+11  4.979759e-01 -8.183204e-02 -6.560085e-01  5.020241e-01
 1.44828e+00 -3.10345e+00       2.613e+11  7.381080e-01 -8.714927e-02 -4.805177e-01  2.618920e-01
 1.86207e+00 -3.10345e+00       2.197e+11  8.698327e-01 -1.414968e-01 -2.705794e-01  1.301673e-01
 2.27586e+00 -3.10345e+00       2.272e+11  9.121138e-01 -1.441252e-01 -3.509249e-02  8.788617e-02
 2.68966e+00 -3.10345e+00       2.618e+11  9.124918e-01 -7.090787e-02  1.291004e-01  8.750817e-02
 3.10345e+00 -3.10345e+00       3.038e+11  9.136620e-01  1.845075e-02  1.777566e-01  8.633799e-02
 3.51724e+00 -3.10345e+00       4.200e+11  9.371976e-01  5.967883e-02  1.949864e-01  6.280242e-02
 3.93103e+00 -3.10345e+00       5.922e+11  9.416755e-01  5.006688e-02  2.383807e-01  5.832446e-02
 4.34483e+00 -3.10345e+00       6.379e+11  8.990251e-01  3.486203e-02  3.151295e-01  1.009749e-01
 4.75862e+00 -3.10345e+00       5.289e+11  7.811339e-01  2.804301e-02  4.618442e-01  2.188661e-01
 5.17241e+00 -3.10345e+00       4.131e+11  5.882626e-01  1.977756e-02  6.577502e-01  4.117374e-01
 5.58621e+00 -3.10345e+00       4.048e+11  3.427443e-01  2.803070e-03  8.062233e-01  6.572557e-01
 6.00000e+00 -3.10345e+00       5.784e+11  8.414277e-02  6.108305e-03  8.901076e-01  9.158572e-01
-6.00000e+00 -2.68966e+00       3.934e+11  2.964289e-02  2.950403e-02 -8.525560e-01  9.703571e-01
-5.58621e+00 -2.68966e+00       3.045e+11  2.817474e-01 -2.087892e-04 -7.499803e-01  7.182526e-01
-5.17241e+00 -2.68966e+00       3.693e+11  5.808396e-01  2.357260e-02 -5.720448e-01  4.191604e-01
-4.75862e+00 -2.68966e+00       4.724e+11  7.781273e-01  4.820877e-02 -4.145531e-01  2.218727e-01
-4.34483e+00 -2.68966e+00       4.744e+11  8.791531e-01  6.505186e-02 -3.183128e-01  1.208469e-01
-3.93103e+00 -2.68966e+00       3.861e+11  9.043210e-01  7.485653e-02 -2.959042e-01  9.567897e-02
-3.51724e+00 -2.68966e+00       2.834e+11  8.732767e-01  5.538494e-02 -3.125936e-01  1.267233e-01
-3.10345e+00 -2.68966e+00       1.982e+11  8.465604e-01 -2.675037e-03 -2.350348e-01  1.534396e-01
-2.68966e+00 -2.68966e+00       2.016e+11  8.998884e-01 -6.819740e-02  4.988328e-02  1.001116e-01
-2.27586e+00 -2.68966e+00       4.317e+11  9.347085e-01 -4.691366e-02  2.601656e-01  6.529153e-02
-1.86207e+00 -2.68966e+00       9.385e+11  9.160272e-01 -2.113928e-02  3.527648e-01  8.397285e-02
-1.44828e+00 -2.68966e+00       1.367e+12  8.814392e-01  2.110988e-04  4.237438e-01  1.185608e-01
-1.03448e+00 -2.68966e+00       1.256e+12  8.311741e-01  3.965446e-02  4.838807e-01  1.688259e-01
-6.20690e-01 -2.68966e+00       7.808e+11  7.555394e-01  1.221943e-01  4.904199e-01  2.444606e-01
-2.06897e-01 -2.68966e+00       4.408e+11  6.663072e-01  2.400314e-01  2.425716e-01  3.336928e-01
 2.06897e-01 -2.68966e+00       4.628e+11  6.962376e-01  1.841900e-01 -2.988071e-01  3.037624e-01
 6.20690e-01 -2.68966e+00       8.860e+11  8.028819e-01  3.708303e-02 -4.687208e-01  1.971181e-01
 1.03448e+00 -2.68966e+00       1.506e+12  8.692863e-01 -2.671701e-02 -4.372746e-01  1.307137e-01
 1.44828e+00 -2.68966e+00       1.710e+12  9.075254e-01 -4.479913e-02 -3.807981e-01  9.247460e-02
 1.86207e+00 -2.68966e+00       1.231e+12  9.324315e-01 -4.724293e-02 -3.189905e-01  6.756855e-02
 2.27586e+00 -2.68966e+00       6.216e+11  9.495205e-01 -5.564639e-02 -2.235153e-01  5.047953e-02
 2.68966e+00 -2.68966e+00       3.267e+11  9.467576e-01 -7.635678e-02 -2.493038e-02  5.324242e-02
 3.10345e+00 -2.68966e+00       2.698e+11  9.196457e-01 -4.223091e-02  1.800970e-01  8.035429e-02
 3.51724e+00 -2.68966e+00       3.050e+11  9.137899e-01  3.179179e-02  2.484155e-01  8.621009e-02
 3.93103e+00 -2.68966e+00       4.244e+11  9.277663e-01  5.772677e-02  2.713335e-01  7.223374e-02
 4.34483e+00 -2.68966e+00       5.518e+11  9.134594e-01  4.383159e-02  3.175196e-01  8.654056e-02
 4.75862e+00 -2.68966e+00       5.473e+11  8.400549e-01  3.114356e-02  4.139680e-01  1.599451e-01
 5.17241e+00 -2.68966e+00       4.507e+11  6.910256e-01  2.946662e-02  5.777622e-01  3.089744e-01
 5.58621e+00 -2.68966e+00       3.875e+11  4.802761e-01  2.321323e-02  7.420949e-01  5.197239e-01
 6.00000e+00 -2.68966e+00       4.446e+11  1.881977e-01  7.330495e-03  8.464025e-01  8.118023e-01
-6.00000e+00 -2.27586e+00       2.463e+11  1.835232e-01 -1.011874e-01 -7.188787e-01  8.164768e-01
-5.58621e+00 -2.27586e+00       2.721e+11  4.670328e-01 -4.741702e-02 -6.230362e-01  5.329672e-01
-5.17241e+00 -2.27586e+00       3.719e+11  6.973542e-01  2.465884e-02 -4.797665e-01  3.026458e-01
-4.75862e+00 -2.27586e+00       4.268e+11  8.363521e-01  5.209581e-02 -3.663960e-01  1.636479e-01
-4.34483e+00 -2.27586e+00       3.780e+11  8.933084e-01  6.611191e-02 -3.188533e-01  1.066916e-01
-3.93103e+00 -2.27586e+00       2.854e+11  8.837277e-01  6.481602e-02 -3.267284e-01  1.162723e-01
-3.51724e+00 -2.27586e+00       2.150e+11  8.677964e-01  2.619558e-02 -2.754124e-01  1.322036e-01
-3.10345e+00 -2.27586e+00       2.881e+11  9.407469e-01 -1.742272e-02 -4.985161e-02  5.925308e-02
-2.68966e+00 -2.27586e+00       7.468e+11  9.859663e-01 -4.855491e-03  6.870629e-02  1.403372e-02
-2.27586e+00 -2.27586e+00       1.550e+12  9.898682e-01  9.323605e-03  1.058814e-01  1.013183e-02
-1.86207e+00 -2.27586e+00       1.910e+12  9.868927e-01  2.046666e-02  1.308383e-01  1.310727e-02
-1.44828e+00 -2.27586e+00       1.359e+12  9.803664e-01  3.601574e-02  1.523985e-01  1.963355e-02
-1.03448e+00 -2.27586e+00       6.219e+11  9.646872e-01  6.769449e-02  1.709147e-01  3.531276e-02
-6.20690e-01 -2.27586e+00       2.891e+11  9.390290e-01  1.217340e-01  1.657951e-01  6.097100e-02
-2.06897e-01 -2.27586e+00       2.191e+11  9.310212e-01  1.393706e-01  1.218193e-01  6.897883e-02
 2.06897e-01 -2.27586e+00       2.027e+11  9.277196e-01  1.153490e-01  5.412984e-02  7.228041e-02
 6.20690e-01 -2.27586e+00       2.652e+11  9.414816e-01  4.568465e-02 -6.644598e-02  5.851839e-02
 1.03448e+00 -2.27586e+00       6.389e+11  9.728845e-01 -6.020409e-03 -1.260986e-01  2.711551e-02
 1.44828e+00 -2.27586e+00       1.474e+12  9.859074e-01 -1.989045e-02 -1.244174e-01  1.409257e-02
 1.86207e+00 -2.27586e+00       2.165e+12  9.902328e-01 -2.605570e-02 -1.114981e-01  9.767231e-03
 2.27586e+00 -2.27586e+00       1.859e+12  9.919299e-01 -3.013703e-02 -9.295088e-02  8.070132e-03
 2.68966e+00 -2.27586e+00       9.805e+11  9.895863e-01 -3.630154e-02 -5.598607e-02  1.041366e-02
 3.10345e+00 -2.27586e+00       4.262e+11  9.679797e-01 -4.484053e-02  5.573547e-02  3.202033e-02
 3.51724e+00 -2.27586e+00       2.800e+11  9.254135e-01 -9.987388e-03  2.240086e-01  7.458651e-02
 3.93103e+00 -2.27586e+00       3.149e+11  9.184741e-01  4.670712e-02  2.852643e-01  8.152594e-02
 4.34483e+00 -2.27586e+00       4.294e+11  9.203300e-01  5.154714e-02  3.125199e-01  7.966998e-02
 4.75862e+00 -2.27586e+00       4.923e+11  8.822551e-01  3.515314e-02  3.706048e-01  1.177449e-01
 5.17241e+00 -2.27586e+00       4.308e+11  7.774168e-01  2.274370e-02  4.899939e-01  2.225832e-01
 5.58621e+00 -2.27586e+00       3.337e+11  6.154612e-01  1.336893e-02  6.471699e-01  3.845388e-01
 6.00000e+00 -2.27586e+00       2.971e+11  3.878075e-01  4.570401e-03  7.573224e-01  6.121925e-01
-6.00000e+00 -1.86207e+00       2.673e+11  3.436438e-01 -1.298130e-01 -7.657860e-01  6.563562e-01
-5.58621e+00 -1.86207e+00       2.784e+11  5.959678e-01 -4.982385e-02 -5.778263e-01  4.040322e-01
-5.17241e+00 -1.86207e+00       3.480e+11  7.987943e-01  1.197927e-02 -4.039925e-01  2.012057e-01
-4.75862e+00 -1.86207e+00       3.651e+11  8.884886e-01  4.003362e-02 -3.262745e-01  1.115114e-01
-4.34483e+00 -1.86207e+00       2.997e+11  9.033227e-01  6.004653e-02 -3.147886e-01  9.667725e-02
-3.93103e+00 -1.86207e+00       2.259e+11  8.872491e-01  4.890905e-02 -3.011829e-01  1.127509e-01
-3.51724e+00 -1.86207e+00       2.780e+11  9.365907e-01  6.727741e-03 -1.501827e-01  6.340928e-02
-3.10345e+00 -1.86207e+00       7.290e+11  9.883218e-01  4.257262e-03 -4.404947e-02  1.167817e-02
-2.68966e+00 -1.86207e+00       1.611e+12  9.973727e-01  1.198493e-02 -1.833093e-02  2.627287e-03
-2.27586e+00 -1.86207e+00       2.078e+12  9.983404e-01  1.760482e-02 -4.857742e-03  1.659566e-03
-1.86207e+00 -1.86207e+00       1.533e+12  9.973420e-01  2.542063e-02  5.470692e-03  2.657996e-03
-1.44828e+00 -1.86207e+00       7.625e+11  9.924149e-01  4.119743e-02  1.118513e-02  7.585064e-03
-1.03448e+00 -1.86207e+00       4.499e+11  9.809578e-01  7.447088e-02  1.707673e-02  1.904219e-02
-6.20690e-01 -1.86207e+00       4.927e+11  9.769366e-01  1.109442e-01  3.253029e-02  2.306341e-02
-2.06897e-01 -1.86207e+00       5.987e+11  9.788468e-01  1.239692e-01  4.233567e-02  2.115318e-02
 2.06897e-01 -1.86207e+00       5.546e+11  9.776727e-01  1.204602e-01  4.840483e-02  2.232733e-02
 6.20690e-01 -1.86207e+00       3.885e+11  9.717009e-01  9.378947e-02  5.305338e-02  2.829914e-02
 1.03448e+00 -1.86207e+00       3.246e+11  9.722528e-01  2.472209e-02  4.345843e-02  2.774721e-02
 1.44828e+00 -1.86207e+00       6.558e+11  9.893399e-01 -1.338423e-02  1.518880e-02  1.066011e-02
 1.86207e+00 -1.86207e+00       1.531e+12  9.965964e-01 -1.826869e-02  7.711602e-03  3.403588e-03
 2.27586e+00 -1.86207e+00       2.251e+12  9.981969e-01 -2.119085e-02  1.056071e-02  1.803097e-03
 2.68966e+00 -1.86207e+00       1.875e+12  9.977525e-01 -2.425844e-02  1.890275e-02  2.247530e-03
 3.10345e+00 -1.86207e+00       9.378e+11  9.923186e-01 -2.898096e-02  4.442309e-02  7.681407e-03
 3.51724e+00 -1.86207e+00       3.922e+11  9.656791e-01 -2.612750e-02  1.350952e-01  3.432090e-02
 3.93103e+00 -1.86207e+00       2.734e+11  9.303146e-01  2.117337e-02  2.547841e-01  6.968536e-02
 4.34483e+00 -1.86207e+00       3.339e+11  9.302999e-01  5.033799e-02  2.896771e-01  6.970011e-02
 4.75862e+00 -1.86207e+00       4.089e+11  9.202214e-01  3.842444e-02  3.159431e-01  7.977859e-02
 5.17241e+00 -1.86207e+00       3.728e+11  8.576531e-01  2.087062e-02  3.832617e-01  1.423469e-01
 5.58621e+00 -1.86207e+00       2.656e+11  6.908364e-01 -2.672799e-03  5.328551e-01  3.091636e-01
 6.00000e+00 -1.86207e+00       2.055e+11  3.838653e-01 -2.945164e-02  7.134606e-01  6.161347e-01
-6.00000e+00 -1.44828e+00       1.513e+11  5.263659e-01  1.612925e-02 -5.576152e-01  4.736341e-01
-5.58621e+00 -1.44828e+00       2.444e+11  7.753256e-01  1.881864e-02 -4.274850e-01  2.246744e-01
-5.17241e+00 -1.44828e+00       3.356e+11  8.746018e-01  4.239796e-02 -3.425018e-01  1.253982e-01
-4.75862e+00 -1.44828e+00       3.199e+11  9.130187e-01  6.268358e-02 -2.954926e-01  8.698125e-02
-4.34483e+00 -1.44828e+00       2.397e+11  9.151314e-01  6.118809e-02 -2.824754e-01  8.486861e-02
-3.93103e+00 -1.44828e+00       2.236e+11  9.282724e-01  2.542272e-02 -2.181031e-01  7.172757e-02
-3.51724e+00 -1.44828e+00       5.013e+11  9.794617e-01  6.542085e-03 -1.046457e-01  2.053832e-02
-3.10345e+00 -1.44828e+00       1.297e+12  9.946155e-01  1.063956e-02 -7.388104e-02  5.384487e-03
-2.68966e+00 -1.44828e+00       2.059e+12  9.969770e-01  1.428883e-02 -6.439871e-02  3.023049e-03
-2.27586e+00 -1.44828e+00       1.858e+12  9.971517e-01  1.868478e-02 -5.867714e-02  2.848309e-03
-1.86207e+00 -1.44828e+00       1.169e+12  9.957460e-01  2.883104e-02 -5.674963e-02  4.254016e-03
-1.44828e+00 -1.44828e+00       1.030e+12  9.942301e-01  3.448989e-02 -5.921576e-02  5.769914e-03
-1.03448e+00 -1.44828e+00       1.380e+12  9.952159e-01  1.797519e-02 -5.601140e-02  4.784062e-03
-6.20690e-01 -1.44828e+00       1.565e+12  9.961972e-01 -5.319293e-03 -4.046080e-02  3.802782e-03
-2.06897e-01 -1.44828e+00       1.435e+12  9.962286e-01 -2.579778e-02 -4.366413e-03  3.771371e-03
 2.06897e-01 -1.44828e+00       1.314e+12  9.949766e-01 -2.999414e-02  4.836667e-02  5.023408e-03
 6.20690e-01 -1.44828e+00       1.222e+12  9.929099e-01 -1.672922e-02  8.870457e-02  7.090112e-03
 1.03448e+00 -1.44828e+00       9.364e+11  9.902994e-01 -8.685349e-04  1.074182e-01  9.700593e-03
 1.44828e+00 -1.44828e+00       6.556e+11  9.884727e-01  2.934777e-03  1.001166e-01  1.152729e-02
 1.86207e+00 -1.44828e+00       9.376e+11  9.933122e-01 -9.999103e-03  6.845125e-02  6.687788e-03
 2.27586e+00 -1.44828e+00       1.811e+12  9.965690e-01 -1.503345e-02  5.952216e-02  3.430950e-03
 2.68966e+00 -1.44828e+00       2.209e+12  9.971657e-01 -1.721944e-02  6.037478e-02  2.834327e-03
 3.10345e+00 -1.44828e+00       1.516e+12  9.959324e-01 -1.960110e-02  6.718861e-02  4.067638e-03
 3.51724e+00 -1.44828e+00       6.583e+11  9.875667e-01 -2.136165e-02  9.742249e-02  1.243330e-02
 3.93103e+00 -1.44828e+00       3.010e+11  9.601073e-01 -7.505255e-04  1.871431e-01  3.989267e-02
 4.34483e+00 -1.44828e+00       2.849e+11  9.440907e-01  4.195685e-02  2.546335e-01  5.590925e-02
 4.75862e+00 -1.44828e+00       3.724e+11  9.391901e-01  4.463071e-02  2.809403e-01  6.080987e-02
 5.17241e+00 -1.44828e+00       3.841e+11  9.116337e-01  3.377300e-02  3.259485e-01  8.836629e-02
 5.58621e+00 -1.44828e+00       2.922e+11  8.365707e-01  3.376148e-02  4.193835e-01  1.634293e-01
 6.00000e+00 -1.44828e+00       2.074e+11  6.744962e-01  3.113935e-02  5.684595e-01  3.255038e-01
-6.00000e+00 -1.03448e+00       1.742e+11  6.880635e-01 -5.369302e-02 -5.294586e-01  3.119365e-01
-5.58621e+00 -1.03448e+00       2.325e+11  8.552472e-01  2.909715e-03 -3.284380e-01  1.447528e-01
-5.17241e+00 -1.03448e+00       2.834e+11  9.313351e-01  1.846891e-02 -2.346676e-01  6.866490e-02
-4.75862e+00 -1.03448e+00       2.605e+11  9.532365e-01  2.416867e-02 -2.161516e-01  4.676348e-02
-4.34483e+00 -1.03448e+00       2.102e+11  9.503540e-01  2.800265e-02 -2.156058e-01  4.964598e-02
-3.93103e+00 -1.03448e+00       2.845e+11  9.699395e-01  1.214442e-02 -1.421074e-01  3.006046e-02
-3.51724e+00 -1.03448e+00       7.838e+11  9.916587e-01  7.908200e-03 -8.984502e-02  8.341324e-03
-3.10345e+00 -1.03448e+00       1.692e+12  9.959773e-01  1.038448e-02 -7.908486e-02  4.022734e-03
-2.68966e+00 -1.03448e+00       2.091e+12  9.966325e-01  1.241663e-02 -7.541443e-02  3.367481e-03
-2.27586e+00 -1.03448e+00       1.593e+12  9.962412e-01  1.599290e-02 -7.520042e-02  3.758821e-03
-1.86207e+00 -1.03448e+00       1.207e+12  9.951431e-01  1.894951e-02 -7.874737e-02  4.856880e-03
-1.44828e+00 -1.03448e+00       1.507e+12  9.954126e-01  1.357957e-02 -7.348700e-02  4.587435e-03
-1.03448e+00 -1.03448e+00       2.549e+12  9.971030e-01  1.117754e-02 -5.236712e-02  2.896986e-03
-6.20690e-01 -1.03448e+00       4.697e+12  9.985872e-01  1.099043e-02 -3.111622e-02  1.412841e-03
-2.06897e-01 -1.03448e+00       6.902e+12  9.992808e-01  8.652943e-03 -1.651113e-02  7.191970e-04
 2.06897e-01 -1.03448e+00       6.795e+12  9.994571e-01  5.770568e-03 -3.701641e-03  5.428981e-04
 6.20690e-01 -1.03448e+00       4.404e+12  9.989856e-01  2.702061e-03  1.278410e-02  1.014386e-03
 1.03448e+00 -1.03448e+00       2.098e+12  9.969229e-01 -1.522117e-03  4.366160e-02  3.077139e-03
 1.44828e+00 -1.03448e+00       9.815e+11  9.929880e-01 -4.912373e-03  8.675748e-02  7.012036e-03
 1.86207e+00 -1.03448e+00       7.749e+11  9.925976e-01 -7.216816e-03  9.003025e-02  7.402382e-03
 2.27586e+00 -1.03448e+00       1.358e+12  9.959462e-01 -1.055905e-02  7.018481e-02  4.053838e-03
 2.68966e+00 -1.03448e+00       2.093e+12  9.971001e-01 -1.229881e-02  6.611633e-02  2.899868e-03
 3.10345e+00 -1.03448e+00       1.860e+12  9.970204e-01 -1.369929e-02  6.755229e-02  2.979550e-03
 3.51724e+00 -1.03448e+00       9.561e+11  9.947543e-01 -1.478924e-02  7.766684e-02  5.245653e-03
 3.93103e+00 -1.03448e+00       3.822e+11  9.840605e-01 -7.398586e-03  1.198341e-01  1.593955e-02
 4.34483e+00 -1.03448e+00       2.515e+11  9.706337e-01  2.051410e-02  1.784498e-01  2.936631e-02
 4.75862e+00 -1.03448e+00       2.951e+11  9.687961e-01  2.837066e-02  1.988179e-01  3.120387e-02
 5.17241e+00 -1.03448e+00       3.224e+11  9.555741e-01  2.152986e-02  2.252407e-01  4.442591e-02
 5.58621e+00 -1.03448e+00       2.486e+11  9.045084e-01  8.020422e-03  2.978674e-01  9.549164e-02
 6.00000e+00 -1.03448e+00       1.547e+11  7.576618e-01 -2.252787e-02  4.608176e-01  2.423382e-01
-6.00000e+00 -6.20690e-01       1.596e+11  8.885672e-01 -4.928107e-02 -3.042953e-01  1.114328e-01
-5.58621e+00 -6.20690e-01       2.423e+11  9.423903e-01  1.690048e-02 -2.170167e-01  5.760974e-02
-5.17241e+00 -6.20690e-01       2.813e+11  9.678285e-01  3.424519e-02 -1.641216e-01  3.217147e-02
-4.75862e+00 -6.20690e-01       2.340e+11  9.766898e-01  3.043916e-02 -1.440880e-01  2.331024e-02
-4.34483e+00 -6.20690e-01       1.935e+11  9.779821e-01  1.510351e-02 -1.342948e-01  2.201792e-02
-3.93103e+00 -6.20690e-01       3.556e+11  9.900882e-01  4.384205e-03 -8.614850e-02  9.911792e-03
-3.51724e+00 -6.20690e-01       1.003e+12  9.966111e-01  5.959309e-03 -6.551067e-02  3.388897e-03
-3.10345e+00 -6.20690e-01       1.874e+12  9.977567e-01  7.602755e-03 -6.134945e-02  2.243267e-03
-2.68966e+00 -6.20690e-01       2.003e+12  9.978058e-01  8.653080e-03 -6.095290e-02  2.194212e-03
-2.27586e+00 -6.20690e-01       1.509e+12  9.973822e-01  9.476851e-03 -6.363334e-02  2.617815e-03
-1.86207e+00 -6.20690e-01       1.701e+12  9.974871e-01  6.249009e-03 -6.033775e-02  2.512935e-03
-1.44828e+00 -6.20690e-01       4.088e+12  9.985464e-01  1.845760e-03 -4.523230e-02  1.453588e-03
-1.03448e+00 -6.20690e-01       1.108e+13  9.992141e-01 -1.040733e-03 -3.268447e-02  7.858713e-04
-6.20690e-01 -6.20690e-01       2.275e+13  9.995476e-01 -3.575922e-03 -2.244320e-02  4.524081e-04
-2.06897e-01 -6.20690e-01       3.239e+13  9.997350e-01 -5.533049e-03 -1.211709e-02  2.649887e-04
 2.06897e-01 -6.20690e-01       3.204e+13  9.998147e-01 -6.766079e-03 -1.730420e-03  1.853335e-04
 6.20690e-01 -6.20690e-01       2.196e+13  9.997847e-01 -7.403283e-03  7.982182e-03  2.153492e-04
 1.03448e+00 -6.20690e-01       1.026e+13  9.995768e-01 -7.739596e-03  1.760174e-02  4.232348e-04
 1.44828e+00 -6.20690e-01       3.387e+12  9.988332e-01 -8.023488e-03  3.179786e-02  1.166830e-03
 1.86207e+00 -6.20690e-01       1.133e+12  9.971576e-01 -7.648637e-03  5.411247e-02  2.842416e-03
 2.27586e+00 -6.20690e-01       1.140e+12  9.976001e-01 -7.403417e-03  5.224692e-02  2.399900e-03
 2.68966e+00 -6.20690e-01       1.888e+12  9.984970e-01 -8.266538e-03  4.623488e-02  1.502968e-03
 3.10345e+00 -6.20690e-01       1.981e+12  9.986609e-01 -8.976306e-03  4.581163e-02  1.339056e-03
 3.51724e+00 -6.20690e-01       1.173e+12  9.981698e-01 -9.251032e-03  4.937670e-02  1.830221e-03
 3.93103e+00 -6.20690e-01       4.698e+11  9.952823e-01 -6.008160e-03  6.680375e-02  4.717690e-03
 4.34483e+00 -6.20690e-01       2.512e+11  9.890416e-01  1.139951e-02  1.049681e-01  1.095843e-02
 4.75862e+00 -6.20690e-01       2.872e+11  9.865343e-01  2.280969e-02  1.268361e-01  1.346573e-02
 5.17241e+00 -6.20690e-01       3.394e+11  9.815041e-01  1.810873e-02  1.486475e-01  1.849590e-02
 5.58621e+00 -6.20690e-01       2.847e+11  9.667471e-01  8.870485e-03  1.935025e-01  3.325292e-02
 6.00000e+00 -6.20690e-01       1.856e+11  9.352917e-01 -4.115422e-04  2.619888e-01  6.470833e-02
-6.00000e+00 -2.06897e-01       1.401e+11  9.853396e-01 -1.921093e-02 -1.070382e-01  1.466037e-02
-5.58621e+00 -2.06897e-01       2.352e+11  9.924353e-01  2.211537e-03 -8.069419e-02  7.564713e-03
-5.17241e+00 -2.06897e-01       2.780e+11  9.955078e-01  8.306385e-03 -6.431622e-02  4.492167e-03
-4.75862e+00 -2.06897e-01       2.292e+11  9.963769e-01  6.628515e-03 -5.771215e-02  3.623089e-03
-4.34483e+00 -2.06897e-01       1.949e+11  9.963685e-01 -7.151097e-05 -5.275048e-02  3.631451e-03
-3.93103e+00 -2.06897e-01       4.029e+11  9.983208e-01 -4.276181e-04 -3.620455e-02  1.679155e-03
-3.51724e+00 -2.06897e-01       1.114e+12  9.992606e-01  2.467652e-03 -3.020097e-02  7.394100e-04
-3.10345e+00 -2.06897e-01       1.934e+12  9.994002e-01  3.521939e-03 -2.948177e-02  5.998035e-04
-2.68966e+00 -2.06897e-01       1.945e+12  9.992932e-01  3.420908e-03 -3.133018e-02  7.068209e-04
-2.27586e+00 -2.06897e-01       1.559e+12  9.991272e-01  9.491588e-04 -3.451699e-02  8.727865e-04
-1.86207e+00 -2.06897e-01       2.449e+12  9.994145e-01 -3.595429e-03 -2.910917e-02  5.855374e-04
-1.44828e+00 -2.06897e-01       7.274e+12  9.996933e-01 -4.965047e-03 -2.156049e-02  3.066773e-04
-1.03448e+00 -2.06897e-01       1.947e+13  9.998010e-01 -5.417578e-03 -1.690740e-02  1.989784e-04
-6.20690e-01 -2.06897e-01       3.724e+13  9.998667e-01 -5.750204e-03 -1.280035e-02  1.333351e-04
-2.06897e-01 -2.06897e-01       5.056e+13  9.999153e-01 -5.942516e-03 -8.567512e-03  8.468060e-05
 2.06897e-01 -2.06897e-01       5.010e+13  9.999455e-01 -6.021067e-03 -4.463940e-03  5.446303e-05
 6.20690e-01 -2.06897e-01       3.614e+13  9.999556e-01 -6.034170e-03 -9.402408e-04  4.444245e-05
 1.03448e+00 -2.06897e-01       1.832e+13  9.999395e-01 -6.030960e-03  1.991918e-03  6.045433e-05
 1.44828e+00 -2.06897e-01       6.378e+12  9.998547e-01 -6.032071e-03  5.667345e-03  1.452775e-04
 1.86207e+00 -2.06897e-01       1.787e+12  9.995660e-01 -5.541599e-03  1.321129e-02  4.339921e-04
 2.27586e+00 -2.06897e-01       1.123e+12  9.994681e-01 -3.946532e-03  1.474957e-02  5.318844e-04
 2.68966e+00 -2.06897e-01       1.775e+12  9.997559e-01 -3.849257e-03  1.044177e-02  2.441388e-04
 3.10345e+00 -2.06897e-01       2.009e+12  9.998538e-01 -3.820371e-03  9.829691e-03  1.462380e-04
 3.51724e+00 -2.06897e-01       1.281e+12  9.998250e-01 -3.249117e-03  1.069320e-02  1.750375e-04
 3.93103e+00 -2.06897e-01       5.249e+11  9.995281e-01 -9.260106e-04  1.455804e-02  4.719033e-04
 4.34483e+00 -2.06897e-01       2.593e+11  9.988219e-01  4.779994e-03  2.299777e-02  1.178056e-03
 4.75862e+00 -2.06897e-01       2.803e+11  9.986643e-01  5.272861e-03  2.933358e-02  1.335655e-03
 5.17241e+00 -2.06897e-01       3.272e+11  9.984622e-01  1.295682e-03  3.642127e-02  1.537751e-03
 5.58621e+00 -2.06897e-01       2.780e+11  9.974956e-01 -2.911034e-03  4.722133e-02  2.504445e-03
 6.00000e+00 -2.06897e-01       1.852e+11  9.950919e-01 -7.114808e-03  6.177431e-02  4.908132e-03
-6.00000e+00  2.06897e-01       1.398e+11  9.867344e-01  3.412054e-03  6.789210e-02  1.326556e-02
-5.58621e+00  2.06897e-01       2.350e+11  9.935947e-01 -7.839701e-03  5.773009e-02  6.405323e-03
-5.17241e+00  2.06897e-01       2.773e+11  9.964555e-01 -1.578569e-02  4.749179e-02  3.544471e-03
-4.75862e+00  2.06897e-01       2.280e+11  9.974613e-01 -2.250315e-02  3.977476e-02  2.538674e-03
-4.34483e+00  2.06897e-01       1.936e+11  9.980670e-01 -1.948021e-02  3.046885e-02  1.933004e-03
-3.93103e+00  2.06897e-01       4.026e+11  9.993239e-01 -6.677581e-03  1.421735e-02  6.760507e-04
-3.51724e+00  2.06897e-01       1.116e+12  9.997545e-01 -2.280418e-03  9.564675e-03  2.455092e-04
-3.10345e+00  2.06897e-01       1.942e+12  9.998055e-01 -1.549214e-03  7.822945e-03  1.945493e-04
-2.68966e+00  2.06897e-01       1.959e+12  9.997562e-01 -2.641717e-03  4.696128e-03  2.437722e-04
-2.27586e+00  2.06897e-01       1.580e+12  9.996866e-01 -7.205216e-03  1.152352e-03  3.133879e-04
-1.86207e+00  2.06897e-01       2.475e+12  9.997872e-01 -1.093894e-02  2.921390e-03  2.127511e-04
-1.44828e+00  2.06897e-01       7.294e+12  9.998923e-01 -9.377183e-03  3.003409e-03  1.077332e-04
-1.03448e+00  2.06897e-01       1.948e+13  9.999355e-01 -7.367274e-03  1.162763e-03  6.449010e-05
-6.20690e-01  2.06897e-01       3.726e+13  9.999531e-01 -5.693356e-03 -1.444187e-03  4.685382e-05
-2.06897e-01  2.06897e-01       5.061e+13  9.999497e-01 -4.422994e-03 -4.889103e-03  5.030808e-05
 2.06897e-01  2.06897e-01       5.015e+13  9.999227e-01 -3.561978e-03 -8.950464e-03  7.729935e-05
 6.20690e-01  2.06897e-01       3.617e+13  9.998728e-01 -3.024416e-03 -1.317817e-02  1.272006e-04
 1.03448e+00  2.06897e-01       1.833e+13  9.998040e-01 -2.691750e-03 -1.718421e-02  1.959801e-04
 1.44828e+00  2.06897e-01       6.386e+12  9.997197e-01 -2.377904e-03 -2.064538e-02  2.802845e-04
 1.86207e+00  2.06897e-01       1.800e+12  9.995927e-01 -1.422782e-03 -2.352646e-02  4.073138e-04
 2.27586e+00  2.06897e-01       1.130e+12  9.994013e-01 -4.530986e-06 -2.848163e-02  5.987229e-04
 2.68966e+00  2.06897e-01       1.777e+12  9.994222e-01  1.584066e-04 -3.046331e-02  5.778260e-04
 3.10345e+00  2.06897e-01       2.009e+12  9.994552e-01  8.666720e-04 -3.054627e-02  5.447684e-04
 3.51724e+00  2.06897e-01       1.281e+12  9.993604e-01  2.355525e-03 -3.143183e-02  6.395755e-04
 3.93103e+00  2.06897e-01       5.257e+11  9.986811e-01  4.164704e-03 -3.823251e-02  1.318904e-03
 4.34483e+00  2.06897e-01       2.606e+11  9.968486e-01 -2.566927e-03 -5.990034e-02  3.151380e-03
 4.75862e+00  2.06897e-01       2.815e+11  9.961056e-01 -1.373812e-02 -7.183020e-02  3.894415e-03
 5.17241e+00  2.06897e-01       3.281e+11  9.951613e-01 -1.490206e-02 -7.806895e-02  4.838702e-03
 5.58621e+00  2.06897e-01       2.788e+11  9.920023e-01 -1.584244e-02 -9.678107e-02  7.997680e-03
 6.00000e+00  2.06897e-01       1.862e+11  9.859112e-01 -2.214658e-02 -1.292915e-01  1.408883e-02
-6.00000e+00  6.20690e-01       1.585e+11  9.012300e-01  3.235859e-02  2.631251e-01  9.877003e-02
-5.58621e+00  6.20690e-01       2.419e+11  9.490612e-01 -2.578964e-02  1.931403e-01  5.093885e-02
-5.17241e+00  6.20690e-01       2.801e+11  9.714554e-01 -4.397924e-02  1.466122e-01  2.854464e-02
-4.75862e+00  6.20690e-01       2.316e+11  9.796729e-01 -4.683866e-02  1.259164e-01  2.032707e-02
-4.34483e+00  6.20690e-01       1.905e+11  9.824643e-01 -3.547245e-02  1.136448e-01  1.753571e-02
-3.93103e+00  6.20690e-01       3.550e+11  9.931337e-01 -1.362984e-02  6.522519e-02  6.866286e-03
-3.51724e+00  6.20690e-01       1.011e+12  9.980116e-01 -6.961741e-03  4.581859e-02  1.988399e-03
-3.10345e+00  6.20690e-01       1.896e+12  9.988023e-01 -6.372891e-03  4.120941e-02  1.197749e-03
-2.68966e+00  6.20690e-01       2.043e+12  9.989216e-01 -8.016579e-03  3.709113e-02  1.078393e-03
-2.27586e+00  6.20690e-01       1.571e+12  9.987535e-01 -1.370094e-02  3.318389e-02  1.246478e-03
-1.86207e+00  6.20690e-01       1.783e+12  9.985730e-01 -1.876590e-02  3.285000e-02  1.427005e-03
-1.44828e+00  6.20690e-01       4.161e+12  9.990847e-01 -1.609381e-02  2.509870e-02  9.152676e-04
-1.03448e+00  6.20690e-01       1.111e+13  9.995511e-01 -1.218586e-02  1.523508e-02  4.489085e-04
-6.20690e-01  6.20690e-01       2.275e+13  9.997576e-01 -8.482546e-03  6.533666e-03  2.423678e-04
-2.06897e-01  6.20690e-01       3.240e+13  9.998058e-01 -5.476892e-03 -2.929847e-03  1.941600e-04
 2.06897e-01  6.20690e-01       3.204e+13  9.997282e-01 -3.429076e-03 -1.328289e-02  2.718445e-04
 6.20690e-01  6.20690e-01       2.193e+13  9.995347e-01 -2.235112e-03 -2.372209e-02  4.653057e-04
 1.03448e+00  6.20690e-01       1.026e+13  9.992182e-01 -1.486753e-03 -3.400954e-02  7.817934e-04
 1.44828e+00  6.20690e-01       3.427e+12  9.986645e-01 -2.824629e-04 -4.571215e-02  1.335538e-03
 1.86207e+00  6.20690e-01       1.178e+12  9.976545e-01  2.574522e-03 -6.086236e-02  2.345525e-03
 2.27586e+00  6.20690e-01       1.158e+12  9.973075e-01  3.658989e-03 -6.710668e-02  2.692490e-03
 2.68966e+00  6.20690e-01       1.888e+12  9.975879e-01  3.922872e-03 -6.570775e-02  2.412053e-03
 3.10345e+00  6.20690e-01       1.976e+12  9.976172e-01  5.389423e-03 -6.550447e-02  2.382765e-03
 3.51724e+00  6.20690e-01       1.172e+12  9.969008e-01  7.887991e-03 -6.914913e-02  3.099225e-03
 3.93103e+00  6.20690e-01       4.722e+11  9.927124e-01  8.797151e-03 -9.034332e-02  7.287616e-03
 4.34483e+00  6.20690e-01       2.549e+11  9.833202e-01 -9.789343e-03 -1.421934e-01  1.667977e-02
 4.75862e+00  6.20690e-01       2.917e+11  9.795802e-01 -2.765821e-02 -1.685183e-01  2.041982e-02
 5.17241e+00  6.20690e-01       3.444e+11  9.728451e-01 -2.490935e-02 -1.878108e-01  2.715486e-02
 5.58621e+00  6.20690e-01       2.894e+11  9.523860e-01 -1.794663e-02 -2.375723e-01  4.761402e-02
 6.00000e+00  6.20690e-01       1.905e+11  9.115214e-01 -1.381221e-02 -3.203066e-01  8.847857e-02
-6.00000e+00  1.03448e+00       1.696e+11  7.168093e-01  2.968778e-02  4.943807e-01  2.831907e-01
-5.58621e+00  1.03448e+00       2.297e+11  8.673953e-01 -2.048161e-02  3.041077e-01  1.326047e-01
-5.17241e+00  1.03448e+00       2.801e+11  9.354198e-01 -2.874877e-02  2.168744e-01  6.458021e-02
-4.75862e+00  1.03448e+00       2.554e+11  9.558031e-01 -3.559492e-02  2.003756e-01  4.419687e-02
-4.34483e+00  1.03448e+00       2.038e+11  9.551812e-01 -4.519628e-02  1.997456e-01  4.481876e-02
-3.93103e+00  1.03448e+00       2.805e+11  9.750594e-01 -2.506202e-02  1.228930e-01  2.494056e-02
-3.51724e+00  1.03448e+00       7.910e+11  9.938755e-01 -1.121015e-02  7.125129e-02  6.124520e-03
-3.10345e+00  1.03448e+00       1.721e+12  9.973059e-01 -1.033555e-02  6.090090e-02  2.694052e-03
-2.68966e+00  1.03448e+00       2.148e+12  9.978453e-01 -1.215458e-02  5.543697e-02  2.154669e-03
-2.27586e+00  1.03448e+00       1.686e+12  9.976126e-01 -1.804324e-02  5.086501e-02  2.387370e-03
-1.86207e+00  1.03448e+00       1.346e+12  9.964571e-01 -2.603156e-02  5.449493e-02  3.542854e-03
-1.44828e+00  1.03448e+00       1.674e+12  9.959907e-01 -2.345520e-02  5.602565e-02  4.009262e-03
-1.03448e+00  1.03448e+00       2.663e+12  9.971633e-01 -2.185212e-02  3.372558e-02  2.836711e-03
-6.20690e-01  1.03448e+00       4.673e+12  9.985337e-01 -2.315025e-02  8.135857e-03  1.466294e-03
-2.06897e-01  1.03448e+00       6.754e+12  9.991056e-01 -2.133284e-02 -7.445339e-03  8.944043e-04
 2.06897e-01  1.03448e+00       6.622e+12  9.990995e-01 -1.806874e-02 -2.002570e-02  9.004910e-04
 6.20690e-01  1.03448e+00       4.332e+12  9.985633e-01 -1.370907e-02 -3.523690e-02  1.436655e-03
 1.03448e+00  1.03448e+00       2.172e+12  9.970937e-01 -5.880151e-03 -5.869291e-02  2.906312e-03
 1.44828e+00  1.03448e+00       1.104e+12  9.948067e-01  3.053539e-03 -8.585679e-02  5.193330e-03
 1.86207e+00  1.03448e+00       8.465e+11  9.939553e-01  6.212540e-03 -9.428977e-02  6.044663e-03
 2.27586e+00  1.03448e+00       1.379e+12  9.953392e-01  6.138705e-03 -8.653898e-02  4.660780e-03
 2.68966e+00  1.03448e+00       2.095e+12  9.959841e-01  7.534232e-03 -8.372337e-02  4.015885e-03
 3.10345e+00  1.03448e+00       1.859e+12  9.957436e-01  1.002767e-02 -8.497267e-02  4.256436e-03
 3.51724e+00  1.03448e+00       9.591e+11  9.929089e-01  1.333314e-02 -9.573369e-02  7.091066e-03
 3.93103e+00  1.03448e+00       3.876e+11  9.794635e-01  8.479497e-03 -1.439451e-01  2.053651e-02
 4.34483e+00  1.03448e+00       2.563e+11  9.615885e-01 -2.403348e-02 -2.149819e-01  3.841152e-02
 4.75862e+00  1.03448e+00       3.003e+11  9.578500e-01 -3.462672e-02 -2.394801e-01  4.214999e-02
 5.17241e+00  1.03448e+00       3.295e+11  9.418362e-01 -2.413842e-02 -2.654323e-01  5.816380e-02
 5.58621e+00  1.03448e+00       2.560e+11  8.829585e-01 -9.186321e-03 -3.393126e-01  1.170415e-01
 6.00000e+00  1.03448e+00       1.615e+11  7.237213e-01  1.575565e-02 -5.036937e-01  2.762787e-01
-6.00000e+00  1.44828e+00       1.501e+11  5.331920e-01 -3.050330e-02  5.430827e-01  4.668080e-01
-5.58621e+00  1.44828e+00       2.458e+11  7.782069e-01 -2.347882e-02  4.155684e-01  2.217931e-01
-5.17241e+00  1.44828e+00       3.368e+11  8.768821e-01 -4.272383e-02  3.336020e-01  1.231179e-01
-4.75862e+00  1.44828e+00       3.183e+11  9.151621e-01 -6.731551e-02  2.862367e-01  8.483786e-02
-4.34483e+00  1.44828e+00       2.353e+11  9.191324e-01 -7.443044e-02  2.699478e-01  8.086761e-02
-3.93103e+00  1.44828e+00       2.196e+11  9.344745e-01 -4.270931e-02  2.012466e-01  6.552553e-02
-3.51724e+00  1.44828e+00       5.074e+11  9.826679e-01 -1.471604e-02  8.705619e-02  1.733212e-02
-3.10345e+00  1.44828e+00       1.328e+12  9.958799e-01 -1.315305e-02  5.773344e-02  4.120076e-03
-2.68966e+00  1.44828e+00       2.126e+12  9.977847e-01 -1.558028e-02  4.832429e-02  2.215254e-03
-2.27586e+00  1.44828e+00       1.964e+12  9.978160e-01 -2.083473e-02  4.116681e-02  2.184016e-03
-1.86207e+00  1.44828e+00       1.328e+12  9.963804e-01 -3.279589e-02  3.907867e-02  3.619613e-03
-1.44828e+00  1.44828e+00       1.274e+12  9.946313e-01 -3.859214e-02  5.183795e-02  5.368707e-03
-1.03448e+00  1.44828e+00       1.744e+12  9.950683e-01 -2.162863e-02  6.014668e-02  4.931651e-03
-6.20690e-01  1.44828e+00       2.013e+12  9.959258e-01  3.096901e-03  5.261125e-02  4.074226e-03
-2.06897e-01  1.44828e+00       1.903e+12  9.965051e-01  2.520893e-02  2.482749e-02  3.494926e-03
 2.06897e-01  1.44828e+00       1.787e+12  9.965232e-01  3.101583e-02 -1.980959e-02  3.476781e-03
 6.20690e-01  1.44828e+00       1.666e+12  9.956742e-01  2.043664e-02 -5.803953e-02  4.325789e-03
 1.03448e+00  1.44828e+00       1.253e+12  9.938947e-01  7.448354e-03 -8.212972e-02  6.105262e-03
 1.44828e+00  1.44828e+00       8.076e+11  9.917248e-01  1.689099e-03 -9.394009e-02  8.275215e-03
 1.86207e+00  1.44828e+00       9.829e+11  9.936774e-01  6.150439e-03 -8.266559e-02  6.322559e-03
 2.27586e+00  1.44828e+00       1.812e+12  9.959745e-01  9.349878e-03 -7.426882e-02  4.025527e-03
 2.68966e+00  1.44828e+00       2.196e+12  9.963692e-01  1.225583e-02 -7.423919e-02  3.630808e-03
 3.10345e+00  1.44828e+00       1.507e+12  9.948970e-01  1.597805e-02 -8.083474e-02  5.103034e-03
 3.51724e+00  1.44828e+00       6.597e+11  9.851863e-01  1.979538e-02 -1.128955e-01  1.481373e-02
 3.93103e+00  1.44828e+00       3.080e+11  9.535787e-01  3.505929e-04 -2.115134e-01  4.642127e-02
 4.34483e+00  1.44828e+00       2.918e+11  9.342534e-01 -4.598379e-02 -2.870125e-01  6.574657e-02
 4.75862e+00  1.44828e+00       3.776e+11  9.273769e-01 -5.254905e-02 -3.126684e-01  7.262306e-02
 5.17241e+00  1.44828e+00       3.874e+11  8.943638e-01 -4.448641e-02 -3.578383e-01  1.056362e-01
 5.58621e+00  1.44828e+00       2.950e+11  8.076221e-01 -5.118557e-02 -4.561153e-01  1.923779e-01
 6.00000e+00  1.44828e+00       2.116e+11  6.334947e-01 -5.608116e-02 -6.069293e-01  3.665053e-01
-6.00000e+00  1.86207e+00       2.544e+11  3.635804e-01  1.248663e-01  7.426037e-01  6.364196e-01
-5.58621e+00  1.86207e+00       2.717e+11  6.089177e-01  3.166617e-02  5.558682e-01  3.910823e-01
-5.17241e+00  1.86207e+00       3.437e+11  8.023592e-01 -2.279218e-02  3.894226e-01  1.976408e-01
-4.75862e+00  1.86207e+00       3.592e+11  8.891716e-01 -4.384434e-02  3.161418e-01  1.108284e-01
-4.34483e+00  1.86207e+00       2.912e+11  9.043379e-01 -6.503211e-02  3.070670e-01  9.566206e-02
-3.93103e+00  1.86207e+00       2.165e+11  8.897507e-01 -6.165976e-02  2.940366e-01  1.102493e-01
-3.51724e+00  1.86207e+00       2.755e+11  9.410062e-01 -2.080895e-02  1.355952e-01  5.899377e-02
-3.10345e+00  1.86207e+00       7.506e+11  9.896465e-01 -1.086761e-02  2.987441e-02  1.035348e-02
-2.68966e+00  1.86207e+00       1.676e+12  9.975231e-01 -1.568087e-02  5.276639e-03  2.476932e-03
-2.27586e+00  1.86207e+00       2.189e+12  9.981297e-01 -2.164893e-02 -7.637034e-03  1.870349e-03
-1.86207e+00  1.86207e+00       1.689e+12  9.969462e-01 -3.118948e-02 -1.616271e-02  3.053790e-03
-1.44828e+00  1.86207e+00       9.597e+11  9.929113e-01 -4.517716e-02 -1.428834e-02  7.088699e-03
-1.03448e+00  1.86207e+00       6.605e+11  9.859433e-01 -6.312632e-02 -1.100906e-02  1.405674e-02
-6.20690e-01  1.86207e+00       7.178e+11  9.836224e-01 -8.786329e-02 -2.617739e-02  1.637764e-02
-2.06897e-01  1.86207e+00       8.457e+11  9.848319e-01 -1.001104e-01 -3.921024e-02  1.516806e-02
 2.06897e-01  1.86207e+00       7.785e+11  9.839842e-01 -9.616313e-02 -5.075449e-02  1.601575e-02
 6.20690e-01  1.86207e+00       5.486e+11  9.797629e-01 -7.096497e-02 -6.780162e-02  2.023714e-02
 1.03448e+00  1.86207e+00       4.258e+11  9.786933e-01 -2.003382e-02 -7.739329e-02  2.130670e-02
 1.44828e+00  1.86207e+00       7.045e+11  9.901594e-01  4.029688e-03 -4.212737e-02  9.840564e-03
 1.86207e+00  1.86207e+00       1.533e+12  9.967026e-01  8.451758e-03 -2.135762e-02  3.297378e-03
 2.27586e+00  1.86207e+00       2.223e+12  9.982295e-01  1.278048e-02 -2.045500e-02  1.770460e-03
 2.68966e+00  1.86207e+00       1.846e+12  9.976683e-01  1.690562e-02 -2.820593e-02  2.331744e-03
 3.10345e+00  1.86207e+00       9.278e+11  9.915393e-01  2.217907e-02 -5.509883e-02  8.460684e-03
 3.51724e+00  1.86207e+00       3.982e+11  9.620844e-01  1.898731e-02 -1.528018e-01  3.791564e-02
 3.93103e+00  1.86207e+00       2.834e+11  9.238370e-01 -2.635029e-02 -2.794709e-01  7.616296e-02
 4.34483e+00  1.86207e+00       3.423e+11  9.214943e-01 -5.553715e-02 -3.162601e-01  7.850572e-02
 4.75862e+00  1.86207e+00       4.189e+11  9.085039e-01 -4.419114e-02 -3.428424e-01  9.149613e-02
 5.17241e+00  1.86207e+00       3.849e+11  8.404447e-01 -2.672089e-02 -4.115802e-01  1.595553e-01
 5.58621e+00  1.86207e+00       2.776e+11  6.689080e-01 -3.914020e-03 -5.609054e-01  3.310920e-01
 6.00000e+00  1.86207e+00       2.160e+11  3.743513e-01  2.196739e-02 -7.290060e-01  6.256487e-01
-6.00000e+00  2.27586e+00       2.382e+11  1.818861e-01  8.329289e-02  7.139261e-01  8.181139e-01
-5.58621e+00  2.27586e+00       2.700e+11  4.706394e-01  2.356441e-02  6.190229e-01  5.293606e-01
-5.17241e+00  2.27586e+00       3.729e+11  6.976473e-01 -3.969640e-02  4.777024e-01  3.023527e-01
-4.75862e+00  2.27586e+00       4.237e+11  8.344418e-01 -5.800615e-02  3.635622e-01  1.655582e-01
-4.34483e+00  2.27586e+00       3.697e+11  8.910705e-01 -6.861509e-02  3.156743e-01  1.089295e-01
-3.93103e+00  2.27586e+00       2.739e+11  8.810710e-01 -7.203761e-02  3.249182e-01  1.189290e-01
-3.51724e+00  2.27586e+00       2.044e+11  8.646812e-01 -4.441179e-02  2.732581e-01  1.353188e-01
-3.10345e+00  2.27586e+00       2.887e+11  9.418070e-01 -8.665068e-04  3.810254e-02  5.819301e-02
-2.68966e+00  2.27586e+00       7.800e+11  9.856936e-01 -4.828639e-03 -7.807639e-02  1.430639e-02
-2.27586e+00  2.27586e+00       1.636e+12  9.889410e-01 -1.629982e-02 -1.138039e-01  1.105896e-02
-1.86207e+00  2.27586e+00       2.032e+12  9.857095e-01 -2.857483e-02 -1.387445e-01  1.429045e-02
-1.44828e+00  2.27586e+00       1.504e+12  9.799623e-01 -4.843738e-02 -1.594478e-01  2.003768e-02
-1.03448e+00  2.27586e+00       8.380e+11  9.726590e-01 -8.361400e-02 -1.597032e-01  2.734097e-02
-6.20690e-01  2.27586e+00       5.992e+11  9.721795e-01 -1.098515e-01 -1.158966e-01  2.782049e-02
-2.06897e-01  2.27586e+00       5.611e+11  9.753670e-01 -1.054793e-01 -8.433371e-02  2.463304e-02
 2.06897e-01  2.27586e+00       4.884e+11  9.714651e-01 -1.008251e-01 -8.051570e-02  2.853488e-02
 6.20690e-01  2.27586e+00       4.321e+11  9.638658e-01 -8.507168e-02 -3.770501e-02  3.613419e-02
 1.03448e+00  2.27586e+00       6.901e+11  9.742514e-01 -2.758648e-02  8.021417e-02  2.574864e-02
 1.44828e+00  2.27586e+00       1.458e+12  9.856675e-01  4.139556e-03  1.185862e-01  1.433248e-02
 1.86207e+00  2.27586e+00       2.114e+12  9.901814e-01  1.498225e-02  1.120089e-01  9.818606e-03
 2.27586e+00  2.27586e+00       1.809e+12  9.920268e-01  2.042966e-02  9.295985e-02  7.973195e-03
 2.68966e+00  2.27586e+00       9.589e+11  9.895157e-01  2.661576e-02  5.361809e-02  1.048428e-02
 3.10345e+00  2.27586e+00       4.273e+11  9.659346e-01  3.287482e-02 -6.469594e-02  3.406536e-02
 3.51724e+00  2.27586e+00       2.884e+11  9.207378e-01  4.908624e-04 -2.415323e-01  7.926222e-02
 3.93103e+00  2.27586e+00       3.224e+11  9.118430e-01 -5.051521e-02 -3.074326e-01  8.815702e-02
 4.34483e+00  2.27586e+00       4.390e+11  9.117688e-01 -5.606327e-02 -3.353223e-01  8.823120e-02
 4.75862e+00  2.27586e+00       5.067e+11  8.707806e-01 -4.222117e-02 -3.929331e-01  1.292194e-01
 5.17241e+00  2.27586e+00       4.451e+11  7.608280e-01 -3.371630e-02 -5.124060e-01  2.391720e-01
 5.58621e+00  2.27586e+00       3.480e+11  5.966573e-01 -2.621517e-02 -6.690838e-01  4.033427e-01
 6.00000e+00  2.27586e+00       3.114e+11  3.764378e-01 -1.237663e-02 -7.719688e-01  6.235622e-01
-6.00000e+00  2.68966e+00       3.873e+11  3.315751e-02 -4.441613e-02  8.577730e-01  9.668425e-01
-5.58621e+00  2.68966e+00       2.999e+11  2.873901e-01 -2.268049e-02  7.522951e-01  7.126099e-01
-5.17241e+00  2.68966e+00       3.733e+11  5.839072e-01 -4.210841e-02  5.736997e-01  4.160928e-01
-4.75862e+00  2.68966e+00       4.756e+11  7.760171e-01 -5.557557e-02  4.156404e-01  2.239829e-01
-4.34483e+00  2.68966e+00       4.703e+11  8.764496e-01 -6.486465e-02  3.177234e-01  1.235504e-01
-3.93103e+00  2.68966e+00       3.762e+11  9.012763e-01 -7.431117e-02  2.961189e-01  9.872372e-02
-3.51724e+00  2.68966e+00       2.701e+11  8.677350e-01 -6.428464e-02  3.161740e-01  1.322650e-01
-3.10345e+00  2.68966e+00       1.871e+11  8.385768e-01 -2.080736e-02  2.417852e-01  1.614232e-01
-2.68966e+00  2.68966e+00       2.008e+11  8.991436e-01  4.145658e-02 -5.528223e-02  1.008564e-01
-2.27586e+00  2.68966e+00       4.555e+11  9.359677e-01  2.886766e-02 -2.640702e-01  6.403232e-02
-1.86207e+00  2.68966e+00       1.013e+12  9.183654e-01  4.764056e-03 -3.518258e-01  8.163459e-02
-1.44828e+00  2.68966e+00       1.497e+12  8.853927e-01 -2.079076e-02 -4.175984e-01  1.146073e-01
-1.03448e+00  2.68966e+00       1.380e+12  8.351844e-01 -6.580454e-02 -4.742612e-01  1.648156e-01
-6.20690e-01  2.68966e+00       8.351e+11  7.508224e-01 -1.526018e-01 -4.832737e-01  2.491776e-01
-2.06897e-01  2.68966e+00       4.405e+11  6.311314e-01 -2.760960e-01 -2.259235e-01  3.688686e-01
 2.06897e-01  2.68966e+00       4.474e+11  6.556881e-01 -2.191244e-01  3.557452e-01  3.443119e-01
 6.20690e-01  2.68966e+00       8.517e+11  7.796487e-01 -7.026876e-02  5.094033e-01  2.203513e-01
 1.03448e+00  2.68966e+00       1.426e+12  8.538830e-01 -1.673457e-03  4.656617e-01  1.461170e-01
 1.44828e+00  2.68966e+00       1.606e+12  8.974881e-01  2.271931e-02  4.010392e-01  1.025119e-01
 1.86207e+00  2.68966e+00       1.161e+12  9.270195e-01  2.995151e-02  3.312352e-01  7.298047e-02
 2.27586e+00  2.68966e+00       5.987e+11  9.476029e-01  3.830588e-02  2.290586e-01  5.239706e-02
 2.68966e+00  2.68966e+00       3.269e+11  9.453489e-01  5.049665e-02  2.339086e-02  5.465108e-02
 3.10345e+00  2.68966e+00       2.791e+11  9.182384e-01  1.897887e-02 -1.910802e-01  8.176161e-02
 3.51724e+00  2.68966e+00       3.140e+11  9.117451e-01 -3.967071e-02 -2.644359e-01  8.825491e-02
 3.93103e+00  2.68966e+00       4.309e+11  9.230920e-01 -6.117452e-02 -2.888766e-01  7.690796e-02
 4.34483e+00  2.68966e+00       5.635e+11  9.059132e-01 -4.963269e-02 -3.359612e-01  9.408678e-02
 4.75862e+00  2.68966e+00       5.610e+11  8.285279e-01 -4.124601e-02 -4.326038e-01  1.714721e-01
 5.17241e+00  2.68966e+00       4.622e+11  6.748852e-01 -4.371462e-02 -5.968113e-01  3.251148e-01
 5.58621e+00  2.68966e+00       3.992e+11  4.654537e-01 -3.679536e-02 -7.571675e-01  5.345463e-01
 6.00000e+00  2.68966e+00       4.615e+11  1.755226e-01 -1.777860e-02 -8.554165e-01  8.244774e-01
-6.00000e+00  3.10345e+00       6.209e+11  8.022442e-02  3.643501e-02  8.896093e-01  9.197756e-01
-5.58621e+00  3.10345e+00       4.262e+11  2.470054e-01  7.329788e-02  8.358995e-01  7.529946e-01
-5.17241e+00  3.10345e+00       3.874e+11  4.654252e-01  3.003625e-02  6.977731e-01  5.345748e-01
-4.75862e+00  3.10345e+00       4.846e+11  6.994697e-01 -3.016443e-02  4.920552e-01  3.005303e-01
-4.34483e+00  3.10345e+00       5.587e+11  8.467454e-01 -5.455367e-02  3.332984e-01  1.532546e-01
-3.93103e+00  3.10345e+00       5.048e+11  9.146330e-01 -7.014817e-02  2.480696e-01  8.536702e-02
-3.51724e+00  3.10345e+00       3.919e+11  9.177826e-01 -7.194620e-02  2.440694e-01  8.221742e-02
-3.10345e+00  3.10345e+00       2.825e+11  8.696525e-01 -5.194508e-02  2.741672e-01  1.303475e-01
-2.68966e+00  3.10345e+00       1.815e+11  8.103399e-01 -4.497629e-03  2.145352e-01  1.896601e-01
-2.27586e+00  3.10345e+00       1.235e+11  7.991114e-01  1.140254e-01 -5.011565e-02  2.008886e-01
-1.86207e+00  3.10345e+00       1.262e+11  8.019012e-01  1.723850e-01 -3.632998e-01  1.980988e-01
-1.44828e+00  3.10345e+00       1.731e+11  6.747155e-01  1.445321e-01 -5.721351e-01  3.252845e-01
-1.03448e+00  3.10345e+00       2.535e+11  4.146676e-01  1.571764e-01 -6.881478e-01  5.853324e-01
-6.20690e-01  3.10345e+00       3.306e+11  9.062793e-02  2.049968e-01 -6.109014e-01  9.093721e-01
-2.06897e-01  3.10345e+00       3.673e+11 -1.742500e-01  2.382555e-01 -2.297691e-01  8.257500e-01
 2.06897e-01  3.10345e+00       3.800e+11 -1.544971e-01  2.073340e-01  3.201416e-01  8.455029e-01
 6.20690e-01  3.10345e+00       3.676e+11  1.365382e-01  1.300154e-01  6.448503e-01  8.634618e-01
 1.03448e+00  3.10345e+00       3.138e+11  4.760421e-01  7.325739e-02  6.541487e-01  5.239579e-01
 1.44828e+00  3.10345e+00       2.506e+11  7.316005e-01  7.133636e-02  5.063004e-01  2.683995e-01
 1.86207e+00  3.10345e+00       2.131e+11  8.585540e-01  9.959477e-02  3.118228e-01  1.414460e-01
 2.27586e+00  3.10345e+00       2.240e+11  9.048997e-01  9.156423e-02  5.171179e-02  9.510035e-02
 2.68966e+00  3.10345e+00       2.684e+11  9.127409e-01  3.304206e-02 -1.331317e-01  8.725910e-02
 3.10345e+00  3.10345e+00       3.118e+11  9.158358e-01 -3.102316e-02 -1.856209e-01  8.416422e-02
 3.51724e+00  3.10345e+00       4.228e+11  9.362573e-01 -6.147977e-02 -2.046057e-01  6.374270e-02
 3.93103e+00  3.10345e+00       5.995e+11  9.383697e-01 -5.361662e-02 -2.503954e-01  6.163030e-02
 4.34483e+00  3.10345e+00       6.471e+11  8.935074e-01 -4.258350e-02 -3.273806e-01  1.064926e-01
 4.75862e+00  3.10345e+00       5.340e+11  7.705502e-01 -3.930188e-02 -4.766419e-01  2.294498e-01
 5.17241e+00  3.10345e+00       4.210e+11  5.795659e-01 -2.883066e-02 -6.725274e-01  4.204341e-01
 5.58621e+00  3.10345e+00       4.144e+11  3.472593e-01 -6.472869e-03 -8.093536e-01  6.527407e-01
 6.00000e+00  3.10345e+00       5.887e+11  8.382615e-02 -1.134212e-02 -8.896084e-01  9.161738e-01
-6.00000e+00  3.51724e+00       9.295e+11  8.749257e-02  1.196481e-02  9.190553e-01  9.125074e-01
-5.58621e+00  3.51724e+00       6.304e+11  2.293066e-01  5.675089e-02  8.724610e-01  7.706934e-01
-5.17241e+00  3.51724e+00       4.473e+11  3.784194e-01  6.987750e-02  7.959247e-01  6.215806e-01
-4.75862e+00  3.51724e+00       4.549e+11  5.855824e-01  4.703468e-03  6.124092e-01  4.144176e-01
-4.34483e+00  3.51724e+00       5.732e+11  7.823907e-01 -4.162147e-02  3.870243e-01  2.176093e-01
-3.93103e+00  3.51724e+00       6.214e+11  8.975067e-01 -5.926340e-02  2.215165e-01  1.024933e-01
-3.51724e+00  3.51724e+00       5.385e+11  9.473538e-01 -7.228556e-02  1.340135e-01  5.264624e-02
-3.10345e+00  3.51724e+00       4.222e+11  9.447076e-01 -6.481234e-02  1.356676e-01  5.529239e-02
-2.68966e+00  3.51724e+00       3.195e+11  8.917784e-01 -4.038662e-02  1.858850e-01  1.082216e-01
-2.27586e+00  3.51724e+00       2.092e+11  7.976229e-01 -1.379457e-02  1.850152e-01  2.023771e-01
-1.86207e+00  3.51724e+00       1.199e+11  6.780251e-01  1.207446e-01  2.582383e-02  3.219749e-01
-1.44828e+00  3.51724e+00       8.068e+10  5.792718e-01  3.736353e-01 -2.884310e-01  4.207282e-01
-1.03448e+00  3.51724e+00       7.189e+10  4.376236e-01  4.528000e-01 -5.244258e-01  5.623764e-01
-6.20690e-01  3.51724e+00       6.885e+10  1.534459e-01  4.057023e-01 -5.573616e-01  8.465541e-01
-2.06897e-01  3.51724e+00       6.356e+10 -1.929323e-01  3.488246e-01 -2.917024e-01  8.070677e-01
 2.06897e-01  3.51724e+00       6.133e+10 -3.288024e-01  2.984148e-01  1.855210e-01  6.711976e-01
 6.20690e-01  3.51724e+00       6.615e+10 -8.593468e-02  2.961982e-01  4.769097e-01  9.140653e-01
 1.03448e+00  3.51724e+00       8.400e+10  3.736255e-01  3.210333e-01  4.395307e-01  6.263745e-01
 1.44828e+00  3.51724e+00       1.323e+11  7.368857e-01  2.474591e-01  2.348360e-01  2.631143e-01
 1.86207e+00  3.51724e+00       2.144e+11  8.806647e-01  1.168604e-01  4.874899e-02  1.193353e-01
 2.27586e+00  3.51724e+00       2.788e+11  9.072001e-01  2.346021e-02 -4.447807e-02  9.279990e-02
 2.68966e+00  3.51724e+00       3.072e+11  9.101418e-01 -3.450629e-02 -5.512419e-02  8.985819e-02
 3.10345e+00  3.51724e+00       4.203e+11  9.440028e-01 -5.912190e-02 -7.009054e-02  5.599717e-02
 3.51724e+00  3.51724e+00       6.351e+11  9.628445e-01 -5.235838e-02 -1.281461e-01  3.715548e-02
 3.93103e+00  3.51724e+00       7.286e+11  9.380153e-01 -4.311801e-02 -2.076097e-01  6.198473e-02
 4.34483e+00  3.51724e+00       6.243e+11  8.454859e-01 -4.218214e-02 -3.557349e-01  1.545141e-01
 4.75862e+00  3.51724e+00       4.936e+11  6.833454e-01 -3.840961e-02 -5.753022e-01  3.166546e-01
 5.17241e+00  3.51724e+00       4.489e+11  5.048730e-01 -1.354578e-02 -7.446223e-01  4.951270e-01
 5.58621e+00  3.51724e+00       5.698e+11  2.729625e-01 -5.608197e-03 -8.525716e-01  7.270375e-01
 6.00000e+00  3.51724e+00       9.025e+11  6.912750e-02 -1.740010e-02 -9.253408e-01  9.308725e-01
-6.00000e+00  3.93103e+00       1.295e+12  1.119271e-01 -3.150784e-03  9.351096e-01  8.880729e-01
-5.58621e+00  3.93103e+00       9.312e+11  2.552200e-01  4.952740e-02  8.720404e-01  7.447800e-01
-5.17241e+00  3.93103e+00       6.389e+11  4.085218e-01  1.061303e-01  8.104484e-01  5.914782e-01
-4.75862e+00  3.93103e+00       4.856e+11  5.208429e-01  7.394564e-02  7.335303e-01  4.791571e-01
-4.34483e+00  3.93103e+00       5.094e+11  6.786877e-01 -1.221481e-02  5.247963e-01  3.213123e-01
-3.93103e+00  3.93103e+00       6.293e+11  8.374149e-01 -4.862705e-02  2.649260e-01  1.625851e-01
-3.51724e+00  3.93103e+00       6.703e+11  9.262166e-01 -6.095444e-02  7.302142e-02  7.378337e-02
-3.10345e+00  3.93103e+00       5.783e+11  9.609825e-01 -7.411119e-02 -3.971954e-02  3.901754e-02
-2.68966e+00  3.93103e+00       4.580e+11  9.637770e-01 -6.328359e-02 -6.457019e-02  3.622297e-02
-2.27586e+00  3.93103e+00       3.767e+11  9.320771e-01 -2.049573e-02 -5.703317e-03  6.792285e-02
-1.86207e+00  3.93103e+00       2.965e+11  8.503233e-01 -1.889399e-02  8.356888e-02  1.496767e-01
-1.44828e+00  3.93103e+00       1.899e+11  6.973775e-01 -5.997546e-02  1.643685e-01  3.026225e-01
-1.03448e+00  3.93103e+00       1.077e+11  4.681494e-01  3.955634e-02  2.297936e-01  5.318506e-01
-6.20690e-01  3.93103e+00       8.002e+10  2.924262e-01  4.523706e-01  2.610630e-01  7.075738e-01
-2.06897e-01  3.93103e+00       8.331e+10  2.808732e-01  7.184173e-01  2.779306e-01  7.191268e-01
 2.06897e-01  3.93103e+00       9.822e+10  4.260613e-01  6.358824e-01  3.178387e-01  5.739387e-01
 6.20690e-01  3.93103e+00       1.362e+11  6.813814e-01  3.371336e-01  3.114481e-01  3.186186e-01
 1.03448e+00  3.93103e+00       2.099e+11  8.437742e-01  9.572671e-02  2.375583e-01  1.562258e-01
 1.44828e+00  3.93103e+00       2.715e+11  8.704650e-01 -1.698799e-03  1.595016e-01  1.295350e-01
 1.86207e+00  3.93103e+00       2.658e+11  8.320713e-01 -2.567088e-02  1.264315e-01  1.679287e-01
 2.27586e+00  3.93103e+00       2.767e+11  8.397607e-01 -3.731655e-02  1.554505e-01  1.602393e-01
 2.68966e+00  3.93103e+00       4.411e+11  9.286595e-01 -5.121326e-02  1.221847e-01  7.134053e-02
 3.10345e+00  3.93103e+00       6.932e+11  9.702229e-01 -4.754157e-02  4.349687e-02  2.977712e-02
 3.51724e+00  3.93103e+00       7.854e+11  9.620579e-01 -4.252616e-02 -4.887313e-02  3.794212e-02
 3.93103e+00  3.93103e+00       6.709e+11  8.938911e-01 -4.612570e-02 -2.151596e-01  1.061089e-01
 4.34483e+00  3.93103e+00       5.343e+11  7.640130e-01 -4.915757e-02 -4.628051e-01  2.359870e-01
 4.75862e+00  3.93103e+00       4.542e+11  6.328137e-01 -2.201173e-02 -6.473367e-01  3.671863e-01
 5.17241e+00  3.93103e+00       4.951e+11  4.486409e-01  1.018883e-02 -7.701495e-01  5.513591e-01
 5.58621e+00  3.93103e+00       8.132e+11  2.235612e-01  2.033749e-03 -8.871884e-01  7.764388e-01
 6.00000e+00  3.93103e+00       1.310e+12  8.738301e-02 -4.238470e-04 -9.507294e-01  9.126170e-01
-6.00000e+00  4.34483e+00       1.678e+12  1.877603e-01 -1.088921e-02  9.486113e-01  8.122397e-01
-5.58621e+00  4.34483e+00       1.428e+12  2.871559e-01  2.352170e-03  9.017213e-01  7.128441e-01
-5.17241e+00  4.34483e+00       1.023e+12  4.085311e-01  4.012772e-02  8.334661e-01  5.914689e-01
-4.75862e+00  4.34483e+00       6.607e+11  5.138659e-01  8.573677e-02  7.640170e-01  4.861341e-01
-4.34483e+00  4.34483e+00       4.799e+11  6.026880e-01  6.533603e-02  6.680490e-01  3.973120e-01
-3.93103e+00  4.34483e+00       5.061e+11  7.364714e-01 -1.262818e-02  4.370923e-01  2.635286e-01
-3.51724e+00  4.34483e+00       6.279e+11  8.577229e-01 -5.132339e-02  1.345392e-01  1.422771e-01
-3.10345e+00  4.34483e+00       6.907e+11  9.128733e-01 -6.061203e-02 -1.079231e-01  8.712668e-02
-2.68966e+00  4.34483e+00       6.200e+11  9.160937e-01 -7.369622e-02 -2.724198e-01  8.390632e-02
-2.27586e+00  4.34483e+00       4.862e+11  8.983428e-01 -8.551842e-02 -3.707197e-01  1.016572e-01
-1.86207e+00  4.34483e+00       3.714e+11  8.749891e-01 -4.330086e-02 -4.045442e-01  1.250109e-01
-1.44828e+00  4.34483e+00       3.147e+11  8.392804e-01  6.723743e-02 -4.034289e-01  1.607196e-01
-1.03448e+00  4.34483e+00       3.211e+11  8.199852e-01  1.284182e-01 -3.878545e-01  1.800148e-01
-6.20690e-01  4.34483e+00       3.349e+11  8.328530e-01  7.580128e-02 -3.462151e-01  1.671470e-01
-2.06897e-01  4.34483e+00       3.123e+11  8.300228e-01 -9.918035e-03 -3.052776e-01  1.699772e-01
 2.06897e-01  4.34483e+00       2.677e+11  7.485152e-01 -2.931347e-02 -3.090167e-01  2.514848e-01
 6.20690e-01  4.34483e+00       2.172e+11  5.642188e-01  6.625049e-02 -3.024324e-01  4.357812e-01
 1.03448e+00  4.34483e+00       1.727e+11  3.767448e-01  1.847466e-01 -1.143813e-01  6.232552e-01
 1.44828e+00  4.34483e+00       1.753e+11  4.400201e-01  1.150517e-01  2.882316e-01  5.599799e-01
 1.86207e+00  4.34483e+00       2.954e+11  7.116458e-01 -2.060311e-02  4.502855e-01  2.883542e-01
 2.27586e+00  4.34483e+00       5.437e+11  8.677522e-01 -4.728762e-02  3.757901e-01  1.322478e-01
 2.68966e+00  4.34483e+00       7.657e+11  9.299329e-01 -4.474315e-02  2.752012e-01  7.006713e-02
 3.10345e+00  4.34483e+00       7.757e+11  9.435216e-01 -4.557181e-02  1.544368e-01  5.647841e-02
 3.51724e+00  4.34483e+00       6.342e+11  9.025622e-01 -5.527060e-02 -6.175952e-02  9.743777e-02
 3.93103e+00  4.34483e+00       5.265e+11  8.094756e-01 -5.690343e-02 -3.615547e-01  1.905244e-01
 4.34483e+00  4.34483e+00       4.931e+11  7.211569e-01 -2.462424e-02 -5.631014e-01  2.788431e-01
 4.75862e+00  4.34483e+00       5.568e+11  6.020342e-01  1.909926e-03 -6.841242e-01  3.979658e-01
 5.17241e+00  4.34483e+00       8.540e+11  4.111190e-01 -1.112548e-02 -8.211155e-01  5.888810e-01
 5.58621e+00  4.34483e+00       1.381e+12  2.637201e-01 -1.793133e-02 -9.140030e-01  7.362799e-01
 6.00000e+00  4.34483e+00       1.761e+12  1.729652e-01 -9.459740e-03 -9.562684e-01  8.270348e-01
-6.00000e+00  4.75862e+00       1.746e+12  2.583147e-01 -8.785888e-03  9.416952e-01  7.416853e-01
-5.58621e+00  4.75862e+00       1.788e+12  3.463349e-01 -7.703456e-03  8.977275e-01  6.536651e-01
-5.17241e+00  4.75862e+00       1.524e+12  4.559972e-01  1.192298e-02  8.262478e-01  5.440028e-01
-4.75862e+00  4.75862e+00       1.108e+12  5.703142e-01  5.094406e-02  7.404570e-01  4.296858e-01
-4.34483e+00  4.75862e+00       7.043e+11  6.470567e-01  9.417331e-02  6.674094e-01  3.529433e-01
-3.93103e+00  4.75862e+00       4.750e+11  6.961810e-01  8.056301e-02  5.896728e-01  3.038190e-01
-3.51724e+00  4.75862e+00       4.550e+11  7.715446e-01 -1.557862e-03  3.973570e-01  2.284554e-01
-3.10345e+00  4.75862e+00       5.373e+11  8.330306e-01 -5.634098e-02  5.745640e-02  1.669694e-01
-2.68966e+00  4.75862e+00       6.238e+11  8.314219e-01 -6.844054e-02 -2.794758e-01  1.685781e-01
-2.27586e+00  4.75862e+00       6.212e+11  7.642514e-01 -6.624235e-02 -5.172296e-01  2.357486e-01
-1.86207e+00  4.75862e+00       5.288e+11  6.424009e-01 -8.758095e-02 -6.888935e-01  3.575991e-01
-1.44828e+00  4.75862e+00       4.085e+11  4.910054e-01 -1.186969e-01 -8.038927e-01  5.089946e-01
-1.03448e+00  4.75862e+00       2.840e+11  2.958630e-01 -9.364131e-02 -8.633787e-01  7.041370e-01
-6.20690e-01  4.75862e+00       1.997e+11 -6.134977e-03  1.950645e-02 -8.544669e-01  9.938650e-01
-2.06897e-01  4.75862e+00       1.680e+11 -3.178900e-01  1.302485e-01 -6.995274e-01  6.821100e-01
 2.06897e-01  4.75862e+00       1.587e+11 -4.517737e-01  1.604664e-01 -2.937644e-01  5.482263e-01
 6.20690e-01  4.75862e+00       1.856e+11 -2.188062e-01  8.771530e-02  3.597946e-01  7.811938e-01
 1.03448e+00  4.75862e+00       2.958e+11  1.907381e-01 -1.922614e-02  7.525949e-01  8.092619e-01
 1.44828e+00  4.75862e+00       4.822e+11  4.713653e-01 -5.797241e-02  7.777773e-01  5.286347e-01
 1.86207e+00  4.75862e+00       6.581e+11  6.590518e-01 -5.540751e-02  6.762432e-01  3.409482e-01
 2.27586e+00  4.75862e+00       7.094e+11  7.804500e-01 -5.292759e-02  5.490162e-01  2.195500e-01
 2.68966e+00  4.75862e+00       6.147e+11  8.451513e-01 -6.377939e-02  3.658185e-01  1.548487e-01
 3.10345e+00  4.75862e+00       5.060e+11  8.594693e-01 -8.065125e-02  4.328065e-02  1.405307e-01
 3.51724e+00  4.75862e+00       4.720e+11  8.334220e-01 -6.897388e-02 -2.854411e-01  1.665780e-01
 3.93103e+00  4.75862e+00       4.827e+11  7.997433e-01 -1.866016e-02 -4.486384e-01  2.002567e-01
 4.34483e+00  4.75862e+00       5.532e+11  7.280471e-01  8.039445e-03 -5.525428e-01  2.719529e-01
 4.75862e+00  4.75862e+00       8.252e+11  5.654820e-01 -8.575233e-03 -7.177289e-01  4.345180e-01
 5.17241e+00  4.75862e+00       1.400e+12  4.166500e-01 -1.551878e-02 -8.529713e-01  5.833500e-01
 5.58621e+00  4.75862e+00       1.968e+12  3.286400e-01 -9.692947e-03 -9.177319e-01  6.713600e-01
 6.00000e+00  4.75862e+00       2.059e+12  2.635062e-01 -5.990037e-03 -9.485738e-01  7.364938e-01
-6.00000e+00  5.17241e+00       1.946e+12  3.567657e-01 -7.703377e-03  9.189314e-01  6.432343e-01
-5.58621e+00  5.17241e+00       2.098e+12  4.190404e-01 -9.936401e-03  8.847093e-01  5.809596e-01
-5.17241e+00  5.17241e+00       1.981e+12  5.032437e-01 -7.449894e-03  8.227915e-01  4.967563e-01
-4.75862e+00  5.17241e+00       1.651e+12  6.029341e-01  9.560676e-03  7.284961e-01  3.970659e-01
-4.34483e+00  5.17241e+00       1.214e+12  7.052765e-01  4.991300e-02  6.128915e-01  2.947235e-01
-3.93103e+00  5.17241e+00       7.788e+11  7.733128e-01  1.032942e-01  5.165045e-01  2.266872e-01
-3.51724e+00  5.17241e+00       4.800e+11  7.943063e-01  1.150866e-01  4.581035e-01  2.056937e-01
-3.10345e+00  5.17241e+00       3.879e+11  8.224343e-01  3.979183e-02  3.663973e-01  1.775657e-01
-2.68966e+00  5.17241e+00       3.942e+11  8.335921e-01 -3.978921e-02  1.464356e-01  1.664079e-01
-2.27586e+00  5.17241e+00       4.148e+11  7.340235e-01 -9.721127e-02 -2.366411e-01  2.659765e-01
-1.86207e+00  5.17241e+00       4.556e+11  5.136339e-01 -1.138471e-01 -6.175485e-01  4.863661e-01
-1.44828e+00  5.17241e+00       4.739e+11  2.303910e-01 -8.524791e-02 -8.064126e-01  7.696090e-01
-1.03448e+00  5.17241e+00       4.279e+11 -1.223190e-01 -5.036156e-02 -8.064968e-01  8.776810e-01
-6.20690e-01  5.17241e+00       3.614e+11 -5.018606e-01 -4.168097e-02 -5.971308e-01  4.981394e-01
-2.06897e-01  5.17241e+00       3.315e+11 -7.177144e-01 -4.870706e-02 -1.390497e-01  2.822856e-01
 2.06897e-01  5.17241e+00       3.610e+11 -6.119189e-01 -5.300713e-02  4.063629e-01  3.880811e-01
 6.20690e-01  5.17241e+00       4.292e+11 -3.072121e-01 -5.774936e-02  7.615375e-01  6.927879e-01
 1.03448e+00  5.17241e+00       4.760e+11  3.099900e-03 -6.716813e-02  8.933496e-01  9.969001e-01
 1.44828e+00  5.17241e+00       4.618e+11  2.586984e-01 -8.514870e-02  8.823261e-01  7.413016e-01
 1.86207e+00  5.17241e+00       4.017e+11  4.731074e-01 -1.096613e-01  7.353598e-01  5.268926e-01
 2.27586e+00  5.17241e+00       3.551e+11  6.789333e-01 -1.336557e-01  3.905120e-01  3.210667e-01
 2.68966e+00  5.17241e+00       3.673e+11  8.159902e-01 -1.252766e-01  4.826994e-05  1.840098e-01
 3.10345e+00  5.17241e+00       4.114e+11  8.583831e-01 -5.936540e-02 -2.097330e-01  1.416169e-01
 3.51724e+00  5.17241e+00       4.567e+11  8.656678e-01  9.255443e-03 -2.837358e-01  1.343322e-01
 3.93103e+00  5.17241e+00       5.502e+11  8.227658e-01  1.504587e-02 -3.840523e-01  1.772342e-01
 4.34483e+00  5.17241e+00       8.541e+11  6.981054e-01 -1.411874e-02 -5.886960e-01  3.018946e-01
 4.75862e+00  5.17241e+00       1.459e+12  5.750167e-01 -2.002049e-02 -7.534655e-01  4.249833e-01
 5.17241e+00  5.17241e+00       2.071e+12  4.885531e-01 -8.501662e-03 -8.402173e-01  5.114469e-01
 5.58621e+00  5.17241e+00       2.250e+12  4.167817e-01  3.450930e-03 -8.893392e-01  5.832183e-01
 6.00000e+00  5.17241e+00       1.972e+12  3.477940e-01  7.465397e-03 -9.221204e-01  6.522060e-01
-6.00000e+00  5.58621e+00       1.801e+12  4.673648e-01 -5.995813e-03  8.698424e-01  5.326352e-01
-5.58621e+00  5.58621e+00       2.171e+12  5.098207e-01 -6.833782e-03  8.452141e-01  4.901793e-01
-5.17241e+00  5.58621e+00       2.218e+12  5.685024e-01 -8.834388e-03  7.978984e-01  4.314976e-01
-4.75862e+00  5.58621e+00       2.052e+12  6.484582e-01 -6.457513e-03  7.144841e-01  3.515418e-01
-4.34483e+00  5.58621e+00       1.755e+12  7.361550e-01  7.623944e-03  5.933953e-01  2.638450e-01
-3.93103e+00  5.58621e+00       1.367e+12  8.203372e-01  4.169436e-02  4.443943e-01  1.796628e-01
-3.51724e+00  5.58621e+00       9.362e+11  8.765040e-01  9.630325e-02  3.101109e-01  1.234960e-01
-3.10345e+00  5.58621e+00       5.521e+11  8.799308e-01  1.489385e-01  2.364444e-01  1.200692e-01
-2.68966e+00  5.58621e+00       3.460e+11  8.563104e-01  1.293670e-01  2.009952e-01  1.436896e-01
-2.27586e+00  5.58621e+00       3.093e+11  8.785250e-01  4.010236e-02  1.157873e-01  1.214750e-01
-1.86207e+00  5.58621e+00       2.997e+11  8.762167e-01 -3.832354e-02 -5.152059e-03  1.237833e-01
-1.44828e+00  5.58621e+00       2.529e+11  7.748307e-01 -1.456416e-01 -2.044307e-01  2.251693e-01
-1.03448e+00  5.58621e+00       2.012e+11  5.742718e-01 -2.311832e-01 -4.496326e-01  4.257282e-01
-6.20690e-01  5.58621e+00       1.512e+11  2.808398e-01 -2.097100e-01 -5.646423e-01  7.191602e-01
-2.06897e-01  5.58621e+00       1.088e+11 -1.153632e-01 -1.312624e-01 -4.504124e-01  8.846368e-01
 2.06897e-01  5.58621e+00       9.021e+10 -3.484977e-01 -1.411340e-01 -1.331346e-01  6.515023e-01
 6.20690e-01  5.58621e+00       1.006e+11 -1.418471e-01 -2.917978e-01  1.766059e-01  8.581529e-01
 1.03448e+00  5.58621e+00       1.409e+11  2.434587e-01 -3.716166e-01  3.146324e-01  7.565413e-01
 1.44828e+00  5.58621e+00       1.971e+11  5.371814e-01 -3.168595e-01  2.574107e-01  4.628186e-01
 1.86207e+00  5.58621e+00       2.510e+11  7.115279e-01 -2.081061e-01  9.957961e-02  2.884721e-01
 2.27586e+00  5.58621e+00       3.125e+11  8.102888e-01 -6.929115e-02 -5.679391e-03  1.897112e-01
 2.68966e+00  5.58621e+00       3.770e+11  8.676255e-01  3.437696e-02 -1.490455e-02  1.323745e-01
 3.10345e+00  5.58621e+00       4.317e+11  8.937491e-01  4.857833e-02 -2.774751e-02  1.062509e-01
 3.51724e+00  5.58621e+00       5.566e+11  8.752037e-01  4.993228e-03 -1.815824e-01  1.247963e-01
 3.93103e+00  5.58621e+00       9.118e+11  7.971186e-01 -2.386998e-02 -4.416840e-01  2.028814e-01
 4.34483e+00  5.58621e+00       1.550e+12  7.099946e-01 -1.936927e-02 -6.306293e-01  2.900054e-01
 4.75862e+00  5.58621e+00       2.193e+12  6.392637e-01 -3.499102e-03 -7.346273e-01  3.607363e-01
 5.17241e+00  5.58621e+00       2.431e+12  5.741710e-01  7.784958e-03 -7.988691e-01  4.258290e-01
 5.58621e+00  5.58621e+00       2.202e+12  5.080722e-01  8.636775e-03 -8.459641e-01  4.919278e-01
 6.00000e+00  5.58621e+00       1.811e+12  4.468474e-01  6.821476e-03 -8.789438e-01  5.531526e-01
-6.00000e+00  6.00000e+00       1.447e+12  5.790622e-01 -5.777670e-03  7.968445e-01  4.209378e-01
-5.58621e+00  6.00000e+00       2.009e+12  6.242294e-01 -5.319019e-03  7.665953e-01  3.757706e-01
-5.17241e+00  6.00000e+00       2.342e+12  6.608425e-01 -6.091212e-03  7.357332e-01  3.391575e-01
-4.75862e+00  6.00000e+00       2.276e+12  7.071128e-01 -7.510103e-03  6.825934e-01  2.928872e-01
-4.34483e+00  6.00000e+00       2.036e+12  7.725939e-01 -5.219500e-03  5.825193e-01  2.274061e-01
-3.93103e+00  6.00000e+00       1.781e+12  8.394776e-01  4.392408e-03  4.354091e-01  1.605224e-01
-3.51724e+00  6.00000e+00       1.486e+12  8.912183e-01  2.694626e-02  2.527680e-01  1.087817e-01
-3.10345e+00  6.00000e+00       1.142e+12  9.193367e-01  6.791541e-02  5.866478e-02  8.066332e-02
-2.68966e+00  6.00000e+00       7.698e+11  9.112131e-01  1.296340e-01 -9.202178e-02  8.878693e-02
-2.27586e+00  6.00000e+00       4.521e+11  8.594538e-01  1.987042e-01 -1.457157e-01  1.405462e-01
-1.86207e+00  6.00000e+00       2.649e+11  7.577272e-01  2.412843e-01 -7.260106e-02  2.422728e-01
-1.44828e+00  6.00000e+00       1.867e+11  6.532925e-01  2.002672e-01 -1.492730e-02  3.467075e-01
-1.03448e+00  6.00000e+00       1.724e+11  6.159110e-01  7.158019e-03 -1.426434e-01  3.840890e-01
-6.20690e-01  6.00000e+00       1.831e+11  5.452294e-01 -2.068619e-01 -3.523427e-01  4.547706e-01
-2.06897e-01  6.00000e+00       1.898e+11  4.231114e-01 -3.241850e-01 -4.751529e-01  5.768886e-01
 2.06897e-01  6.00000e+00       1.858e+11  3.642370e-01 -3.587875e-01 -4.196387e-01  6.357630e-01
 6.20690e-01  6.00000e+00       1.902e+11  4.635238e-01 -2.384629e-01 -1.852711e-01  5.364762e-01
 1.03448e+00  6.00000e+00       2.257e+11  6.227207e-01  2.839894e-02  9.880123e-02  3.772793e-01
 1.44828e+00  6.00000e+00       2.774e+11  6.945550e-01  1.771007e-01  2.827639e-01  3.054450e-01
 1.86207e+00  6.00000e+00       3.065e+11  7.071898e-01  1.583664e-01  3.681392e-01  2.928102e-01
 2.27586e+00  6.00000e+00       3.317e+11  7.399651e-01  8.166712e-02  3.849617e-01  2.600349e-01
 2.68966e+00  6.00000e+00       4.108e+11  8.225132e-01  1.284581e-02  2.732000e-01  1.774868e-01
 3.10345e+00  6.00000e+00       6.137e+11  8.786254e-01 -2.672379e-02  2.489117e-03  1.213746e-01
 3.51724e+00  6.00000e+00       1.043e+12  8.668347e-01 -2.885412e-02 -2.885022e-01  1.331653e-01
 3.93103e+00  6.00000e+00       1.693e+12  8.249881e-01 -1.040724e-02 -4.811189e-01  1.750119e-01
 4.34483e+00  6.00000e+00       2.306e+12  7.772877e-01  7.477378e-03 -5.930063e-01  2.227123e-01
 4.75862e+00  6.00000e+00       2.540e+12  7.235498e-01  1.379337e-02 -6.696886e-01  2.764502e-01
 5.17241e+00  6.00000e+00       2.337e+12  6.640387e-01  8.826695e-03 -7.312644e-01  3.359613e-01
 5.58621e+00  6.00000e+00       1.995e+12  6.047433e-01  5.038523e-03 -7.787374e-01  3.952567e-01
 6.00000e+00  6.00000e+00       1.642e+12  5.569314e-01  1.141156e-02 -8.102367e-01  4.430686e-01
