 EB(GeV)    EMITTANCEx EMITTANCEy SIZEx(m)   SIZEy(m)   DIVx(rad)  DIVy(rad)
 1.500e+00  5.941e-09  5.941e-11  1.840e-04  1.299e-05  3.228e-05  4.574e-06
 betax      alphax     betay      alphay     eta        deta       E_spread  
 5.700e+00  0.000e+00  2.840e+00  0.000e+00  0.000e+00  0.000e+00  1.000e-03
 Ibeam(A) 
  2.000e-01


           x            y       F.Density            PL            PC          PL45        1-|PL|
          mm           mm  ph/s/mm^2/0.1%             -             -             -             -
-6.00000e+00 -6.00000e+00       1.914e+12  4.256395e-01  2.752112e-03 -8.857681e-01  5.743605e-01
-5.58621e+00 -6.00000e+00       1.993e+12  4.730509e-01  5.774549e-04 -8.551215e-01  5.269491e-01
-5.17241e+00 -6.00000e+00       1.741e+12  5.455685e-01 -3.286507e-03 -7.925619e-01  4.544315e-01
-4.75862e+00 -6.00000e+00       1.432e+12  6.464728e-01 -8.462712e-03 -6.851054e-01  3.535272e-01
-4.34483e+00 -6.00000e+00       1.180e+12  7.521278e-01 -2.169384e-02 -5.510121e-01  2.478722e-01
-3.93103e+00 -6.00000e+00       8.886e+11  8.251342e-01 -5.779120e-02 -4.350529e-01  1.748658e-01
-3.51724e+00 -6.00000e+00       5.491e+11  8.440383e-01 -1.113309e-01 -3.583956e-01  1.559617e-01
-3.10345e+00 -6.00000e+00       3.295e+11  8.290403e-01 -1.230540e-01 -2.790675e-01  1.709597e-01
-2.68966e+00 -6.00000e+00       2.792e+11  8.447750e-01 -5.206172e-02 -1.373871e-01  1.552250e-01
-2.27586e+00 -6.00000e+00       2.762e+11  8.254670e-01  2.566250e-02  3.016259e-02  1.745330e-01
-1.86207e+00 -6.00000e+00       2.536e+11  6.759575e-01  9.684126e-02  2.675698e-01  3.240425e-01
-1.44828e+00 -6.00000e+00       2.354e+11  2.888269e-01  1.450217e-01  5.235828e-01  7.111731e-01
-1.03448e+00 -6.00000e+00       2.508e+11 -2.572950e-01  2.048686e-01  6.113952e-01  7.427050e-01
-6.20690e-01 -6.00000e+00       2.924e+11 -6.280269e-01  2.610280e-01  4.505594e-01  3.719731e-01
-2.06897e-01 -6.00000e+00       3.248e+11 -7.670414e-01  2.745528e-01  1.160977e-01  2.329586e-01
 2.06897e-01 -6.00000e+00       3.356e+11 -7.216457e-01  2.534390e-01 -2.862095e-01  2.783543e-01
 6.20690e-01 -6.00000e+00       3.205e+11 -5.281228e-01  2.079037e-01 -6.093012e-01  4.718772e-01
 1.03448e+00 -6.00000e+00       2.751e+11 -2.299598e-01  1.542849e-01 -7.533864e-01  7.700402e-01
 1.44828e+00 -6.00000e+00       2.370e+11  1.861712e-01  1.418138e-01 -6.636825e-01  8.138288e-01
 1.86207e+00 -6.00000e+00       2.450e+11  5.625792e-01  1.630594e-01 -4.175028e-01  4.374208e-01
 2.27586e+00 -6.00000e+00       2.698e+11  7.365852e-01  1.281347e-01 -1.860505e-01  2.634148e-01
 2.68966e+00 -6.00000e+00       2.992e+11  8.148871e-01  3.598553e-02  1.954797e-04  1.851129e-01
 3.10345e+00 -6.00000e+00       3.481e+11  8.653286e-01 -2.728059e-02  1.065356e-01  1.346714e-01
 3.51724e+00 -6.00000e+00       4.045e+11  8.734184e-01 -1.435034e-02  1.930747e-01  1.265816e-01
 3.93103e+00 -6.00000e+00       5.456e+11  8.172395e-01  2.371546e-02  3.723923e-01  1.827605e-01
 4.34483e+00 -6.00000e+00       9.156e+11  7.218715e-01  2.532310e-02  5.776528e-01  2.781285e-01
 4.75862e+00 -6.00000e+00       1.461e+12  6.338510e-01  1.013622e-02  7.106699e-01  3.661490e-01
 5.17241e+00 -6.00000e+00       1.872e+12  5.525105e-01 -1.228425e-03  7.954522e-01  4.474895e-01
 5.58621e+00 -6.00000e+00       1.977e+12  4.692682e-01 -5.599955e-03  8.573629e-01  5.307318e-01
 6.00000e+00 -6.00000e+00       1.855e+12  3.955851e-01 -5.738382e-03  8.985232e-01  6.044149e-01
-6.00000e+00 -5.58621e+00       1.787e+12  2.969285e-01 -4.954341e-03 -9.340251e-01  7.030715e-01
-5.58621e+00 -5.58621e+00       1.640e+12  3.821852e-01 -3.977258e-03 -8.864478e-01  6.178148e-01
-5.17241e+00 -5.58621e+00       1.381e+12  4.945853e-01 -6.977536e-03 -8.072449e-01  5.054147e-01
-4.75862e+00 -5.58621e+00       1.093e+12  6.100703e-01 -2.694808e-02 -7.096529e-01  3.899297e-01
-4.34483e+00 -5.58621e+00       7.620e+11  6.916413e-01 -7.223751e-02 -6.236722e-01  3.083587e-01
-3.93103e+00 -5.58621e+00       4.700e+11  7.291515e-01 -1.070402e-01 -5.480113e-01  2.708485e-01
-3.51724e+00 -5.58621e+00       3.504e+11  7.735344e-01 -6.157537e-02 -4.131559e-01  2.264656e-01
-3.10345e+00 -5.58621e+00       3.602e+11  8.112614e-01  2.041889e-02 -1.598211e-01  1.887386e-01
-2.68966e+00 -5.58621e+00       4.107e+11  7.745611e-01  7.746029e-02  2.087791e-01  2.254389e-01
-2.27586e+00 -5.58621e+00       4.577e+11  6.741534e-01  9.195036e-02  5.378917e-01  3.258466e-01
-1.86207e+00 -5.58621e+00       4.328e+11  5.275537e-01  7.414653e-02  7.339812e-01  4.724463e-01
-1.44828e+00 -5.58621e+00       3.447e+11  2.757487e-01  7.579270e-02  8.388705e-01  7.242513e-01
-1.03448e+00 -5.58621e+00       2.910e+11 -1.270939e-01  1.483986e-01  8.120794e-01  8.729061e-01
-6.20690e-01 -5.58621e+00       2.979e+11 -5.084954e-01  2.278331e-01  5.880260e-01  4.915046e-01
-2.06897e-01 -5.58621e+00       3.187e+11 -7.215806e-01  2.539881e-01  2.235071e-01  2.784194e-01
 2.06897e-01 -5.58621e+00       3.236e+11 -7.358752e-01  2.416481e-01 -1.965768e-01  2.641248e-01
 6.20690e-01 -5.58621e+00       3.173e+11 -5.276833e-01  1.939186e-01 -5.687430e-01  4.723167e-01
 1.03448e+00 -5.58621e+00       3.315e+11 -1.212728e-01  1.146123e-01 -7.974968e-01  8.787272e-01
 1.44828e+00 -5.58621e+00       3.883e+11  2.851642e-01  6.113631e-02 -8.358744e-01  7.148358e-01
 1.86207e+00 -5.58621e+00       4.496e+11  5.452677e-01  5.636334e-02 -7.463799e-01  4.547323e-01
 2.27586e+00 -5.58621e+00       4.596e+11  7.019588e-01  6.601938e-02 -5.717265e-01  2.980412e-01
 2.68966e+00 -5.58621e+00       4.226e+11  8.019462e-01  7.682770e-02 -2.925509e-01  1.980538e-01
 3.10345e+00 -5.58621e+00       3.889e+11  8.441296e-01  7.344827e-02  3.133024e-02  1.558704e-01
 3.51724e+00 -5.58621e+00       3.854e+11  8.387902e-01  2.870445e-02  2.656514e-01  1.612098e-01
 3.93103e+00 -5.58621e+00       4.171e+11  8.117356e-01 -9.210885e-03  3.975369e-01  1.882644e-01
 4.34483e+00 -5.58621e+00       5.281e+11  7.265884e-01  4.498095e-03  5.408424e-01  2.734116e-01
 4.75862e+00 -5.58621e+00       8.478e+11  5.889758e-01  1.951405e-02  7.135817e-01  4.110242e-01
 5.17241e+00 -5.58621e+00       1.365e+12  4.720443e-01  1.178774e-02  8.287697e-01  5.279557e-01
 5.58621e+00 -5.58621e+00       1.794e+12  3.793597e-01  1.344135e-03  8.951487e-01  6.206403e-01
 6.00000e+00 -5.58621e+00       1.940e+12  2.970473e-01 -2.814055e-03  9.365010e-01  7.029527e-01
-6.00000e+00 -5.17241e+00       1.576e+12  2.085605e-01  8.603565e-04 -9.443428e-01  7.914395e-01
-5.58621e+00 -5.17241e+00       1.310e+12  3.203495e-01 -4.964124e-03 -8.911526e-01  6.796505e-01
-5.17241e+00 -5.17241e+00       1.005e+12  4.458123e-01 -2.940921e-02 -8.209762e-01  5.541877e-01
-4.75862e+00 -5.17241e+00       6.866e+11  5.400944e-01 -7.452651e-02 -7.544572e-01  4.599056e-01
-4.34483e+00 -5.17241e+00       4.511e+11  6.091215e-01 -8.964122e-02 -6.677036e-01  3.908785e-01
-3.93103e+00 -5.17241e+00       3.995e+11  7.174919e-01 -2.182863e-02 -4.655868e-01  2.825081e-01
-3.51724e+00 -5.17241e+00       4.708e+11  8.255674e-01  4.452916e-02 -1.552090e-01  1.744326e-01
-3.10345e+00 -5.17241e+00       5.443e+11  8.742953e-01  6.813874e-02  1.345915e-01  1.257047e-01
-2.68966e+00 -5.17241e+00       5.296e+11  8.554953e-01  7.669187e-02  3.533190e-01  1.445047e-01
-2.27586e+00 -5.17241e+00       4.462e+11  7.785019e-01  1.031656e-01  5.324296e-01  2.214981e-01
-1.86207e+00 -5.17241e+00       3.577e+11  6.754730e-01  1.288031e-01  6.664566e-01  3.245270e-01
-1.44828e+00 -5.17241e+00       2.864e+11  5.797830e-01  1.274945e-01  7.303075e-01  4.202170e-01
-1.03448e+00 -5.17241e+00       2.231e+11  5.083960e-01  1.252245e-01  6.856331e-01  4.916040e-01
-6.20690e-01 -5.17241e+00       1.575e+11  4.512565e-01  8.772364e-02  4.668020e-01  5.487435e-01
-2.06897e-01 -5.17241e+00       1.147e+11  3.955063e-01 -3.280757e-02  6.854553e-02  6.044937e-01
 2.06897e-01 -5.17241e+00       1.057e+11  3.044278e-01 -4.263183e-02 -2.650517e-01  6.955722e-01
 6.20690e-01 -5.17241e+00       1.218e+11  1.506681e-01  1.000583e-01 -4.731685e-01  8.493319e-01
 1.03448e+00 -5.17241e+00       1.687e+11  1.575604e-01  1.373915e-01 -6.370586e-01  8.424396e-01
 1.44828e+00 -5.17241e+00       2.696e+11  4.191715e-01  8.395587e-02 -6.878016e-01  5.808285e-01
 1.86207e+00 -5.17241e+00       4.222e+11  6.612027e-01  5.893033e-02 -6.337622e-01  3.387973e-01
 2.27586e+00 -5.17241e+00       5.533e+11  7.967052e-01  5.046942e-02 -5.294118e-01  2.032948e-01
 2.68966e+00 -5.17241e+00       5.995e+11  8.741529e-01  4.516941e-02 -3.840003e-01  1.258471e-01
 3.10345e+00 -5.17241e+00       5.651e+11  9.032446e-01  4.800592e-02 -1.817923e-01  9.675542e-02
 3.51724e+00 -5.17241e+00       4.948e+11  8.747676e-01  5.449982e-02  9.213065e-02  1.252324e-01
 3.93103e+00 -5.17241e+00       4.399e+11  8.044228e-01  4.098229e-02  3.641744e-01  1.955772e-01
 4.34483e+00 -5.17241e+00       4.314e+11  7.244755e-01  5.250530e-03  5.430403e-01  2.755245e-01
 4.75862e+00 -5.17241e+00       5.201e+11  6.009405e-01  1.378469e-04  6.807860e-01  3.990595e-01
 5.17241e+00 -5.17241e+00       8.187e+11  4.306574e-01  1.520979e-02  8.202668e-01  5.693426e-01
 5.58621e+00 -5.17241e+00       1.300e+12  2.994007e-01  1.367233e-02  9.066724e-01  7.005993e-01
 6.00000e+00 -5.17241e+00       1.647e+12  2.031346e-01  4.585730e-03  9.503603e-01  7.968654e-01
-6.00000e+00 -4.75862e+00       1.232e+12  1.371010e-01 -2.388302e-03 -9.385766e-01  8.628990e-01
-5.58621e+00 -4.75862e+00       9.375e+11  2.664496e-01 -2.560697e-02 -8.925075e-01  7.335504e-01
-5.17241e+00 -4.75862e+00       6.434e+11  3.791869e-01 -6.980919e-02 -8.402110e-01  6.208131e-01
-4.75862e+00 -4.75862e+00       4.472e+11  4.866337e-01 -7.820441e-02 -7.477923e-01  5.133663e-01
-4.34483e+00 -4.75862e+00       4.330e+11  6.594375e-01 -7.564932e-03 -5.304168e-01  3.405625e-01
-3.93103e+00 -4.75862e+00       5.252e+11  8.212594e-01  4.695003e-02 -2.613195e-01  1.787406e-01
-3.51724e+00 -4.75862e+00       5.721e+11  9.098897e-01  6.674333e-02 -4.201256e-02  9.011031e-02
-3.10345e+00 -4.75862e+00       5.144e+11  9.389272e-01  8.428435e-02  1.216424e-01  6.107277e-02
-2.68966e+00 -4.75862e+00       4.193e+11  9.346276e-01  9.071238e-02  2.215144e-01  6.537237e-02
-2.27586e+00 -4.75862e+00       3.483e+11  9.148476e-01  2.979849e-02  2.343894e-01  8.515242e-02
-1.86207e+00 -4.75862e+00       3.079e+11  8.820431e-01 -5.751053e-02  1.777491e-01  1.179569e-01
-1.44828e+00 -4.75862e+00       2.592e+11  8.123640e-01 -4.628525e-02  7.828148e-02  1.876360e-01
-1.03448e+00 -4.75862e+00       1.847e+11  6.400225e-01  7.571375e-02 -5.602997e-02  3.599775e-01
-6.20690e-01 -4.75862e+00       1.265e+11  3.810228e-01  2.229736e-01 -2.185726e-01  6.189772e-01
-2.06897e-01 -4.75862e+00       1.098e+11  3.004782e-01  2.642680e-01 -3.909663e-01  6.995218e-01
 2.06897e-01 -4.75862e+00       1.287e+11  4.524365e-01  2.028566e-01 -4.844564e-01  5.475635e-01
 6.20690e-01 -4.75862e+00       1.646e+11  6.058584e-01  1.389200e-01 -4.266344e-01  3.941416e-01
 1.03448e+00 -4.75862e+00       1.861e+11  6.590386e-01  7.885755e-02 -2.793405e-01  3.409614e-01
 1.44828e+00 -4.75862e+00       1.848e+11  6.250989e-01 -1.508394e-02 -1.755617e-01  3.749011e-01
 1.86207e+00 -4.75862e+00       2.049e+11  6.589253e-01 -5.355826e-02 -2.326971e-01  3.410747e-01
 2.27586e+00 -4.75862e+00       3.055e+11  8.148712e-01  1.434145e-02 -2.857120e-01  1.851288e-01
 2.68966e+00 -4.75862e+00       4.835e+11  9.214914e-01  4.612726e-02 -2.267425e-01  7.850856e-02
 3.10345e+00 -4.75862e+00       6.258e+11  9.591293e-01  4.327222e-02 -1.294717e-01  4.087071e-02
 3.51724e+00 -4.75862e+00       6.356e+11  9.475476e-01  3.990142e-02  5.721099e-03  5.245236e-02
 3.93103e+00 -4.75862e+00       5.538e+11  8.760760e-01  4.303412e-02  2.155395e-01  1.239240e-01
 4.34483e+00 -4.75862e+00       4.687e+11  7.535319e-01  3.737104e-02  4.652543e-01  2.464681e-01
 4.75862e+00 -4.75862e+00       4.340e+11  6.201152e-01  9.523748e-03  6.546536e-01  3.798848e-01
 5.17241e+00 -4.75862e+00       5.162e+11  4.476011e-01  1.904810e-04  7.873071e-01  5.523989e-01
 5.58621e+00 -4.75862e+00       8.137e+11  2.526949e-01  1.306239e-02  8.928443e-01  7.473051e-01
 6.00000e+00 -4.75862e+00       1.245e+12  1.182548e-01  1.295136e-02  9.489372e-01  8.817452e-01
-6.00000e+00 -4.34483e+00       8.859e+11  8.042138e-02 -1.803115e-02 -9.250972e-01  9.195786e-01
-5.58621e+00 -4.34483e+00       6.164e+11  2.112707e-01 -6.075867e-02 -8.896859e-01  7.887293e-01
-5.17241e+00 -4.34483e+00       4.375e+11  3.503639e-01 -7.554636e-02 -8.109651e-01  6.496361e-01
-4.75862e+00 -4.34483e+00       4.280e+11  5.688271e-01 -9.599596e-03 -6.175542e-01  4.311729e-01
-4.34483e+00 -4.34483e+00       5.166e+11  7.707701e-01  4.468870e-02 -3.905344e-01  2.292299e-01
-3.93103e+00 -4.34483e+00       5.464e+11  8.894401e-01  6.670688e-02 -2.132925e-01  1.105599e-01
-3.51724e+00 -4.34483e+00       4.773e+11  9.448113e-01  8.022000e-02 -9.537286e-02  5.518874e-02
-3.10345e+00 -4.34483e+00       3.892e+11  9.519567e-01  6.462221e-02 -6.074563e-02  4.804328e-02
-2.68966e+00 -4.34483e+00       3.171e+11  9.158960e-01  2.183213e-02 -9.786928e-02  8.410398e-02
-2.27586e+00 -4.34483e+00       2.332e+11  8.371550e-01  1.221503e-02 -1.295951e-01  1.628450e-01
-1.86207e+00 -4.34483e+00       1.443e+11  6.875261e-01 -3.021650e-02 -8.440080e-02  3.124739e-01
-1.44828e+00 -4.34483e+00       8.732e+10  4.552970e-01 -2.812925e-01  7.058248e-02  5.447030e-01
-1.03448e+00 -4.34483e+00       6.114e+10  2.825107e-01 -5.912922e-01  2.002825e-01  7.174893e-01
-6.20690e-01 -4.34483e+00       5.055e+10  2.725886e-01 -7.167754e-01  1.678943e-01  7.274114e-01
-2.06897e-01 -4.34483e+00       5.095e+10  3.537945e-01 -7.135340e-01  3.553737e-02  6.462055e-01
 2.06897e-01 -4.34483e+00       6.103e+10  4.778172e-01 -6.356011e-01 -1.501507e-01  5.221828e-01
 6.20690e-01 -4.34483e+00       8.461e+10  6.313619e-01 -5.109429e-01 -3.149976e-01  3.686381e-01
 1.03448e+00 -4.34483e+00       1.238e+11  7.568466e-01 -3.799884e-01 -3.332604e-01  2.431534e-01
 1.44828e+00 -4.34483e+00       1.710e+11  8.438737e-01 -2.274497e-01 -2.195499e-01  1.561263e-01
 1.86207e+00 -4.34483e+00       2.109e+11  8.792089e-01 -8.245455e-02 -8.404821e-02  1.207911e-01
 2.27586e+00 -4.34483e+00       2.301e+11  8.650664e-01 -5.024193e-03 -1.879491e-02  1.349336e-01
 2.68966e+00 -4.34483e+00       2.708e+11  8.791891e-01  2.671370e-02 -1.864024e-02  1.208109e-01
 3.10345e+00 -4.34483e+00       4.042e+11  9.388691e-01  4.645809e-02  1.601261e-02  6.113088e-02
 3.51724e+00 -4.34483e+00       5.713e+11  9.626087e-01  4.566663e-02  8.875780e-02  3.739127e-02
 3.93103e+00 -4.34483e+00       6.246e+11  9.339236e-01  3.936211e-02  1.894415e-01  6.607640e-02
 4.34483e+00 -4.34483e+00       5.523e+11  8.360388e-01  3.836073e-02  3.553982e-01  1.639612e-01
 4.75862e+00 -4.34483e+00       4.571e+11  6.744366e-01  3.182495e-02  5.719415e-01  3.255634e-01
 5.17241e+00 -4.34483e+00       4.173e+11  4.914236e-01  7.180571e-03  7.468766e-01  5.085764e-01
 5.58621e+00 -4.34483e+00       5.156e+11  2.671125e-01  1.443075e-03  8.598814e-01  7.328875e-01
 6.00000e+00 -4.34483e+00       8.201e+11  6.314472e-02  1.315805e-02  9.282567e-01  9.368553e-01
-6.00000e+00 -3.93103e+00       5.978e+11  3.662239e-02 -4.757821e-02 -9.058094e-01  9.633776e-01
-5.58621e+00 -3.93103e+00       4.213e+11  1.951768e-01 -7.686746e-02 -8.555241e-01  8.048232e-01
-5.17241e+00 -3.93103e+00       3.928e+11  4.402450e-01 -2.357997e-02 -7.031687e-01  5.597550e-01
-4.75862e+00 -3.93103e+00       4.698e+11  6.831772e-01  3.787404e-02 -5.072676e-01  3.168228e-01
-4.34483e+00 -3.93103e+00       5.020e+11  8.323526e-01  6.398906e-02 -3.547455e-01  1.676474e-01
-3.93103e+00 -3.93103e+00       4.386e+11  9.050148e-01  7.634972e-02 -2.618975e-01  9.498518e-02
-3.51724e+00 -3.93103e+00       3.512e+11  9.097340e-01  6.504373e-02 -2.487960e-01  9.026601e-02
-3.10345e+00 -3.93103e+00       2.684e+11  8.618345e-01  3.828252e-02 -2.724263e-01  1.381655e-01
-2.68966e+00 -3.93103e+00       1.801e+11  7.938273e-01  3.234410e-03 -2.156396e-01  2.061727e-01
-2.27586e+00 -3.93103e+00       1.148e+11  7.319078e-01 -1.163378e-01  2.915818e-02  2.680922e-01
-1.86207e+00 -3.93103e+00       9.336e+10  6.666822e-01 -2.419777e-01  3.679785e-01  3.333178e-01
-1.44828e+00 -3.93103e+00       9.899e+10  5.164216e-01 -2.159186e-01  5.826677e-01  4.835784e-01
-1.03448e+00 -3.93103e+00       1.154e+11  2.531861e-01 -1.579643e-01  6.689291e-01  7.468139e-01
-6.20690e-01 -3.93103e+00       1.368e+11 -7.351001e-02 -1.521584e-01  5.668588e-01  9.264900e-01
-2.06897e-01 -3.93103e+00       1.562e+11 -2.930455e-01 -1.560627e-01  1.952720e-01  7.069545e-01
 2.06897e-01 -3.93103e+00       1.777e+11 -1.467007e-01 -1.178823e-01 -2.804579e-01  8.532993e-01
 6.20690e-01 -3.93103e+00       2.094e+11  2.913565e-01 -8.055771e-02 -5.116252e-01  7.086435e-01
 1.03448e+00 -3.93103e+00       2.357e+11  6.434881e-01 -8.913750e-02 -5.010381e-01  3.565119e-01
 1.44828e+00 -3.93103e+00       2.280e+11  8.022349e-01 -1.231286e-01 -4.202156e-01  1.977651e-01
 1.86207e+00 -3.93103e+00       2.038e+11  8.673979e-01 -1.553767e-01 -2.573989e-01  1.326021e-01
 2.27586e+00 -3.93103e+00       2.089e+11  9.010577e-01 -1.274165e-01 -1.594988e-02  9.894232e-02
 2.68966e+00 -3.93103e+00       2.342e+11  8.979653e-01 -4.601875e-02  1.367523e-01  1.020347e-01
 3.10345e+00 -3.93103e+00       2.677e+11  8.941243e-01  2.320511e-02  1.756619e-01  1.058757e-01
 3.51724e+00 -3.93103e+00       3.674e+11  9.218272e-01  5.298453e-02  1.977894e-01  7.817277e-02
 3.93103e+00 -3.93103e+00       5.154e+11  9.303187e-01  5.003862e-02  2.532868e-01  6.968133e-02
 4.34483e+00 -3.93103e+00       5.714e+11  8.854560e-01  4.090010e-02  3.383391e-01  1.145440e-01
 4.75862e+00 -3.93103e+00       5.035e+11  7.611307e-01  3.660415e-02  4.830607e-01  2.388693e-01
 5.17241e+00 -3.93103e+00       4.116e+11  5.640353e-01  2.567233e-02  6.714322e-01  4.359647e-01
 5.58621e+00 -3.93103e+00       3.880e+11  3.284437e-01  2.264137e-03  8.172081e-01  6.715563e-01
 6.00000e+00 -3.93103e+00       5.218e+11  6.291717e-02  4.351791e-03  8.942421e-01  9.370828e-01
-6.00000e+00 -3.51724e+00       3.596e+11 -3.899810e-02 -2.812074e-02 -8.391960e-01  9.610019e-01
-5.58621e+00 -3.51724e+00       3.193e+11  2.558937e-01 -3.868120e-02 -7.402549e-01  7.441063e-01
-5.17241e+00 -3.51724e+00       3.923e+11  5.608601e-01  1.757864e-02 -5.889428e-01  4.391399e-01
-4.75862e+00 -3.51724e+00       4.453e+11  7.548522e-01  5.285196e-02 -4.573244e-01  2.451478e-01
-4.34483e+00 -3.51724e+00       4.037e+11  8.499359e-01  7.225159e-02 -3.757714e-01  1.500641e-01
-3.93103e+00 -3.51724e+00       3.197e+11  8.619966e-01  7.131005e-02 -3.613362e-01  1.380034e-01
-3.51724e+00 -3.51724e+00       2.386e+11  8.203279e-01  4.932273e-02 -3.673836e-01  1.796721e-01
-3.10345e+00 -3.51724e+00       1.734e+11  8.032675e-01  2.634184e-03 -2.427219e-01  1.967325e-01
-2.68966e+00 -3.51724e+00       1.936e+11  8.779884e-01 -6.235256e-02  9.795930e-02  1.220116e-01
-2.27586e+00 -3.51724e+00       4.165e+11  9.095033e-01 -6.060543e-02  3.156519e-01  9.049672e-02
-1.86207e+00 -3.51724e+00       8.651e+11  8.798416e-01 -5.050195e-02  4.155219e-01  1.201584e-01
-1.44828e+00 -3.51724e+00       1.229e+12  8.267910e-01 -3.361979e-02  4.958635e-01  1.732090e-01
-1.03448e+00 -3.51724e+00       1.134e+12  7.438195e-01  1.447783e-02  5.606216e-01  2.561805e-01
-6.20690e-01 -3.51724e+00       7.315e+11  6.072947e-01  1.237770e-01  5.395024e-01  3.927053e-01
-2.06897e-01 -3.51724e+00       4.460e+11  4.404812e-01  2.734631e-01  1.897367e-01  5.595188e-01
 2.06897e-01 -3.51724e+00       4.579e+11  4.683340e-01  2.259575e-01 -4.135807e-01  5.316660e-01
 6.20690e-01 -3.51724e+00       7.653e+11  6.398397e-01  5.332114e-02 -6.062531e-01  3.601603e-01
 1.03448e+00 -3.51724e+00       1.207e+12  7.629316e-01 -3.593426e-02 -5.641978e-01  2.370684e-01
 1.44828e+00 -3.51724e+00       1.368e+12  8.393016e-01 -6.159594e-02 -4.795444e-01  1.606984e-01
 1.86207e+00 -3.51724e+00       1.046e+12  8.922448e-01 -6.191528e-02 -3.784702e-01  1.077552e-01
 2.27586e+00 -3.51724e+00       5.885e+11  9.305972e-01 -6.449068e-02 -2.404698e-01  6.940279e-02
 2.68966e+00 -3.51724e+00       3.253e+11  9.375944e-01 -7.724043e-02 -2.433179e-02  6.240561e-02
 3.10345e+00 -3.51724e+00       2.506e+11  9.001268e-01 -4.559292e-02  2.047672e-01  9.987317e-02
 3.51724e+00 -3.51724e+00       2.632e+11  8.774945e-01  2.299648e-02  2.973832e-01  1.225055e-01
 3.93103e+00 -3.51724e+00       3.497e+11  8.921881e-01  5.713222e-02  3.246240e-01  1.078119e-01
 4.34483e+00 -3.51724e+00       4.692e+11  8.873296e-01  5.131925e-02  3.695366e-01  1.126704e-01
 4.75862e+00 -3.51724e+00       4.959e+11  8.190866e-01  3.797065e-02  4.492749e-01  1.809134e-01
 5.17241e+00 -3.51724e+00       4.294e+11  6.533888e-01  2.717906e-02  5.962731e-01  3.466112e-01
 5.58621e+00 -3.51724e+00       3.742e+11  4.241709e-01  9.868285e-03  7.667877e-01  5.758291e-01
 6.00000e+00 -3.51724e+00       4.132e+11  1.526931e-01 -2.469850e-03  8.644086e-01  8.473069e-01
-6.00000e+00 -3.10345e+00       2.764e+11  5.662679e-02 -1.257843e-02 -7.790726e-01  9.433732e-01
-5.58621e+00 -3.10345e+00       3.183e+11  4.043036e-01  2.346368e-02 -6.638930e-01  5.956964e-01
-5.17241e+00 -3.10345e+00       3.827e+11  6.467391e-01  5.638168e-02 -5.389367e-01  3.532609e-01
-4.75862e+00 -3.10345e+00       3.688e+11  7.843213e-01  6.843975e-02 -4.499928e-01  2.156787e-01
-4.34483e+00 -3.10345e+00       2.978e+11  8.252893e-01  7.425799e-02 -4.235731e-01  1.747107e-01
-3.93103e+00 -3.10345e+00       2.260e+11  7.985181e-01  6.313560e-02 -4.208836e-01  2.014819e-01
-3.51724e+00 -3.10345e+00       2.057e+11  8.348009e-01  2.055774e-02 -2.681937e-01  1.651991e-01
-3.10345e+00 -3.10345e+00       3.982e+11  9.551001e-01 -1.076969e-02 -2.604227e-02  4.489986e-02
-2.68966e+00 -3.10345e+00       9.865e+11  9.879862e-01 -4.845470e-03  5.571733e-02  1.201375e-02
-2.27586e+00 -3.10345e+00       1.644e+12  9.885224e-01  5.109532e-03  9.319284e-02  1.147764e-02
-1.86207e+00 -3.10345e+00       1.613e+12  9.815117e-01  2.061704e-02  1.267295e-01  1.848828e-02
-1.44828e+00 -3.10345e+00       9.685e+11  9.653091e-01  5.108384e-02  1.621940e-01  3.469088e-02
-1.03448e+00 -3.10345e+00       4.683e+11  9.381291e-01  1.031935e-01  1.777304e-01  6.187092e-02
-6.20690e-01 -3.10345e+00       3.098e+11  9.289140e-01  1.169390e-01  1.232740e-01  7.108595e-02
-2.06897e-01 -3.10345e+00       2.770e+11  9.358136e-01  7.527565e-02  7.180348e-02  6.418637e-02
 2.06897e-01 -3.10345e+00       2.556e+11  9.315623e-01  5.383727e-02  4.557372e-02  6.843773e-02
 6.20690e-01 -3.10345e+00       2.726e+11  9.284714e-01  4.423832e-02 -2.773523e-02  7.152861e-02
 1.03448e+00 -3.10345e+00       4.781e+11  9.552969e-01  2.412097e-03 -1.148113e-01  4.470311e-02
 1.44828e+00 -3.10345e+00       1.052e+12  9.782685e-01 -2.139742e-02 -1.276854e-01  2.173154e-02
 1.86207e+00 -3.10345e+00       1.749e+12  9.869190e-01 -2.904463e-02 -1.120641e-01  1.308103e-02
 2.27586e+00 -3.10345e+00       1.825e+12  9.900010e-01 -3.346313e-02 -8.589016e-02  9.998955e-03
 2.68966e+00 -3.10345e+00       1.177e+12  9.885641e-01 -3.865375e-02 -4.194516e-02  1.143586e-02
 3.10345e+00 -3.10345e+00       5.457e+11  9.690023e-01 -4.698520e-02  5.766745e-02  3.099774e-02
 3.51724e+00 -3.10345e+00       2.884e+11  9.045886e-01 -2.879341e-02  2.502837e-01  9.541140e-02
 3.93103e+00 -3.10345e+00       2.605e+11  8.601909e-01  3.403275e-02  3.713837e-01  1.398091e-01
 4.34483e+00 -3.10345e+00       3.378e+11  8.636510e-01  6.044214e-02  4.061873e-01  1.363490e-01
 4.75862e+00 -3.10345e+00       4.272e+11  8.345861e-01  5.090592e-02  4.559148e-01  1.654139e-01
 5.17241e+00 -3.10345e+00       4.296e+11  7.265213e-01  4.060938e-02  5.498966e-01  2.734787e-01
 5.58621e+00 -3.10345e+00       3.661e+11  5.293159e-01  3.307366e-02  6.922813e-01  4.706841e-01
 6.00000e+00 -3.10345e+00       3.273e+11  2.616430e-01  1.655604e-02  8.155859e-01  7.383570e-01
-6.00000e+00 -2.68966e+00       2.396e+11  2.356421e-01 -2.658548e-02 -6.880206e-01  7.643579e-01
-5.58621e+00 -2.68966e+00       3.100e+11  5.270160e-01  4.566348e-02 -5.942636e-01  4.729840e-01
-5.17241e+00 -2.68966e+00       3.325e+11  7.085188e-01  7.036736e-02 -4.992324e-01  2.914812e-01
-4.75862e+00 -2.68966e+00       2.835e+11  7.937192e-01  7.317665e-02 -4.515263e-01  2.062808e-01
-4.34483e+00 -2.68966e+00       2.210e+11  7.932693e-01  6.924183e-02 -4.460611e-01  2.067307e-01
-3.93103e+00 -2.68966e+00       2.219e+11  8.362276e-01  3.785548e-02 -3.332692e-01  1.637724e-01
-3.51724e+00 -2.68966e+00       4.847e+11  9.538052e-01  8.821675e-03 -1.584583e-01  4.619482e-02
-3.10345e+00 -2.68966e+00       1.186e+12  9.877795e-01  9.217335e-03 -1.057782e-01  1.222054e-02
-2.68966e+00 -2.68966e+00       1.830e+12  9.933782e-01  1.450717e-02 -8.421056e-02  6.621758e-03
-2.27586e+00 -2.68966e+00       1.653e+12  9.940464e-01  2.438121e-02 -6.560238e-02  5.953609e-03
-1.86207e+00 -2.68966e+00       1.056e+12  9.915640e-01  4.547046e-02 -4.947621e-02  8.435962e-03
-1.44828e+00 -2.68966e+00       9.046e+11  9.886468e-01  6.845792e-02 -4.946759e-02  1.135324e-02
-1.03448e+00 -2.68966e+00       1.280e+12  9.906740e-01  6.404330e-02 -5.208970e-02  9.326012e-03
-6.20690e-01 -2.68966e+00       1.740e+12  9.932410e-01  4.631060e-02 -3.612373e-02  6.759032e-03
-2.06897e-01 -2.68966e+00       1.931e+12  9.941896e-01  3.037943e-02  1.070374e-03  5.810414e-03
 2.06897e-01 -2.68966e+00       1.791e+12  9.921350e-01  2.665670e-02  5.270619e-02  7.864979e-03
 6.20690e-01 -2.68966e+00       1.372e+12  9.860846e-01  3.646884e-02  1.048193e-01  1.391543e-02
 1.03448e+00 -2.68966e+00       8.397e+11  9.756030e-01  4.807038e-02  1.459497e-01  2.439703e-02
 1.44828e+00 -2.68966e+00       5.680e+11  9.699026e-01  2.550031e-02  1.396816e-01  3.009744e-02
 1.86207e+00 -2.68966e+00       8.951e+11  9.850251e-01 -1.523844e-02  8.965083e-02  1.497488e-02
 2.27586e+00 -2.68966e+00       1.657e+12  9.924083e-01 -2.353873e-02  8.030271e-02  7.591716e-03
 2.68966e+00 -2.68966e+00       1.955e+12  9.930062e-01 -2.607935e-02  8.756337e-02  6.993824e-03
 3.10345e+00 -2.68966e+00       1.356e+12  9.885011e-01 -2.992956e-02  1.076644e-01  1.149886e-02
 3.51724e+00 -2.68966e+00       6.187e+11  9.653777e-01 -3.400472e-02  1.682439e-01  3.462225e-02
 3.93103e+00 -2.68966e+00       2.927e+11  8.948632e-01 -9.189974e-03  3.140600e-01  1.051368e-01
 4.34483e+00 -2.68966e+00       2.564e+11  8.482726e-01  4.809554e-02  4.183947e-01  1.517274e-01
 4.75862e+00 -2.68966e+00       3.292e+11  8.381091e-01  5.971428e-02  4.574216e-01  1.618909e-01
 5.17241e+00 -2.68966e+00       3.820e+11  7.769148e-01  4.880515e-02  5.169048e-01  2.230852e-01
 5.58621e+00 -2.68966e+00       3.478e+11  6.292373e-01  3.813013e-02  6.225363e-01  3.707627e-01
 6.00000e+00 -2.68966e+00       2.808e+11  4.081634e-01  2.076781e-02  7.491890e-01  5.918366e-01
-6.00000e+00 -2.27586e+00       2.358e+11  3.703747e-01 -2.650610e-02 -6.348228e-01  6.296253e-01
-5.58621e+00 -2.27586e+00       2.751e+11  6.279642e-01  5.025911e-02 -5.194593e-01  3.720358e-01
-5.17241e+00 -2.27586e+00       2.644e+11  7.685437e-01  5.972504e-02 -4.519611e-01  2.314563e-01
-4.75862e+00 -2.27586e+00       2.153e+11  8.033404e-01  6.322410e-02 -4.418583e-01  1.966596e-01
-4.34483e+00 -2.27586e+00       2.021e+11  8.227987e-01  5.237679e-02 -3.892041e-01  1.772013e-01
-3.93103e+00 -2.27586e+00       4.060e+11  9.298436e-01  2.051844e-02 -2.455439e-01  7.015641e-02
-3.51724e+00 -2.27586e+00       1.049e+12  9.735648e-01  1.424699e-02 -1.938111e-01  2.643524e-02
-3.10345e+00 -2.27586e+00       1.763e+12  9.818820e-01  1.602703e-02 -1.781160e-01  1.811797e-02
-2.68966e+00 -2.27586e+00       1.762e+12  9.839932e-01  2.175039e-02 -1.676931e-01  1.600676e-02
-2.27586e+00 -2.27586e+00       1.381e+12  9.834592e-01  3.366535e-02 -1.622461e-01  1.654084e-02
-1.86207e+00 -2.27586e+00       1.718e+12  9.839820e-01  3.422489e-02 -1.537640e-01  1.601798e-02
-1.44828e+00 -2.27586e+00       3.739e+12  9.897053e-01  2.195075e-02 -1.208056e-01  1.029469e-02
-1.03448e+00 -2.27586e+00       8.871e+12  9.944593e-01  1.299590e-02 -8.507062e-02  5.540713e-03
-6.20690e-01 -2.27586e+00       1.698e+13  9.969167e-01  5.883068e-03 -5.352278e-02  3.083291e-03
-2.06897e-01 -2.27586e+00       2.352e+13  9.980559e-01 -3.996276e-05 -2.079730e-02  1.944071e-03
 2.06897e-01 -2.27586e+00       2.311e+13  9.980807e-01 -4.262476e-03  1.396397e-02  1.919257e-03
 6.20690e-01 -2.27586e+00       1.599e+13  9.968227e-01 -6.742918e-03  4.946779e-02  3.177333e-03
 1.03448e+00 -2.27586e+00       7.769e+12  9.935749e-01 -7.470470e-03  8.782783e-02  6.425134e-03
 1.44828e+00 -2.27586e+00       2.803e+12  9.857867e-01 -5.129531e-03  1.384378e-01  1.421329e-02
 1.86207e+00 -2.27586e+00       1.042e+12  9.725202e-01 -1.998779e-03  1.963158e-01  2.747983e-02
 2.27586e+00 -2.27586e+00       1.009e+12  9.751313e-01 -1.455084e-02  1.891309e-01  2.486867e-02
 2.68966e+00 -2.27586e+00       1.663e+12  9.815674e-01 -2.113384e-02  1.741412e-01  1.843256e-02
 3.10345e+00 -2.27586e+00       1.846e+12  9.821040e-01 -2.345764e-02  1.754342e-01  1.789601e-02
 3.51724e+00 -2.27586e+00       1.190e+12  9.765700e-01 -2.661110e-02  1.896459e-01  2.343002e-02
 3.93103e+00 -2.27586e+00       5.114e+11  9.484276e-01 -2.497684e-02  2.444949e-01  5.157239e-02
 4.34483e+00 -2.27586e+00       2.544e+11  8.799384e-01  1.439896e-02  3.666070e-01  1.200616e-01
 4.75862e+00 -2.27586e+00       2.498e+11  8.497756e-01  5.499174e-02  4.365761e-01  1.502244e-01
 5.17241e+00 -2.27586e+00       3.050e+11  8.204657e-01  5.116036e-02  4.764790e-01  1.795343e-01
 5.58621e+00 -2.27586e+00       3.025e+11  7.149954e-01  3.696375e-02  5.486573e-01  2.850046e-01
 6.00000e+00 -2.27586e+00       2.396e+11  5.028565e-01  1.093485e-02  6.664588e-01  4.971435e-01
-6.00000e+00 -1.86207e+00       1.907e+11  5.712081e-01 -2.821207e-03 -5.303938e-01  4.287919e-01
-5.58621e+00 -1.86207e+00       2.337e+11  7.628075e-01  9.589224e-03 -4.550668e-01  2.371925e-01
-5.17241e+00 -1.86207e+00       2.197e+11  8.232391e-01  3.946182e-02 -4.327622e-01  1.767609e-01
-4.75862e+00 -1.86207e+00       1.842e+11  8.294311e-01  6.368400e-02 -4.098764e-01  1.705689e-01
-4.34483e+00 -1.86207e+00       2.718e+11  8.993336e-01  3.569373e-02 -3.016960e-01  1.006664e-01
-3.93103e+00 -1.86207e+00       7.347e+11  9.603186e-01  1.715100e-02 -2.338200e-01  3.968144e-02
-3.51724e+00 -1.86207e+00       1.496e+12  9.735450e-01  1.568622e-02 -2.176579e-01  2.645501e-02
-3.10345e+00 -1.86207e+00       1.824e+12  9.763317e-01  1.806359e-02 -2.108262e-01  2.366825e-02
-2.68966e+00 -1.86207e+00       1.750e+12  9.768755e-01  2.350585e-02 -2.059462e-01  2.312449e-02
-2.27586e+00 -1.86207e+00       3.217e+12  9.795564e-01  1.841898e-02 -1.924865e-01  2.044358e-02
-1.86207e+00 -1.86207e+00       9.953e+12  9.838172e-01  6.968349e-03 -1.724982e-01  1.618276e-02
-1.44828e+00 -1.86207e+00       2.530e+13  9.874207e-01 -1.562658e-03 -1.506959e-01  1.257931e-02
-1.03448e+00 -1.86207e+00       4.533e+13  9.909740e-01 -7.811570e-03 -1.224436e-01  9.026015e-03
-6.20690e-01 -1.86207e+00       6.006e+13  9.944602e-01 -1.165247e-02 -8.368670e-02  5.539834e-03
-2.06897e-01 -1.86207e+00       6.584e+13  9.969756e-01 -1.323598e-02 -3.326728e-02  3.024378e-03
 2.06897e-01 -1.86207e+00       6.599e+13  9.973196e-01 -1.398443e-02  2.230047e-02  2.680379e-03
 6.20690e-01 -1.86207e+00       6.001e+13  9.954505e-01 -1.547613e-02  7.142682e-02  4.549532e-03
 1.03448e+00 -1.86207e+00       4.440e+13  9.924373e-01 -1.779474e-02  1.092191e-01  7.562693e-03
 1.44828e+00 -1.86207e+00       2.371e+13  9.889920e-01 -2.015891e-02  1.382657e-01  1.100803e-02
 1.86207e+00 -1.86207e+00       8.517e+12  9.847101e-01 -2.159954e-02  1.642037e-01  1.528987e-02
 2.27586e+00 -1.86207e+00       2.309e+12  9.773633e-01 -2.026655e-02  1.960549e-01  2.263668e-02
 2.68966e+00 -1.86207e+00       1.309e+12  9.730662e-01 -1.726786e-02  2.145340e-01  2.693379e-02
 3.10345e+00 -1.86207e+00       1.713e+12  9.759546e-01 -1.823854e-02  2.086054e-01  2.404539e-02
 3.51724e+00 -1.86207e+00       1.570e+12  9.754812e-01 -2.025468e-02  2.103020e-01  2.451883e-02
 3.93103e+00 -1.86207e+00       8.463e+11  9.669236e-01 -2.202758e-02  2.273929e-01  3.307637e-02
 4.34483e+00 -1.86207e+00       3.451e+11  9.296232e-01 -6.939394e-03  2.931579e-01  7.037682e-02
 4.75862e+00 -1.86207e+00       2.213e+11  8.798907e-01  4.261042e-02  3.856339e-01  1.201093e-01
 5.17241e+00 -1.86207e+00       2.440e+11  8.672445e-01  4.994790e-02  4.188600e-01  1.327555e-01
 5.58621e+00 -1.86207e+00       2.490e+11  8.201295e-01  3.686396e-02  4.541864e-01  1.798705e-01
 6.00000e+00 -1.86207e+00       1.947e+11  6.593740e-01  3.073607e-02  5.323657e-01  3.406260e-01
-6.00000e+00 -1.44828e+00       1.995e+11  6.850967e-01  3.727394e-02 -4.842262e-01  3.149033e-01
-5.58621e+00 -1.44828e+00       2.179e+11  8.004691e-01  8.757659e-02 -4.109617e-01  1.995309e-01
-5.17241e+00 -1.44828e+00       1.791e+11  8.500690e-01  8.899624e-02 -3.633230e-01  1.499310e-01
-4.75862e+00 -1.44828e+00       1.754e+11  8.819811e-01  5.109062e-02 -3.209568e-01  1.180189e-01
-4.34483e+00 -1.44828e+00       4.045e+11  9.483406e-01  2.015240e-02 -2.441480e-01  5.165943e-02
-3.93103e+00 -1.44828e+00       1.038e+12  9.716760e-01  1.511690e-02 -2.182912e-01  2.832405e-02
-3.51724e+00 -1.44828e+00       1.669e+12  9.761394e-01  1.484323e-02 -2.118638e-01  2.386064e-02
-3.10345e+00 -1.44828e+00       1.845e+12  9.768592e-01  1.631180e-02 -2.095004e-01  2.314077e-02
-2.68966e+00 -1.44828e+00       3.056e+12  9.779551e-01  1.264631e-02 -2.039206e-01  2.204489e-02
-2.27586e+00 -1.44828e+00       9.087e+12  9.804363e-01  3.337167e-03 -1.931929e-01  1.956373e-02
-1.86207e+00 -1.44828e+00       2.198e+13  9.828068e-01 -3.838045e-03 -1.811523e-01  1.719318e-02
-1.44828e+00 -1.44828e+00       3.414e+13  9.853613e-01 -9.057845e-03 -1.660233e-01  1.463867e-02
-1.03448e+00 -1.44828e+00       3.402e+13  9.883096e-01 -1.218206e-02 -1.457412e-01  1.169045e-02
-6.20690e-01 -1.44828e+00       2.351e+13  9.917364e-01 -1.212631e-02 -1.147413e-01  8.263572e-03
-2.06897e-01 -1.44828e+00       1.468e+13  9.952853e-01 -6.268485e-03 -5.067873e-02  4.714695e-03
 2.06897e-01 -1.44828e+00       1.510e+13  9.956884e-01  4.401749e-04  4.934228e-02  4.311568e-03
 6.20690e-01 -1.44828e+00       2.468e+13  9.929180e-01 -2.400599e-03  1.070047e-01  7.082028e-03
 1.03448e+00 -1.44828e+00       3.526e+13  9.900784e-01 -8.123892e-03  1.343820e-01  9.921589e-03
 1.44828e+00 -1.44828e+00       3.427e+13  9.874987e-01 -1.346915e-02  1.529499e-01  1.250126e-02
 1.86207e+00 -1.44828e+00       2.088e+13  9.850171e-01 -1.792852e-02  1.680493e-01  1.498291e-02
 2.27586e+00 -1.44828e+00       7.808e+12  9.821313e-01 -2.113042e-02  1.826384e-01  1.786873e-02
 2.68966e+00 -1.44828e+00       2.248e+12  9.777314e-01 -2.093169e-02  2.004195e-01  2.226860e-02
 3.10345e+00 -1.44828e+00       1.508e+12  9.768385e-01 -1.615363e-02  2.048120e-01  2.316145e-02
 3.51724e+00 -1.44828e+00       1.633e+12  9.781210e-01 -1.591017e-02  2.014224e-01  2.187903e-02
 3.93103e+00 -1.44828e+00       1.125e+12  9.758951e-01 -1.727043e-02  2.061559e-01  2.410493e-02
 4.34483e+00 -1.44828e+00       4.863e+11  9.614029e-01 -1.376897e-02  2.342844e-01  3.859708e-02
 4.75862e+00 -1.44828e+00       2.251e+11  9.195229e-01  2.228342e-02  3.149152e-01  8.047708e-02
 5.17241e+00 -1.44828e+00       2.225e+11  8.926536e-01  5.746776e-02  3.734574e-01  1.073464e-01
 5.58621e+00 -1.44828e+00       2.519e+11  8.579888e-01  5.028034e-02  4.136058e-01  1.420112e-01
 6.00000e+00 -1.44828e+00       2.153e+11  7.674295e-01  3.139467e-02  4.916054e-01  2.325705e-01
-6.00000e+00 -1.03448e+00       1.555e+11  8.621557e-01 -2.367322e-02 -3.141973e-01  1.378443e-01
-5.58621e+00 -1.03448e+00       1.773e+11  9.098537e-01 -9.724616e-03 -3.026768e-01  9.014630e-02
-5.17241e+00 -1.03448e+00       1.582e+11  9.190975e-01  2.141117e-02 -2.969603e-01  8.090250e-02
-4.75862e+00 -1.03448e+00       2.052e+11  9.417169e-01  3.017013e-02 -2.411280e-01  5.828308e-02
-4.34483e+00 -1.03448e+00       5.471e+11  9.734002e-01  1.665506e-02 -1.919441e-01  2.659982e-02
-3.93103e+00 -1.03448e+00       1.230e+12  9.817322e-01  1.335304e-02 -1.810652e-01  1.826776e-02
-3.51724e+00 -1.03448e+00       1.717e+12  9.831072e-01  1.280435e-02 -1.792119e-01  1.689278e-02
-3.10345e+00 -1.03448e+00       2.218e+12  9.831582e-01  1.038438e-02 -1.790678e-01  1.684179e-02
-2.68966e+00 -1.03448e+00       5.432e+12  9.842363e-01  2.884966e-03 -1.739620e-01  1.576371e-02
-2.27586e+00 -1.03448e+00       1.425e+13  9.855380e-01 -3.303831e-03 -1.672075e-01  1.446203e-02
-1.86207e+00 -1.03448e+00       2.417e+13  9.867943e-01 -7.859930e-03 -1.596656e-01  1.320573e-02
-1.44828e+00 -1.03448e+00       2.436e+13  9.881884e-01 -1.128721e-02 -1.503734e-01  1.181156e-02
-1.03448e+00 -1.03448e+00       1.485e+13  9.899192e-01 -1.349971e-02 -1.369087e-01  1.008076e-02
-6.20690e-01 -1.03448e+00       6.382e+12  9.928132e-01 -1.373019e-02 -1.059635e-01  7.186776e-03
-2.06897e-01 -1.03448e+00       3.327e+12  9.969755e-01 -1.074092e-02 -3.639379e-02  3.024474e-03
 2.06897e-01 -1.03448e+00       3.412e+12  9.969930e-01 -4.879910e-03  3.957707e-02  3.007045e-03
 6.20690e-01 -1.03448e+00       6.836e+12  9.935374e-01 -1.177650e-04  1.017397e-01  6.462612e-03
 1.03448e+00 -1.03448e+00       1.592e+13  9.913960e-01 -2.801304e-03  1.269170e-01  8.604029e-03
 1.44828e+00 -1.03448e+00       2.543e+13  9.900740e-01 -7.603704e-03  1.379045e-01  9.926029e-03
 1.86207e+00 -1.03448e+00       2.411e+13  9.888914e-01 -1.212126e-02  1.460995e-01  1.110861e-02
 2.27586e+00 -1.03448e+00       1.319e+13  9.876364e-01 -1.589412e-02  1.537628e-01  1.236364e-02
 2.68966e+00 -1.03448e+00       4.408e+12  9.859273e-01 -1.829800e-02  1.624332e-01  1.407268e-02
 3.10345e+00 -1.03448e+00       1.669e+12  9.843760e-01 -1.570871e-02  1.687492e-01  1.562404e-02
 3.51724e+00 -1.03448e+00       1.557e+12  9.853302e-01 -1.260554e-02  1.649719e-01  1.466975e-02
 3.93103e+00 -1.03448e+00       1.271e+12  9.850948e-01 -1.283567e-02  1.652006e-01  1.490524e-02
 4.34483e+00 -1.03448e+00       6.276e+11  9.803068e-01 -1.128919e-02  1.769770e-01  1.969321e-02
 4.75862e+00 -1.03448e+00       2.548e+11  9.625585e-01  6.088832e-03  2.190641e-01  3.744150e-02
 5.17241e+00 -1.03448e+00       1.791e+11  9.466878e-01  2.781020e-02  2.632787e-01  5.331225e-02
 5.58621e+00 -1.03448e+00       1.889e+11  9.378431e-01  2.322036e-02  2.837485e-01  6.215685e-02
 6.00000e+00 -1.03448e+00       1.673e+11  9.007171e-01  2.439510e-02  3.186728e-01  9.928291e-02
-6.00000e+00 -6.20690e-01       1.451e+11  9.313795e-01  3.654131e-02 -1.940698e-01  6.862046e-02
-5.58621e+00 -6.20690e-01       1.507e+11  9.604326e-01  2.015407e-02 -1.651081e-01  3.956740e-02
-5.17241e+00 -6.20690e-01       1.341e+11  9.656851e-01  7.645978e-03 -1.725948e-01  3.431487e-02
-4.75862e+00 -6.20690e-01       2.280e+11  9.783897e-01  8.475936e-03 -1.498277e-01  2.161026e-02
-4.34483e+00 -6.20690e-01       6.501e+11  9.892020e-01  9.147969e-03 -1.281067e-01  1.079805e-02
-3.93103e+00 -6.20690e-01       1.324e+12  9.916081e-01  8.758458e-03 -1.237167e-01  8.391887e-03
-3.51724e+00 -6.20690e-01       1.758e+12  9.917885e-01  7.430890e-03 -1.244375e-01  8.211477e-03
-3.10345e+00 -6.20690e-01       2.767e+12  9.918523e-01  2.605116e-03 -1.243846e-01  8.147734e-03
-2.68966e+00 -6.20690e-01       7.389e+12  9.925344e-01 -2.573193e-03 -1.198834e-01  7.465637e-03
-2.27586e+00 -6.20690e-01       1.623e+13  9.931081e-01 -5.740131e-03 -1.154395e-01  6.891921e-03
-1.86207e+00 -6.20690e-01       2.151e+13  9.936473e-01 -8.047035e-03 -1.106224e-01  6.352716e-03
-1.44828e+00 -6.20690e-01       1.672e+13  9.943267e-01 -9.557165e-03 -1.036560e-01  5.673306e-03
-1.03448e+00 -6.20690e-01       8.635e+12  9.956142e-01 -9.072481e-03 -8.708820e-02  4.385786e-03
-6.20690e-01 -6.20690e-01       4.856e+12  9.980118e-01 -4.242921e-03 -4.732371e-02  1.988168e-03
-2.06897e-01 -6.20690e-01       4.391e+12  9.994165e-01 -4.501180e-04 -1.086379e-02  5.835075e-04
 2.06897e-01 -6.20690e-01       4.511e+12  9.994157e-01 -4.307732e-04  1.365526e-02  5.842799e-04
 6.20690e-01 -6.20690e-01       5.231e+12  9.982369e-01 -1.404060e-03  4.611178e-02  1.763147e-03
 1.03448e+00 -6.20690e-01       9.443e+12  9.964501e-01 -2.817710e-03  7.881069e-02  3.549854e-03
 1.44828e+00 -6.20690e-01       1.790e+13  9.955553e-01 -5.493911e-03  9.178134e-02  4.444680e-03
 1.86207e+00 -6.20690e-01       2.209e+13  9.950786e-01 -8.356659e-03  9.713342e-02  4.921354e-03
 2.27586e+00 -6.20690e-01       1.562e+13  9.946587e-01 -1.084534e-02  1.010651e-01  5.341296e-03
 2.68966e+00 -6.20690e-01       6.365e+12  9.941362e-01 -1.266139e-02  1.050796e-01  5.863816e-03
 3.10345e+00 -6.20690e-01       2.089e+12  9.935428e-01 -1.215294e-02  1.080618e-01  6.457176e-03
 3.51724e+00 -6.20690e-01       1.507e+12  9.939491e-01 -9.011973e-03  1.045115e-01  6.050905e-03
 3.93103e+00 -6.20690e-01       1.326e+12  9.941465e-01 -8.219034e-03  1.032637e-01  5.853473e-03
 4.34483e+00 -6.20690e-01       7.237e+11  9.929803e-01 -7.246094e-03  1.077487e-01  7.019681e-03
 4.75862e+00 -6.20690e-01       2.806e+11  9.875917e-01 -5.363904e-05  1.270506e-01  1.240832e-02
 5.17241e+00 -6.20690e-01       1.671e+11  9.796814e-01  1.858023e-02  1.589752e-01  2.031856e-02
 5.58621e+00 -6.20690e-01       1.871e+11  9.749922e-01  2.666428e-02  1.760744e-01  2.500778e-02
 6.00000e+00 -6.20690e-01       1.721e+11  9.583546e-01  2.539949e-02  2.011158e-01  4.164540e-02
-6.00000e+00 -2.06897e-01       1.480e+11  9.881640e-01  1.499948e-02 -8.368470e-02  1.183605e-02
-5.58621e+00 -2.06897e-01       1.493e+11  9.932988e-01  1.065890e-02 -6.704750e-02  6.701189e-03
-5.17241e+00 -2.06897e-01       1.313e+11  9.942436e-01  9.929082e-04 -6.622515e-02  5.756427e-03
-4.75862e+00 -2.06897e-01       2.448e+11  9.963295e-01  7.149929e-05 -5.899746e-02  3.670485e-03
-4.34483e+00 -2.06897e-01       7.026e+11  9.980002e-01  3.194797e-03 -5.264836e-02  1.999756e-03
-3.93103e+00 -2.06897e-01       1.364e+12  9.983216e-01  3.843906e-03 -5.201168e-02  1.678380e-03
-3.51724e+00 -2.06897e-01       1.800e+12  9.982266e-01  1.710703e-03 -5.409692e-02  1.773407e-03
-3.10345e+00 -2.06897e-01       3.142e+12  9.983524e-01 -3.331615e-03 -5.311608e-02  1.647574e-03
-2.68966e+00 -2.06897e-01       8.335e+12  9.986596e-01 -5.465950e-03 -4.887186e-02  1.340360e-03
-2.27586e+00 -2.06897e-01       1.656e+13  9.988233e-01 -5.944334e-03 -4.601310e-02  1.176701e-03
-1.86207e+00 -2.06897e-01       1.945e+13  9.989413e-01 -6.108414e-03 -4.349899e-02  1.058709e-03
-1.44828e+00 -2.06897e-01       1.349e+13  9.990801e-01 -5.910169e-03 -4.005693e-02  9.198580e-04
-1.03448e+00 -2.06897e-01       6.655e+12  9.993319e-01 -4.555042e-03 -3.240321e-02  6.680874e-04
-6.20690e-01 -2.06897e-01       3.923e+12  9.996897e-01 -1.656223e-03 -1.801462e-02  3.102594e-04
-2.06897e-01 -2.06897e-01       3.465e+12  9.998585e-01 -3.373959e-04 -5.136405e-03  1.415086e-04
 2.06897e-01 -2.06897e-01       3.632e+12  9.998704e-01 -1.101878e-03  5.233456e-03  1.295531e-04
 6.20690e-01 -2.06897e-01       4.374e+12  9.997803e-01 -2.817093e-03  1.510170e-02  2.197249e-04
 1.03448e+00 -2.06897e-01       7.436e+12  9.996047e-01 -4.580533e-03  2.449711e-02  3.952836e-04
 1.44828e+00 -2.06897e-01       1.466e+13  9.994914e-01 -5.660492e-03  2.893344e-02  5.086048e-04
 1.86207e+00 -2.06897e-01       2.028e+13  9.994370e-01 -6.291475e-03  3.055420e-02  5.630053e-04
 2.27586e+00 -2.06897e-01       1.623e+13  9.993937e-01 -6.648383e-03  3.153165e-02  6.062922e-04
 2.68966e+00 -2.06897e-01       7.370e+12  9.993296e-01 -6.679614e-03  3.244844e-02  6.704223e-04
 3.10345e+00 -2.06897e-01       2.405e+12  9.992259e-01 -6.038339e-03  3.241904e-02  7.741045e-04
 3.51724e+00 -2.06897e-01       1.492e+12  9.993049e-01 -4.636995e-03  2.905901e-02  6.950987e-04
 3.93103e+00 -2.06897e-01       1.334e+12  9.994012e-01 -3.661894e-03  2.797261e-02  5.988312e-04
 4.34483e+00 -2.06897e-01       7.674e+11  9.992938e-01 -2.318061e-03  2.894038e-02  7.062171e-04
 4.75862e+00 -2.06897e-01       3.009e+11  9.986892e-01  1.427118e-03  3.250156e-02  1.310799e-03
 5.17241e+00 -2.06897e-01       1.730e+11  9.979222e-01  8.504038e-03  3.859064e-02  2.077773e-03
 5.58621e+00 -2.06897e-01       1.913e+11  9.976869e-01  1.005468e-02  4.589801e-02  2.313056e-03
 6.00000e+00 -2.06897e-01       1.743e+11  9.961743e-01  8.096583e-03  5.749259e-02  3.825703e-03
-6.00000e+00  2.06897e-01       1.475e+11  9.921102e-01 -2.998957e-02  5.823916e-02  7.889783e-03
-5.58621e+00  2.06897e-01       1.487e+11  9.952898e-01 -2.984597e-02  4.434552e-02  4.710209e-03
-5.17241e+00  2.06897e-01       1.308e+11  9.965998e-01 -2.590645e-02  3.944579e-02  3.400224e-03
-4.75862e+00  2.06897e-01       2.448e+11  9.983716e-01 -1.125435e-02  3.186548e-02  1.628397e-03
-4.34483e+00  2.06897e-01       7.043e+11  9.992242e-01 -3.289156e-03  2.737716e-02  7.757998e-04
-3.93103e+00  2.06897e-01       1.368e+12  9.993775e-01 -1.510292e-03  2.546950e-02  6.224571e-04
-3.51724e+00  2.06897e-01       1.808e+12  9.994171e-01 -3.766084e-03  2.269594e-02  5.829361e-04
-3.10345e+00  2.06897e-01       3.149e+12  9.994516e-01 -8.088233e-03  2.415944e-02  5.483976e-04
-2.68966e+00  2.06897e-01       8.330e+12  9.994495e-01 -7.460704e-03  2.821571e-02  5.505308e-04
-2.27586e+00  2.06897e-01       1.653e+13  9.994488e-01 -5.384813e-03  2.970830e-02  5.512122e-04
-1.86207e+00  2.06897e-01       1.940e+13  9.994619e-01 -3.455292e-03  2.985493e-02  5.381280e-04
-1.44828e+00  2.06897e-01       1.345e+13  9.995006e-01 -1.822311e-03  2.857382e-02  4.993659e-04
-1.03448e+00  2.06897e-01       6.605e+12  9.996217e-01 -1.027142e-03  2.264909e-02  3.783215e-04
-6.20690e-01  2.06897e-01       3.850e+12  9.998232e-01 -2.316178e-03  9.699291e-03  1.767668e-04
-2.06897e-01  2.06897e-01       3.380e+12  9.998913e-01 -4.627259e-03 -5.576102e-04  1.086706e-04
 2.06897e-01  2.06897e-01       3.549e+12  9.998472e-01 -6.106167e-03 -8.083375e-03  1.528313e-04
 6.20690e-01  2.06897e-01       4.306e+12  9.996668e-01 -6.731003e-03 -1.805337e-02  3.331691e-04
 1.03448e+00  2.06897e-01       7.401e+12  9.993182e-01 -7.296853e-03 -3.162317e-02  6.818366e-04
 1.44828e+00  2.06897e-01       1.467e+13  9.991046e-01 -6.427761e-03 -3.900237e-02  8.954454e-04
 1.86207e+00  2.06897e-01       2.031e+13  9.990075e-01 -4.623062e-03 -4.187508e-02  9.925377e-04
 2.27586e+00  2.06897e-01       1.627e+13  9.989285e-01 -2.582340e-03 -4.373664e-02  1.071465e-03
 2.68966e+00  2.06897e-01       7.392e+12  9.988269e-01 -4.376436e-04 -4.559299e-02  1.173060e-03
 3.10345e+00  2.06897e-01       2.414e+12  9.986116e-01  1.134936e-03 -4.884495e-02  1.388362e-03
 3.51724e+00  2.06897e-01       1.495e+12  9.984293e-01  3.728390e-04 -5.229396e-02  1.570655e-03
 3.93103e+00  2.06897e-01       1.336e+12  9.984409e-01  9.824036e-04 -5.233601e-02  1.559084e-03
 4.34483e+00  2.06897e-01       7.681e+11  9.981656e-01  2.843679e-03 -5.391367e-02  1.834396e-03
 4.75862e+00  2.06897e-01       3.017e+11  9.966253e-01  3.161504e-03 -6.537724e-02  3.374659e-03
 5.17241e+00  2.06897e-01       1.740e+11  9.939792e-01 -6.600152e-03 -9.081557e-02  6.020840e-03
 5.58621e+00  2.06897e-01       1.925e+11  9.930929e-01 -1.246976e-02 -9.815342e-02  6.907091e-03
 6.00000e+00  2.06897e-01       1.754e+11  9.896871e-01 -9.779938e-03 -1.067354e-01  1.031287e-02
-6.00000e+00  6.20690e-01       1.435e+11  9.402349e-01 -5.417953e-02  1.666673e-01  5.976506e-02
-5.58621e+00  6.20690e-01       1.492e+11  9.648953e-01 -3.767147e-02  1.401101e-01  3.510470e-02
-5.17241e+00  6.20690e-01       1.323e+11  9.715559e-01 -3.084030e-02  1.463023e-01  2.844408e-02
-4.75862e+00  6.20690e-01       2.272e+11  9.841845e-01 -2.136594e-02  1.240726e-01  1.581553e-02
-4.34483e+00  6.20690e-01       6.537e+11  9.927029e-01 -1.020093e-02  1.039842e-01  7.297088e-03
-3.93103e+00  6.20690e-01       1.336e+12  9.944919e-01 -6.632173e-03  9.889350e-02  5.508055e-03
-3.51724e+00  6.20690e-01       1.781e+12  9.949754e-01 -8.323018e-03  9.525257e-02  5.024613e-03
-3.10345e+00  6.20690e-01       2.797e+12  9.949768e-01 -1.262680e-02  9.560708e-02  5.023150e-03
-2.68966e+00  6.20690e-01       7.390e+12  9.947825e-01 -1.012337e-02  9.925628e-02  5.217494e-03
-2.27586e+00  6.20690e-01       1.615e+13  9.948592e-01 -5.641153e-03  9.939553e-02  5.140827e-03
-1.86207e+00  6.20690e-01       2.137e+13  9.951002e-01 -1.703839e-03  9.724137e-02  4.899796e-03
-1.44828e+00  6.20690e-01       1.660e+13  9.955124e-01  1.468990e-03  9.241999e-02  4.487589e-03
-1.03448e+00  6.20690e-01       8.512e+12  9.964503e-01  2.850211e-03  7.788607e-02  3.549748e-03
-6.20690e-01  6.20690e-01       4.654e+12  9.983770e-01 -2.870591e-04  3.925841e-02  1.623031e-03
-2.06897e-01  6.20690e-01       4.125e+12  9.994987e-01 -4.288833e-03  3.152687e-03  5.012721e-04
 2.06897e-01  6.20690e-01       4.251e+12  9.992946e-01 -5.609911e-03 -2.015914e-02  7.054250e-04
 6.20690e-01  6.20690e-01       5.046e+12  9.977038e-01 -7.481863e-03 -5.350918e-02  2.296186e-03
 1.03448e+00  6.20690e-01       9.374e+12  9.954931e-01 -8.827238e-03 -8.833158e-02  4.506918e-03
 1.44828e+00  6.20690e-01       1.794e+13  9.944571e-01 -6.071588e-03 -1.022429e-01  5.542855e-03
 1.86207e+00  6.20690e-01       2.220e+13  9.938994e-01 -1.958724e-03 -1.082444e-01  6.100555e-03
 2.27586e+00  6.20690e-01       1.573e+13  9.933854e-01  2.233449e-03 -1.128941e-01  6.614597e-03
 2.68966e+00  6.20690e-01       6.423e+12  9.927537e-01  6.254883e-03 -1.178725e-01  7.246276e-03
 3.10345e+00  6.20690e-01       2.112e+12  9.917702e-01  7.839986e-03 -1.248926e-01  8.229811e-03
 3.51724e+00  6.20690e-01       1.514e+12  9.914916e-01  4.806034e-03 -1.273083e-01  8.508398e-03
 3.93103e+00  6.20690e-01       1.328e+12  9.914979e-01  5.519285e-03 -1.265167e-01  8.502124e-03
 4.34483e+00  6.20690e-01       7.256e+11  9.897576e-01  7.647925e-03 -1.317443e-01  1.024244e-02
 4.75862e+00  6.20690e-01       2.829e+11  9.813585e-01  3.078183e-03 -1.595164e-01  1.864154e-02
 5.17241e+00  6.20690e-01       1.701e+11  9.679456e-01 -1.870037e-02 -2.108819e-01  3.205438e-02
 5.58621e+00  6.20690e-01       1.908e+11  9.615478e-01 -2.589873e-02 -2.291940e-01  3.845220e-02
 6.00000e+00  6.20690e-01       1.757e+11  9.405062e-01 -2.279350e-02 -2.498497e-01  5.949377e-02
-6.00000e+00  1.03448e+00       1.540e+11  8.644229e-01  1.709712e-02  2.889734e-01  1.355771e-01
-5.58621e+00  1.03448e+00       1.748e+11  9.123738e-01  4.683739e-03  2.842596e-01  8.762623e-02
-5.17241e+00  1.03448e+00       1.553e+11  9.242701e-01 -3.625982e-02  2.808855e-01  7.572987e-02
-4.75862e+00  1.03448e+00       2.043e+11  9.498600e-01 -4.591078e-02  2.201733e-01  5.013996e-02
-4.34483e+00  1.03448e+00       5.532e+11  9.788174e-01 -2.054740e-02  1.697889e-01  2.118256e-02
-3.93103e+00  1.03448e+00       1.249e+12  9.857732e-01 -1.240687e-02  1.590129e-01  1.422681e-02
-3.51724e+00  1.03448e+00       1.755e+12  9.873007e-01 -1.243300e-02  1.541690e-01  1.269928e-02
-3.10345e+00  1.03448e+00       2.279e+12  9.876824e-01 -1.704677e-02  1.515233e-01  1.231757e-02
-2.68966e+00  1.03448e+00       5.476e+12  9.876003e-01 -1.473679e-02  1.533308e-01  1.239968e-02
-2.27586e+00  1.03448e+00       1.418e+13  9.880508e-01 -8.085879e-03  1.516898e-01  1.194925e-02
-1.86207e+00  1.03448e+00       2.396e+13  9.888549e-01 -2.201780e-03  1.468053e-01  1.114513e-02
-1.44828e+00  1.03448e+00       2.416e+13  9.899051e-01  2.615872e-03  1.393866e-01  1.009487e-02
-1.03448e+00  1.03448e+00       1.476e+13  9.913000e-01  6.174774e-03  1.274729e-01  8.699950e-03
-6.20690e-01  1.03448e+00       6.305e+12  9.936959e-01  7.886363e-03  9.802389e-02  6.304146e-03
-2.06897e-01  1.03448e+00       3.186e+12  9.970849e-01  6.322797e-03  2.749796e-02  2.915056e-03
 2.06897e-01  1.03448e+00       3.268e+12  9.962048e-01 -1.971223e-03 -5.254780e-02  3.795229e-03
 6.20690e-01  1.03448e+00       6.781e+12  9.921640e-01 -1.075077e-02 -1.135268e-01  7.835998e-03
 1.03448e+00  1.03448e+00       1.599e+13  9.899500e-01 -8.534890e-03 -1.371906e-01  1.005005e-02
 1.44828e+00  1.03448e+00       2.561e+13  9.885712e-01 -2.799672e-03 -1.480513e-01  1.142877e-02
 1.86207e+00  1.03448e+00       2.431e+13  9.872712e-01  3.063730e-03 -1.566568e-01  1.272884e-02
 2.27586e+00  1.03448e+00       1.334e+13  9.858633e-01  8.639241e-03 -1.649687e-01  1.413671e-02
 2.68966e+00  1.03448e+00       4.485e+12  9.839569e-01  1.362307e-02 -1.748567e-01  1.604307e-02
 3.10345e+00  1.03448e+00       1.698e+12  9.816076e-01  1.242812e-02 -1.863616e-01  1.839237e-02
 3.51724e+00  1.03448e+00       1.566e+12  9.818851e-01  8.510351e-03 -1.857786e-01  1.811487e-02
 3.93103e+00  1.03448e+00       1.276e+12  9.814387e-01  1.017351e-02 -1.857409e-01  1.856127e-02
 4.34483e+00  1.03448e+00       6.333e+11  9.753948e-01  1.146962e-02 -1.991230e-01  2.460520e-02
 4.75862e+00  1.03448e+00       2.600e+11  9.523238e-01 -6.303360e-03 -2.510334e-01  4.767619e-02
 5.17241e+00  1.03448e+00       1.831e+11  9.289296e-01 -3.764819e-02 -3.084303e-01  7.107038e-02
 5.58621e+00  1.03448e+00       1.931e+11  9.151453e-01 -3.263839e-02 -3.318560e-01  8.485466e-02
 6.00000e+00  1.03448e+00       1.719e+11  8.692398e-01 -3.359805e-02 -3.681304e-01  1.307602e-01
-6.00000e+00  1.44828e+00       1.986e+11  6.953517e-01 -4.155481e-02  4.749432e-01  3.046483e-01
-5.58621e+00  1.44828e+00       2.167e+11  8.060243e-01 -9.194526e-02  4.031516e-01  1.939757e-01
-5.17241e+00  1.44828e+00       1.766e+11  8.542231e-01 -1.033374e-01  3.508691e-01  1.457769e-01
-4.75862e+00  1.44828e+00       1.725e+11  8.898422e-01 -7.213023e-02  3.015610e-01  1.101578e-01
-4.34483e+00  1.44828e+00       4.084e+11  9.551789e-01 -2.913223e-02  2.239342e-01  4.482105e-02
-3.93103e+00  1.44828e+00       1.058e+12  9.761236e-01 -1.696554e-02  1.995716e-01  2.387643e-02
-3.51724e+00  1.44828e+00       1.715e+12  9.801561e-01 -1.517352e-02  1.923236e-01  1.984390e-02
-3.10345e+00  1.44828e+00       1.931e+12  9.812975e-01 -1.927838e-02  1.869058e-01  1.870250e-02
-2.68966e+00  1.44828e+00       3.176e+12  9.818950e-01 -2.155706e-02  1.833628e-01  1.810505e-02
-2.27586e+00  1.44828e+00       9.151e+12  9.833040e-01 -1.412616e-02  1.777621e-01  1.669598e-02
-1.86207e+00  1.44828e+00       2.184e+13  9.851041e-01 -6.510744e-03  1.684563e-01  1.489591e-02
-1.44828e+00  1.44828e+00       3.380e+13  9.872402e-01 -3.221517e-04  1.551082e-01  1.275980e-02
-1.03448e+00  1.44828e+00       3.372e+13  9.898130e-01  3.841785e-03  1.360064e-01  1.018700e-02
-6.20690e-01  1.44828e+00       2.344e+13  9.928368e-01  4.415252e-03  1.054583e-01  7.163198e-03
-2.06897e-01  1.44828e+00       1.480e+13  9.956941e-01 -2.051266e-03  4.121778e-02  4.305916e-03
 2.06897e-01  1.44828e+00       1.527e+13  9.951241e-01 -1.038626e-02 -5.842163e-02  4.875863e-03
 6.20690e-01  1.44828e+00       2.487e+13  9.918742e-01 -7.890154e-03 -1.159812e-01  8.125818e-03
 1.03448e+00  1.44828e+00       3.551e+13  9.888258e-01 -1.626295e-03 -1.433701e-01  1.117423e-02
 1.44828e+00  1.44828e+00       3.457e+13  9.860611e-01  4.585399e-03 -1.621609e-01  1.393886e-02
 1.86207e+00  1.44828e+00       2.114e+13  9.833617e-01  1.034689e-02 -1.777830e-01  1.663825e-02
 2.27586e+00  1.44828e+00       7.970e+12  9.802473e-01  1.583731e-02 -1.932066e-01  1.975274e-02
 2.68966e+00  1.44828e+00       2.325e+12  9.754400e-01  1.887038e-02 -2.136012e-01  2.456000e-02
 3.10345e+00  1.44828e+00       1.531e+12  9.734183e-01  1.246166e-02 -2.231629e-01  2.658169e-02
 3.51724e+00  1.44828e+00       1.636e+12  9.744004e-01  1.150794e-02 -2.198264e-01  2.559961e-02
 3.93103e+00  1.44828e+00       1.126e+12  9.717250e-01  1.462242e-02 -2.243575e-01  2.827499e-02
 4.34483e+00  1.44828e+00       4.913e+11  9.544859e-01  1.419841e-02 -2.563036e-01  4.551412e-02
 4.75862e+00  1.44828e+00       2.324e+11  9.054551e-01 -2.123612e-02 -3.492930e-01  9.454492e-02
 5.17241e+00  1.44828e+00       2.298e+11  8.748731e-01 -6.238821e-02 -4.106852e-01  1.251269e-01
 5.58621e+00  1.44828e+00       2.581e+11  8.367318e-01 -5.889668e-02 -4.458713e-01  1.632682e-01
 6.00000e+00  1.44828e+00       2.206e+11  7.356371e-01 -4.183849e-02 -5.238531e-01  2.643629e-01
-6.00000e+00  1.86207e+00       1.870e+11  5.806830e-01 -2.672437e-03  5.105818e-01  4.193170e-01
-5.58621e+00  1.86207e+00       2.298e+11  7.647045e-01 -6.035956e-03  4.413308e-01  2.352955e-01
-5.17241e+00  1.86207e+00       2.145e+11  8.239282e-01 -3.740907e-02  4.248583e-01  1.760718e-01
-4.75862e+00  1.86207e+00       1.786e+11  8.325792e-01 -7.379325e-02  4.038829e-01  1.674208e-01
-4.34483e+00  1.86207e+00       2.718e+11  9.069796e-01 -4.888549e-02  2.871890e-01  9.302036e-02
-3.93103e+00  1.86207e+00       7.516e+11  9.651126e-01 -2.282905e-02  2.177556e-01  3.488743e-02
-3.51724e+00  1.86207e+00       1.541e+12  9.770427e-01 -1.774557e-02  2.019041e-01  2.295734e-02
-3.10345e+00  1.86207e+00       1.913e+12  9.796111e-01 -1.946580e-02  1.944275e-01  2.038890e-02
-2.68966e+00  1.86207e+00       1.911e+12  9.800157e-01 -2.616162e-02  1.893739e-01  1.998429e-02
-2.27586e+00  1.86207e+00       3.435e+12  9.818888e-01 -2.488692e-02  1.787736e-01  1.811122e-02
-1.86207e+00  1.86207e+00       1.011e+13  9.857614e-01 -1.612057e-02  1.602220e-01  1.423856e-02
-1.44828e+00  1.86207e+00       2.522e+13  9.890524e-01 -8.105105e-03  1.398258e-01  1.094764e-02
-1.03448e+00  1.86207e+00       4.495e+13  9.921985e-01 -1.421819e-03  1.130557e-01  7.801548e-03
-6.20690e-01  1.86207e+00       5.952e+13  9.952477e-01  3.023218e-03  7.528915e-02  4.752302e-03
-2.06897e-01  1.86207e+00       6.540e+13  9.973050e-01  4.945995e-03  2.527447e-02  2.694963e-03
 2.06897e-01  1.86207e+00       6.580e+13  9.971934e-01  5.741018e-03 -3.021526e-02  2.806552e-03
 6.20690e-01  1.86207e+00       6.010e+13  9.949257e-01  7.290920e-03 -7.937312e-02  5.074322e-03
 1.03448e+00  1.86207e+00       4.465e+13  9.915648e-01  9.964425e-03 -1.174217e-01  8.435154e-03
 1.44828e+00  1.86207e+00       2.398e+13  9.877609e-01  1.333138e-02 -1.471594e-01  1.223913e-02
 1.86207e+00  1.86207e+00       8.744e+12  9.830741e-01  1.736590e-02 -1.743945e-01  1.692591e-02
 2.27586e+00  1.86207e+00       2.456e+12  9.753632e-01  2.129409e-02 -2.085324e-01  2.463678e-02
 2.68966e+00  1.86207e+00       1.366e+12  9.702052e-01  1.622477e-02 -2.309474e-01  2.979475e-02
 3.10345e+00  1.86207e+00       1.722e+12  9.729394e-01  1.268239e-02 -2.239124e-01  2.706057e-02
 3.51724e+00  1.86207e+00       1.567e+12  9.725066e-01  1.487290e-02 -2.240708e-01  2.749336e-02
 3.93103e+00  1.86207e+00       8.474e+11  9.627410e-01  1.811255e-02 -2.421207e-01  3.725903e-02
 4.34483e+00  1.86207e+00       3.516e+11  9.201766e-01  4.683334e-03 -3.159791e-01  7.982341e-02
 4.75862e+00  1.86207e+00       2.279e+11  8.637481e-01 -4.547017e-02 -4.182049e-01  1.362519e-01
 5.17241e+00  1.86207e+00       2.497e+11  8.474679e-01 -5.467267e-02 -4.521958e-01  1.525321e-01
 5.58621e+00  1.86207e+00       2.561e+11  7.953680e-01 -4.121320e-02 -4.865741e-01  2.046320e-01
 6.00000e+00  1.86207e+00       2.020e+11  6.286145e-01 -3.781582e-02 -5.627079e-01  3.713855e-01
-6.00000e+00  2.27586e+00       2.327e+11  3.825205e-01  4.742941e-03  6.285304e-01  6.174795e-01
-5.58621e+00  2.27586e+00       2.734e+11  6.291137e-01 -6.050651e-02  5.165821e-01  3.708863e-01
-5.17241e+00  2.27586e+00       2.602e+11  7.657883e-01 -6.159835e-02  4.480703e-01  2.342117e-01
-4.75862e+00  2.27586e+00       2.085e+11  8.008898e-01 -6.857529e-02  4.382142e-01  1.991102e-01
-4.34483e+00  2.27586e+00       1.970e+11  8.254672e-01 -7.027065e-02  3.816617e-01  1.745328e-01
-3.93103e+00  2.27586e+00       4.158e+11  9.352546e-01 -3.403911e-02  2.326931e-01  6.474538e-02
-3.51724e+00  2.27586e+00       1.091e+12  9.763388e-01 -2.035581e-02  1.819460e-01  2.366121e-02
-3.10345e+00  2.27586e+00       1.849e+12  9.838500e-01 -1.971944e-02  1.668754e-01  1.615001e-02
-2.68966e+00  2.27586e+00       1.918e+12  9.854135e-01 -2.476923e-02  1.582152e-01  1.458646e-02
-2.27586e+00  2.27586e+00       1.642e+12  9.837933e-01 -3.307425e-02  1.592580e-01  1.620670e-02
-1.86207e+00  2.27586e+00       2.095e+12  9.833116e-01 -2.903385e-02  1.551615e-01  1.668840e-02
-1.44828e+00  2.27586e+00       4.156e+12  9.892630e-01 -2.102805e-02  1.163741e-01  1.073703e-02
-1.03448e+00  2.27586e+00       9.171e+12  9.948169e-01 -1.829513e-02  7.403694e-02  5.183122e-03
-6.20690e-01  2.27586e+00       1.709e+13  9.973684e-01 -1.425916e-02  4.126167e-02  2.631605e-03
-2.06897e-01  2.27586e+00       2.352e+13  9.981937e-01 -8.916238e-03  9.254833e-03  1.806313e-03
 2.06897e-01  2.27586e+00       2.310e+13  9.977722e-01 -4.109610e-03 -2.532763e-02  2.227832e-03
 6.20690e-01  2.27586e+00       1.608e+13  9.959381e-01  8.489157e-05 -6.202652e-02  4.061863e-03
 1.03448e+00  2.27586e+00       8.019e+12  9.919283e-01  5.357759e-03 -1.031959e-01  8.071704e-03
 1.44828e+00  2.27586e+00       3.143e+12  9.837684e-01  1.317873e-02 -1.557464e-01  1.623161e-02
 1.86207e+00  2.27586e+00       1.288e+12  9.720013e-01  1.904581e-02 -2.100035e-01  2.799871e-02
 2.27586e+00  2.27586e+00       1.103e+12  9.727264e-01  1.535098e-02 -2.078129e-01  2.727360e-02
 2.68966e+00  2.27586e+00       1.675e+12  9.793490e-01  1.266926e-02 -1.881717e-01  2.065097e-02
 3.10345e+00  2.27586e+00       1.834e+12  9.803309e-01  1.440484e-02 -1.864203e-01  1.966905e-02
 3.51724e+00  2.27586e+00       1.183e+12  9.744542e-01  1.853512e-02 -2.001618e-01  2.554585e-02
 3.93103e+00  2.27586e+00       5.163e+11  9.432530e-01  1.718038e-02 -2.593991e-01  5.674696e-02
 4.34483e+00  2.27586e+00       2.641e+11  8.689169e-01 -2.196213e-02 -3.908906e-01  1.310831e-01
 4.75862e+00  2.27586e+00       2.600e+11  8.354361e-01 -5.987168e-02 -4.640660e-01  1.645639e-01
 5.17241e+00  2.27586e+00       3.183e+11  8.043120e-01 -5.574546e-02 -5.020288e-01  1.956880e-01
 5.58621e+00  2.27586e+00       3.173e+11  6.960069e-01 -4.476648e-02 -5.714051e-01  3.039931e-01
 6.00000e+00  2.27586e+00       2.531e+11  4.831364e-01 -2.182537e-02 -6.873997e-01  5.168636e-01
-6.00000e+00  2.68966e+00       2.394e+11  2.441931e-01  1.064939e-02  6.916485e-01  7.558069e-01
-5.58621e+00  2.68966e+00       3.122e+11  5.276065e-01 -5.369737e-02  5.990856e-01  4.723935e-01
-5.17241e+00  2.68966e+00       3.304e+11  7.042000e-01 -7.016469e-02  5.017732e-01  2.958000e-01
-4.75862e+00  2.68966e+00       2.759e+11  7.880718e-01 -7.090823e-02  4.517138e-01  2.119282e-01
-4.34483e+00  2.68966e+00       2.104e+11  7.866025e-01 -7.703400e-02  4.471041e-01  2.133975e-01
-3.93103e+00  2.68966e+00       2.175e+11  8.369568e-01 -5.855605e-02  3.262646e-01  1.630432e-01
-3.51724e+00  2.68966e+00       5.055e+11  9.567339e-01 -2.352086e-02  1.500206e-01  4.326606e-02
-3.10345e+00  2.68966e+00       1.249e+12  9.886815e-01 -1.776465e-02  9.907297e-02  1.131852e-02
-2.68966e+00  2.68966e+00       1.942e+12  9.937567e-01 -2.109225e-02  7.835237e-02  6.243267e-03
-2.27586e+00  2.68966e+00       1.841e+12  9.940557e-01 -2.957244e-02  6.421580e-02  5.944258e-03
-1.86207e+00  2.68966e+00       1.353e+12  9.914029e-01 -4.328525e-02  6.429307e-02  8.597085e-03
-1.44828e+00  2.68966e+00       1.336e+12  9.892695e-01 -4.964620e-02  7.899557e-02  1.073052e-02
-1.03448e+00  2.68966e+00       1.922e+12  9.912084e-01 -3.875898e-02  7.914937e-02  8.791597e-03
-6.20690e-01  2.68966e+00       2.632e+12  9.936107e-01 -1.956431e-02  6.055852e-02  6.389313e-03
-2.06897e-01  2.68966e+00       2.978e+12  9.950392e-01 -2.146292e-03  2.328339e-02  4.960779e-03
 2.06897e-01  2.68966e+00       2.823e+12  9.944129e-01  4.241727e-03 -2.748242e-02  5.587058e-03
 6.20690e-01  2.68966e+00       2.204e+12  9.906505e-01 -1.198380e-03 -8.062258e-02  9.349510e-03
 1.03448e+00  2.68966e+00       1.355e+12  9.826465e-01 -9.310941e-03 -1.309401e-01  1.735347e-02
 1.44828e+00  2.68966e+00       8.036e+11  9.730624e-01 -3.877721e-03 -1.599054e-01  2.693758e-02
 1.86207e+00  2.68966e+00       9.715e+11  9.816017e-01  1.083341e-02 -1.170386e-01  1.839831e-02
 2.27586e+00  2.68966e+00       1.664e+12  9.908485e-01  1.335203e-02 -9.071624e-02  9.151460e-03
 2.68966e+00  2.68966e+00       1.932e+12  9.925285e-01  1.557393e-02 -9.205073e-02  7.471466e-03
 3.10345e+00  2.68966e+00       1.335e+12  9.881418e-01  2.029752e-02 -1.109096e-01  1.185820e-02
 3.51724e+00  2.68966e+00       6.169e+11  9.632451e-01  2.419469e-02 -1.749226e-01  3.675494e-02
 3.93103e+00  2.68966e+00       3.018e+11  8.888928e-01 -1.215170e-03 -3.305864e-01  1.111072e-01
 4.34483e+00  2.68966e+00       2.667e+11  8.400146e-01 -5.192864e-02 -4.399382e-01  1.599854e-01
 4.75862e+00  2.68966e+00       3.402e+11  8.270293e-01 -6.183517e-02 -4.792725e-01  1.729707e-01
 5.17241e+00  2.68966e+00       3.943e+11  7.633091e-01 -5.414481e-02 -5.369409e-01  2.366909e-01
 5.58621e+00  2.68966e+00       3.575e+11  6.117019e-01 -4.809312e-02 -6.403050e-01  3.882981e-01
 6.00000e+00  2.68966e+00       2.892e+11  3.901447e-01 -3.130031e-02 -7.656049e-01  6.098553e-01
-6.00000e+00  3.10345e+00       2.735e+11  6.837629e-02  4.975016e-03  7.862625e-01  9.316237e-01
-5.58621e+00  3.10345e+00       3.223e+11  4.077115e-01 -3.525934e-02  6.725401e-01  5.922885e-01
-5.17241e+00  3.10345e+00       3.848e+11  6.411619e-01 -5.878235e-02  5.464109e-01  3.588381e-01
-4.75862e+00  3.10345e+00       3.639e+11  7.772921e-01 -6.245201e-02  4.543887e-01  2.227079e-01
-4.34483e+00  3.10345e+00       2.877e+11  8.174705e-01 -7.014423e-02  4.277200e-01  1.825295e-01
-3.93103e+00  3.10345e+00       2.139e+11  7.873576e-01 -7.601267e-02  4.288061e-01  2.126424e-01
-3.51724e+00  3.10345e+00       2.022e+11  8.319111e-01 -4.853688e-02  2.671848e-01  1.680889e-01
-3.10345e+00  3.10345e+00       4.247e+11  9.574863e-01 -9.975351e-03  2.516457e-02  4.251371e-02
-2.68966e+00  3.10345e+00       1.061e+12  9.883675e-01 -1.018216e-02 -5.359026e-02  1.163250e-02
-2.27586e+00  3.10345e+00       1.758e+12  9.883439e-01 -1.970204e-02 -9.155580e-02  1.165611e-02
-1.86207e+00  3.10345e+00       1.768e+12  9.819666e-01 -3.439367e-02 -1.240764e-01  1.803339e-02
-1.44828e+00  3.10345e+00       1.225e+12  9.730644e-01 -5.655193e-02 -1.410983e-01  2.693561e-02
-1.03448e+00  3.10345e+00       8.537e+11  9.703301e-01 -7.631351e-02 -1.044294e-01  2.966989e-02
-6.20690e-01  3.10345e+00       7.451e+11  9.749314e-01 -6.688513e-02 -4.677019e-02  2.506858e-02
-2.06897e-01  3.10345e+00       6.821e+11  9.756610e-01 -3.920042e-02 -3.413094e-02  2.433902e-02
 2.06897e-01  3.10345e+00       6.011e+11  9.689167e-01 -2.747147e-02 -6.505848e-02  3.108334e-02
 6.20690e-01  3.10345e+00       5.245e+11  9.546750e-01 -3.442144e-02 -8.717233e-02  4.532500e-02
 1.03448e+00  3.10345e+00       6.100e+11  9.537657e-01 -1.821415e-02 -2.345522e-03  4.623426e-02
 1.44828e+00  3.10345e+00       1.092e+12  9.734386e-01  3.745418e-03  9.370650e-02  2.656139e-02
 1.86207e+00  3.10345e+00       1.729e+12  9.849407e-01  1.068721e-02  1.103093e-01  1.505932e-02
 2.27586e+00  3.10345e+00       1.771e+12  9.892693e-01  1.604963e-02  9.183584e-02  1.073074e-02
 2.68966e+00  3.10345e+00       1.139e+12  9.882911e-01  2.376617e-02  4.837922e-02  1.170892e-02
 3.10345e+00  3.10345e+00       5.384e+11  9.677473e-01  3.132735e-02 -5.643322e-02  3.225271e-02
 3.51724e+00  3.10345e+00       2.966e+11  9.010630e-01  9.032345e-03 -2.609201e-01  9.893704e-02
 3.93103e+00  3.10345e+00       2.711e+11  8.563259e-01 -4.280336e-02 -3.877430e-01  1.436741e-01
 4.34483e+00  3.10345e+00       3.469e+11  8.576060e-01 -6.122570e-02 -4.226110e-01  1.423940e-01
 4.75862e+00  3.10345e+00       4.389e+11  8.261403e-01 -5.420876e-02 -4.718996e-01  1.738597e-01
 5.17241e+00  3.10345e+00       4.406e+11  7.163060e-01 -5.041216e-02 -5.635064e-01  2.836940e-01
 5.58621e+00  3.10345e+00       3.723e+11  5.173788e-01 -4.697448e-02 -7.039582e-01  4.826212e-01
 6.00000e+00  3.10345e+00       3.311e+11  2.543387e-01 -2.609125e-02 -8.240919e-01  7.456613e-01
-6.00000e+00  3.51724e+00       3.533e+11 -3.601034e-02  2.117378e-02  8.472070e-01  9.639897e-01
-5.58621e+00  3.51724e+00       3.200e+11  2.592134e-01  1.605631e-02  7.486496e-01  7.407866e-01
-5.17241e+00  3.51724e+00       3.979e+11  5.555425e-01 -2.989209e-02  5.976854e-01  4.444575e-01
-4.75862e+00  3.51724e+00       4.458e+11  7.477520e-01 -4.877714e-02  4.642429e-01  2.522480e-01
-4.34483e+00  3.51724e+00       3.978e+11  8.438068e-01 -6.058622e-02  3.819283e-01  1.561932e-01
-3.93103e+00  3.51724e+00       3.085e+11  8.531336e-01 -6.614757e-02  3.697537e-01  1.468664e-01
-3.51724e+00  3.51724e+00       2.244e+11  8.046679e-01 -6.612452e-02  3.831672e-01  1.953321e-01
-3.10345e+00  3.51724e+00       1.650e+11  7.891050e-01 -4.191787e-02  2.572200e-01  2.108950e-01
-2.68966e+00  3.51724e+00       2.075e+11  8.855977e-01  2.706534e-02 -9.481584e-02  1.144023e-01
-2.27586e+00  3.51724e+00       4.723e+11  9.216232e-01  3.286702e-02 -2.961230e-01  7.837678e-02
-1.86207e+00  3.51724e+00       9.715e+11  8.935706e-01  1.502490e-02 -3.913570e-01  1.064294e-01
-1.44828e+00  3.51724e+00       1.365e+12  8.415634e-01 -1.655136e-02 -4.679998e-01  1.584366e-01
-1.03448e+00  3.51724e+00       1.246e+12  7.570856e-01 -7.821850e-02 -5.239320e-01  2.429144e-01
-6.20690e-01  3.51724e+00       7.967e+11  6.129036e-01 -1.859645e-01 -4.780633e-01  3.870964e-01
-2.06897e-01  3.51724e+00       4.933e+11  4.449937e-01 -2.956986e-01 -8.882722e-02  5.550063e-01
 2.06897e-01  3.51724e+00       5.095e+11  4.781006e-01 -2.460749e-01  4.688337e-01  5.218994e-01
 6.20690e-01  3.51724e+00       7.895e+11  6.257771e-01 -1.206570e-01  6.348865e-01  3.742229e-01
 1.03448e+00  3.51724e+00       1.155e+12  7.374193e-01 -3.398681e-02  6.001923e-01  2.625807e-01
 1.44828e+00  3.51724e+00       1.260e+12  8.163225e-01  1.116365e-02  5.161396e-01  1.836775e-01
 1.86207e+00  3.51724e+00       9.615e+11  8.772674e-01  3.237471e-02  4.073372e-01  1.227326e-01
 2.27586e+00  3.51724e+00       5.559e+11  9.233740e-01  4.713006e-02  2.604634e-01  7.662605e-02
 2.68966e+00  3.51724e+00       3.206e+11  9.337763e-01  5.150711e-02  3.492137e-02  6.622371e-02
 3.10345e+00  3.51724e+00       2.577e+11  8.982287e-01  1.140145e-02 -2.103750e-01  1.017713e-01
 3.51724e+00  3.51724e+00       2.734e+11  8.777959e-01 -3.937466e-02 -3.085399e-01  1.222041e-01
 3.93103e+00  3.51724e+00       3.562e+11  8.907680e-01 -5.828878e-02 -3.342006e-01  1.092320e-01
 4.34483e+00  3.51724e+00       4.771e+11  8.832347e-01 -5.210427e-02 -3.800519e-01  1.167653e-01
 4.75862e+00  3.51724e+00       5.062e+11  8.118395e-01 -4.475234e-02 -4.615867e-01  1.881605e-01
 5.17241e+00  3.51724e+00       4.393e+11  6.425335e-01 -4.074773e-02 -6.103492e-01  3.574665e-01
 5.58621e+00  3.51724e+00       3.847e+11  4.189703e-01 -2.192749e-02 -7.782064e-01  5.810297e-01
 6.00000e+00  3.51724e+00       4.221e+11  1.569262e-01 -3.337017e-03 -8.683919e-01  8.430738e-01
-6.00000e+00  3.93103e+00       5.765e+11  3.429985e-02  5.807192e-02  9.042162e-01  9.657001e-01
-5.58621e+00  3.93103e+00       4.032e+11  2.002373e-01  8.065700e-02  8.537571e-01  7.997627e-01
-5.17241e+00  3.93103e+00       3.940e+11  4.464453e-01  1.263098e-02  7.061294e-01  5.535547e-01
-4.75862e+00  3.93103e+00       4.786e+11  6.790377e-01 -4.062590e-02  5.174298e-01  3.209623e-01
-4.34483e+00  3.93103e+00       5.033e+11  8.261903e-01 -5.517059e-02  3.645832e-01  1.738097e-01
-3.93103e+00  3.93103e+00       4.330e+11  8.994321e-01 -6.058342e-02  2.717863e-01  1.005679e-01
-3.51724e+00  3.93103e+00       3.401e+11  9.009416e-01 -5.517114e-02  2.625853e-01  9.905836e-02
-3.10345e+00  3.93103e+00       2.531e+11  8.460580e-01 -5.328225e-02  2.938112e-01  1.539420e-01
-2.68966e+00  3.93103e+00       1.661e+11  7.710964e-01 -5.378156e-02  2.527490e-01  2.289036e-01
-2.27586e+00  3.93103e+00       1.075e+11  7.160173e-01  5.246873e-02 -2.125387e-03  2.839827e-01
-1.86207e+00  3.93103e+00       1.012e+11  6.917120e-01  1.959019e-01 -3.970602e-01  3.082880e-01
-1.44828e+00  3.93103e+00       1.231e+11  5.970805e-01  2.084361e-01 -6.337038e-01  4.029195e-01
-1.03448e+00  3.93103e+00       1.394e+11  3.787355e-01  2.016756e-01 -7.546977e-01  6.212645e-01
-6.20690e-01  3.93103e+00       1.452e+11  3.232202e-02  2.177010e-01 -7.156867e-01  9.676780e-01
-2.06897e-01  3.93103e+00       1.469e+11 -2.856837e-01  2.313368e-01 -3.765949e-01  7.143163e-01
 2.06897e-01  3.93103e+00       1.536e+11 -2.397214e-01  2.083594e-01  1.770681e-01  7.602786e-01
 6.20690e-01  3.93103e+00       1.786e+11  2.019097e-01  1.744200e-01  5.311463e-01  7.980903e-01
 1.03448e+00  3.93103e+00       2.110e+11  5.834087e-01  1.554387e-01  5.715287e-01  4.165913e-01
 1.44828e+00  3.93103e+00       2.132e+11  7.530012e-01  1.379970e-01  4.947038e-01  2.469988e-01
 1.86207e+00  3.93103e+00       1.923e+11  8.335076e-01  1.199764e-01  3.122090e-01  1.664924e-01
 2.27586e+00  3.93103e+00       2.024e+11  8.884700e-01  6.777213e-02  2.921503e-02  1.115300e-01
 2.68966e+00  3.93103e+00       2.395e+11  8.982196e-01 -3.545454e-03 -1.430719e-01  1.017804e-01
 3.10345e+00  3.93103e+00       2.750e+11  8.981485e-01 -4.193607e-02 -1.806974e-01  1.018515e-01
 3.51724e+00  3.93103e+00       3.681e+11  9.230282e-01 -5.171588e-02 -1.990356e-01  7.697184e-02
 3.93103e+00  3.93103e+00       5.193e+11  9.291751e-01 -4.859628e-02 -2.575882e-01  7.082489e-02
 4.34483e+00  3.93103e+00       5.783e+11  8.834163e-01 -4.618779e-02 -3.439918e-01  1.165837e-01
 4.75862e+00  3.93103e+00       5.039e+11  7.566826e-01 -4.954817e-02 -4.892821e-01  2.433174e-01
 5.17241e+00  3.93103e+00       4.096e+11  5.594978e-01 -3.748508e-02 -6.805325e-01  4.405022e-01
 5.58621e+00  3.93103e+00       3.851e+11  3.385058e-01 -1.600829e-03 -8.191531e-01  6.614942e-01
 6.00000e+00  3.93103e+00       5.151e+11  7.044796e-02 -2.139645e-03 -8.913273e-01  9.295520e-01
-6.00000e+00  4.34483e+00       8.799e+11  7.764072e-02  2.292125e-02  9.261802e-01  9.223593e-01
-5.58621e+00  4.34483e+00       5.897e+11  2.092318e-01  7.481162e-02  8.898577e-01  7.907682e-01
-5.17241e+00  4.34483e+00       4.221e+11  3.550718e-01  7.596453e-02  8.119788e-01  6.449282e-01
-4.75862e+00  4.34483e+00       4.362e+11  5.722787e-01 -2.493332e-03  6.246823e-01  4.277213e-01
-4.34483e+00  4.34483e+00       5.302e+11  7.655323e-01 -4.617185e-02  4.047778e-01  2.344677e-01
-3.93103e+00  4.34483e+00       5.493e+11  8.842702e-01 -5.588446e-02  2.251454e-01  1.157298e-01
-3.51724e+00  4.34483e+00       4.741e+11  9.420104e-01 -5.936038e-02  1.075089e-01  5.798962e-02
-3.10345e+00  4.34483e+00       3.823e+11  9.474020e-01 -4.396537e-02  8.040547e-02  5.259805e-02
-2.68966e+00  4.34483e+00       3.040e+11  9.045643e-01 -2.368578e-02  1.234032e-01  9.543566e-02
-2.27586e+00  4.34483e+00       2.197e+11  8.186369e-01 -5.832315e-02  1.597411e-01  1.813631e-01
-1.86207e+00  4.34483e+00       1.337e+11  6.722776e-01 -7.427430e-02  1.304165e-01  3.277224e-01
-1.44828e+00  4.34483e+00       7.707e+10  4.433783e-01  1.625805e-01 -3.948311e-03  5.566217e-01
-1.03448e+00  4.34483e+00       5.425e+10  2.644827e-01  5.650932e-01 -1.776927e-01  7.355173e-01
-6.20690e-01  4.34483e+00       4.878e+10  2.564974e-01  7.199177e-01 -2.430731e-01  7.435026e-01
-2.06897e-01  4.34483e+00       5.044e+10  3.110989e-01  6.934404e-01 -1.793692e-01  6.889011e-01
 2.06897e-01  4.34483e+00       5.852e+10  4.021859e-01  6.277830e-01  3.105091e-02  5.978141e-01
 6.20690e-01  4.34483e+00       7.606e+10  5.435721e-01  5.220455e-01  2.769377e-01  4.564279e-01
 1.03448e+00  4.34483e+00       1.052e+11  6.939943e-01  3.534306e-01  3.504229e-01  3.060057e-01
 1.44828e+00  4.34483e+00       1.529e+11  8.229350e-01  1.436587e-01  2.239709e-01  1.770650e-01
 1.86207e+00  4.34483e+00       2.108e+11  8.804626e-01 -2.928236e-03  7.603704e-02  1.195374e-01
 2.27586e+00  4.34483e+00       2.403e+11  8.741691e-01 -4.539738e-02  1.651864e-02  1.258309e-01
 2.68966e+00  4.34483e+00       2.696e+11  8.825091e-01 -3.544762e-02  2.609567e-02  1.174909e-01
 3.10345e+00  4.34483e+00       3.946e+11  9.380027e-01 -3.873065e-02 -7.264506e-03  6.199727e-02
 3.51724e+00  4.34483e+00       5.710e+11  9.616338e-01 -4.235936e-02 -8.773752e-02  3.836617e-02
 3.93103e+00  4.34483e+00       6.289e+11  9.337302e-01 -4.484635e-02 -1.903792e-01  6.626982e-02
 4.34483e+00  4.34483e+00       5.467e+11  8.340587e-01 -5.365834e-02 -3.565940e-01  1.659413e-01
 4.75862e+00  4.34483e+00       4.480e+11  6.691518e-01 -4.762071e-02 -5.802254e-01  3.308482e-01
 5.17241e+00  4.34483e+00       4.100e+11  4.995080e-01 -8.029250e-03 -7.494072e-01  5.004920e-01
 5.58621e+00  4.34483e+00       5.023e+11  2.791203e-01  4.771751e-03 -8.544355e-01  7.208797e-01
 6.00000e+00  4.34483e+00       8.078e+11  6.150803e-02 -1.561993e-02 -9.267594e-01  9.384920e-01
-6.00000e+00  4.75862e+00       1.248e+12  1.393097e-01 -2.292336e-03  9.402022e-01  8.606903e-01
-5.58621e+00  4.75862e+00       9.289e+11  2.625209e-01  3.538626e-02  8.953770e-01  7.374791e-01
-5.17241e+00  4.75862e+00       6.126e+11  3.769876e-01  8.756721e-02  8.426053e-01  6.230124e-01
-4.75862e+00  4.75862e+00       4.326e+11  4.889620e-01  7.788338e-02  7.525129e-01  5.110380e-01
-4.34483e+00  4.75862e+00       4.461e+11  6.622284e-01 -6.536063e-03  5.412000e-01  3.377716e-01
-3.93103e+00  4.75862e+00       5.452e+11  8.172043e-01 -5.003973e-02  2.807073e-01  1.827957e-01
-3.51724e+00  4.75862e+00       5.781e+11  9.059488e-01 -5.704780e-02  5.655950e-02  9.405122e-02
-3.10345e+00  4.75862e+00       5.135e+11  9.396731e-01 -6.155376e-02 -1.114668e-01  6.032689e-02
-2.68966e+00  4.75862e+00       4.216e+11  9.406590e-01 -5.502463e-02 -2.003739e-01  5.934104e-02
-2.27586e+00  4.75862e+00       3.472e+11  9.227823e-01  2.484231e-03 -1.979469e-01  7.721768e-02
-1.86207e+00  4.75862e+00       2.968e+11  8.823538e-01  5.608776e-02 -1.325018e-01  1.176462e-01
-1.44828e+00  4.75862e+00       2.476e+11  7.960375e-01 -1.280775e-02 -2.953596e-02  2.039625e-01
-1.03448e+00  4.75862e+00       1.840e+11  6.125585e-01 -2.058156e-01  9.398100e-02  3.874415e-01
-6.20690e-01  4.75862e+00       1.352e+11  3.794879e-01 -3.981488e-01  2.350350e-01  6.205121e-01
-2.06897e-01  4.75862e+00       1.227e+11  3.289056e-01 -4.337705e-01  3.992584e-01  6.710944e-01
 2.06897e-01  4.75862e+00       1.444e+11  4.708588e-01 -3.581305e-01  4.911570e-01  5.291412e-01
 6.20690e-01  4.75862e+00       1.830e+11  6.114015e-01 -2.849371e-01  4.350825e-01  3.885985e-01
 1.03448e+00  4.75862e+00       2.035e+11  6.692203e-01 -2.044416e-01  2.928696e-01  3.307797e-01
 1.44828e+00  4.75862e+00       1.917e+11  6.422414e-01 -6.524319e-02  1.866372e-01  3.577586e-01
 1.86207e+00  4.75862e+00       1.932e+11  6.484773e-01  5.083689e-02  2.454355e-01  3.515227e-01
 2.27586e+00  4.75862e+00       2.820e+11  7.962466e-01  1.143480e-02  3.096981e-01  2.037534e-01
 2.68966e+00  4.75862e+00       4.681e+11  9.127493e-01 -3.187110e-02  2.394108e-01  8.725074e-02
 3.10345e+00  4.75862e+00       6.270e+11  9.563247e-01 -4.039767e-02  1.326900e-01  4.367527e-02
 3.51724e+00  4.75862e+00       6.356e+11  9.477386e-01 -4.824813e-02 -1.310833e-03  5.226139e-02
 3.93103e+00  4.75862e+00       5.380e+11  8.736148e-01 -6.364281e-02 -2.114035e-01  1.263852e-01
 4.34483e+00  4.75862e+00       4.508e+11  7.465614e-01 -5.750037e-02 -4.745886e-01  2.534386e-01
 4.75862e+00  4.75862e+00       4.219e+11  6.273814e-01 -1.039932e-02 -6.576562e-01  3.726186e-01
 5.17241e+00  4.75862e+00       4.967e+11  4.632726e-01  1.052530e-02 -7.777576e-01  5.367274e-01
 5.58621e+00  4.75862e+00       7.893e+11  2.526400e-01 -1.271017e-02 -8.900664e-01  7.473600e-01
 6.00000e+00  4.75862e+00       1.238e+12  1.123400e-01 -1.840947e-02 -9.508956e-01  8.876600e-01
-6.00000e+00  5.17241e+00       1.565e+12  2.143933e-01 -1.215462e-02  9.438835e-01  7.856067e-01
-5.58621e+00  5.17241e+00       1.340e+12  3.221666e-01  1.983909e-03  8.944761e-01  6.778334e-01
-5.17241e+00  5.17241e+00       9.987e+11  4.415051e-01  4.306143e-02  8.263839e-01  5.584949e-01
-4.75862e+00  5.17241e+00       6.538e+11  5.374998e-01  9.731761e-02  7.588696e-01  4.625002e-01
-4.34483e+00  5.17241e+00       4.330e+11  6.078641e-01  9.415288e-02  6.781613e-01  3.921359e-01
-3.93103e+00  5.17241e+00       4.111e+11  7.208723e-01  4.669960e-03  4.800540e-01  2.791277e-01
-3.51724e+00  5.17241e+00       4.988e+11  8.271142e-01 -5.317622e-02  1.798268e-01  1.728858e-01
-3.10345e+00  5.17241e+00       5.589e+11  8.731873e-01 -6.345248e-02 -1.111018e-01  1.268127e-01
-2.68966e+00  5.17241e+00       5.278e+11  8.550778e-01 -5.984128e-02 -3.455172e-01  1.449222e-01
-2.27586e+00  5.17241e+00       4.468e+11  7.863292e-01 -7.305240e-02 -5.281119e-01  2.136708e-01
-1.86207e+00  5.17241e+00       3.687e+11  7.039981e-01 -7.410205e-02 -6.473429e-01  2.960019e-01
-1.44828e+00  5.17241e+00       3.042e+11  6.452613e-01 -3.210597e-02 -6.949702e-01  3.547387e-01
-1.03448e+00  5.17241e+00       2.371e+11  6.185526e-01  1.651372e-04 -6.527059e-01  3.814474e-01
-6.20690e-01  5.17241e+00       1.600e+11  5.751325e-01  2.571761e-02 -4.756433e-01  4.248675e-01
-2.06897e-01  5.17241e+00       1.065e+11  4.570270e-01  1.040620e-01 -1.464003e-01  5.429730e-01
 2.06897e-01  5.17241e+00       8.895e+10  2.774276e-01  1.257760e-01  1.227597e-01  7.225724e-01
 6.20690e-01  5.17241e+00       9.852e+10  6.429448e-02  3.897121e-02  2.935440e-01  9.357055e-01
 1.03448e+00  5.17241e+00       1.444e+11  6.632798e-02  1.141436e-02  5.273982e-01  9.336720e-01
 1.44828e+00  5.17241e+00       2.491e+11  3.594860e-01 -2.234677e-03  6.655667e-01  6.405140e-01
 1.86207e+00  5.17241e+00       4.088e+11  6.292109e-01 -3.251577e-02  6.402163e-01  3.707891e-01
 2.27586e+00  5.17241e+00       5.536e+11  7.853068e-01 -4.381716e-02  5.320973e-01  2.146932e-01
 2.68966e+00  5.17241e+00       6.036e+11  8.720857e-01 -4.817893e-02  3.873444e-01  1.279143e-01
 3.10345e+00  5.17241e+00       5.509e+11  9.008364e-01 -6.614117e-02  1.959344e-01  9.916361e-02
 3.51724e+00  5.17241e+00       4.637e+11  8.653002e-01 -8.698097e-02 -8.688430e-02  1.346998e-01
 3.93103e+00  5.17241e+00       4.149e+11  7.945417e-01 -6.452470e-02 -3.807404e-01  2.054583e-01
 4.34483e+00  5.17241e+00       4.155e+11  7.329380e-01 -1.545668e-03 -5.448641e-01  2.670620e-01
 4.75862e+00  5.17241e+00       4.940e+11  6.179075e-01  1.700167e-02 -6.658108e-01  3.820925e-01
 5.17241e+00  5.17241e+00       7.823e+11  4.309464e-01 -1.196604e-02 -8.167023e-01  5.690536e-01
 5.58621e+00  5.17241e+00       1.279e+12  2.918337e-01 -1.927664e-02 -9.109668e-01  7.081663e-01
 6.00000e+00  5.17241e+00       1.658e+12  1.995686e-01 -7.292019e-03 -9.543228e-01  8.004314e-01
-6.00000e+00  5.58621e+00       1.748e+12  2.990363e-01 -1.082546e-02  9.343786e-01  7.009637e-01
-5.58621e+00  5.58621e+00       1.669e+12  3.898140e-01 -1.135574e-02  8.863810e-01  6.101860e-01
-5.17241e+00  5.58621e+00       1.432e+12  4.962604e-01  3.290279e-03  8.120197e-01  5.037396e-01
-4.75862e+00  5.58621e+00       1.098e+12  6.075787e-01  4.361657e-02  7.164027e-01  3.924213e-01
-4.34483e+00  5.58621e+00       7.338e+11  6.903594e-01  1.016998e-01  6.284607e-01  3.096406e-01
-3.93103e+00  5.58621e+00       4.460e+11  7.262151e-01  1.250177e-01  5.635484e-01  2.737849e-01
-3.51724e+00  5.58621e+00       3.476e+11  7.745192e-01  4.684976e-02  4.421079e-01  2.254808e-01
-3.10345e+00  5.58621e+00       3.845e+11  8.212986e-01 -4.141991e-02  1.829454e-01  1.787014e-01
-2.68966e+00  5.58621e+00       4.444e+11  7.914647e-01 -8.437506e-02 -1.751062e-01  2.085353e-01
-2.27586e+00  5.58621e+00       4.707e+11  6.886375e-01 -8.375897e-02 -5.043053e-01  3.113625e-01
-1.86207e+00  5.58621e+00       4.233e+11  5.220155e-01 -5.469196e-02 -7.189311e-01  4.779845e-01
-1.44828e+00  5.58621e+00       3.362e+11  2.323232e-01 -4.552609e-02 -8.429756e-01  7.676768e-01
-1.03448e+00  5.58621e+00       2.977e+11 -1.744421e-01 -9.798023e-02 -8.424639e-01  8.255579e-01
-6.20690e-01  5.58621e+00       3.120e+11 -5.093545e-01 -1.590188e-01 -6.653307e-01  4.906455e-01
-2.06897e-01  5.58621e+00       3.291e+11 -7.105723e-01 -1.867572e-01 -3.328439e-01  2.894277e-01
 2.06897e-01  5.58621e+00       3.326e+11 -7.422879e-01 -1.816015e-01  1.060071e-01  2.577121e-01
 6.20690e-01  5.58621e+00       3.334e+11 -5.386790e-01 -1.433734e-01  5.238723e-01  4.613210e-01
 1.03448e+00  5.58621e+00       3.521e+11 -1.263289e-01 -8.522493e-02  7.809791e-01  8.736711e-01
 1.44828e+00  5.58621e+00       4.026e+11  2.906284e-01 -4.854776e-02  8.292904e-01  7.093716e-01
 1.86207e+00  5.58621e+00       4.500e+11  5.507069e-01 -5.414071e-02  7.511532e-01  4.492931e-01
 2.27586e+00  5.58621e+00       4.395e+11  6.909390e-01 -8.655501e-02  5.954460e-01  3.090610e-01
 2.68966e+00  5.58621e+00       3.833e+11  7.771102e-01 -1.261892e-01  3.128323e-01  2.228898e-01
 3.10345e+00  5.58621e+00       3.493e+11  8.218512e-01 -1.238775e-01 -5.339817e-02  1.781488e-01
 3.51724e+00  5.58621e+00       3.628e+11  8.331102e-01 -4.617361e-02 -2.932863e-01  1.668898e-01
 3.93103e+00  5.58621e+00       3.999e+11  8.242697e-01  2.612515e-02 -3.892432e-01  1.757303e-01
 4.34483e+00  5.58621e+00       4.938e+11  7.413274e-01  2.083482e-02 -5.181434e-01  2.586726e-01
 4.75862e+00  5.58621e+00       7.996e+11  5.866851e-01 -1.570886e-02 -7.125676e-01  4.133149e-01
 5.17241e+00  5.58621e+00       1.333e+12  4.642887e-01 -1.964718e-02 -8.373019e-01  5.357113e-01
 5.58621e+00  5.58621e+00       1.783e+12  3.766319e-01 -5.598992e-03 -9.008324e-01  6.233681e-01
 6.00000e+00  5.58621e+00       1.868e+12  3.001354e-01  6.929398e-03 -9.376345e-01  6.998646e-01
-6.00000e+00  6.00000e+00       1.813e+12  4.058360e-01 -5.084619e-03  9.031093e-01  5.941640e-01
-5.58621e+00  6.00000e+00       1.859e+12  4.670158e-01 -1.029935e-02  8.662420e-01  5.329842e-01
-5.17241e+00  6.00000e+00       1.728e+12  5.536799e-01 -1.094923e-02  7.971761e-01  4.463201e-01
-4.75862e+00  6.00000e+00       1.505e+12  6.516333e-01  1.243777e-03  6.953001e-01  3.483667e-01
-4.34483e+00  6.00000e+00       1.216e+12  7.489333e-01  3.568731e-02  5.669441e-01  2.510667e-01
-3.93103e+00  6.00000e+00       8.744e+11  8.228196e-01  9.315480e-02  4.425561e-01  1.771804e-01
-3.51724e+00  6.00000e+00       5.281e+11  8.432928e-01  1.504144e-01  3.643879e-01  1.567072e-01
-3.10345e+00  6.00000e+00       3.132e+11  8.324077e-01  1.352935e-01  3.142103e-01  1.675923e-01
-2.68966e+00  6.00000e+00       2.714e+11  8.652748e-01  3.438429e-02  1.991953e-01  1.347252e-01
-2.27586e+00  6.00000e+00       2.877e+11  8.563553e-01 -5.540231e-02  1.610841e-02  1.436447e-01
-1.86207e+00  6.00000e+00       2.835e+11  7.121854e-01 -1.360422e-01 -2.496217e-01  2.878146e-01
-1.44828e+00  6.00000e+00       2.672e+11  3.592727e-01 -1.790101e-01 -5.193720e-01  6.407273e-01
-1.03448e+00  6.00000e+00       2.666e+11 -1.748294e-01 -2.132763e-01 -6.211909e-01  8.251706e-01
-6.20690e-01  6.00000e+00       2.923e+11 -5.948699e-01 -2.506981e-01 -4.725871e-01  4.051301e-01
-2.06897e-01  6.00000e+00       3.185e+11 -7.674279e-01 -2.570035e-01 -1.459057e-01  2.325721e-01
 2.06897e-01  6.00000e+00       3.264e+11 -7.407854e-01 -2.442472e-01  2.515252e-01  2.592146e-01
 6.20690e-01  6.00000e+00       3.069e+11 -5.670279e-01 -2.290046e-01  5.793669e-01  4.329721e-01
 1.03448e+00  6.00000e+00       2.561e+11 -2.935911e-01 -2.258272e-01  7.366211e-01  7.064089e-01
 1.44828e+00  6.00000e+00       2.114e+11  1.028963e-01 -2.660546e-01  6.537039e-01  8.971037e-01
 1.86207e+00  6.00000e+00       2.077e+11  4.963828e-01 -2.942220e-01  3.775270e-01  5.036172e-01
 2.27586e+00  6.00000e+00       2.299e+11  7.102204e-01 -2.164703e-01  1.021508e-01  2.897796e-01
 2.68966e+00  6.00000e+00       2.755e+11  8.177693e-01 -6.819958e-02 -6.586673e-02  1.822307e-01
 3.10345e+00  6.00000e+00       3.364e+11  8.757498e-01  3.900179e-02 -1.115731e-01  1.242502e-01
 3.51724e+00  6.00000e+00       3.837e+11  8.840757e-01  5.731452e-02 -1.569324e-01  1.159243e-01
 3.93103e+00  6.00000e+00       5.035e+11  8.226001e-01  8.276293e-03 -3.474132e-01  1.773999e-01
 4.34483e+00  6.00000e+00       8.591e+11  7.156692e-01 -2.343316e-02 -5.874232e-01  2.843308e-01
 4.75862e+00  6.00000e+00       1.421e+12  6.235995e-01 -1.717085e-02 -7.314100e-01  3.764005e-01
 5.17241e+00  6.00000e+00       1.894e+12  5.476924e-01 -2.598924e-04 -8.122196e-01  4.523076e-01
 5.58621e+00  6.00000e+00       2.022e+12  4.764362e-01  1.061898e-02 -8.649667e-01  5.235638e-01
 6.00000e+00  6.00000e+00       1.823e+12  4.068600e-01  9.770801e-03 -9.018902e-01  5.931400e-01
