 EB(GeV)    EMITTANCEx EMITTANCEy SIZEx(m)   SIZEy(m)   DIVx(rad)  DIVy(rad)
 1.500e+00  5.941e-09  5.941e-11  1.840e-04  1.299e-05  3.228e-05  4.574e-06
 betax      alphax     betay      alphay     eta        deta       E_spread  
 5.700e+00  0.000e+00  2.840e+00  0.000e+00  0.000e+00  0.000e+00  1.000e-03
 Ibeam(A) 
  2.000e-01


           x            y       F.Density            PL            PC          PL45        1-|PL|
          mm           mm  ph/s/mm^2/0.1%             -             -             -             -
-6.00000e+00 -6.00000e+00       1.895e+12  4.466535e-01  3.341530e-03 -8.757152e-01  5.533465e-01
-5.58621e+00 -6.00000e+00       2.067e+12  4.903984e-01  8.641728e-04 -8.479379e-01  5.096016e-01
-5.17241e+00 -6.00000e+00       1.851e+12  5.547249e-01 -2.998310e-03 -7.915505e-01  4.452751e-01
-4.75862e+00 -6.00000e+00       1.525e+12  6.480374e-01 -8.118394e-03 -6.892328e-01  3.519626e-01
-4.34483e+00 -6.00000e+00       1.261e+12  7.523600e-01 -1.742000e-02 -5.509733e-01  2.476400e-01
-3.93103e+00 -6.00000e+00       9.853e+11  8.320947e-01 -4.583910e-02 -4.213605e-01  1.679053e-01
-3.51724e+00 -6.00000e+00       6.396e+11  8.612383e-01 -9.752637e-02 -3.333210e-01  1.387617e-01
-3.10345e+00 -6.00000e+00       3.685e+11  8.412416e-01 -1.324033e-01 -2.678698e-01  1.587584e-01
-2.68966e+00 -6.00000e+00       2.789e+11  8.387669e-01 -8.065338e-02 -1.448017e-01  1.612331e-01
-2.27586e+00 -6.00000e+00       2.748e+11  8.388681e-01 -3.619663e-03  2.727316e-03  1.611319e-01
-1.86207e+00 -6.00000e+00       2.522e+11  7.511417e-01  7.647294e-02  1.881548e-01  2.488583e-01
-1.44828e+00 -6.00000e+00       2.154e+11  5.135680e-01  1.267014e-01  4.117854e-01  4.864320e-01
-1.03448e+00 -6.00000e+00       1.910e+11  2.411734e-02  1.308515e-01  5.075171e-01  9.758827e-01
-6.20690e-01 -6.00000e+00       1.985e+11 -5.349711e-01  1.715523e-01  3.448926e-01  4.650289e-01
-2.06897e-01 -6.00000e+00       2.261e+11 -7.775104e-01  2.138490e-01  2.467176e-02  2.224896e-01
 2.06897e-01 -6.00000e+00       2.355e+11 -7.444624e-01  1.977850e-01 -3.044150e-01  2.555376e-01
 6.20690e-01 -6.00000e+00       2.123e+11 -5.334078e-01  1.414977e-01 -5.533556e-01  4.665922e-01
 1.03448e+00 -6.00000e+00       1.867e+11 -1.249930e-01  1.224116e-01 -6.300757e-01  8.750070e-01
 1.44828e+00 -6.00000e+00       2.013e+11  3.539087e-01  1.739409e-01 -5.132617e-01  6.460913e-01
 1.86207e+00 -6.00000e+00       2.411e+11  6.244508e-01  1.765326e-01 -3.342132e-01  3.755492e-01
 2.27586e+00 -6.00000e+00       2.688e+11  7.436640e-01  1.024570e-01 -1.428626e-01  2.563360e-01
 2.68966e+00 -6.00000e+00       3.078e+11  8.231886e-01  2.898772e-03  8.199615e-03  1.768114e-01
 3.10345e+00 -6.00000e+00       3.621e+11  8.737131e-01 -3.330849e-02  8.453230e-02  1.262869e-01
 3.51724e+00 -6.00000e+00       4.276e+11  8.745946e-01 -6.332566e-04  1.835216e-01  1.254054e-01
 3.93103e+00 -6.00000e+00       6.149e+11  8.138177e-01  3.009034e-02  3.877756e-01  1.861823e-01
 4.34483e+00 -6.00000e+00       1.049e+12  7.244971e-01  2.202402e-02  5.853640e-01  2.755029e-01
 4.75862e+00 -6.00000e+00       1.608e+12  6.424692e-01  6.288844e-03  7.090648e-01  3.575308e-01
 5.17241e+00 -6.00000e+00       1.969e+12  5.629884e-01 -3.323360e-03  7.913207e-01  4.370116e-01
 5.58621e+00 -6.00000e+00       2.021e+12  4.816311e-01 -5.956333e-03  8.522307e-01  5.183689e-01
 6.00000e+00 -6.00000e+00       1.862e+12  4.124073e-01 -5.981289e-03  8.914712e-01  5.875927e-01
-6.00000e+00 -5.58621e+00       1.909e+12  3.215529e-01  1.659434e-03 -9.280062e-01  6.784471e-01
-5.58621e+00 -5.58621e+00       1.770e+12  3.928987e-01 -1.121256e-03 -8.859658e-01  6.071013e-01
-5.17241e+00 -5.58621e+00       1.478e+12  4.972846e-01 -5.473765e-03 -8.083031e-01  5.027154e-01
-4.75862e+00 -5.58621e+00       1.184e+12  6.157181e-01 -2.135915e-02 -7.050820e-01  3.842819e-01
-4.34483e+00 -5.58621e+00       8.574e+11  7.048841e-01 -6.070097e-02 -6.118597e-01  2.951159e-01
-3.93103e+00 -5.58621e+00       5.322e+11  7.445427e-01 -1.041695e-01 -5.381022e-01  2.554573e-01
-3.51724e+00 -5.58621e+00       3.630e+11  7.755624e-01 -8.224304e-02 -4.297628e-01  2.244376e-01
-3.10345e+00 -5.58621e+00       3.458e+11  8.138586e-01 -2.141582e-03 -2.238358e-01  1.861414e-01
-2.68966e+00 -5.58621e+00       3.787e+11  7.796566e-01  6.561093e-02  1.158723e-01  2.203434e-01
-2.27586e+00 -5.58621e+00       4.289e+11  6.591586e-01  9.928512e-02  4.932892e-01  3.408414e-01
-1.86207e+00 -5.58621e+00       4.445e+11  4.975121e-01  8.791962e-02  7.345868e-01  5.024879e-01
-1.44828e+00 -5.58621e+00       3.752e+11  2.820220e-01  5.977484e-02  8.520127e-01  7.179780e-01
-1.03448e+00 -5.58621e+00       2.789e+11 -3.899468e-02  7.133933e-02  8.614750e-01  9.610053e-01
-6.20690e-01 -5.58621e+00       2.271e+11 -4.220654e-01  1.500171e-01  6.766976e-01  5.779346e-01
-2.06897e-01 -5.58621e+00       2.178e+11 -6.835584e-01  2.154138e-01  2.998622e-01  3.164416e-01
 2.06897e-01 -5.58621e+00       2.248e+11 -6.955061e-01  2.014496e-01 -1.630815e-01  3.044939e-01
 6.20690e-01 -5.58621e+00       2.536e+11 -4.172815e-01  1.225794e-01 -5.988426e-01  5.827185e-01
 1.03448e+00 -5.58621e+00       3.212e+11 -1.363659e-02  5.968251e-02 -8.331879e-01  9.863634e-01
 1.44828e+00 -5.58621e+00       4.024e+11  3.063312e-01  5.197493e-02 -8.539947e-01  6.936688e-01
 1.86207e+00 -5.58621e+00       4.469e+11  5.281467e-01  6.464378e-02 -7.520675e-01  4.718533e-01
 2.27586e+00 -5.58621e+00       4.332e+11  6.886590e-01  7.385091e-02 -5.454029e-01  3.113410e-01
 2.68966e+00 -5.58621e+00       3.964e+11  8.003125e-01  8.318303e-02 -2.290258e-01  1.996875e-01
 3.10345e+00 -5.58621e+00       3.785e+11  8.442732e-01  6.792813e-02  8.070365e-02  1.557268e-01
 3.51724e+00 -5.58621e+00       3.900e+11  8.426720e-01  1.510892e-02  2.752478e-01  1.573280e-01
 3.93103e+00 -5.58621e+00       4.363e+11  8.155015e-01 -9.261153e-03  3.923871e-01  1.844985e-01
 4.34483e+00 -5.58621e+00       5.832e+11  7.212102e-01  1.180527e-02  5.500685e-01  2.787898e-01
 4.75862e+00 -5.58621e+00       9.652e+11  5.886585e-01  2.006037e-02  7.219665e-01  4.113415e-01
 5.17241e+00 -5.58621e+00       1.507e+12  4.826582e-01  1.056344e-02  8.279825e-01  5.173418e-01
 5.58621e+00 -5.58621e+00       1.866e+12  3.940799e-01  6.799573e-04  8.901749e-01  6.059201e-01
 6.00000e+00 -5.58621e+00       1.883e+12  3.101688e-01 -4.252172e-03  9.313996e-01  6.898312e-01
-6.00000e+00 -5.17241e+00       1.661e+12  2.217507e-01  7.370144e-04 -9.449848e-01  7.782493e-01
-5.58621e+00 -5.17241e+00       1.405e+12  3.267395e-01 -3.554523e-03 -8.929293e-01  6.732605e-01
-5.17241e+00 -5.17241e+00       1.097e+12  4.520049e-01 -2.258072e-02 -8.193603e-01  5.479951e-01
-4.75862e+00 -5.17241e+00       7.686e+11  5.529662e-01 -6.479067e-02 -7.479264e-01  4.470338e-01
-4.34483e+00 -5.17241e+00       4.942e+11  6.173530e-01 -9.377385e-02 -6.720162e-01  3.826470e-01
-3.93103e+00 -5.17241e+00       3.969e+11  7.048815e-01 -4.214759e-02 -5.069246e-01  2.951185e-01
-3.51724e+00 -5.17241e+00       4.457e+11  8.075352e-01  3.265163e-02 -2.086153e-01  1.924648e-01
-3.10345e+00 -5.17241e+00       5.303e+11  8.599893e-01  6.625463e-02  1.095500e-01  1.400107e-01
-2.68966e+00 -5.17241e+00       5.471e+11  8.451949e-01  7.350085e-02  3.508980e-01  1.548051e-01
-2.27586e+00 -5.17241e+00       4.767e+11  7.637477e-01  9.355531e-02  5.404015e-01  2.362523e-01
-1.86207e+00 -5.17241e+00       3.827e+11  6.365119e-01  1.279835e-01  6.933381e-01  3.634881e-01
-1.44828e+00 -5.17241e+00       3.006e+11  4.881462e-01  1.316440e-01  7.971870e-01  5.118538e-01
-1.03448e+00 -5.17241e+00       2.487e+11  3.330034e-01  1.316013e-01  8.399428e-01  6.669966e-01
-6.20690e-01 -5.17241e+00       2.081e+11  1.885216e-01  1.955007e-01  7.837092e-01  8.114784e-01
-2.06897e-01 -5.17241e+00       1.643e+11  7.399535e-03  3.064316e-01  5.734287e-01  9.926005e-01
 2.06897e-01 -5.17241e+00       1.418e+11 -2.226754e-01  3.586862e-01  1.718898e-01  7.773246e-01
 6.20690e-01 -5.17241e+00       1.536e+11 -2.860749e-01  2.588861e-01 -2.828027e-01  7.139251e-01
 1.03448e+00 -5.17241e+00       2.074e+11  2.079597e-02  1.154664e-01 -6.081040e-01  9.792040e-01
 1.44828e+00 -5.17241e+00       3.245e+11  4.234070e-01  6.148385e-02 -7.118370e-01  5.765930e-01
 1.86207e+00 -5.17241e+00       4.747e+11  6.549930e-01  5.656422e-02 -6.660937e-01  3.450070e-01
 2.27586e+00 -5.17241e+00       5.769e+11  7.830298e-01  5.002387e-02 -5.509281e-01  2.169702e-01
 2.68966e+00 -5.17241e+00       5.950e+11  8.630399e-01  4.585997e-02 -3.884205e-01  1.369601e-01
 3.10345e+00 -5.17241e+00       5.454e+11  8.913211e-01  5.059360e-02 -1.605100e-01  1.086789e-01
 3.51724e+00 -5.17241e+00       4.776e+11  8.623512e-01  5.537726e-02  1.331253e-01  1.376488e-01
 3.93103e+00 -5.17241e+00       4.358e+11  7.988058e-01  3.435939e-02  3.898350e-01  2.011942e-01
 4.34483e+00 -5.17241e+00       4.453e+11  7.242600e-01  9.154371e-04  5.477736e-01  2.757400e-01
 4.75862e+00 -5.17241e+00       5.708e+11  5.938558e-01  4.441321e-03  6.890620e-01  4.061442e-01
 5.17241e+00 -5.17241e+00       9.270e+11  4.305473e-01  1.618456e-02  8.269913e-01  5.694527e-01
 5.58621e+00 -5.17241e+00       1.428e+12  3.101708e-01  1.157392e-02  9.074365e-01  6.898292e-01
 6.00000e+00 -5.17241e+00       1.730e+12  2.179935e-01  2.653318e-03  9.493792e-01  7.820065e-01
-6.00000e+00 -4.75862e+00       1.320e+12  1.465254e-01 -1.055198e-03 -9.414283e-01  8.534746e-01
-5.58621e+00 -4.75862e+00       1.024e+12  2.736152e-01 -1.933754e-02 -8.929790e-01  7.263848e-01
-5.17241e+00 -4.75862e+00       7.149e+11  3.903609e-01 -6.115827e-02 -8.383169e-01  6.096391e-01
-4.75862e+00 -4.75862e+00       4.811e+11  4.869234e-01 -8.387080e-02 -7.605176e-01  5.130766e-01
-4.34483e+00 -4.75862e+00       4.264e+11  6.365692e-01 -2.450944e-02 -5.696092e-01  3.634308e-01
-3.93103e+00 -4.75862e+00       5.093e+11  8.011391e-01  3.931421e-02 -2.908035e-01  1.988609e-01
-3.51724e+00 -4.75862e+00       5.818e+11  8.986786e-01  6.346853e-02 -4.900018e-02  1.013214e-01
-3.10345e+00 -4.75862e+00       5.476e+11  9.310276e-01  7.988760e-02  1.319928e-01  6.897235e-02
-2.68966e+00 -4.75862e+00       4.504e+11  9.246886e-01  9.812503e-02  2.575262e-01  7.531144e-02
-2.27586e+00 -4.75862e+00       3.647e+11  9.034528e-01  6.410969e-02  3.042587e-01  9.654718e-02
-1.86207e+00 -4.75862e+00       3.187e+11  8.775187e-01 -4.112896e-02  2.751860e-01  1.224813e-01
-1.44828e+00 -4.75862e+00       2.940e+11  8.490637e-01 -9.137543e-02  1.872266e-01  1.509363e-01
-1.03448e+00 -4.75862e+00       2.448e+11  7.747294e-01 -2.047814e-02  2.362755e-02  2.252706e-01
-6.20690e-01 -4.75862e+00       1.853e+11  5.987765e-01  9.670412e-02 -2.317789e-01  4.012235e-01
-2.06897e-01 -4.75862e+00       1.613e+11  4.542372e-01  1.441800e-01 -4.546451e-01  5.457628e-01
 2.06897e-01 -4.75862e+00       1.723e+11  5.117304e-01  1.296854e-01 -4.716668e-01  4.882696e-01
 6.20690e-01 -4.75862e+00       1.863e+11  6.099006e-01  1.045184e-01 -3.223882e-01  3.900994e-01
 1.03448e+00 -4.75862e+00       1.826e+11  5.984358e-01  2.505603e-02 -1.469127e-01  4.015642e-01
 1.44828e+00 -4.75862e+00       1.792e+11  5.459821e-01 -8.381625e-02 -1.402217e-01  4.540179e-01
 1.86207e+00 -4.75862e+00       2.225e+11  6.573188e-01 -5.022028e-02 -2.962709e-01  3.426812e-01
 2.27586e+00 -4.75862e+00       3.554e+11  8.326656e-01  3.265651e-02 -3.302868e-01  1.673344e-01
 2.68966e+00 -4.75862e+00       5.426e+11  9.247324e-01  4.804269e-02 -2.535078e-01  7.526762e-02
 3.10345e+00 -4.75862e+00       6.555e+11  9.553026e-01  4.171256e-02 -1.471752e-01  4.469743e-02
 3.51724e+00 -4.75862e+00       6.315e+11  9.376786e-01  3.979856e-02  7.189566e-03  6.232138e-02
 3.93103e+00 -4.75862e+00       5.398e+11  8.598996e-01  4.345381e-02  2.412147e-01  1.401004e-01
 4.34483e+00 -4.75862e+00       4.628e+11  7.409274e-01  3.358919e-02  4.913273e-01  2.590726e-01
 4.75862e+00 -4.75862e+00       4.463e+11  6.137786e-01  5.420118e-03  6.650570e-01  3.862214e-01
 5.17241e+00 -4.75862e+00       5.670e+11  4.379350e-01  3.128564e-03  7.958116e-01  5.620650e-01
 5.58621e+00 -4.75862e+00       9.159e+11  2.545313e-01  1.414813e-02  8.985091e-01  7.454687e-01
 6.00000e+00 -4.75862e+00       1.355e+12  1.313677e-01  1.137039e-02  9.511027e-01  8.686323e-01
-6.00000e+00 -4.34483e+00       9.646e+11  8.839606e-02 -1.258368e-02 -9.282299e-01  9.116039e-01
-5.58621e+00 -4.34483e+00       6.808e+11  2.203582e-01 -5.198295e-02 -8.909592e-01  7.796418e-01
-5.17241e+00 -4.34483e+00       4.695e+11  3.468975e-01 -7.904314e-02 -8.243390e-01  6.531025e-01
-4.75862e+00 -4.34483e+00       4.247e+11  5.422768e-01 -2.482502e-02 -6.493368e-01  4.577232e-01
-4.34483e+00 -4.34483e+00       5.096e+11  7.510569e-01  3.724984e-02 -4.100824e-01  2.489431e-01
-3.93103e+00 -4.34483e+00       5.655e+11  8.804479e-01  6.294997e-02 -2.146181e-01  1.195521e-01
-3.51724e+00 -4.34483e+00       5.124e+11  9.425655e-01  7.940363e-02 -7.839933e-02  5.743451e-02
-3.10345e+00 -4.34483e+00       4.190e+11  9.582700e-01  7.501138e-02 -1.903985e-02  4.172996e-02
-2.68966e+00 -4.34483e+00       3.452e+11  9.340056e-01  2.930621e-02 -4.559635e-02  6.599437e-02
-2.27586e+00 -4.34483e+00       2.684e+11  8.692075e-01  6.048940e-03 -9.638057e-02  1.307925e-01
-1.86207e+00 -4.34483e+00       1.752e+11  7.409428e-01  1.456746e-03 -1.062021e-01  2.590572e-01
-1.44828e+00 -4.34483e+00       1.056e+11  5.030748e-01 -1.793061e-01 -3.446688e-02  4.969252e-01
-1.03448e+00 -4.34483e+00       7.386e+10  2.411028e-01 -5.439508e-01  6.076736e-02  7.588972e-01
-6.20690e-01 -4.34483e+00       5.904e+10  1.328466e-01 -7.323725e-01 -2.550713e-03  8.671534e-01
-2.06897e-01 -4.34483e+00       5.563e+10  2.354275e-01 -6.989882e-01 -2.581809e-01  7.645725e-01
 2.06897e-01 -4.34483e+00       6.940e+10  4.361612e-01 -5.920332e-01 -4.619407e-01  5.638388e-01
 6.20690e-01 -4.34483e+00       1.006e+11  5.988178e-01 -4.913014e-01 -4.783927e-01  4.011822e-01
 1.03448e+00 -4.34483e+00       1.426e+11  7.367283e-01 -3.556868e-01 -3.656037e-01  2.632717e-01
 1.44828e+00 -4.34483e+00       1.876e+11  8.404535e-01 -1.773735e-01 -2.039639e-01  1.595465e-01
 1.86207e+00 -4.34483e+00       2.201e+11  8.668683e-01 -4.510707e-02 -8.379629e-02  1.331317e-01
 2.27586e+00 -4.34483e+00       2.346e+11  8.475323e-01  5.295798e-03 -5.017208e-02  1.524677e-01
 2.68966e+00 -4.34483e+00       2.961e+11  8.857190e-01  3.229794e-02 -5.571693e-02  1.142810e-01
 3.10345e+00 -4.34483e+00       4.577e+11  9.494937e-01  4.817662e-02 -7.190021e-03  5.050626e-02
 3.51724e+00 -4.34483e+00       6.165e+11  9.654515e-01  4.378082e-02  7.159017e-02  3.454853e-02
 3.93103e+00 -4.34483e+00       6.351e+11  9.279228e-01  3.791143e-02  1.851159e-01  7.207722e-02
 4.34483e+00 -4.34483e+00       5.445e+11  8.198875e-01  3.767804e-02  3.720941e-01  1.801125e-01
 4.75862e+00 -4.34483e+00       4.533e+11  6.584907e-01  2.837576e-02  5.940832e-01  3.415093e-01
 5.17241e+00 -4.34483e+00       4.326e+11  4.795685e-01  4.063185e-03  7.583296e-01  5.204315e-01
 5.58621e+00 -4.34483e+00       5.709e+11  2.572390e-01  4.086088e-03  8.677188e-01  7.427610e-01
 6.00000e+00 -4.34483e+00       9.159e+11  6.937932e-02  1.381674e-02  9.338753e-01  9.306207e-01
-6.00000e+00 -3.93103e+00       6.567e+11  4.276717e-02 -3.679318e-02 -9.096223e-01  9.572328e-01
-5.58621e+00 -3.93103e+00       4.543e+11  1.915268e-01 -7.436498e-02 -8.661589e-01  8.084732e-01
-5.17241e+00 -3.93103e+00       3.951e+11  4.123865e-01 -3.665560e-02 -7.291169e-01  5.876135e-01
-4.75862e+00 -3.93103e+00       4.664e+11  6.622422e-01  2.982168e-02 -5.235094e-01  3.377578e-01
-4.34483e+00 -3.93103e+00       5.212e+11  8.243037e-01  6.044755e-02 -3.550904e-01  1.756963e-01
-3.93103e+00 -3.93103e+00       4.724e+11  9.070140e-01  7.628830e-02 -2.455949e-01  9.298600e-02
-3.51724e+00 -3.93103e+00       3.822e+11  9.245516e-01  7.118359e-02 -2.148481e-01  7.544837e-02
-3.10345e+00 -3.93103e+00       2.983e+11  8.856898e-01  4.227134e-02 -2.429293e-01  1.143102e-01
-2.68966e+00 -3.93103e+00       2.071e+11  8.150618e-01  1.279955e-02 -2.255268e-01  1.849382e-01
-2.27586e+00 -3.93103e+00       1.275e+11  7.329920e-01 -8.532679e-02 -4.747471e-02  2.670080e-01
-1.86207e+00 -3.93103e+00       8.961e+10  6.510370e-01 -2.657824e-01  2.743302e-01  3.489630e-01
-1.44828e+00 -3.93103e+00       8.120e+10  5.124218e-01 -3.174293e-01  4.830980e-01  4.875782e-01
-1.03448e+00 -3.93103e+00       7.951e+10  2.878758e-01 -2.517197e-01  4.840995e-01  7.121242e-01
-6.20690e-01 -3.93103e+00       8.238e+10  9.919589e-02 -1.610076e-01  2.760307e-01  9.008041e-01
-2.06897e-01 -3.93103e+00       9.751e+10  1.227713e-01 -9.953542e-02 -6.795109e-02  8.772287e-01
 2.06897e-01 -3.93103e+00       1.298e+11  3.585774e-01 -9.291013e-02 -3.638158e-01  6.414226e-01
 6.20690e-01 -3.93103e+00       1.712e+11  5.973227e-01 -1.166146e-01 -4.972289e-01  4.026773e-01
 1.03448e+00 -3.93103e+00       1.920e+11  7.241167e-01 -1.432376e-01 -5.174869e-01  2.758833e-01
 1.44828e+00 -3.93103e+00       1.822e+11  7.880924e-01 -1.758669e-01 -4.356598e-01  2.119076e-01
 1.86207e+00 -3.93103e+00       1.817e+11  8.567711e-01 -1.858949e-01 -2.082625e-01  1.432289e-01
 2.27586e+00 -3.93103e+00       2.124e+11  8.998613e-01 -1.183598e-01  2.107842e-02  1.001387e-01
 2.68966e+00 -3.93103e+00       2.432e+11  8.959217e-01 -2.882000e-02  1.272156e-01  1.040783e-01
 3.10345e+00 -3.93103e+00       2.865e+11  9.015615e-01  3.378111e-02  1.464440e-01  9.843851e-02
 3.51724e+00 -3.93103e+00       4.104e+11  9.336225e-01  5.442809e-02  1.763409e-01  6.637747e-02
 3.93103e+00 -3.93103e+00       5.586e+11  9.355075e-01  4.768923e-02  2.384508e-01  6.449247e-02
 4.34483e+00 -3.93103e+00       5.859e+11  8.806016e-01  3.886736e-02  3.343740e-01  1.193984e-01
 4.75862e+00 -3.93103e+00       5.001e+11  7.443507e-01  3.514958e-02  4.969951e-01  2.556493e-01
 5.17241e+00 -3.93103e+00       4.127e+11  5.457569e-01  2.233226e-02  6.905147e-01  4.542431e-01
 5.58621e+00 -3.93103e+00       4.118e+11  3.125165e-01  1.721751e-03  8.278085e-01  6.874835e-01
 6.00000e+00 -3.93103e+00       5.852e+11  5.769044e-02  7.596636e-03  9.019121e-01  9.423096e-01
-6.00000e+00 -3.51724e+00       4.289e+11  7.486833e-02 -1.458665e-01 -8.599283e-01  9.251317e-01
-5.58621e+00 -3.51724e+00       3.628e+11  2.861582e-01 -1.113952e-01 -7.906801e-01  7.138418e-01
-5.17241e+00 -3.51724e+00       4.057e+11  5.524609e-01 -3.482381e-03 -6.237943e-01  4.475391e-01
-4.75862e+00 -3.51724e+00       4.664e+11  7.468085e-01  5.301507e-02 -4.676976e-01  2.531915e-01
-4.34483e+00 -3.51724e+00       4.356e+11  8.503733e-01  7.355585e-02 -3.658934e-01  1.496267e-01
-3.93103e+00 -3.51724e+00       3.498e+11  8.778735e-01  7.418990e-02 -3.353799e-01  1.221265e-01
-3.51724e+00 -3.51724e+00       2.645e+11  8.416625e-01  5.372063e-02 -3.500085e-01  1.583375e-01
-3.10345e+00 -3.51724e+00       1.857e+11  8.017730e-01  1.369408e-02 -2.802375e-01  1.982270e-01
-2.68966e+00 -3.51724e+00       1.562e+11  8.356161e-01 -6.633113e-02  1.587810e-02  1.643839e-01
-2.27586e+00 -3.51724e+00       2.601e+11  8.770924e-01 -8.585180e-02  3.231397e-01  1.229076e-01
-1.86207e+00 -3.51724e+00       5.627e+11  8.389125e-01 -7.621167e-02  4.673190e-01  1.610875e-01
-1.44828e+00 -3.51724e+00       9.395e+11  7.620260e-01 -7.521059e-02  5.680850e-01  2.379740e-01
-1.03448e+00 -3.51724e+00       1.056e+12  6.404310e-01 -5.773613e-02  6.525461e-01  3.595690e-01
-6.20690e-01 -3.51724e+00       8.274e+11  4.342761e-01  1.153523e-03  6.623934e-01  5.657239e-01
-2.06897e-01 -3.51724e+00       5.721e+11  1.581119e-01  9.138037e-02  3.359795e-01  8.418881e-01
 2.06897e-01 -3.51724e+00       5.848e+11  1.810753e-01  5.780270e-02 -3.746267e-01  8.189247e-01
 6.20690e-01 -3.51724e+00       8.831e+11  4.728091e-01 -4.884195e-02 -6.596474e-01  5.271909e-01
 1.03448e+00 -3.51724e+00       1.179e+12  6.726946e-01 -8.733075e-02 -6.296572e-01  3.273054e-01
 1.44828e+00 -3.51724e+00       1.116e+12  7.883757e-01 -8.303813e-02 -5.317352e-01  2.116243e-01
 1.86207e+00 -3.51724e+00       7.459e+11  8.668643e-01 -7.055026e-02 -4.023575e-01  1.331357e-01
 2.27586e+00 -3.51724e+00       4.155e+11  9.200889e-01 -7.731927e-02 -2.210901e-01  7.991109e-02
 2.68966e+00 -3.51724e+00       2.712e+11  9.256616e-01 -8.544983e-02  2.844464e-02  7.433841e-02
 3.10345e+00 -3.51724e+00       2.472e+11  8.939098e-01 -3.384532e-02  2.218408e-01  1.060902e-01
 3.51724e+00 -3.51724e+00       2.803e+11  8.860878e-01  3.426025e-02  2.794238e-01  1.139122e-01
 3.93103e+00 -3.51724e+00       3.872e+11  9.034078e-01  5.839452e-02  3.074000e-01  9.659221e-02
 4.34483e+00 -3.51724e+00       5.079e+11  8.902644e-01  5.017845e-02  3.607125e-01  1.097356e-01
 4.75862e+00 -3.51724e+00       5.096e+11  8.156696e-01  4.008244e-02  4.464579e-01  1.843304e-01
 5.17241e+00 -3.51724e+00       4.045e+11  6.497453e-01  2.925617e-02  5.872286e-01  3.502547e-01
 5.58621e+00 -3.51724e+00       3.104e+11  4.032881e-01 -4.151982e-03  7.483505e-01  5.967119e-01
 6.00000e+00 -3.51724e+00       3.250e+11  1.121450e-01 -2.772350e-02  8.413589e-01  8.878550e-01
-6.00000e+00 -3.10345e+00       3.066e+11  9.992200e-02 -1.485846e-01 -7.969841e-01  9.000780e-01
-5.58621e+00 -3.10345e+00       3.218e+11  3.886844e-01 -5.427769e-02 -6.845062e-01  6.113156e-01
-5.17241e+00 -3.10345e+00       3.877e+11  6.478933e-01  2.438897e-02 -5.420543e-01  3.521067e-01
-4.75862e+00 -3.10345e+00       3.959e+11  7.911228e-01  5.995329e-02 -4.454563e-01  2.088772e-01
-4.34483e+00 -3.10345e+00       3.279e+11  8.383721e-01  7.621399e-02 -4.075897e-01  1.616279e-01
-3.93103e+00 -3.10345e+00       2.475e+11  8.155144e-01  6.560374e-02 -4.098938e-01  1.844856e-01
-3.51724e+00 -3.10345e+00       1.978e+11  8.144330e-01  2.614795e-02 -3.122295e-01  1.855670e-01
-3.10345e+00 -3.10345e+00       2.923e+11  9.277882e-01 -1.760023e-02 -3.790596e-02  7.221178e-02
-2.68966e+00 -3.10345e+00       7.380e+11  9.799734e-01 -1.303170e-02  9.022330e-02  2.002664e-02
-2.27586e+00 -3.10345e+00       1.437e+12  9.819725e-01 -1.472789e-03  1.380017e-01  1.802746e-02
-1.86207e+00 -3.10345e+00       1.688e+12  9.736407e-01  1.324328e-02  1.752085e-01  2.635932e-02
-1.44828e+00 -3.10345e+00       1.172e+12  9.554155e-01  3.904312e-02  2.125606e-01  4.458447e-02
-1.03448e+00 -3.10345e+00       5.426e+11  9.138665e-01  9.332980e-02  2.516081e-01  8.613348e-02
-6.20690e-01 -3.10345e+00       2.620e+11  8.555154e-01  1.945971e-01  2.500364e-01  1.444846e-01
-2.06897e-01 -3.10345e+00       2.006e+11  8.427460e-01  2.547105e-01  1.598599e-01  1.572540e-01
 2.06897e-01 -3.10345e+00       1.967e+11  8.510145e-01  2.112354e-01  1.770123e-02  1.489855e-01
 6.20690e-01 -3.10345e+00       2.816e+11  8.945377e-01  7.318532e-02 -1.453759e-01  1.054623e-01
 1.03448e+00 -3.10345e+00       6.244e+11  9.481369e-01 -7.127255e-03 -1.975688e-01  5.186312e-02
 1.44828e+00 -3.10345e+00       1.302e+12  9.707337e-01 -2.504475e-02 -1.866439e-01  2.926628e-02
 1.86207e+00 -3.10345e+00       1.856e+12  9.794336e-01 -3.217980e-02 -1.622134e-01  2.056640e-02
 2.27586e+00 -3.10345e+00       1.642e+12  9.838370e-01 -3.698453e-02 -1.271857e-01  1.616303e-02
 2.68966e+00 -3.10345e+00       9.280e+11  9.825866e-01 -4.359596e-02 -6.701927e-02  1.741343e-02
 3.10345e+00 -3.10345e+00       4.258e+11  9.561397e-01 -5.223817e-02  7.130690e-02  4.386029e-02
 3.51724e+00 -3.10345e+00       2.662e+11  8.916856e-01 -1.983339e-02  2.750696e-01  1.083144e-01
 3.93103e+00 -3.10345e+00       2.769e+11  8.674625e-01  4.360725e-02  3.621189e-01  1.325375e-01
 4.34483e+00 -3.10345e+00       3.732e+11  8.748484e-01  6.038456e-02  3.923351e-01  1.251516e-01
 4.75862e+00 -3.10345e+00       4.480e+11  8.444830e-01  4.679338e-02  4.394106e-01  1.555170e-01
 5.17241e+00 -3.10345e+00       4.096e+11  7.302082e-01  3.119276e-02  5.320459e-01  2.697918e-01
 5.58621e+00 -3.10345e+00       3.211e+11  5.100599e-01  8.470509e-03  6.835712e-01  4.899401e-01
 6.00000e+00 -3.10345e+00       2.775e+11  2.373776e-01 -2.481396e-02  8.045681e-01  7.626224e-01
-6.00000e+00 -2.68966e+00       2.697e+11  1.987133e-01 -1.099772e-01 -7.504025e-01  8.012867e-01
-5.58621e+00 -2.68966e+00       3.060e+11  5.135776e-01 -6.631963e-03 -6.044588e-01  4.864224e-01
-5.17241e+00 -2.68966e+00       3.436e+11  7.228948e-01  3.986297e-02 -4.932570e-01  2.771052e-01
-4.75862e+00 -2.68966e+00       3.112e+11  8.095964e-01  6.524685e-02 -4.432851e-01  1.904036e-01
-4.34483e+00 -2.68966e+00       2.413e+11  8.086530e-01  7.387535e-02 -4.374465e-01  1.913470e-01
-3.93103e+00 -2.68966e+00       2.088e+11  8.186327e-01  4.455685e-02 -3.611893e-01  1.813673e-01
-3.51724e+00 -2.68966e+00       3.741e+11  9.376578e-01  6.986826e-03 -1.581366e-01  6.234216e-02
-3.10345e+00 -2.68966e+00       9.723e+11  9.873427e-01  5.974514e-03 -7.972897e-02  1.265732e-02
-2.68966e+00 -2.68966e+00       1.731e+12  9.950065e-01  1.185747e-02 -5.374633e-02  4.993513e-03
-2.27586e+00 -2.68966e+00       1.788e+12  9.956342e-01  2.075171e-02 -3.362482e-02  4.365763e-03
-1.86207e+00 -2.68966e+00       1.155e+12  9.928317e-01  3.845301e-02 -1.372403e-02  7.168268e-03
-1.44828e+00 -2.68966e+00       7.165e+11  9.865621e-01  6.862189e-02  5.610810e-04  1.343788e-02
-1.03448e+00 -2.68966e+00       8.021e+11  9.862042e-01  8.881769e-02  4.871502e-03  1.379575e-02
-6.20690e-01 -2.68966e+00       1.156e+12  9.894234e-01  8.978509e-02  1.363909e-02  1.057659e-02
-2.06897e-01 -2.68966e+00       1.395e+12  9.902060e-01  8.495697e-02  3.454572e-02  9.794037e-03
 2.06897e-01 -2.68966e+00       1.277e+12  9.871909e-01  8.422955e-02  6.766127e-02  1.280908e-02
 6.20690e-01 -2.68966e+00       8.760e+11  9.788167e-01  8.774848e-02  1.066874e-01  2.118329e-02
 1.03448e+00 -2.68966e+00       5.116e+11  9.658360e-01  7.178122e-02  1.303531e-01  3.416401e-02
 1.44828e+00 -2.68966e+00       5.243e+11  9.734841e-01  6.242974e-03  8.023080e-02  2.651590e-02
 1.86207e+00 -2.68966e+00       1.098e+12  9.904231e-01 -2.063035e-02  4.490410e-02  9.576871e-03
 2.27586e+00 -2.68966e+00       1.862e+12  9.951616e-01 -2.458519e-02  4.550259e-02  4.838440e-03
 2.68966e+00 -2.68966e+00       1.897e+12  9.949108e-01 -2.744205e-02  5.701341e-02  5.089162e-03
 3.10345e+00 -2.68966e+00       1.150e+12  9.887109e-01 -3.235780e-02  8.456917e-02  1.128907e-02
 3.51724e+00 -2.68966e+00       4.980e+11  9.574931e-01 -3.568826e-02  1.681846e-01  4.250690e-02
 3.93103e+00 -2.68966e+00       2.689e+11  8.840516e-01  7.961663e-04  3.294657e-01  1.159484e-01
 4.34483e+00 -2.68966e+00       2.753e+11  8.579138e-01  5.475762e-02  4.084718e-01  1.420862e-01
 4.75862e+00 -2.68966e+00       3.541e+11  8.528176e-01  5.593470e-02  4.386961e-01  1.471824e-01
 5.17241e+00 -2.68966e+00       3.759e+11  7.899243e-01  3.842773e-02  4.934386e-01  2.100757e-01
 5.58621e+00 -2.68966e+00       3.110e+11  6.168483e-01  1.979104e-02  6.038198e-01  3.831517e-01
 6.00000e+00 -2.68966e+00       2.414e+11  3.272276e-01 -1.215706e-02  7.428639e-01  6.727724e-01
-6.00000e+00 -2.27586e+00       2.245e+11  3.472150e-01 -2.471717e-02 -6.725559e-01  6.527850e-01
-5.58621e+00 -2.27586e+00       2.762e+11  6.515077e-01  1.412751e-02 -5.315421e-01  3.484923e-01
-5.17241e+00 -2.27586e+00       2.917e+11  7.822814e-01  4.536691e-02 -4.646269e-01  2.177186e-01
-4.75862e+00 -2.27586e+00       2.413e+11  8.139126e-01  7.288930e-02 -4.418005e-01  1.860874e-01
-4.34483e+00 -2.27586e+00       2.000e+11  8.160860e-01  6.469373e-02 -4.027462e-01  1.839140e-01
-3.93103e+00 -2.27586e+00       3.281e+11  9.148588e-01  2.295780e-02 -2.501159e-01  8.514122e-02
-3.51724e+00 -2.27586e+00       8.780e+11  9.740249e-01  1.298098e-02 -1.754511e-01  2.597511e-02
-3.10345e+00 -2.27586e+00       1.671e+12  9.852715e-01  1.478398e-02 -1.556236e-01  1.472849e-02
-2.68966e+00 -2.27586e+00       1.859e+12  9.878283e-01  1.966193e-02 -1.438047e-01  1.217173e-02
-2.27586e+00 -2.27586e+00       1.397e+12  9.876864e-01  3.159490e-02 -1.358681e-01  1.231360e-02
-1.86207e+00 -2.27586e+00       1.258e+12  9.857961e-01  4.195240e-02 -1.359784e-01  1.420388e-02
-1.44828e+00 -2.27586e+00       1.881e+12  9.882320e-01  3.219124e-02 -1.193724e-01  1.176802e-02
-1.03448e+00 -2.27586e+00       3.424e+12  9.936150e-01  2.243997e-02 -7.847438e-02  6.385017e-03
-6.20690e-01 -2.27586e+00       6.065e+12  9.970605e-01  1.769317e-02 -4.050374e-02  2.939546e-03
-2.06897e-01 -2.27586e+00       8.418e+12  9.982110e-01  1.332223e-02 -1.034326e-02  1.789031e-03
 2.06897e-01 -2.27586e+00       8.171e+12  9.979390e-01  9.205234e-03  1.959909e-02  2.061012e-03
 6.20690e-01 -2.27586e+00       5.463e+12  9.958693e-01  6.119361e-03  5.555712e-02  4.130717e-03
 1.03448e+00 -2.27586e+00       2.695e+12  9.898472e-01  5.117428e-03  1.069462e-01  1.015275e-02
 1.44828e+00 -2.27586e+00       1.189e+12  9.778483e-01  8.061978e-03  1.718759e-01  2.215173e-02
 1.86207e+00 -2.27586e+00       7.496e+11  9.716020e-01  7.861395e-04  1.907164e-01  2.839795e-02
 2.27586e+00 -2.27586e+00       1.145e+12  9.817823e-01 -1.698654e-02  1.570145e-01  1.821773e-02
 2.68966e+00 -2.27586e+00       1.838e+12  9.861361e-01 -2.189818e-02  1.489150e-01  1.386387e-02
 3.10345e+00 -2.27586e+00       1.795e+12  9.855712e-01 -2.450265e-02  1.535572e-01  1.442881e-02
 3.51724e+00 -2.27586e+00       1.027e+12  9.777257e-01 -2.799382e-02  1.738190e-01  2.227429e-02
 3.93103e+00 -2.27586e+00       4.264e+11  9.409611e-01 -2.214759e-02  2.476516e-01  5.903890e-02
 4.34483e+00 -2.27586e+00       2.485e+11  8.744107e-01  2.893349e-02  3.757653e-01  1.255893e-01
 4.75862e+00 -2.27586e+00       2.771e+11  8.594082e-01  6.114408e-02  4.261861e-01  1.405918e-01
 5.17241e+00 -2.27586e+00       3.226e+11  8.352663e-01  4.887463e-02  4.570137e-01  1.647337e-01
 5.58621e+00 -2.27586e+00       2.876e+11  7.305027e-01  3.535278e-02  5.210404e-01  2.694973e-01
 6.00000e+00 -2.27586e+00       2.134e+11  4.555733e-01  2.023683e-02  6.469005e-01  5.444267e-01
-6.00000e+00 -1.86207e+00       2.025e+11  5.640737e-01  6.077517e-03 -5.523205e-01  4.359263e-01
-5.58621e+00 -1.86207e+00       2.643e+11  7.294101e-01  5.581923e-02 -4.891411e-01  2.705899e-01
-5.17241e+00 -1.86207e+00       2.456e+11  8.065545e-01  8.488440e-02 -4.320016e-01  1.934455e-01
-4.75862e+00 -1.86207e+00       1.911e+11  8.270341e-01  8.094028e-02 -4.004985e-01  1.729659e-01
-4.34483e+00 -1.86207e+00       2.334e+11  8.846848e-01  3.890401e-02 -3.105857e-01  1.153152e-01
-3.93103e+00 -1.86207e+00       6.090e+11  9.585571e-01  1.770256e-02 -2.225464e-01  4.144294e-02
-3.51724e+00 -1.86207e+00       1.375e+12  9.765100e-01  1.606602e-02 -2.004620e-01  2.348997e-02
-3.10345e+00 -1.86207e+00       1.853e+12  9.800695e-01  1.788194e-02 -1.924055e-01  1.993050e-02
-2.68966e+00 -1.86207e+00       1.674e+12  9.806521e-01  2.342851e-02 -1.875746e-01  1.934788e-02
-2.27586e+00 -1.86207e+00       2.109e+12  9.818160e-01  2.433945e-02 -1.778997e-01  1.818405e-02
-1.86207e+00 -1.86207e+00       5.857e+12  9.862864e-01  1.272879e-02 -1.555474e-01  1.371356e-02
-1.44828e+00 -1.86207e+00       1.688e+13  9.900076e-01  3.032430e-03 -1.323782e-01  9.992407e-03
-1.03448e+00 -1.86207e+00       3.593e+13  9.930506e-01 -4.321434e-03 -1.056506e-01  6.949365e-03
-6.20690e-01 -1.86207e+00       5.571e+13  9.957406e-01 -9.674313e-03 -7.124617e-02  4.259449e-03
-2.06897e-01 -1.86207e+00       6.725e+13  9.975676e-01 -1.303517e-02 -2.897553e-02  2.432449e-03
 2.06897e-01 -1.86207e+00       6.700e+13  9.978448e-01 -1.508147e-02  1.650945e-02  2.155198e-03
 6.20690e-01 -1.86207e+00       5.480e+13  9.965225e-01 -1.671416e-02  5.832517e-02  3.477509e-03
 1.03448e+00 -1.86207e+00       3.438e+13  9.941559e-01 -1.820903e-02  9.293831e-02  5.844101e-03
 1.44828e+00 -1.86207e+00       1.527e+13  9.910205e-01 -1.917507e-02  1.219756e-01  8.979468e-03
 1.86207e+00 -1.86207e+00       4.679e+12  9.860024e-01 -1.856780e-02  1.522635e-01  1.399756e-02
 2.27586e+00 -1.86207e+00       1.412e+12  9.771930e-01 -1.575972e-02  1.907137e-01  2.280697e-02
 2.68966e+00 -1.86207e+00       1.363e+12  9.777061e-01 -1.730821e-02  1.939918e-01  2.229393e-02
 3.10345e+00 -1.86207e+00       1.821e+12  9.801610e-01 -1.934321e-02  1.888379e-01  1.983895e-02
 3.51724e+00 -1.86207e+00       1.485e+12  9.787162e-01 -2.156846e-02  1.929553e-01  2.128380e-02
 3.93103e+00 -1.86207e+00       7.251e+11  9.670057e-01 -2.269667e-02  2.170205e-01  3.299426e-02
 4.34483e+00 -1.86207e+00       3.013e+11  9.219177e-01 -1.051084e-03  3.005957e-01  7.808233e-02
 4.75862e+00 -1.86207e+00       2.340e+11  8.763605e-01  5.177517e-02  3.941042e-01  1.236395e-01
 5.17241e+00 -1.86207e+00       2.855e+11  8.568357e-01  5.832082e-02  4.319853e-01  1.431643e-01
 5.58621e+00 -1.86207e+00       2.903e+11  7.958813e-01  4.479922e-02  4.869381e-01  2.041187e-01
 6.00000e+00 -1.86207e+00       2.288e+11  6.594097e-01  3.884492e-02  5.847100e-01  3.405903e-01
-6.00000e+00 -1.44828e+00       1.836e+11  6.625428e-01  3.925694e-02 -4.522789e-01  3.374572e-01
-5.58621e+00 -1.44828e+00       2.082e+11  8.193290e-01  4.901333e-02 -3.537737e-01  1.806710e-01
-5.17241e+00 -1.44828e+00       1.851e+11  8.725326e-01  3.635303e-02 -3.359648e-01  1.274674e-01
-4.75862e+00 -1.44828e+00       1.726e+11  8.855339e-01  3.444893e-02 -3.270922e-01  1.144661e-01
-4.34483e+00 -1.44828e+00       3.381e+11  9.431110e-01  2.209163e-02 -2.435359e-01  5.688896e-02
-3.93103e+00 -1.44828e+00       9.109e+11  9.728283e-01  1.561666e-02 -2.068664e-01  2.717169e-02
-3.51724e+00 -1.44828e+00       1.623e+12  9.787636e-01  1.530621e-02 -1.984113e-01  2.123638e-02
-3.10345e+00 -1.44828e+00       1.815e+12  9.798168e-01  1.709224e-02 -1.953141e-01  2.018323e-02
-2.68966e+00 -1.44828e+00       2.306e+12  9.804996e-01  1.638044e-02 -1.904064e-01  1.950043e-02
-2.27586e+00 -1.44828e+00       6.370e+12  9.831759e-01  6.827692e-03 -1.778476e-01  1.682409e-02
-1.86207e+00 -1.44828e+00       1.799e+13  9.857179e-01 -1.231638e-03 -1.642891e-01  1.428209e-02
-1.44828e+00 -1.44828e+00       3.457e+13  9.882178e-01 -6.973614e-03 -1.478949e-01  1.178220e-02
-1.03448e+00 -1.44828e+00       4.420e+13  9.910428e-01 -1.053649e-02 -1.253745e-01  8.957172e-03
-6.20690e-01 -1.44828e+00       4.121e+13  9.941921e-01 -1.119272e-02 -9.145679e-02  5.807851e-03
-2.06897e-01 -1.44828e+00       3.473e+13  9.969260e-01 -8.529853e-03 -3.699196e-02  3.073980e-03
 2.06897e-01 -1.44828e+00       3.523e+13  9.972600e-01 -6.002983e-03  3.118827e-02  2.739997e-03
 6.20690e-01 -1.44828e+00       4.232e+13  9.951688e-01 -7.702234e-03  8.246863e-02  4.831224e-03
 1.03448e+00 -1.44828e+00       4.479e+13  9.925277e-01 -1.162851e-02  1.138283e-01  7.472266e-03
 1.44828e+00 -1.44828e+00       3.385e+13  9.900029e-01 -1.564563e-02  1.352119e-01  9.997055e-03
 1.86207e+00 -1.44828e+00       1.656e+13  9.874857e-01 -1.898550e-02  1.522488e-01  1.251429e-02
 2.27586e+00 -1.44828e+00       5.192e+12  9.841692e-01 -2.091905e-02  1.696722e-01  1.583077e-02
 2.68966e+00 -1.44828e+00       1.655e+12  9.794231e-01 -1.839293e-02  1.898345e-01  2.057694e-02
 3.10345e+00 -1.44828e+00       1.579e+12  9.801614e-01 -1.522276e-02  1.893431e-01  1.983862e-02
 3.51724e+00 -1.44828e+00       1.642e+12  9.809171e-01 -1.617235e-02  1.873734e-01  1.908293e-02
 3.93103e+00 -1.44828e+00       1.015e+12  9.776170e-01 -1.761874e-02  1.947611e-01  2.238305e-02
 4.34483e+00 -1.44828e+00       4.171e+11  9.598441e-01 -1.130666e-02  2.309497e-01  4.015591e-02
 4.75862e+00 -1.44828e+00       2.115e+11  9.218417e-01  2.331763e-02  3.094912e-01  7.815833e-02
 5.17241e+00 -1.44828e+00       2.189e+11  9.042577e-01  4.355255e-02  3.542606e-01  9.574230e-02
 5.58621e+00 -1.44828e+00       2.434e+11  8.679007e-01  3.909279e-02  3.902756e-01  1.320993e-01
 6.00000e+00 -1.44828e+00       1.966e+11  7.508077e-01  2.162716e-02  4.686687e-01  2.491923e-01
-6.00000e+00 -1.03448e+00       1.812e+11  8.256851e-01  8.271216e-03 -3.806204e-01  1.743149e-01
-5.58621e+00 -1.03448e+00       2.063e+11  8.876451e-01  5.373856e-02 -3.305463e-01  1.123549e-01
-5.17241e+00 -1.03448e+00       1.730e+11  9.123137e-01  6.935190e-02 -2.901661e-01  8.768628e-02
-4.75862e+00 -1.03448e+00       1.824e+11  9.344984e-01  4.281077e-02 -2.410658e-01  6.550160e-02
-4.34483e+00 -1.03448e+00       4.581e+11  9.719344e-01  1.620423e-02 -1.864082e-01  2.806562e-02
-3.93103e+00 -1.03448e+00       1.127e+12  9.830333e-01  1.286345e-02 -1.715873e-01  1.696675e-02
-3.51724e+00 -1.03448e+00       1.701e+12  9.849846e-01  1.259701e-02 -1.684836e-01  1.501545e-02
-3.10345e+00 -1.03448e+00       1.973e+12  9.850990e-01  1.164725e-02 -1.681243e-01  1.490099e-02
-2.68966e+00 -1.03448e+00       4.061e+12  9.860273e-01  5.146096e-03 -1.630889e-01  1.397267e-02
-2.27586e+00 -1.03448e+00       1.178e+13  9.874728e-01 -1.589423e-03 -1.552275e-01  1.252723e-02
-1.86207e+00 -1.03448e+00       2.417e+13  9.887760e-01 -6.328907e-03 -1.468974e-01  1.122402e-02
-1.44828e+00 -1.03448e+00       3.029e+13  9.901617e-01 -9.749950e-03 -1.369232e-01  9.838299e-03
-1.03448e+00 -1.03448e+00       2.314e+13  9.916975e-01 -1.184694e-02 -1.246571e-01  8.302540e-03
-6.20690e-01 -1.03448e+00       1.122e+13  9.934227e-01 -1.226396e-02 -1.076027e-01  6.577331e-03
-2.06897e-01 -1.03448e+00       4.386e+12  9.955182e-01 -7.725506e-03 -5.909755e-02  4.481785e-03
 2.06897e-01 -1.03448e+00       4.598e+12  9.959181e-01  3.111496e-03  5.906993e-02  4.081865e-03
 6.20690e-01 -1.03448e+00       1.202e+13  9.944336e-01  7.147996e-04  9.968587e-02  5.566362e-03
 1.03448e+00 -1.03448e+00       2.442e+13  9.931087e-01 -4.538904e-03  1.137833e-01  6.891309e-03
 1.44828e+00 -1.03448e+00       3.098e+13  9.918551e-01 -9.331308e-03  1.244183e-01  8.144856e-03
 1.86207e+00 -1.03448e+00       2.353e+13  9.906254e-01 -1.337752e-02  1.336649e-01  9.374580e-03
 2.27586e+00 -1.03448e+00       1.055e+13  9.892672e-01 -1.655938e-02  1.425177e-01  1.073280e-02
 2.68966e+00 -1.03448e+00       3.142e+12  9.872853e-01 -1.788665e-02  1.528751e-01  1.271474e-02
 3.10345e+00 -1.03448e+00       1.541e+12  9.862930e-01 -1.415051e-02  1.572806e-01  1.370703e-02
 3.51724e+00 -1.03448e+00       1.614e+12  9.872477e-01 -1.267931e-02  1.536701e-01  1.275227e-02
 3.93103e+00 -1.03448e+00       1.200e+12  9.865359e-01 -1.323335e-02  1.554925e-01  1.346408e-02
 4.34483e+00 -1.03448e+00       5.435e+11  9.801529e-01 -1.054255e-02  1.719616e-01  1.984715e-02
 4.75862e+00 -1.03448e+00       2.369e+11  9.585200e-01  1.586897e-02  2.271007e-01  4.148005e-02
 5.17241e+00 -1.03448e+00       2.114e+11  9.417378e-01  4.317183e-02  2.746826e-01  5.826216e-02
 5.58621e+00 -1.03448e+00       2.299e+11  9.239391e-01  3.424057e-02  3.062057e-01  7.606087e-02
 6.00000e+00 -1.03448e+00       1.939e+11  8.759898e-01  2.148593e-02  3.666783e-01  1.240102e-01
-6.00000e+00 -6.20690e-01       1.483e+11  9.449384e-01 -2.221355e-02 -2.056014e-01  5.506159e-02
-5.58621e+00 -6.20690e-01       1.726e+11  9.634341e-01 -9.354661e-03 -1.974578e-01  3.656594e-02
-5.17241e+00 -6.20690e-01       1.551e+11  9.668931e-01  1.046977e-02 -1.914695e-01  3.310688e-02
-4.75862e+00 -6.20690e-01       2.062e+11  9.762806e-01  1.588508e-02 -1.538989e-01  2.371937e-02
-4.34483e+00 -6.20690e-01       5.577e+11  9.889487e-01  9.360743e-03 -1.238146e-01  1.105132e-02
-3.93103e+00 -6.20690e-01       1.243e+12  9.922225e-01  8.187022e-03 -1.176878e-01  7.777544e-03
-3.51724e+00 -6.20690e-01       1.725e+12  9.926288e-01  7.621342e-03 -1.176370e-01  7.371233e-03
-3.10345e+00 -6.20690e-01       2.316e+12  9.926025e-01  4.292288e-03 -1.180436e-01  7.397520e-03
-2.68966e+00 -6.20690e-01       5.847e+12  9.932980e-01 -1.304973e-03 -1.131802e-01  6.701990e-03
-2.27586e+00 -6.20690e-01       1.483e+13  9.939383e-01 -4.812053e-03 -1.080850e-01  6.061741e-03
-1.86207e+00 -6.20690e-01       2.373e+13  9.944779e-01 -7.209191e-03 -1.030618e-01  5.522143e-03
-1.44828e+00 -6.20690e-01       2.233e+13  9.950573e-01 -8.898711e-03 -9.702129e-02  4.942653e-03
-1.03448e+00 -6.20690e-01       1.278e+13  9.958376e-01 -9.706151e-03 -8.723060e-02  4.162366e-03
-6.20690e-01 -6.20690e-01       5.722e+12  9.973586e-01 -8.573589e-03 -6.114055e-02  2.641442e-03
-2.06897e-01 -6.20690e-01       3.746e+12  9.991386e-01 -5.869227e-03 -1.712073e-02  8.613816e-04
 2.06897e-01 -6.20690e-01       3.830e+12  9.991900e-01 -4.283721e-03  1.711634e-02  8.099673e-04
 6.20690e-01 -6.20690e-01       6.128e+12  9.978114e-01 -2.349876e-03  5.618377e-02  2.188575e-03
 1.03448e+00 -6.20690e-01       1.378e+13  9.967518e-01 -3.537839e-03  7.721137e-02  3.248210e-03
 1.44828e+00 -6.20690e-01       2.345e+13  9.962169e-01 -6.367223e-03  8.479744e-02  3.783143e-03
 1.86207e+00 -6.20690e-01       2.385e+13  9.957952e-01 -9.091620e-03  8.957051e-02  4.204814e-03
 2.27586e+00 -6.20690e-01       1.388e+13  9.953572e-01 -1.133159e-02  9.384633e-02  4.642795e-03
 2.68966e+00 -6.20690e-01       4.834e+12  9.947538e-01 -1.273323e-02  9.853983e-02  5.246234e-03
 3.10345e+00 -6.20690e-01       1.749e+12  9.942132e-01 -1.118788e-02  1.011610e-01  5.786825e-03
 3.51724e+00 -6.20690e-01       1.555e+12  9.947007e-01 -8.805805e-03  9.771003e-02  5.299322e-03
 3.93103e+00 -6.20690e-01       1.285e+12  9.947112e-01 -8.427731e-03  9.751201e-02  5.288843e-03
 4.34483e+00 -6.20690e-01       6.420e+11  9.930884e-01 -6.746158e-03  1.040664e-01  6.911581e-03
 4.75862e+00 -6.20690e-01       2.583e+11  9.868636e-01  3.814216e-03  1.277579e-01  1.313641e-02
 5.17241e+00 -6.20690e-01       1.769e+11  9.810798e-01  1.456739e-02  1.533023e-01  1.892016e-02
 5.58621e+00 -6.20690e-01       1.843e+11  9.778902e-01  1.103221e-02  1.660542e-01  2.210982e-02
 6.00000e+00 -6.20690e-01       1.619e+11  9.642379e-01  1.248046e-02  1.888576e-01  3.576208e-02
-6.00000e+00 -2.06897e-01       1.376e+11  9.912909e-01 -5.633801e-03 -7.305756e-02  8.709141e-03
-5.58621e+00 -2.06897e-01       1.549e+11  9.946204e-01 -7.907240e-03 -6.815192e-02  5.379559e-03
-5.17241e+00 -2.06897e-01       1.407e+11  9.946822e-01 -7.583069e-03 -7.049474e-02  5.317752e-03
-4.75862e+00 -2.06897e-01       2.172e+11  9.961214e-01 -1.262265e-03 -5.996340e-02  3.878584e-03
-4.34483e+00 -2.06897e-01       6.112e+11  9.979984e-01  2.810656e-03 -5.095295e-02  2.001582e-03
-3.93103e+00 -2.06897e-01       1.296e+12  9.984502e-01  3.813737e-03 -4.949935e-02  1.549805e-03
-3.51724e+00 -2.06897e-01       1.750e+12  9.983942e-01  2.590140e-03 -5.120418e-02  1.605771e-03
-3.10345e+00 -2.06897e-01       2.591e+12  9.984214e-01 -2.147168e-03 -5.147253e-02  1.578606e-03
-2.68966e+00 -2.06897e-01       6.832e+12  9.987516e-01 -5.165379e-03 -4.689353e-02  1.248358e-03
-2.27586e+00 -2.06897e-01       1.582e+13  9.989395e-01 -5.803404e-03 -4.361642e-02  1.060526e-03
-1.86207e+00 -2.06897e-01       2.234e+13  9.990567e-01 -5.999144e-03 -4.106945e-02  9.432576e-04
-1.44828e+00 -2.06897e-01       1.843e+13  9.991714e-01 -5.948340e-03 -3.818564e-02  8.285590e-04
-1.03448e+00 -2.06897e-01       9.713e+12  9.993443e-01 -5.336759e-03 -3.286978e-02  6.557137e-04
-6.20690e-01 -2.06897e-01       5.071e+12  9.996664e-01 -3.414971e-03 -1.984124e-02  3.336359e-04
-2.06897e-01 -2.06897e-01       4.365e+12  9.998916e-01 -2.064698e-03 -6.110120e-03  1.083513e-04
 2.06897e-01 -2.06897e-01       4.475e+12  9.999156e-01 -2.450950e-03  2.870894e-03  8.435529e-05
 6.20690e-01 -2.06897e-01       5.456e+12  9.998034e-01 -3.693585e-03  1.420788e-02  1.966454e-04
 1.03448e+00 -2.06897e-01       1.059e+13  9.996437e-01 -4.947763e-03  2.344190e-02  3.563156e-04
 1.44828e+00 -2.06897e-01       1.963e+13  9.995656e-01 -5.746685e-03  2.661953e-02  4.343714e-04
 1.86207e+00 -2.06897e-01       2.281e+13  9.995205e-01 -6.280307e-03  2.799152e-02  4.794691e-04
 2.27586e+00 -2.06897e-01       1.511e+13  9.994753e-01 -6.567586e-03  2.902458e-02  5.247423e-04
 2.68966e+00 -2.06897e-01       5.816e+12  9.993958e-01 -6.494808e-03  3.007297e-02  6.041546e-04
 3.10345e+00 -2.06897e-01       1.950e+12  9.992876e-01 -5.648094e-03  2.961662e-02  7.124458e-04
 3.51724e+00 -2.06897e-01       1.522e+12  9.994014e-01 -4.498861e-03  2.662206e-02  5.985994e-04
 3.93103e+00 -2.06897e-01       1.309e+12  9.994669e-01 -3.653096e-03  2.617582e-02  5.330857e-04
 4.34483e+00 -2.06897e-01       6.895e+11  9.993160e-01 -2.093757e-03  2.753832e-02  6.839620e-04
 4.75862e+00 -2.06897e-01       2.691e+11  9.986225e-01  9.164373e-04  3.136797e-02  1.377536e-03
 5.17241e+00 -2.06897e-01       1.648e+11  9.978326e-01  2.349303e-03  3.418549e-02  2.167405e-03
 5.58621e+00 -2.06897e-01       1.772e+11  9.975392e-01  4.444076e-03  3.709657e-02  2.460758e-03
 6.00000e+00 -2.06897e-01       1.597e+11  9.957257e-01  6.253218e-03  4.428834e-02  4.274295e-03
-6.00000e+00  2.06897e-01       1.374e+11  9.929254e-01 -8.493222e-03  4.139413e-02  7.074620e-03
-5.58621e+00  2.06897e-01       1.545e+11  9.957652e-01 -4.990647e-03  4.197352e-02  4.234839e-03
-5.17241e+00  2.06897e-01       1.401e+11  9.965307e-01 -1.322706e-02  4.584280e-02  3.469304e-03
-4.75862e+00  2.06897e-01       2.170e+11  9.981164e-01 -1.279334e-02  3.480878e-02  1.883614e-03
-4.34483e+00  2.06897e-01       6.125e+11  9.992207e-01 -4.366233e-03  2.626804e-02  7.793164e-04
-3.93103e+00  2.06897e-01       1.300e+12  9.994279e-01 -1.623919e-03  2.413625e-02  5.720874e-04
-3.51724e+00  2.06897e-01       1.757e+12  9.994649e-01 -2.823954e-03  2.134102e-02  5.351399e-04
-3.10345e+00  2.06897e-01       2.601e+12  9.995064e-01 -7.512654e-03  2.089448e-02  4.935685e-04
-2.68966e+00  2.06897e-01       6.834e+12  9.995260e-01 -7.994315e-03  2.510441e-02  4.740440e-04
-2.27586e+00  2.06897e-01       1.579e+13  9.995332e-01 -5.982555e-03  2.691164e-02  4.668321e-04
-1.86207e+00  2.06897e-01       2.230e+13  9.995493e-01 -4.033034e-03  2.713403e-02  4.507455e-04
-1.44828e+00  2.06897e-01       1.839e+13  9.995781e-01 -2.345245e-03  2.638011e-02  4.218892e-04
-1.03448e+00  2.06897e-01       9.676e+12  9.996483e-01 -1.129571e-03  2.286923e-02  3.517027e-04
-6.20690e-01  2.06897e-01       5.011e+12  9.998175e-01 -1.272289e-03  1.114672e-02  1.824572e-04
-2.06897e-01  2.06897e-01       4.283e+12  9.999271e-01 -2.373237e-03 -1.089505e-03  7.292794e-05
 2.06897e-01  2.06897e-01       4.394e+12  9.998825e-01 -3.220258e-03 -8.447170e-03  1.175256e-04
 6.20690e-01  2.06897e-01       5.401e+12  9.996308e-01 -5.372313e-03 -2.067061e-02  3.691787e-04
 1.03448e+00  2.06897e-01       1.057e+13  9.993307e-01 -6.806666e-03 -3.264854e-02  6.692618e-04
 1.44828e+00  2.06897e-01       1.965e+13  9.992005e-01 -5.686376e-03 -3.722180e-02  7.994855e-04
 1.86207e+00  2.06897e-01       2.285e+13  9.991208e-01 -3.843225e-03 -3.949878e-02  8.791521e-04
 2.27586e+00  2.06897e-01       1.515e+13  9.990383e-01 -1.871763e-03 -4.142518e-02  9.616734e-04
 2.68966e+00  2.06897e-01       5.836e+12  9.989200e-01  1.587112e-04 -4.357132e-02  1.079958e-03
 3.10345e+00  2.06897e-01       1.957e+12  9.986687e-01  1.162891e-03 -4.758973e-02  1.331303e-03
 3.51724e+00  2.06897e-01       1.524e+12  9.985615e-01  4.792793e-04 -5.014422e-02  1.438537e-03
 3.93103e+00  2.06897e-01       1.310e+12  9.985607e-01  1.535164e-03 -5.005728e-02  1.439316e-03
 4.34483e+00  2.06897e-01       6.903e+11  9.981833e-01  3.336010e-03 -5.238848e-02  1.816691e-03
 4.75862e+00  2.06897e-01       2.701e+11  9.963578e-01  1.119446e-03 -6.506320e-02  3.642212e-03
 5.17241e+00  2.06897e-01       1.659e+11  9.935384e-01 -9.107560e-03 -8.693314e-02  6.461618e-03
 5.58621e+00  2.06897e-01       1.784e+11  9.923209e-01 -8.509136e-03 -9.436788e-02  7.679101e-03
 6.00000e+00  2.06897e-01       1.610e+11  9.885745e-01 -8.437803e-03 -1.012348e-01  1.142552e-02
-6.00000e+00  6.20690e-01       1.471e+11  9.462550e-01  1.594441e-02  1.784937e-01  5.374504e-02
-5.58621e+00  6.20690e-01       1.706e+11  9.656061e-01  3.397705e-03  1.773472e-01  3.439390e-02
-5.17241e+00  6.20690e-01       1.524e+11  9.709042e-01 -2.621577e-02  1.737877e-01  2.909584e-02
-4.75862e+00  6.20690e-01       2.045e+11  9.818005e-01 -3.039386e-02  1.320855e-01  1.819955e-02
-4.34483e+00  6.20690e-01       5.613e+11  9.925210e-01 -1.220079e-02  1.003678e-01  7.479041e-03
-3.93103e+00  6.20690e-01       1.257e+12  9.949235e-01 -6.758026e-03  9.378596e-02  5.076490e-03
-3.51724e+00  6.20690e-01       1.752e+12  9.954846e-01 -7.436833e-03  8.993964e-02  4.515363e-03
-3.10345e+00  6.20690e-01       2.355e+12  9.956478e-01 -1.232784e-02  8.797939e-02  4.352242e-03
-2.68966e+00  6.20690e-01       5.871e+12  9.955151e-01 -1.151938e-02  9.122546e-02  4.484864e-03
-2.27586e+00  6.20690e-01       1.478e+13  9.955993e-01 -7.032356e-03  9.158230e-02  4.400663e-03
-1.86207e+00  6.20690e-01       2.361e+13  9.958455e-01 -3.011823e-03  8.936848e-02  4.154528e-03
-1.44828e+00  6.20690e-01       2.221e+13  9.961942e-01  2.941204e-04  8.538639e-02  3.805752e-03
-1.03448e+00  6.20690e-01       1.271e+13  9.967295e-01  2.722585e-03  7.742896e-02  3.270477e-03
-6.20690e-01  6.20690e-01       5.616e+12  9.978762e-01  3.437404e-03  5.300419e-02  2.123792e-03
-2.06897e-01  6.20690e-01       3.579e+12  9.992444e-01  1.921320e-03  9.055614e-03  7.556305e-04
 2.06897e-01  6.20690e-01       3.661e+12  9.989309e-01 -1.381475e-03 -2.584717e-02  1.069083e-03
 6.20690e-01  6.20690e-01       6.032e+12  9.970679e-01 -7.868383e-03 -6.603710e-02  2.932067e-03
 1.03448e+00  6.20690e-01       1.378e+13  9.958197e-01 -8.152140e-03 -8.739446e-02  4.180332e-03
 1.44828e+00  6.20690e-01       2.355e+13  9.952149e-01 -4.528634e-03 -9.537995e-02  4.785068e-03
 1.86207e+00  6.20690e-01       2.398e+13  9.947076e-01 -4.488135e-04 -1.007974e-01  5.292440e-03
 2.27586e+00  6.20690e-01       1.398e+13  9.941690e-01  3.498531e-03 -1.058515e-01  5.831028e-03
 2.68966e+00  6.20690e-01       4.884e+12  9.934546e-01  7.104316e-03 -1.116997e-01  6.545408e-03
 3.10345e+00  6.20690e-01       1.769e+12  9.924334e-01  6.991431e-03 -1.194597e-01  7.566562e-03
 3.51724e+00  6.20690e-01       1.564e+12  9.924015e-01  4.600756e-03 -1.201989e-01  7.598536e-03
 3.93103e+00  6.20690e-01       1.290e+12  9.922573e-01  6.066216e-03 -1.199679e-01  7.742730e-03
 4.34483e+00  6.20690e-01       6.456e+11  9.898869e-01  7.703381e-03 -1.278650e-01  1.011312e-02
 4.75862e+00  6.20690e-01       2.612e+11  9.802305e-01 -3.399886e-03 -1.610732e-01  1.976951e-02
 5.17241e+00  6.20690e-01       1.791e+11  9.691752e-01 -2.689572e-02 -2.011157e-01  3.082477e-02
 5.58621e+00  6.20690e-01       1.864e+11  9.622270e-01 -2.406779e-02 -2.186145e-01  3.777302e-02
 6.00000e+00  6.20690e-01       1.643e+11  9.415584e-01 -2.579352e-02 -2.458806e-01  5.844164e-02
-6.00000e+00  1.03448e+00       1.804e+11  8.314324e-01 -8.726993e-03  3.653613e-01  1.685676e-01
-5.58621e+00  1.03448e+00       2.041e+11  8.916538e-01 -5.674755e-02  3.210332e-01  1.083462e-01
-5.17241e+00  1.03448e+00       1.695e+11  9.168575e-01 -8.366221e-02  2.783922e-01  8.314245e-02
-4.75862e+00  1.03448e+00       1.803e+11  9.429900e-01 -6.019339e-02  2.199629e-01  5.701002e-02
-4.34483e+00  1.03448e+00       4.631e+11  9.777927e-01 -2.122772e-02  1.638248e-01  2.220733e-02
-3.93103e+00  1.03448e+00       1.145e+12  9.868972e-01 -1.209393e-02  1.501308e-01  1.310281e-02
-3.51724e+00  1.03448e+00       1.737e+12  9.886876e-01 -1.131801e-02  1.451272e-01  1.131236e-02
-3.10345e+00  1.03448e+00       2.032e+12  9.892598e-01 -1.578667e-02  1.409280e-01  1.074024e-02
-2.68966e+00  1.03448e+00       4.125e+12  9.893744e-01 -1.649387e-02  1.408143e-01  1.062557e-02
-2.27586e+00  1.03448e+00       1.176e+13  9.898860e-01 -1.017227e-02  1.388983e-01  1.011400e-02
-1.86207e+00  1.03448e+00       2.399e+13  9.907212e-01 -4.196152e-03  1.335151e-01  9.278840e-03
-1.44828e+00  1.03448e+00       3.005e+13  9.917712e-01  5.947516e-04  1.254886e-01  8.228816e-03
-1.03448e+00  1.03448e+00       2.302e+13  9.930123e-01  3.937167e-03  1.146802e-01  6.987662e-03
-6.20690e-01  1.03448e+00       1.124e+13  9.944431e-01  5.186963e-03  9.844889e-02  5.556907e-03
-2.06897e-01  1.03448e+00       4.455e+12  9.959197e-01 -8.255181e-05  4.935159e-02  4.080299e-03
 2.06897e-01  1.03448e+00       4.671e+12  9.950666e-01 -1.443069e-02 -6.917030e-02  4.933373e-03
 6.20690e-01  1.03448e+00       1.212e+13  9.932896e-01 -1.236477e-02 -1.095595e-01  6.710420e-03
 1.03448e+00  1.03448e+00       2.457e+13  9.918911e-01 -6.209759e-03 -1.235642e-01  8.108907e-03
 1.44828e+00  1.03448e+00       3.119e+13  9.905281e-01 -2.909931e-04 -1.344824e-01  9.471891e-03
 1.86207e+00  1.03448e+00       2.372e+13  9.891448e-01  5.130917e-03 -1.443034e-01  1.085519e-02
 2.27586e+00  1.03448e+00       1.067e+13  9.876200e-01  1.020508e-02 -1.539037e-01  1.238005e-02
 2.68966e+00  1.03448e+00       3.202e+12  9.853722e-01  1.413514e-02 -1.661105e-01  1.462779e-02
 3.10345e+00  1.03448e+00       1.561e+12  9.833563e-01  1.041397e-02 -1.769506e-01  1.664369e-02
 3.51724e+00  1.03448e+00       1.618e+12  9.838662e-01  8.386881e-03 -1.750753e-01  1.613377e-02
 3.93103e+00  1.03448e+00       1.202e+12  9.829277e-01  1.071408e-02 -1.765169e-01  1.707233e-02
 4.34483e+00  1.03448e+00       5.481e+11  9.749074e-01  1.149617e-02 -1.953421e-01  2.509256e-02
 4.75862e+00  1.03448e+00       2.426e+11  9.477209e-01 -1.374102e-02 -2.613322e-01  5.227915e-02
 5.17241e+00  1.03448e+00       2.162e+11  9.264810e-01 -5.049118e-02 -3.141560e-01  7.351902e-02
 5.58621e+00  1.03448e+00       2.335e+11  9.040312e-01 -4.724263e-02 -3.435749e-01  9.596879e-02
 6.00000e+00  1.03448e+00       1.972e+11  8.440592e-01 -3.791184e-02 -4.092079e-01  1.559408e-01
-6.00000e+00  1.44828e+00       1.801e+11  6.769199e-01 -5.726263e-02  4.349461e-01  3.230801e-01
-5.58621e+00  1.44828e+00       2.043e+11  8.231419e-01 -6.036697e-02  3.392909e-01  1.768581e-01
-5.17241e+00  1.44828e+00       1.801e+11  8.744031e-01 -4.861370e-02  3.213749e-01  1.255969e-01
-4.75862e+00  1.44828e+00       1.677e+11  8.911253e-01 -5.232879e-02  3.116692e-01  1.088747e-01
-4.34483e+00  1.44828e+00       3.398e+11  9.500744e-01 -3.279425e-02  2.240785e-01  4.992557e-02
-3.93103e+00  1.44828e+00       9.295e+11  9.773184e-01 -1.821662e-02  1.876602e-01  2.268156e-02
-3.51724e+00  1.44828e+00       1.668e+12  9.825788e-01 -1.519793e-02  1.787803e-01  1.742116e-02
-3.10345e+00  1.44828e+00       1.899e+12  9.839124e-01 -1.811694e-02  1.729122e-01  1.608760e-02
-2.68966e+00  1.44828e+00       2.432e+12  9.844398e-01 -2.327160e-02  1.680959e-01  1.556022e-02
-2.27586e+00  1.44828e+00       6.480e+12  9.858950e-01 -1.757732e-02  1.615412e-01  1.410503e-02
-1.86207e+00  1.44828e+00       1.794e+13  9.877992e-01 -9.502968e-03  1.512876e-01  1.220085e-02
-1.44828e+00  1.44828e+00       3.427e+13  9.898840e-01 -2.865384e-03  1.368708e-01  1.011600e-02
-1.03448e+00  1.44828e+00       4.379e+13  9.923269e-01  1.716013e-03  1.157163e-01  7.673116e-03
-6.20690e-01  1.44828e+00       4.091e+13  9.950580e-01  3.052533e-03  8.257816e-02  4.942037e-03
-2.06897e-01  1.44828e+00       3.461e+13  9.972402e-01  2.477244e-04  2.832506e-02  2.759753e-03
 2.06897e-01  1.44828e+00       3.524e+13  9.969471e-01 -3.018460e-03 -3.990619e-02  3.052901e-03
 6.20690e-01  1.44828e+00       4.244e+13  9.944097e-01 -1.533396e-03 -9.127632e-02  5.590345e-03
 1.03448e+00  1.44828e+00       4.503e+13  9.914760e-01  2.846730e-03 -1.228552e-01  8.523954e-03
 1.44828e+00  1.44828e+00       3.413e+13  9.886926e-01  7.762169e-03 -1.447170e-01  1.130743e-02
 1.86207e+00  1.44828e+00       1.677e+13  9.859202e-01  1.261940e-02 -1.624709e-01  1.407978e-02
 2.27586e+00  1.44828e+00       5.322e+12  9.824038e-01  1.739007e-02 -1.808587e-01  1.759625e-02
 2.68966e+00  1.44828e+00       1.715e+12  9.771249e-01  1.748304e-02 -2.047244e-01  2.287512e-02
 3.10345e+00  1.44828e+00       1.598e+12  9.768631e-01  1.132419e-02 -2.081364e-01  2.313691e-02
 3.51724e+00  1.44828e+00       1.647e+12  9.774504e-01  1.207570e-02 -2.056439e-01  2.254961e-02
 3.93103e+00  1.44828e+00       1.019e+12  9.735566e-01  1.522706e-02 -2.131051e-01  2.644337e-02
 4.34483e+00  1.44828e+00       4.228e+11  9.524085e-01  1.132499e-02 -2.538731e-01  4.759149e-02
 4.75862e+00  1.44828e+00       2.176e+11  9.065531e-01 -2.460697e-02 -3.451174e-01  9.344687e-02
 5.17241e+00  1.44828e+00       2.260e+11  8.849296e-01 -4.692395e-02 -3.950172e-01  1.150704e-01
 5.58621e+00  1.44828e+00       2.520e+11  8.456135e-01 -4.218610e-02 -4.279298e-01  1.543865e-01
 6.00000e+00  1.44828e+00       2.046e+11  7.208808e-01 -2.679407e-02 -5.029781e-01  2.791192e-01
-6.00000e+00  1.86207e+00       2.028e+11  5.695946e-01 -4.015142e-03  5.475273e-01  4.304054e-01
-5.58621e+00  1.86207e+00       2.633e+11  7.325933e-01 -5.030209e-02  4.880048e-01  2.674067e-01
-5.17241e+00  1.86207e+00       2.415e+11  8.072266e-01 -8.580153e-02  4.317160e-01  1.927734e-01
-4.75862e+00  1.86207e+00       1.851e+11  8.282567e-01 -9.552825e-02  3.962680e-01  1.717433e-01
-4.34483e+00  1.86207e+00       2.314e+11  8.914311e-01 -5.606175e-02  2.968381e-01  1.085689e-01
-3.93103e+00  1.86207e+00       6.240e+11  9.632916e-01 -2.426111e-02  2.072839e-01  3.670844e-02
-3.51724e+00  1.86207e+00       1.420e+12  9.796436e-01 -1.775504e-02  1.856674e-01  2.035641e-02
-3.10345e+00  1.86207e+00       1.943e+12  9.828947e-01 -1.854058e-02  1.770381e-01  1.710525e-02
-2.68966e+00  1.86207e+00       1.831e+12  9.834171e-01 -2.486555e-02  1.715016e-01  1.658294e-02
-2.27586e+00  1.86207e+00       2.338e+12  9.838846e-01 -2.834248e-02  1.643125e-01  1.611538e-02
-1.86207e+00  1.86207e+00       6.089e+12  9.878829e-01 -2.065030e-02  1.431146e-01  1.211708e-02
-1.44828e+00  1.86207e+00       1.696e+13  9.914823e-01 -1.257774e-02  1.204083e-01  8.517653e-03
-1.03448e+00  1.86207e+00       3.579e+13  9.941998e-01 -5.280777e-03  9.513439e-02  5.800209e-03
-6.20690e-01  1.86207e+00       5.544e+13  9.964802e-01  5.663106e-04  6.210197e-02  3.519812e-03
-2.06897e-01  1.86207e+00       6.706e+13  9.978919e-01  4.410230e-03  2.064805e-02  2.108091e-03
 2.06897e-01  1.86207e+00       6.703e+13  9.977693e-01  6.784889e-03 -2.457081e-02  2.230688e-03
 6.20690e-01  1.86207e+00       5.499e+13  9.960692e-01  8.753651e-03 -6.655556e-02  3.930792e-03
 1.03448e+00  1.86207e+00       3.460e+13  9.933207e-01  1.094490e-02 -1.017874e-01  6.679282e-03
 1.44828e+00  1.86207e+00       1.548e+13  9.897453e-01  1.367956e-02 -1.320855e-01  1.025466e-02
 1.86207e+00  1.86207e+00       4.875e+12  9.842822e-01  1.745195e-02 -1.643837e-01  1.571782e-02
 2.27586e+00  1.86207e+00       1.533e+12  9.753804e-01  1.958854e-02 -2.052217e-01  2.461960e-02
 2.68966e+00  1.86207e+00       1.402e+12  9.750569e-01  1.331616e-02 -2.108352e-01  2.494313e-02
 3.10345e+00  1.86207e+00       1.824e+12  9.775047e-01  1.251136e-02 -2.037828e-01  2.249529e-02
 3.51724e+00  1.86207e+00       1.481e+12  9.759768e-01  1.556222e-02 -2.068121e-01  2.402317e-02
 3.93103e+00  1.86207e+00       7.275e+11  9.628185e-01  1.847818e-02 -2.323510e-01  3.718147e-02
 4.34483e+00  1.86207e+00       3.087e+11  9.121990e-01 -1.607116e-03 -3.244987e-01  8.780100e-02
 4.75862e+00  1.86207e+00       2.421e+11  8.613813e-01 -5.634292e-02 -4.250237e-01  1.386187e-01
 5.17241e+00  1.86207e+00       2.925e+11  8.399174e-01 -6.678617e-02 -4.593109e-01  1.600826e-01
 5.58621e+00  1.86207e+00       2.955e+11  7.735084e-01 -5.580934e-02 -5.104308e-01  2.264916e-01
 6.00000e+00  1.86207e+00       2.333e+11  6.259165e-01 -5.472568e-02 -6.093641e-01  3.740835e-01
-6.00000e+00  2.27586e+00       2.192e+11  3.630796e-01  1.586809e-02  6.565116e-01  6.369204e-01
-5.58621e+00  2.27586e+00       2.734e+11  6.544381e-01 -1.410732e-02  5.216133e-01  3.455619e-01
-5.17241e+00  2.27586e+00       2.874e+11  7.811347e-01 -3.962773e-02  4.602993e-01  2.188653e-01
-4.75862e+00  2.27586e+00       2.343e+11  8.109509e-01 -7.403465e-02  4.408039e-01  1.890491e-01
-4.34483e+00  2.27586e+00       1.933e+11  8.147644e-01 -8.098806e-02  3.991501e-01  1.852356e-01
-3.93103e+00  2.27586e+00       3.329e+11  9.197152e-01 -3.850027e-02  2.372869e-01  8.028482e-02
-3.51724e+00  2.27586e+00       9.121e+11  9.767108e-01 -2.040504e-02  1.633841e-01  2.328924e-02
-3.10345e+00  2.27586e+00       1.747e+12  9.870033e-01 -1.920389e-02  1.443471e-01  1.299667e-02
-2.68966e+00  2.27586e+00       1.995e+12  9.890900e-01 -2.340094e-02  1.337104e-01  1.091000e-02
-2.27586e+00  2.27586e+00       1.629e+12  9.881335e-01 -3.284897e-02  1.312677e-01  1.186651e-02
-1.86207e+00  2.27586e+00       1.618e+12  9.852046e-01 -3.448139e-02  1.403310e-01  1.479542e-02
-1.44828e+00  2.27586e+00       2.349e+12  9.868815e-01 -2.134301e-02  1.238592e-01  1.311855e-02
-1.03448e+00  2.27586e+00       3.862e+12  9.925155e-01 -1.582958e-02  7.325442e-02  7.484455e-03
-6.20690e-01  2.27586e+00       6.327e+12  9.966367e-01 -1.817506e-02  2.477015e-02  3.363275e-03
-2.06897e-01  2.27586e+00       8.516e+12  9.977779e-01 -1.767173e-02 -9.264276e-03  2.222063e-03
 2.06897e-01  2.27586e+00       8.254e+12  9.970165e-01 -1.301025e-02 -4.020283e-02  2.983486e-03
 6.20690e-01  2.27586e+00       5.690e+12  9.943000e-01 -4.487681e-03 -7.711197e-02  5.699989e-03
 1.03448e+00  2.27586e+00       3.086e+12  9.883246e-01  7.782354e-03 -1.262342e-01  1.167541e-02
 1.44828e+00  2.27586e+00       1.564e+12  9.789995e-01  1.666848e-02 -1.790933e-01  2.100050e-02
 1.86207e+00  2.27586e+00       9.547e+11  9.727908e-01  1.639935e-02 -2.015930e-01  2.720924e-02
 2.27586e+00  2.27586e+00       1.209e+12  9.799166e-01  1.296245e-02 -1.736402e-01  2.008343e-02
 2.68966e+00  2.27586e+00       1.842e+12  9.847628e-01  1.277373e-02 -1.596757e-01  1.523720e-02
 3.10345e+00  2.27586e+00       1.784e+12  9.844148e-01  1.551721e-02 -1.620309e-01  1.558516e-02
 3.51724e+00  2.27586e+00       1.023e+12  9.758306e-01  2.013599e-02 -1.828687e-01  2.416942e-02
 3.93103e+00  2.27586e+00       4.329e+11  9.352545e-01  1.521362e-02 -2.636756e-01  6.474554e-02
 4.34483e+00  2.27586e+00       2.580e+11  8.637349e-01 -3.266875e-02 -4.017535e-01  1.362651e-01
 4.75862e+00  2.27586e+00       2.845e+11  8.457547e-01 -6.294213e-02 -4.536951e-01  1.542453e-01
 5.17241e+00  2.27586e+00       3.293e+11  8.181700e-01 -5.149772e-02 -4.830600e-01  1.818300e-01
 5.58621e+00  2.27586e+00       2.946e+11  7.076304e-01 -4.038971e-02 -5.465447e-01  2.923696e-01
 6.00000e+00  2.27586e+00       2.195e+11  4.331334e-01 -2.786824e-02 -6.681522e-01  5.668666e-01
-6.00000e+00  2.68966e+00       2.599e+11  2.091886e-01  9.461054e-02  7.372112e-01  7.908114e-01
-5.58621e+00  2.68966e+00       3.029e+11  5.153379e-01 -5.704656e-03  5.982029e-01  4.846621e-01
-5.17241e+00  2.68966e+00       3.398e+11  7.192079e-01 -3.779576e-02  4.907635e-01  2.807921e-01
-4.75862e+00  2.68966e+00       3.039e+11  8.052826e-01 -5.953858e-02  4.426684e-01  1.947174e-01
-4.34483e+00  2.68966e+00       2.311e+11  8.032052e-01 -7.918463e-02  4.392576e-01  1.967948e-01
-3.93103e+00  2.68966e+00       2.017e+11  8.167525e-01 -6.610196e-02  3.590434e-01  1.832475e-01
-3.51724e+00  2.68966e+00       3.868e+11  9.410955e-01 -2.523577e-02  1.498812e-01  5.890452e-02
-3.10345e+00  2.68966e+00       1.025e+12  9.881979e-01 -1.662167e-02  7.349303e-02  1.180206e-02
-2.68966e+00  2.68966e+00       1.832e+12  9.952098e-01 -2.009621e-02  4.807691e-02  4.790194e-03
-2.27586e+00  2.68966e+00       1.953e+12  9.956405e-01 -2.807262e-02  3.068695e-02  4.359489e-03
-1.86207e+00  2.68966e+00       1.413e+12  9.931326e-01 -4.135786e-02  2.397272e-02  6.867386e-03
-1.44828e+00  2.68966e+00       1.066e+12  9.891880e-01 -5.448550e-02  3.389361e-02  1.081196e-02
-1.03448e+00  2.68966e+00       1.263e+12  9.901605e-01 -5.994993e-02  3.255676e-02  9.839530e-03
-6.20690e-01  2.68966e+00       1.797e+12  9.931414e-01 -5.739499e-02  1.695912e-02  6.858584e-03
-2.06897e-01  2.68966e+00       2.179e+12  9.942419e-01 -5.031131e-02 -7.619661e-03  5.758090e-03
 2.06897e-01  2.68966e+00       2.029e+12  9.926000e-01 -4.568624e-02 -4.356103e-02  7.399958e-03
 6.20690e-01  2.68966e+00       1.425e+12  9.869230e-01 -4.374367e-02 -8.897067e-02  1.307704e-02
 1.03448e+00  2.68966e+00       8.195e+11  9.757473e-01 -3.227421e-02 -1.363787e-01  2.425271e-02
 1.44828e+00  2.68966e+00       6.588e+11  9.728608e-01 -1.661765e-03 -1.255790e-01  2.713919e-02
 1.86207e+00  2.68966e+00       1.135e+12  9.876779e-01  1.060037e-02 -6.774595e-02  1.232211e-02
 2.27586e+00  2.68966e+00       1.848e+12  9.943060e-01  1.281980e-02 -5.280568e-02  5.693983e-03
 2.68966e+00  2.68966e+00       1.864e+12  9.947515e-01  1.640590e-02 -5.990703e-02  5.248523e-03
 3.10345e+00  2.68966e+00       1.132e+12  9.883130e-01  2.226667e-02 -8.741406e-02  1.168701e-02
 3.51724e+00  2.68966e+00       5.007e+11  9.545418e-01  2.405517e-02 -1.773081e-01  4.545824e-02
 3.93103e+00  2.68966e+00       2.804e+11  8.781273e-01 -1.251238e-02 -3.485115e-01  1.218727e-01
 4.34483e+00  2.68966e+00       2.855e+11  8.499633e-01 -5.895507e-02 -4.297690e-01  1.500367e-01
 4.75862e+00  2.68966e+00       3.632e+11  8.418880e-01 -5.893463e-02 -4.590914e-01  1.581120e-01
 5.17241e+00  2.68966e+00       3.870e+11  7.745245e-01 -4.457514e-02 -5.140759e-01  2.254755e-01
 5.58621e+00  2.68966e+00       3.235e+11  5.977450e-01 -3.013787e-02 -6.250514e-01  4.022550e-01
 6.00000e+00  2.68966e+00       2.541e+11  3.214511e-01  4.612915e-03 -7.601019e-01  6.785489e-01
-6.00000e+00  3.10345e+00       2.921e+11  9.853660e-02  1.361060e-01  7.861622e-01  9.014634e-01
-5.58621e+00  3.10345e+00       3.182e+11  3.906809e-01  3.424138e-02  6.792667e-01  6.093191e-01
-5.17241e+00  3.10345e+00       3.873e+11  6.441778e-01 -2.913676e-02  5.423464e-01  3.558222e-01
-4.75862e+00  3.10345e+00       3.916e+11  7.866758e-01 -5.326098e-02  4.473708e-01  2.133242e-01
-4.34483e+00  3.10345e+00       3.189e+11  8.326237e-01 -7.033908e-02  4.110234e-01  1.673763e-01
-3.93103e+00  3.10345e+00       2.350e+11  8.052848e-01 -7.507543e-02  4.173991e-01  1.947152e-01
-3.51724e+00  3.10345e+00       1.898e+11  8.062638e-01 -5.566565e-02  3.168925e-01  1.937362e-01
-3.10345e+00  3.10345e+00       3.073e+11  9.308935e-01 -9.072079e-03  3.508286e-02  6.910652e-02
-2.68966e+00  3.10345e+00       7.982e+11  9.811571e-01 -4.783229e-03 -8.735080e-02  1.884286e-02
-2.27586e+00  3.10345e+00       1.543e+12  9.822764e-01 -1.526469e-02 -1.347548e-01  1.772358e-02
-1.86207e+00  3.10345e+00       1.815e+12  9.737262e-01 -3.044804e-02 -1.732442e-01  2.627377e-02
-1.44828e+00  3.10345e+00       1.345e+12  9.596807e-01 -5.252545e-02 -2.080517e-01  4.031932e-02
-1.03448e+00  3.10345e+00       8.320e+11  9.474841e-01 -8.427459e-02 -2.139145e-01  5.251593e-02
-6.20690e-01  3.10345e+00       6.628e+11  9.526203e-01 -1.158848e-01 -1.699411e-01  4.737965e-02
-2.06897e-01  3.10345e+00       6.192e+11  9.572927e-01 -1.314968e-01 -1.408864e-01  4.270731e-02
 2.06897e-01  3.10345e+00       5.326e+11  9.462742e-01 -1.303332e-01 -1.387857e-01  5.372585e-02
 6.20690e-01  3.10345e+00       4.781e+11  9.290536e-01 -8.707778e-02 -7.264374e-02  7.094644e-02
 1.03448e+00  3.10345e+00       7.021e+11  9.444346e-01 -1.714144e-02  1.009374e-01  5.556538e-02
 1.44828e+00  3.10345e+00       1.312e+12  9.667644e-01  5.037787e-03  1.727825e-01  3.323559e-02
 1.86207e+00  3.10345e+00       1.813e+12  9.772722e-01  1.175402e-02  1.684378e-01  2.272779e-02
 2.27586e+00  3.10345e+00       1.581e+12  9.825718e-01  1.865245e-02  1.365635e-01  1.742823e-02
 2.68966e+00  3.10345e+00       8.973e+11  9.818760e-01  2.770818e-02  7.424587e-02  1.812403e-02
 3.10345e+00  3.10345e+00       4.241e+11  9.545486e-01  3.232583e-02 -7.194931e-02  4.545142e-02
 3.51724e+00  3.10345e+00       2.759e+11  8.893410e-01 -2.358406e-03 -2.864978e-01  1.106590e-01
 3.93103e+00  3.10345e+00       2.868e+11  8.644274e-01 -5.112639e-02 -3.774342e-01  1.355726e-01
 4.34483e+00  3.10345e+00       3.811e+11  8.693318e-01 -6.112115e-02 -4.071632e-01  1.306682e-01
 4.75862e+00  3.10345e+00       4.575e+11  8.358226e-01 -4.980766e-02 -4.546902e-01  1.641774e-01
 5.17241e+00  3.10345e+00       4.204e+11  7.166573e-01 -3.949906e-02 -5.492823e-01  2.833427e-01
 5.58621e+00  3.10345e+00       3.345e+11  4.971735e-01 -1.870099e-02 -7.022217e-01  5.028265e-01
 6.00000e+00  3.10345e+00       2.929e+11  2.454381e-01  2.264880e-02 -8.162124e-01  7.545619e-01
-6.00000e+00  3.51724e+00       4.008e+11  6.599833e-02  1.509255e-01  8.478160e-01  9.340017e-01
-5.58621e+00  3.51724e+00       3.473e+11  2.914463e-01  1.057485e-01  7.792389e-01  7.085537e-01
-5.17241e+00  3.51724e+00       4.064e+11  5.554910e-01 -1.743626e-03  6.228099e-01  4.445090e-01
-4.75862e+00  3.51724e+00       4.685e+11  7.431836e-01 -4.782211e-02  4.741686e-01  2.568164e-01
-4.34483e+00  3.51724e+00       4.312e+11  8.448261e-01 -6.268496e-02  3.737361e-01  1.551739e-01
-3.93103e+00  3.51724e+00       3.395e+11  8.697527e-01 -6.651287e-02  3.448777e-01  1.302473e-01
-3.51724e+00  3.51724e+00       2.501e+11  8.276148e-01 -6.447941e-02  3.654429e-01  1.723852e-01
-3.10345e+00  3.51724e+00       1.737e+11  7.831862e-01 -5.070806e-02  3.021631e-01  2.168138e-01
-2.68966e+00  3.51724e+00       1.586e+11  8.362678e-01  2.436369e-02 -1.378416e-02  1.637322e-01
-2.27586e+00  3.51724e+00       2.934e+11  8.923577e-01  5.511853e-02 -3.097415e-01  1.076423e-01
-1.86207e+00  3.51724e+00       6.397e+11  8.596259e-01  4.157285e-02 -4.440988e-01  1.403741e-01
-1.44828e+00  3.51724e+00       1.062e+12  7.889182e-01  2.043645e-02 -5.413169e-01  2.110818e-01
-1.03448e+00  3.51724e+00       1.196e+12  6.767037e-01 -2.729714e-02 -6.203894e-01  3.232963e-01
-6.20690e-01  3.51724e+00       9.384e+11  4.837626e-01 -1.277028e-01 -6.231762e-01  5.162374e-01
-2.06897e-01  3.51724e+00       6.389e+11  2.096855e-01 -2.688923e-01 -3.124773e-01  7.903145e-01
 2.06897e-01  3.51724e+00       6.046e+11  1.654246e-01 -2.529542e-01  3.672113e-01  8.345754e-01
 6.20690e-01  3.51724e+00       8.345e+11  4.123023e-01 -9.323868e-02  6.851004e-01  5.876977e-01
 1.03448e+00  3.51724e+00       1.067e+12  6.198503e-01  1.860662e-03  6.720298e-01  3.801497e-01
 1.44828e+00  3.51724e+00       1.002e+12  7.539493e-01  3.585911e-02  5.696892e-01  2.460507e-01
 1.86207e+00  3.51724e+00       6.846e+11  8.494701e-01  4.762511e-02  4.290894e-01  1.505299e-01
 2.27586e+00  3.51724e+00       3.973e+11  9.129322e-01  5.904778e-02  2.414374e-01  8.706780e-02
 2.68966e+00  3.51724e+00       2.700e+11  9.219771e-01  5.095345e-02 -1.920587e-02  7.802293e-02
 3.10345e+00  3.51724e+00       2.552e+11  8.936855e-01 -7.050340e-05 -2.286085e-01  1.063145e-01
 3.51724e+00  3.51724e+00       2.890e+11  8.873433e-01 -4.553197e-02 -2.890428e-01  1.126567e-01
 3.93103e+00  3.51724e+00       3.929e+11  9.022120e-01 -5.786375e-02 -3.159000e-01  9.778804e-02
 4.34483e+00  3.51724e+00       5.163e+11  8.871367e-01 -5.153813e-02 -3.696231e-01  1.128633e-01
 4.75862e+00  3.51724e+00       5.151e+11  8.107066e-01 -4.719340e-02 -4.545357e-01  1.892934e-01
 5.17241e+00  3.51724e+00       4.063e+11  6.392794e-01 -3.982448e-02 -5.990599e-01  3.607206e-01
 5.58621e+00  3.51724e+00       3.180e+11  4.016834e-01  1.307237e-03 -7.617601e-01  5.983166e-01
 6.00000e+00  3.51724e+00       3.368e+11  1.314326e-01  3.526149e-02 -8.448588e-01  8.685674e-01
-6.00000e+00  3.93103e+00       6.381e+11  4.058761e-02  4.610117e-02  9.087820e-01  9.594124e-01
-5.58621e+00  3.93103e+00       4.338e+11  1.951610e-01  8.138784e-02  8.646089e-01  8.048390e-01
-5.17241e+00  3.93103e+00       3.935e+11  4.197956e-01  2.640232e-02  7.307980e-01  5.802044e-01
-4.75862e+00  3.93103e+00       4.760e+11  6.598176e-01 -3.500283e-02  5.329384e-01  3.401824e-01
-4.34483e+00  3.93103e+00       5.248e+11  8.185378e-01 -5.369912e-02  3.650178e-01  1.814622e-01
-3.93103e+00  3.93103e+00       4.683e+11  9.022022e-01 -6.100949e-02  2.550210e-01  9.779785e-02
-3.51724e+00  3.93103e+00       3.728e+11  9.175197e-01 -5.748586e-02  2.281471e-01  8.248031e-02
-3.10345e+00  3.93103e+00       2.838e+11  8.724513e-01 -4.885135e-02  2.619173e-01  1.275487e-01
-2.68966e+00  3.93103e+00       1.925e+11  7.949046e-01 -5.487073e-02  2.576390e-01  2.050954e-01
-2.27586e+00  3.93103e+00       1.169e+11  7.119177e-01  1.549844e-02  9.147771e-02  2.880823e-01
-1.86207e+00  3.93103e+00       8.798e+10  6.510618e-01  2.069531e-01 -2.846037e-01  3.489382e-01
-1.44828e+00  3.93103e+00       9.350e+10  5.503240e-01  2.830544e-01 -5.725766e-01  4.496760e-01
-1.03448e+00  3.93103e+00       9.695e+10  3.445408e-01  3.012456e-01 -6.832822e-01  6.554592e-01
-6.20690e-01  3.93103e+00       8.706e+10  5.925870e-02  3.392985e-01 -5.982619e-01  9.407413e-01
-2.06897e-01  3.93103e+00       8.264e+10 -9.678515e-02  3.579663e-01 -1.668439e-01  9.032148e-01
 2.06897e-01  3.93103e+00       1.036e+11  1.394780e-01  3.211018e-01  3.691221e-01  8.605220e-01
 6.20690e-01  3.93103e+00       1.463e+11  4.534502e-01  2.585679e-01  5.950015e-01  5.465498e-01
 1.03448e+00  3.93103e+00       1.752e+11  6.217695e-01  1.960456e-01  6.150911e-01  3.782305e-01
 1.44828e+00  3.93103e+00       1.696e+11  7.166889e-01  1.553669e-01  5.132771e-01  2.833111e-01
 1.86207e+00  3.93103e+00       1.691e+11  8.211831e-01  1.259769e-01  2.487827e-01  1.788169e-01
 2.27586e+00  3.93103e+00       2.079e+11  8.914275e-01  5.280810e-02 -1.947675e-02  1.085725e-01
 2.68966e+00  3.93103e+00       2.507e+11  8.988188e-01 -1.506373e-02 -1.341312e-01  1.011812e-01
 3.10345e+00  3.93103e+00       2.914e+11  9.054151e-01 -4.486484e-02 -1.490446e-01  9.458489e-02
 3.51724e+00  3.93103e+00       4.093e+11  9.341184e-01 -5.127606e-02 -1.771865e-01  6.588160e-02
 3.93103e+00  3.93103e+00       5.634e+11  9.341296e-01 -4.738089e-02 -2.431760e-01  6.587042e-02
 4.34483e+00  3.93103e+00       5.918e+11  8.784190e-01 -4.620986e-02 -3.397150e-01  1.215810e-01
 4.75862e+00  3.93103e+00       4.986e+11  7.388475e-01 -4.943491e-02 -5.039335e-01  2.611525e-01
 5.17241e+00  3.93103e+00       4.102e+11  5.423766e-01 -3.250181e-02 -6.993929e-01  4.576234e-01
 5.58621e+00  3.93103e+00       4.074e+11  3.232632e-01  4.995157e-04 -8.276113e-01  6.767368e-01
 6.00000e+00  3.93103e+00       5.774e+11  6.174459e-02 -7.024422e-03 -8.989691e-01  9.382554e-01
-6.00000e+00  4.34483e+00       9.638e+11  8.685995e-02  1.489068e-02  9.294108e-01  9.131400e-01
-5.58621e+00  4.34483e+00       6.555e+11  2.179775e-01  6.556861e-02  8.912026e-01  7.820225e-01
-5.17241e+00  4.34483e+00       4.495e+11  3.501641e-01  8.403705e-02  8.252236e-01  6.498359e-01
-4.75862e+00  4.34483e+00       4.295e+11  5.473483e-01  1.249264e-02  6.546393e-01  4.526517e-01
-4.34483e+00  4.34483e+00       5.250e+11  7.474635e-01 -4.169421e-02  4.237330e-01  2.525365e-01
-3.93103e+00  4.34483e+00       5.713e+11  8.753790e-01 -5.505188e-02  2.269079e-01  1.246210e-01
-3.51724e+00  4.34483e+00       5.103e+11  9.402949e-01 -6.054125e-02  8.933044e-02  5.970507e-02
-3.10345e+00  4.34483e+00       4.144e+11  9.559111e-01 -5.137616e-02  3.761143e-02  4.408892e-02
-2.68966e+00  4.34483e+00       3.342e+11  9.260718e-01 -2.094930e-02  7.136938e-02  7.392818e-02
-2.27586e+00  4.34483e+00       2.546e+11  8.521032e-01 -3.661561e-02  1.244404e-01  1.478968e-01
-1.86207e+00  4.34483e+00       1.648e+11  7.224197e-01 -9.117741e-02  1.379641e-01  2.775803e-01
-1.44828e+00  4.34483e+00       9.514e+10  4.971949e-01  2.921103e-02  8.468840e-02  5.028051e-01
-1.03448e+00  4.34483e+00       6.266e+10  2.265222e-01  4.524666e-01 -7.009980e-03  7.734778e-01
-6.20690e-01  4.34483e+00       5.303e+10  1.170071e-01  7.601313e-01  2.105186e-02  8.829929e-01
-2.06897e-01  4.34483e+00       5.467e+10  2.004474e-01  7.823110e-01  2.145934e-01  7.995526e-01
 2.06897e-01  4.34483e+00       6.516e+10  3.489801e-01  6.706597e-01  4.180291e-01  6.510199e-01
 6.20690e-01  4.34483e+00       8.392e+10  5.028466e-01  5.077276e-01  4.951536e-01  4.971534e-01
 1.03448e+00  4.34483e+00       1.172e+11  6.873242e-01  2.868181e-01  3.864515e-01  3.126758e-01
 1.44828e+00  4.34483e+00       1.743e+11  8.340885e-01  7.245236e-02  1.983555e-01  1.659115e-01
 1.86207e+00  4.34483e+00       2.279e+11  8.741363e-01 -3.378834e-02  8.007351e-02  1.258637e-01
 2.27586e+00  4.34483e+00       2.432e+11  8.570421e-01 -4.324817e-02  5.387172e-02  1.429579e-01
 2.68966e+00  4.34483e+00       2.887e+11  8.853791e-01 -3.126485e-02  6.796721e-02  1.146209e-01
 3.10345e+00  4.34483e+00       4.473e+11  9.475844e-01 -4.015437e-02  1.505823e-02  5.241561e-02
 3.51724e+00  4.34483e+00       6.186e+11  9.643648e-01 -4.257787e-02 -7.143161e-02  3.563523e-02
 3.93103e+00  4.34483e+00       6.380e+11  9.277852e-01 -4.612423e-02 -1.853135e-01  7.221477e-02
 4.34483e+00  4.34483e+00       5.361e+11  8.165970e-01 -5.492016e-02 -3.742387e-01  1.834030e-01
 4.75862e+00  4.34483e+00       4.441e+11  6.538205e-01 -4.238871e-02 -6.033358e-01  3.461795e-01
 5.17241e+00  4.34483e+00       4.243e+11  4.903502e-01 -2.084181e-03 -7.579834e-01  5.096498e-01
 5.58621e+00  4.34483e+00       5.557e+11  2.664161e-01  7.713793e-04 -8.619401e-01  7.335839e-01
 6.00000e+00  4.34483e+00       9.045e+11  6.594838e-02 -1.774723e-02 -9.330506e-01  9.340516e-01
-6.00000e+00  4.75862e+00       1.336e+12  1.501837e-01 -5.843966e-03  9.423913e-01  8.498163e-01
-5.58621e+00  4.75862e+00       1.023e+12  2.707802e-01  2.621898e-02  8.958058e-01  7.292198e-01
-5.17241e+00  4.75862e+00       6.851e+11  3.879040e-01  7.918619e-02  8.405558e-01  6.120960e-01
-4.75862e+00  4.75862e+00       4.607e+11  4.878227e-01  8.962346e-02  7.651701e-01  5.121773e-01
-4.34483e+00  4.75862e+00       4.347e+11  6.402389e-01  1.040195e-02  5.786624e-01  3.597611e-01
-3.93103e+00  4.75862e+00       5.313e+11  7.987527e-01 -4.573403e-02  3.095734e-01  2.012473e-01
-3.51724e+00  4.75862e+00       5.919e+11  8.945690e-01 -5.737230e-02  6.533399e-02  1.054310e-01
-3.10345e+00  4.75862e+00       5.470e+11  9.309733e-01 -6.146378e-02 -1.229885e-01  6.902673e-02
-2.68966e+00  4.75862e+00       4.529e+11  9.312521e-01 -6.506080e-02 -2.409993e-01  6.874791e-02
-2.27586e+00  4.75862e+00       3.685e+11  9.161753e-01 -2.305275e-02 -2.698075e-01  8.382466e-02
-1.86207e+00  4.75862e+00       3.132e+11  8.883182e-01  6.121880e-02 -2.288309e-01  1.116818e-01
-1.44828e+00  4.75862e+00       2.807e+11  8.460776e-01  6.521872e-02 -1.326792e-01  1.539224e-01
-1.03448e+00  4.75862e+00       2.369e+11  7.491740e-01 -7.145036e-02  3.127748e-02  2.508260e-01
-6.20690e-01  4.75862e+00       1.885e+11  5.567034e-01 -2.647299e-01  2.560297e-01  4.432966e-01
-2.06897e-01  4.75862e+00       1.714e+11  4.200441e-01 -3.582717e-01  4.396465e-01  5.799559e-01
 2.06897e-01  4.75862e+00       1.857e+11  4.855624e-01 -3.334508e-01  4.602758e-01  5.144376e-01
 6.20690e-01  4.75862e+00       2.014e+11  5.979691e-01 -2.662656e-01  3.323050e-01  4.020309e-01
 1.03448e+00  4.75862e+00       1.937e+11  6.135276e-01 -1.352452e-01  1.668320e-01  3.864724e-01
 1.44828e+00  4.75862e+00       1.760e+11  5.560085e-01  4.563190e-02  1.475368e-01  4.439915e-01
 1.86207e+00  4.75862e+00       2.016e+11  6.293991e-01  7.927225e-02  3.139133e-01  3.706009e-01
 2.27586e+00  4.75862e+00       3.296e+11  8.123767e-01 -6.201903e-03  3.520669e-01  1.876233e-01
 2.68966e+00  4.75862e+00       5.316e+11  9.166414e-01 -3.739234e-02  2.622032e-01  8.335864e-02
 3.10345e+00  4.75862e+00       6.595e+11  9.532462e-01 -4.216863e-02  1.494896e-01  4.675376e-02
 3.51724e+00  4.75862e+00       6.272e+11  9.377652e-01 -5.207926e-02 -9.928512e-04  6.223479e-02
 3.93103e+00  4.75862e+00       5.196e+11  8.552227e-01 -6.661368e-02 -2.394019e-01  1.447773e-01
 4.34483e+00  4.75862e+00       4.453e+11  7.345191e-01 -5.069856e-02 -5.029537e-01  2.654809e-01
 4.75862e+00  4.75862e+00       4.335e+11  6.246437e-01 -1.595372e-03 -6.641075e-01  3.753563e-01
 5.17241e+00  4.75862e+00       5.443e+11  4.511287e-01  6.892571e-03 -7.856514e-01  5.488713e-01
 5.58621e+00  4.75862e+00       8.911e+11  2.518334e-01 -1.588132e-02 -8.970555e-01  7.481666e-01
 6.00000e+00  4.75862e+00       1.350e+12  1.254014e-01 -1.686169e-02 -9.534387e-01  8.745986e-01
-6.00000e+00  5.17241e+00       1.674e+12  2.260520e-01 -1.469268e-02  9.457615e-01  7.739480e-01
-5.58621e+00  5.17241e+00       1.434e+12  3.242272e-01 -6.511214e-03  8.966558e-01  6.757728e-01
-5.17241e+00  5.17241e+00       1.089e+12  4.457884e-01  3.262545e-02  8.221051e-01  5.542116e-01
-4.75862e+00  5.17241e+00       7.355e+11  5.541472e-01  9.053741e-02  7.475564e-01  4.458528e-01
-4.34483e+00  5.17241e+00       4.720e+11  6.174247e-01  1.057546e-01  6.812819e-01  3.825753e-01
-3.93103e+00  5.17241e+00       4.015e+11  7.068162e-01  2.690293e-02  5.225871e-01  2.931838e-01
-3.51724e+00  5.17241e+00       4.732e+11  8.110200e-01 -4.528190e-02  2.311436e-01  1.889800e-01
-3.10345e+00  5.17241e+00       5.516e+11  8.605823e-01 -6.570945e-02 -8.270840e-02  1.394177e-01
-2.68966e+00  5.17241e+00       5.481e+11  8.441780e-01 -6.090838e-02 -3.393895e-01  1.558220e-01
-2.27586e+00  5.17241e+00       4.744e+11  7.673334e-01 -6.967415e-02 -5.401889e-01  2.326666e-01
-1.86207e+00  5.17241e+00       3.897e+11  6.576658e-01 -8.749624e-02 -6.847353e-01  3.423342e-01
-1.44828e+00  5.17241e+00       3.175e+11  5.422153e-01 -5.187384e-02 -7.768616e-01  4.577847e-01
-1.03448e+00  5.17241e+00       2.694e+11  4.516452e-01  6.576612e-03 -8.247990e-01  5.483548e-01
-6.20690e-01  5.17241e+00       2.209e+11  3.898492e-01 -7.662026e-03 -8.173473e-01  6.101508e-01
-2.06897e-01  5.17241e+00       1.635e+11  2.657320e-01 -8.462499e-02 -7.335781e-01  7.342680e-01
 2.06897e-01  5.17241e+00       1.301e+11 -2.637477e-02 -1.161078e-01 -4.758016e-01  9.736252e-01
 6.20690e-01  5.17241e+00       1.382e+11 -2.473732e-01 -2.127094e-02  1.885655e-02  7.526268e-01
 1.03448e+00  5.17241e+00       1.931e+11 -2.727701e-02  3.730185e-02  5.020197e-01  9.727230e-01
 1.44828e+00  5.17241e+00       3.101e+11  3.695315e-01 -6.491295e-03  7.003561e-01  6.304685e-01
 1.86207e+00  5.17241e+00       4.670e+11  6.281815e-01 -4.276682e-02  6.704468e-01  3.718185e-01
 2.27586e+00  5.17241e+00       5.824e+11  7.759865e-01 -4.722850e-02  5.503767e-01  2.240135e-01
 2.68966e+00  5.17241e+00       5.961e+11  8.617886e-01 -5.316125e-02  3.946120e-01  1.382114e-01
 3.10345e+00  5.17241e+00       5.230e+11  8.862382e-01 -7.523410e-02  1.771334e-01  1.137618e-01
 3.51724e+00  5.17241e+00       4.434e+11  8.497320e-01 -9.006870e-02 -1.357429e-01  1.502680e-01
 3.93103e+00  5.17241e+00       4.135e+11  7.915857e-01 -5.187924e-02 -4.082864e-01  2.084143e-01
 4.34483e+00  5.17241e+00       4.273e+11  7.374269e-01  9.169887e-03 -5.419758e-01  2.625731e-01
 4.75862e+00  5.17241e+00       5.374e+11  6.067084e-01  1.208143e-02 -6.738509e-01  3.932916e-01
 5.17241e+00  5.17241e+00       8.991e+11  4.281934e-01 -1.810220e-02 -8.271666e-01  5.718066e-01
 5.58621e+00  5.17241e+00       1.426e+12  3.084559e-01 -2.305002e-02 -9.106573e-01  6.915441e-01
 6.00000e+00  5.17241e+00       1.740e+12  2.185935e-01 -8.509238e-03 -9.505871e-01  7.814065e-01
-6.00000e+00  5.58621e+00       1.790e+12  3.141538e-01 -9.743956e-03  9.313863e-01  6.858462e-01
-5.58621e+00  5.58621e+00       1.745e+12  3.995256e-01 -1.174600e-02  8.852964e-01  6.004744e-01
-5.17241e+00  5.58621e+00       1.530e+12  5.020874e-01 -1.338259e-03  8.121563e-01  4.979126e-01
-4.75862e+00  5.58621e+00       1.205e+12  6.123279e-01  3.273262e-02  7.140685e-01  3.876721e-01
-4.34483e+00  5.58621e+00       8.325e+11  7.025042e-01  8.928735e-02  6.166230e-01  2.974958e-01
-3.93103e+00  5.58621e+00       5.050e+11  7.425404e-01  1.297680e-01  5.484903e-01  2.574596e-01
-3.51724e+00  5.58621e+00       3.528e+11  7.748126e-01  7.632507e-02  4.607592e-01  2.251874e-01
-3.10345e+00  5.58621e+00       3.613e+11  8.226072e-01 -2.100050e-02  2.509770e-01  1.773928e-01
-2.68966e+00  5.58621e+00       4.131e+11  7.977010e-01 -8.003904e-02 -8.753792e-02  2.022990e-01
-2.27586e+00  5.58621e+00       4.531e+11  6.813324e-01 -9.673226e-02 -4.567905e-01  3.186676e-01
-1.86207e+00  5.58621e+00       4.422e+11  5.075820e-01 -7.195311e-02 -7.105040e-01  4.924180e-01
-1.44828e+00  5.58621e+00       3.601e+11  2.595252e-01 -3.734173e-02 -8.360105e-01  7.404748e-01
-1.03448e+00  5.58621e+00       2.729e+11 -1.199242e-01 -4.493936e-02 -8.337022e-01  8.800758e-01
-6.20690e-01  5.58621e+00       2.402e+11 -5.243519e-01 -1.001776e-01 -6.323617e-01  4.756481e-01
-2.06897e-01  5.58621e+00       2.449e+11 -7.477044e-01 -1.365994e-01 -2.648632e-01  2.522956e-01
 2.06897e-01  5.58621e+00       2.562e+11 -7.257321e-01 -1.286642e-01  1.823441e-01  2.742679e-01
 6.20690e-01  5.58621e+00       2.804e+11 -4.313493e-01 -8.675608e-02  6.031435e-01  5.686507e-01
 1.03448e+00  5.58621e+00       3.375e+11 -5.795925e-03 -4.856614e-02  8.308446e-01  9.942041e-01
 1.44828e+00  5.58621e+00       4.081e+11  3.251475e-01 -4.442500e-02  8.531982e-01  6.748525e-01
 1.86207e+00  5.58621e+00       4.384e+11  5.295249e-01 -6.884969e-02  7.661909e-01  4.704751e-01
 2.27586e+00  5.58621e+00       4.034e+11  6.653983e-01 -1.088638e-01  5.756689e-01  3.346017e-01
 2.68966e+00  5.58621e+00       3.519e+11  7.694123e-01 -1.429940e-01  2.352367e-01  2.305877e-01
 3.10345e+00  5.58621e+00       3.418e+11  8.253793e-01 -1.125651e-01 -1.172805e-01  1.746207e-01
 3.51724e+00  5.58621e+00       3.715e+11  8.430825e-01 -2.148316e-02 -2.961961e-01  1.569175e-01
 3.93103e+00  5.58621e+00       4.163e+11  8.303395e-01  3.382601e-02 -3.744881e-01  1.696605e-01
 4.34483e+00  5.58621e+00       5.440e+11  7.320743e-01  1.098340e-02 -5.292956e-01  2.679257e-01
 4.75862e+00  5.58621e+00       9.161e+11  5.839609e-01 -1.986560e-02 -7.238829e-01  4.160391e-01
 5.17241e+00  5.58621e+00       1.480e+12  4.735527e-01 -1.726766e-02 -8.374989e-01  5.264473e-01
 5.58621e+00  5.58621e+00       1.885e+12  3.907538e-01 -2.127998e-03 -8.970944e-01  6.092462e-01
 6.00000e+00  5.58621e+00       1.896e+12  3.159846e-01  8.318189e-03 -9.332228e-01  6.840154e-01
-6.00000e+00  6.00000e+00       1.821e+12  4.257018e-01 -4.390018e-03  8.942207e-01  5.742982e-01
-5.58621e+00  6.00000e+00       1.917e+12  4.805300e-01 -9.171932e-03  8.608916e-01  5.194700e-01
-5.17241e+00  6.00000e+00       1.804e+12  5.607890e-01 -1.119930e-02  7.960844e-01  4.392110e-01
-4.75862e+00  6.00000e+00       1.594e+12  6.553719e-01 -2.692845e-03  6.962940e-01  3.446281e-01
-4.34483e+00  6.00000e+00       1.314e+12  7.506250e-01  2.546380e-02  5.665307e-01  2.493750e-01
-3.93103e+00  6.00000e+00       9.811e+11  8.294509e-01  7.765248e-02  4.304152e-01  1.705491e-01
-3.51724e+00  6.00000e+00       6.199e+11  8.605618e-01  1.404181e-01  3.350549e-01  1.394382e-01
-3.10345e+00  6.00000e+00       3.520e+11  8.431456e-01  1.575233e-01  2.889155e-01  1.568544e-01
-2.68966e+00  6.00000e+00       2.658e+11  8.581226e-01  7.161269e-02  2.049854e-01  1.418774e-01
-2.27586e+00  6.00000e+00       2.751e+11  8.788726e-01 -2.076028e-02  6.073963e-02  1.211274e-01
-1.86207e+00  6.00000e+00       2.714e+11  7.949958e-01 -1.167403e-01 -1.508367e-01  2.050042e-01
-1.44828e+00  6.00000e+00       2.461e+11  5.612972e-01 -1.863723e-01 -4.101266e-01  4.387028e-01
-1.03448e+00  6.00000e+00       2.167e+11  1.167843e-01 -1.923798e-01 -5.406131e-01  8.832157e-01
-6.20690e-01  6.00000e+00       2.073e+11 -4.416312e-01 -2.150376e-01 -3.917674e-01  5.583688e-01
-2.06897e-01  6.00000e+00       2.210e+11 -7.412951e-01 -2.581071e-01 -5.528046e-02  2.587049e-01
 2.06897e-01  6.00000e+00       2.232e+11 -7.490411e-01 -2.622168e-01  2.776872e-01  2.509589e-01
 6.20690e-01  6.00000e+00       1.962e+11 -5.794627e-01 -2.454491e-01  5.230588e-01  4.205373e-01
 1.03448e+00  6.00000e+00       1.680e+11 -2.097185e-01 -2.788922e-01  5.978847e-01  7.902815e-01
 1.44828e+00  6.00000e+00       1.732e+11  2.655289e-01 -3.422879e-01  4.662981e-01  7.344711e-01
 1.86207e+00  6.00000e+00       2.000e+11  5.757923e-01 -3.057383e-01  2.480411e-01  4.242077e-01
 2.27586e+00  6.00000e+00       2.338e+11  7.376246e-01 -1.708854e-01  4.017592e-02  2.623754e-01
 2.68966e+00  6.00000e+00       2.918e+11  8.359190e-01 -1.854300e-02 -5.695901e-02  1.640810e-01
 3.10345e+00  6.00000e+00       3.509e+11  8.844914e-01  5.908990e-02 -7.110087e-02  1.155086e-01
 3.51724e+00  6.00000e+00       4.013e+11  8.826436e-01  4.890065e-02 -1.402447e-01  1.173564e-01
 3.93103e+00  6.00000e+00       5.674e+11  8.151472e-01 -5.540495e-03 -3.698728e-01  1.848528e-01
 4.34483e+00  6.00000e+00       9.910e+11  7.164434e-01 -2.477789e-02 -5.990696e-01  2.835566e-01
 4.75862e+00  6.00000e+00       1.576e+12  6.325900e-01 -1.320191e-02 -7.298703e-01  3.674100e-01
 5.17241e+00  6.00000e+00       2.004e+12  5.604564e-01  3.512988e-03 -8.059689e-01  4.395436e-01
 5.58621e+00  6.00000e+00       2.056e+12  4.908540e-01  1.146931e-02 -8.574250e-01  5.091460e-01
 6.00000e+00  6.00000e+00       1.812e+12  4.224688e-01  8.556984e-03 -8.943121e-01  5.775312e-01
