 EB(GeV)    EMITTANCEx EMITTANCEy SIZEx(m)   SIZEy(m)   DIVx(rad)  DIVy(rad)
 1.500e+00  5.941e-09  5.941e-11  1.840e-04  1.299e-05  3.228e-05  4.574e-06
 betax      alphax     betay      alphay     eta        deta       E_spread  
 5.700e+00  0.000e+00  2.840e+00  0.000e+00  0.000e+00  0.000e+00  1.000e-03
 Ibeam(A) 
  2.000e-01


           x            y       F.Density            PL            PC          PL45        1-|PL|
          mm           mm  ph/s/mm^2/0.1%             -             -             -             -
-6.00000e+00 -6.00000e+00       1.742e+12  5.046740e-01  6.413623e-03 -8.422298e-01  4.953260e-01
-5.58621e+00 -6.00000e+00       2.185e+12  5.466760e-01  2.451581e-03 -8.175828e-01  4.533240e-01
-5.17241e+00 -6.00000e+00       2.176e+12  5.917780e-01 -1.196400e-03 -7.776644e-01  4.082220e-01
-4.75862e+00 -6.00000e+00       1.843e+12  6.604820e-01 -7.495086e-03 -6.974519e-01  3.395180e-01
-4.34483e+00 -6.00000e+00       1.508e+12  7.507837e-01 -1.330173e-02 -5.635707e-01  2.492163e-01
-3.93103e+00 -6.00000e+00       1.249e+12  8.376403e-01 -2.320677e-02 -4.024486e-01  1.623597e-01
-3.51724e+00 -6.00000e+00       9.445e+11  8.918747e-01 -5.338327e-02 -2.655994e-01  1.081253e-01
-3.10345e+00 -6.00000e+00       5.848e+11  8.953918e-01 -1.071182e-01 -1.835530e-01  1.046082e-01
-2.68966e+00 -6.00000e+00       3.336e+11  8.454688e-01 -1.426988e-01 -1.362719e-01  1.545312e-01
-2.27586e+00 -6.00000e+00       2.623e+11  8.174440e-01 -9.064643e-02 -1.346753e-02  1.825560e-01
-1.86207e+00 -6.00000e+00       2.670e+11  8.100309e-01 -3.195644e-02  1.059475e-01  1.899691e-01
-1.44828e+00 -6.00000e+00       2.374e+11  6.906978e-01  5.229327e-02  1.825906e-01  3.093022e-01
-1.03448e+00 -6.00000e+00       1.904e+11  4.042635e-01  2.342160e-01  3.531556e-01  5.957365e-01
-6.20690e-01 -6.00000e+00       1.660e+11  1.117532e-01  3.848471e-01  5.466148e-01  8.882468e-01
-2.06897e-01 -6.00000e+00       1.525e+11 -7.699355e-02  4.327396e-01  5.155554e-01  9.230065e-01
 2.06897e-01 -6.00000e+00       1.496e+11 -1.653356e-01  4.497407e-01  1.832832e-01  8.346644e-01
 6.20690e-01 -6.00000e+00       1.717e+11 -2.238330e-02  4.090251e-01 -2.422274e-01  9.776167e-01
 1.03448e+00 -6.00000e+00       2.058e+11  2.687291e-01  3.036070e-01 -4.119983e-01  7.312709e-01
 1.44828e+00 -6.00000e+00       2.221e+11  5.012323e-01  1.917817e-01 -3.249902e-01  4.987677e-01
 1.86207e+00 -6.00000e+00       2.374e+11  6.476312e-01  7.812240e-02 -1.640350e-01  3.523688e-01
 2.27586e+00 -6.00000e+00       2.887e+11  7.704343e-01 -2.479477e-02 -8.322566e-02  2.295657e-01
 2.68966e+00 -6.00000e+00       3.509e+11  8.518092e-01 -4.574073e-02 -5.636820e-02  1.481908e-01
 3.10345e+00 -6.00000e+00       4.086e+11  8.846815e-01  5.146672e-04  1.026099e-02  1.153185e-01
 3.51724e+00 -6.00000e+00       5.526e+11  8.711075e-01  3.698769e-02  1.988919e-01  1.288925e-01
 3.93103e+00 -6.00000e+00       9.250e+11  8.115229e-01  2.793276e-02  4.322651e-01  1.884771e-01
 4.34483e+00 -6.00000e+00       1.510e+12  7.405332e-01  8.509914e-03  5.942513e-01  2.594668e-01
 4.75862e+00 -6.00000e+00       2.010e+12  6.698985e-01 -2.895509e-03  6.986633e-01  3.301015e-01
 5.17241e+00 -6.00000e+00       2.190e+12  5.938034e-01 -6.198595e-03  7.765409e-01  4.061966e-01
 5.58621e+00 -6.00000e+00       2.101e+12  5.215855e-01 -5.534941e-03  8.325010e-01  4.784145e-01
 6.00000e+00 -6.00000e+00       1.838e+12  4.661192e-01 -7.710908e-03  8.653911e-01  5.338808e-01
-6.00000e+00 -5.58621e+00       1.994e+12  3.813352e-01  3.258814e-03 -9.087161e-01  6.186648e-01
-5.58621e+00 -5.58621e+00       2.051e+12  4.331154e-01 -4.248799e-04 -8.776755e-01  5.668846e-01
-5.17241e+00 -5.58621e+00       1.789e+12  5.138285e-01 -4.600393e-03 -8.130923e-01  4.861715e-01
-4.75862e+00 -5.58621e+00       1.466e+12  6.218353e-01 -1.096960e-02 -7.071411e-01  3.781647e-01
-4.34483e+00 -5.58621e+00       1.152e+12  7.270007e-01 -3.184587e-02 -5.866520e-01  2.729993e-01
-3.93103e+00 -5.58621e+00       7.881e+11  7.904508e-01 -7.492353e-02 -4.916174e-01  2.095492e-01
-3.51724e+00 -5.58621e+00       4.741e+11  8.059900e-01 -1.103281e-01 -4.183856e-01  1.940100e-01
-3.10345e+00 -5.58621e+00       3.456e+11  8.224734e-01 -7.083780e-02 -3.069532e-01  1.775266e-01
-2.68966e+00 -5.58621e+00       3.298e+11  8.316997e-01  2.878936e-03 -1.287919e-01  1.683003e-01
-2.27586e+00 -5.58621e+00       3.253e+11  7.316650e-01  6.978710e-02  1.738046e-01  2.683350e-01
-1.86207e+00 -5.58621e+00       3.428e+11  4.739390e-01  1.270503e-01  5.667556e-01  5.260610e-01
-1.44828e+00 -5.58621e+00       3.792e+11  1.674056e-01  1.449886e-01  8.050679e-01  8.325944e-01
-1.03448e+00 -5.58621e+00       3.774e+11 -1.424009e-01  1.149532e-01  8.093008e-01  8.575991e-01
-6.20690e-01 -5.58621e+00       3.369e+11 -4.864215e-01  6.820792e-02  5.753881e-01  5.135785e-01
-2.06897e-01 -5.58621e+00       3.084e+11 -7.272687e-01  4.711636e-02  1.204026e-01  2.727313e-01
 2.06897e-01 -5.58621e+00       3.086e+11 -6.921593e-01  5.564916e-02 -3.702642e-01  3.078407e-01
 6.20690e-01 -5.58621e+00       3.288e+11 -4.246820e-01  7.821554e-02 -7.187653e-01  5.753180e-01
 1.03448e+00 -5.58621e+00       3.610e+11 -8.072980e-02  9.955736e-02 -8.712633e-01  9.192702e-01
 1.44828e+00 -5.58621e+00       3.763e+11  2.189853e-01  9.925245e-02 -8.502030e-01  7.810147e-01
 1.86207e+00 -5.58621e+00       3.567e+11  4.850880e-01  9.046762e-02 -6.596324e-01  5.149120e-01
 2.27586e+00 -5.58621e+00       3.435e+11  7.136798e-01  9.879509e-02 -3.295356e-01  2.863202e-01
 2.68966e+00 -5.58621e+00       3.531e+11  8.240562e-01  8.509255e-02 -3.358868e-02  1.759438e-01
 3.10345e+00 -5.58621e+00       3.781e+11  8.549028e-01  2.573296e-02  1.523874e-01  1.450972e-01
 3.51724e+00 -5.58621e+00       4.258e+11  8.614899e-01 -9.170537e-03  2.561073e-01  1.385101e-01
 3.93103e+00 -5.58621e+00       5.328e+11  8.169802e-01  9.229719e-03  3.882042e-01  1.830198e-01
 4.34483e+00 -5.58621e+00       8.369e+11  7.080876e-01  2.260511e-02  5.857651e-01  2.919124e-01
 4.75862e+00 -5.58621e+00       1.391e+12  6.010484e-01  1.355181e-02  7.343653e-01  3.989516e-01
 5.17241e+00 -5.58621e+00       1.910e+12  5.140073e-01  2.625466e-03  8.213230e-01  4.859927e-01
 5.58621e+00 -5.58621e+00       2.083e+12  4.316647e-01 -3.337364e-03  8.791304e-01  5.683353e-01
 6.00000e+00 -5.58621e+00       1.936e+12  3.563471e-01 -5.172279e-03  9.182454e-01  6.436529e-01
-6.00000e+00 -5.17241e+00       1.890e+12  2.690770e-01  1.119720e-03 -9.413843e-01  7.309230e-01
-5.58621e+00 -5.17241e+00       1.705e+12  3.514248e-01 -2.189264e-03 -8.967189e-01  6.485752e-01
-5.17241e+00 -5.17241e+00       1.388e+12  4.656346e-01 -1.005939e-02 -8.200690e-01  5.343654e-01
-4.75862e+00 -5.17241e+00       1.047e+12  5.817612e-01 -3.684314e-02 -7.302951e-01  4.182388e-01
-4.34483e+00 -5.17241e+00       6.929e+11  6.575943e-01 -8.045214e-02 -6.541866e-01  3.424057e-01
-3.93103e+00 -5.17241e+00       4.513e+11  7.040875e-01 -8.809246e-02 -5.666438e-01  2.959125e-01
-3.51724e+00 -5.17241e+00       3.960e+11  7.703269e-01 -2.074500e-02 -3.775641e-01  2.296731e-01
-3.10345e+00 -5.17241e+00       4.466e+11  8.185154e-01  4.591917e-02 -4.774876e-02  1.814846e-01
-2.68966e+00 -5.17241e+00       5.242e+11  8.070137e-01  7.415050e-02  3.003391e-01  1.929863e-01
-2.27586e+00 -5.17241e+00       5.407e+11  7.317927e-01  7.451097e-02  5.412787e-01  2.682073e-01
-1.86207e+00 -5.17241e+00       4.706e+11  5.713930e-01  9.276046e-02  7.147348e-01  4.286070e-01
-1.44828e+00 -5.17241e+00       3.899e+11  3.272014e-01  1.482860e-01  8.386127e-01  6.727986e-01
-1.03448e+00 -5.17241e+00       3.040e+11  7.095968e-02  1.818859e-01  8.693264e-01  9.290403e-01
-6.20690e-01 -5.17241e+00       2.007e+11 -2.000592e-01  1.486490e-01  7.545410e-01  7.999408e-01
-2.06897e-01 -5.17241e+00       1.337e+11 -4.562581e-01  4.486625e-02  2.993804e-01  5.437419e-01
 2.06897e-01 -5.17241e+00       1.434e+11 -3.914723e-01  2.779982e-03 -4.410651e-01  6.085277e-01
 6.20690e-01 -5.17241e+00       2.316e+11 -1.103272e-01  5.975700e-02 -8.263919e-01  8.896728e-01
 1.03448e+00 -5.17241e+00       3.607e+11  1.321897e-01  9.272034e-02 -9.027954e-01  8.678103e-01
 1.44828e+00 -5.17241e+00       4.732e+11  3.652677e-01  8.315995e-02 -8.506604e-01  6.347323e-01
 1.86207e+00 -5.17241e+00       5.503e+11  5.860984e-01  5.949113e-02 -7.315465e-01  4.139016e-01
 2.27586e+00 -5.17241e+00       5.743e+11  7.416805e-01  4.996256e-02 -5.752026e-01  2.583195e-01
 2.68966e+00 -5.17241e+00       5.345e+11  8.304672e-01  5.258028e-02 -3.495334e-01  1.695328e-01
 3.10345e+00 -5.17241e+00       4.776e+11  8.615620e-01  6.000027e-02 -3.618603e-02  1.384380e-01
 3.51724e+00 -5.17241e+00       4.441e+11  8.407568e-01  4.851373e-02  2.516514e-01  1.592432e-01
 3.93103e+00 -5.17241e+00       4.475e+11  7.988816e-01  1.158729e-02  4.255528e-01  2.011184e-01
 4.34483e+00 -5.17241e+00       5.264e+11  7.207886e-01  1.762363e-03  5.556855e-01  2.792114e-01
 4.75862e+00 -5.17241e+00       7.990e+11  5.762293e-01  1.495334e-02  7.174118e-01  4.237707e-01
 5.17241e+00 -5.17241e+00       1.317e+12  4.435702e-01  1.376853e-02  8.389277e-01  5.564298e-01
 5.58621e+00 -5.17241e+00       1.794e+12  3.467026e-01  5.278480e-03  9.049567e-01  6.532974e-01
 6.00000e+00 -5.17241e+00       1.911e+12  2.627951e-01 -1.402340e-03  9.438762e-01  7.372049e-01
-6.00000e+00 -4.75862e+00       1.590e+12  1.815155e-01 -9.807252e-07 -9.477295e-01  8.184845e-01
-5.58621e+00 -4.75862e+00       1.304e+12  2.935203e-01 -7.839814e-03 -8.969975e-01  7.064797e-01
-5.17241e+00 -4.75862e+00       9.661e+11  4.188256e-01 -3.552633e-02 -8.309752e-01  5.811744e-01
-4.75862e+00 -4.75862e+00       6.441e+11  5.141595e-01 -7.718865e-02 -7.656632e-01  4.858405e-01
-4.34483e+00 -4.75862e+00       4.541e+11  6.007343e-01 -7.063730e-02 -6.586460e-01  3.992657e-01
-3.93103e+00 -4.75862e+00       4.540e+11  7.355125e-01  2.028212e-03 -4.164179e-01  2.644875e-01
-3.51724e+00 -4.75862e+00       5.538e+11  8.536901e-01  5.055477e-02 -1.101497e-01  1.463099e-01
-3.10345e+00 -4.75862e+00       6.132e+11  9.028100e-01  6.699146e-02  1.350962e-01  9.718996e-02
-2.68966e+00 -4.75862e+00       5.576e+11  8.915221e-01  8.606947e-02  3.155864e-01  1.084779e-01
-2.27586e+00 -4.75862e+00       4.458e+11  8.473169e-01  1.151116e-01  4.495334e-01  1.526831e-01
-1.86207e+00 -4.75862e+00       3.433e+11  7.958893e-01  1.049038e-01  5.165091e-01  2.041107e-01
-1.44828e+00 -4.75862e+00       2.725e+11  7.282050e-01 -1.393635e-02  5.193239e-01  2.717950e-01
-1.03448e+00 -4.75862e+00       2.530e+11  6.379418e-01 -2.212828e-01  5.245892e-01  3.620582e-01
-6.20690e-01 -4.75862e+00       2.703e+11  5.669253e-01 -3.281550e-01  5.697176e-01  4.330747e-01
-2.06897e-01 -4.75862e+00       2.702e+11  4.909038e-01 -3.405845e-01  6.007771e-01  5.090962e-01
 2.06897e-01 -4.75862e+00       2.385e+11  3.707452e-01 -3.728289e-01  5.511253e-01  6.292548e-01
 6.20690e-01 -4.75862e+00       1.989e+11  2.645655e-01 -4.202100e-01  3.374796e-01  7.354345e-01
 1.03448e+00 -4.75862e+00       1.776e+11  3.006812e-01 -3.126835e-01 -7.123273e-02  6.993188e-01
 1.44828e+00 -4.75862e+00       2.125e+11  5.021981e-01 -5.320110e-02 -4.513199e-01  4.978019e-01
 1.86207e+00 -4.75862e+00       3.432e+11  7.183135e-01  5.446286e-02 -5.174246e-01  2.816865e-01
 2.27586e+00 -4.75862e+00       5.401e+11  8.488115e-01  5.390421e-02 -4.327308e-01  1.511885e-01
 2.68966e+00 -4.75862e+00       6.782e+11  9.122945e-01  4.339096e-02 -3.231479e-01  8.770551e-02
 3.10345e+00 -4.75862e+00       6.747e+11  9.312847e-01  3.895704e-02 -1.752039e-01  6.871528e-02
 3.51724e+00 -4.75862e+00       5.847e+11  8.988379e-01  4.238837e-02  5.803435e-02  1.011621e-01
 3.93103e+00 -4.75862e+00       5.011e+11  8.162854e-01  4.239509e-02  3.390451e-01  1.837146e-01
 4.34483e+00 -4.75862e+00       4.642e+11  7.203204e-01  1.887029e-02  5.472596e-01  2.796796e-01
 4.75862e+00 -4.75862e+00       5.223e+11  5.965296e-01  2.004246e-03  6.865685e-01  4.034704e-01
 5.17241e+00 -4.75862e+00       7.885e+11  4.184379e-01  1.121870e-02  8.204360e-01  5.815621e-01
 5.58621e+00 -4.75862e+00       1.271e+12  2.736538e-01  1.292486e-02  9.098543e-01  7.263462e-01
 6.00000e+00 -4.75862e+00       1.659e+12  1.748618e-01  6.112136e-03  9.538891e-01  8.251382e-01
-6.00000e+00 -4.34483e+00       1.221e+12  1.157634e-01 -4.076312e-03 -9.381048e-01  8.842366e-01
-5.58621e+00 -4.34483e+00       9.091e+11  2.462148e-01 -2.889678e-02 -8.929180e-01  7.537852e-01
-5.17241e+00 -4.34483e+00       6.165e+11  3.643848e-01 -7.042129e-02 -8.393135e-01  6.356152e-01
-4.75862e+00 -4.34483e+00       4.520e+11  4.897628e-01 -6.529387e-02 -7.321437e-01  5.102372e-01
-4.34483e+00 -4.34483e+00       4.730e+11  6.806777e-01  5.127377e-03 -4.987505e-01  3.193223e-01
-3.93103e+00 -4.34483e+00       5.782e+11  8.417426e-01  4.928022e-02 -2.448419e-01  1.582574e-01
-3.51724e+00 -4.34483e+00       6.063e+11  9.252050e-01  6.910723e-02 -5.485123e-02  7.479497e-02
-3.10345e+00 -4.34483e+00       5.226e+11  9.547675e-01  8.829640e-02  7.223956e-02  4.523245e-02
-2.68966e+00 -4.34483e+00       4.215e+11  9.546167e-01  7.627768e-02  1.199947e-01  4.538335e-02
-2.27586e+00 -4.34483e+00       3.571e+11  9.300876e-01  1.152808e-02  7.907272e-02  6.991242e-02
-1.86207e+00 -4.34483e+00       2.938e+11  8.681229e-01 -1.675317e-02 -2.553992e-03  1.318771e-01
-1.44828e+00 -4.34483e+00       1.994e+11  7.442808e-01  3.170895e-02 -8.820188e-02  2.557192e-01
-1.03448e+00 -4.34483e+00       1.194e+11  5.715288e-01  3.633332e-02 -2.020441e-01  4.284712e-01
-6.20690e-01 -4.34483e+00       9.103e+10  4.997855e-01 -2.117647e-01 -3.608278e-01  5.002145e-01
-2.06897e-01 -4.34483e+00       9.764e+10  5.627005e-01 -4.418579e-01 -4.336618e-01  4.372995e-01
 2.06897e-01 -4.34483e+00       1.155e+11  6.725510e-01 -4.071629e-01 -4.174450e-01  3.274490e-01
 6.20690e-01 -4.34483e+00       1.453e+11  7.894885e-01 -2.100972e-01 -3.598016e-01  2.105115e-01
 1.03448e+00 -4.34483e+00       1.915e+11  8.431224e-01 -5.022792e-02 -2.707945e-01  1.568776e-01
 1.44828e+00 -4.34483e+00       2.226e+11  8.200639e-01  1.980105e-03 -1.784971e-01  1.799361e-01
 1.86207e+00 -4.34483e+00       2.237e+11  7.695505e-01 -3.295245e-04 -1.441276e-01  2.304495e-01
 2.27586e+00 -4.34483e+00       2.697e+11  8.176841e-01  2.079626e-02 -1.785967e-01  1.823159e-01
 2.68966e+00 -4.34483e+00       4.322e+11  9.221697e-01  4.851158e-02 -1.489189e-01  7.783030e-02
 3.10345e+00 -4.34483e+00       6.329e+11  9.668044e-01  4.613931e-02 -7.132609e-02  3.319560e-02
 3.51724e+00 -4.34483e+00       7.037e+11  9.601911e-01  3.769288e-02  3.102459e-02  3.980890e-02
 3.93103e+00 -4.34483e+00       6.245e+11  8.956714e-01  3.602878e-02  2.027785e-01  1.043286e-01
 4.34483e+00 -4.34483e+00       5.156e+11  7.690677e-01  3.564098e-02  4.444866e-01  2.309323e-01
 4.75862e+00 -4.34483e+00       4.575e+11  6.234947e-01  1.718840e-02  6.494027e-01  3.765053e-01
 5.17241e+00 -4.34483e+00       5.169e+11  4.467096e-01  2.179833e-03  7.855761e-01  5.532904e-01
 5.58621e+00 -4.34483e+00       7.953e+11  2.418468e-01  1.047723e-02  8.897388e-01  7.581532e-01
 6.00000e+00 -4.34483e+00       1.228e+12  9.901318e-02  1.217440e-02  9.472350e-01  9.009868e-01
-6.00000e+00 -3.93103e+00       8.650e+11  6.859744e-02 -1.866461e-02 -9.201628e-01  9.314026e-01
-5.58621e+00 -3.93103e+00       5.972e+11  2.068272e-01 -5.987586e-02 -8.825093e-01  7.931728e-01
-5.17241e+00 -3.93103e+00       4.360e+11  3.594990e-01 -6.889439e-02 -7.970313e-01  6.405010e-01
-4.75862e+00 -3.93103e+00       4.468e+11  5.877966e-01 -3.562419e-03 -5.964881e-01  4.122034e-01
-4.34483e+00 -3.93103e+00       5.449e+11  7.866339e-01  4.538258e-02 -3.775008e-01  2.133661e-01
-3.93103e+00 -3.93103e+00       5.668e+11  8.983354e-01  6.805939e-02 -2.185348e-01  1.016646e-01
-3.51724e+00 -3.93103e+00       4.850e+11  9.462687e-01  8.180618e-02 -1.285348e-01  5.373129e-02
-3.10345e+00 -3.93103e+00       3.903e+11  9.424506e-01  6.348277e-02 -1.260254e-01  5.754940e-02
-2.68966e+00 -3.93103e+00       3.042e+11  8.916999e-01  2.602080e-02 -1.704098e-01  1.083001e-01
-2.27586e+00 -3.93103e+00       2.033e+11  7.970551e-01 -9.379907e-03 -1.604828e-01  2.029449e-01
-1.86207e+00 -3.93103e+00       1.188e+11  6.545811e-01 -1.526539e-01  1.226558e-03  3.454189e-01
-1.44828e+00 -3.93103e+00       7.813e+10  5.111989e-01 -4.290590e-01  2.729915e-01  4.888011e-01
-1.03448e+00 -3.93103e+00       6.599e+10  3.553983e-01 -5.789965e-01  4.239432e-01  6.446017e-01
-6.20690e-01 -3.93103e+00       6.399e+10  9.808158e-02 -5.888424e-01  3.640920e-01  9.019184e-01
-2.06897e-01 -3.93103e+00       6.351e+10 -1.561696e-01 -5.552805e-01  6.985843e-02  8.438304e-01
 2.06897e-01 -3.93103e+00       6.581e+10 -1.708511e-01 -5.133551e-01 -3.012307e-01  8.291489e-01
 6.20690e-01 -3.93103e+00       7.476e+10  1.264040e-01 -4.812469e-01 -4.544393e-01  8.735960e-01
 1.03448e+00 -3.93103e+00       9.869e+10  5.371357e-01 -4.230076e-01 -3.682510e-01  4.628643e-01
 1.44828e+00 -3.93103e+00       1.469e+11  7.974881e-01 -3.070702e-01 -2.087651e-01  2.025119e-01
 1.86207e+00 -3.93103e+00       2.078e+11  8.882990e-01 -1.664950e-01 -6.073660e-02  1.117010e-01
 2.27586e+00 -3.93103e+00       2.475e+11  8.946233e-01 -5.302896e-02  3.216729e-02  1.053767e-01
 2.68966e+00 -3.93103e+00       2.752e+11  8.914623e-01  2.002725e-02  4.874423e-02  1.085377e-01
 3.10345e+00 -3.93103e+00       3.815e+11  9.327805e-01  5.347376e-02  6.320112e-02  6.721955e-02
 3.51724e+00 -3.93103e+00       5.659e+11  9.594709e-01  5.064519e-02  1.206906e-01  4.052910e-02
 3.93103e+00 -3.93103e+00       6.602e+11  9.385506e-01  3.938668e-02  2.029933e-01  6.144942e-02
 4.34483e+00 -3.93103e+00       5.951e+11  8.512861e-01  3.421905e-02  3.457924e-01  1.487139e-01
 4.75862e+00 -3.93103e+00       4.832e+11  6.909780e-01  3.044459e-02  5.554186e-01  3.090220e-01
 5.17241e+00 -3.93103e+00       4.279e+11  5.002684e-01  1.165838e-02  7.383231e-01  4.997316e-01
 5.58621e+00 -3.93103e+00       5.145e+11  2.689741e-01  2.505028e-03  8.540774e-01  7.310259e-01
 6.00000e+00 -3.93103e+00       8.092e+11  5.678577e-02  1.158739e-02  9.231829e-01  9.432142e-01
-6.00000e+00 -3.51724e+00       5.819e+11  4.061678e-02 -4.271638e-02 -8.965637e-01  9.593832e-01
-5.58621e+00 -3.51724e+00       4.133e+11  2.097626e-01 -7.192456e-02 -8.435059e-01  7.902374e-01
-5.17241e+00 -3.51724e+00       3.937e+11  4.587987e-01 -2.191615e-02 -6.873201e-01  5.412013e-01
-4.75862e+00 -3.51724e+00       4.796e+11  7.000278e-01  3.649122e-02 -4.903958e-01  2.999722e-01
-4.34483e+00 -3.51724e+00       5.164e+11  8.432192e-01  6.344580e-02 -3.455296e-01  1.567808e-01
-3.93103e+00 -3.51724e+00       4.492e+11  9.071619e-01  7.814371e-02 -2.684106e-01  9.283808e-02
-3.51724e+00 -3.51724e+00       3.537e+11  9.027437e-01  6.822615e-02 -2.698746e-01  9.725635e-02
-3.10345e+00 -3.51724e+00       2.604e+11  8.511211e-01  3.622220e-02 -2.868592e-01  1.488789e-01
-2.68966e+00 -3.51724e+00       1.699e+11  7.962274e-01 -2.576758e-02 -1.874578e-01  2.037726e-01
-2.27586e+00 -3.51724e+00       1.193e+11  7.804843e-01 -1.507382e-01  1.095221e-01  2.195157e-01
-1.86207e+00 -3.51724e+00       1.267e+11  7.496401e-01 -1.853826e-01  4.210596e-01  2.503599e-01
-1.44828e+00 -3.51724e+00       1.889e+11  5.968744e-01 -1.535124e-01  6.160660e-01  4.031256e-01
-1.03448e+00 -3.51724e+00       2.916e+11  3.401150e-01 -1.946202e-01  6.906148e-01  6.598850e-01
-6.20690e-01 -3.51724e+00       3.807e+11  2.548932e-02 -2.819526e-01  5.617731e-01  9.745107e-01
-2.06897e-01 -3.51724e+00       4.275e+11 -2.088246e-01 -3.436322e-01  1.372244e-01  7.911754e-01
 2.06897e-01 -3.51724e+00       4.580e+11 -1.461434e-01 -3.072349e-01 -3.963210e-01  8.538566e-01
 6.20690e-01 -3.51724e+00       4.589e+11  1.510253e-01 -2.003176e-01 -6.749805e-01  8.489747e-01
 1.03448e+00 -3.51724e+00       3.994e+11  4.763422e-01 -1.081528e-01 -6.572165e-01  5.236578e-01
 1.44828e+00 -3.51724e+00       3.121e+11  7.294161e-01 -8.372898e-02 -4.906874e-01  2.705839e-01
 1.86207e+00 -3.51724e+00       2.445e+11  8.650942e-01 -1.202391e-01 -2.946317e-01  1.349058e-01
 2.27586e+00 -3.51724e+00       2.239e+11  9.083827e-01 -1.348139e-01 -5.918416e-02  9.161729e-02
 2.68966e+00 -3.51724e+00       2.430e+11  9.054097e-01 -7.317833e-02  1.323098e-01  9.459028e-02
 3.10345e+00 -3.51724e+00       2.746e+11  8.983911e-01  9.483956e-03  1.977849e-01  1.016089e-01
 3.51724e+00 -3.51724e+00       3.645e+11  9.201788e-01  5.569442e-02  2.152571e-01  7.982120e-02
 3.93103e+00 -3.51724e+00       5.200e+11  9.306981e-01  5.339374e-02  2.596059e-01  6.930192e-02
 4.34483e+00 -3.51724e+00       5.931e+11  8.926236e-01  4.009275e-02  3.337137e-01  1.073764e-01
 4.75862e+00 -3.51724e+00       5.229e+11  7.775496e-01  3.289267e-02  4.684199e-01  2.224504e-01
 5.17241e+00 -3.51724e+00       4.196e+11  5.832245e-01  2.443168e-02  6.566747e-01  4.167755e-01
 5.58621e+00 -3.51724e+00       3.904e+11  3.422836e-01  5.044556e-03  8.073779e-01  6.577164e-01
 6.00000e+00 -3.51724e+00       5.227e+11  6.937617e-02  5.106707e-03  8.874487e-01  9.306238e-01
-6.00000e+00 -3.10345e+00       3.515e+11  7.586039e-02 -1.503225e-01 -8.097811e-01  9.241396e-01
-5.58621e+00 -3.10345e+00       3.246e+11  3.200330e-01 -1.128576e-01 -7.339646e-01  6.799670e-01
-5.17241e+00 -3.10345e+00       3.925e+11  5.921967e-01 -9.042845e-03 -5.761198e-01  4.078033e-01
-4.75862e+00 -3.10345e+00       4.549e+11  7.769125e-01  4.622845e-02 -4.382234e-01  2.230875e-01
-4.34483e+00 -3.10345e+00       4.189e+11  8.623444e-01  7.316516e-02 -3.604923e-01  1.376556e-01
-3.93103e+00 -3.10345e+00       3.289e+11  8.702188e-01  7.551763e-02 -3.500241e-01  1.297812e-01
-3.51724e+00 -3.10345e+00       2.410e+11  8.306526e-01  4.928014e-02 -3.522296e-01  1.693474e-01
-3.10345e+00 -3.10345e+00       1.818e+11  8.292550e-01 -8.864933e-03 -2.049163e-01  1.707450e-01
-2.68966e+00 -3.10345e+00       2.493e+11  9.155687e-01 -5.436598e-02  1.127735e-01  8.443131e-02
-2.27586e+00 -3.10345e+00       5.949e+11  9.392178e-01 -3.678926e-02  2.692576e-01  6.078225e-02
-1.86207e+00 -3.10345e+00       1.164e+12  9.203670e-01 -2.001457e-02  3.444791e-01  7.963300e-02
-1.44828e+00 -3.10345e+00       1.456e+12  8.887290e-01  3.358456e-03  4.046809e-01  1.112710e-01
-1.03448e+00 -3.10345e+00       1.145e+12  8.417820e-01  4.993445e-02  4.444625e-01  1.582180e-01
-6.20690e-01 -3.10345e+00       6.265e+11  7.714059e-01  1.296111e-01  3.935250e-01  2.285941e-01
-2.06897e-01 -3.10345e+00       3.479e+11  7.081439e-01  1.944804e-01  6.410704e-02  2.918561e-01
 2.06897e-01 -3.10345e+00       3.746e+11  7.476738e-01  1.362073e-01 -3.547102e-01  2.523262e-01
 6.20690e-01 -3.10345e+00       6.988e+11  8.195941e-01  4.307546e-02 -4.616267e-01  1.804059e-01
 1.03448e+00 -3.10345e+00       1.276e+12  8.708832e-01 -1.624661e-02 -4.343491e-01  1.291168e-01
 1.44828e+00 -3.10345e+00       1.668e+12  9.063672e-01 -4.202193e-02 -3.795499e-01  9.363280e-02
 1.86207e+00 -3.10345e+00       1.409e+12  9.319913e-01 -4.855209e-02 -3.155741e-01  6.800874e-02
 2.27586e+00 -3.10345e+00       7.977e+11  9.505034e-01 -5.287557e-02 -2.270115e-01  4.949661e-02
 2.68966e+00 -3.10345e+00       3.919e+11  9.505228e-01 -6.872257e-02 -5.778910e-02  4.947721e-02
 3.10345e+00 -3.10345e+00       2.676e+11  9.132943e-01 -5.178491e-02  1.761354e-01  8.670571e-02
 3.51724e+00 -3.10345e+00       2.716e+11  8.883571e-01  1.818682e-02  2.863472e-01  1.116429e-01
 3.93103e+00 -3.10345e+00       3.587e+11  9.008603e-01  5.914982e-02  3.143702e-01  9.913966e-02
 4.34483e+00 -3.10345e+00       4.835e+11  8.981422e-01  5.276437e-02  3.526726e-01  1.018578e-01
 4.75862e+00 -3.10345e+00       5.022e+11  8.395425e-01  3.638959e-02  4.218138e-01  1.604575e-01
 5.17241e+00 -3.10345e+00       4.062e+11  6.856344e-01  1.981624e-02  5.578718e-01  3.143656e-01
 5.58621e+00 -3.10345e+00       3.176e+11  4.574708e-01 -9.229073e-03  7.287459e-01  5.425292e-01
 6.00000e+00 -3.10345e+00       3.211e+11  1.912235e-01 -2.630161e-02  8.239733e-01  8.087765e-01
-6.00000e+00 -2.68966e+00       2.912e+11  1.607030e-01 -1.557347e-01 -7.819127e-01  8.392970e-01
-5.58621e+00 -2.68966e+00       3.096e+11  4.400526e-01 -5.232123e-02 -6.536296e-01  5.599474e-01
-5.17241e+00 -2.68966e+00       3.756e+11  6.877394e-01  2.337722e-02 -5.043005e-01  3.122606e-01
-4.75862e+00 -2.68966e+00       3.844e+11  8.183742e-01  5.640181e-02 -4.147938e-01  1.816258e-01
-4.34483e+00 -2.68966e+00       3.166e+11  8.526449e-01  7.469489e-02 -3.897934e-01  1.473551e-01
-3.93103e+00 -2.68966e+00       2.364e+11  8.275316e-01  6.336470e-02 -3.894354e-01  1.724684e-01
-3.51724e+00 -2.68966e+00       2.140e+11  8.568158e-01  1.579455e-02 -2.501787e-01  1.431842e-01
-3.10345e+00 -2.68966e+00       4.277e+11  9.626078e-01 -8.444489e-03 -2.919822e-02  3.739222e-02
-2.68966e+00 -2.68966e+00       1.076e+12  9.911499e-01  1.607704e-03  4.089916e-02  8.850119e-03
-2.27586e+00 -2.68966e+00       1.778e+12  9.926200e-01  1.156286e-02  7.122531e-02  7.379995e-03
-1.86207e+00 -2.68966e+00       1.701e+12  9.887687e-01  2.447682e-02  9.674753e-02  1.123126e-02
-1.44828e+00 -2.68966e+00       9.885e+11  9.792743e-01  4.775567e-02  1.211358e-01  2.072574e-02
-1.03448e+00 -2.68966e+00       4.644e+11  9.619761e-01  7.720371e-02  1.265810e-01  3.802393e-02
-6.20690e-01 -2.68966e+00       2.923e+11  9.510224e-01  5.475438e-02  8.863244e-02  4.897760e-02
-2.06897e-01 -2.68966e+00       2.437e+11  9.477888e-01 -7.786518e-03  6.711561e-02  5.221116e-02
 2.06897e-01 -2.68966e+00       2.208e+11  9.413835e-01 -3.228757e-02  6.697353e-02  5.861652e-02
 6.20690e-01 -2.68966e+00       2.395e+11  9.413719e-01 -1.200805e-02  1.923760e-02  5.862814e-02
 1.03448e+00 -2.68966e+00       4.333e+11  9.657425e-01 -9.417076e-03 -6.462794e-02  3.425746e-02
 1.44828e+00 -2.68966e+00       1.032e+12  9.853616e-01 -2.014991e-02 -8.626727e-02  1.463840e-02
 1.86207e+00 -2.68966e+00       1.842e+12  9.920182e-01 -2.627676e-02 -7.814351e-02  7.981842e-03
 2.27586e+00 -2.68966e+00       2.002e+12  9.939543e-01 -3.028104e-02 -6.121701e-02  6.045658e-03
 2.68966e+00 -2.68966e+00       1.301e+12  9.923402e-01 -3.478795e-02 -3.105428e-02  7.659770e-03
 3.10345e+00 -2.68966e+00       5.858e+11  9.757208e-01 -4.279543e-02  4.787643e-02  2.427918e-02
 3.51724e+00 -2.68966e+00       2.986e+11  9.195145e-01 -2.710392e-02  2.233108e-01  8.048551e-02
 3.93103e+00 -2.68966e+00       2.719e+11  8.824549e-01  3.567956e-02  3.392505e-01  1.175451e-01
 4.34483e+00 -2.68966e+00       3.569e+11  8.877557e-01  5.999055e-02  3.701799e-01  1.122443e-01
 4.75862e+00 -2.68966e+00       4.355e+11  8.651644e-01  4.583037e-02  4.099483e-01  1.348356e-01
 5.17241e+00 -2.68966e+00       4.032e+11  7.657890e-01  2.824210e-02  4.959254e-01  2.342110e-01
 5.58621e+00 -2.68966e+00       3.108e+11  5.601396e-01  6.351237e-03  6.472670e-01  4.398604e-01
 6.00000e+00 -2.68966e+00       2.581e+11  2.846674e-01 -2.190098e-02  7.771174e-01  7.153326e-01
-6.00000e+00 -2.27586e+00       2.538e+11  2.512019e-01 -7.645130e-02 -7.581743e-01  7.487981e-01
-5.58621e+00 -2.27586e+00       2.869e+11  5.821640e-01 -7.886037e-03 -5.708921e-01  4.178360e-01
-5.17241e+00 -2.27586e+00       3.361e+11  7.739023e-01  3.219898e-02 -4.515512e-01  2.260977e-01
-4.75862e+00 -2.27586e+00       3.100e+11  8.430939e-01  6.083649e-02 -4.044913e-01  1.569061e-01
-4.34483e+00 -2.27586e+00       2.384e+11  8.394980e-01  7.085422e-02 -3.975004e-01  1.605020e-01
-3.93103e+00 -2.27586e+00       2.165e+11  8.570219e-01  3.778227e-02 -3.140625e-01  1.429781e-01
-3.51724e+00 -2.27586e+00       4.401e+11  9.564464e-01  7.584190e-03 -1.428757e-01  4.355358e-02
-3.10345e+00 -2.27586e+00       1.136e+12  9.900205e-01  9.708895e-03 -8.817209e-02  9.979454e-03
-2.68966e+00 -2.27586e+00       1.886e+12  9.952994e-01  1.482566e-02 -6.956691e-02  4.700629e-03
-2.27586e+00 -2.27586e+00       1.796e+12  9.959621e-01  2.218356e-02 -5.538372e-02  4.037928e-03
-1.86207e+00 -2.27586e+00       1.123e+12  9.939457e-01  3.861423e-02 -4.277955e-02  6.054254e-03
-1.44828e+00 -2.27586e+00       8.443e+11  9.902060e-01  6.271238e-02 -3.863780e-02  9.794012e-03
-1.03448e+00 -2.27586e+00       1.154e+12  9.915246e-01  6.057529e-02 -3.865456e-02  8.475443e-03
-6.20690e-01 -2.27586e+00       1.613e+12  9.942221e-01  4.259018e-02 -2.487237e-02  5.777911e-03
-2.06897e-01 -2.27586e+00       1.817e+12  9.953118e-01  2.677071e-02  7.011084e-03  4.688226e-03
 2.06897e-01 -2.27586e+00       1.679e+12  9.936320e-01  2.310130e-02  5.114576e-02  6.368018e-03
 6.20690e-01 -2.27586e+00       1.264e+12  9.886043e-01  3.250367e-02  9.375978e-02  1.139569e-02
 1.03448e+00 -2.27586e+00       7.609e+11  9.801459e-01  4.239682e-02  1.232486e-01  1.985406e-02
 1.44828e+00 -2.27586e+00       5.514e+11  9.773140e-01  1.734425e-02  1.092851e-01  2.268599e-02
 1.86207e+00 -2.27586e+00       9.811e+11  9.897051e-01 -1.554853e-02  7.191116e-02  1.029488e-02
 2.27586e+00 -2.27586e+00       1.820e+12  9.947094e-01 -2.163874e-02  6.667598e-02  5.290649e-03
 2.68966e+00 -2.27586e+00       2.051e+12  9.950815e-01 -2.426241e-02  7.223561e-02  4.918458e-03
 3.10345e+00 -2.27586e+00       1.334e+12  9.913614e-01 -2.805329e-02  8.871800e-02  8.638614e-03
 3.51724e+00 -2.27586e+00       5.783e+11  9.705416e-01 -3.143485e-02  1.463862e-01  2.945838e-02
 3.93103e+00 -2.27586e+00       2.842e+11  9.115730e-01 -2.214980e-03  2.852021e-01  8.842703e-02
 4.34483e+00 -2.27586e+00       2.747e+11  8.840868e-01  5.163615e-02  3.687912e-01  1.159132e-01
 4.75862e+00 -2.27586e+00       3.506e+11  8.808903e-01  5.397336e-02  3.952913e-01  1.191097e-01
 5.17241e+00 -2.27586e+00       3.653e+11  8.320866e-01  3.744515e-02  4.408830e-01  1.679134e-01
 5.58621e+00 -2.27586e+00       2.873e+11  6.754124e-01  2.271955e-02  5.448504e-01  3.245876e-01
 6.00000e+00 -2.27586e+00       2.156e+11  3.414736e-01 -3.282580e-03  7.094803e-01  6.585264e-01
-6.00000e+00 -1.86207e+00       1.839e+11  4.820015e-01  9.665303e-03 -5.840481e-01  5.179985e-01
-5.58621e+00 -1.86207e+00       2.718e+11  7.202641e-01  3.166435e-02 -4.881863e-01  2.797359e-01
-5.17241e+00 -1.86207e+00       3.021e+11  8.200312e-01  6.297056e-02 -4.203692e-01  1.799688e-01
-4.75862e+00 -1.86207e+00       2.473e+11  8.526997e-01  7.954812e-02 -3.847726e-01  1.473003e-01
-4.34483e+00 -1.86207e+00       1.997e+11  8.581098e-01  5.839001e-02 -3.493138e-01  1.418902e-01
-3.93103e+00 -1.86207e+00       3.273e+11  9.343775e-01  1.870880e-02 -2.168540e-01  6.562248e-02
-3.51724e+00 -1.86207e+00       8.941e+11  9.802493e-01  1.266662e-02 -1.525081e-01  1.975070e-02
-3.10345e+00 -1.86207e+00       1.724e+12  9.887242e-01  1.506350e-02 -1.368403e-01  1.127577e-02
-2.68966e+00 -1.86207e+00       1.921e+12  9.904456e-01  1.892529e-02 -1.284915e-01  9.554361e-03
-2.27586e+00 -1.86207e+00       1.431e+12  9.899799e-01  2.779873e-02 -1.238399e-01  1.002005e-02
-1.86207e+00 -1.86207e+00       1.281e+12  9.884348e-01  3.477858e-02 -1.231451e-01  1.156519e-02
-1.44828e+00 -1.86207e+00       2.035e+12  9.909769e-01  2.671814e-02 -1.034834e-01  9.023055e-03
-1.03448e+00 -1.86207e+00       4.222e+12  9.952906e-01  1.946427e-02 -6.803413e-02  4.709419e-03
-6.20690e-01 -1.86207e+00       8.214e+12  9.977233e-01  1.392122e-02 -3.932924e-02  2.276740e-03
-2.06897e-01 -1.86207e+00       1.182e+13  9.986638e-01  8.479977e-03 -1.526927e-02  1.336169e-03
 2.06897e-01 -1.86207e+00       1.157e+13  9.987224e-01  4.303744e-03  9.149228e-03  1.277607e-03
 6.20690e-01 -1.86207e+00       7.611e+12  9.977133e-01  1.817432e-03  3.649069e-02  2.286728e-03
 1.03448e+00 -1.86207e+00       3.508e+12  9.942273e-01  9.538760e-04  7.439328e-02  5.772686e-03
 1.44828e+00 -1.86207e+00       1.356e+12  9.855883e-01  2.433970e-03  1.321601e-01  1.441165e-02
 1.86207e+00 -1.86207e+00       7.650e+11  9.789805e-01 -1.769277e-03  1.638402e-01  2.101947e-02
 2.27586e+00 -1.86207e+00       1.157e+12  9.861334e-01 -1.406517e-02  1.378668e-01  1.386657e-02
 2.68966e+00 -1.86207e+00       1.890e+12  9.895895e-01 -1.803862e-02  1.298825e-01  1.041049e-02
 3.10345e+00 -1.86207e+00       1.858e+12  9.894574e-01 -2.047079e-02  1.323272e-01  1.054261e-02
 3.51724e+00 -1.86207e+00       1.055e+12  9.841123e-01 -2.364604e-02  1.473126e-01  1.588766e-02
 3.93103e+00 -1.86207e+00       4.288e+11  9.573043e-01 -1.897837e-02  2.084949e-01  4.269573e-02
 4.34483e+00 -1.86207e+00       2.499e+11  9.071565e-01  2.734340e-02  3.221282e-01  9.284355e-02
 4.75862e+00 -1.86207e+00       2.895e+11  8.929252e-01  5.723232e-02  3.721149e-01  1.070748e-01
 5.17241e+00 -1.86207e+00       3.410e+11  8.680197e-01  4.715810e-02  4.089891e-01  1.319803e-01
 5.58621e+00 -1.86207e+00       3.004e+11  7.865866e-01  3.908451e-02  4.818749e-01  2.134134e-01
 6.00000e+00 -1.86207e+00       2.197e+11  6.024006e-01  3.888743e-02  6.085549e-01  3.975994e-01
-6.00000e+00 -1.44828e+00       1.968e+11  6.037255e-01 -1.451717e-02 -5.218600e-01  3.962745e-01
-5.58621e+00 -1.44828e+00       2.444e+11  7.882318e-01  5.320977e-02 -3.854628e-01  2.117682e-01
-5.17241e+00 -1.44828e+00       2.381e+11  8.736429e-01  5.356779e-02 -3.207501e-01  1.263571e-01
-4.75862e+00 -1.44828e+00       1.936e+11  8.924094e-01  4.248521e-02 -3.157590e-01  1.075906e-01
-4.34483e+00 -1.44828e+00       2.173e+11  9.172578e-01  2.758119e-02 -2.627139e-01  8.274219e-02
-3.93103e+00 -1.44828e+00       5.430e+11  9.701340e-01  1.445634e-02 -1.785760e-01  2.986601e-02
-3.51724e+00 -1.44828e+00       1.312e+12  9.850049e-01  1.366498e-02 -1.568606e-01  1.499511e-02
-3.10345e+00 -1.44828e+00       1.901e+12  9.876917e-01  1.512953e-02 -1.505810e-01  1.230835e-02
-2.68966e+00 -1.44828e+00       1.732e+12  9.879009e-01  1.880207e-02 -1.478721e-01  1.209912e-02
-2.27586e+00 -1.44828e+00       1.850e+12  9.880815e-01  2.073334e-02 -1.418407e-01  1.191850e-02
-1.86207e+00 -1.44828e+00       4.724e+12  9.912502e-01  1.130396e-02 -1.218046e-01  8.749807e-03
-1.44828e+00 -1.44828e+00       1.435e+13  9.939382e-01  2.570380e-03 -1.017866e-01  6.061789e-03
-1.03448e+00 -1.44828e+00       3.278e+13  9.958648e-01 -3.933388e-03 -8.063879e-02  4.135169e-03
-6.20690e-01 -1.44828e+00       5.374e+13  9.974566e-01 -8.658080e-03 -5.435282e-02  2.543385e-03
-2.06897e-01 -1.44828e+00       6.686e+13  9.985173e-01 -1.170107e-02 -2.254476e-02  1.482652e-03
 2.06897e-01 -1.44828e+00       6.648e+13  9.986980e-01 -1.359023e-02  1.151846e-02  1.302034e-03
 6.20690e-01 -1.44828e+00       5.260e+13  9.979769e-01 -1.498418e-02  4.296775e-02  2.023101e-03
 1.03448e+00 -1.44828e+00       3.117e+13  9.966444e-01 -1.613651e-02  6.921050e-02  3.355650e-03
 1.44828e+00 -1.44828e+00       1.290e+13  9.947601e-01 -1.683140e-02  9.172151e-02  5.239876e-03
 1.86207e+00 -1.44828e+00       3.712e+12  9.912814e-01 -1.622717e-02  1.171817e-01  8.718564e-03
 2.27586e+00 -1.44828e+00       1.247e+12  9.855400e-01 -1.355178e-02  1.485417e-01  1.445995e-02
 2.68966e+00 -1.44828e+00       1.469e+12  9.871261e-01 -1.410132e-02  1.464924e-01  1.287386e-02
 3.10345e+00 -1.44828e+00       1.906e+12  9.885549e-01 -1.566803e-02  1.429203e-01  1.144512e-02
 3.51724e+00 -1.44828e+00       1.448e+12  9.874096e-01 -1.751968e-02  1.466378e-01  1.259043e-02
 3.93103e+00 -1.44828e+00       6.648e+11  9.786149e-01 -1.748104e-02  1.688580e-01  2.138513e-02
 4.34483e+00 -1.44828e+00       2.797e+11  9.480161e-01  3.479384e-03  2.409762e-01  5.198393e-02
 4.75862e+00 -1.44828e+00       2.304e+11  9.239898e-01  4.071538e-02  3.084868e-01  7.601025e-02
 5.17241e+00 -1.44828e+00       2.836e+11  9.083973e-01  4.365149e-02  3.411245e-01  9.160272e-02
 5.58621e+00 -1.44828e+00       2.792e+11  8.507805e-01  3.099783e-02  4.004689e-01  1.492195e-01
 6.00000e+00 -1.44828e+00       2.032e+11  7.080766e-01  5.551888e-03  5.185046e-01  2.919234e-01
-6.00000e+00 -1.03448e+00       1.663e+11  8.253239e-01 -1.894970e-02 -3.622728e-01  1.746761e-01
-5.58621e+00 -1.03448e+00       2.340e+11  8.968478e-01  1.915531e-02 -3.183589e-01  1.031522e-01
-5.17241e+00 -1.03448e+00       2.252e+11  9.247560e-01  4.765223e-02 -2.833143e-01  7.524400e-02
-4.75862e+00 -1.03448e+00       1.813e+11  9.314349e-01  5.246584e-02 -2.546694e-01  6.856512e-02
-4.34483e+00 -1.03448e+00       2.709e+11  9.609760e-01  2.121513e-02 -1.855863e-01  3.902399e-02
-3.93103e+00 -1.03448e+00       7.606e+11  9.846364e-01  1.122891e-02 -1.461229e-01  1.536364e-02
-3.51724e+00 -1.03448e+00       1.553e+12  9.894254e-01  1.144458e-02 -1.379284e-01  1.057459e-02
-3.10345e+00 -1.03448e+00       1.877e+12  9.901336e-01  1.241159e-02 -1.359660e-01  9.866446e-03
-2.68966e+00 -1.03448e+00       1.906e+12  9.900797e-01  1.277907e-02 -1.344913e-01  9.920298e-03
-2.27586e+00 -1.03448e+00       4.163e+12  9.916296e-01  6.153447e-03 -1.234691e-01  8.370384e-03
-1.86207e+00 -1.03448e+00       1.320e+13  9.933656e-01 -6.443027e-04 -1.108867e-01  6.634392e-03
-1.44828e+00 -1.03448e+00       3.103e+13  9.947384e-01 -5.270037e-03 -9.793580e-02  5.261565e-03
-1.03448e+00 -1.03448e+00       4.942e+13  9.961319e-01 -8.252094e-03 -8.104772e-02  3.868115e-03
-6.20690e-01 -1.03448e+00       5.759e+13  9.975732e-01 -9.413941e-03 -5.708055e-02  2.426847e-03
-2.06897e-01 -1.03448e+00       5.750e+13  9.987078e-01 -8.988901e-03 -2.352520e-02  1.292196e-03
 2.06897e-01 -1.03448e+00       5.779e+13  9.989064e-01 -8.607153e-03  1.500369e-02  1.093628e-03
 6.20690e-01 -1.03448e+00       5.797e+13  9.981436e-01 -9.761943e-03  4.721220e-02  1.856380e-03
 1.03448e+00 -1.03448e+00       4.894e+13  9.970082e-01 -1.191158e-02  6.975021e-02  2.991820e-03
 1.44828e+00 -1.03448e+00       2.965e+13  9.958325e-01 -1.409429e-02  8.578765e-02  4.167484e-03
 1.86207e+00 -1.03448e+00       1.178e+13  9.945281e-01 -1.576632e-02  9.895639e-02  5.471894e-03
 2.27586e+00 -1.03448e+00       3.215e+12  9.923683e-01 -1.607681e-02  1.141616e-01  7.631739e-03
 2.68966e+00 -1.03448e+00       1.417e+12  9.903024e-01 -1.300747e-02  1.268833e-01  9.697644e-03
 3.10345e+00 -1.03448e+00       1.735e+12  9.914192e-01 -1.225910e-02  1.234294e-01  8.580781e-03
 3.51724e+00 -1.03448e+00       1.625e+12  9.915451e-01 -1.320927e-02  1.232031e-01  8.454861e-03
 3.93103e+00 -1.03448e+00       8.818e+11  9.889392e-01 -1.361612e-02  1.314123e-01  1.106082e-02
 4.34483e+00 -1.03448e+00       3.514e+11  9.761165e-01 -2.551798e-03  1.690676e-01  2.388353e-02
 4.75862e+00 -1.03448e+00       2.269e+11  9.571306e-01  3.233047e-02  2.295792e-01  4.286943e-02
 5.17241e+00 -1.03448e+00       2.559e+11  9.497425e-01  3.628262e-02  2.563378e-01  5.025748e-02
 5.58621e+00 -1.03448e+00       2.530e+11  9.285883e-01  2.516226e-02  2.925854e-01  7.141170e-02
 6.00000e+00 -1.03448e+00       1.904e+11  8.743424e-01  2.436563e-02  3.631518e-01  1.256576e-01
-6.00000e+00 -6.20690e-01       1.406e+11  9.274999e-01 -3.043872e-03 -2.142488e-01  7.250010e-02
-5.58621e+00 -6.20690e-01       1.926e+11  9.644152e-01 -6.523465e-03 -1.745490e-01  3.558485e-02
-5.17241e+00 -6.20690e-01       1.858e+11  9.728749e-01  1.084962e-03 -1.717510e-01  2.712509e-02
-4.75862e+00 -6.20690e-01       1.719e+11  9.736413e-01  1.236089e-02 -1.625201e-01  2.635869e-02
-4.34483e+00 -6.20690e-01       3.331e+11  9.864005e-01  9.339590e-03 -1.177462e-01  1.359952e-02
-3.93103e+00 -6.20690e-01       9.177e+11  9.934778e-01  7.652149e-03 -1.002556e-01  6.522198e-03
-3.51724e+00 -6.20690e-01       1.656e+12  9.947945e-01  8.029814e-03 -9.731696e-02  5.205468e-03
-3.10345e+00 -6.20690e-01       1.869e+12  9.947920e-01  7.869741e-03 -9.800291e-02  5.208032e-03
-2.68966e+00 -6.20690e-01       2.503e+12  9.949584e-01  4.140513e-03 -9.591185e-02  5.041635e-03
-2.27586e+00 -6.20690e-01       7.201e+12  9.959076e-01 -1.421763e-03 -8.739280e-02  4.092381e-03
-1.86207e+00 -6.20690e-01       1.974e+13  9.965825e-01 -4.636441e-03 -8.021553e-02  3.417474e-03
-1.44828e+00 -6.20690e-01       3.551e+13  9.971590e-01 -6.661185e-03 -7.261014e-02  2.840970e-03
-1.03448e+00 -6.20690e-01       4.127e+13  9.977810e-01 -7.640135e-03 -6.279133e-02  2.218955e-03
-6.20690e-01 -6.20690e-01       3.380e+13  9.984859e-01 -7.210751e-03 -4.815514e-02  1.514057e-03
-2.06897e-01 -6.20690e-01       2.495e+13  9.991855e-01 -4.996031e-03 -2.185422e-02  8.144538e-04
 2.06897e-01 -6.20690e-01       2.542e+13  9.993607e-01 -3.357890e-03  1.451987e-02  6.392745e-04
 6.20690e-01 -6.20690e-01       3.491e+13  9.989464e-01 -4.802614e-03  3.886165e-02  1.053614e-03
 1.03448e+00 -6.20690e-01       4.201e+13  9.984445e-01 -7.185438e-03  5.187917e-02  1.555466e-03
 1.44828e+00 -6.20690e-01       3.500e+13  9.979826e-01 -9.346225e-03  6.044742e-02  2.017379e-03
 1.86207e+00 -6.20690e-01       1.842e+13  9.975287e-01 -1.106283e-02  6.716846e-02  2.471287e-03
 2.27586e+00 -6.20690e-01       6.046e+12  9.969102e-01 -1.211932e-02  7.392194e-02  3.089839e-03
 2.68966e+00 -6.20690e-01       1.837e+12  9.959516e-01 -1.098907e-02  8.145907e-02  4.048354e-03
 3.10345e+00 -6.20690e-01       1.610e+12  9.962144e-01 -8.669400e-03  8.008937e-02  3.785597e-03
 3.51724e+00 -6.20690e-01       1.667e+12  9.965061e-01 -8.514046e-03  7.872470e-02  3.493909e-03
 3.93103e+00 -6.20690e-01       1.027e+12  9.959362e-01 -8.243420e-03  8.158628e-02  4.063791e-03
 4.34483e+00 -6.20690e-01       4.181e+11  9.925600e-01 -3.678917e-03  9.676566e-02  7.440010e-03
 4.75862e+00 -6.20690e-01       2.111e+11  9.858951e-01  1.057138e-02  1.278344e-01  1.410495e-02
 5.17241e+00 -6.20690e-01       2.083e+11  9.839323e-01  1.437466e-02  1.428750e-01  1.606766e-02
 5.58621e+00 -6.20690e-01       2.159e+11  9.783042e-01  1.377682e-02  1.567207e-01  2.169584e-02
 6.00000e+00 -6.20690e-01       1.590e+11  9.538813e-01  1.302369e-02  1.948435e-01  4.611875e-02
-6.00000e+00 -2.06897e-01       1.413e+11  9.869732e-01 -7.755724e-04 -8.774718e-02  1.302679e-02
-5.58621e+00 -2.06897e-01       1.830e+11  9.939955e-01 -8.502585e-04 -6.444664e-02  6.004533e-03
-5.17241e+00 -2.06897e-01       1.691e+11  9.955358e-01 -4.704663e-03 -6.267661e-02  4.464171e-03
-4.75862e+00 -2.06897e-01       1.667e+11  9.955972e-01 -4.664591e-03 -6.183337e-02  4.402802e-03
-4.34483e+00 -2.06897e-01       3.693e+11  9.976792e-01  5.503194e-04 -4.787392e-02  2.320794e-03
-3.93103e+00 -2.06897e-01       9.949e+11  9.987101e-01  3.175696e-03 -4.263063e-02  1.289894e-03
-3.51724e+00 -2.06897e-01       1.691e+12  9.988548e-01  3.730975e-03 -4.249906e-02  1.145239e-03
-3.10345e+00 -2.06897e-01       1.899e+12  9.987272e-01  2.073755e-03 -4.479372e-02  1.272846e-03
-2.68966e+00 -2.06897e-01       3.013e+12  9.988700e-01 -2.926305e-03 -4.294366e-02  1.129972e-03
-2.27586e+00 -2.06897e-01       9.026e+12  9.991981e-01 -5.222573e-03 -3.725239e-02  8.018515e-04
-1.86207e+00 -2.06897e-01       2.222e+13  9.993544e-01 -5.672156e-03 -3.368889e-02  6.455732e-04
-1.44828e+00 -2.06897e-01       3.452e+13  9.994632e-01 -5.734907e-03 -3.055718e-02  5.368093e-04
-1.03448e+00 -2.06897e-01       3.356e+13  9.995679e-01 -5.512373e-03 -2.701334e-02  4.320567e-04
-6.20690e-01 -2.06897e-01       2.179e+13  9.996795e-01 -4.953317e-03 -2.223497e-02  3.204656e-04
-2.06897e-01 -2.06897e-01       1.225e+13  9.998109e-01 -3.973775e-03 -1.230875e-02  1.890613e-04
 2.06897e-01 -2.06897e-01       1.265e+13  9.998897e-01 -3.702367e-03  4.482239e-03  1.103161e-04
 6.20690e-01 -2.06897e-01       2.290e+13  9.998588e-01 -4.588487e-03  1.282715e-02  1.412373e-04
 1.03448e+00 -2.06897e-01       3.470e+13  9.998129e-01 -5.382884e-03  1.627931e-02  1.871231e-04
 1.44828e+00 -2.06897e-01       3.457e+13  9.997704e-01 -5.938962e-03  1.847584e-02  2.296414e-04
 1.86207e+00 -2.06897e-01       2.115e+13  9.997256e-01 -6.254296e-03  2.014195e-02  2.744221e-04
 2.27586e+00 -2.06897e-01       7.830e+12  9.996485e-01 -6.251650e-03  2.179636e-02  3.514533e-04
 2.68966e+00 -2.06897e-01       2.255e+12  9.994798e-01 -5.542067e-03  2.333857e-02  5.201713e-04
 3.10345e+00 -2.06897e-01       1.573e+12  9.995208e-01 -4.413682e-03  2.121573e-02  4.791717e-04
 3.51724e+00 -2.06897e-01       1.666e+12  9.996375e-01 -3.873393e-03  2.020969e-02  3.625203e-04
 3.93103e+00 -2.06897e-01       1.094e+12  9.996053e-01 -2.969463e-03  2.091460e-02  3.947408e-04
 4.34483e+00 -2.06897e-01       4.550e+11  9.992504e-01 -6.677845e-04  2.401447e-02  7.496238e-04
 4.75862e+00 -2.06897e-01       2.085e+11  9.984093e-01  2.873954e-03  2.910065e-02  1.590730e-03
 5.17241e+00 -2.06897e-01       2.010e+11  9.981012e-01  5.210865e-03  3.209272e-02  1.898831e-03
 5.58621e+00 -2.06897e-01       2.187e+11  9.974441e-01  7.325372e-03  3.840836e-02  2.555932e-03
 6.00000e+00 -2.06897e-01       1.609e+11  9.941869e-01  5.687283e-03  5.291389e-02  5.813137e-03
-6.00000e+00  2.06897e-01       1.407e+11  9.913317e-01 -2.132558e-02  5.418819e-02  8.668267e-03
-5.58621e+00  2.06897e-01       1.824e+11  9.956840e-01 -1.417540e-02  3.842818e-02  4.316039e-03
-5.17241e+00  2.06897e-01       1.683e+11  9.968977e-01 -1.379890e-02  3.822690e-02  3.102328e-03
-4.75862e+00  2.06897e-01       1.659e+11  9.975926e-01 -1.617750e-02  3.738866e-02  2.407373e-03
-4.34483e+00  2.06897e-01       3.694e+11  9.990428e-01 -7.698622e-03  2.417149e-02  9.571920e-04
-3.93103e+00  2.06897e-01       9.976e+11  9.995398e-01 -2.488528e-03  1.971159e-02  4.602046e-04
-3.51724e+00  2.06897e-01       1.698e+12  9.996110e-01 -1.479019e-03  1.768340e-02  3.890056e-04
-3.10345e+00  2.06897e-01       1.910e+12  9.996147e-01 -3.835448e-03  1.426773e-02  3.853091e-04
-2.68966e+00  2.06897e-01       3.029e+12  9.996686e-01 -8.567171e-03  1.478127e-02  3.313813e-04
-2.27586e+00  2.06897e-01       9.034e+12  9.997224e-01 -7.965242e-03  1.811925e-02  2.776411e-04
-1.86207e+00  2.06897e-01       2.221e+13  9.997557e-01 -5.946669e-03  1.861453e-02  2.442581e-04
-1.44828e+00  2.06897e-01       3.448e+13  9.997907e-01 -4.219881e-03  1.774541e-02  2.092978e-04
-1.03448e+00  2.06897e-01       3.353e+13  9.998290e-01 -2.951705e-03  1.597732e-02  1.709669e-04
-6.20690e-01  2.06897e-01       2.178e+13  9.998675e-01 -2.521141e-03  1.275504e-02  1.325326e-04
-2.06897e-01  2.06897e-01       1.227e+13  9.998788e-01 -4.161556e-03  3.986443e-03  1.212281e-04
 2.06897e-01  2.06897e-01       1.267e+13  9.997845e-01 -6.845388e-03 -1.303100e-02  2.154631e-04
 6.20690e-01  2.06897e-01       2.293e+13  9.996742e-01 -6.219210e-03 -2.218091e-02  3.258017e-04
 1.03448e+00  2.06897e-01       3.476e+13  9.995858e-01 -4.673197e-03 -2.643097e-02  4.142052e-04
 1.44828e+00  2.06897e-01       3.463e+13  9.994988e-01 -3.141976e-03 -2.961986e-02  5.011520e-04
 1.86207e+00  2.06897e-01       2.119e+13  9.994071e-01 -1.650968e-03 -3.241618e-02  5.928659e-04
 2.27586e+00  2.06897e-01       7.852e+12  9.992972e-01 -1.226288e-04 -3.505895e-02  7.027615e-04
 2.68966e+00  2.06897e-01       2.263e+12  9.990829e-01  9.962391e-04 -3.892112e-02  9.170586e-04
 3.10345e+00  2.06897e-01       1.575e+12  9.989139e-01  2.114448e-04 -4.284534e-02  1.086135e-03
 3.51724e+00  2.06897e-01       1.666e+12  9.989490e-01  7.360752e-04 -4.290350e-02  1.051036e-03
 3.93103e+00  2.06897e-01       1.095e+12  9.988314e-01  2.362380e-03 -4.367156e-02  1.168581e-03
 4.34483e+00  2.06897e-01       4.559e+11  9.979782e-01  3.606073e-03 -5.042520e-02  2.021804e-03
 4.75862e+00  2.06897e-01       2.095e+11  9.955514e-01 -3.181197e-03 -7.170546e-02  4.448627e-03
 5.17241e+00  2.06897e-01       2.021e+11  9.942920e-01 -8.936841e-03 -8.517638e-02  5.708047e-03
 5.58621e+00  2.06897e-01       2.200e+11  9.929387e-01 -6.317966e-03 -8.891812e-02  7.061316e-03
 6.00000e+00  2.06897e-01       1.620e+11  9.866111e-01 -3.630954e-03 -1.048402e-01  1.338888e-02
-6.00000e+00  6.20690e-01       1.399e+11  9.336328e-01 -1.685827e-02  1.823663e-01  6.636718e-02
-5.58621e+00  6.20690e-01       1.917e+11  9.670531e-01 -3.461613e-03  1.501123e-01  3.294693e-02
-5.17241e+00  6.20690e-01       1.842e+11  9.756456e-01 -1.401818e-02  1.510102e-01  2.435438e-02
-4.75862e+00  6.20690e-01       1.700e+11  9.784517e-01 -3.143999e-02  1.418976e-01  2.154835e-02
-4.34483e+00  6.20690e-01       3.334e+11  9.903512e-01 -1.832368e-02  9.528370e-02  9.648753e-03
-3.93103e+00  6.20690e-01       9.243e+11  9.958088e-01 -8.088045e-03  7.835931e-02  4.191246e-03
-3.51724e+00  6.20690e-01       1.673e+12  9.968089e-01 -6.247196e-03  7.418242e-02  3.191108e-03
-3.10345e+00  6.20690e-01       1.902e+12  9.971114e-01 -8.617624e-03  6.981939e-02  2.888553e-03
-2.68966e+00  6.20690e-01       2.553e+12  9.972497e-01 -1.391497e-02  6.729991e-02  2.750326e-03
-2.27586e+00  6.20690e-01       7.243e+12  9.974047e-01 -1.162640e-02  6.782611e-02  2.595329e-03
-1.86207e+00  6.20690e-01       1.972e+13  9.976913e-01 -7.195199e-03  6.515046e-02  2.308736e-03
-1.44828e+00  6.20690e-01       3.540e+13  9.980501e-01 -3.636152e-03  5.986850e-02  1.949945e-03
-1.03448e+00  6.20690e-01       4.115e+13  9.984779e-01 -1.260385e-03  5.174398e-02  1.522078e-03
-6.20690e-01  6.20690e-01       3.374e+13  9.989645e-01 -7.763236e-04  3.845797e-02  1.035544e-03
-2.06897e-01  6.20690e-01       2.496e+13  9.993568e-01 -3.259293e-03  1.305388e-02  6.431992e-04
 2.06897e-01  6.20690e-01       2.548e+13  9.991652e-01 -6.149292e-03 -2.325767e-02  8.348058e-04
 6.20690e-01  6.20690e-01       3.502e+13  9.985146e-01 -5.042288e-03 -4.814164e-02  1.485401e-03
 1.03448e+00  6.20690e-01       4.219e+13  9.978612e-01 -2.160115e-03 -6.190948e-02  2.138824e-03
 1.44828e+00  6.20690e-01       3.518e+13  9.972580e-01  8.453948e-04 -7.143326e-02  2.742032e-03
 1.86207e+00  6.20690e-01       1.854e+13  9.966695e-01  3.704120e-03 -7.920401e-02  3.330452e-03
 2.27586e+00  6.20690e-01       6.105e+12  9.959789e-01  6.430664e-03 -8.681657e-02  4.021091e-03
 2.68966e+00  6.20690e-01       1.860e+12  9.948587e-01  7.043458e-03 -9.733036e-02  5.141319e-03
 3.10345e+00  6.20690e-01       1.617e+12  9.945463e-01  4.323097e-03 -1.011606e-01  5.453656e-03
 3.51724e+00  6.20690e-01       1.670e+12  9.946570e-01  5.170447e-03 -1.001809e-01  5.342950e-03
 3.93103e+00  6.20690e-01       1.030e+12  9.937899e-01  7.439772e-03 -1.032245e-01  6.210113e-03
 4.34483e+00  6.20690e-01       4.213e+11  9.887434e-01  6.018030e-03 -1.228836e-01  1.125663e-02
 4.75862e+00  6.20690e-01       2.140e+11  9.776690e-01 -1.464367e-02 -1.685658e-01  2.233100e-02
 5.17241e+00  6.20690e-01       2.113e+11  9.728607e-01 -2.436205e-02 -1.919965e-01  2.713928e-02
 5.58621e+00  6.20690e-01       2.195e+11  9.642486e-01 -1.984624e-02 -2.065498e-01  3.575138e-02
 6.00000e+00  6.20690e-01       1.623e+11  9.311954e-01 -2.308916e-02 -2.476218e-01  6.880464e-02
-6.00000e+00  1.03448e+00       1.648e+11  8.256535e-01  1.475075e-02  3.417841e-01  1.743465e-01
-5.58621e+00  1.03448e+00       2.320e+11  8.992110e-01 -1.882649e-02  3.053583e-01  1.007890e-01
-5.17241e+00  1.03448e+00       2.223e+11  9.276880e-01 -5.396381e-02  2.729629e-01  7.231204e-02
-4.75862e+00  1.03448e+00       1.782e+11  9.370101e-01 -6.963511e-02  2.411602e-01  6.298994e-02
-4.34483e+00  1.03448e+00       2.706e+11  9.673928e-01 -3.412214e-02  1.657047e-01  3.260716e-02
-3.93103e+00  1.03448e+00       7.701e+11  9.882088e-01 -1.422298e-02  1.259276e-01  1.179121e-02
-3.51724e+00  1.03448e+00       1.580e+12  9.921687e-01 -1.100320e-02  1.172681e-01  7.831290e-03
-3.10345e+00  1.03448e+00       1.931e+12  9.930533e-01 -1.241102e-02  1.119506e-01  6.946713e-03
-2.68966e+00  1.03448e+00       1.993e+12  9.933397e-01 -1.851468e-02  1.067431e-01  6.660267e-03
-2.27586e+00  1.03448e+00       4.267e+12  9.939191e-01 -1.800112e-02  1.026088e-01  6.080929e-03
-1.86207e+00  1.03448e+00       1.325e+13  9.949435e-01 -1.123768e-02  9.547270e-02  5.056545e-03
-1.44828e+00  1.03448e+00       3.095e+13  9.959653e-01 -5.463285e-03  8.509001e-02  4.034733e-03
-1.03448e+00  1.03448e+00       4.923e+13  9.970592e-01 -1.280376e-03  6.991670e-02  2.940818e-03
-6.20690e-01  1.03448e+00       5.740e+13  9.981785e-01  7.935781e-04  4.715709e-02  1.821502e-03
-2.06897e-01  1.03448e+00       5.740e+13  9.989429e-01  6.763818e-04  1.428819e-02  1.057128e-03
 2.06897e-01  1.03448e+00       5.785e+13  9.987577e-01  9.861717e-05 -2.410650e-02  1.242322e-03
 6.20690e-01  1.03448e+00       5.818e+13  9.976706e-01  1.166169e-03 -5.662852e-02  2.329356e-03
 1.03448e+00  1.03448e+00       4.921e+13  9.962651e-01  3.643359e-03 -7.984307e-02  3.734870e-03
 1.44828e+00  1.03448e+00       2.986e+13  9.948370e-01  6.576607e-03 -9.686747e-02  5.163029e-03
 1.86207e+00  1.03448e+00       1.191e+13  9.933258e-01  9.598711e-03 -1.110903e-01  6.674216e-03
 2.27586e+00  1.03448e+00       3.288e+12  9.911310e-01  1.234243e-02 -1.272471e-01  8.868979e-03
 2.68966e+00  1.03448e+00       1.448e+12  9.885951e-01  9.895380e-03 -1.443450e-01  1.140485e-02
 3.10345e+00  1.03448e+00       1.744e+12  9.890755e-01  7.858810e-03 -1.432226e-01  1.092450e-02
 3.51724e+00  1.03448e+00       1.627e+12  9.890273e-01  9.897539e-03 -1.425868e-01  1.097268e-02
 3.93103e+00  1.03448e+00       8.838e+11  9.857445e-01  1.286563e-02 -1.514418e-01  1.425546e-02
 4.34483e+00  1.03448e+00       3.556e+11  9.695690e-01  4.608329e-03 -1.959937e-01  3.043098e-02
 4.75862e+00  1.03448e+00       2.308e+11  9.451678e-01 -3.703676e-02 -2.677453e-01  5.483217e-02
 5.17241e+00  1.03448e+00       2.587e+11  9.348042e-01 -4.913393e-02 -2.946367e-01  6.519582e-02
 5.58621e+00  1.03448e+00       2.558e+11  9.072147e-01 -4.068344e-02 -3.317915e-01  9.278533e-02
 6.00000e+00  1.03448e+00       1.940e+11  8.400726e-01 -4.806909e-02 -4.101930e-01  1.599274e-01
-6.00000e+00  1.44828e+00       1.936e+11  6.239463e-01 -6.131988e-03  5.042694e-01  3.760537e-01
-5.58621e+00  1.44828e+00       2.418e+11  7.956466e-01 -6.717704e-02  3.742339e-01  2.043534e-01
-5.17241e+00  1.44828e+00       2.340e+11  8.759868e-01 -6.625512e-02  3.095259e-01  1.240132e-01
-4.75862e+00  1.44828e+00       1.880e+11  8.957600e-01 -6.073089e-02  3.037293e-01  1.042400e-01
-4.34483e+00  1.44828e+00       2.134e+11  9.243796e-01 -4.606967e-02  2.468500e-01  7.562039e-02
-3.93103e+00  1.44828e+00       5.504e+11  9.748086e-01 -2.128361e-02  1.609751e-01  2.519143e-02
-3.51724e+00  1.44828e+00       1.343e+12  9.878106e-01 -1.491353e-02  1.399814e-01  1.218945e-02
-3.10345e+00  1.44828e+00       1.966e+12  9.901885e-01 -1.530285e-02  1.327018e-01  9.811511e-03
-2.68966e+00  1.44828e+00       1.845e+12  9.906466e-01 -2.077578e-02  1.268487e-01  9.353390e-03
-2.27586e+00  1.44828e+00       2.019e+12  9.905793e-01 -2.718111e-02  1.212820e-01  9.420724e-03
-1.86207e+00  1.44828e+00       4.913e+12  9.928248e-01 -2.124087e-02  1.061301e-01  7.175179e-03
-1.44828e+00  1.44828e+00       1.447e+13  9.951668e-01 -1.324163e-02  8.824763e-02  4.833174e-03
-1.03448e+00  1.44828e+00       3.279e+13  9.967977e-01 -6.336410e-03  6.886330e-02  3.202299e-03
-6.20690e-01  1.44828e+00       5.372e+13  9.980598e-01 -8.597648e-04  4.395000e-02  1.940245e-03
-2.06897e-01  1.44828e+00       6.694e+13  9.987779e-01  2.854628e-03  1.290414e-02  1.222073e-03
 2.06897e-01  1.44828e+00       6.671e+13  9.986142e-01  5.219138e-03 -2.096555e-02  1.385830e-03
 6.20690e-01  1.44828e+00       5.288e+13  9.975510e-01  7.028901e-03 -5.272926e-02  2.449017e-03
 1.03448e+00  1.44828e+00       3.139e+13  9.958701e-01  8.806427e-03 -7.981088e-02  4.129893e-03
 1.44828e+00  1.44828e+00       1.306e+13  9.936508e-01  1.086173e-02 -1.035915e-01  6.349198e-03
 1.86207e+00  1.44828e+00       3.848e+12  9.900551e-01  1.360117e-02 -1.301084e-01  9.944930e-03
 2.27586e+00  1.44828e+00       1.327e+12  9.844141e-01  1.428407e-02 -1.630017e-01  1.558589e-02
 2.68966e+00  1.44828e+00       1.492e+12  9.849231e-01  1.056938e-02 -1.645334e-01  1.507692e-02
 3.10345e+00  1.44828e+00       1.903e+12  9.861050e-01  1.152740e-02 -1.603643e-01  1.389505e-02
 3.51724e+00  1.44828e+00       1.441e+12  9.847305e-01  1.475672e-02 -1.636284e-01  1.526946e-02
 3.93103e+00  1.44828e+00       6.662e+11  9.743796e-01  1.696941e-02 -1.879259e-01  2.562043e-02
 4.34483e+00  1.44828e+00       2.859e+11  9.383002e-01 -2.946456e-03 -2.700208e-01  6.169983e-02
 4.75862e+00  1.44828e+00       2.378e+11  9.089837e-01 -4.276236e-02 -3.474737e-01  9.101627e-02
 5.17241e+00  1.44828e+00       2.924e+11  8.910695e-01 -4.641620e-02 -3.790915e-01  1.089305e-01
 5.58621e+00  1.44828e+00       2.885e+11  8.279845e-01 -3.426926e-02 -4.355668e-01  1.720155e-01
 6.00000e+00  1.44828e+00       2.122e+11  6.758496e-01 -9.848515e-03 -5.531202e-01  3.241504e-01
-6.00000e+00  1.86207e+00       1.832e+11  4.909785e-01 -1.341465e-02  5.736915e-01  5.090215e-01
-5.58621e+00  1.86207e+00       2.719e+11  7.244635e-01 -2.842861e-02  4.796548e-01  2.755365e-01
-5.17241e+00  1.86207e+00       3.001e+11  8.223891e-01 -6.078546e-02  4.138896e-01  1.776109e-01
-4.75862e+00  1.86207e+00       2.424e+11  8.542907e-01 -8.677799e-02  3.778500e-01  1.457093e-01
-4.34483e+00  1.86207e+00       1.938e+11  8.614734e-01 -7.754269e-02  3.401173e-01  1.385266e-01
-3.93103e+00  1.86207e+00       3.295e+11  9.397383e-01 -3.351714e-02  2.020179e-01  6.026174e-02
-3.51724e+00  1.86207e+00       9.208e+11  9.829701e-01 -1.829984e-02  1.380397e-01  1.702992e-02
-3.10345e+00  1.86207e+00       1.790e+12  9.905821e-01 -1.735180e-02  1.227442e-01  9.417888e-03
-2.68966e+00  1.86207e+00       2.039e+12  9.920365e-01 -2.093361e-02  1.142194e-01  7.963498e-03
-2.27586e+00  1.86207e+00       1.623e+12  9.912498e-01 -3.022216e-02  1.111327e-01  8.750224e-03
-1.86207e+00  1.86207e+00       1.567e+12  9.889628e-01 -3.411830e-02  1.165645e-01  1.103719e-02
-1.44828e+00  1.86207e+00       2.381e+12  9.906733e-01 -2.499399e-02  9.777259e-02  9.326738e-03
-1.03448e+00  1.86207e+00       4.495e+12  9.951637e-01 -2.202008e-02  5.452935e-02  4.836304e-03
-6.20690e-01  1.86207e+00       8.308e+12  9.978469e-01 -2.123639e-02  2.078176e-02  2.153084e-03
-2.06897e-01  1.86207e+00       1.177e+13  9.985765e-01 -1.767527e-02 -3.740983e-03  1.423541e-03
 2.06897e-01  1.86207e+00       1.148e+13  9.982063e-01 -1.305900e-02 -2.796832e-02  1.793740e-03
 6.20690e-01  1.86207e+00       7.637e+12  9.966912e-01 -7.697660e-03 -5.603398e-02  3.308806e-03
 1.03448e+00  1.86207e+00       3.714e+12  9.929953e-01  4.343114e-04 -9.400976e-02  7.004673e-03
 1.44828e+00  1.86207e+00       1.619e+12  9.860036e-01  1.031834e-02 -1.434520e-01  1.399636e-02
 1.86207e+00  1.86207e+00       9.263e+11  9.803979e-01  1.387669e-02 -1.724875e-01  1.960209e-02
 2.27586e+00  1.86207e+00       1.208e+12  9.847056e-01  1.186225e-02 -1.546483e-01  1.529437e-02
 2.68966e+00  1.86207e+00       1.893e+12  9.879173e-01  1.262301e-02 -1.440837e-01  1.208273e-02
 3.10345e+00  1.86207e+00       1.850e+12  9.877657e-01  1.562234e-02 -1.450615e-01  1.223426e-02
 3.51724e+00  1.86207e+00       1.054e+12  9.817269e-01  1.989529e-02 -1.605605e-01  1.827313e-02
 3.93103e+00  1.86207e+00       4.367e+11  9.514662e-01  1.567256e-02 -2.278174e-01  4.853382e-02
 4.34483e+00  1.86207e+00       2.602e+11  8.963119e-01 -3.085142e-02 -3.511069e-01  1.036881e-01
 4.75862e+00  1.86207e+00       2.986e+11  8.801977e-01 -6.324930e-02 -4.008458e-01  1.198023e-01
 5.17241e+00  1.86207e+00       3.479e+11  8.526904e-01 -5.604000e-02 -4.337501e-01  1.473096e-01
 5.58621e+00  1.86207e+00       3.048e+11  7.632710e-01 -5.137454e-02 -5.063490e-01  2.367290e-01
 6.00000e+00  1.86207e+00       2.233e+11  5.684799e-01 -5.681093e-02 -6.349272e-01  4.315201e-01
-6.00000e+00  2.27586e+00       2.450e+11  2.728833e-01  6.882836e-02  7.399177e-01  7.271167e-01
-5.58621e+00  2.27586e+00       2.843e+11  5.908707e-01 -3.181523e-04  5.566235e-01  4.091293e-01
-5.17241e+00  2.27586e+00       3.341e+11  7.744630e-01 -3.022086e-02  4.443802e-01  2.255370e-01
-4.75862e+00  2.27586e+00       3.052e+11  8.416430e-01 -5.848584e-02  4.019137e-01  1.583570e-01
-4.34483e+00  2.27586e+00       2.304e+11  8.377262e-01 -7.949496e-02  3.968886e-01  1.622738e-01
-3.93103e+00  2.27586e+00       2.106e+11  8.589073e-01 -5.817519e-02  3.071106e-01  1.410927e-01
-3.51724e+00  2.27586e+00       4.521e+11  9.599059e-01 -2.149639e-02  1.304377e-01  4.009413e-02
-3.10345e+00  2.27586e+00       1.187e+12  9.912161e-01 -1.689505e-02  7.734506e-02  8.783896e-03
-2.68966e+00  2.27586e+00       1.984e+12  9.958780e-01 -2.022347e-02  5.962411e-02  4.122028e-03
-2.27586e+00  2.27586e+00       1.954e+12  9.962259e-01 -2.765934e-02  4.755975e-02  3.774140e-03
-1.86207e+00  2.27586e+00       1.362e+12  9.941040e-01 -4.170463e-02  4.419143e-02  5.896043e-03
-1.44828e+00  2.27586e+00       1.188e+12  9.912235e-01 -5.346835e-02  5.541683e-02  8.776529e-03
-1.03448e+00  2.27586e+00       1.669e+12  9.923871e-01 -4.505410e-02  5.962075e-02  7.612860e-03
-6.20690e-01  2.27586e+00       2.346e+12  9.946914e-01 -2.610552e-02  4.724318e-02  5.308570e-03
-2.06897e-01  2.27586e+00       2.696e+12  9.961199e-01 -8.848559e-03  1.784038e-02  3.880061e-03
 2.06897e-01  2.27586e+00       2.544e+12  9.957029e-01 -2.268252e-03 -2.415867e-02  4.297125e-03
 6.20690e-01  2.27586e+00       1.943e+12  9.926765e-01 -6.975090e-03 -6.820719e-02  7.323546e-03
 1.03448e+00  2.27586e+00       1.161e+12  9.863401e-01 -1.370991e-02 -1.088483e-01  1.365989e-02
 1.44828e+00  2.27586e+00       7.236e+11  9.803385e-01 -6.093414e-03 -1.280395e-01  1.966153e-02
 1.86207e+00  2.27586e+00       1.031e+12  9.884131e-01  7.801197e-03 -9.323513e-02  1.158687e-02
 2.27586e+00  2.27586e+00       1.817e+12  9.939868e-01  1.172562e-02 -7.727343e-02  6.013173e-03
 2.68966e+00  2.27586e+00       2.028e+12  9.946552e-01  1.524547e-02 -7.951452e-02  5.344819e-03
 3.10345e+00  2.27586e+00       1.319e+12  9.907015e-01  2.008002e-02 -9.575873e-02  9.298544e-03
 3.51724e+00  2.27586e+00       5.807e+11  9.678908e-01  2.296772e-02 -1.575455e-01  3.210918e-02
 3.93103e+00  2.27586e+00       2.952e+11  9.053194e-01 -7.198053e-03 -3.056205e-01  9.468065e-02
 4.34483e+00  2.27586e+00       2.853e+11  8.754842e-01 -5.778470e-02 -3.927172e-01  1.245158e-01
 4.75862e+00  2.27586e+00       3.599e+11  8.695756e-01 -5.994713e-02 -4.182759e-01  1.304244e-01
 5.17241e+00  2.27586e+00       3.748e+11  8.161004e-01 -4.383564e-02 -4.640133e-01  1.838996e-01
 5.58621e+00  2.27586e+00       2.963e+11  6.539655e-01 -2.972725e-02 -5.686424e-01  3.460345e-01
 6.00000e+00  2.27586e+00       2.234e+11  3.287122e-01 -1.143994e-03 -7.258156e-01  6.712878e-01
-6.00000e+00  2.68966e+00       2.778e+11  1.662977e-01  1.451014e-01  7.680389e-01  8.337023e-01
-5.58621e+00  2.68966e+00       3.057e+11  4.458144e-01  3.203873e-02  6.449682e-01  5.541856e-01
-5.17241e+00  2.68966e+00       3.745e+11  6.867468e-01 -2.956271e-02  5.009173e-01  3.132532e-01
-4.75862e+00  2.68966e+00       3.797e+11  8.157555e-01 -5.182742e-02  4.130675e-01  1.842445e-01
-4.34483e+00  2.68966e+00       3.076e+11  8.490522e-01 -7.137753e-02  3.892870e-01  1.509478e-01
-3.93103e+00  2.68966e+00       2.251e+11  8.213112e-01 -7.379886e-02  3.911965e-01  1.786888e-01
-3.51724e+00  2.68966e+00       2.089e+11  8.554792e-01 -3.983776e-02  2.450599e-01  1.445208e-01
-3.10345e+00  2.68966e+00       4.473e+11  9.644724e-01 -8.652237e-03  2.257668e-02  3.552764e-02
-2.68966e+00  2.68966e+00       1.142e+12  9.912262e-01 -1.206250e-02 -4.523618e-02  8.773822e-03
-2.27586e+00  2.68966e+00       1.889e+12  9.922219e-01 -2.097716e-02 -7.540209e-02  7.778091e-03
-1.86207e+00  2.68966e+00       1.856e+12  9.886998e-01 -3.450098e-02 -9.945833e-02  1.130019e-02
-1.44828e+00  2.68966e+00       1.229e+12  9.830805e-01 -5.569373e-02 -1.080435e-01  1.691948e-02
-1.03448e+00  2.68966e+00       7.999e+11  9.791289e-01 -6.749379e-02 -7.065562e-02  2.087111e-02
-6.20690e-01  2.68966e+00       6.455e+11  9.785560e-01 -3.823330e-02 -2.260115e-02  2.144395e-02
-2.06897e-01  2.68966e+00       5.563e+11  9.764803e-01  8.467212e-03 -2.068637e-02  2.351966e-02
 2.06897e-01  2.68966e+00       4.932e+11  9.716816e-01  2.648601e-02 -5.721243e-02  2.831838e-02
 6.20690e-01  2.68966e+00       4.570e+11  9.644374e-01  5.180972e-03 -8.372950e-02  3.556259e-02
 1.03448e+00  2.68966e+00       5.561e+11  9.673645e-01 -1.040267e-02 -2.153733e-02  3.263548e-02
 1.44828e+00  2.68966e+00       1.065e+12  9.832186e-01  1.658047e-03  5.928717e-02  1.678143e-02
 1.86207e+00  2.68966e+00       1.818e+12  9.913311e-01  1.127986e-02  7.473427e-02  8.668874e-03
 2.27586e+00  2.68966e+00       1.952e+12  9.938478e-01  1.733289e-02  6.243138e-02  6.152211e-03
 2.68966e+00  2.68966e+00       1.267e+12  9.922789e-01  2.361929e-02  3.171876e-02  7.721114e-03
 3.10345e+00  2.68966e+00       5.805e+11  9.743665e-01  3.074988e-02 -5.233149e-02  2.563354e-02
 3.51724e+00  2.68966e+00       3.072e+11  9.155841e-01  1.195534e-02 -2.385777e-01  8.441587e-02
 3.93103e+00  2.68966e+00       2.824e+11  8.774681e-01 -4.276441e-02 -3.598196e-01  1.225319e-01
 4.34483e+00  2.68966e+00       3.658e+11  8.802347e-01 -6.272246e-02 -3.909960e-01  1.197653e-01
 4.75862e+00  2.68966e+00       4.463e+11  8.541536e-01 -5.022586e-02 -4.309696e-01  1.458464e-01
 5.17241e+00  2.68966e+00       4.158e+11  7.495988e-01 -3.625741e-02 -5.183193e-01  2.504012e-01
 5.58621e+00  2.68966e+00       3.252e+11  5.435511e-01 -1.611866e-02 -6.697318e-01  4.564489e-01
 6.00000e+00  2.68966e+00       2.727e+11  2.887360e-01  1.797810e-02 -7.906668e-01  7.112640e-01
-6.00000e+00  3.10345e+00       3.343e+11  6.541433e-02  1.394014e-01  8.016727e-01  9.345857e-01
-5.58621e+00  3.10345e+00       3.153e+11  3.195361e-01  9.115501e-02  7.257183e-01  6.804639e-01
-5.17241e+00  3.10345e+00       3.923e+11  5.909557e-01 -3.245442e-03  5.737001e-01  4.090443e-01
-4.75862e+00  3.10345e+00       4.540e+11  7.735562e-01 -4.329191e-02  4.396478e-01  2.264438e-01
-4.34483e+00  3.10345e+00       4.127e+11  8.583283e-01 -6.474469e-02  3.638746e-01  1.416717e-01
-3.93103e+00  3.10345e+00       3.173e+11  8.634205e-01 -7.297085e-02  3.558533e-01  1.365795e-01
-3.51724e+00  3.10345e+00       2.268e+11  8.183334e-01 -6.437522e-02  3.641945e-01  1.816666e-01
-3.10345e+00  3.10345e+00       1.735e+11  8.196451e-01 -2.413731e-02  2.127359e-01  1.803549e-01
-2.68966e+00  3.10345e+00       2.622e+11  9.190484e-01  2.526025e-02 -1.145158e-01  8.095164e-02
-2.27586e+00  3.10345e+00       6.496e+11  9.435213e-01  1.515013e-02 -2.627353e-01  5.647870e-02
-1.86207e+00  3.10345e+00       1.272e+12  9.250715e-01 -4.323830e-03 -3.339753e-01  7.492847e-02
-1.44828e+00  3.10345e+00       1.582e+12  8.928036e-01 -3.318469e-02 -3.922930e-01  1.071964e-01
-1.03448e+00  3.10345e+00       1.224e+12  8.408182e-01 -8.063733e-02 -4.360046e-01  1.591818e-01
-6.20690e-01  3.10345e+00       6.427e+11  7.520150e-01 -1.426345e-01 -4.044274e-01  2.479850e-01
-2.06897e-01  3.10345e+00       3.408e+11  6.578519e-01 -1.548067e-01 -8.600499e-02  3.421481e-01
 2.06897e-01  3.10345e+00       3.759e+11  7.128906e-01 -9.259495e-02  3.635119e-01  2.871094e-01
 6.20690e-01  3.10345e+00       7.042e+11  8.029074e-01 -5.307418e-02  4.824240e-01  1.970926e-01
 1.03448e+00  3.10345e+00       1.242e+12  8.575733e-01 -1.622439e-02  4.604069e-01  1.424267e-01
 1.44828e+00  3.10345e+00       1.579e+12  8.951960e-01  1.074447e-02  4.049978e-01  1.048040e-01
 1.86207e+00  3.10345e+00       1.322e+12  9.242079e-01  2.497898e-02  3.357631e-01  7.579207e-02
 2.27586e+00  3.10345e+00       7.586e+11  9.464343e-01  3.509834e-02  2.401763e-01  5.356566e-02
 2.68966e+00  3.10345e+00       3.859e+11  9.483230e-01  4.601010e-02  6.297646e-02  5.167699e-02
 3.10345e+00  3.10345e+00       2.751e+11  9.116571e-01  2.272788e-02 -1.830372e-01  8.834288e-02
 3.51724e+00  3.10345e+00       2.824e+11  8.877337e-01 -3.217214e-02 -2.995066e-01  1.122663e-01
 3.93103e+00  3.10345e+00       3.664e+11  8.980281e-01 -6.111496e-02 -3.279666e-01  1.019719e-01
 4.34483e+00  3.10345e+00       4.923e+11  8.926465e-01 -5.483007e-02 -3.666398e-01  1.073535e-01
 4.75862e+00  3.10345e+00       5.125e+11  8.301048e-01 -4.270180e-02 -4.373510e-01  1.698952e-01
 5.17241e+00  3.10345e+00       4.184e+11  6.702752e-01 -3.071280e-02 -5.778550e-01  3.297248e-01
 5.58621e+00  3.10345e+00       3.361e+11  4.503938e-01  3.984495e-04 -7.472088e-01  5.496062e-01
 6.00000e+00  3.10345e+00       3.418e+11  2.032680e-01  2.596800e-02 -8.319767e-01  7.967320e-01
-6.00000e+00  3.51724e+00       5.159e+11  6.775224e-02  1.177549e-01  8.581269e-01  9.322478e-01
-5.58621e+00  3.51724e+00       3.905e+11  2.596781e-01  1.476386e-01  8.156000e-01  7.403219e-01
-5.17241e+00  3.51724e+00       3.994e+11  4.877639e-01  4.464834e-02  6.836347e-01  5.122361e-01
-4.75862e+00  3.51724e+00       4.911e+11  7.051259e-01 -3.413794e-02  4.991196e-01  2.948741e-01
-4.34483e+00  3.51724e+00       5.191e+11  8.392757e-01 -5.835682e-02  3.546763e-01  1.607243e-01
-3.93103e+00  3.51724e+00       4.427e+11  9.018999e-01 -6.757091e-02  2.763528e-01  9.810014e-02
-3.51724e+00  3.51724e+00       3.414e+11  8.947328e-01 -6.351353e-02  2.803460e-01  1.052672e-01
-3.10345e+00  3.51724e+00       2.454e+11  8.368188e-01 -5.353667e-02  3.050973e-01  1.631812e-01
-2.68966e+00  3.51724e+00       1.578e+11  7.776241e-01 -1.855545e-02  2.174573e-01  2.223759e-01
-2.27586e+00  3.51724e+00       1.166e+11  7.774177e-01  1.007960e-01 -1.016373e-01  2.225823e-01
-1.86207e+00  3.51724e+00       1.391e+11  7.729410e-01  1.498375e-01 -4.318625e-01  2.270590e-01
-1.44828e+00  3.51724e+00       2.110e+11  6.415668e-01  1.388185e-01 -6.265476e-01  3.584332e-01
-1.03448e+00  3.51724e+00       3.157e+11  3.980798e-01  1.698704e-01 -7.256181e-01  6.019202e-01
-6.20690e-01  3.51724e+00       4.035e+11  8.616012e-02  2.257980e-01 -6.593256e-01  9.138399e-01
-2.06897e-01  3.51724e+00       4.324e+11 -1.970985e-01  2.675941e-01 -3.169967e-01  8.029015e-01
 2.06897e-01  3.51724e+00       4.292e+11 -2.261722e-01  2.490896e-01  2.311731e-01  7.738278e-01
 6.20690e-01  3.51724e+00       4.098e+11  5.432819e-02  1.742097e-01  6.098101e-01  9.456718e-01
 1.03448e+00  3.51724e+00       3.593e+11  4.259302e-01  1.072491e-01  6.567927e-01  5.740698e-01
 1.44828e+00  3.51724e+00       2.927e+11  7.100044e-01  8.647731e-02  5.198390e-01  2.899956e-01
 1.86207e+00  3.51724e+00       2.353e+11  8.493187e-01  9.574740e-02  3.388732e-01  1.506813e-01
 2.27586e+00  3.51724e+00       2.182e+11  8.981339e-01  8.438317e-02  8.353865e-02  1.018661e-01
 2.68966e+00  3.51724e+00       2.470e+11  9.042920e-01  2.690198e-02 -1.338129e-01  9.570796e-02
 3.10345e+00  3.51724e+00       2.830e+11  9.015504e-01 -2.921352e-02 -2.041449e-01  9.844962e-02
 3.51724e+00  3.51724e+00       3.673e+11  9.206677e-01 -5.649836e-02 -2.212844e-01  7.933227e-02
 3.93103e+00  3.51724e+00       5.255e+11  9.281584e-01 -5.382573e-02 -2.688125e-01  7.184158e-02
 4.34483e+00  3.51724e+00       6.022e+11  8.900261e-01 -4.674396e-02 -3.421789e-01  1.099739e-01
 4.75862e+00  3.51724e+00       5.148e+11  7.776630e-01 -4.499996e-02 -4.675865e-01  2.223370e-01
 5.17241e+00  3.51724e+00       3.856e+11  5.820097e-01 -2.682864e-02 -6.503313e-01  4.179903e-01
 5.58621e+00  3.51724e+00       3.344e+11  3.560709e-01  2.313797e-02 -7.933185e-01  6.439291e-01
 6.00000e+00  3.51724e+00       4.445e+11  8.584625e-02  2.322678e-02 -8.644673e-01  9.141537e-01
-6.00000e+00  3.93103e+00       8.570e+11  6.742836e-02  2.089095e-02  9.205183e-01  9.325716e-01
-5.58621e+00  3.93103e+00       5.721e+11  2.066374e-01  7.029520e-02  8.810244e-01  7.933626e-01
-5.17241e+00  3.93103e+00       4.222e+11  3.652821e-01  6.667541e-02  7.960308e-01  6.347179e-01
-4.75862e+00  3.93103e+00       4.541e+11  5.909109e-01 -7.881616e-03  6.017309e-01  4.090891e-01
-4.34483e+00  3.93103e+00       5.556e+11  7.826143e-01 -4.685895e-02  3.877218e-01  2.173857e-01
-3.93103e+00  3.93103e+00       5.679e+11  8.944932e-01 -5.904261e-02  2.269764e-01  1.055068e-01
-3.51724e+00  3.93103e+00       4.801e+11  9.431524e-01 -6.552094e-02  1.394053e-01  5.684760e-02
-3.10345e+00  3.93103e+00       3.801e+11  9.358230e-01 -5.144862e-02  1.428357e-01  6.417700e-02
-2.68966e+00  3.93103e+00       2.897e+11  8.777966e-01 -3.852353e-02  1.908289e-01  1.222034e-01
-2.27586e+00  3.93103e+00       1.907e+11  7.784472e-01 -4.390066e-02  1.897647e-01  2.215528e-01
-1.86207e+00  3.93103e+00       1.091e+11  6.409778e-01  6.519282e-02  4.840552e-02  3.590222e-01
-1.44828e+00  3.93103e+00       7.102e+10  5.119492e-01  3.491959e-01 -2.506729e-01  4.880508e-01
-1.03448e+00  3.93103e+00       6.267e+10  3.747871e-01  4.536450e-01 -4.953009e-01  6.252129e-01
-6.20690e-01  3.93103e+00       6.200e+10  9.998270e-02  3.684954e-01 -5.351469e-01  9.000173e-01
-2.06897e-01  3.93103e+00       5.953e+10 -2.466119e-01  2.650965e-01 -3.044430e-01  7.533881e-01
 2.06897e-01  3.93103e+00       5.811e+10 -3.745683e-01  2.049404e-01  1.011875e-01  6.254317e-01
 6.20690e-01  3.93103e+00       6.344e+10 -7.960052e-02  2.423580e-01  3.573706e-01  9.203995e-01
 1.03448e+00  3.93103e+00       8.323e+10  4.160580e-01  3.021346e-01  3.583428e-01  5.839420e-01
 1.44828e+00  3.93103e+00       1.283e+11  7.518644e-01  2.303200e-01  2.226927e-01  2.481356e-01
 1.86207e+00  3.93103e+00       1.985e+11  8.793821e-01  9.001918e-02  5.997450e-02  1.206179e-01
 2.27586e+00  3.93103e+00       2.545e+11  8.993115e-01 -1.140634e-03 -3.552480e-02  1.006885e-01
 2.68966e+00  3.93103e+00       2.804e+11  8.972630e-01 -3.750386e-02 -4.715697e-02  1.027370e-01
 3.10345e+00  3.93103e+00       3.757e+11  9.332479e-01 -5.050388e-02 -5.953248e-02  6.675214e-02
 3.51724e+00  3.93103e+00       5.654e+11  9.583737e-01 -4.899351e-02 -1.232100e-01  4.162629e-02
 3.93103e+00  3.93103e+00       6.674e+11  9.372652e-01 -4.453070e-02 -2.076723e-01  6.273477e-02
 4.34483e+00  3.93103e+00       5.944e+11  8.482130e-01 -4.715352e-02 -3.501049e-01  1.517870e-01
 4.75862e+00  3.93103e+00       4.780e+11  6.840895e-01 -4.456651e-02 -5.651364e-01  3.159105e-01
 5.17241e+00  3.93103e+00       4.249e+11  5.047133e-01 -1.444740e-02 -7.427765e-01  4.952867e-01
 5.58621e+00  3.93103e+00       5.073e+11  2.786410e-01  4.213301e-04 -8.498928e-01  7.213590e-01
 6.00000e+00  3.93103e+00       8.035e+11  5.469003e-02 -1.577320e-02 -9.217161e-01  9.453100e-01
-6.00000e+00  4.34483e+00       1.231e+12  1.180811e-01 -1.213023e-03  9.388570e-01  8.819189e-01
-5.58621e+00  4.34483e+00       8.954e+11  2.438855e-01  3.695919e-02  8.936451e-01  7.561145e-01
-5.17241e+00  4.34483e+00       5.871e+11  3.643268e-01  8.463902e-02  8.393684e-01  6.356732e-01
-4.75862e+00  4.34483e+00       4.414e+11  4.937004e-01  6.141485e-02  7.350978e-01  5.062996e-01
-4.34483e+00  4.34483e+00       4.868e+11  6.819352e-01 -1.707252e-02  5.091051e-01  3.180648e-01
-3.93103e+00  4.34483e+00       5.938e+11  8.373176e-01 -5.077876e-02  2.595653e-01  1.626824e-01
-3.51724e+00  4.34483e+00       6.093e+11  9.223627e-01 -5.947461e-02  6.452767e-02  7.763726e-02
-3.10345e+00  4.34483e+00       5.218e+11  9.557809e-01 -6.737646e-02 -6.061209e-02  4.421908e-02
-2.68966e+00  4.34483e+00       4.202e+11  9.568730e-01 -4.903745e-02 -9.572537e-02  4.312698e-02
-2.27586e+00  4.34483e+00       3.483e+11  9.261694e-01 -4.760319e-04 -4.631051e-02  7.383060e-02
-1.86207e+00  4.34483e+00       2.811e+11  8.501025e-01 -1.340255e-02  3.645140e-02  1.498975e-01
-1.44828e+00  4.34483e+00       1.925e+11  7.116518e-01 -1.182243e-01  1.144671e-01  2.883482e-01
-1.03448e+00  4.34483e+00       1.150e+11  5.294304e-01 -1.834493e-01  2.082283e-01  4.705696e-01
-6.20690e-01  4.34483e+00       7.940e+10  4.286625e-01  3.745669e-02  3.578397e-01  5.713375e-01
-2.06897e-01  4.34483e+00       7.633e+10  4.768228e-01  3.312473e-01  4.480522e-01  5.231772e-01
 2.06897e-01  4.34483e+00       9.290e+10  6.204488e-01  3.154129e-01  4.344651e-01  3.795512e-01
 6.20690e-01  4.34483e+00       1.350e+11  7.751220e-01  1.058213e-01  3.719473e-01  2.248780e-01
 1.03448e+00  4.34483e+00       2.003e+11  8.427993e-01 -4.051033e-02  2.840955e-01  1.572007e-01
 1.44828e+00  4.34483e+00       2.410e+11  8.301702e-01 -7.573148e-02  1.958727e-01  1.698298e-01
 1.86207e+00  4.34483e+00       2.312e+11  7.797525e-01 -3.970251e-02  1.598082e-01  2.202475e-01
 2.27586e+00  4.34483e+00       2.560e+11  8.088892e-01 -1.446745e-02  1.969425e-01  1.911108e-01
 2.68966e+00  4.34483e+00       4.129e+11  9.153076e-01 -3.692828e-02  1.611289e-01  8.469237e-02
 3.10345e+00  4.34483e+00       6.299e+11  9.642348e-01 -4.330010e-02  7.281297e-02  3.576516e-02
 3.51724e+00  4.34483e+00       7.089e+11  9.598858e-01 -4.387275e-02 -3.109962e-02  4.011417e-02
 3.93103e+00  4.34483e+00       6.159e+11  8.942289e-01 -5.216113e-02 -2.011145e-01  1.057711e-01
 4.34483e+00  4.34483e+00       5.007e+11  7.620823e-01 -5.389044e-02 -4.529430e-01  2.379177e-01
 4.75862e+00  4.34483e+00       4.483e+11  6.263552e-01 -2.125530e-02 -6.550075e-01  3.736448e-01
 5.17241e+00  4.34483e+00       5.031e+11  4.602122e-01  4.925482e-03 -7.778894e-01  5.397878e-01
 5.58621e+00  4.34483e+00       7.769e+11  2.424770e-01 -1.134753e-02 -8.862322e-01  7.575230e-01
 6.00000e+00  4.34483e+00       1.222e+12  9.341133e-02 -1.844880e-02 -9.481780e-01  9.065887e-01
-6.00000e+00  4.75862e+00       1.584e+12  1.870098e-01 -1.106448e-02  9.468647e-01  8.129902e-01
-5.58621e+00  4.75862e+00       1.325e+12  2.945759e-01  5.498431e-03  8.987255e-01  7.054241e-01
-5.17241e+00  4.75862e+00       9.496e+11  4.159593e-01  4.871941e-02  8.331273e-01  5.840407e-01
-4.75862e+00  4.75862e+00       6.120e+11  5.134181e-01  9.582880e-02  7.680204e-01  4.865819e-01
-4.34483e+00  4.75862e+00       4.432e+11  6.017734e-01  6.804511e-02  6.671052e-01  3.982266e-01
-3.93103e+00  4.75862e+00       4.715e+11  7.377766e-01 -1.644146e-02  4.311151e-01  2.622234e-01
-3.51724e+00  4.75862e+00       5.772e+11  8.516647e-01 -5.515503e-02  1.314106e-01  1.483353e-01
-3.10345e+00  4.75862e+00       6.201e+11  9.004984e-01 -6.038330e-02 -1.224039e-01  9.950160e-02
-2.68966e+00  4.75862e+00       5.570e+11  8.941267e-01 -6.791768e-02 -3.108522e-01  1.058733e-01
-2.27586e+00  4.75862e+00       4.526e+11  8.625068e-01 -7.925532e-02 -4.337880e-01  1.374932e-01
-1.86207e+00  4.75862e+00       3.559e+11  8.296416e-01 -4.606889e-02 -4.781956e-01  1.703584e-01
-1.44828e+00  4.75862e+00       2.798e+11  7.727932e-01  7.035217e-02 -4.712038e-01  2.272068e-01
-1.03448e+00  4.75862e+00       2.493e+11  6.754563e-01  2.433853e-01 -4.860117e-01  3.245437e-01
-6.20690e-01  4.75862e+00       2.606e+11  6.080637e-01  3.260093e-01 -5.340200e-01  3.919363e-01
-2.06897e-01  4.75862e+00       2.614e+11  5.523709e-01  3.290059e-01 -5.585124e-01  4.476291e-01
 2.06897e-01  4.75862e+00       2.318e+11  4.406511e-01  3.608237e-01 -5.131869e-01  5.593489e-01
 6.20690e-01  4.75862e+00       1.890e+11  2.979828e-01  4.267654e-01 -3.275352e-01  7.020172e-01
 1.03448e+00  4.75862e+00       1.572e+11  2.465309e-01  3.746706e-01  4.722321e-02  7.534691e-01
 1.44828e+00  4.75862e+00       1.810e+11  4.186409e-01  1.272950e-01  4.507557e-01  5.813591e-01
 1.86207e+00  4.75862e+00       3.129e+11  6.788436e-01 -1.725467e-02  5.305329e-01  3.211564e-01
 2.27586e+00  4.75862e+00       5.271e+11  8.344930e-01 -4.202540e-02  4.396567e-01  1.655070e-01
 2.68966e+00  4.75862e+00       6.842e+11  9.084035e-01 -4.360044e-02  3.243757e-01  9.159654e-02
 3.10345e+00  4.75862e+00       6.744e+11  9.307055e-01 -5.019889e-02  1.819095e-01  6.929450e-02
 3.51724e+00  4.75862e+00       5.614e+11  8.944778e-01 -6.640076e-02 -4.973892e-02  1.055222e-01
 3.93103e+00  4.75862e+00       4.753e+11  8.063949e-01 -6.561005e-02 -3.509640e-01  1.936051e-01
 4.34483e+00  4.75862e+00       4.498e+11  7.231971e-01 -2.168084e-02 -5.541613e-01  2.768029e-01
 4.75862e+00  4.75862e+00       5.025e+11  6.122991e-01  1.032961e-02 -6.740407e-01  3.877009e-01
 5.17241e+00  4.75862e+00       7.582e+11  4.213158e-01 -8.351119e-03 -8.140738e-01  5.786842e-01
 5.58621e+00  4.75862e+00       1.251e+12  2.671999e-01 -1.912933e-02 -9.118313e-01  7.328001e-01
 6.00000e+00  4.75862e+00       1.663e+12  1.705885e-01 -1.018560e-02 -9.564188e-01  8.294115e-01
-6.00000e+00  5.17241e+00       1.803e+12  2.681932e-01 -1.126868e-02  9.409600e-01  7.318068e-01
-5.58621e+00  5.17241e+00       1.716e+12  3.582368e-01 -9.496722e-03  8.953203e-01  6.417632e-01
-5.17241e+00  5.17241e+00       1.424e+12  4.662497e-01  9.252999e-03  8.235919e-01  5.337503e-01
-4.75862e+00  5.17241e+00       1.035e+12  5.787756e-01  5.402818e-02  7.344374e-01  4.212244e-01
-4.34483e+00  5.17241e+00       6.601e+11  6.566033e-01  1.059917e-01  6.576150e-01  3.433967e-01
-3.93103e+00  5.17241e+00       4.339e+11  7.020939e-01  9.389665e-02  5.828689e-01  2.979061e-01
-3.51724e+00  5.17241e+00       4.067e+11  7.740928e-01  3.230003e-03  3.993617e-01  2.259072e-01
-3.10345e+00  5.17241e+00       4.774e+11  8.258604e-01 -5.901723e-02  7.485371e-02  1.741396e-01
-2.68966e+00  5.17241e+00       5.451e+11  8.116594e-01 -7.462296e-02 -2.724027e-01  1.883406e-01
-2.27586e+00  5.17241e+00       5.392e+11  7.284667e-01 -6.323756e-02 -5.333917e-01  2.715333e-01
-1.86207e+00  5.17241e+00       4.659e+11  5.664711e-01 -7.148735e-02 -7.269006e-01  4.335289e-01
-1.44828e+00  5.17241e+00       3.938e+11  3.552901e-01 -1.209873e-01 -8.548210e-01  6.447099e-01
-1.03448e+00  5.17241e+00       3.096e+11  1.454193e-01 -1.586499e-01 -8.836278e-01  8.545807e-01
-6.20690e-01  5.17241e+00       2.058e+11 -1.196043e-01 -1.337311e-01 -7.755092e-01  8.803957e-01
-2.06897e-01  5.17241e+00       1.395e+11 -4.418238e-01 -3.017305e-02 -3.664236e-01  5.581762e-01
 2.06897e-01  5.17241e+00       1.417e+11 -4.879324e-01  6.984607e-03  3.171966e-01  5.120676e-01
 6.20690e-01  5.17241e+00       2.147e+11 -2.200951e-01 -6.380133e-02  7.604985e-01  7.799049e-01
 1.03448e+00  5.17241e+00       3.404e+11  7.037573e-02 -9.592600e-02  8.800667e-01  9.296243e-01
 1.44828e+00  5.17241e+00       4.709e+11  3.451884e-01 -7.922435e-02  8.380922e-01  6.548116e-01
 1.86207e+00  5.17241e+00       5.640e+11  5.855051e-01 -5.653360e-02  7.229487e-01  4.144949e-01
 2.27586e+00  5.17241e+00       5.784e+11  7.420180e-01 -5.740552e-02  5.804380e-01  2.579820e-01
 2.68966e+00  5.17241e+00       5.091e+11  8.209740e-01 -8.010081e-02  3.721047e-01  1.790260e-01
 3.10345e+00  5.17241e+00       4.346e+11  8.439595e-01 -1.014707e-01  3.760048e-02  1.560405e-01
 3.51724e+00  5.17241e+00       4.140e+11  8.288043e-01 -7.407696e-02 -2.784414e-01  1.711957e-01
 3.93103e+00  5.17241e+00       4.314e+11  8.054646e-01 -6.734981e-03 -4.294393e-01  1.945354e-01
 4.34483e+00  5.17241e+00       4.997e+11  7.369286e-01  1.880979e-02 -5.349532e-01  2.630714e-01
 4.75862e+00  5.17241e+00       7.571e+11  5.788098e-01 -8.945058e-03 -7.086132e-01  4.211902e-01
 5.17241e+00  5.17241e+00       1.282e+12  4.359173e-01 -2.022310e-02 -8.429766e-01  5.640827e-01
 5.58621e+00  5.17241e+00       1.794e+12  3.407845e-01 -1.000096e-02 -9.101223e-01  6.592155e-01
 6.00000e+00  5.17241e+00       1.922e+12  2.639028e-01  2.932698e-03 -9.456117e-01  7.360972e-01
-6.00000e+00  5.58621e+00       1.877e+12  3.653926e-01 -6.874432e-03  9.166718e-01  6.346074e-01
-5.58621e+00  5.58621e+00       1.944e+12  4.321274e-01 -1.065154e-02  8.785174e-01  5.678726e-01
-5.17241e+00  5.58621e+00       1.809e+12  5.219447e-01 -8.599853e-03  8.112696e-01  4.780553e-01
-4.75862e+00  5.58621e+00       1.527e+12  6.234290e-01  8.855235e-03  7.129815e-01  3.765710e-01
-4.34483e+00  5.58621e+00       1.158e+12  7.239860e-01  5.068427e-02  5.939004e-01  2.760140e-01
-3.93103e+00  5.58621e+00       7.621e+11  7.899013e-01  1.090246e-01  4.929874e-01  2.100987e-01
-3.51724e+00  5.58621e+00       4.516e+11  8.048514e-01  1.355090e-01  4.331267e-01  1.951486e-01
-3.10345e+00  5.58621e+00       3.357e+11  8.271745e-01  6.335948e-02  3.507413e-01  1.728255e-01
-2.68966e+00  5.58621e+00       3.420e+11  8.494417e-01 -2.842760e-02  1.679097e-01  1.505583e-01
-2.27586e+00  5.58621e+00       3.570e+11  7.617807e-01 -9.678446e-02 -1.464930e-01  2.382193e-01
-1.86207e+00  5.58621e+00       3.726e+11  5.153773e-01 -1.364257e-01 -5.351471e-01  4.846227e-01
-1.44828e+00  5.58621e+00       3.919e+11  1.949764e-01 -1.249936e-01 -7.855941e-01  8.050236e-01
-1.03448e+00  5.58621e+00       3.759e+11 -1.326546e-01 -6.717703e-02 -7.959154e-01  8.673454e-01
-6.20690e-01  5.58621e+00       3.278e+11 -4.802677e-01 -5.424170e-03 -5.438312e-01  5.197323e-01
-2.06897e-01  5.58621e+00       2.975e+11 -7.065444e-01  1.241834e-02 -5.568614e-02  2.934556e-01
 2.06897e-01  5.58621e+00       3.025e+11 -6.423522e-01  3.547188e-04  4.437844e-01  3.576478e-01
 6.20690e-01  5.58621e+00       3.294e+11 -3.734706e-01 -2.066708e-02  7.676318e-01  6.265294e-01
 1.03448e+00  5.58621e+00       3.605e+11 -7.014786e-02 -6.120173e-02  8.984529e-01  9.298521e-01
 1.44828e+00  5.58621e+00       3.605e+11  1.817682e-01 -1.101868e-01  8.783559e-01  8.182318e-01
 1.86207e+00  5.58621e+00       3.187e+11  4.210229e-01 -1.569724e-01  6.896761e-01  5.789771e-01
 2.27586e+00  5.58621e+00       2.925e+11  6.648321e-01 -1.852408e-01  3.144684e-01  3.351679e-01
 2.68966e+00  5.58621e+00       3.124e+11  8.058007e-01 -1.398056e-01 -2.567591e-02  1.941993e-01
 3.10345e+00  5.58621e+00       3.600e+11  8.570463e-01 -3.578986e-02 -1.862408e-01  1.429537e-01
 3.51724e+00  5.58621e+00       4.097e+11  8.731379e-01  3.389829e-02 -2.408633e-01  1.268621e-01
 3.93103e+00  5.58621e+00       4.975e+11  8.283787e-01  2.271818e-02 -3.558878e-01  1.716213e-01
 4.34483e+00  5.58621e+00       7.846e+11  7.070114e-01 -1.591506e-02 -5.783644e-01  2.929886e-01
 4.75862e+00  5.58621e+00       1.344e+12  5.919853e-01 -2.103080e-02 -7.432418e-01  4.080147e-01
 5.17241e+00  5.58621e+00       1.908e+12  5.072235e-01 -7.204160e-03 -8.307095e-01  4.927765e-01
 5.58621e+00  5.58621e+00       2.112e+12  4.339862e-01  5.948037e-03 -8.824669e-01  5.660138e-01
 6.00000e+00  5.58621e+00       1.914e+12  3.633592e-01  9.056998e-03 -9.173986e-01  6.366408e-01
-6.00000e+00  6.00000e+00       1.769e+12  4.861022e-01 -3.988740e-03  8.621297e-01  5.138978e-01
-5.58621e+00  6.00000e+00       2.052e+12  5.285996e-01 -6.079909e-03  8.361827e-01  4.714004e-01
-5.17241e+00  6.00000e+00       2.025e+12  5.874324e-01 -9.691730e-03  7.869305e-01  4.125676e-01
-4.75862e+00  6.00000e+00       1.844e+12  6.688278e-01 -8.202193e-03  6.981396e-01  3.311722e-01
-4.34483e+00  6.00000e+00       1.598e+12  7.555563e-01  4.966098e-03  5.717196e-01  2.444437e-01
-3.93103e+00  6.00000e+00       1.294e+12  8.356190e-01  3.777183e-02  4.166772e-01  1.643810e-01
-3.51724e+00  6.00000e+00       9.394e+11  8.906554e-01  9.308092e-02  2.680758e-01  1.093446e-01
-3.10345e+00  6.00000e+00       5.738e+11  8.949433e-01  1.577075e-01  1.780216e-01  1.050567e-01
-2.68966e+00  6.00000e+00       3.214e+11  8.501957e-01  1.732545e-01  1.500531e-01  1.498043e-01
-2.27586e+00  6.00000e+00       2.459e+11  8.497479e-01  8.696326e-02  7.048577e-02  1.502521e-01
-1.86207e+00  6.00000e+00       2.572e+11  8.884330e-01  1.683757e-02 -3.781074e-02  1.115670e-01
-1.44828e+00  6.00000e+00       2.375e+11  8.314980e-01 -7.248774e-02 -1.243887e-01  1.685020e-01
-1.03448e+00  6.00000e+00       1.944e+11  5.992694e-01 -2.832538e-01 -2.939018e-01  4.007306e-01
-6.20690e-01  6.00000e+00       1.767e+11  2.833086e-01 -5.036067e-01 -4.773711e-01  7.166914e-01
-2.06897e-01  6.00000e+00       1.704e+11  5.168999e-02 -6.104588e-01 -4.724088e-01  9.483100e-01
 2.06897e-01  6.00000e+00       1.612e+11 -7.042070e-02 -6.578825e-01 -2.570045e-01  9.295793e-01
 6.20690e-01  6.00000e+00       1.578e+11  3.242779e-03 -6.242865e-01  5.283421e-02  9.967572e-01
 1.03448e+00  6.00000e+00       1.638e+11  2.697032e-01 -4.815022e-01  2.055681e-01  7.302968e-01
 1.44828e+00  6.00000e+00       1.774e+11  5.303274e-01 -3.056474e-01  1.230438e-01  4.696726e-01
 1.86207e+00  6.00000e+00       2.136e+11  6.936562e-01 -1.331056e-01  2.642686e-02  3.063438e-01
 2.27586e+00  6.00000e+00       2.822e+11  8.048145e-01  1.466972e-02  4.110719e-02  1.951855e-01
 2.68966e+00  6.00000e+00       3.434e+11  8.634308e-01  7.865619e-02  7.736645e-02  1.365692e-01
 3.10345e+00  6.00000e+00       3.852e+11  8.840628e-01  5.944744e-02  4.421303e-02  1.159372e-01
 3.51724e+00  6.00000e+00       5.100e+11  8.691301e-01  2.216034e-04 -1.623178e-01  1.308699e-01
 3.93103e+00  6.00000e+00       8.650e+11  8.049030e-01 -2.666405e-02 -4.357762e-01  1.950970e-01
 4.34483e+00  6.00000e+00       1.454e+12  7.303730e-01 -1.762718e-02 -6.145636e-01  2.696270e-01
 4.75862e+00  6.00000e+00       2.019e+12  6.638480e-01  2.079214e-04 -7.165188e-01  3.361520e-01
 5.17241e+00  6.00000e+00       2.248e+12  5.992192e-01  1.115922e-02 -7.831364e-01  4.007808e-01
 5.58621e+00  6.00000e+00       2.080e+12  5.331518e-01  1.012088e-02 -8.326719e-01  4.668482e-01
 6.00000e+00  6.00000e+00       1.764e+12  4.693712e-01  5.981366e-03 -8.687294e-01  5.306288e-01
