 EB(GeV)    EMITTANCEx EMITTANCEy SIZEx(m)   SIZEy(m)   DIVx(rad)  DIVy(rad)
 1.500e+00  5.941e-09  5.941e-11  1.840e-04  1.299e-05  3.228e-05  4.574e-06
 betax      alphax     betay      alphay     eta        deta       E_spread  
 5.700e+00  0.000e+00  2.840e+00  0.000e+00  0.000e+00  0.000e+00  1.000e-03
 Ibeam(A) 
  2.000e-01


           x            y       F.Density            PL            PC          PL45        1-|PL|
          mm           mm  ph/s/mm^2/0.1%             -             -             -             -
-6.00000e+00 -6.00000e+00       1.517e+12  5.508295e-01  1.008245e-02 -8.091138e-01  4.491705e-01
-5.58621e+00 -6.00000e+00       2.107e+12  6.023499e-01  5.000129e-03 -7.777123e-01  3.976501e-01
-5.17241e+00 -6.00000e+00       2.417e+12  6.396124e-01  1.244561e-03 -7.467759e-01  3.603876e-01
-4.75862e+00 -6.00000e+00       2.212e+12  6.866465e-01 -4.936420e-03 -6.904316e-01  3.133535e-01
-4.34483e+00 -6.00000e+00       1.805e+12  7.554626e-01 -1.343843e-02 -5.810438e-01  2.445374e-01
-3.93103e+00 -6.00000e+00       1.483e+12  8.335006e-01 -1.866115e-02 -4.149832e-01  1.664994e-01
-3.51724e+00 -6.00000e+00       1.224e+12  8.949272e-01 -2.766230e-02 -2.348356e-01  1.050728e-01
-3.10345e+00 -6.00000e+00       8.939e+11  9.208629e-01 -5.719093e-02 -9.221958e-02  7.913711e-02
-2.68966e+00 -6.00000e+00       5.363e+11  8.997688e-01 -1.113549e-01 -1.825807e-02  1.002312e-01
-2.27586e+00 -6.00000e+00       3.048e+11  8.191345e-01 -1.618078e-01 -1.447240e-02  1.808655e-01
-1.86207e+00 -6.00000e+00       2.330e+11  7.340729e-01 -1.131221e-01  8.303725e-02  2.659271e-01
-1.44828e+00 -6.00000e+00       2.513e+11  7.204286e-01 -3.666386e-02  2.976248e-01  2.795714e-01
-1.03448e+00 -6.00000e+00       2.675e+11  7.380442e-01 -6.648463e-02  3.819206e-01  2.619558e-01
-6.20690e-01 -6.00000e+00       2.388e+11  7.690832e-01 -1.329085e-01  2.757613e-01  2.309168e-01
-2.06897e-01 -6.00000e+00       1.968e+11  7.902805e-01 -1.484737e-01  7.017724e-02  2.097195e-01
 2.06897e-01 -6.00000e+00       1.736e+11  7.395693e-01 -1.150123e-01 -8.709167e-03  2.604307e-01
 6.20690e-01 -6.00000e+00       1.674e+11  5.726718e-01 -4.644237e-02  5.958980e-02  4.273282e-01
 1.03448e+00 -6.00000e+00       1.783e+11  4.290930e-01  4.394986e-02  4.652421e-02  5.709070e-01
 1.44828e+00 -6.00000e+00       2.189e+11  5.188700e-01  1.154345e-02 -7.608116e-02  4.811300e-01
 1.86207e+00 -6.00000e+00       2.828e+11  6.936219e-01 -7.844035e-02 -1.697994e-01  3.063781e-01
 2.27586e+00 -6.00000e+00       3.373e+11  7.946083e-01 -6.357289e-02 -2.038938e-01  2.053917e-01
 2.68966e+00 -6.00000e+00       3.875e+11  8.509376e-01  1.069880e-02 -1.659260e-01  1.490624e-01
 3.10345e+00 -6.00000e+00       5.048e+11  8.850692e-01  4.935434e-02 -2.486756e-03  1.149308e-01
 3.51724e+00 -6.00000e+00       8.115e+11  8.707428e-01  3.634882e-02  2.508244e-01  1.292572e-01
 3.93103e+00 -6.00000e+00       1.373e+12  8.212940e-01  1.126527e-02  4.558125e-01  1.787060e-01
 4.34483e+00 -6.00000e+00       1.980e+12  7.631938e-01 -2.960370e-03  5.877341e-01  2.368062e-01
 4.75862e+00 -6.00000e+00       2.311e+12  6.966929e-01 -6.985433e-03  6.830266e-01  3.033071e-01
 5.17241e+00 -6.00000e+00       2.321e+12  6.259328e-01 -5.590705e-03  7.566310e-01  3.740672e-01
 5.58621e+00 -6.00000e+00       2.118e+12  5.665728e-01 -6.127270e-03  8.044770e-01  4.334272e-01
 6.00000e+00 -6.00000e+00       1.750e+12  5.222214e-01 -1.175820e-02  8.323148e-01  4.777786e-01
-6.00000e+00 -5.58621e+00       1.921e+12  4.420665e-01  5.938799e-03 -8.809497e-01  5.579335e-01
-5.58621e+00 -5.58621e+00       2.253e+12  4.835967e-01  1.484307e-03 -8.573487e-01  5.164033e-01
-5.17241e+00 -5.58621e+00       2.123e+12  5.418879e-01 -3.732398e-03 -8.089882e-01  4.581121e-01
-4.75862e+00 -5.58621e+00       1.777e+12  6.291034e-01 -9.029835e-03 -7.161390e-01  3.708966e-01
-4.34483e+00 -5.58621e+00       1.445e+12  7.322934e-01 -1.735242e-02 -5.823584e-01  2.677066e-01
-3.93103e+00 -5.58621e+00       1.100e+12  8.163759e-01 -4.225774e-02 -4.512989e-01  1.836241e-01
-3.51724e+00 -5.58621e+00       7.084e+11  8.526842e-01 -8.709774e-02 -3.594565e-01  1.473158e-01
-3.10345e+00 -5.58621e+00       4.239e+11  8.445285e-01 -1.131206e-01 -2.901066e-01  1.554715e-01
-2.68966e+00 -5.58621e+00       3.326e+11  8.461357e-01 -6.292863e-02 -1.793015e-01  1.538643e-01
-2.27586e+00 -5.58621e+00       3.143e+11  8.371682e-01  3.563038e-03 -3.542961e-02  1.628318e-01
-1.86207e+00 -5.58621e+00       2.738e+11  7.297756e-01  6.127456e-02  1.728719e-01  2.702244e-01
-1.44828e+00 -5.58621e+00       2.358e+11  4.038815e-01  1.074320e-01  4.478020e-01  5.961185e-01
-1.03448e+00 -5.58621e+00       2.377e+11 -1.383334e-01  1.734814e-01  6.091465e-01  8.616666e-01
-6.20690e-01 -5.58621e+00       2.741e+11 -5.576464e-01  2.511217e-01  5.012820e-01  4.423536e-01
-2.06897e-01 -5.58621e+00       3.064e+11 -7.366022e-01  2.827253e-01  1.848288e-01  2.633978e-01
 2.06897e-01 -5.58621e+00       3.138e+11 -7.232105e-01  2.603674e-01 -2.192357e-01  2.767895e-01
 6.20690e-01 -5.58621e+00       2.945e+11 -5.361086e-01  1.929130e-01 -5.581693e-01  4.638914e-01
 1.03448e+00 -5.58621e+00       2.573e+11 -1.834503e-01  1.140244e-01 -7.036845e-01  8.165497e-01
 1.44828e+00 -5.58621e+00       2.462e+11  3.046501e-01  9.875632e-02 -5.868526e-01  6.953499e-01
 1.86207e+00 -5.58621e+00       2.826e+11  6.529829e-01  1.275853e-01 -3.436207e-01  3.470171e-01
 2.27586e+00 -5.58621e+00       3.214e+11  7.834494e-01  1.063687e-01 -1.264990e-01  2.165506e-01
 2.68966e+00 -5.58621e+00       3.571e+11  8.378691e-01  3.251553e-02  3.699332e-02  1.621309e-01
 3.10345e+00 -5.58621e+00       4.119e+11  8.750048e-01 -1.094328e-02  1.233050e-01  1.249952e-01
 3.51724e+00 -5.58621e+00       4.987e+11  8.745532e-01  7.807969e-03  2.208777e-01  1.254468e-01
 3.93103e+00 -5.58621e+00       7.273e+11  8.068319e-01  2.618808e-02  4.179434e-01  1.931681e-01
 4.34483e+00 -5.58621e+00       1.233e+12  7.091283e-01  1.722882e-02  6.122435e-01  2.908717e-01
 4.75862e+00 -5.58621e+00       1.864e+12  6.246450e-01  4.527789e-03  7.321918e-01  3.753550e-01
 5.17241e+00 -5.58621e+00       2.229e+12  5.467405e-01 -2.555708e-03  8.088920e-01  4.532595e-01
 5.58621e+00 -5.58621e+00       2.201e+12  4.701637e-01 -4.521180e-03  8.640548e-01  5.298363e-01
 6.00000e+00 -5.58621e+00       1.920e+12  4.065770e-01 -6.470801e-03  8.989207e-01  5.934230e-01
-6.00000e+00 -5.17241e+00       2.018e+12  3.245926e-01  2.093649e-03 -9.288271e-01  6.754074e-01
-5.58621e+00 -5.17241e+00       1.999e+12  3.865182e-01 -2.096438e-03 -8.938038e-01  6.134818e-01
-5.17241e+00 -5.17241e+00       1.707e+12  4.805092e-01 -6.525663e-03 -8.246130e-01  5.194908e-01
-4.75862e+00 -5.17241e+00       1.353e+12  5.956881e-01 -1.875553e-02 -7.239560e-01  4.043119e-01
-4.34483e+00 -5.17241e+00       9.730e+11  6.920939e-01 -5.180345e-02 -6.253537e-01  3.079061e-01
-3.93103e+00 -5.17241e+00       6.131e+11  7.415248e-01 -9.110028e-02 -5.485841e-01  2.584752e-01
-3.51724e+00 -5.17241e+00       4.208e+11  7.723706e-01 -7.486836e-02 -4.519347e-01  2.276294e-01
-3.10345e+00 -5.17241e+00       3.892e+11  8.084165e-01 -4.950523e-03 -2.560400e-01  1.915835e-01
-2.68966e+00 -5.17241e+00       4.193e+11  7.882616e-01  5.682640e-02  9.531594e-02  2.117384e-01
-2.27586e+00 -5.17241e+00       4.842e+11  6.873291e-01  8.763537e-02  4.786856e-01  3.126709e-01
-1.86207e+00 -5.17241e+00       5.151e+11  5.352976e-01  8.013452e-02  7.170962e-01  4.647024e-01
-1.44828e+00 -5.17241e+00       4.472e+11  3.226333e-01  7.003064e-02  8.414881e-01  6.773667e-01
-1.03448e+00 -5.17241e+00       3.475e+11  6.695493e-03  1.126725e-01  8.539126e-01  9.933045e-01
-6.20690e-01 -5.17241e+00       2.970e+11 -3.794028e-01  2.120265e-01  6.578919e-01  6.205972e-01
-2.06897e-01 -5.17241e+00       2.909e+11 -6.528753e-01  2.766556e-01  2.717158e-01  3.471247e-01
 2.06897e-01 -5.17241e+00       2.963e+11 -6.764631e-01  2.604963e-01 -1.863138e-01  3.235369e-01
 6.20690e-01 -5.17241e+00       3.240e+11 -3.967575e-01  1.726167e-01 -6.060293e-01  6.032425e-01
 1.03448e+00 -5.17241e+00       4.042e+11  2.522386e-02  8.539240e-02 -8.286884e-01  9.747761e-01
 1.44828e+00 -5.17241e+00       4.972e+11  3.388633e-01  5.758222e-02 -8.466852e-01  6.611367e-01
 1.86207e+00 -5.17241e+00       5.245e+11  5.466832e-01  5.817217e-02 -7.461634e-01  4.533168e-01
 2.27586e+00 -5.17241e+00       4.891e+11  7.078866e-01  5.833354e-02 -5.276809e-01  2.921134e-01
 2.68966e+00 -5.17241e+00       4.512e+11  8.197254e-01  6.488284e-02 -1.953004e-01  1.802746e-01
 3.10345e+00 -5.17241e+00       4.372e+11  8.549032e-01  6.197530e-02  1.141326e-01  1.450968e-01
 3.51724e+00 -5.17241e+00       4.460e+11  8.434336e-01  2.509903e-02  3.023986e-01  1.565664e-01
 3.93103e+00 -5.17241e+00       5.017e+11  8.089929e-01  2.864501e-03  4.186829e-01  1.910071e-01
 4.34483e+00 -5.17241e+00       6.941e+11  7.079869e-01  1.357710e-02  5.759940e-01  2.920131e-01
 4.75862e+00 -5.17241e+00       1.155e+12  5.737882e-01  1.569086e-02  7.399406e-01  4.262118e-01
 5.17241e+00 -5.17241e+00       1.755e+12  4.698799e-01  7.478160e-03  8.394410e-01  5.301201e-01
 5.58621e+00 -5.17241e+00       2.088e+12  3.855946e-01  1.910368e-04  8.972134e-01  6.144054e-01
 6.00000e+00 -5.17241e+00       2.002e+12  3.090497e-01 -3.233993e-03  9.343089e-01  6.909503e-01
-6.00000e+00 -4.75862e+00       1.824e+12  2.250014e-01 -1.850216e-04 -9.483521e-01  7.749986e-01
-5.58621e+00 -4.75862e+00       1.605e+12  3.168106e-01 -4.338854e-03 -9.017801e-01  6.831894e-01
-5.17241e+00 -4.75862e+00       1.259e+12  4.377139e-01 -1.819187e-02 -8.284168e-01  5.622861e-01
-4.75862e+00 -4.75862e+00       8.881e+11  5.479219e-01 -5.291505e-02 -7.511330e-01  4.520781e-01
-4.34483e+00 -4.75862e+00       5.750e+11  6.187737e-01 -8.422213e-02 -6.777498e-01  3.812263e-01
-3.93103e+00 -4.75862e+00       4.431e+11  6.950974e-01 -4.812067e-02 -5.377651e-01  3.049026e-01
-3.51724e+00 -4.75862e+00       4.788e+11  7.982025e-01  2.214141e-02 -2.505055e-01  2.017975e-01
-3.10345e+00 -4.75862e+00       5.818e+11  8.634962e-01  5.852904e-02  8.082111e-02  1.365038e-01
-2.68966e+00 -4.75862e+00       6.299e+11  8.604361e-01  6.978857e-02  3.255412e-01  1.395639e-01
-2.27586e+00 -4.75862e+00       5.591e+11  7.968683e-01  9.123997e-02  5.039200e-01  2.031317e-01
-1.86207e+00 -4.75862e+00       4.351e+11  6.909161e-01  1.279870e-01  6.482408e-01  3.090839e-01
-1.44828e+00 -4.75862e+00       3.242e+11  5.593517e-01  1.494022e-01  7.547162e-01  4.406483e-01
-1.03448e+00 -4.75862e+00       2.489e+11  4.168522e-01  1.715517e-01  8.008759e-01  5.831478e-01
-6.20690e-01 -4.75862e+00       1.876e+11  2.858650e-01  2.301182e-01  7.316565e-01  7.141350e-01
-2.06897e-01 -4.75862e+00       1.349e+11  1.328558e-01  3.146156e-01  4.660555e-01  8.671442e-01
 2.06897e-01 -4.75862e+00       1.154e+11 -7.559178e-02  3.658837e-01 -5.743306e-03  9.244082e-01
 6.20690e-01 -4.75862e+00       1.357e+11 -1.483981e-01  3.016032e-01 -4.328148e-01  8.516019e-01
 1.03448e+00 -4.75862e+00       2.012e+11  1.233741e-01  1.629421e-01 -6.572824e-01  8.766259e-01
 1.44828e+00 -4.75862e+00       3.408e+11  4.954330e-01  7.847549e-02 -6.864601e-01  5.045670e-01
 1.86207e+00 -4.75862e+00       5.366e+11  7.101703e-01  5.593727e-02 -6.166495e-01  2.898297e-01
 2.27586e+00 -4.75862e+00       6.825e+11  8.187850e-01  4.659615e-02 -5.093234e-01  1.812150e-01
 2.68966e+00 -4.75862e+00       6.948e+11  8.791789e-01  4.043632e-02 -3.644123e-01  1.208211e-01
 3.10345e+00 -4.75862e+00       6.108e+11  8.960580e-01  4.126698e-02 -1.342634e-01  1.039420e-01
 3.51724e+00 -4.75862e+00       5.282e+11  8.606550e-01  4.706207e-02  1.719880e-01  1.393450e-01
 3.93103e+00 -4.75862e+00       4.856e+11  7.949420e-01  3.352394e-02  4.191145e-01  2.050580e-01
 4.34483e+00 -4.75862e+00       5.060e+11  7.162841e-01  7.929873e-03  5.667848e-01  2.837159e-01
 4.75862e+00 -4.75862e+00       6.808e+11  5.770826e-01  8.361583e-03  7.082523e-01  4.229174e-01
 5.17241e+00 -4.75862e+00       1.120e+12  4.178213e-01  1.297070e-02  8.390639e-01  5.821787e-01
 5.58621e+00 -4.75862e+00       1.660e+12  3.059618e-01  8.185654e-03  9.131073e-01  6.940382e-01
 6.00000e+00 -4.75862e+00       1.897e+12  2.218618e-01  1.965677e-03  9.515147e-01  7.781382e-01
-6.00000e+00 -4.34483e+00       1.493e+12  1.498076e-01 -1.297415e-03 -9.467405e-01  8.501924e-01
-5.58621e+00 -4.34483e+00       1.180e+12  2.675222e-01 -1.382748e-02 -8.969933e-01  7.324778e-01
-5.17241e+00 -4.34483e+00       8.335e+11  3.928408e-01 -4.784604e-02 -8.361407e-01  6.071592e-01
-4.75862e+00 -4.34483e+00       5.568e+11  4.918695e-01 -7.814148e-02 -7.660133e-01  5.081305e-01
-4.34483e+00 -4.34483e+00       4.585e+11  6.179783e-01 -3.843091e-02 -6.071758e-01  3.820217e-01
-3.93103e+00 -4.34483e+00       5.319e+11  7.835730e-01  2.690315e-02 -3.276347e-01  2.164270e-01
-3.51724e+00 -4.34483e+00       6.391e+11  8.944623e-01  5.656258e-02 -6.967551e-02  1.055377e-01
-3.10345e+00 -4.34483e+00       6.338e+11  9.350916e-01  7.548508e-02  1.115881e-01  6.490844e-02
-2.68966e+00 -4.34483e+00       5.214e+11  9.346994e-01  9.985689e-02  2.342199e-01  6.530064e-02
-2.27586e+00 -4.34483e+00       4.092e+11  9.200527e-01  8.518897e-02  2.877153e-01  7.994734e-02
-1.86207e+00 -4.34483e+00       3.557e+11  9.035400e-01 -1.777299e-03  2.570735e-01  9.646000e-02
-1.44828e+00 -4.34483e+00       3.372e+11  8.798039e-01 -5.764927e-02  1.525103e-01  1.201961e-01
-1.03448e+00 -4.34483e+00       2.894e+11  8.103600e-01 -3.038591e-02 -3.032648e-02  1.896400e-01
-6.20690e-01 -4.34483e+00       2.244e+11  6.597002e-01  1.064852e-02 -2.965589e-01  3.402998e-01
-2.06897e-01 -4.34483e+00       1.994e+11  5.511930e-01  2.784022e-03 -4.999956e-01  4.488070e-01
 2.06897e-01 -4.34483e+00       2.167e+11  6.137502e-01 -5.818730e-03 -4.807480e-01  3.862498e-01
 6.20690e-01 -4.34483e+00       2.342e+11  6.970028e-01  1.045088e-02 -3.187736e-01  3.029972e-01
 1.03448e+00 -4.34483e+00       2.197e+11  6.746217e-01  3.279151e-03 -1.455427e-01  3.253783e-01
 1.44828e+00 -4.34483e+00       1.977e+11  5.987091e-01 -3.373204e-02 -1.294492e-01  4.012909e-01
 1.86207e+00 -4.34483e+00       2.397e+11  6.945889e-01  2.457852e-03 -2.809418e-01  3.054111e-01
 2.27586e+00 -4.34483e+00       4.015e+11  8.619598e-01  5.026654e-02 -3.009900e-01  1.380402e-01
 2.68966e+00 -4.34483e+00       6.307e+11  9.402832e-01  4.922187e-02 -2.240364e-01  5.971681e-02
 3.10345e+00 -4.34483e+00       7.556e+11  9.609187e-01  3.862660e-02 -1.265629e-01  3.908126e-02
 3.51724e+00 -4.34483e+00       7.005e+11  9.353080e-01  3.395792e-02  2.717962e-02  6.469199e-02
 3.93103e+00 -4.34483e+00       5.804e+11  8.500398e-01  3.688504e-02  2.739499e-01  1.499602e-01
 4.34483e+00 -4.34483e+00       4.987e+11  7.316671e-01  2.989372e-02  5.203086e-01  2.683329e-01
 4.75862e+00 -4.34483e+00       5.002e+11  6.030268e-01  8.271535e-03  6.806493e-01  3.969732e-01
 5.17241e+00 -4.34483e+00       6.825e+11  4.203403e-01  6.670279e-03  8.094150e-01  5.796597e-01
 5.58621e+00 -4.34483e+00       1.111e+12  2.505948e-01  1.179393e-02  9.057761e-01  7.494052e-01
 6.00000e+00 -4.34483e+00       1.547e+12  1.409667e-01  8.229246e-03  9.539653e-01  8.590333e-01
-6.00000e+00 -3.93103e+00       1.109e+12  9.597380e-02 -7.814349e-03 -9.318251e-01  9.040262e-01
-5.58621e+00 -3.93103e+00       7.973e+11  2.309646e-01 -3.769587e-02 -8.875570e-01  7.690354e-01
-5.17241e+00 -3.93103e+00       5.417e+11  3.574881e-01 -7.288310e-02 -8.286655e-01  6.425119e-01
-4.75862e+00 -3.93103e+00       4.467e+11  5.193134e-01 -4.301163e-02 -6.857037e-01  4.806866e-01
-4.34483e+00 -3.93103e+00       5.209e+11  7.284514e-01  2.234116e-02 -4.389055e-01  2.715486e-01
-3.93103e+00 -3.93103e+00       6.195e+11  8.727975e-01  5.489335e-02 -2.233896e-01  1.272025e-01
-3.51724e+00 -3.93103e+00       5.969e+11  9.418491e-01  7.610675e-02 -7.962572e-02  5.815087e-02
-3.10345e+00 -3.93103e+00       4.892e+11  9.639523e-01  8.662327e-02 -1.031081e-02  3.604766e-02
-2.68966e+00 -3.93103e+00       3.973e+11  9.489812e-01  5.249052e-02 -3.180676e-02  5.101883e-02
-2.27586e+00 -3.93103e+00       3.148e+11  8.916191e-01  9.239307e-03 -9.741333e-02  1.083809e-01
-1.86207e+00 -3.93103e+00       2.078e+11  7.715311e-01 -2.362667e-02 -1.306198e-01  2.284689e-01
-1.44828e+00 -3.93103e+00       1.209e+11  5.499157e-01 -2.070263e-01 -6.139294e-02  4.500843e-01
-1.03448e+00 -3.93103e+00       8.333e+10  3.182596e-01 -5.899699e-01  8.514401e-02  6.817404e-01
-6.20690e-01 -3.93103e+00       6.655e+10  2.165244e-01 -8.096078e-01  9.881841e-02  7.834756e-01
-2.06897e-01 -3.93103e+00       5.830e+10  2.483937e-01 -8.139708e-01 -1.088617e-01  7.516063e-01
 2.06897e-01 -3.93103e+00       6.975e+10  4.099128e-01 -7.074286e-01 -3.561456e-01  5.900872e-01
 6.20690e-01 -3.93103e+00       1.053e+11  5.917021e-01 -5.705693e-01 -4.035990e-01  4.082979e-01
 1.03448e+00 -3.93103e+00       1.582e+11  7.514014e-01 -3.898596e-01 -3.035403e-01  2.485986e-01
 1.44828e+00 -3.93103e+00       2.173e+11  8.566958e-01 -1.949814e-01 -1.600563e-01  1.433042e-01
 1.86207e+00 -3.93103e+00       2.542e+11  8.768259e-01 -6.352886e-02 -6.162864e-02  1.231741e-01
 2.27586e+00 -3.93103e+00       2.650e+11  8.616068e-01  8.835296e-03 -4.586173e-02  1.383932e-01
 2.68966e+00 -3.93103e+00       3.457e+11  9.078664e-01  5.088774e-02 -5.294159e-02  9.213365e-02
 3.10345e+00 -3.93103e+00       5.468e+11  9.618565e-01  5.356018e-02 -1.840513e-03  3.814347e-02
 3.51724e+00 -3.93103e+00       7.135e+11  9.680369e-01  4.090904e-02  7.293862e-02  3.196306e-02
 3.93103e+00 -3.93103e+00       6.944e+11  9.221995e-01  3.237288e-02  1.920655e-01  7.780055e-02
 4.34483e+00 -3.93103e+00       5.700e+11  8.056758e-01  3.185141e-02  3.967215e-01  1.943242e-01
 4.75862e+00 -3.93103e+00       4.750e+11  6.463165e-01  2.379918e-02  6.188793e-01  3.536835e-01
 5.17241e+00 -3.93103e+00       4.843e+11  4.646719e-01  5.197159e-03  7.706038e-01  5.353281e-01
 5.58621e+00 -3.93103e+00       6.956e+11  2.445426e-01  6.921354e-03  8.771326e-01  7.554574e-01
 6.00000e+00 -3.93103e+00       1.095e+12  8.057988e-02  1.155975e-02  9.399017e-01  9.194201e-01
-6.00000e+00 -3.51724e+00       7.676e+11  6.450154e-02 -2.371797e-02 -9.094490e-01  9.354985e-01
-5.58621e+00 -3.51724e+00       5.272e+11  2.127910e-01 -6.388028e-02 -8.676083e-01  7.872090e-01
-5.17241e+00 -3.51724e+00       4.140e+11  3.935142e-01 -5.636689e-02 -7.606615e-01  6.064858e-01
-4.75862e+00 -3.51724e+00       4.649e+11  6.362272e-01  9.809959e-03 -5.484243e-01  3.637728e-01
-4.34483e+00 -3.51724e+00       5.623e+11  8.169555e-01  4.974398e-02 -3.534876e-01  1.830445e-01
-3.93103e+00 -3.51724e+00       5.535e+11  9.102330e-01  7.191630e-02 -2.278020e-01  8.976702e-02
-3.51724e+00 -3.51724e+00       4.560e+11  9.402159e-01  8.093054e-02 -1.802891e-01  5.978414e-02
-3.10345e+00 -3.51724e+00       3.563e+11  9.146754e-01  5.625303e-02 -2.079885e-01  8.532462e-02
-2.68966e+00 -3.51724e+00       2.536e+11  8.490771e-01  1.404201e-02 -2.222493e-01  1.509229e-01
-2.27586e+00 -3.51724e+00       1.549e+11  7.647716e-01 -7.995834e-02 -9.827946e-02  2.352284e-01
-1.86207e+00 -3.51724e+00       1.005e+11  6.930541e-01 -2.758135e-01  1.996541e-01  3.069459e-01
-1.44828e+00 -3.51724e+00       8.338e+10  6.139458e-01 -3.851162e-01  4.299247e-01  3.860542e-01
-1.03448e+00 -3.51724e+00       7.451e+10  4.743657e-01 -3.487455e-01  4.494765e-01  5.256343e-01
-6.20690e-01 -3.51724e+00       6.919e+10  3.543893e-01 -2.460245e-01  2.282018e-01  6.456107e-01
-2.06897e-01 -3.51724e+00       7.792e+10  3.989832e-01 -1.603375e-01 -1.144783e-01  6.010168e-01
 2.06897e-01 -3.51724e+00       1.017e+11  5.420932e-01 -1.478183e-01 -3.658642e-01  4.579068e-01
 6.20690e-01 -3.51724e+00       1.299e+11  6.509915e-01 -1.743659e-01 -5.019465e-01  3.490085e-01
 1.03448e+00 -3.51724e+00       1.461e+11  7.078537e-01 -2.115383e-01 -5.308237e-01  2.921463e-01
 1.44828e+00 -3.51724e+00       1.540e+11  7.733180e-01 -2.450965e-01 -4.043265e-01  2.266820e-01
 1.86207e+00 -3.51724e+00       1.851e+11  8.631331e-01 -2.146925e-01 -1.472319e-01  1.368669e-01
 2.27586e+00 -3.51724e+00       2.376e+11  9.040437e-01 -1.184009e-01  4.466035e-02  9.595627e-02
 2.68966e+00 -3.51724e+00       2.738e+11  9.032038e-01 -2.016577e-02  1.153730e-01  9.679620e-02
 3.10345e+00 -3.51724e+00       3.380e+11  9.214096e-01  4.753363e-02  1.236959e-01  7.859041e-02
 3.51724e+00 -3.51724e+00       5.029e+11  9.503429e-01  5.721287e-02  1.583768e-01  4.965708e-02
 3.93103e+00 -3.51724e+00       6.514e+11  9.422121e-01  4.285345e-02  2.206518e-01  5.778793e-02
 4.34483e+00 -3.51724e+00       6.299e+11  8.760708e-01  3.224887e-02  3.288234e-01  1.239292e-01
 4.75862e+00 -3.51724e+00       5.088e+11  7.299067e-01  2.878249e-02  5.142935e-01  2.700933e-01
 5.17241e+00 -3.51724e+00       4.248e+11  5.333466e-01  1.657698e-02  7.089336e-01  4.666534e-01
 5.58621e+00 -3.51724e+00       4.696e+11  2.948023e-01  2.825727e-03  8.364515e-01  7.051977e-01
 6.00000e+00 -3.51724e+00       7.148e+11  6.143137e-02  9.135355e-03  9.106731e-01  9.385686e-01
-6.00000e+00 -3.10345e+00       5.213e+11  5.926437e-02 -4.184726e-02 -8.849282e-01  9.407356e-01
-5.58621e+00 -3.10345e+00       3.808e+11  2.472540e-01 -6.272879e-02 -8.192509e-01  7.527460e-01
-5.17241e+00 -3.10345e+00       3.891e+11  5.117860e-01 -9.530092e-03 -6.465395e-01  4.882140e-01
-4.75862e+00 -3.10345e+00       4.830e+11  7.370452e-01  4.068847e-02 -4.586065e-01  2.629548e-01
-4.34483e+00 -3.10345e+00       5.062e+11  8.607162e-01  6.531150e-02 -3.339913e-01  1.392838e-01
-3.93103e+00 -3.10345e+00       4.274e+11  9.065366e-01  7.854640e-02 -2.829978e-01  9.346343e-02
-3.51724e+00 -3.10345e+00       3.262e+11  8.866836e-01  6.497771e-02 -2.989818e-01  1.133164e-01
-3.10345e+00 -3.10345e+00       2.284e+11  8.370405e-01  2.255082e-02 -2.856212e-01  1.629595e-01
-2.68966e+00 -3.10345e+00       1.567e+11  8.229598e-01 -6.467863e-02 -9.714290e-02  1.770402e-01
-2.27586e+00 -3.10345e+00       1.699e+11  8.589390e-01 -1.250536e-01  2.402056e-01  1.410610e-01
-1.86207e+00 -3.10345e+00       3.250e+11  8.211423e-01 -9.633281e-02  4.593480e-01  1.788577e-01
-1.44828e+00 -3.10345e+00       6.100e+11  7.189407e-01 -9.302045e-02  5.906627e-01  2.810593e-01
-1.03448e+00 -3.10345e+00       8.242e+11  5.594686e-01 -1.090100e-01  6.776720e-01  4.405314e-01
-6.20690e-01 -3.10345e+00       7.904e+11  3.073431e-01 -1.284713e-01  6.454782e-01  6.926569e-01
-2.06897e-01 -3.10345e+00       6.732e+11  4.531168e-02 -1.493016e-01  2.365276e-01  9.546883e-01
 2.06897e-01 -3.10345e+00       7.514e+11  1.474404e-01 -1.583602e-01 -4.236127e-01  8.525596e-01
 6.20690e-01 -3.10345e+00       1.000e+12  4.526677e-01 -1.404016e-01 -6.695111e-01  5.473323e-01
 1.03448e+00 -3.10345e+00       1.083e+12  6.560207e-01 -1.090218e-01 -6.434363e-01  3.439793e-01
 1.44828e+00 -3.10345e+00       8.288e+11  7.769149e-01 -7.876226e-02 -5.433891e-01  2.230851e-01
 1.86207e+00 -3.10345e+00       4.847e+11  8.630421e-01 -7.077695e-02 -3.930800e-01  1.369579e-01
 2.27586e+00 -3.10345e+00       2.938e+11  9.176417e-01 -9.976457e-02 -1.660000e-01  8.235831e-02
 2.68966e+00 -3.10345e+00       2.523e+11  9.196425e-01 -9.156741e-02  8.285877e-02  8.035750e-02
 3.10345e+00 -3.10345e+00       2.696e+11  9.037215e-01 -1.730052e-02  2.091188e-01  9.627850e-02
 3.51724e+00 -3.10345e+00       3.359e+11  9.143076e-01  4.935238e-02  2.372390e-01  8.569238e-02
 3.93103e+00 -3.10345e+00       4.822e+11  9.286017e-01  5.741848e-02  2.683653e-01  7.139826e-02
 4.34483e+00 -3.10345e+00       5.869e+11  9.031043e-01  4.213228e-02  3.275195e-01  9.689572e-02
 4.75862e+00 -3.10345e+00       5.370e+11  8.090908e-01  3.195933e-02  4.401395e-01  1.909092e-01
 5.17241e+00 -3.10345e+00       4.228e+11  6.288516e-01  2.619827e-02  6.179972e-01  3.711484e-01
 5.58621e+00 -3.10345e+00       3.717e+11  3.835284e-01  1.032620e-02  7.815767e-01  6.164716e-01
 6.00000e+00 -3.10345e+00       4.724e+11  9.491980e-02  5.224109e-03  8.733578e-01  9.050802e-01
-6.00000e+00 -2.68966e+00       3.187e+11  1.312135e-01 -1.519368e-01 -7.849892e-01  8.687865e-01
-5.58621e+00 -2.68966e+00       3.070e+11  3.760773e-01 -1.003171e-01 -6.973200e-01  6.239227e-01
-5.17241e+00 -2.68966e+00       3.830e+11  6.358250e-01 -3.734021e-03 -5.355366e-01  3.641750e-01
-4.75862e+00 -2.68966e+00       4.449e+11  8.061327e-01  4.300842e-02 -4.052415e-01  1.938673e-01
-4.34483e+00 -2.68966e+00       4.067e+11  8.781109e-01  6.912732e-02 -3.430476e-01  1.218891e-01
-3.93103e+00 -2.68966e+00       3.138e+11  8.751764e-01  7.312783e-02 -3.437860e-01  1.248236e-01
-3.51724e+00 -2.68966e+00       2.271e+11  8.415820e-01  4.090713e-02 -3.278094e-01  1.584180e-01
-3.10345e+00 -2.68966e+00       2.064e+11  8.808668e-01 -2.066507e-02 -1.226204e-01  1.191332e-01
-2.68966e+00 -2.68966e+00       4.187e+11  9.606518e-01 -2.779900e-02  1.114422e-01  3.934818e-02
-2.27586e+00 -2.68966e+00       1.012e+12  9.712371e-01 -7.104754e-03  1.903257e-01  2.876291e-02
-1.86207e+00 -2.68966e+00       1.631e+12  9.629476e-01  8.623324e-03  2.344365e-01  3.705244e-02
-1.44828e+00 -2.68966e+00       1.566e+12  9.490285e-01  2.855640e-02  2.692415e-01  5.097151e-02
-1.03448e+00 -2.68966e+00       9.050e+11  9.244816e-01  5.686199e-02  2.886237e-01  7.551841e-02
-6.20690e-01 -2.68966e+00       3.524e+11  8.641548e-01  8.065029e-02  2.523996e-01  1.358452e-01
-2.06897e-01 -2.68966e+00       1.525e+11  7.561004e-01  3.405097e-02  2.989187e-02  2.438996e-01
 2.06897e-01 -2.68966e+00       1.793e+11  8.128829e-01 -2.862725e-02 -2.249403e-01  1.871171e-01
 6.20690e-01 -2.68966e+00       4.253e+11  9.123256e-01 -1.554421e-02 -2.743866e-01  8.767440e-02
 1.03448e+00 -2.68966e+00       1.026e+12  9.476223e-01 -1.634382e-02 -2.661243e-01  5.237770e-02
 1.44828e+00 -2.68966e+00       1.777e+12  9.615337e-01 -2.733684e-02 -2.429289e-01  3.846625e-02
 1.86207e+00 -2.68966e+00       1.922e+12  9.702550e-01 -3.462994e-02 -2.120581e-01  2.974504e-02
 2.27586e+00 -2.68966e+00       1.276e+12  9.760858e-01 -3.909643e-02 -1.697246e-01  2.391422e-02
 2.68966e+00 -2.68966e+00       5.963e+11  9.729056e-01 -5.042267e-02 -8.157233e-02  2.709436e-02
 3.10345e+00 -2.68966e+00       3.120e+11  9.388040e-01 -5.369749e-02  1.135833e-01  6.119601e-02
 3.51724e+00 -2.68966e+00       2.712e+11  9.022134e-01  4.002658e-03  2.667074e-01  9.778664e-02
 3.93103e+00 -2.68966e+00       3.408e+11  9.076260e-01  5.545697e-02  3.048026e-01  9.237398e-02
 4.34483e+00 -2.68966e+00       4.633e+11  9.091195e-01  5.232023e-02  3.343588e-01  9.088049e-02
 4.75862e+00 -2.68966e+00       4.968e+11  8.609453e-01  3.361553e-02  3.957848e-01  1.390547e-01
 5.17241e+00 -2.68966e+00       4.100e+11  7.256091e-01  1.689170e-02  5.264532e-01  2.743909e-01
 5.58621e+00 -2.68966e+00       3.173e+11  5.178335e-01 -4.928563e-03  6.973882e-01  4.821665e-01
 6.00000e+00 -2.68966e+00       3.049e+11  2.588778e-01 -1.595990e-02  7.997791e-01  7.411222e-01
-6.00000e+00 -2.27586e+00       2.962e+11  2.296539e-01 -1.358299e-01 -8.013076e-01  7.703461e-01
-5.58621e+00 -2.27586e+00       2.978e+11  5.035717e-01 -5.312550e-02 -6.337415e-01  4.964283e-01
-5.17241e+00 -2.27586e+00       3.651e+11  7.407376e-01  1.549677e-02 -4.624845e-01  2.592624e-01
-4.75862e+00 -2.27586e+00       3.817e+11  8.524661e-01  4.886734e-02 -3.762510e-01  1.475339e-01
-4.34483e+00 -2.27586e+00       3.141e+11  8.769987e-01  6.962357e-02 -3.562488e-01  1.230013e-01
-3.93103e+00 -2.27586e+00       2.329e+11  8.559108e-01  5.775375e-02 -3.503643e-01  1.440892e-01
-3.51724e+00 -2.27586e+00       2.363e+11  8.973340e-01  9.765784e-03 -2.006480e-01  1.026660e-01
-3.10345e+00 -2.27586e+00       5.482e+11  9.779876e-01 -1.878877e-03 -3.492099e-02  2.201245e-02
-2.68966e+00 -2.27586e+00       1.324e+12  9.952524e-01  8.442138e-03  9.763993e-03  4.747648e-03
-2.27586e+00 -2.27586e+00       1.965e+12  9.965984e-01  1.663470e-02  3.098249e-02  3.401646e-03
-1.86207e+00 -2.27586e+00       1.666e+12  9.947583e-01  2.695128e-02  4.855158e-02  5.241725e-03
-1.44828e+00 -2.27586e+00       8.821e+11  9.890136e-01  4.371354e-02  6.187437e-02  1.098635e-02
-1.03448e+00 -2.27586e+00       4.081e+11  9.757092e-01  5.430014e-02  5.929685e-02  2.429077e-02
-6.20690e-01 -2.27586e+00       2.486e+11  9.553275e-01  3.745951e-02  5.655529e-02  4.467252e-02
-2.06897e-01 -2.27586e+00       1.923e+11  9.330754e-01  2.612173e-02  8.142971e-02  6.692461e-02
 2.06897e-01 -2.27586e+00       1.706e+11  9.235360e-01  7.414358e-03  9.934900e-02  7.646399e-02
 6.20690e-01 -2.27586e+00       1.855e+11  9.373673e-01 -1.994749e-02  7.736030e-02  6.263267e-02
 1.03448e+00 -2.27586e+00       3.284e+11  9.689023e-01 -2.000843e-02  6.768361e-03  3.109772e-02
 1.44828e+00 -2.27586e+00       8.494e+11  9.894002e-01 -1.880271e-02 -2.934603e-02  1.059981e-02
 1.86207e+00 -2.27586e+00       1.753e+12  9.956787e-01 -2.220734e-02 -3.024499e-02  4.321252e-03
 2.27586e+00 -2.27586e+00       2.187e+12  9.971847e-01 -2.567189e-02 -2.172952e-02  2.815333e-03
 2.68966e+00 -2.27586e+00       1.577e+12  9.960850e-01 -2.947537e-02 -5.062019e-03  3.914978e-03
 3.10345e+00 -2.27586e+00       7.298e+11  9.855443e-01 -3.610110e-02  4.311055e-02  1.445570e-02
 3.51724e+00 -2.27586e+00       3.339e+11  9.429097e-01 -2.790802e-02  1.807476e-01  5.709029e-02
 3.93103e+00 -2.27586e+00       2.747e+11  9.050966e-01  2.947018e-02  3.036157e-01  9.490345e-02
 4.34483e+00 -2.27586e+00       3.529e+11  9.083216e-01  5.676768e-02  3.349040e-01  9.167841e-02
 4.75862e+00 -2.27586e+00       4.290e+11  8.923979e-01  4.341690e-02  3.669330e-01  1.076021e-01
 5.17241e+00 -2.27586e+00       3.876e+11  8.104810e-01  2.586252e-02  4.424051e-01  1.895190e-01
 5.58621e+00 -2.27586e+00       2.829e+11  6.096281e-01  3.728170e-03  5.956430e-01  3.903719e-01
 6.00000e+00 -2.27586e+00       2.316e+11  2.822054e-01 -2.229337e-02  7.568855e-01  7.177946e-01
-6.00000e+00 -1.86207e+00       1.946e+11  3.421139e-01  1.653260e-02 -6.967176e-01  6.578861e-01
-5.58621e+00 -1.86207e+00       2.624e+11  6.760625e-01  1.491269e-02 -5.139114e-01  3.239375e-01
-5.17241e+00 -1.86207e+00       3.402e+11  8.232986e-01  4.026740e-02 -4.071664e-01  1.767014e-01
-4.75862e+00 -1.86207e+00       3.213e+11  8.764203e-01  6.648769e-02 -3.559866e-01  1.235797e-01
-4.34483e+00 -1.86207e+00       2.434e+11  8.775466e-01  7.027502e-02 -3.425430e-01  1.224534e-01
-3.93103e+00 -1.86207e+00       2.203e+11  8.922925e-01  3.387650e-02 -2.694337e-01  1.077075e-01
-3.51724e+00 -1.86207e+00       4.614e+11  9.676503e-01  7.708803e-03 -1.247886e-01  3.234975e-02
-3.10345e+00 -1.86207e+00       1.201e+12  9.923165e-01  1.097335e-02 -8.137298e-02  7.683498e-03
-2.68966e+00 -1.86207e+00       1.975e+12  9.961964e-01  1.540582e-02 -6.746100e-02  3.803650e-03
-2.27586e+00 -1.86207e+00       1.849e+12  9.966780e-01  2.102888e-02 -5.774101e-02  3.322024e-03
-1.86207e+00 -1.86207e+00       1.152e+12  9.949238e-01  3.437571e-02 -5.062991e-02  5.076186e-03
-1.44828e+00 -1.86207e+00       9.181e+11  9.920963e-01  5.106393e-02 -4.998810e-02  7.903738e-03
-1.03448e+00 -1.86207e+00       1.271e+12  9.937502e-01  4.078064e-02 -4.802288e-02  6.249828e-03
-6.20690e-01 -1.86207e+00       1.666e+12  9.961230e-01  1.851030e-02 -3.205800e-02  3.876953e-03
-2.06897e-01 -1.86207e+00       1.761e+12  9.970279e-01 -1.391227e-04  2.778960e-03  2.972114e-03
 2.06897e-01 -1.86207e+00       1.626e+12  9.957197e-01 -4.285639e-03  5.004755e-02  4.280310e-03
 6.20690e-01 -1.86207e+00       1.314e+12  9.922508e-01  6.696030e-03  9.095010e-02  7.749223e-03
 1.03448e+00 -1.86207e+00       8.565e+11  9.868540e-01  2.031276e-02  1.145580e-01  1.314599e-02
 1.44828e+00 -1.86207e+00       5.934e+11  9.835468e-01  1.161698e-02  1.043093e-01  1.645320e-02
 1.86207e+00 -1.86207e+00       9.718e+11  9.914972e-01 -1.260108e-02  7.098510e-02  8.502806e-03
 2.27586e+00 -1.86207e+00       1.848e+12  9.956242e-01 -1.843106e-02  6.440263e-02  4.375821e-03
 2.68966e+00 -1.86207e+00       2.144e+12  9.961618e-01 -2.098019e-02  6.726225e-02  3.838177e-03
 3.10345e+00 -1.86207e+00       1.413e+12  9.938127e-01 -2.426334e-02  7.828624e-02  6.187311e-03
 3.51724e+00 -1.86207e+00       6.074e+11  9.794979e-01 -2.698758e-02  1.219319e-01  2.050209e-02
 3.93103e+00 -1.86207e+00       2.907e+11  9.366611e-01 -3.143227e-04  2.379092e-01  6.333892e-02
 4.34483e+00 -1.86207e+00       2.835e+11  9.151483e-01  4.995135e-02  3.150976e-01  8.485173e-02
 4.75862e+00 -1.86207e+00       3.676e+11  9.099770e-01  5.233886e-02  3.432585e-01  9.002305e-02
 5.17241e+00 -1.86207e+00       3.779e+11  8.714780e-01  3.923850e-02  3.895833e-01  1.285220e-01
 5.58621e+00 -1.86207e+00       2.886e+11  7.533463e-01  3.580898e-02  4.916946e-01  2.466537e-01
 6.00000e+00 -1.86207e+00       2.135e+11  4.793417e-01  2.453810e-02  6.681122e-01  5.206583e-01
-6.00000e+00 -1.44828e+00       1.926e+11  5.780409e-01 -7.981962e-02 -5.498309e-01  4.219591e-01
-5.58621e+00 -1.44828e+00       2.648e+11  7.621803e-01  3.185610e-02 -4.213257e-01  2.378197e-01
-5.17241e+00 -1.44828e+00       2.967e+11  8.646738e-01  6.170374e-02 -3.286815e-01  1.353262e-01
-4.75862e+00 -1.44828e+00       2.513e+11  9.047842e-01  5.742769e-02 -2.942159e-01  9.521578e-02
-4.34483e+00 -1.44828e+00       2.020e+11  9.075860e-01  4.080238e-02 -2.848021e-01  9.241402e-02
-3.93103e+00 -1.44828e+00       2.989e+11  9.507660e-01  1.496910e-02 -1.838050e-01  4.923401e-02
-3.51724e+00 -1.44828e+00       8.253e+11  9.860463e-01  1.032456e-02 -1.210424e-01  1.395371e-02
-3.10345e+00 -1.44828e+00       1.703e+12  9.928279e-01  1.296530e-02 -1.070679e-01  7.172100e-03
-2.68966e+00 -1.44828e+00       2.017e+12  9.940207e-01  1.590392e-02 -1.010078e-01  5.979273e-03
-2.27586e+00 -1.44828e+00       1.513e+12  9.935648e-01  2.197070e-02 -9.861392e-02  6.435169e-03
-1.86207e+00 -1.44828e+00       1.211e+12  9.919533e-01  2.773518e-02 -1.007515e-01  8.046658e-03
-1.44828e+00 -1.44828e+00       1.656e+12  9.928706e-01  2.198578e-02 -9.001596e-02  7.129381e-03
-1.03448e+00 -1.44828e+00       3.081e+12  9.959832e-01  1.783150e-02 -6.066330e-02  4.016753e-03
-6.20690e-01 -1.44828e+00       5.884e+12  9.981557e-01  1.509307e-02 -3.481913e-02  1.844280e-03
-2.06897e-01 -1.44828e+00       8.601e+12  9.990436e-01  1.104236e-02 -1.574562e-02  9.564323e-04
 2.06897e-01 -1.44828e+00       8.436e+12  9.992105e-01  7.419378e-03  2.344307e-03  7.894986e-04
 6.20690e-01 -1.44828e+00       5.467e+12  9.985008e-01  4.712127e-03  2.399632e-02  1.499159e-03
 1.03448e+00 -1.44828e+00       2.527e+12  9.955276e-01  2.188117e-03  5.953145e-02  4.472367e-03
 1.44828e+00 -1.44828e+00       1.072e+12  9.888186e-01  2.382688e-04  1.129972e-01  1.118142e-02
 1.86207e+00 -1.44828e+00       7.505e+11  9.864676e-01 -5.399873e-03  1.266839e-01  1.353241e-02
 2.27586e+00 -1.44828e+00       1.271e+12  9.919950e-01 -1.313425e-02  1.024302e-01  8.005017e-03
 2.68966e+00 -1.44828e+00       2.013e+12  9.940460e-01 -1.592167e-02  9.694740e-02  5.953962e-03
 3.10345e+00 -1.44828e+00       1.864e+12  9.938654e-01 -1.806101e-02  9.907608e-02  6.134592e-03
 3.51724e+00 -1.44828e+00       9.963e+11  9.898640e-01 -2.037872e-02  1.124446e-01  1.013604e-02
 3.93103e+00 -1.44828e+00       3.989e+11  9.705121e-01 -1.356545e-02  1.674669e-01  2.948794e-02
 4.34483e+00 -1.44828e+00       2.481e+11  9.407202e-01  2.587329e-02  2.555100e-01  5.927984e-02
 4.75862e+00 -1.44828e+00       2.981e+11  9.321119e-01  4.516812e-02  2.939506e-01  6.788815e-02
 5.17241e+00 -1.44828e+00       3.517e+11  9.059478e-01  3.599801e-02  3.369735e-01  9.405216e-02
 5.58621e+00 -1.44828e+00       3.034e+11  8.330527e-01  1.994320e-02  4.261507e-01  1.669473e-01
 6.00000e+00 -1.44828e+00       2.129e+11  6.992391e-01  1.787795e-03  5.511873e-01  3.007609e-01
-6.00000e+00 -1.03448e+00       1.412e+11  7.817169e-01 -3.205402e-03 -3.857436e-01  2.182831e-01
-5.58621e+00 -1.03448e+00       2.329e+11  8.974566e-01  5.232720e-04 -3.022909e-01  1.025434e-01
-5.17241e+00 -1.03448e+00       2.710e+11  9.353168e-01  2.285841e-02 -2.642645e-01  6.468316e-02
-4.75862e+00 -1.03448e+00       2.268e+11  9.428145e-01  4.413658e-02 -2.478333e-01  5.718545e-02
-4.34483e+00 -1.03448e+00       2.031e+11  9.476147e-01  3.437333e-02 -2.104300e-01  5.238528e-02
-3.93103e+00 -1.03448e+00       4.324e+11  9.798693e-01  1.137706e-02 -1.324758e-01  2.013072e-02
-3.51724e+00 -1.03448e+00       1.153e+12  9.919633e-01  1.049547e-02 -1.087932e-01  8.036680e-03
-3.10345e+00 -1.03448e+00       1.912e+12  9.940115e-01  1.196277e-02 -1.033644e-01  5.988465e-03
-2.68966e+00 -1.03448e+00       1.861e+12  9.941345e-01  1.389710e-02 -1.020033e-01  5.865526e-03
-2.27586e+00 -1.03448e+00       1.535e+12  9.935609e-01  1.613615e-02 -1.020822e-01  6.439062e-03
-1.86207e+00 -1.03448e+00       2.651e+12  9.948885e-01  1.076947e-02 -8.845158e-02  5.111518e-03
-1.44828e+00 -1.03448e+00       7.987e+12  9.969301e-01  3.717444e-03 -6.916368e-02  3.069909e-03
-1.03448e+00 -1.03448e+00       2.079e+13  9.981038e-01 -1.571823e-03 -5.298201e-02  1.896218e-03
-6.20690e-01 -1.03448e+00       3.871e+13  9.988561e-01 -5.697780e-03 -3.573243e-02  1.143921e-03
-2.06897e-01 -1.03448e+00       5.180e+13  9.993196e-01 -8.600769e-03 -1.601870e-02  6.803611e-04
 2.06897e-01 -1.03448e+00       5.132e+13  9.994387e-01 -1.042125e-02  4.680260e-03  5.613381e-04
 6.20690e-01 -1.03448e+00       3.754e+13  9.992122e-01 -1.147273e-02  2.395815e-02  7.877580e-04
 1.03448e+00 -1.03448e+00       1.950e+13  9.986759e-01 -1.199425e-02  4.080577e-02  1.324105e-03
 1.44828e+00 -1.03448e+00       6.959e+12  9.975570e-01 -1.200193e-02  5.786698e-02  2.442956e-03
 1.86207e+00 -1.03448e+00       1.921e+12  9.946565e-01 -1.098473e-02  8.346297e-02  5.343489e-03
 2.27586e+00 -1.03448e+00       1.078e+12  9.926449e-01 -1.027799e-02  1.005373e-01  7.355101e-03
 2.68966e+00 -1.03448e+00       1.686e+12  9.946090e-01 -1.174174e-02  9.285031e-02  5.390956e-03
 3.10345e+00 -1.03448e+00       1.977e+12  9.951623e-01 -1.300129e-02  9.132207e-02  4.837745e-03
 3.51724e+00 -1.03448e+00       1.313e+12  9.942130e-01 -1.423311e-02  9.540302e-02  5.786958e-03
 3.93103e+00 -1.03448e+00       5.527e+11  9.878532e-01 -1.191862e-02  1.178520e-01  1.214682e-02
 4.34483e+00 -1.03448e+00       2.641e+11  9.702335e-01  1.350031e-02  1.797297e-01  2.976651e-02
 4.75862e+00 -1.03448e+00       2.627e+11  9.629692e-01  3.400025e-02  2.169470e-01  3.703076e-02
 5.17241e+00 -1.03448e+00       2.991e+11  9.566956e-01  2.578008e-02  2.365871e-01  4.330440e-02
 5.58621e+00 -1.03448e+00       2.571e+11  9.285097e-01  2.182870e-02  2.789979e-01  7.149031e-02
 6.00000e+00 -1.03448e+00       1.718e+11  8.447586e-01  2.460526e-02  3.791083e-01  1.552414e-01
-6.00000e+00 -6.20690e-01       1.436e+11  8.901762e-01 -2.766603e-03 -2.849874e-01  1.098238e-01
-5.58621e+00 -6.20690e-01       2.102e+11  9.545220e-01  7.834695e-03 -1.789807e-01  4.547802e-02
-5.17241e+00 -6.20690e-01       2.275e+11  9.748698e-01  6.599185e-03 -1.502683e-01  2.513016e-02
-4.75862e+00 -6.20690e-01       1.925e+11  9.769944e-01  9.482771e-03 -1.530666e-01  2.300564e-02
-4.34483e+00 -6.20690e-01       2.169e+11  9.810603e-01  9.618371e-03 -1.273108e-01  1.893966e-02
-3.93103e+00 -6.20690e-01       5.564e+11  9.928684e-01  6.690650e-03 -8.764994e-02  7.131594e-03
-3.51724e+00 -6.20690e-01       1.355e+12  9.962179e-01  7.629989e-03 -7.834567e-02  3.782105e-03
-3.10345e+00 -6.20690e-01       1.950e+12  9.967133e-01  8.372198e-03 -7.679162e-02  3.286710e-03
-2.68966e+00 -6.20690e-01       1.787e+12  9.965017e-01  8.661398e-03 -7.815594e-02  3.498340e-03
-2.27586e+00 -6.20690e-01       2.141e+12  9.966613e-01  5.467465e-03 -7.478412e-02  3.338696e-03
-1.86207e+00 -6.20690e-01       6.175e+12  9.977430e-01 -7.181614e-05 -6.224087e-02  2.256975e-03
-1.44828e+00 -6.20690e-01       1.864e+13  9.984230e-01 -3.535752e-03 -5.217628e-02  1.576959e-03
-1.03448e+00 -6.20690e-01       4.033e+13  9.989036e-01 -5.940869e-03 -4.188336e-02  1.096437e-03
-6.20690e-01 -6.20690e-01       6.234e+13  9.993191e-01 -7.482392e-03 -2.906362e-02  6.808834e-04
-2.06897e-01 -6.20690e-01       7.468e+13  9.996190e-01 -8.306884e-03 -1.343068e-02  3.810371e-04
 2.06897e-01 -6.20690e-01       7.440e+13  9.997099e-01 -8.831565e-03  3.259695e-03  2.901028e-04
 6.20690e-01 -6.20690e-01       6.140e+13  9.995882e-01 -9.417118e-03  1.820457e-02  4.118111e-04
 1.03448e+00 -6.20690e-01       3.884e+13  9.993389e-01 -1.007487e-02  2.999028e-02  6.610712e-04
 1.44828e+00 -6.20690e-01       1.720e+13  9.989961e-01 -1.063340e-02  3.935017e-02  1.003916e-03
 1.86207e+00 -6.20690e-01       5.148e+12  9.983551e-01 -1.079279e-02  4.925369e-02  1.644889e-03
 2.27586e+00 -6.20690e-01       1.510e+12  9.970600e-01 -9.278082e-03  6.296944e-02  2.939956e-03
 2.68966e+00 -6.20690e-01       1.486e+12  9.973536e-01 -7.663585e-03  6.264293e-02  2.646423e-03
 3.10345e+00 -6.20690e-01       1.935e+12  9.978453e-01 -8.019887e-03  6.008694e-02  2.154745e-03
 3.51724e+00 -6.20690e-01       1.492e+12  9.977256e-01 -8.422782e-03  6.108631e-02  2.274442e-03
 3.93103e+00 -6.20690e-01       6.859e+11  9.961729e-01 -7.221157e-03  6.960552e-02  3.827063e-03
 4.34483e+00 -6.20690e-01       2.833e+11  9.907082e-01  2.944975e-03  9.809106e-02  9.291832e-03
 4.75862e+00 -6.20690e-01       2.246e+11  9.869777e-01  1.558255e-02  1.231731e-01  1.302233e-02
 5.17241e+00 -6.20690e-01       2.622e+11  9.849164e-01  1.615507e-02  1.349046e-01  1.508363e-02
 5.58621e+00 -6.20690e-01       2.386e+11  9.731927e-01  1.387443e-02  1.604047e-01  2.680730e-02
 6.00000e+00 -6.20690e-01       1.485e+11  9.291175e-01  4.372153e-04  2.374590e-01  7.088245e-02
-6.00000e+00 -2.06897e-01       1.496e+11  9.822095e-01 -8.514558e-03 -1.164630e-01  1.779049e-02
-5.58621e+00 -2.06897e-01       2.112e+11  9.921412e-01  4.433233e-03 -7.329691e-02  7.858849e-03
-5.17241e+00 -2.06897e-01       2.157e+11  9.955720e-01  2.567462e-03 -5.872780e-02  4.428007e-03
-4.75862e+00 -2.06897e-01       1.771e+11  9.959267e-01 -2.531870e-03 -5.903306e-02  4.073288e-03
-4.34483e+00 -2.06897e-01       2.276e+11  9.968504e-01 -2.683341e-03 -4.950108e-02  3.149552e-03
-3.93103e+00 -2.06897e-01       6.298e+11  9.986850e-01  1.223683e-03 -3.746550e-02  1.315001e-03
-3.51724e+00 -2.06897e-01       1.452e+12  9.991630e-01  3.070627e-03 -3.492827e-02  8.369989e-04
-3.10345e+00 -2.06897e-01       1.958e+12  9.991609e-01  3.397184e-03 -3.568280e-02  8.390591e-04
-2.68966e+00 -2.06897e-01       1.819e+12  9.990005e-01  1.676987e-03 -3.847127e-02  9.995394e-04
-2.27586e+00 -2.06897e-01       2.814e+12  9.992025e-01 -3.153513e-03 -3.504808e-02  7.974670e-04
-1.86207e+00 -2.06897e-01       8.971e+12  9.995177e-01 -5.137185e-03 -2.816093e-02  4.823395e-04
-1.44828e+00 -2.06897e-01       2.482e+13  9.996543e-01 -5.606442e-03 -2.384360e-02  3.456818e-04
-1.03448e+00 -2.06897e-01       4.749e+13  9.997514e-01 -5.769526e-03 -1.965926e-02  2.485540e-04
-6.20690e-01 -2.06897e-01       6.553e+13  9.998408e-01 -5.722367e-03 -1.455767e-02  1.592265e-04
-2.06897e-01 -2.06897e-01       7.311e+13  9.999134e-01 -5.598906e-03 -8.325560e-03  8.659795e-05
 2.06897e-01 -2.06897e-01       7.308e+13  9.999503e-01 -5.605043e-03 -1.761253e-03  4.971392e-05
 6.20690e-01 -2.06897e-01       6.508e+13  9.999494e-01 -5.790413e-03  3.740522e-03  5.063293e-05
 1.03448e+00 -2.06897e-01       4.629e+13  9.999271e-01 -6.018620e-03  7.640501e-03  7.287139e-05
 1.44828e+00 -2.06897e-01       2.332e+13  9.998906e-01 -6.161344e-03  1.037351e-02  1.093853e-04
 1.86207e+00 -2.06897e-01       7.788e+12  9.998082e-01 -6.104495e-03  1.303373e-02  1.918449e-04
 2.27586e+00 -2.06897e-01       2.070e+12  9.995753e-01 -5.373841e-03  1.706101e-02  4.246504e-04
 2.68966e+00 -2.06897e-01       1.434e+12  9.995661e-01 -4.194556e-03  1.630374e-02  4.339314e-04
 3.10345e+00 -2.06897e-01       1.880e+12  9.997438e-01 -3.982413e-03  1.446318e-02  2.562283e-04
 3.51724e+00 -2.06897e-01       1.561e+12  9.997767e-01 -3.549032e-03  1.461695e-02  2.233218e-04
 3.93103e+00 -2.06897e-01       7.580e+11  9.996249e-01 -2.194011e-03  1.657240e-02  3.750612e-04
 4.34483e+00 -2.06897e-01       2.993e+11  9.990029e-01  1.446720e-03  2.223395e-02  9.970718e-04
 4.75862e+00 -2.06897e-01       2.185e+11  9.984262e-01  5.446520e-03  2.758419e-02  1.573833e-03
 5.17241e+00 -2.06897e-01       2.646e+11  9.982050e-01  6.955277e-03  3.334722e-02  1.795035e-03
 5.58621e+00 -2.06897e-01       2.506e+11  9.969493e-01  6.337515e-03  4.448605e-02  3.050732e-03
 6.00000e+00 -2.06897e-01       1.599e+11  9.922912e-01  9.569093e-04  6.791610e-02  7.708787e-03
-6.00000e+00  2.06897e-01       1.488e+11  9.892514e-01 -1.379915e-02  7.538458e-02  1.074864e-02
-5.58621e+00  2.06897e-01       2.106e+11  9.949853e-01 -1.889570e-02  4.668420e-02  5.014734e-03
-5.17241e+00  2.06897e-01       2.150e+11  9.969631e-01 -1.830257e-02  3.584349e-02  3.036862e-03
-4.75862e+00  2.06897e-01       1.763e+11  9.975199e-01 -1.877349e-02  3.532095e-02  2.480085e-03
-4.34483e+00  2.06897e-01       2.270e+11  9.985250e-01 -1.270310e-02  2.604115e-02  1.475010e-03
-3.93103e+00  2.06897e-01       6.311e+11  9.995173e-01 -4.116890e-03  1.558013e-02  4.826822e-04
-3.51724e+00  2.06897e-01       1.457e+12  9.997218e-01 -1.568062e-03  1.324431e-02  2.782060e-04
-3.10345e+00  2.06897e-01       1.968e+12  9.997271e-01 -1.615116e-03  1.088853e-02  2.728723e-04
-2.68966e+00  2.06897e-01       1.835e+12  9.996921e-01 -4.842902e-03  6.956402e-03  3.078616e-04
-2.27586e+00  2.06897e-01       2.836e+12  9.997645e-01 -9.571248e-03  7.742262e-03  2.354930e-04
-1.86207e+00  2.06897e-01       8.992e+12  9.998539e-01 -8.477911e-03  9.940141e-03  1.461146e-04
-1.44828e+00  2.06897e-01       2.483e+13  9.999002e-01 -6.436014e-03  9.210164e-03  9.977722e-05
-1.03448e+00  2.06897e-01       4.749e+13  9.999358e-01 -4.789613e-03  6.986728e-03  6.422833e-05
-6.20690e-01  2.06897e-01       6.553e+13  9.999607e-01 -3.660905e-03  3.279171e-03  3.926619e-05
-2.06897e-01  2.06897e-01       7.313e+13  9.999620e-01 -3.105897e-03 -2.083754e-03  3.799525e-05
 2.06897e-01  2.06897e-01       7.313e+13  9.999258e-01 -2.884280e-03 -8.453248e-03  7.423791e-05
 6.20690e-01  2.06897e-01       6.516e+13  9.998566e-01 -2.583954e-03 -1.445590e-02  1.434060e-04
 1.03448e+00  2.06897e-01       4.635e+13  9.997710e-01 -2.060899e-03 -1.939939e-02  2.290347e-04
 1.44828e+00  2.06897e-01       2.336e+13  9.996778e-01 -1.388927e-03 -2.341913e-02  3.222092e-04
 1.86207e+00  2.06897e-01       7.806e+12  9.995723e-01 -5.889337e-04 -2.679437e-02  4.277292e-04
 2.27586e+00  2.06897e-01       2.081e+12  9.993879e-01  3.449791e-04 -3.060869e-02  6.121008e-04
 2.68966e+00  2.06897e-01       1.439e+12  9.992026e-01  1.648582e-04 -3.542475e-02  7.973711e-04
 3.10345e+00  2.06897e-01       1.881e+12  9.992460e-01  4.033193e-04 -3.597136e-02  7.539902e-04
 3.51724e+00  2.06897e-01       1.562e+12  9.992315e-01  1.582137e-03 -3.610736e-02  7.685150e-04
 3.93103e+00  2.06897e-01       7.588e+11  9.988811e-01  3.492111e-03 -3.908478e-02  1.118879e-03
 4.34483e+00  2.06897e-01       3.006e+11  9.973175e-01  2.176550e-03 -5.394843e-02  2.682518e-03
 4.75862e+00  2.06897e-01       2.199e+11  9.955502e-01 -7.503478e-03 -7.484468e-02  4.449786e-03
 5.17241e+00  2.06897e-01       2.664e+11  9.950373e-01 -8.538878e-03 -7.998864e-02  4.962666e-03
 5.58621e+00  2.06897e-01       2.524e+11  9.925006e-01 -4.517741e-03 -8.921773e-02  7.499403e-03
 6.00000e+00  2.06897e-01       1.613e+11  9.834586e-01  1.781273e-03 -1.227099e-01  1.654142e-02
-6.00000e+00  6.20690e-01       1.416e+11  9.069027e-01 -2.470353e-02  2.478981e-01  9.309727e-02
-5.58621e+00  6.20690e-01       2.086e+11  9.604088e-01 -2.260541e-02  1.525723e-01  3.959121e-02
-5.17241e+00  6.20690e-01       2.256e+11  9.775485e-01 -1.859054e-02  1.285005e-01  2.245147e-02
-4.75862e+00  6.20690e-01       1.900e+11  9.804257e-01 -2.647030e-02  1.327601e-01  1.957426e-02
-4.34483e+00  6.20690e-01       2.155e+11  9.856776e-01 -2.517242e-02  1.058524e-01  1.432240e-02
-3.93103e+00  6.20690e-01       5.614e+11  9.953840e-01 -1.061146e-02  6.630132e-02  4.616025e-03
-3.51724e+00  6.20690e-01       1.373e+12  9.977808e-01 -6.613871e-03  5.754811e-02  2.219218e-03
-3.10345e+00  6.20690e-01       1.984e+12  9.981988e-01 -6.616693e-03  5.382906e-02  1.801188e-03
-2.68966e+00  6.20690e-01       1.838e+12  9.982896e-01 -1.023748e-02  4.916870e-02  1.710353e-03
-2.27586e+00  6.20690e-01       2.208e+12  9.983174e-01 -1.607497e-02  4.621707e-02  1.682639e-03
-1.86207e+00  6.20690e-01       6.244e+12  9.987029e-01 -1.328497e-02  4.305087e-02  1.297092e-03
-1.44828e+00  6.20690e-01       1.869e+13  9.990925e-01 -8.696843e-03  3.707115e-02  9.074855e-04
-1.03448e+00  6.20690e-01       4.035e+13  9.993990e-01 -4.988476e-03  2.886325e-02  6.009987e-04
-6.20690e-01  6.20690e-01       6.239e+13  9.996408e-01 -2.312936e-03  1.745020e-02  3.591922e-04
-2.06897e-01  6.20690e-01       7.480e+13  9.997532e-01 -6.983850e-04  2.642652e-03  2.467512e-04
 2.06897e-01  6.20690e-01       7.459e+13  9.996519e-01  2.594869e-04 -1.387442e-02  3.480748e-04
 6.20690e-01  6.20690e-01       6.160e+13  9.993425e-01  1.137748e-03 -2.930637e-02  6.574602e-04
 1.03448e+00  6.20690e-01       3.897e+13  9.989120e-01  2.169154e-03 -4.213039e-02  1.087962e-03
 1.44828e+00  6.20690e-01       1.727e+13  9.984163e-01  3.322833e-03 -5.270325e-02  1.583689e-03
 1.86207e+00  6.20690e-01       5.193e+12  9.977726e-01  4.657329e-03 -6.284740e-02  2.227419e-03
 2.27586e+00  6.20690e-01       1.538e+12  9.966442e-01  5.415615e-03 -7.645385e-02  3.355751e-03
 2.68966e+00  6.20690e-01       1.498e+12  9.962994e-01  3.790952e-03 -8.189357e-02  3.700554e-03
 3.10345e+00  6.20690e-01       1.938e+12  9.965060e-01  4.388674e-03 -8.063253e-02  3.493968e-03
 3.51724e+00  6.20690e-01       1.494e+12  9.962540e-01  6.352153e-03 -8.151308e-02  3.746017e-03
 3.93103e+00  6.20690e-01       6.883e+11  9.940066e-01  8.242137e-03 -9.156292e-02  5.993432e-03
 4.34483e+00  6.20690e-01       2.860e+11  9.856281e-01 -1.630500e-03 -1.300618e-01  1.437188e-02
 4.75862e+00  6.20690e-01       2.274e+11  9.787653e-01 -2.227986e-02 -1.681489e-01  2.123475e-02
 5.17241e+00  6.20690e-01       2.658e+11  9.754500e-01 -2.075336e-02 -1.808398e-01  2.454996e-02
 5.58621e+00  6.20690e-01       2.427e+11  9.598367e-01 -1.393292e-02 -2.058553e-01  4.016333e-02
 6.00000e+00  6.20690e-01       1.523e+11  9.036388e-01 -3.232765e-03 -2.888697e-01  9.636121e-02
-6.00000e+00  1.03448e+00       1.405e+11  7.860189e-01 -1.301970e-02  3.618675e-01  2.139811e-01
-5.58621e+00  1.03448e+00       2.325e+11  8.995912e-01 -4.713780e-03  2.850825e-01  1.004088e-01
-5.17241e+00  1.03448e+00       2.696e+11  9.374544e-01 -2.647263e-02  2.514727e-01  6.254557e-02
-4.75862e+00  1.03448e+00       2.237e+11  9.463982e-01 -5.580951e-02  2.352765e-01  5.360182e-02
-4.34483e+00  1.03448e+00       1.996e+11  9.541002e-01 -5.184535e-02  1.929846e-01  4.589983e-02
-3.93103e+00  1.03448e+00       4.352e+11  9.841664e-01 -1.878920e-02  1.122395e-01  1.583360e-02
-3.51724e+00  1.03448e+00       1.173e+12  9.942112e-01 -1.120133e-02  8.963619e-02  5.788818e-03
-3.10345e+00  1.03448e+00       1.958e+12  9.958711e-01 -1.094695e-02  8.343858e-02  4.128928e-03
-2.68966e+00  1.03448e+00       1.937e+12  9.961903e-01 -1.416314e-02  7.819275e-02  3.809698e-03
-2.27586e+00  1.03448e+00       1.647e+12  9.958386e-01 -2.193333e-02  7.449699e-02  4.161405e-03
-1.86207e+00  1.03448e+00       2.790e+12  9.963198e-01 -2.224418e-02  6.723603e-02  3.680151e-03
-1.44828e+00  1.03448e+00       8.104e+12  9.978144e-01 -1.588302e-02  5.241451e-02  2.185650e-03
-1.03448e+00  1.03448e+00       2.087e+13  9.987560e-01 -9.941566e-03  3.832092e-02  1.243969e-03
-6.20690e-01  1.03448e+00       3.881e+13  9.992809e-01 -4.896088e-03  2.263307e-02  7.191022e-04
-2.06897e-01  1.03448e+00       5.198e+13  9.994957e-01 -1.114227e-03  3.876372e-03  5.042532e-04
 2.06897e-01  1.03448e+00       5.153e+13  9.993507e-01  1.408582e-03 -1.659975e-02  6.493108e-04
 6.20690e-01  1.03448e+00       3.767e+13  9.988480e-01  3.020476e-03 -3.644514e-02  1.152038e-03
 1.03448e+00  1.03448e+00       1.955e+13  9.980428e-01  4.171498e-03 -5.446887e-02  1.957216e-03
 1.44828e+00  1.03448e+00       7.022e+12  9.968007e-01  5.462149e-03 -7.230692e-02  3.199300e-03
 1.86207e+00  1.03448e+00       2.000e+12  9.943875e-01  7.684580e-03 -9.567290e-02  5.612471e-03
 2.27586e+00  1.03448e+00       1.121e+12  9.922485e-01  8.067241e-03 -1.145078e-01  7.751475e-03
 2.68966e+00  1.03448e+00       1.695e+12  9.931582e-01  7.396380e-03 -1.110767e-01  6.841771e-03
 3.10345e+00  1.03448e+00       1.975e+12  9.934479e-01  9.121898e-03 -1.096432e-01  6.552095e-03
 3.51724e+00  1.03448e+00       1.312e+12  9.921870e-01  1.211059e-02 -1.138341e-01  7.813007e-03
 3.93103e+00  1.03448e+00       5.571e+11  9.841924e-01  1.270943e-02 -1.394839e-01  1.580763e-02
 4.34483e+00  1.03448e+00       2.705e+11  9.621957e-01 -1.412289e-02 -2.116053e-01  3.780430e-02
 4.75862e+00  1.03448e+00       2.677e+11  9.520524e-01 -4.398784e-02 -2.532078e-01  4.794764e-02
 5.17241e+00  1.03448e+00       3.027e+11  9.426197e-01 -3.883469e-02 -2.727191e-01  5.738032e-02
 5.58621e+00  1.03448e+00       2.602e+11  9.061530e-01 -3.740376e-02 -3.191828e-01  9.384702e-02
 6.00000e+00  1.03448e+00       1.749e+11  8.070137e-01 -5.186333e-02 -4.266502e-01  1.929863e-01
-6.00000e+00  1.44828e+00       1.895e+11  5.952494e-01  6.254696e-02  5.295630e-01  4.047506e-01
-5.58621e+00  1.44828e+00       2.637e+11  7.717442e-01 -4.255571e-02  4.094501e-01  2.282558e-01
-5.17241e+00  1.44828e+00       2.939e+11  8.687773e-01 -6.925956e-02  3.182597e-01  1.312227e-01
-4.75862e+00  1.44828e+00       2.455e+11  9.071729e-01 -6.876367e-02  2.820926e-01  9.282707e-02
-4.34483e+00  1.44828e+00       1.949e+11  9.120514e-01 -5.903256e-02  2.709934e-01  8.794863e-02
-3.93103e+00  1.44828e+00       2.975e+11  9.564530e-01 -2.882464e-02  1.655188e-01  4.354697e-02
-3.51724e+00  1.44828e+00       8.431e+11  9.887296e-01 -1.493202e-02  1.038303e-01  1.127037e-02
-3.10345e+00  1.44828e+00       1.753e+12  9.945242e-01 -1.417078e-02  9.046034e-02  5.475771e-03
-2.68966e+00  1.44828e+00       2.107e+12  9.955434e-01 -1.682214e-02  8.327632e-02  4.456582e-03
-2.27586e+00  1.44828e+00       1.653e+12  9.951339e-01 -2.454185e-02  7.885300e-02  4.866106e-03
-1.86207e+00  1.44828e+00       1.416e+12  9.931881e-01 -3.155415e-02  8.441445e-02  6.811868e-03
-1.44828e+00  1.44828e+00       1.905e+12  9.931565e-01 -2.562293e-02  7.846317e-02  6.843526e-03
-1.03448e+00  1.44828e+00       3.267e+12  9.959145e-01 -2.342270e-02  4.429391e-02  4.085521e-03
-6.20690e-01  1.44828e+00       5.905e+12  9.981575e-01 -2.409379e-02  1.298428e-02  1.842491e-03
-2.06897e-01  1.44828e+00       8.477e+12  9.988861e-01 -2.146822e-02 -6.956457e-03  1.113862e-03
 2.06897e-01  1.44828e+00       8.281e+12  9.987380e-01 -1.744797e-02 -2.481503e-02  1.262000e-03
 6.20690e-01  1.44828e+00       5.428e+12  9.977481e-01 -1.237956e-02 -4.635104e-02  2.251942e-03
 1.03448e+00  1.44828e+00       2.661e+12  9.950870e-01 -3.853791e-03 -7.835580e-02  4.913033e-03
 1.44828e+00  1.44828e+00       1.261e+12  9.904103e-01  6.086278e-03 -1.180019e-01  9.589661e-03
 1.86207e+00  1.44828e+00       8.603e+11  9.880091e-01  9.465913e-03 -1.332575e-01  1.199094e-02
 2.27586e+00  1.44828e+00       1.301e+12  9.910769e-01  8.877970e-03 -1.188855e-01  8.923088e-03
 2.68966e+00  1.44828e+00       2.010e+12  9.926523e-01  1.020442e-02 -1.130250e-01  7.347697e-03
 3.10345e+00  1.44828e+00       1.855e+12  9.923397e-01  1.299086e-02 -1.144204e-01  7.660271e-03
 3.51724e+00  1.44828e+00       9.950e+11  9.877300e-01  1.682617e-02 -1.281627e-01  1.227003e-02
 3.93103e+00  1.44828e+00       4.046e+11  9.653279e-01  1.248700e-02 -1.887220e-01  3.467207e-02
 4.34483e+00  1.44828e+00       2.554e+11  9.301913e-01 -2.678646e-02 -2.890962e-01  6.980874e-02
 4.75862e+00  1.44828e+00       3.063e+11  9.190383e-01 -4.883514e-02 -3.312173e-01  8.096170e-02
 5.17241e+00  1.44828e+00       3.615e+11  8.901321e-01 -4.152324e-02 -3.713861e-01  1.098679e-01
 5.58621e+00  1.44828e+00       3.128e+11  8.098702e-01 -2.868765e-02 -4.604452e-01  1.901298e-01
 6.00000e+00  1.44828e+00       2.224e+11  6.689781e-01 -1.380237e-02 -5.880801e-01  3.310219e-01
-6.00000e+00  1.86207e+00       1.914e+11  3.624883e-01 -2.661940e-02  6.836757e-01  6.375117e-01
-5.58621e+00  1.86207e+00       2.622e+11  6.828108e-01 -1.996907e-02  5.028571e-01  3.171892e-01
-5.17241e+00  1.86207e+00       3.393e+11  8.248490e-01 -3.948799e-02  4.009002e-01  1.751510e-01
-4.75862e+00  1.86207e+00       3.169e+11  8.765926e-01 -6.878392e-02  3.519562e-01  1.234074e-01
-4.34483e+00  1.86207e+00       2.354e+11  8.779400e-01 -8.221645e-02  3.390189e-01  1.220600e-01
-3.93103e+00  1.86207e+00       2.129e+11  8.953854e-01 -5.237015e-02  2.614383e-01  1.046146e-01
-3.51724e+00  1.86207e+00       4.667e+11  9.708942e-01 -1.810176e-02  1.106247e-01  2.910576e-02
-3.10345e+00  1.86207e+00       1.237e+12  9.935974e-01 -1.533419e-02  6.776032e-02  6.402567e-03
-2.68966e+00  1.86207e+00       2.054e+12  9.969029e-01 -1.841493e-02  5.432589e-02  3.097069e-03
-2.27586e+00  1.86207e+00       1.979e+12  9.971027e-01 -2.479209e-02  4.500086e-02  2.897330e-03
-1.86207e+00  1.86207e+00       1.348e+12  9.952701e-01 -3.807707e-02  4.191652e-02  4.729944e-03
-1.44828e+00  1.86207e+00       1.213e+12  9.928241e-01 -4.827350e-02  5.340651e-02  7.175896e-03
-1.03448e+00  1.86207e+00       1.725e+12  9.939415e-01 -3.483061e-02  6.035690e-02  6.058545e-03
-6.20690e-01  1.86207e+00       2.295e+12  9.959137e-01 -1.161792e-02  5.005053e-02  4.086294e-03
-2.06897e-01  1.86207e+00       2.486e+12  9.971849e-01  8.387566e-03  2.101219e-02  2.815089e-03
 2.06897e-01  1.86207e+00       2.344e+12  9.970639e-01  1.488508e-02 -2.127659e-02  2.936103e-03
 6.20690e-01  1.86207e+00       1.906e+12  9.951569e-01  7.608895e-03 -6.185676e-02  4.843150e-03
 1.03448e+00  1.86207e+00       1.225e+12  9.912626e-01 -2.947926e-03 -9.360748e-02  8.737400e-03
 1.44828e+00  1.86207e+00       7.552e+11  9.869405e-01 -2.915991e-03 -1.097231e-01  1.305955e-02
 1.86207e+00  1.86207e+00       1.017e+12  9.912744e-01  7.044658e-03 -8.906423e-02  8.725607e-03
 2.27586e+00  1.86207e+00       1.841e+12  9.950072e-01  1.107516e-02 -7.744728e-02  4.992813e-03
 2.68966e+00  1.86207e+00       2.120e+12  9.955094e-01  1.454557e-02 -7.828521e-02  4.490647e-03
 3.10345e+00  1.86207e+00       1.398e+12  9.928548e-01  1.885744e-02 -8.929402e-02  7.145165e-03
 3.51724e+00  1.86207e+00       6.090e+11  9.765843e-01  2.189775e-02 -1.370326e-01  2.341573e-02
 3.93103e+00  1.86207e+00       3.000e+11  9.292337e-01 -4.487476e-03 -2.637807e-01  7.076628e-02
 4.34483e+00  1.86207e+00       2.925e+11  9.051321e-01 -5.362212e-02 -3.449974e-01  9.486791e-02
 4.75862e+00  1.86207e+00       3.749e+11  8.983721e-01 -5.790743e-02 -3.697200e-01  1.016279e-01
 5.17241e+00  1.86207e+00       3.829e+11  8.551040e-01 -4.731745e-02 -4.140317e-01  1.448960e-01
 5.58621e+00  1.86207e+00       2.913e+11  7.268380e-01 -4.954733e-02 -5.172919e-01  2.731620e-01
 6.00000e+00  1.86207e+00       2.158e+11  4.444530e-01 -4.436229e-02 -6.907755e-01  5.555470e-01
-6.00000e+00  2.27586e+00       2.812e+11  2.465757e-01  1.341370e-01  7.826502e-01  7.534243e-01
-5.58621e+00  2.27586e+00       2.913e+11  5.156685e-01  3.814870e-02  6.175832e-01  4.843315e-01
-5.17241e+00  2.27586e+00       3.614e+11  7.427912e-01 -2.193255e-02  4.539251e-01  2.572088e-01
-4.75862e+00  2.27586e+00       3.755e+11  8.513298e-01 -4.832208e-02  3.714830e-01  1.486702e-01
-4.34483e+00  2.27586e+00       3.046e+11  8.746095e-01 -7.166875e-02  3.538393e-01  1.253905e-01
-3.93103e+00  2.27586e+00       2.219e+11  8.519758e-01 -7.070205e-02  3.504262e-01  1.480242e-01
-3.51724e+00  2.27586e+00       2.313e+11  8.979031e-01 -2.963081e-02  1.922987e-01  1.020969e-01
-3.10345e+00  2.27586e+00       5.668e+11  9.792374e-01 -9.511017e-03  2.379190e-02  2.076256e-02
-2.68966e+00  2.27586e+00       1.388e+12  9.952649e-01 -1.452975e-02 -1.957650e-02  4.735126e-03
-2.27586e+00  2.27586e+00       2.077e+12  9.962337e-01 -2.203563e-02 -3.997403e-02  3.766314e-03
-1.86207e+00  2.27586e+00       1.830e+12  9.944486e-01 -3.376766e-02 -5.476119e-02  5.551441e-03
-1.44828e+00  2.27586e+00       1.114e+12  9.904660e-01 -4.995821e-02 -5.351424e-02  9.533979e-03
-1.03448e+00  2.27586e+00       6.707e+11  9.843484e-01 -4.906698e-02 -2.560492e-02  1.565159e-02
-6.20690e-01  2.27586e+00       4.704e+11  9.754216e-01 -2.107420e-02 -1.942898e-02  2.457844e-02
-2.06897e-01  2.27586e+00       3.617e+11  9.637119e-01  2.930112e-03 -6.038047e-02  3.628810e-02
 2.06897e-01  2.27586e+00       3.203e+11  9.584892e-01  2.133610e-02 -1.030934e-01  4.151083e-02
 6.20690e-01  2.27586e+00       3.308e+11  9.629861e-01  2.907076e-02 -1.149010e-01  3.701386e-02
 1.03448e+00  2.27586e+00       4.381e+11  9.743261e-01  1.085420e-02 -6.860458e-02  2.567388e-02
 1.44828e+00  2.27586e+00       8.922e+11  9.889677e-01  3.860333e-03  1.807310e-03  1.103232e-02
 1.86207e+00  2.27586e+00       1.741e+12  9.955983e-01  1.003616e-02  2.211738e-02  4.401652e-03
 2.27586e+00  2.27586e+00       2.147e+12  9.973105e-01  1.562725e-02  1.767524e-02  2.689534e-03
 2.68966e+00  2.27586e+00       1.546e+12  9.961398e-01  2.065143e-02  8.243836e-04  3.860246e-03
 3.10345e+00  2.27586e+00       7.229e+11  9.847015e-01  2.708561e-02 -5.010171e-02  1.529845e-02
 3.51724e+00  2.27586e+00       3.407e+11  9.394673e-01  1.698458e-02 -1.952154e-01  6.053275e-02
 3.93103e+00  2.27586e+00       2.835e+11  8.994995e-01 -3.628054e-02 -3.239853e-01  1.005005e-01
 4.34483e+00  2.27586e+00       3.603e+11  9.001216e-01 -6.143268e-02 -3.569172e-01  9.987838e-02
 4.75862e+00  2.27586e+00       4.376e+11  8.808142e-01 -4.863988e-02 -3.895018e-01  1.191858e-01
 5.17241e+00  2.27586e+00       3.975e+11  7.928774e-01 -3.241472e-02 -4.671186e-01  2.071226e-01
 5.58621e+00  2.27586e+00       2.937e+11  5.893676e-01 -1.101743e-02 -6.205239e-01  4.106324e-01
 6.00000e+00  2.27586e+00       2.414e+11  2.811459e-01  1.792940e-02 -7.689750e-01  7.188541e-01
-6.00000e+00  2.68966e+00       3.031e+11  1.283185e-01  1.413757e-01  7.740698e-01  8.716815e-01
-5.58621e+00  2.68966e+00       2.994e+11  3.802957e-01  7.760836e-02  6.880962e-01  6.197043e-01
-5.17241e+00  2.68966e+00       3.820e+11  6.360521e-01 -1.075479e-02  5.318568e-01  3.639479e-01
-4.75862e+00  2.68966e+00       4.423e+11  8.037533e-01 -4.382664e-02  4.037153e-01  1.962467e-01
-4.34483e+00  2.68966e+00       3.995e+11  8.751986e-01 -6.525853e-02  3.427489e-01  1.248014e-01
-3.93103e+00  2.68966e+00       3.022e+11  8.706648e-01 -7.524128e-02  3.453258e-01  1.293352e-01
-3.51724e+00  2.68966e+00       2.144e+11  8.340301e-01 -5.779239e-02  3.330349e-01  1.659699e-01
-3.10345e+00  2.68966e+00       2.017e+11  8.790615e-01 -5.453795e-03  1.180175e-01  1.209385e-01
-2.68966e+00  2.68966e+00       4.394e+11  9.616571e-01  1.043289e-02 -1.169233e-01  3.834294e-02
-2.27586e+00  2.68966e+00       1.082e+12  9.713465e-01 -4.972154e-03 -1.923914e-01  2.865355e-02
-1.86207e+00  2.68966e+00       1.747e+12  9.626136e-01 -2.121812e-02 -2.355787e-01  3.738637e-02
-1.44828e+00  2.68966e+00       1.675e+12  9.479143e-01 -4.326814e-02 -2.738674e-01  5.208572e-02
-1.03448e+00  2.68966e+00       9.832e+11  9.241510e-01 -7.475634e-02 -3.098350e-01  7.584903e-02
-6.20690e-01  2.68966e+00       4.379e+11  8.856886e-01 -1.106871e-01 -3.356315e-01  1.143114e-01
-2.06897e-01  2.68966e+00       2.478e+11  8.507287e-01 -1.227777e-01 -3.079135e-01  1.492713e-01
 2.06897e-01  2.68966e+00       2.392e+11  8.574286e-01 -8.458246e-02 -1.113724e-01  1.425714e-01
 6.20690e-01  2.68966e+00       4.367e+11  9.091334e-01 -2.987207e-02  1.755534e-01  9.086662e-02
 1.03448e+00  2.68966e+00       1.006e+12  9.430074e-01 -4.676546e-03  2.626219e-01  5.699256e-02
 1.44828e+00  2.68966e+00       1.720e+12  9.582052e-01  9.995852e-03  2.536540e-01  4.179479e-02
 1.86207e+00  2.68966e+00       1.843e+12  9.678976e-01  1.943593e-02  2.221236e-01  3.210239e-02
 2.27586e+00  2.68966e+00       1.225e+12  9.747553e-01  2.592872e-02  1.758564e-01  2.524470e-02
 2.68966e+00  2.68966e+00       5.836e+11  9.719518e-01  3.557326e-02  8.136894e-02  2.804819e-02
 3.10345e+00  2.68966e+00       3.181e+11  9.366090e-01  3.276041e-02 -1.238523e-01  6.339102e-02
 3.51724e+00  2.68966e+00       2.822e+11  8.998015e-01 -1.673206e-02 -2.828311e-01  1.001985e-01
 3.93103e+00  2.68966e+00       3.495e+11  9.033497e-01 -5.906250e-02 -3.222569e-01  9.665026e-02
 4.34483e+00  2.68966e+00       4.731e+11  9.021376e-01 -5.664105e-02 -3.520451e-01  9.786241e-02
 4.75862e+00  2.68966e+00       5.096e+11  8.498238e-01 -4.119028e-02 -4.148662e-01  1.501762e-01
 5.17241e+00  2.68966e+00       4.242e+11  7.088894e-01 -2.796278e-02 -5.480555e-01  2.911106e-01
 5.58621e+00  2.68966e+00       3.344e+11  5.066169e-01 -5.021136e-03 -7.161521e-01  4.933831e-01
 6.00000e+00  2.68966e+00       3.213e+11  2.657300e-01  1.368897e-02 -8.070100e-01  7.342700e-01
-6.00000e+00  3.10345e+00       5.033e+11  6.364032e-02  4.860490e-02  8.812441e-01  9.363597e-01
-5.58621e+00  3.10345e+00       3.675e+11  2.575539e-01  6.323629e-02  8.133308e-01  7.424461e-01
-5.17241e+00  3.10345e+00       3.898e+11  5.192541e-01  5.123622e-05  6.447276e-01  4.807459e-01
-4.75862e+00  3.10345e+00       4.879e+11  7.359970e-01 -4.347359e-02  4.620501e-01  2.640030e-01
-4.34483e+00  3.10345e+00       5.048e+11  8.575552e-01 -6.081407e-02  3.376512e-01  1.424448e-01
-3.93103e+00  3.10345e+00       4.195e+11  9.023858e-01 -7.202133e-02  2.874550e-01  9.761422e-02
-3.51724e+00  3.10345e+00       3.135e+11  8.793770e-01 -6.697433e-02  3.060815e-01  1.206230e-01
-3.10345e+00  3.10345e+00       2.150e+11  8.245553e-01 -4.445308e-02  3.001210e-01  1.754447e-01
-2.68966e+00  3.10345e+00       1.491e+11  8.132329e-01  2.574632e-02  1.099548e-01  1.867671e-01
-2.27586e+00  3.10345e+00       1.754e+11  8.636606e-01  8.939559e-02 -2.436517e-01  1.363394e-01
-1.86207e+00  3.10345e+00       3.513e+11  8.331063e-01  7.068240e-02 -4.593813e-01  1.668937e-01
-1.44828e+00  3.10345e+00       6.723e+11  7.406882e-01  5.859538e-02 -5.874732e-01  2.593118e-01
-1.03448e+00  3.10345e+00       9.310e+11  5.996450e-01  4.763017e-02 -6.778991e-01  4.003550e-01
-6.20690e-01  3.10345e+00       9.019e+11  3.704657e-01  2.171602e-02 -6.805988e-01  6.295343e-01
-2.06897e-01  3.10345e+00       7.272e+11  7.541072e-02 -8.601575e-03 -3.658993e-01  9.245893e-01
 2.06897e-01  3.10345e+00       7.183e+11  6.258868e-02  1.194889e-02  3.151147e-01  9.374113e-01
 6.20690e-01  3.10345e+00       8.967e+11  3.595261e-01  5.326456e-02  6.656524e-01  6.404739e-01
 1.03448e+00  3.10345e+00       9.663e+11  5.995515e-01  6.156790e-02  6.695285e-01  4.004485e-01
 1.44828e+00  3.10345e+00       7.548e+11  7.495675e-01  5.264241e-02  5.652845e-01  2.504325e-01
 1.86207e+00  3.10345e+00       4.579e+11  8.533101e-01  5.206996e-02  4.090760e-01  1.466899e-01
 2.27586e+00  3.10345e+00       2.877e+11  9.132161e-01  6.876425e-02  1.825148e-01  8.678387e-02
 2.68966e+00  3.10345e+00       2.556e+11  9.173898e-01  5.156620e-02 -8.168648e-02  8.261016e-02
 3.10345e+00  3.10345e+00       2.796e+11  9.048032e-01 -6.334711e-03 -2.184989e-01  9.519685e-02
 3.51724e+00  3.10345e+00       3.429e+11  9.141731e-01 -5.404044e-02 -2.482260e-01  8.582693e-02
 3.93103e+00  3.10345e+00       4.889e+11  9.255231e-01 -5.926352e-02 -2.805391e-01  7.447692e-02
 4.34483e+00  3.10345e+00       5.977e+11  8.979411e-01 -4.765236e-02 -3.400662e-01  1.020589e-01
 4.75862e+00  3.10345e+00       5.437e+11  8.006505e-01 -4.213870e-02 -4.522218e-01  1.993495e-01
 5.17241e+00  3.10345e+00       4.257e+11  6.172663e-01 -3.692365e-02 -6.314053e-01  3.827337e-01
 5.58621e+00  3.10345e+00       3.737e+11  3.812799e-01 -1.424191e-02 -7.880857e-01  6.187201e-01
 6.00000e+00  3.10345e+00       4.727e+11  9.450486e-02 -8.220961e-03 -8.724278e-01  9.054951e-01
-6.00000e+00  3.51724e+00       7.545e+11  6.568334e-02  2.642456e-02  9.083773e-01  9.343167e-01
-5.58621e+00  3.51724e+00       5.047e+11  2.162045e-01  7.210464e-02  8.641389e-01  7.837955e-01
-5.17241e+00  3.51724e+00       4.050e+11  4.012840e-01  5.034424e-02  7.578120e-01  5.987160e-01
-4.75862e+00  3.51724e+00       4.721e+11  6.380663e-01 -1.950670e-02  5.524278e-01  3.619337e-01
-4.34483e+00  3.51724e+00       5.688e+11  8.135190e-01 -4.995773e-02  3.603135e-01  1.864810e-01
-3.93103e+00  3.51724e+00       5.513e+11  9.069647e-01 -6.400810e-02  2.339952e-01  9.303528e-02
-3.51724e+00  3.51724e+00       4.478e+11  9.359599e-01 -6.991299e-02  1.895902e-01  6.404012e-02
-3.10345e+00  3.51724e+00       3.430e+11  9.058044e-01 -5.498638e-02  2.209458e-01  9.419560e-02
-2.68966e+00  3.51724e+00       2.393e+11  8.339037e-01 -3.793436e-02  2.414990e-01  1.660963e-01
-2.27586e+00  3.51724e+00       1.442e+11  7.479556e-01  2.743336e-02  1.307416e-01  2.520444e-01
-1.86207e+00  3.51724e+00       9.546e+10  6.881946e-01  2.133535e-01 -1.877606e-01  3.118054e-01
-1.44828e+00  3.51724e+00       8.703e+10  6.205480e-01  3.110267e-01 -4.846067e-01  3.794520e-01
-1.03448e+00  3.51724e+00       8.266e+10  4.552827e-01  3.118083e-01 -5.912229e-01  5.447173e-01
-6.20690e-01  3.51724e+00       7.029e+10  2.201945e-01  3.442340e-01 -4.483503e-01  7.798055e-01
-2.06897e-01  3.51724e+00       6.747e+10  1.406018e-01  3.762399e-01  2.889985e-02  8.593982e-01
 2.06897e-01  3.51724e+00       8.658e+10  3.256100e-01  3.275651e-01  4.676230e-01  6.743900e-01
 6.20690e-01  3.51724e+00       1.171e+11  5.011821e-01  2.468940e-01  6.360499e-01  4.988179e-01
 1.03448e+00  3.51724e+00       1.347e+11  5.980238e-01  1.889473e-01  6.425212e-01  4.019762e-01
 1.44828e+00  3.51724e+00       1.400e+11  7.003763e-01  1.741818e-01  4.846126e-01  2.996237e-01
 1.86207e+00  3.51724e+00       1.719e+11  8.347311e-01  1.417281e-01  1.751979e-01  1.652689e-01
 2.27586e+00  3.51724e+00       2.368e+11  9.003292e-01  6.014686e-02 -4.587395e-02  9.967078e-02
 2.68966e+00  3.51724e+00       2.824e+11  9.074670e-01 -9.137730e-03 -1.195471e-01  9.253302e-02
 3.10345e+00  3.51724e+00       3.396e+11  9.234035e-01 -5.121507e-02 -1.262770e-01  7.659647e-02
 3.51724e+00  3.51724e+00       5.025e+11  9.492196e-01 -5.689076e-02 -1.641311e-01  5.078045e-02
 3.93103e+00  3.51724e+00       6.594e+11  9.397265e-01 -4.712334e-02 -2.292281e-01  6.027350e-02
 4.34483e+00  3.51724e+00       6.349e+11  8.718197e-01 -4.270390e-02 -3.369908e-01  1.281803e-01
 4.75862e+00  3.51724e+00       5.076e+11  7.210902e-01 -4.211317e-02 -5.256544e-01  2.789098e-01
 5.17241e+00  3.51724e+00       4.249e+11  5.309017e-01 -2.249607e-02 -7.175855e-01  4.690983e-01
 5.58621e+00  3.51724e+00       4.673e+11  3.014365e-01 -2.177120e-03 -8.347437e-01  6.985635e-01
 6.00000e+00  3.51724e+00       7.126e+11  5.952202e-02 -1.381075e-02 -9.089122e-01  9.404780e-01
-6.00000e+00  3.93103e+00       1.110e+12  9.812215e-02  3.881401e-03  9.320446e-01  9.018779e-01
-5.58621e+00  3.93103e+00       7.770e+11  2.304404e-01  4.601606e-02  8.864428e-01  7.695596e-01
-5.17241e+00  3.93103e+00       5.169e+11  3.600073e-01  8.203367e-02  8.268209e-01  6.399927e-01
-4.75862e+00  3.93103e+00       4.435e+11  5.242794e-01  3.410398e-02  6.873864e-01  4.757206e-01
-4.34483e+00  3.93103e+00       5.347e+11  7.273922e-01 -3.098684e-02  4.483903e-01  2.726078e-01
-3.93103e+00  3.93103e+00       6.284e+11  8.688555e-01 -5.348260e-02  2.329579e-01  1.311445e-01
-3.51724e+00  3.93103e+00       5.962e+11  9.400185e-01 -6.524582e-02  8.725395e-02  5.998146e-02
-3.10345e+00  3.93103e+00       4.851e+11  9.629168e-01 -6.847112e-02  2.465306e-02  3.708322e-02
-2.68966e+00  3.93103e+00       3.877e+11  9.434144e-01 -4.043179e-02  5.351121e-02  5.658555e-02
-2.27586e+00  3.93103e+00       3.010e+11  8.763989e-01 -2.571825e-02  1.196429e-01  1.236011e-01
-1.86207e+00  3.93103e+00       1.971e+11  7.505279e-01 -4.106614e-02  1.502678e-01  2.494721e-01
-1.44828e+00  3.93103e+00       1.121e+11  5.408391e-01  8.740242e-02  8.325881e-02  4.591609e-01
-1.03448e+00  3.93103e+00       7.327e+10  3.192381e-01  4.933705e-01 -7.521502e-02  6.807619e-01
-6.20690e-01  3.93103e+00       5.909e+10  2.153419e-01  7.907338e-01 -1.211363e-01  7.846581e-01
-2.06897e-01  3.93103e+00       5.398e+10  2.147240e-01  8.416612e-01  5.271744e-02  7.852760e-01
 2.06897e-01  3.93103e+00       6.035e+10  3.028351e-01  7.523739e-01  3.148213e-01  6.971649e-01
 6.20690e-01  3.93103e+00       8.263e+10  4.769842e-01  5.723105e-01  4.240257e-01  5.230158e-01
 1.03448e+00  3.93103e+00       1.303e+11  7.037402e-01  3.169504e-01  3.178856e-01  2.962598e-01
 1.44828e+00  3.93103e+00       2.066e+11  8.527604e-01  1.040758e-01  1.568784e-01  1.472396e-01
 1.86207e+00  3.93103e+00       2.643e+11  8.850984e-01  2.256420e-03  6.498725e-02  1.149016e-01
 2.27586e+00  3.93103e+00       2.712e+11  8.690658e-01 -3.064634e-02  5.507302e-02  1.309342e-01
 2.68966e+00  3.93103e+00       3.347e+11  9.059447e-01 -4.675119e-02  6.326924e-02  9.405530e-02
 3.10345e+00  3.93103e+00       5.380e+11  9.599227e-01 -5.042778e-02  2.908109e-03  4.007733e-02
 3.51724e+00  3.93103e+00       7.197e+11  9.669121e-01 -4.455122e-02 -7.687076e-02  3.308786e-02
 3.93103e+00  3.93103e+00       6.963e+11  9.209706e-01 -4.379112e-02 -1.944988e-01  7.902945e-02
 4.34483e+00  3.93103e+00       5.610e+11  7.996428e-01 -4.808344e-02 -4.035593e-01  2.003572e-01
 4.75862e+00  3.93103e+00       4.689e+11  6.430079e-01 -3.250042e-02 -6.284873e-01  3.569921e-01
 5.17241e+00  3.93103e+00       4.773e+11  4.747463e-01 -2.377191e-03 -7.674948e-01  5.252537e-01
 5.58621e+00  3.93103e+00       6.837e+11  2.472426e-01 -7.910786e-03 -8.730507e-01  7.527574e-01
 6.00000e+00  3.93103e+00       1.091e+12  7.558826e-02 -1.833613e-02 -9.398485e-01  9.244117e-01
-6.00000e+00  4.34483e+00       1.495e+12  1.550079e-01 -8.762165e-03  9.461425e-01  8.449921e-01
-5.58621e+00  4.34483e+00       1.185e+12  2.677461e-01  1.400213e-02  8.977615e-01  7.322539e-01
-5.17241e+00  4.34483e+00       8.069e+11  3.918864e-01  6.137131e-02  8.356545e-01  6.081136e-01
-4.75862e+00  4.34483e+00       5.309e+11  4.931288e-01  8.872282e-02  7.673674e-01  5.068712e-01
-4.34483e+00  4.34483e+00       4.594e+11  6.210604e-01  2.805179e-02  6.141388e-01  3.789396e-01
-3.93103e+00  4.34483e+00       5.522e+11  7.826264e-01 -3.669715e-02  3.423273e-01  2.173736e-01
-3.51724e+00  4.34483e+00       6.528e+11  8.909699e-01 -5.615500e-02  8.271528e-02  1.090301e-01
-3.10345e+00  4.34483e+00       6.352e+11  9.346960e-01 -6.481686e-02 -1.051945e-01  6.530405e-02
-2.68966e+00  4.34483e+00       5.239e+11  9.406931e-01 -7.634081e-02 -2.210131e-01  5.930686e-02
-2.27586e+00  4.34483e+00       4.137e+11  9.320855e-01 -4.996070e-02 -2.559242e-01  6.791451e-02
-1.86207e+00  4.34483e+00       3.528e+11  9.117750e-01  2.508101e-02 -2.135559e-01  8.822501e-02
-1.44828e+00  4.34483e+00       3.263e+11  8.720906e-01  4.204669e-02 -1.020539e-01  1.279094e-01
-1.03448e+00  4.34483e+00       2.807e+11  7.781264e-01 -4.344239e-02  8.608039e-02  2.218736e-01
-6.20690e-01  4.34483e+00       2.233e+11  6.038319e-01 -1.556845e-01  3.414118e-01  3.961681e-01
-2.06897e-01  4.34483e+00       2.040e+11  4.964239e-01 -1.905508e-01  5.283720e-01  5.035761e-01
 2.06897e-01  4.34483e+00       2.265e+11  5.759885e-01 -1.685727e-01  5.127603e-01  4.240115e-01
 6.20690e-01  4.34483e+00       2.493e+11  6.791980e-01 -1.458785e-01  3.604034e-01  3.208020e-01
 1.03448e+00  4.34483e+00       2.334e+11  6.811573e-01 -9.003392e-02  1.874459e-01  3.188427e-01
 1.44828e+00  4.34483e+00       1.963e+11  6.016194e-01  1.191754e-02  1.484291e-01  3.983806e-01
 1.86207e+00  4.34483e+00       2.167e+11  6.631606e-01  2.639144e-02  2.972457e-01  3.368394e-01
 2.27586e+00  4.34483e+00       3.730e+11  8.450969e-01 -3.214133e-02  3.157390e-01  1.549031e-01
 2.68966e+00  4.34483e+00       6.218e+11  9.349321e-01 -4.478290e-02  2.267580e-01  6.506786e-02
 3.10345e+00  4.34483e+00       7.631e+11  9.598739e-01 -4.327187e-02  1.262543e-01  4.012611e-02
 3.51724e+00  4.34483e+00       6.946e+11  9.347853e-01 -4.855255e-02 -2.261967e-02  6.521472e-02
 3.93103e+00  4.34483e+00       5.593e+11  8.435372e-01 -5.767019e-02 -2.776204e-01  1.564628e-01
 4.34483e+00  4.34483e+00       4.847e+11  7.272861e-01 -4.056464e-02 -5.319707e-01  2.727139e-01
 4.75862e+00  4.34483e+00       4.884e+11  6.146205e-01 -2.512589e-03 -6.753818e-01  3.853795e-01
 5.17241e+00  4.34483e+00       6.614e+11  4.275466e-01 -2.789388e-03 -8.011120e-01  5.724534e-01
 5.58621e+00  4.34483e+00       1.093e+12  2.460598e-01 -1.767301e-02 -9.054139e-01  7.539402e-01
 6.00000e+00  4.34483e+00       1.546e+12  1.358914e-01 -1.406076e-02 -9.554773e-01  8.641086e-01
-6.00000e+00  4.75862e+00       1.785e+12  2.292322e-01 -1.169196e-02  9.466966e-01  7.707678e-01
-5.58621e+00  4.75862e+00       1.632e+12  3.219675e-01 -5.349521e-03  9.013318e-01  6.780325e-01
-5.17241e+00  4.75862e+00       1.269e+12  4.359654e-01  2.195949e-02  8.307679e-01  5.640346e-01
-4.75862e+00  4.75862e+00       8.582e+11  5.465838e-01  7.214057e-02  7.514929e-01  4.534162e-01
-4.34483e+00  4.75862e+00       5.471e+11  6.185598e-01  1.003371e-01  6.826127e-01  3.814402e-01
-3.93103e+00  4.75862e+00       4.420e+11  6.960887e-01  3.897564e-02  5.524234e-01  3.039113e-01
-3.51724e+00  4.75862e+00       5.028e+11  8.007643e-01 -3.602490e-02  2.710185e-01  1.992357e-01
-3.10345e+00  4.75862e+00       6.046e+11  8.628910e-01 -6.260697e-02 -5.876212e-02  1.371090e-01
-2.68966e+00  4.75862e+00       6.338e+11  8.583831e-01 -6.346353e-02 -3.179013e-01  1.416169e-01
-2.27586e+00  4.75862e+00       5.584e+11  7.998713e-01 -7.504022e-02 -5.061071e-01  2.001287e-01
-1.86207e+00  4.75862e+00       4.440e+11  7.134884e-01 -9.538338e-02 -6.426298e-01  2.865116e-01
-1.44828e+00  4.75862e+00       3.426e+11  6.235073e-01 -7.780882e-02 -7.338774e-01  3.764927e-01
-1.03448e+00  4.75862e+00       2.688e+11  5.543627e-01 -4.506490e-02 -7.763906e-01  4.456373e-01
-6.20690e-01  4.75862e+00       1.983e+11  5.095398e-01 -6.428469e-02 -7.490284e-01  4.904602e-01
-2.06897e-01  4.75862e+00       1.319e+11  4.120331e-01 -1.346072e-01 -6.244720e-01  5.879669e-01
 2.06897e-01  4.75862e+00       9.965e+10  1.164276e-01 -1.870625e-01 -3.396360e-01  8.835724e-01
 6.20690e-01  4.75862e+00       1.112e+11 -1.557519e-01 -1.226162e-01  1.245435e-01  8.442481e-01
 1.03448e+00  4.75862e+00       1.746e+11  5.374924e-02 -3.852934e-02  5.378227e-01  9.462508e-01
 1.44828e+00  4.75862e+00       3.174e+11  4.468246e-01 -3.366237e-02  6.723732e-01  5.531754e-01
 1.86207e+00  4.75862e+00       5.269e+11  6.890626e-01 -4.646844e-02  6.188032e-01  3.109374e-01
 2.27586e+00  4.75862e+00       6.924e+11  8.138309e-01 -4.744545e-02  5.071611e-01  1.861691e-01
 2.68966e+00  4.75862e+00       6.993e+11  8.783041e-01 -5.114191e-02  3.696377e-01  1.216959e-01
 3.10345e+00  4.75862e+00       5.854e+11  8.906415e-01 -6.627354e-02  1.486595e-01  1.093585e-01
 3.51724e+00  4.75862e+00       4.925e+11  8.484205e-01 -7.582921e-02 -1.812215e-01  1.515795e-01
 3.93103e+00  4.75862e+00       4.661e+11  7.909803e-01 -4.347259e-02 -4.351958e-01  2.090197e-01
 4.34483e+00  4.75862e+00       4.890e+11  7.293122e-01  3.424148e-03 -5.569804e-01  2.706878e-01
 4.75862e+00  4.75862e+00       6.504e+11  5.861770e-01  9.862624e-04 -6.948010e-01  4.138230e-01
 5.17241e+00  4.75862e+00       1.089e+12  4.139128e-01 -1.775489e-02 -8.383688e-01  5.860872e-01
 5.58621e+00  4.75862e+00       1.649e+12  2.998546e-01 -1.499222e-02 -9.161407e-01  7.001454e-01
 6.00000e+00  4.75862e+00       1.897e+12  2.196772e-01 -2.834824e-03 -9.528603e-01  7.803228e-01
-6.00000e+00  5.17241e+00       1.912e+12  3.160545e-01 -8.926063e-03  9.314732e-01  6.839455e-01
-5.58621e+00  5.17241e+00       1.953e+12  3.907755e-01 -1.074488e-02  8.915383e-01  6.092245e-01
-5.17241e+00  5.17241e+00       1.750e+12  4.855896e-01 -3.297724e-03  8.240708e-01  5.144104e-01
-4.75862e+00  5.17241e+00       1.377e+12  5.940370e-01  2.466149e-02  7.281281e-01  4.059630e-01
-4.34483e+00  5.17241e+00       9.494e+11  6.912183e-01  7.577637e-02  6.266177e-01  3.087817e-01
-3.93103e+00  5.17241e+00       5.840e+11  7.410668e-01  1.171993e-01  5.540726e-01  2.589332e-01
-3.51724e+00  5.17241e+00       4.087e+11  7.714792e-01  7.550477e-02  4.784558e-01  2.285208e-01
-3.10345e+00  5.17241e+00       4.030e+11  8.165621e-01 -1.425403e-02  2.864373e-01  1.834379e-01
-2.68966e+00  5.17241e+00       4.513e+11  8.031367e-01 -7.358586e-02 -6.351996e-02  1.968633e-01
-2.27586e+00  5.17241e+00       5.068e+11  6.999374e-01 -9.094746e-02 -4.480776e-01  3.000626e-01
-1.86207e+00  5.17241e+00       5.136e+11  5.332849e-01 -7.044302e-02 -7.034722e-01  4.667151e-01
-1.44828e+00  5.17241e+00       4.353e+11  2.914391e-01 -5.381587e-02 -8.402052e-01  7.085609e-01
-1.03448e+00  5.17241e+00       3.470e+11 -6.031043e-02 -8.951516e-02 -8.582507e-01  9.396896e-01
-6.20690e-01  5.17241e+00       3.139e+11 -4.391064e-01 -1.618423e-01 -6.798136e-01  5.608936e-01
-2.06897e-01  5.17241e+00       3.161e+11 -6.842310e-01 -2.026746e-01 -3.203893e-01  3.157690e-01
 2.06897e-01  5.17241e+00       3.237e+11 -6.992734e-01 -1.913591e-01  1.405464e-01  3.007266e-01
 6.20690e-01  5.17241e+00       3.518e+11 -4.147525e-01 -1.329988e-01  5.802154e-01  5.852475e-01
 1.03448e+00  5.17241e+00       4.296e+11  2.552553e-02 -7.298880e-02  8.149065e-01  9.744745e-01
 1.44828e+00  5.17241e+00       5.164e+11  3.546687e-01 -5.488867e-02  8.385555e-01  6.453313e-01
 1.86207e+00  5.17241e+00       5.259e+11  5.511060e-01 -6.760413e-02  7.555218e-01  4.488940e-01
 2.27586e+00  5.17241e+00       4.575e+11  6.869537e-01 -9.383283e-02  5.592122e-01  3.130463e-01
 2.68966e+00  5.17241e+00       3.988e+11  7.917108e-01 -1.175801e-01  1.978419e-01  2.082892e-01
 3.10345e+00  5.17241e+00       3.989e+11  8.397184e-01 -9.615293e-02 -1.523115e-01  1.602816e-01
 3.51724e+00  5.17241e+00       4.296e+11  8.462254e-01 -2.551795e-02 -3.176813e-01  1.537746e-01
 3.93103e+00  5.17241e+00       4.796e+11  8.232247e-01  1.965380e-02 -3.972873e-01  1.767753e-01
 4.34483e+00  5.17241e+00       6.525e+11  7.155794e-01  8.165774e-04 -5.564869e-01  2.844206e-01
 4.75862e+00  5.17241e+00       1.109e+12  5.682784e-01 -2.008560e-02 -7.404081e-01  4.317216e-01
 5.17241e+00  5.17241e+00       1.735e+12  4.621582e-01 -1.495730e-02 -8.457723e-01  5.378418e-01
 5.58621e+00  5.17241e+00       2.100e+12  3.836381e-01 -1.466983e-03 -9.004626e-01  6.163619e-01
 6.00000e+00  5.17241e+00       1.988e+12  3.119199e-01  6.721522e-03 -9.337168e-01  6.880801e-01
-6.00000e+00  5.58621e+00       1.874e+12  4.230860e-01 -5.612741e-03  8.929717e-01  5.769140e-01
-5.58621e+00  5.58621e+00       2.099e+12  4.730061e-01 -8.152084e-03  8.636186e-01  5.269939e-01
-5.17241e+00  5.58621e+00       2.053e+12  5.460844e-01 -9.722787e-03  8.064035e-01  4.539156e-01
-4.75862e+00  5.58621e+00       1.837e+12  6.361400e-01 -3.005718e-03  7.147609e-01  3.638600e-01
-4.34483e+00  5.58621e+00       1.500e+12  7.315635e-01  2.123867e-02  5.898805e-01  2.684365e-01
-3.93103e+00  5.58621e+00       1.096e+12  8.148654e-01  6.882150e-02  4.548228e-01  1.851346e-01
-3.51724e+00  5.58621e+00       6.871e+11  8.531917e-01  1.269284e-01  3.577244e-01  1.468083e-01
-3.10345e+00  5.58621e+00       4.057e+11  8.452938e-01  1.394006e-01  3.099613e-01  1.547062e-01
-2.68966e+00  5.58621e+00       3.207e+11  8.616315e-01  5.784235e-02  2.351247e-01  1.383685e-01
-2.27586e+00  5.58621e+00       3.191e+11  8.760910e-01 -2.762208e-02  9.350430e-02  1.239090e-01
-1.86207e+00  5.58621e+00       2.956e+11  7.853624e-01 -1.074467e-01 -1.378121e-01  2.146376e-01
-1.44828e+00  5.58621e+00       2.619e+11  4.853132e-01 -1.743178e-01 -4.332620e-01  5.146868e-01
-1.03448e+00  5.58621e+00       2.537e+11 -4.658710e-02 -2.333811e-01 -6.041843e-01  9.534129e-01
-6.20690e-01  5.58621e+00       2.793e+11 -5.125816e-01 -2.912515e-01 -5.005265e-01  4.874184e-01
-2.06897e-01  5.58621e+00       3.081e+11 -7.242175e-01 -3.127465e-01 -1.924896e-01  2.757825e-01
 2.06897e-01  5.58621e+00       3.113e+11 -7.334245e-01 -3.034287e-01  1.911953e-01  2.665755e-01
 6.20690e-01  5.58621e+00       2.800e+11 -5.879519e-01 -2.783186e-01  5.161284e-01  4.120481e-01
 1.03448e+00  5.58621e+00       2.269e+11 -2.876664e-01 -2.544813e-01  6.672824e-01  7.123336e-01
 1.44828e+00  5.58621e+00       2.014e+11  2.027898e-01 -2.595611e-01  5.458165e-01  7.972102e-01
 1.86207e+00  5.58621e+00       2.294e+11  6.081707e-01 -2.472304e-01  2.647512e-01  3.918293e-01
 2.27586e+00  5.58621e+00       2.817e+11  7.777132e-01 -1.658117e-01  3.438754e-02  2.222868e-01
 2.68966e+00  5.58621e+00       3.429e+11  8.489162e-01 -4.293681e-02 -8.319480e-02  1.510838e-01
 3.10345e+00  5.58621e+00       4.003e+11  8.858176e-01  3.729031e-02 -1.106095e-01  1.141824e-01
 3.51724e+00  5.58621e+00       4.675e+11  8.823186e-01  3.319498e-02 -1.795609e-01  1.176814e-01
 3.93103e+00  5.58621e+00       6.769e+11  8.079429e-01 -9.986659e-03 -3.969599e-01  1.920571e-01
 4.34483e+00  5.58621e+00       1.174e+12  7.016106e-01 -2.369558e-02 -6.170562e-01  2.983894e-01
 4.75862e+00  5.58621e+00       1.834e+12  6.157755e-01 -1.217466e-02 -7.436034e-01  3.842245e-01
 5.17241e+00  5.58621e+00       2.257e+12  5.450465e-01  2.790476e-03 -8.150190e-01  4.549535e-01
 5.58621e+00  5.58621e+00       2.207e+12  4.765624e-01  9.238337e-03 -8.631582e-01  5.234376e-01
 6.00000e+00  5.58621e+00       1.865e+12  4.103884e-01  7.347451e-03 -8.973354e-01  5.896116e-01
-6.00000e+00  6.00000e+00       1.606e+12  5.421677e-01 -5.141487e-03  8.254889e-01  4.578323e-01
-5.58621e+00  6.00000e+00       2.082e+12  5.832818e-01 -4.851514e-03  7.995886e-01  4.167182e-01
-5.17241e+00  6.00000e+00       2.230e+12  6.253505e-01 -7.247817e-03  7.639433e-01  3.746495e-01
-4.75862e+00  6.00000e+00       2.084e+12  6.870197e-01 -8.471555e-03  6.944256e-01  3.129803e-01
-4.34483e+00  6.00000e+00       1.854e+12  7.639256e-01 -3.446314e-03  5.789007e-01  2.360744e-01
-3.93103e+00  6.00000e+00       1.584e+12  8.361955e-01  1.355182e-02  4.248180e-01  1.638045e-01
-3.51724e+00  6.00000e+00       1.261e+12  8.938039e-01  4.907405e-02  2.459376e-01  1.061961e-01
-3.10345e+00  6.00000e+00       8.935e+11  9.204634e-01  1.061724e-01  8.736373e-02  7.953661e-02
-2.68966e+00  6.00000e+00       5.366e+11  8.986691e-01  1.743463e-01  4.277379e-03  1.013309e-01
-2.27586e+00  6.00000e+00       2.993e+11  8.225977e-01  2.035656e-01  1.355597e-02  1.774023e-01
-1.86207e+00  6.00000e+00       2.151e+11  7.637565e-01  1.205464e-01 -3.974119e-02  2.362435e-01
-1.44828e+00  6.00000e+00       2.340e+11  8.004450e-01  2.887771e-02 -2.279090e-01  1.995550e-01
-1.03448e+00  6.00000e+00       2.645e+11  8.442711e-01  2.577773e-02 -3.246299e-01  1.557289e-01
-6.20690e-01  6.00000e+00       2.445e+11  8.745418e-01  4.306817e-02 -3.015369e-01  1.254582e-01
-2.06897e-01  6.00000e+00       1.978e+11  8.875993e-01  2.685022e-02 -2.230188e-01  1.124007e-01
 2.06897e-01  6.00000e+00       1.690e+11  8.310472e-01 -2.376515e-02 -2.095833e-01  1.689528e-01
 6.20690e-01  6.00000e+00       1.641e+11  6.754139e-01 -9.381599e-02 -2.639431e-01  3.245861e-01
 1.03448e+00  6.00000e+00       1.772e+11  5.552727e-01 -1.386703e-01 -2.002722e-01  4.447273e-01
 1.44828e+00  6.00000e+00       2.199e+11  6.262297e-01 -4.698991e-02  2.203411e-03  3.737703e-01
 1.86207e+00  6.00000e+00       2.850e+11  7.486972e-01  8.154727e-02  1.641022e-01  2.513028e-01
 2.27586e+00  6.00000e+00       3.308e+11  8.028899e-01  1.123700e-01  2.412451e-01  1.971101e-01
 2.68966e+00  6.00000e+00       3.649e+11  8.361652e-01  6.693346e-02  2.315520e-01  1.638348e-01
 3.10345e+00  6.00000e+00       4.681e+11  8.743123e-01  2.559795e-03  5.556100e-02  1.256877e-01
 3.51724e+00  6.00000e+00       7.569e+11  8.639047e-01 -2.858565e-02 -2.394880e-01  1.360953e-01
 3.93103e+00  6.00000e+00       1.303e+12  8.116989e-01 -2.202256e-02 -4.724019e-01  1.883011e-01
 4.34483e+00  6.00000e+00       1.954e+12  7.549761e-01 -3.084139e-03 -6.085472e-01  2.450239e-01
 4.75862e+00  6.00000e+00       2.372e+12  6.979191e-01  1.059646e-02 -6.927583e-01  3.020809e-01
 5.17241e+00  6.00000e+00       2.345e+12  6.369007e-01  1.190223e-02 -7.550826e-01  3.630993e-01
 5.58621e+00  6.00000e+00       2.036e+12  5.738945e-01  6.237599e-03 -8.038529e-01  4.261055e-01
 6.00000e+00  6.00000e+00       1.706e+12  5.177597e-01  7.632289e-03 -8.378362e-01  4.822403e-01
