 EB(GeV)    EMITTANCEx EMITTANCEy SIZEx(m)   SIZEy(m)   DIVx(rad)  DIVy(rad)
 1.500e+00  5.941e-09  5.941e-11  1.840e-04  1.299e-05  3.228e-05  4.574e-06
 betax      alphax     betay      alphay     eta        deta       E_spread  
 5.700e+00  0.000e+00  2.840e+00  0.000e+00  0.000e+00  0.000e+00  1.000e-03
 Ibeam(A) 
  2.000e-01


           x            y       F.Density            PL            PC          PL45        1-|PL|
          mm           mm  ph/s/mm^2/0.1%             -             -             -             -
-6.00000e+00 -6.00000e+00       1.904e+12  3.957737e-01  1.961434e-03 -8.982385e-01  6.042263e-01
-5.58621e+00 -6.00000e+00       1.869e+12  4.505488e-01  1.336629e-04 -8.626012e-01  5.494512e-01
-5.17241e+00 -6.00000e+00       1.590e+12  5.351945e-01 -3.504134e-03 -7.916906e-01  4.648055e-01
-4.75862e+00 -6.00000e+00       1.309e+12  6.453751e-01 -9.990133e-03 -6.799299e-01  3.546249e-01
-4.34483e+00 -6.00000e+00       1.061e+12  7.491312e-01 -3.130823e-02 -5.560269e-01  2.508688e-01
-3.93103e+00 -6.00000e+00       7.484e+11  8.094560e-01 -7.732735e-02 -4.592889e-01  1.905440e-01
-3.51724e+00 -6.00000e+00       4.419e+11  8.172982e-01 -1.237032e-01 -3.890467e-01  1.827018e-01
-3.10345e+00 -6.00000e+00       2.989e+11  8.235203e-01 -9.439489e-02 -2.788408e-01  1.764797e-01
-2.68966e+00 -6.00000e+00       2.852e+11  8.436841e-01 -1.134678e-02 -1.116214e-01  1.563159e-01
-2.27586e+00 -6.00000e+00       2.842e+11  7.689872e-01  6.387202e-02  1.232462e-01  2.310128e-01
-1.86207e+00 -6.00000e+00       2.811e+11  5.041987e-01  1.266428e-01  4.577458e-01  4.958013e-01
-1.44828e+00 -6.00000e+00       3.023e+11  9.387236e-02  1.728611e-01  7.328906e-01  9.061276e-01
-1.03448e+00 -6.00000e+00       3.271e+11 -2.571122e-01  1.850032e-01  7.897767e-01  7.428878e-01
-6.20690e-01 -6.00000e+00       3.137e+11 -5.268518e-01  1.506251e-01  6.273461e-01  4.731482e-01
-2.06897e-01 -6.00000e+00       2.803e+11 -7.196075e-01  1.028944e-01  2.344184e-01  2.803925e-01
 2.06897e-01 -6.00000e+00       2.755e+11 -6.939113e-01  9.535888e-02 -2.979287e-01  3.060887e-01
 6.20690e-01 -6.00000e+00       3.107e+11 -4.387300e-01  1.221188e-01 -6.955922e-01  5.612700e-01
 1.03448e+00 -6.00000e+00       3.427e+11 -1.395706e-01  1.323324e-01 -8.555360e-01  8.604294e-01
 1.44828e+00 -6.00000e+00       3.237e+11  1.444496e-01  1.233706e-01 -8.257075e-01  8.555504e-01
 1.86207e+00 -6.00000e+00       2.864e+11  4.554954e-01  1.307940e-01 -6.016295e-01  5.445046e-01
 2.27586e+00 -6.00000e+00       2.806e+11  7.000768e-01  1.363141e-01 -2.870929e-01  2.999232e-01
 2.68966e+00 -6.00000e+00       2.952e+11  8.051824e-01  7.942355e-02 -3.672640e-02  1.948176e-01
 3.10345e+00 -6.00000e+00       3.304e+11  8.522407e-01 -3.506910e-03  1.227091e-01  1.477593e-01
 3.51724e+00 -6.00000e+00       3.791e+11  8.676704e-01 -2.597921e-02  2.147548e-01  1.323296e-01
 3.93103e+00 -6.00000e+00       4.723e+11  8.227497e-01  8.712750e-03  3.562890e-01  1.772503e-01
 4.34483e+00 -6.00000e+00       7.503e+11  7.213986e-01  2.695522e-02  5.621594e-01  2.786014e-01
 4.75862e+00 -6.00000e+00       1.250e+12  6.226936e-01  1.572274e-02  7.105983e-01  3.773064e-01
 5.17241e+00 -6.00000e+00       1.717e+12  5.373469e-01  2.498972e-03  8.004759e-01  4.626531e-01
 5.58621e+00 -6.00000e+00       1.903e+12  4.521927e-01 -4.739520e-03  8.634743e-01  5.478073e-01
 6.00000e+00 -6.00000e+00       1.836e+12  3.724338e-01 -6.004368e-03  9.069703e-01  6.275662e-01
-6.00000e+00 -5.58621e+00       1.751e+12  2.787796e-01  1.224721e-03 -9.359962e-01  7.212204e-01
-5.58621e+00 -5.58621e+00       1.530e+12  3.693629e-01 -1.147410e-03 -8.853727e-01  6.306371e-01
-5.17241e+00 -5.58621e+00       1.250e+12  4.890723e-01 -9.904258e-03 -8.039791e-01  5.109277e-01
-4.75862e+00 -5.58621e+00       9.614e+11  6.027504e-01 -3.984928e-02 -7.144189e-01  3.972496e-01
-4.34483e+00 -5.58621e+00       6.387e+11  6.713843e-01 -8.799608e-02 -6.404024e-01  3.286157e-01
-3.93103e+00 -5.58621e+00       4.050e+11  7.121798e-01 -1.000321e-01 -5.515849e-01  2.878202e-01
-3.51724e+00 -5.58621e+00       3.495e+11  7.773166e-01 -2.774199e-02 -3.642697e-01  2.226834e-01
-3.10345e+00 -5.58621e+00       3.931e+11  8.141240e-01  4.724259e-02 -5.075888e-02  1.858760e-01
-2.68966e+00 -5.58621e+00       4.554e+11  7.852842e-01  8.267898e-02  3.030533e-01  2.147158e-01
-2.27586e+00 -5.58621e+00       4.673e+11  7.013087e-01  7.967020e-02  5.599255e-01  2.986913e-01
-1.86207e+00 -5.58621e+00       4.017e+11  5.303600e-01  7.848928e-02  7.329708e-01  4.696400e-01
-1.44828e+00 -5.58621e+00       3.416e+11  2.240888e-01  1.322792e-01  8.499823e-01  7.759112e-01
-1.03448e+00 -5.58621e+00       3.193e+11 -1.110491e-01  2.033942e-01  8.440030e-01  8.889509e-01
-6.20690e-01 -5.58621e+00       2.837e+11 -4.024422e-01  2.363684e-01  6.636710e-01  5.975578e-01
-2.06897e-01 -5.58621e+00       2.437e+11 -6.243388e-01  2.334530e-01  2.212260e-01  3.756612e-01
 2.06897e-01 -5.58621e+00       2.516e+11 -6.119104e-01  2.072091e-01 -3.731557e-01  3.880896e-01
 6.20690e-01 -5.58621e+00       3.075e+11 -3.880691e-01  1.786579e-01 -7.455416e-01  6.119309e-01
 1.03448e+00 -5.58621e+00       3.614e+11 -1.001215e-01  1.422635e-01 -8.753730e-01  8.998785e-01
 1.44828e+00 -5.58621e+00       3.985e+11  2.338511e-01  9.137087e-02 -8.587369e-01  7.661489e-01
 1.86207e+00 -5.58621e+00       4.452e+11  5.352951e-01  5.791097e-02 -7.462453e-01  4.647049e-01
 2.27586e+00 -5.58621e+00       4.794e+11  7.190639e-01  5.684441e-02 -5.842911e-01  2.809361e-01
 2.68966e+00 -5.58621e+00       4.602e+11  8.139676e-01  6.752506e-02 -3.559214e-01  1.860324e-01
 3.10345e+00 -5.58621e+00       4.131e+11  8.498412e-01  7.447393e-02 -4.841269e-02  1.501588e-01
 3.51724e+00 -5.58621e+00       3.866e+11  8.376766e-01  4.715684e-02  2.327301e-01  1.623234e-01
 3.93103e+00 -5.58621e+00       3.980e+11  8.053533e-01 -1.216270e-03  4.014470e-01  1.946467e-01
 4.34483e+00 -5.58621e+00       4.678e+11  7.326796e-01 -4.882677e-03  5.317918e-01  2.673204e-01
 4.75862e+00 -5.58621e+00       7.039e+11  5.922102e-01  1.718324e-02  6.999017e-01  4.077898e-01
 5.17241e+00 -5.58621e+00       1.168e+12  4.621045e-01  1.681982e-02  8.263922e-01  5.378955e-01
 5.58621e+00 -5.58621e+00       1.621e+12  3.638765e-01  6.197607e-03  8.960411e-01  6.361235e-01
 6.00000e+00 -5.58621e+00       1.781e+12  2.752505e-01 -2.185127e-03  9.384164e-01  7.247495e-01
-6.00000e+00 -5.17241e+00       1.449e+12  1.913008e-01  8.303684e-04 -9.423302e-01  8.086992e-01
-5.58621e+00 -5.17241e+00       1.177e+12  3.118236e-01 -8.639259e-03 -8.889150e-01  6.881764e-01
-5.17241e+00 -5.17241e+00       8.789e+11  4.342299e-01 -4.137470e-02 -8.250406e-01  5.657701e-01
-4.75862e+00 -5.17241e+00       5.828e+11  5.204578e-01 -8.617116e-02 -7.618572e-01  4.795422e-01
-4.34483e+00 -5.17241e+00       4.102e+11  6.078842e-01 -7.426237e-02 -6.461929e-01  3.921158e-01
-3.93103e+00 -5.17241e+00       4.164e+11  7.439066e-01  5.781746e-03 -3.968849e-01  2.560934e-01
-3.51724e+00 -5.17241e+00       5.033e+11  8.516295e-01  5.597806e-02 -9.529874e-02  1.483705e-01
-3.10345e+00 -5.17241e+00       5.445e+11  8.922836e-01  7.029059e-02  1.541391e-01  1.077164e-01
-2.68966e+00 -5.17241e+00       4.923e+11  8.699896e-01  8.483268e-02  3.499426e-01  1.300104e-01
-2.27586e+00 -5.17241e+00       4.047e+11  8.080520e-01  1.122033e-01  5.044531e-01  1.919480e-01
-1.86207e+00 -5.17241e+00       3.257e+11  7.427364e-01  1.123795e-01  5.844539e-01  2.572636e-01
-1.44828e+00 -5.17241e+00       2.561e+11  6.712782e-01  3.948639e-02  5.674060e-01  3.287218e-01
-1.03448e+00 -5.17241e+00       2.049e+11  5.397358e-01 -1.876891e-01  4.790025e-01  4.602642e-01
-6.20690e-01 -5.17241e+00       1.953e+11  3.711477e-01 -4.936763e-01  4.228666e-01  6.288523e-01
-2.06897e-01 -5.17241e+00       2.058e+11  2.620231e-01 -6.444946e-01  3.946010e-01  7.379769e-01
 2.06897e-01 -5.17241e+00       1.988e+11  2.138817e-01 -6.701662e-01  2.759026e-01  7.861183e-01
 6.20690e-01 -5.17241e+00       1.764e+11  2.370801e-01 -5.606952e-01  1.551520e-02  7.629199e-01
 1.03448e+00 -5.17241e+00       1.689e+11  3.194777e-01 -2.544181e-01 -3.438981e-01  6.805223e-01
 1.44828e+00 -5.17241e+00       2.166e+11  4.687966e-01  6.415033e-03 -5.847077e-01  5.312034e-01
 1.86207e+00 -5.17241e+00       3.421e+11  6.685787e-01  5.854323e-02 -5.859456e-01  3.314213e-01
 2.27586e+00 -5.17241e+00       4.968e+11  8.105732e-01  5.260052e-02 -4.926057e-01  1.894268e-01
 2.68966e+00 -5.17241e+00       5.875e+11  8.885693e-01  4.547302e-02 -3.668690e-01  1.114307e-01
 3.10345e+00 -5.17241e+00       5.839e+11  9.193857e-01  4.521134e-02 -1.961719e-01  8.061431e-02
 3.51724e+00 -5.17241e+00       5.205e+11  8.947680e-01  5.185954e-02  4.284790e-02  1.052320e-01
 3.93103e+00 -5.17241e+00       4.517e+11  8.185507e-01  4.765705e-02  3.185855e-01  1.814493e-01
 4.34483e+00 -5.17241e+00       4.200e+11  7.269646e-01  1.466482e-02  5.294464e-01  2.730354e-01
 4.75862e+00 -5.17241e+00       4.658e+11  6.103965e-01 -4.254669e-03  6.705385e-01  3.896035e-01
 5.17241e+00 -5.17241e+00       6.869e+11  4.352549e-01  1.145540e-02  8.085528e-01  5.647451e-01
 5.58621e+00 -5.17241e+00       1.121e+12  2.863816e-01  1.575743e-02  9.036870e-01  7.136184e-01
 6.00000e+00 -5.17241e+00       1.518e+12  1.826695e-01  7.554802e-03  9.506254e-01  8.173305e-01
-6.00000e+00 -4.75862e+00       1.107e+12  1.243266e-01 -5.253662e-03 -9.344081e-01  8.756734e-01
-5.58621e+00 -4.75862e+00       8.204e+11  2.543092e-01 -3.642359e-02 -8.925524e-01  7.456908e-01
-5.17241e+00 -4.75862e+00       5.539e+11  3.635392e-01 -7.992157e-02 -8.401522e-01  6.364608e-01
-4.75862e+00 -4.75862e+00       4.160e+11  4.983917e-01 -6.228303e-02 -7.177205e-01  5.016083e-01
-4.34483e+00 -4.75862e+00       4.499e+11  6.955852e-01  1.450818e-02 -4.765234e-01  3.044148e-01
-3.93103e+00 -4.75862e+00       5.378e+11  8.462316e-01  5.546112e-02 -2.315127e-01  1.537684e-01
-3.51724e+00 -4.75862e+00       5.437e+11  9.232917e-01  7.179224e-02 -4.038155e-02  7.670825e-02
-3.10345e+00 -4.75862e+00       4.655e+11  9.486713e-01  8.674151e-02  9.653660e-02  5.132869e-02
-2.68966e+00 -4.75862e+00       3.814e+11  9.435438e-01  6.688492e-02  1.541184e-01  5.645624e-02
-2.27586e+00 -4.75862e+00       3.242e+11  9.161592e-01 -8.804639e-03  1.278412e-01  8.384076e-02
-1.86207e+00 -4.75862e+00       2.709e+11  8.587779e-01 -3.663417e-02  6.394312e-02  1.412221e-01
-1.44828e+00 -4.75862e+00       1.944e+11  7.460038e-01  5.505370e-02  4.737708e-05  2.539962e-01
-1.03448e+00 -4.75862e+00       1.229e+11  5.970919e-01  1.914330e-01 -8.333403e-02  4.029081e-01
-6.20690e-01 -4.75862e+00       8.880e+10  5.745788e-01  1.572622e-01 -2.627581e-01  4.254212e-01
-2.06897e-01 -4.75862e+00       8.591e+10  6.912989e-01 -1.577972e-02 -4.245534e-01  3.087011e-01
 2.06897e-01 -4.75862e+00       9.942e+10  7.780690e-01 -4.766216e-02 -4.466309e-01  2.219310e-01
 6.20690e-01 -4.75862e+00       1.277e+11  8.051769e-01  3.946142e-02 -3.988151e-01  1.948231e-01
 1.03448e+00 -4.75862e+00       1.660e+11  7.934782e-01  8.829991e-02 -3.136190e-01  2.065218e-01
 1.44828e+00 -4.75862e+00       1.881e+11  7.475831e-01  5.513930e-02 -2.141919e-01  2.524169e-01
 1.86207e+00 -4.75862e+00       1.967e+11  7.090902e-01 -1.560878e-02 -1.809019e-01  2.909098e-01
 2.27586e+00 -4.75862e+00       2.533e+11  7.921093e-01 -6.809920e-03 -2.178477e-01  2.078907e-01
 2.68966e+00 -4.75862e+00       4.003e+11  9.089290e-01  3.763657e-02 -1.856482e-01  9.107102e-02
 3.10345e+00 -4.75862e+00       5.662e+11  9.599671e-01  4.460207e-02 -1.005909e-01  4.003288e-02
 3.51724e+00 -4.75862e+00       6.263e+11  9.577861e-01  4.055223e-02  1.353312e-02  4.221393e-02
 3.93103e+00 -4.75862e+00       5.700e+11  8.976091e-01  4.217660e-02  1.892716e-01  1.023909e-01
 4.34483e+00 -4.75862e+00       4.803e+11  7.756498e-01  4.115875e-02  4.259508e-01  2.243502e-01
 4.75862e+00 -4.75862e+00       4.245e+11  6.314774e-01  1.711717e-02  6.347120e-01  3.685226e-01
 5.17241e+00 -4.75862e+00       4.611e+11  4.624844e-01 -2.388228e-03  7.750317e-01  5.375156e-01
 5.58621e+00 -4.75862e+00       6.873e+11  2.552869e-01  1.008386e-02  8.829695e-01  7.447131e-01
 6.00000e+00 -4.75862e+00       1.091e+12  1.019982e-01  1.476573e-02  9.442407e-01  8.980018e-01
-6.00000e+00 -4.34483e+00       7.782e+11  6.776704e-02 -2.649067e-02 -9.208985e-01  9.322330e-01
-5.58621e+00 -4.34483e+00       5.346e+11  1.986691e-01 -7.111439e-02 -8.854775e-01  8.013309e-01
-5.17241e+00 -4.34483e+00       4.058e+11  3.662644e-01 -6.321163e-02 -7.833076e-01  6.337356e-01
-4.75862e+00 -4.34483e+00       4.374e+11  6.078008e-01  1.052990e-02 -5.755369e-01  3.921992e-01
-4.34483e+00 -4.34483e+00       5.168e+11  7.941959e-01  5.328232e-02 -3.712950e-01  2.058041e-01
-3.93103e+00 -4.34483e+00       5.095e+11  8.988893e-01  7.131546e-02 -2.180117e-01  1.011107e-01
-3.51724e+00 -4.34483e+00       4.284e+11  9.432268e-01  7.729317e-02 -1.283742e-01  5.677318e-02
-3.10345e+00 -4.34483e+00       3.486e+11  9.349065e-01  4.930268e-02 -1.247064e-01  6.509352e-02
-2.68966e+00 -4.34483e+00       2.740e+11  8.828261e-01  1.970745e-02 -1.604358e-01  1.171739e-01
-2.27586e+00 -4.34483e+00       1.858e+11  7.877694e-01  1.035884e-02 -1.450168e-01  2.122306e-01
-1.86207e+00 -4.34483e+00       1.105e+11  6.296844e-01 -1.069064e-01 -6.431141e-04  3.703156e-01
-1.44828e+00 -4.34483e+00       7.132e+10  4.516128e-01 -3.807942e-01  2.429107e-01  5.483872e-01
-1.03448e+00 -4.34483e+00       5.810e+10  3.033691e-01 -5.383445e-01  3.872838e-01  6.966309e-01
-6.20690e-01 -4.34483e+00       5.626e+10  8.203032e-02 -5.222626e-01  3.412762e-01  9.179697e-01
-2.06897e-01 -4.34483e+00       5.690e+10 -1.564778e-01 -4.599856e-01  1.003625e-01  8.435222e-01
 2.06897e-01 -4.34483e+00       5.926e+10 -1.642184e-01 -4.198243e-01 -2.073903e-01  8.357816e-01
 6.20690e-01 -4.34483e+00       6.965e+10  1.786865e-01 -4.113012e-01 -3.519991e-01  8.213135e-01
 1.03448e+00 -4.34483e+00       9.782e+10  5.960164e-01 -3.716758e-01 -3.185965e-01  4.039836e-01
 1.44828e+00 -4.34483e+00       1.440e+11  8.156315e-01 -2.716199e-01 -2.166425e-01  1.843685e-01
 1.86207e+00 -4.34483e+00       1.921e+11  8.867974e-01 -1.379765e-01 -8.620628e-02  1.132026e-01
 2.27586e+00 -4.34483e+00       2.218e+11  8.856422e-01 -3.191098e-02  1.200993e-02  1.143578e-01
 2.68966e+00 -4.34483e+00       2.473e+11  8.778830e-01  1.774929e-02  3.546945e-02  1.221170e-01
 3.10345e+00 -4.34483e+00       3.397e+11  9.214136e-01  4.222444e-02  5.291504e-02  7.858640e-02
 3.51724e+00 -4.34483e+00       5.005e+11  9.545218e-01  4.748907e-02  1.149012e-01  4.547822e-02
 3.93103e+00 -4.34483e+00       5.960e+11  9.382087e-01  4.169655e-02  2.016553e-01  6.179128e-02
 4.34483e+00 -4.34483e+00       5.580e+11  8.562833e-01  3.925733e-02  3.396701e-01  1.437167e-01
 4.75862e+00 -4.34483e+00       4.646e+11  7.000458e-01  3.565276e-02  5.401579e-01  2.999542e-01
 5.17241e+00 -4.34483e+00       4.045e+11  5.103816e-01  1.302862e-02  7.270648e-01  4.896184e-01
 5.58621e+00 -4.34483e+00       4.549e+11  2.861249e-01 -1.555008e-03  8.478042e-01  7.138751e-01
 6.00000e+00 -4.34483e+00       6.993e+11  6.059407e-02  1.119500e-02  9.187948e-01  9.394059e-01
-6.00000e+00 -3.93103e+00       5.181e+11  2.348673e-02 -5.776758e-02 -8.980435e-01  9.765133e-01
-5.58621e+00 -3.93103e+00       3.833e+11  2.069737e-01 -7.106192e-02 -8.330005e-01  7.930263e-01
-5.17241e+00 -3.93103e+00       3.937e+11  4.805598e-01 -3.647281e-03 -6.671865e-01  5.194402e-01
-4.75862e+00 -3.93103e+00       4.670e+11  7.079816e-01  4.759169e-02 -4.903763e-01  2.920184e-01
-4.34483e+00 -3.93103e+00       4.668e+11  8.401106e-01  6.864548e-02 -3.595174e-01  1.598894e-01
-3.93103e+00 -3.93103e+00       3.912e+11  8.964933e-01  7.510840e-02 -2.912354e-01  1.035067e-01
-3.51724e+00 -3.93103e+00       3.089e+11  8.824136e-01  5.791782e-02 -2.965948e-01  1.175864e-01
-3.10345e+00 -3.93103e+00       2.275e+11  8.276715e-01  3.490389e-02 -2.993170e-01  1.723285e-01
-2.68966e+00 -3.93103e+00       1.499e+11  7.760923e-01 -1.752596e-02 -1.679307e-01  2.239077e-01
-2.27586e+00 -3.93103e+00       1.128e+11  7.557010e-01 -1.367076e-01  1.706679e-01  2.442990e-01
-1.86207e+00 -3.93103e+00       1.337e+11  7.040487e-01 -1.663462e-01  4.949893e-01  2.959513e-01
-1.44828e+00 -3.93103e+00       2.104e+11  5.533954e-01 -1.621783e-01  6.701787e-01  4.466046e-01
-1.03448e+00 -3.93103e+00       3.240e+11  3.171455e-01 -2.281890e-01  7.220840e-01  6.828545e-01
-6.20690e-01 -3.93103e+00       4.177e+11  2.279295e-02 -3.295604e-01  5.945800e-01  9.772071e-01
-2.06897e-01 -3.93103e+00       4.601e+11 -2.125963e-01 -4.010696e-01  2.032099e-01  7.874037e-01
 2.06897e-01 -3.93103e+00       4.780e+11 -1.844662e-01 -3.711491e-01 -3.211760e-01  8.155338e-01
 6.20690e-01 -3.93103e+00       4.752e+11  1.036739e-01 -2.546162e-01 -6.378609e-01  8.963261e-01
 1.03448e+00 -3.93103e+00       4.310e+11  4.565731e-01 -1.416680e-01 -6.454315e-01  5.434269e-01
 1.44828e+00 -3.93103e+00       3.564e+11  7.285135e-01 -9.437991e-02 -4.884255e-01  2.714865e-01
 1.86207e+00 -3.93103e+00       2.763e+11  8.663430e-01 -1.080084e-01 -3.081540e-01  1.336570e-01
 2.27586e+00 -3.93103e+00       2.280e+11  9.092445e-01 -1.205497e-01 -8.642403e-02  9.075546e-02
 2.68966e+00 -3.93103e+00       2.269e+11  9.031031e-01 -6.831319e-02  1.244176e-01  9.689691e-02
 3.10345e+00 -3.93103e+00       2.479e+11  8.870535e-01  5.202068e-03  2.100126e-01  1.129465e-01
 3.51724e+00 -3.93103e+00       3.164e+11  9.036004e-01  4.803102e-02  2.304858e-01  9.639956e-02
 3.93103e+00 -3.93103e+00       4.513e+11  9.196013e-01  5.264698e-02  2.753393e-01  8.039869e-02
 4.34483e+00 -3.93103e+00       5.399e+11  8.884618e-01  4.396250e-02  3.479804e-01  1.115382e-01
 4.75862e+00 -3.93103e+00       5.036e+11  7.820139e-01  3.854958e-02  4.693193e-01  2.179861e-01
 5.17241e+00 -3.93103e+00       4.147e+11  5.914152e-01  3.032423e-02  6.453048e-01  4.085848e-01
 5.58621e+00 -3.93103e+00       3.695e+11  3.554784e-01  6.253226e-03  8.008862e-01  6.445216e-01
 6.00000e+00 -3.93103e+00       4.552e+11  8.178222e-02  9.351679e-04  8.833380e-01  9.182178e-01
-6.00000e+00 -3.51724e+00       4.018e+11  6.826867e-02 -9.828036e-02 -8.853103e-01  9.317313e-01
-5.58621e+00 -3.51724e+00       3.555e+11  3.276121e-01 -2.885512e-02 -7.637722e-01  6.723879e-01
-5.17241e+00 -3.51724e+00       4.074e+11  5.965102e-01  4.283545e-02 -5.941244e-01  4.034898e-01
-4.75862e+00 -3.51724e+00       4.231e+11  7.596545e-01  6.894284e-02 -4.679359e-01  2.403455e-01
-4.34483e+00 -3.51724e+00       3.596e+11  8.380062e-01  7.599199e-02 -3.990892e-01  1.619938e-01
-3.93103e+00 -3.51724e+00       2.792e+11  8.336188e-01  6.788437e-02 -3.970655e-01  1.663812e-01
-3.51724e+00 -3.51724e+00       2.077e+11  7.953781e-01  4.501386e-02 -3.739112e-01  2.046219e-01
-3.10345e+00 -3.51724e+00       1.805e+11  8.368050e-01 -1.007026e-02 -1.482747e-01  1.631950e-01
-2.68966e+00 -3.51724e+00       3.217e+11  9.337197e-01 -4.338315e-02  1.467660e-01  6.628028e-02
-2.27586e+00 -3.51724e+00       7.594e+11  9.457489e-01 -3.446429e-02  2.600582e-01  5.425109e-02
-1.86207e+00 -3.51724e+00       1.300e+12  9.261831e-01 -2.079650e-02  3.248360e-01  7.381693e-02
-1.44828e+00 -3.51724e+00       1.396e+12  8.924067e-01  6.351831e-03  3.787767e-01  1.075933e-01
-1.03448e+00 -3.51724e+00       9.476e+11  8.332993e-01  5.406103e-02  4.030347e-01  1.667007e-01
-6.20690e-01 -3.51724e+00       4.698e+11  7.246335e-01  9.867287e-02  2.935543e-01  2.753665e-01
-2.06897e-01 -3.51724e+00       2.791e+11  6.332099e-01  4.924002e-02 -1.097226e-01  3.667901e-01
 2.06897e-01 -3.51724e+00       3.291e+11  7.164843e-01 -3.289723e-03 -4.130945e-01  2.835157e-01
 6.20690e-01 -3.51724e+00       5.809e+11  8.140702e-01  3.336725e-03 -4.611970e-01  1.859298e-01
 1.03448e+00 -3.51724e+00       1.054e+12  8.680357e-01 -1.470742e-02 -4.349721e-01  1.319643e-01
 1.44828e+00 -3.51724e+00       1.502e+12  9.031437e-01 -3.799415e-02 -3.822824e-01  9.685632e-02
 1.86207e+00 -3.51724e+00       1.449e+12  9.300047e-01 -4.868649e-02 -3.145075e-01  6.999525e-02
 2.27586e+00 -3.51724e+00       9.369e+11  9.507131e-01 -5.288169e-02 -2.238480e-01  4.928691e-02
 2.68966e+00 -3.51724e+00       4.754e+11  9.556352e-01 -6.283303e-02 -7.482463e-02  4.436478e-02
 3.10345e+00 -3.51724e+00       2.806e+11  9.173316e-01 -5.454302e-02  1.564515e-01  8.266837e-02
 3.51724e+00 -3.51724e+00       2.488e+11  8.707560e-01  5.720620e-03  3.115914e-01  1.292440e-01
 3.93103e+00 -3.51724e+00       3.044e+11  8.730304e-01  5.319190e-02  3.514039e-01  1.269696e-01
 4.34483e+00 -3.51724e+00       4.185e+11  8.741677e-01  5.653525e-02  3.918065e-01  1.258323e-01
 4.75862e+00 -3.51724e+00       4.813e+11  8.219003e-01  4.771097e-02  4.603775e-01  1.780997e-01
 5.17241e+00 -3.51724e+00       4.280e+11  6.872735e-01  4.356950e-02  5.706567e-01  3.127265e-01
 5.58621e+00 -3.51724e+00       3.307e+11  4.513021e-01  3.191935e-02  7.161318e-01  5.486979e-01
 6.00000e+00 -3.51724e+00       2.969e+11  1.237569e-01  5.117986e-03  8.290589e-01  8.762431e-01
-6.00000e+00 -3.10345e+00       3.024e+11  1.333468e-01 -9.685749e-02 -8.068453e-01  8.666532e-01
-5.58621e+00 -3.10345e+00       3.261e+11  4.618717e-01 -7.205343e-03 -6.606265e-01  5.381283e-01
-5.17241e+00 -3.10345e+00       3.698e+11  6.808919e-01  4.754726e-02 -5.408063e-01  3.191081e-01
-4.75862e+00 -3.10345e+00       3.370e+11  7.836163e-01  7.342444e-02 -4.700263e-01  2.163837e-01
-4.34483e+00 -3.10345e+00       2.621e+11  8.000968e-01  7.665543e-02 -4.515675e-01  1.999032e-01
-3.93103e+00 -3.10345e+00       2.055e+11  7.840526e-01  5.562659e-02 -4.170914e-01  2.159474e-01
-3.51724e+00 -3.10345e+00       2.533e+11  8.836591e-01  1.028319e-02 -2.021746e-01  1.163409e-01
-3.10345e+00 -3.10345e+00       6.207e+11  9.770262e-01 -3.937380e-03 -4.381324e-02  2.297383e-02
-2.68966e+00 -3.10345e+00       1.342e+12  9.932770e-01  2.073597e-03  3.149137e-03  6.723004e-03
-2.27586e+00 -3.10345e+00       1.769e+12  9.931793e-01  1.179614e-02  3.344847e-02  6.820663e-03
-1.86207e+00 -3.10345e+00       1.381e+12  9.875327e-01  2.987116e-02  6.398681e-02  1.246728e-02
-1.44828e+00 -3.10345e+00       7.461e+11  9.743595e-01  5.997928e-02  8.926359e-02  2.564046e-02
-1.03448e+00 -3.10345e+00       4.331e+11  9.575974e-01  6.912227e-02  8.671764e-02  4.240262e-02
-6.20690e-01 -3.10345e+00       3.555e+11  9.466755e-01  3.665576e-02  9.913072e-02  5.332452e-02
-2.06897e-01 -3.10345e+00       3.274e+11  9.348309e-01  1.739319e-02  1.481165e-01  6.516912e-02
 2.06897e-01 -3.10345e+00       2.904e+11  9.225694e-01  5.681581e-03  1.792794e-01  7.743061e-02
 6.20690e-01 -3.10345e+00       2.662e+11  9.213586e-01 -7.731659e-03  1.432112e-01  7.864141e-02
 1.03448e+00 -3.10345e+00       3.503e+11  9.486539e-01 -1.221603e-02  2.740678e-02  5.134607e-02
 1.44828e+00 -3.10345e+00       7.355e+11  9.797674e-01 -2.022302e-02 -3.980393e-02  2.023264e-02
 1.86207e+00 -3.10345e+00       1.454e+12  9.916324e-01 -2.595533e-02 -4.242456e-02  8.367553e-03
 2.27586e+00 -3.10345e+00       1.904e+12  9.945947e-01 -2.947996e-02 -2.673897e-02  5.405260e-03
 2.68966e+00 -3.10345e+00       1.515e+12  9.932135e-01 -3.357496e-02  1.779885e-03  6.786524e-03
 3.10345e+00 -3.10345e+00       7.795e+11  9.806576e-01 -4.068281e-02  6.315809e-02  1.934236e-02
 3.51724e+00 -3.10345e+00       3.553e+11  9.272686e-01 -3.682717e-02  2.120799e-01  7.273139e-02
 3.93103e+00 -3.10345e+00       2.514e+11  8.550528e-01  1.731273e-02  3.753060e-01  1.449472e-01
 4.34483e+00 -3.10345e+00       2.985e+11  8.459083e-01  5.981458e-02  4.283408e-01  1.540917e-01
 4.75862e+00 -3.10345e+00       3.880e+11  8.332843e-01  5.696091e-02  4.658411e-01  1.667157e-01
 5.17241e+00 -3.10345e+00       3.974e+11  7.566221e-01  4.379751e-02  5.274805e-01  2.433779e-01
 5.58621e+00 -3.10345e+00       3.184e+11  5.657279e-01  3.015715e-02  6.372574e-01  4.342721e-01
 6.00000e+00 -3.10345e+00       2.512e+11  2.390033e-01  1.050383e-03  7.692530e-01  7.609967e-01
-6.00000e+00 -2.68966e+00       2.496e+11  2.671105e-01 -3.230521e-02 -7.157673e-01  7.328895e-01
-5.58621e+00 -2.68966e+00       2.981e+11  5.829838e-01  2.083412e-02 -5.874879e-01  4.170162e-01
-5.17241e+00 -2.68966e+00       3.099e+11  7.323681e-01  5.750004e-02 -5.131655e-01  2.676319e-01
-4.75862e+00 -2.68966e+00       2.546e+11  7.790379e-01  8.008904e-02 -4.805698e-01  2.209621e-01
-4.34483e+00 -2.68966e+00       2.021e+11  7.757006e-01  7.079377e-02 -4.531954e-01  2.242994e-01
-3.93103e+00 -2.68966e+00       2.691e+11  8.732410e-01  2.847360e-02 -2.934033e-01  1.267590e-01
-3.51724e+00 -2.68966e+00       6.898e+11  9.658610e-01  1.063009e-02 -1.755301e-01  3.413901e-02
-3.10345e+00 -2.68966e+00       1.460e+12  9.853380e-01  1.179057e-02 -1.437553e-01  1.466202e-02
-2.68966e+00 -2.68966e+00       1.843e+12  9.893261e-01  1.709285e-02 -1.258770e-01  1.067390e-02
-2.27586e+00 -2.68966e+00       1.452e+12  9.898808e-01  2.971911e-02 -1.101778e-01  1.011916e-02
-1.86207e+00 -2.68966e+00       1.090e+12  9.874805e-01  4.994551e-02 -1.067396e-01  1.251950e-02
-1.44828e+00 -2.68966e+00       1.320e+12  9.867104e-01  4.841662e-02 -1.140712e-01  1.328962e-02
-1.03448e+00 -2.68966e+00       1.804e+12  9.893785e-01  2.820287e-02 -9.868753e-02  1.062151e-02
-6.20690e-01 -2.68966e+00       2.115e+12  9.929492e-01  9.084883e-03 -5.472356e-02  7.050808e-03
-2.06897e-01 -2.68966e+00       2.188e+12  9.949016e-01 -6.377131e-04  5.968100e-03  5.098419e-03
 2.06897e-01 -2.68966e+00       2.049e+12  9.930850e-01 -2.837760e-03  6.756405e-02  6.914956e-03
 6.20690e-01 -2.68966e+00       1.717e+12  9.870198e-01  1.322859e-03  1.253708e-01  1.298017e-02
 1.03448e+00 -2.68966e+00       1.237e+12  9.775436e-01  1.340612e-02  1.741763e-01  2.245640e-02
 1.44828e+00 -2.68966e+00       7.776e+11  9.675318e-01  2.150522e-02  1.990932e-01  3.246815e-02
 1.86207e+00 -2.68966e+00       7.460e+11  9.734236e-01 -3.580416e-03  1.616920e-01  2.657641e-02
 2.27586e+00 -2.68966e+00       1.335e+12  9.855470e-01 -2.141862e-02  1.307343e-01  1.445300e-02
 2.68966e+00 -2.68966e+00       1.895e+12  9.882742e-01 -2.465108e-02  1.305558e-01  1.172585e-02
 3.10345e+00 -2.68966e+00       1.600e+12  9.857343e-01 -2.766676e-02  1.427798e-01  1.426569e-02
 3.51724e+00 -2.68966e+00       8.285e+11  9.710925e-01 -3.241694e-02  1.799703e-01  2.890754e-02
 3.93103e+00 -2.68966e+00       3.547e+11  9.135602e-01 -2.202787e-02  2.905781e-01  8.643985e-02
 4.34483e+00 -2.68966e+00       2.448e+11  8.402794e-01  3.531492e-02  4.258993e-01  1.597206e-01
 4.75862e+00 -2.68966e+00       2.941e+11  8.283622e-01  6.265465e-02  4.720725e-01  1.716378e-01
 5.17241e+00 -2.68966e+00       3.434e+11  7.939423e-01  5.108115e-02  5.092802e-01  2.060577e-01
 5.58621e+00 -2.68966e+00       3.064e+11  6.694276e-01  3.816531e-02  5.787958e-01  3.305724e-01
 6.00000e+00 -2.68966e+00       2.341e+11  3.804574e-01  2.322374e-02  6.957684e-01  6.195426e-01
-6.00000e+00 -2.27586e+00       2.181e+11  4.632026e-01  1.085418e-02 -6.134117e-01  5.367974e-01
-5.58621e+00 -2.27586e+00       2.723e+11  6.646561e-01  4.964554e-02 -5.471336e-01  3.353439e-01
-5.17241e+00 -2.27586e+00       2.503e+11  7.543025e-01  8.196728e-02 -4.938043e-01  2.456975e-01
-4.75862e+00 -2.27586e+00       1.950e+11  7.759287e-01  8.584753e-02 -4.632644e-01  2.240713e-01
-4.34483e+00 -2.27586e+00       2.234e+11  8.410945e-01  4.778779e-02 -3.650558e-01  1.589055e-01
-3.93103e+00 -2.27586e+00       5.526e+11  9.429552e-01  1.985468e-02 -2.530182e-01  5.704485e-02
-3.51724e+00 -2.27586e+00       1.281e+12  9.702064e-01  1.625519e-02 -2.221913e-01  2.979359e-02
-3.10345e+00 -2.27586e+00       1.807e+12  9.758874e-01  1.816979e-02 -2.101670e-01  2.411255e-02
-2.68966e+00 -2.27586e+00       1.644e+12  9.773254e-01  2.518162e-02 -2.021932e-01  2.267458e-02
-2.27586e+00 -2.27586e+00       1.700e+12  9.776563e-01  3.162257e-02 -1.951893e-01  2.234372e-02
-1.86207e+00 -2.27586e+00       3.779e+12  9.827524e-01  2.110514e-02 -1.711737e-01  1.724756e-02
-1.44828e+00 -2.27586e+00       1.071e+13  9.883122e-01  9.857774e-03 -1.409390e-01  1.168779e-02
-1.03448e+00 -2.27586e+00       2.461e+13  9.922334e-01  1.260108e-03 -1.101730e-01  7.766629e-03
-6.20690e-01 -2.27586e+00       4.164e+13  9.952631e-01 -5.668237e-03 -7.370922e-02  4.736866e-03
-2.06897e-01 -2.27586e+00       5.309e+13  9.972033e-01 -1.069810e-02 -3.040465e-02  2.796658e-03
 2.06897e-01 -2.27586e+00       5.267e+13  9.974686e-01 -1.396977e-02  1.604070e-02  2.531444e-03
 6.20690e-01 -2.27586e+00       4.046e+13  9.959445e-01 -1.606413e-02  6.018897e-02  4.055546e-03
 1.03448e+00 -2.27586e+00       2.300e+13  9.929402e-01 -1.738082e-02  9.936423e-02  7.059778e-03
 1.44828e+00 -2.27586e+00       9.254e+12  9.881353e-01 -1.758054e-02  1.365545e-01  1.186469e-02
 1.86207e+00 -2.27586e+00       2.753e+12  9.789354e-01 -1.500057e-02  1.817130e-01  2.106455e-02
 2.27586e+00 -2.27586e+00       1.103e+12  9.679533e-01 -1.330656e-02  2.234459e-01  3.204674e-02
 2.68966e+00 -2.27586e+00       1.400e+12  9.730730e-01 -1.906059e-02  2.128924e-01  2.692702e-02
 3.10345e+00 -2.27586e+00       1.807e+12  9.755374e-01 -2.162796e-02  2.089962e-01  2.446259e-02
 3.51724e+00 -2.27586e+00       1.392e+12  9.724413e-01 -2.456156e-02  2.170200e-01  2.755867e-02
 3.93103e+00 -2.27586e+00       6.615e+11  9.536791e-01 -2.624367e-02  2.517911e-01  4.632093e-02
 4.34483e+00 -2.27586e+00       2.865e+11  8.893736e-01  1.638829e-04  3.562539e-01  1.106264e-01
 4.75862e+00 -2.27586e+00       2.355e+11  8.347552e-01  5.633183e-02  4.550538e-01  1.652448e-01
 5.17241e+00 -2.27586e+00       2.879e+11  8.137321e-01  6.187001e-02  4.923434e-01  1.862679e-01
 5.58621e+00 -2.27586e+00       2.938e+11  7.410473e-01  4.835491e-02  5.434479e-01  2.589527e-01
 6.00000e+00 -2.27586e+00       2.354e+11  5.640971e-01  4.290798e-02  6.347823e-01  4.359029e-01
-6.00000e+00 -1.86207e+00       2.155e+11  5.501115e-01  5.190695e-02 -5.472664e-01  4.498885e-01
-5.58621e+00 -1.86207e+00       2.279e+11  7.178048e-01  9.525176e-02 -4.631248e-01  2.821952e-01
-5.17241e+00 -1.86207e+00       1.887e+11  7.930980e-01  8.445593e-02 -4.212364e-01  2.069020e-01
-4.75862e+00 -1.86207e+00       1.738e+11  8.248580e-01  5.652119e-02 -3.945373e-01  1.751420e-01
-4.34483e+00 -1.86207e+00       3.485e+11  9.166453e-01  2.748238e-02 -2.962359e-01  8.335470e-02
-3.93103e+00 -1.86207e+00       9.213e+11  9.595559e-01  1.800238e-02 -2.533966e-01  4.044415e-02
-3.51724e+00 -1.86207e+00       1.607e+12  9.683650e-01  1.700320e-02 -2.420602e-01  3.163498e-02
-3.10345e+00 -1.86207e+00       1.781e+12  9.703716e-01  1.961317e-02 -2.366523e-01  2.962844e-02
-2.68966e+00 -1.86207e+00       2.246e+12  9.714484e-01  2.079034e-02 -2.308232e-01  2.855164e-02
-2.27586e+00 -1.86207e+00       6.056e+12  9.749627e-01  1.062693e-02 -2.170972e-01  2.503734e-02
-1.86207e+00 -1.86207e+00       1.707e+13  9.786980e-01  9.698981e-04 -2.005137e-01  2.130201e-02
-1.44828e+00 -1.86207e+00       3.351e+13  9.825218e-01 -6.237825e-03 -1.797951e-01  1.747820e-02
-1.03448e+00 -1.86207e+00       4.455e+13  9.868805e-01 -1.106384e-02 -1.509612e-01  1.311946e-02
-6.20690e-01 -1.86207e+00       4.391e+13  9.916693e-01 -1.266996e-02 -1.079247e-01  8.330680e-03
-2.06897e-01 -1.86207e+00       3.901e+13  9.956293e-01 -1.067684e-02 -4.235875e-02  4.370711e-03
 2.06897e-01 -1.86207e+00       3.953e+13  9.960574e-01 -8.380642e-03  3.649377e-02  3.942613e-03
 6.20690e-01 -1.86207e+00       4.503e+13  9.929597e-01 -9.904159e-03  9.824354e-02  7.040322e-03
 1.03448e+00 -1.86207e+00       4.511e+13  9.888706e-01 -1.391033e-02  1.381517e-01  1.112939e-02
 1.44828e+00 -1.86207e+00       3.274e+13  9.848495e-01 -1.823936e-02  1.659828e-01  1.515051e-02
 1.86207e+00 -1.86207e+00       1.561e+13  9.807630e-01 -2.188586e-02  1.884227e-01  1.923701e-02
 2.27586e+00 -1.86207e+00       4.856e+12  9.753557e-01 -2.386357e-02  2.115304e-01  2.464435e-02
 2.68966e+00 -1.86207e+00       1.589e+12  9.679978e-01 -2.127157e-02  2.372108e-01  3.200215e-02
 3.10345e+00 -1.86207e+00       1.546e+12  9.691683e-01 -1.844701e-02  2.363913e-01  3.083168e-02
 3.51724e+00 -1.86207e+00       1.621e+12  9.700684e-01 -1.947848e-02  2.347005e-01  2.993158e-02
 3.93103e+00 -1.86207e+00       1.020e+12  9.647774e-01 -2.151754e-02  2.447306e-01  3.522260e-02
 4.34483e+00 -1.86207e+00       4.264e+11  9.375371e-01 -1.572158e-02  2.893913e-01  6.246289e-02
 4.75862e+00 -1.86207e+00       2.174e+11  8.758112e-01  2.763904e-02  3.891072e-01  1.241888e-01
 5.17241e+00 -1.86207e+00       2.306e+11  8.432736e-01  6.082746e-02  4.495966e-01  1.567264e-01
 5.58621e+00 -1.86207e+00       2.666e+11  7.902263e-01  5.561760e-02  4.957005e-01  2.097737e-01
 6.00000e+00 -1.86207e+00       2.332e+11  6.570406e-01  3.555344e-02  5.799442e-01  3.429594e-01
-6.00000e+00 -1.44828e+00       1.666e+11  7.567512e-01 -1.506782e-02 -4.060185e-01  2.432488e-01
-5.58621e+00 -1.44828e+00       1.841e+11  8.415513e-01 -3.394434e-03 -3.905091e-01  1.584487e-01
-5.17241e+00 -1.44828e+00       1.625e+11  8.592324e-01  3.199568e-02 -3.870891e-01  1.407676e-01
-4.75862e+00 -1.44828e+00       2.023e+11  8.963213e-01  4.099017e-02 -3.210140e-01  1.036787e-01
-4.34483e+00 -1.44828e+00       5.250e+11  9.530243e-01  2.108883e-02 -2.528379e-01  4.697574e-02
-3.93103e+00 -1.44828e+00       1.198e+12  9.687039e-01  1.578856e-02 -2.362532e-01  3.129611e-02
-3.51724e+00 -1.44828e+00       1.696e+12  9.716643e-01  1.544213e-02 -2.321637e-01  2.833573e-02
-3.10345e+00 -1.44828e+00       2.073e+12  9.720097e-01  1.526087e-02 -2.309868e-01  2.799026e-02
-2.68966e+00 -1.44828e+00       4.757e+12  9.734482e-01  7.657168e-03 -2.254336e-01  2.655177e-02
-2.27586e+00 -1.44828e+00       1.309e+13  9.756442e-01 -7.778323e-04 -2.165916e-01  2.435581e-02
-1.86207e+00 -1.44828e+00       2.435e+13  9.779218e-01 -7.229589e-03 -2.060523e-01  2.207821e-02
-1.44828e+00 -1.44828e+00       2.752e+13  9.804861e-01 -1.218968e-02 -1.929042e-01  1.951386e-02
-1.03448e+00 -1.44828e+00       1.900e+13  9.834540e-01 -1.559600e-02 -1.758169e-01  1.654604e-02
-6.20690e-01 -1.44828e+00       8.575e+12  9.872279e-01 -1.705485e-02 -1.477000e-01  1.277207e-02
-2.06897e-01 -1.44828e+00       3.520e+12  9.924233e-01 -1.333924e-02 -6.991645e-02  7.576707e-03
 2.06897e-01 -1.44828e+00       3.656e+12  9.925132e-01  5.083843e-04  7.813418e-02  7.486832e-03
 6.20690e-01 -1.44828e+00       9.207e+12  9.883468e-01  2.492454e-03  1.433704e-01  1.165323e-02
 1.03448e+00 -1.44828e+00       2.026e+13  9.854922e-01 -3.297698e-03  1.654321e-01  1.450776e-02
 1.44828e+00 -1.44828e+00       2.853e+13  9.830780e-01 -9.745879e-03  1.797419e-01  1.692196e-02
 1.86207e+00 -1.44828e+00       2.405e+13  9.807317e-01 -1.549011e-02  1.919888e-01  1.926833e-02
 2.27586e+00 -1.44828e+00       1.192e+13  9.781897e-01 -2.020891e-02  2.037298e-01  2.181029e-02
 2.68966e+00 -1.44828e+00       3.754e+12  9.746566e-01 -2.290912e-02  2.173657e-01  2.534341e-02
 3.10345e+00 -1.44828e+00       1.571e+12  9.718189e-01 -1.896306e-02  2.269046e-01  2.818106e-02
 3.51724e+00 -1.44828e+00       1.567e+12  9.733470e-01 -1.607615e-02  2.227599e-01  2.665298e-02
 3.93103e+00 -1.44828e+00       1.248e+12  9.724219e-01 -1.705201e-02  2.243276e-01  2.757809e-02
 4.34483e+00 -1.44828e+00       6.052e+11  9.626195e-01 -1.564505e-02  2.425086e-01  3.738052e-02
 4.75862e+00 -1.44828e+00       2.515e+11  9.283735e-01  8.584683e-03  3.026620e-01  7.162646e-02
 5.17241e+00 -1.44828e+00       1.855e+11  8.992208e-01  4.035031e-02  3.611421e-01  1.007792e-01
 5.58621e+00 -1.44828e+00       1.984e+11  8.812721e-01  3.507673e-02  3.874609e-01  1.187279e-01
 6.00000e+00 -1.44828e+00       1.777e+11  8.116063e-01  3.337695e-02  4.285218e-01  1.883937e-01
-6.00000e+00 -1.03448e+00       1.659e+11  8.182369e-01  8.306037e-02 -3.419399e-01  1.817631e-01
-5.58621e+00 -1.03448e+00       1.602e+11  8.879556e-01  8.001486e-02 -2.795289e-01  1.120444e-01
-5.17241e+00 -1.03448e+00       1.382e+11  9.108428e-01  4.999538e-02 -2.660116e-01  8.915718e-02
-4.75862e+00 -1.03448e+00       2.405e+11  9.485268e-01  2.131399e-02 -2.314436e-01  5.147315e-02
-4.34483e+00 -1.03448e+00       6.779e+11  9.737393e-01  1.431039e-02 -2.030640e-01  2.626071e-02
-3.93103e+00 -1.03448e+00       1.339e+12  9.792296e-01  1.286132e-02 -1.963627e-01  2.077044e-02
-3.51724e+00 -1.03448e+00       1.758e+12  9.799825e-01  1.188730e-02 -1.957400e-01  2.001754e-02
-3.10345e+00 -1.03448e+00       2.865e+12  9.801629e-01  7.158283e-03 -1.951496e-01  1.983707e-02
-2.68966e+00 -1.03448e+00       7.668e+12  9.812337e-01 -1.138514e-04 -1.905757e-01  1.876634e-02
-2.27586e+00 -1.03448e+00       1.642e+13  9.823795e-01 -5.607697e-03 -1.849219e-01  1.762052e-02
-1.86207e+00 -1.03448e+00       2.120e+13  9.836483e-01 -9.923261e-03 -1.778128e-01  1.635170e-02
-1.44828e+00 -1.03448e+00       1.618e+13  9.853887e-01 -1.298734e-02 -1.665932e-01  1.461125e-02
-1.03448e+00 -1.03448e+00       8.373e+12  9.888671e-01 -1.267820e-02 -1.385210e-01  1.113287e-02
-6.20690e-01 -1.03448e+00       4.838e+12  9.951471e-01 -5.074956e-03 -7.372128e-02  4.852876e-03
-2.06897e-01 -1.03448e+00       4.402e+12  9.986512e-01  1.187711e-03 -1.597778e-02  1.348824e-03
 2.06897e-01 -1.03448e+00       4.517e+12  9.985509e-01  1.624800e-03  2.400464e-02  1.449054e-03
 6.20690e-01 -1.03448e+00       5.189e+12  9.952540e-01  6.135845e-04  7.661790e-02  4.745966e-03
 1.03448e+00 -1.03448e+00       9.141e+12  9.901061e-01 -9.372836e-04  1.317275e-01  9.893867e-03
 1.44828e+00 -1.03448e+00       1.736e+13  9.874730e-01 -5.132760e-03  1.545205e-01  1.252700e-02
 1.86207e+00 -1.03448e+00       2.186e+13  9.861117e-01 -1.001228e-02  1.637649e-01  1.388826e-02
 2.27586e+00 -1.03448e+00       1.586e+13  9.849350e-01 -1.443539e-02  1.704741e-01  1.506497e-02
 2.68966e+00 -1.03448e+00       6.631e+12  9.835176e-01 -1.792936e-02  1.773856e-01  1.648238e-02
 3.10345e+00 -1.03448e+00       2.157e+12  9.817513e-01 -1.814977e-02  1.842142e-01  1.824867e-02
 3.51724e+00 -1.03448e+00       1.486e+12  9.822901e-01 -1.378964e-02  1.813173e-01  1.770989e-02
 3.93103e+00 -1.03448e+00       1.328e+12  9.827384e-01 -1.311571e-02  1.792130e-01  1.726159e-02
 4.34483e+00 -1.03448e+00       7.460e+11  9.797243e-01 -1.298419e-02  1.859724e-01  2.027573e-02
 4.75862e+00 -1.03448e+00       2.942e+11  9.646936e-01 -2.473321e-03  2.189032e-01  3.530637e-02
 5.17241e+00 -1.03448e+00       1.780e+11  9.383533e-01  3.468889e-02  2.809469e-01  6.164668e-02
 5.58621e+00 -1.03448e+00       2.016e+11  9.209909e-01  4.781737e-02  3.138108e-01  7.900914e-02
 6.00000e+00 -1.03448e+00       1.906e+11  8.748055e-01  3.656035e-02  3.580506e-01  1.251945e-01
-6.00000e+00 -6.20690e-01       1.577e+11  9.309073e-01  1.667219e-02 -2.558570e-01  6.909265e-02
-5.58621e+00 -6.20690e-01       1.544e+11  9.519693e-01  4.068064e-02 -2.206317e-01  4.803073e-02
-5.17241e+00 -6.20690e-01       1.427e+11  9.626065e-01  3.806252e-02 -1.861727e-01  3.739351e-02
-4.75862e+00 -6.20690e-01       2.866e+11  9.804543e-01  1.494141e-02 -1.488331e-01  1.954568e-02
-4.34483e+00 -6.20690e-01       7.820e+11  9.888520e-01  9.274919e-03 -1.355423e-01  1.114799e-02
-3.93103e+00 -6.20690e-01       1.405e+12  9.904452e-01  8.487497e-03 -1.334829e-01  9.554754e-03
-3.51724e+00 -6.20690e-01       1.871e+12  9.904114e-01  6.042322e-03 -1.350157e-01  9.588594e-03
-3.10345e+00 -6.20690e-01       3.699e+12  9.906433e-01  2.207523e-04 -1.340308e-01  9.356698e-03
-2.68966e+00 -6.20690e-01       9.441e+12  9.912442e-01 -4.118623e-03 -1.302273e-01  8.755782e-03
-2.27586e+00 -6.20690e-01       1.652e+13  9.917683e-01 -7.004062e-03 -1.263049e-01  8.231718e-03
-1.86207e+00 -6.20690e-01       1.689e+13  9.923704e-01 -9.166275e-03 -1.211730e-01  7.629612e-03
-1.44828e+00 -6.20690e-01       1.043e+13  9.933715e-01 -9.971880e-03 -1.113474e-01  6.628492e-03
-1.03448e+00 -6.20690e-01       4.916e+12  9.954494e-01 -6.757970e-03 -8.740644e-02  4.550556e-03
-6.20690e-01 -6.20690e-01       2.698e+12  9.980021e-01  1.117232e-03 -5.024457e-02  1.997942e-03
-2.06897e-01 -6.20690e-01       1.981e+12  9.992077e-01  7.646186e-03 -1.248114e-02  7.922959e-04
 2.06897e-01 -6.20690e-01       2.143e+12  9.990965e-01  8.211461e-03  2.596566e-02  9.035114e-04
 6.20690e-01 -6.20690e-01       3.144e+12  9.980388e-01  3.776558e-03  5.422113e-02  1.961243e-03
 1.03448e+00 -6.20690e-01       5.638e+12  9.961521e-01 -6.385741e-04  8.172643e-02  3.847925e-03
 1.44828e+00 -6.20690e-01       1.153e+13  9.946729e-01 -4.094563e-03  1.000943e-01  5.327091e-03
 1.86207e+00 -6.20690e-01       1.789e+13  9.939855e-01 -7.211748e-03  1.075085e-01  6.014468e-03
 2.27586e+00 -6.20690e-01       1.649e+13  9.935463e-01 -9.998073e-03  1.114591e-01  6.453737e-03
 2.68966e+00 -6.20690e-01       8.569e+12  9.930860e-01 -1.227515e-02  1.149107e-01  6.913960e-03
 3.10345e+00 -6.20690e-01       2.901e+12  9.924970e-01 -1.316302e-02  1.181668e-01  7.503046e-03
 3.51724e+00 -6.20690e-01       1.500e+12  9.926522e-01 -1.017947e-02  1.156352e-01  7.347806e-03
 3.93103e+00 -6.20690e-01       1.344e+12  9.931209e-01 -8.493955e-03  1.125112e-01  6.879129e-03
 4.34483e+00 -6.20690e-01       8.396e+11  9.924322e-01 -7.789397e-03  1.147468e-01  7.567826e-03
 4.75862e+00 -6.20690e-01       3.481e+11  9.880464e-01 -9.780285e-04  1.296234e-01  1.195362e-02
 5.17241e+00 -6.20690e-01       1.844e+11  9.784725e-01  2.096300e-02  1.633341e-01  2.152755e-02
 5.58621e+00 -6.20690e-01       1.796e+11  9.719017e-01  2.385822e-02  1.861157e-01  2.809829e-02
 6.00000e+00 -6.20690e-01       1.663e+11  9.576585e-01  1.271933e-02  2.158630e-01  4.234152e-02
-6.00000e+00 -2.06897e-01       1.438e+11  9.915756e-01 -6.486044e-03 -9.221959e-02  8.424401e-03
-5.58621e+00 -2.06897e-01       1.428e+11  9.932942e-01  1.851832e-04 -8.423075e-02  6.705821e-03
-5.17241e+00 -2.06897e-01       1.438e+11  9.942321e-01  2.141326e-03 -7.295075e-02  5.767853e-03
-4.75862e+00 -2.06897e-01       3.152e+11  9.967176e-01  2.926314e-03 -5.973035e-02  3.282420e-03
-4.34483e+00 -2.06897e-01       8.333e+11  9.979183e-01  3.954407e-03 -5.564018e-02  2.081736e-03
-3.93103e+00 -2.06897e-01       1.434e+12  9.980837e-01  3.642448e-03 -5.608771e-02  1.916309e-03
-3.51724e+00 -2.06897e-01       1.965e+12  9.979901e-01  6.784473e-05 -5.816597e-02  2.009926e-03
-3.10345e+00 -2.06897e-01       4.179e+12  9.982347e-01 -4.471338e-03 -5.565881e-02  1.765325e-03
-2.68966e+00 -2.06897e-01       1.011e+13  9.984942e-01 -5.761622e-03 -5.205693e-02  1.505837e-03
-2.27586e+00 -2.06897e-01       1.595e+13  9.986405e-01 -6.136775e-03 -4.950727e-02  1.359483e-03
-1.86207e+00 -2.06897e-01       1.458e+13  9.987727e-01 -6.226521e-03 -4.679526e-02  1.227276e-03
-1.44828e+00 -2.06897e-01       8.160e+12  9.989655e-01 -5.643749e-03 -4.235003e-02  1.034520e-03
-1.03448e+00 -2.06897e-01       3.533e+12  9.992990e-01 -3.370735e-03 -3.378388e-02  7.009690e-04
-6.20690e-01 -2.06897e-01       1.580e+12  9.996773e-01 -1.179606e-05 -2.278928e-02  3.226935e-04
-2.06897e-01 -2.06897e-01       8.216e+11  9.999664e-01  1.828432e-03 -7.520473e-03  3.358939e-05
 2.06897e-01 -2.06897e-01       9.529e+11  9.999161e-01 -1.433988e-04  1.441759e-02  8.390387e-05
 6.20690e-01 -2.06897e-01       1.985e+12  9.997018e-01 -2.562500e-03  2.294523e-02  2.982079e-04
 1.03448e+00 -2.06897e-01       4.226e+12  9.995181e-01 -4.311160e-03  2.822861e-02  4.818655e-04
 1.44828e+00 -2.06897e-01       9.218e+12  9.993778e-01 -5.564916e-03  3.228095e-02  6.221664e-04
 1.86207e+00 -2.06897e-01       1.571e+13  9.993057e-01 -6.333842e-03  3.417356e-02  6.942726e-04
 2.27586e+00 -2.06897e-01       1.621e+13  9.992602e-01 -6.793648e-03  3.515579e-02  7.397545e-04
 2.68966e+00 -2.06897e-01       9.398e+12  9.992078e-01 -6.958989e-03  3.595517e-02  7.922259e-04
 3.10345e+00 -2.06897e-01       3.364e+12  9.991219e-01 -6.634752e-03  3.628997e-02  8.781296e-04
 3.51724e+00 -2.06897e-01       1.539e+12  9.991498e-01 -5.328023e-03  3.313239e-02  8.502407e-04
 3.93103e+00 -2.06897e-01       1.338e+12  9.992893e-01 -4.111815e-03  3.077581e-02  7.106830e-04
 4.34483e+00 -2.06897e-01       8.795e+11  9.992479e-01 -2.780507e-03  3.122788e-02  7.520995e-04
 4.75862e+00 -2.06897e-01       3.749e+11  9.988041e-01  3.120570e-04  3.402479e-02  1.195871e-03
 5.17241e+00 -2.06897e-01       1.789e+11  9.978257e-01  2.741425e-03  3.917099e-02  2.174258e-03
 5.58621e+00 -2.06897e-01       1.570e+11  9.973187e-01 -1.744898e-03  4.318396e-02  2.681332e-03
 6.00000e+00 -2.06897e-01       1.482e+11  9.964024e-01 -4.016467e-03  4.919021e-02  3.597582e-03
-6.00000e+00  2.06897e-01       1.434e+11  9.927914e-01  3.474497e-03  6.701985e-02  7.208588e-03
-5.58621e+00  2.06897e-01       1.419e+11  9.947756e-01 -1.280577e-02  6.501025e-02  5.224411e-03
-5.17241e+00  2.06897e-01       1.429e+11  9.964238e-01 -2.296256e-02  5.105455e-02  3.576228e-03
-4.75862e+00  2.06897e-01       3.153e+11  9.985611e-01 -9.873433e-03  3.351908e-02  1.438891e-03
-4.34483e+00  2.06897e-01       8.354e+11  9.991887e-01 -2.660045e-03  2.945683e-02  8.112808e-04
-3.93103e+00  2.06897e-01       1.439e+12  9.992945e-01 -1.861724e-03  2.735834e-02  7.055345e-04
-3.51724e+00  2.06897e-01       1.973e+12  9.993394e-01 -5.508120e-03  2.532007e-02  6.606382e-04
-3.10345e+00  2.06897e-01       4.183e+12  9.993441e-01 -8.280381e-03  2.900518e-02  6.558871e-04
-2.68966e+00  2.06897e-01       1.010e+13  9.993198e-01 -6.705246e-03  3.247933e-02  6.801520e-04
-2.27586e+00  2.06897e-01       1.591e+13  9.993117e-01 -4.603990e-03  3.367760e-02  6.882696e-04
-1.86207e+00  2.06897e-01       1.454e+13  9.993266e-01 -2.704693e-03  3.359973e-02  6.734015e-04
-1.44828e+00  2.06897e-01       8.119e+12  9.993968e-01 -1.176841e-03  3.133267e-02  6.031623e-04
-1.03448e+00  2.06897e-01       3.487e+12  9.995938e-01 -5.743531e-04  2.423238e-02  4.062260e-04
-6.20690e-01  2.06897e-01       1.541e+12  9.998600e-01 -1.556846e-03  1.456900e-02  1.399937e-04
-2.06897e-01  2.06897e-01       7.956e+11  9.999623e-01 -5.968231e-03  3.968589e-03  3.771691e-05
 2.06897e-01  2.06897e-01       9.268e+11  9.998928e-01 -1.169784e-02 -1.109446e-02  1.072089e-04
 6.20690e-01  2.06897e-01       1.948e+12  9.996362e-01 -1.079350e-02 -2.012413e-02  3.638384e-04
 1.03448e+00  2.06897e-01       4.189e+12  9.992981e-01 -9.087708e-03 -3.093927e-02  7.019073e-04
 1.44828e+00  2.06897e-01       9.203e+12  9.989873e-01 -7.636113e-03 -4.060881e-02  1.012710e-03
 1.86207e+00  2.06897e-01       1.572e+13  9.988358e-01 -5.775889e-03 -4.504329e-02  1.164180e-03
 2.27586e+00  2.06897e-01       1.624e+13  9.987496e-01 -3.634116e-03 -4.716635e-02  1.250432e-03
 2.68966e+00  2.06897e-01       9.421e+12  9.986617e-01 -1.339338e-03 -4.881903e-02  1.338320e-03
 3.10345e+00  2.06897e-01       3.375e+12  9.984989e-01  8.247979e-04 -5.117724e-02  1.501096e-03
 3.51724e+00  2.06897e-01       1.542e+12  9.982498e-01  8.053783e-04 -5.508071e-02  1.750238e-03
 3.93103e+00  2.06897e-01       1.339e+12  9.982399e-01  8.256528e-04 -5.572432e-02  1.760055e-03
 4.34483e+00  2.06897e-01       8.803e+11  9.980822e-01  2.534383e-03 -5.648262e-02  1.917785e-03
 4.75862e+00  2.06897e-01       3.757e+11  9.969818e-01  2.771931e-03 -6.377656e-02  3.018215e-03
 5.17241e+00  2.06897e-01       1.796e+11  9.940125e-01 -1.005316e-02 -8.353040e-02  5.987481e-03
 5.58621e+00  2.06897e-01       1.575e+11  9.915275e-01 -1.949745e-02 -9.659955e-02  8.472506e-03
 6.00000e+00  2.06897e-01       1.489e+11  9.878713e-01 -1.601806e-02 -1.094231e-01  1.212866e-02
-6.00000e+00  6.20690e-01       1.572e+11  9.363262e-01 -1.937570e-02  2.375610e-01  6.367384e-02
-5.58621e+00  6.20690e-01       1.531e+11  9.560656e-01 -5.315218e-02  2.064607e-01  4.393437e-02
-5.17241e+00  6.20690e-01       1.413e+11  9.684633e-01 -6.059297e-02  1.663976e-01  3.153672e-02
-4.75862e+00  6.20690e-01       2.874e+11  9.859107e-01 -2.446783e-02  1.233630e-01  1.408934e-02
-4.34483e+00  6.20690e-01       7.889e+11  9.924271e-01 -9.194334e-03  1.107015e-01  7.572889e-03
-3.93103e+00  6.20690e-01       1.421e+12  9.937019e-01 -6.827772e-03  1.069099e-01  6.298072e-03
-3.51724e+00  6.20690e-01       1.895e+12  9.940632e-01 -9.941041e-03  1.041496e-01  5.936787e-03
-3.10345e+00  6.20690e-01       3.716e+12  9.937948e-01 -1.203516e-02  1.076201e-01  6.205215e-03
-2.68966e+00  6.20690e-01       9.404e+12  9.935672e-01 -8.142562e-03  1.109955e-01  6.432776e-03
-2.27586e+00  6.20690e-01       1.641e+13  9.936422e-01 -3.738489e-03  1.108778e-01  6.357751e-03
-1.86207e+00  6.20690e-01       1.676e+13  9.939206e-01  7.563443e-05  1.083242e-01  6.079400e-03
-1.44828e+00  6.20690e-01       1.031e+13  9.945808e-01  2.753103e-03  1.007517e-01  5.419191e-03
-1.03448e+00  6.20690e-01       4.768e+12  9.962237e-01  2.079330e-03  7.863074e-02  3.776284e-03
-6.20690e-01  6.20690e-01       2.524e+12  9.984064e-01 -4.027617e-03  4.212816e-02  1.593551e-03
-2.06897e-01  6.20690e-01       1.816e+12  9.993191e-01 -1.275964e-02  6.547632e-03  6.809181e-04
 2.06897e-01  6.20690e-01       1.980e+12  9.989574e-01 -1.756766e-02 -2.847073e-02  1.042631e-03
 6.20690e-01  6.20690e-01       2.978e+12  9.976566e-01 -1.502872e-02 -5.666707e-02  2.343369e-03
 1.03448e+00  6.20690e-01       5.514e+12  9.952874e-01 -1.174450e-02 -8.829728e-02  4.712625e-03
 1.44828e+00  6.20690e-01       1.150e+13  9.934742e-01 -8.410858e-03 -1.098510e-01  6.525770e-03
 1.86207e+00  6.20690e-01       1.795e+13  9.926625e-01 -4.198028e-03 -1.184969e-01  7.337504e-03
 2.27586e+00  6.20690e-01       1.659e+13  9.921407e-01  2.811155e-04 -1.231459e-01  7.859337e-03
 2.68966e+00  6.20690e-01       8.640e+12  9.915917e-01  4.746161e-03 -1.272977e-01  8.408306e-03
 3.10345e+00  6.20690e-01       2.934e+12  9.907508e-01  8.174397e-03 -1.328980e-01  9.249160e-03
 3.51724e+00  6.20690e-01       1.510e+12  9.901039e-01  6.012081e-03 -1.373381e-01  9.896144e-03
 3.93103e+00  6.20690e-01       1.347e+12  9.902409e-01  5.334339e-03 -1.362021e-01  9.759083e-03
 4.34483e+00  6.20690e-01       8.418e+11  9.891567e-01  7.450100e-03 -1.389168e-01  1.084335e-02
 4.75862e+00  6.20690e-01       3.508e+11  9.825827e-01  4.127897e-03 -1.597483e-01  1.741734e-02
 5.17241e+00  6.20690e-01       1.870e+11  9.678408e-01 -2.588638e-02 -2.074302e-01  3.215918e-02
 5.58621e+00  6.20690e-01       1.817e+11  9.573811e-01 -4.145252e-02 -2.326073e-01  4.261887e-02
 6.00000e+00  6.20690e-01       1.685e+11  9.358640e-01 -3.208772e-02 -2.652564e-01  6.413596e-02
-6.00000e+00  1.03448e+00       1.643e+11  8.304719e-01 -9.673157e-02  3.282536e-01  1.695281e-01
-5.58621e+00  1.03448e+00       1.583e+11  8.936047e-01 -9.674620e-02  2.658785e-01  1.063953e-01
-5.17241e+00  1.03448e+00       1.361e+11  9.182652e-01 -7.433039e-02  2.467768e-01  8.173484e-02
-4.75862e+00  1.03448e+00       2.412e+11  9.570419e-01 -3.528562e-02  2.075904e-01  4.295808e-02
-4.34483e+00  1.03448e+00       6.880e+11  9.791759e-01 -1.686217e-02  1.800330e-01  2.082413e-02
-3.93103e+00  1.03448e+00       1.363e+12  9.837730e-01 -1.220883e-02  1.728354e-01  1.622701e-02
-3.51724e+00  1.03448e+00       1.799e+12  9.849193e-01 -1.393046e-02  1.686785e-01  1.508073e-02
-3.10345e+00  1.03448e+00       2.913e+12  9.848603e-01 -1.701511e-02  1.692625e-01  1.513970e-02
-2.68966e+00  1.03448e+00       7.661e+12  9.846651e-01 -1.185322e-02  1.717332e-01  1.533491e-02
-2.27586e+00  1.03448e+00       1.628e+13  9.850908e-01 -5.234683e-03  1.700589e-01  1.490920e-02
-1.86207e+00  1.03448e+00       2.098e+13  9.858995e-01  5.239295e-04  1.654074e-01  1.410053e-02
-1.44828e+00  1.03448e+00       1.600e+13  9.872058e-01  5.095093e-03  1.562915e-01  1.279418e-02
-1.03448e+00  1.03448e+00       8.182e+12  9.900583e-01  6.596533e-03  1.306676e-01  9.941708e-03
-6.20690e-01  1.03448e+00       4.522e+12  9.955794e-01  7.847907e-04  6.667969e-02  4.420623e-03
-2.06897e-01  1.03448e+00       3.985e+12  9.987429e-01 -5.765510e-03  6.969636e-03  1.257092e-03
 2.06897e-01  1.03448e+00       4.108e+12  9.982541e-01 -7.579969e-03 -3.305417e-02  1.745880e-03
 6.20690e-01  1.03448e+00       4.897e+12  9.941625e-01 -9.333825e-03 -8.709221e-02  5.837477e-03
 1.03448e+00  1.03448e+00       9.027e+12  9.884211e-01 -1.048942e-02 -1.425929e-01  1.157892e-02
 1.44828e+00  1.03448e+00       1.742e+13  9.856921e-01 -6.310891e-03 -1.649444e-01  1.430788e-02
 1.86207e+00  1.03448e+00       2.201e+13  9.842672e-01 -2.307761e-04 -1.743055e-01  1.573279e-02
 2.27586e+00  1.03448e+00       1.602e+13  9.829771e-01  5.951147e-03 -1.814484e-01  1.702293e-02
 2.68966e+00  1.03448e+00       6.727e+12  9.813960e-01  1.190380e-02 -1.891461e-01  1.860403e-02
 3.10345e+00  1.03448e+00       2.198e+12  9.790569e-01  1.460347e-02 -1.994687e-01  2.094312e-02
 3.51724e+00  1.03448e+00       1.501e+12  9.785919e-01  9.572721e-03 -2.019586e-01  2.140808e-02
 3.93103e+00  1.03448e+00       1.335e+12  9.787913e-01  9.682026e-03 -2.001155e-01  2.120868e-02
 4.34483e+00  1.03448e+00       7.514e+11  9.749442e-01  1.219062e-02 -2.075807e-01  2.505584e-02
 4.75862e+00  1.03448e+00       2.999e+11  9.555712e-01  4.697563e-03 -2.487435e-01  4.442878e-02
 5.17241e+00  1.03448e+00       1.836e+11  9.217799e-01 -3.489852e-02 -3.267690e-01  7.822013e-02
 5.58621e+00  1.03448e+00       2.068e+11  9.018885e-01 -5.195913e-02 -3.581643e-01  9.811148e-02
 6.00000e+00  1.03448e+00       1.955e+11  8.495140e-01 -4.196866e-02 -3.976260e-01  1.504860e-01
-6.00000e+00  1.44828e+00       1.644e+11  7.593679e-01  8.833037e-03  3.823890e-01  2.406321e-01
-5.58621e+00  1.44828e+00       1.811e+11  8.435216e-01  1.449361e-03  3.736880e-01  1.564784e-01
-5.17241e+00  1.44828e+00       1.584e+11  8.635194e-01 -4.212120e-02  3.741004e-01  1.364806e-01
-4.75862e+00  1.44828e+00       1.999e+11  9.052768e-01 -5.566298e-02  3.032965e-01  9.472323e-02
-4.34483e+00  1.44828e+00       5.312e+11  9.596637e-01 -2.645250e-02  2.332851e-01  4.033627e-02
-3.93103e+00  1.44828e+00       1.221e+12  9.735012e-01 -1.652576e-02  2.170539e-01  2.649877e-02
-3.51724e+00  1.44828e+00       1.748e+12  9.764369e-01 -1.616422e-02  2.108620e-01  2.356314e-02
-3.10345e+00  1.44828e+00       2.163e+12  9.771948e-01 -2.102962e-02  2.071502e-01  2.280515e-02
-2.68966e+00  1.44828e+00       4.842e+12  9.775128e-01 -1.849947e-02  2.065338e-01  2.248724e-02
-2.27586e+00  1.44828e+00       1.304e+13  9.787222e-01 -1.018855e-02  2.021535e-01  2.127776e-02
-1.86207e+00  1.44828e+00       2.407e+13  9.804398e-01 -2.702375e-03  1.940814e-01  1.956019e-02
-1.44828e+00  1.44828e+00       2.719e+13  9.825789e-01  3.470897e-03  1.826105e-01  1.742114e-02
-1.03448e+00  1.44828e+00       1.887e+13  9.851920e-01  7.995238e-03  1.665355e-01  1.480798e-02
-6.20690e-01  1.44828e+00       8.615e+12  9.885963e-01  1.025240e-02  1.384204e-01  1.140370e-02
-2.06897e-01  1.44828e+00       3.579e+12  9.928712e-01  6.528034e-03  5.898341e-02  7.128751e-03
 2.06897e-01  1.44828e+00       3.704e+12  9.912929e-01 -1.017861e-02 -9.056072e-02  8.707123e-03
 6.20690e-01  1.44828e+00       9.286e+12  9.866587e-01 -1.377801e-02 -1.541508e-01  1.334128e-02
 1.03448e+00  1.44828e+00       2.040e+13  9.837783e-01 -7.575356e-03 -1.751593e-01  1.622172e-02
 1.44828e+00  1.44828e+00       2.874e+13  9.813166e-01 -1.642246e-04 -1.891683e-01  1.868343e-02
 1.86207e+00  1.44828e+00       2.429e+13  9.788544e-01  6.877986e-03 -2.015367e-01  2.114559e-02
 2.27586e+00  1.44828e+00       1.211e+13  9.761440e-01  1.354369e-02 -2.137085e-01  2.385603e-02
 2.68966e+00  1.44828e+00       3.857e+12  9.723196e-01  1.932410e-02 -2.287105e-01  2.768042e-02
 3.10345e+00  1.44828e+00       1.611e+12  9.683961e-01  1.618700e-02 -2.434251e-01  3.160388e-02
 3.51724e+00  1.44828e+00       1.580e+12  9.693755e-01  1.151379e-02 -2.408091e-01  3.062448e-02
 3.93103e+00  1.44828e+00       1.254e+12  9.683054e-01  1.352295e-02 -2.415416e-01  3.169462e-02
 4.34483e+00  1.44828e+00       6.107e+11  9.568165e-01  1.444327e-02 -2.613420e-01  4.318350e-02
 4.75862e+00  1.44828e+00       2.570e+11  9.159971e-01 -9.499469e-03 -3.311468e-01  8.400286e-02
 5.17241e+00  1.44828e+00       1.908e+11  8.791083e-01 -4.584338e-02 -4.000497e-01  1.208917e-01
 5.58621e+00  1.44828e+00       2.050e+11  8.562769e-01 -3.944251e-02 -4.276167e-01  1.437231e-01
 6.00000e+00  1.44828e+00       1.849e+11  7.786000e-01 -3.808215e-02 -4.683958e-01  2.214000e-01
-6.00000e+00  1.86207e+00       2.137e+11  5.598101e-01 -6.107631e-02  5.456931e-01  4.401899e-01
-5.58621e+00  1.86207e+00       2.251e+11  7.206507e-01 -9.970749e-02  4.603453e-01  2.793493e-01
-5.17241e+00  1.86207e+00       1.841e+11  7.948547e-01 -9.268664e-02  4.127670e-01  2.051453e-01
-4.75862e+00  1.86207e+00       1.697e+11  8.324089e-01 -7.227908e-02  3.796981e-01  1.675911e-01
-4.34483e+00  1.86207e+00       3.533e+11  9.254281e-01 -3.769020e-02  2.778317e-01  7.457187e-02
-3.93103e+00  1.86207e+00       9.470e+11  9.646700e-01 -2.150422e-02  2.365413e-01  3.533004e-02
-3.51724e+00  1.86207e+00       1.664e+12  9.723679e-01 -1.833808e-02  2.258091e-01  2.763212e-02
-3.10345e+00  1.86207e+00       1.889e+12  9.741822e-01 -2.154980e-02  2.198510e-01  2.581779e-02
-2.68966e+00  1.86207e+00       2.415e+12  9.748073e-01 -2.593695e-02  2.151208e-01  2.519268e-02
-2.27586e+00  1.86207e+00       6.215e+12  9.775948e-01 -1.935961e-02  2.040310e-01  2.240524e-02
-1.86207e+00  1.86207e+00       1.703e+13  9.809561e-01 -1.069143e-02  1.890186e-01  1.904388e-02
-1.44828e+00  1.86207e+00       3.311e+13  9.843811e-01 -3.158322e-03  1.697971e-01  1.561886e-02
-1.03448e+00  1.86207e+00       4.393e+13  9.883100e-01  2.448277e-03  1.421274e-01  1.168998e-02
-6.20690e-01  1.86207e+00       4.338e+13  9.926275e-01  4.694493e-03  9.964304e-02  7.372479e-03
-2.06897e-01  1.86207e+00       3.871e+13  9.959872e-01  2.708341e-03  3.409189e-02  4.012810e-03
 2.06897e-01  1.86207e+00       3.941e+13  9.957532e-01 -1.289768e-04 -4.476683e-02  4.246770e-03
 6.20690e-01  1.86207e+00       4.506e+13  9.921862e-01  1.114565e-03 -1.063241e-01  7.813808e-03
 1.03448e+00  1.86207e+00       4.531e+13  9.878057e-01  5.370550e-03 -1.460687e-01  1.219434e-02
 1.44828e+00  1.86207e+00       3.303e+13  9.835222e-01  1.045418e-02 -1.740545e-01  1.647779e-02
 1.86207e+00  1.86207e+00       1.586e+13  9.790941e-01  1.574622e-02 -1.972136e-01  2.090593e-02
 2.27586e+00  1.86207e+00       5.033e+12  9.731846e-01  2.125624e-02 -2.220759e-01  2.681541e-02
 2.68966e+00  1.86207e+00       1.675e+12  9.648642e-01  2.126625e-02 -2.523656e-01  3.513577e-02
 3.10345e+00  1.86207e+00       1.572e+12  9.653110e-01  1.321543e-02 -2.537274e-01  3.468904e-02
 3.51724e+00  1.86207e+00       1.626e+12  9.664051e-01  1.330501e-02 -2.503089e-01  3.359492e-02
 3.93103e+00  1.86207e+00       1.022e+12  9.606282e-01  1.658123e-02 -2.599969e-01  3.937184e-02
 4.34483e+00  1.86207e+00       4.326e+11  9.297055e-01  1.236752e-02 -3.098089e-01  7.029454e-02
 4.75862e+00  1.86207e+00       2.259e+11  8.600516e-01 -2.992503e-02 -4.227522e-01  1.399484e-01
 5.17241e+00  1.86207e+00       2.403e+11  8.234134e-01 -6.348621e-02 -4.858582e-01  1.765866e-01
 5.58621e+00  1.86207e+00       2.763e+11  7.669628e-01 -6.058984e-02 -5.265142e-01  2.330372e-01
 6.00000e+00  1.86207e+00       2.416e+11  6.254927e-01 -4.356861e-02 -6.070760e-01  3.745073e-01
-6.00000e+00  2.27586e+00       2.178e+11  4.695625e-01 -8.268664e-03  6.106590e-01  5.304375e-01
-5.58621e+00  2.27586e+00       2.715e+11  6.671578e-01 -4.225741e-02  5.464259e-01  3.328422e-01
-5.17241e+00  2.27586e+00       2.470e+11  7.548614e-01 -7.838841e-02  4.929440e-01  2.451386e-01
-4.75862e+00  2.27586e+00       1.896e+11  7.759050e-01 -9.548433e-02  4.601481e-01  2.240950e-01
-4.34483e+00  2.27586e+00       2.221e+11  8.469013e-01 -6.458004e-02  3.540694e-01  1.530987e-01
-3.93103e+00  2.27586e+00       5.702e+11  9.480207e-01 -2.795154e-02  2.395996e-01  5.197928e-02
-3.51724e+00  2.27586e+00       1.332e+12  9.733885e-01 -1.935326e-02  2.094153e-01  2.661146e-02
-3.10345e+00  2.27586e+00       1.909e+12  9.784213e-01 -2.008019e-02  1.980069e-01  2.157873e-02
-2.68966e+00  2.27586e+00       1.829e+12  9.791336e-01 -2.657898e-02  1.924177e-01  2.086641e-02
-2.27586e+00  2.27586e+00       1.992e+12  9.782564e-01 -3.076288e-02  1.905517e-01  2.174362e-02
-1.86207e+00  2.27586e+00       4.131e+12  9.831511e-01 -2.349780e-02  1.653358e-01  1.684895e-02
-1.44828e+00  2.27586e+00       1.097e+13  9.893414e-01 -1.692342e-02  1.312885e-01  1.065858e-02
-1.03448e+00  2.27586e+00       2.463e+13  9.932790e-01 -1.038197e-02  1.003028e-01  6.721030e-03
-6.20690e-01  2.27586e+00       4.147e+13  9.959717e-01 -3.753468e-03  6.502904e-02  4.028335e-03
-2.06897e-01  2.27586e+00       5.291e+13  9.975202e-01  1.575768e-03  2.266306e-02  2.479849e-03
 2.06897e-01  2.27586e+00       5.263e+13  9.974038e-01  5.252418e-03 -2.342987e-02  2.596220e-03
 6.20690e-01  2.27586e+00       4.054e+13  9.954784e-01  7.915037e-03 -6.785194e-02  4.521625e-03
 1.03448e+00  2.27586e+00       2.319e+13  9.919633e-01  1.054338e-02 -1.082044e-01  8.036676e-03
 1.44828e+00  2.27586e+00       9.532e+12  9.864126e-01  1.430734e-02 -1.479977e-01  1.358743e-02
 1.86207e+00  2.27586e+00       3.025e+12  9.765191e-01  1.997069e-02 -1.965290e-01  2.348094e-02
 2.27586e+00  2.27586e+00       1.254e+12  9.654484e-01  2.154113e-02 -2.399898e-01  3.455164e-02
 2.68966e+00  2.27586e+00       1.447e+12  9.701064e-01  1.513947e-02 -2.280923e-01  2.989359e-02
 3.10345e+00  2.27586e+00       1.812e+12  9.732229e-01  1.458415e-02 -2.203402e-01  2.677715e-02
 3.51724e+00  2.27586e+00       1.389e+12  9.701304e-01  1.787206e-02 -2.270925e-01  2.986956e-02
 3.93103e+00  2.27586e+00       6.650e+11  9.493563e-01  2.014936e-02 -2.644116e-01  5.064366e-02
 4.34483e+00  2.27586e+00       2.963e+11  8.793536e-01 -5.543135e-03 -3.786242e-01  1.206464e-01
 4.75862e+00  2.27586e+00       2.457e+11  8.214184e-01 -5.911309e-02 -4.817281e-01  1.785816e-01
 5.17241e+00  2.27586e+00       2.960e+11  7.986408e-01 -6.649860e-02 -5.151963e-01  2.013592e-01
 5.58621e+00  2.27586e+00       2.991e+11  7.210441e-01 -5.586098e-02 -5.628292e-01  2.789559e-01
 6.00000e+00  2.27586e+00       2.390e+11  5.352197e-01 -5.474231e-02 -6.539423e-01  4.647803e-01
-6.00000e+00  2.68966e+00       2.438e+11  2.825538e-01  2.670523e-02  7.045251e-01  7.174462e-01
-5.58621e+00  2.68966e+00       2.961e+11  5.846850e-01 -1.830249e-02  5.832125e-01  4.153150e-01
-5.17241e+00  2.68966e+00       3.060e+11  7.297709e-01 -4.865190e-02  5.125531e-01  2.702291e-01
-4.75862e+00  2.68966e+00       2.472e+11  7.741701e-01 -7.741519e-02  4.806716e-01  2.258299e-01
-4.34483e+00  2.68966e+00       1.936e+11  7.696973e-01 -8.571414e-02  4.519958e-01  2.303027e-01
-3.93103e+00  2.68966e+00       2.719e+11  8.767720e-01 -4.912511e-02  2.830369e-01  1.232280e-01
-3.51724e+00  2.68966e+00       7.240e+11  9.680500e-01 -2.271923e-02  1.671940e-01  3.195000e-02
-3.10345e+00  2.68966e+00       1.537e+12  9.863690e-01 -1.978229e-02  1.363878e-01  1.363098e-02
-2.68966e+00  2.68966e+00       1.979e+12  9.898715e-01 -2.380126e-02  1.202516e-01  1.012854e-02
-2.27586e+00  2.68966e+00       1.688e+12  9.895418e-01 -3.350163e-02  1.126527e-01  1.045816e-02
-1.86207e+00  2.68966e+00       1.467e+12  9.861268e-01 -4.152781e-02  1.251013e-01  1.387325e-02
-1.44828e+00  2.68966e+00       1.881e+12  9.850297e-01 -2.911580e-02  1.354566e-01  1.497032e-02
-1.03448e+00  2.68966e+00       2.545e+12  9.873133e-01 -4.870817e-03  1.164269e-01  1.268665e-02
-6.20690e-01  2.68966e+00       2.911e+12  9.906715e-01  1.809416e-02  6.755162e-02  9.328542e-03
-2.06897e-01  2.68966e+00       2.945e+12  9.929238e-01  3.179145e-02 -1.113617e-04  7.076167e-03
 2.06897e-01  2.68966e+00       2.810e+12  9.920850e-01  3.660078e-02 -6.477211e-02  7.915028e-03
 6.20690e-01  2.68966e+00       2.509e+12  9.881330e-01  3.423414e-02 -1.168860e-01  1.186701e-02
 1.03448e+00  2.68966e+00       1.921e+12  9.816957e-01  2.485321e-02 -1.592905e-01  1.830427e-02
 1.44828e+00  2.68966e+00       1.194e+12  9.728315e-01  1.484030e-02 -1.936309e-01  2.716855e-02
 1.86207e+00  2.68966e+00       9.130e+11  9.714659e-01  1.301619e-02 -1.858352e-01  2.853411e-02
 2.27586e+00  2.68966e+00       1.376e+12  9.828268e-01  1.296246e-02 -1.467676e-01  1.717316e-02
 2.68966e+00  2.68966e+00       1.888e+12  9.870957e-01  1.332360e-02 -1.382264e-01  1.290434e-02
 3.10345e+00  2.68966e+00       1.583e+12  9.850012e-01  1.683899e-02 -1.479529e-01  1.499882e-02
 3.51724e+00  2.68966e+00       8.241e+11  9.693031e-01  2.213319e-02 -1.865057e-01  3.069688e-02
 3.93103e+00  2.68966e+00       3.628e+11  9.077685e-01  1.041597e-02 -3.054790e-01  9.223145e-02
 4.34483e+00  2.68966e+00       2.556e+11  8.323949e-01 -4.206160e-02 -4.469942e-01  1.676051e-01
 4.75862e+00  2.68966e+00       3.035e+11  8.190595e-01 -6.462457e-02 -4.915250e-01  1.809405e-01
 5.17241e+00  2.68966e+00       3.517e+11  7.818173e-01 -5.390488e-02 -5.265823e-01  2.181827e-01
 5.58621e+00  2.68966e+00       3.134e+11  6.522259e-01 -4.421297e-02 -5.959998e-01  3.477741e-01
 6.00000e+00  2.68966e+00       2.396e+11  3.659463e-01 -3.053823e-02 -7.114996e-01  6.340537e-01
-6.00000e+00  3.10345e+00       2.887e+11  1.465718e-01  9.514193e-02  7.934759e-01  8.534282e-01
-5.58621e+00  3.10345e+00       3.235e+11  4.673200e-01  3.620192e-03  6.551867e-01  5.326800e-01
-5.17241e+00  3.10345e+00       3.683e+11  6.781186e-01 -4.073641e-02  5.423038e-01  3.218814e-01
-4.75862e+00  3.10345e+00       3.314e+11  7.778411e-01 -6.424069e-02  4.739202e-01  2.221589e-01
-4.34483e+00  3.10345e+00       2.519e+11  7.901989e-01 -7.732404e-02  4.575749e-01  2.098011e-01
-3.93103e+00  3.10345e+00       1.956e+11  7.720709e-01 -7.629824e-02  4.239799e-01  2.279291e-01
-3.51724e+00  3.10345e+00       2.597e+11  8.853907e-01 -3.624027e-02  1.974467e-01  1.146093e-01
-3.10345e+00  3.10345e+00       6.664e+11  9.780140e-01 -1.285156e-02  4.358657e-02  2.198599e-02
-2.68966e+00  3.10345e+00       1.434e+12  9.931734e-01 -1.551026e-02 -2.939696e-03  6.826635e-03
-2.27586e+00  3.10345e+00       1.904e+12  9.929562e-01 -2.436491e-02 -3.283618e-02  7.043839e-03
-1.86207e+00  3.10345e+00       1.602e+12  9.887952e-01 -3.858707e-02 -5.415413e-02  1.120478e-02
-1.44828e+00  3.10345e+00       1.084e+12  9.827787e-01 -5.249719e-02 -4.425430e-02  1.722125e-02
-1.03448e+00  3.10345e+00       8.142e+11  9.778168e-01 -4.216093e-02 -1.067316e-02  2.218319e-02
-6.20690e-01  3.10345e+00       6.971e+11  9.728105e-01 -1.157981e-02 -2.575744e-02  2.718952e-02
-2.06897e-01  3.10345e+00       6.254e+11  9.662531e-01  9.053932e-03 -8.718637e-02  3.374690e-02
 2.06897e-01  3.10345e+00       5.603e+11  9.588722e-01  2.088224e-02 -1.407126e-01  4.112785e-02
 6.20690e-01  3.10345e+00       5.011e+11  9.520053e-01  2.648259e-02 -1.618241e-01  4.799471e-02
 1.03448e+00  3.10345e+00       5.180e+11  9.529301e-01  1.689166e-02 -1.192580e-01  4.706986e-02
 1.44828e+00  3.10345e+00       8.175e+11  9.726820e-01  1.054894e-02 -1.724949e-02  2.731805e-02
 1.86207e+00  3.10345e+00       1.469e+12  9.884401e-01  1.089009e-02  2.859721e-02  1.155992e-02
 2.27586e+00  3.10345e+00       1.871e+12  9.937891e-01  1.325430e-02  2.714775e-02  6.210855e-03
 2.68966e+00  3.10345e+00       1.473e+12  9.932392e-01  1.870600e-02  2.238491e-03  6.760829e-03
 3.10345e+00  3.10345e+00       7.636e+11  9.802664e-01  2.679015e-02 -6.086370e-02  1.973359e-02
 3.51724e+00  3.10345e+00       3.606e+11  9.241814e-01  1.910003e-02 -2.198805e-01  7.581855e-02
 3.93103e+00  3.10345e+00       2.629e+11  8.512599e-01 -2.990318e-02 -3.917649e-01  1.487401e-01
 4.34483e+00  3.10345e+00       3.085e+11  8.404383e-01 -6.135620e-02 -4.453575e-01  1.595617e-01
 4.75862e+00  3.10345e+00       3.968e+11  8.257051e-01 -5.758569e-02 -4.809540e-01  1.742949e-01
 5.17241e+00  3.10345e+00       4.045e+11  7.458019e-01 -4.831118e-02 -5.417974e-01  2.541981e-01
 5.58621e+00  3.10345e+00       3.238e+11  5.513447e-01 -3.830595e-02 -6.529194e-01  4.486553e-01
 6.00000e+00  3.10345e+00       2.565e+11  2.398474e-01 -3.124015e-03 -7.815312e-01  7.601526e-01
-6.00000e+00  3.51724e+00       3.717e+11  7.476475e-02  1.148964e-01  8.707688e-01  9.252353e-01
-5.58621e+00  3.51724e+00       3.469e+11  3.419575e-01  3.116819e-02  7.553161e-01  6.580425e-01
-5.17241e+00  3.51724e+00       4.099e+11  5.977508e-01 -3.840329e-02  5.985099e-01  4.022492e-01
-4.75862e+00  3.51724e+00       4.221e+11  7.546222e-01 -5.861769e-02  4.758427e-01  2.453778e-01
-4.34483e+00  3.51724e+00       3.524e+11  8.307281e-01 -6.411489e-02  4.067796e-01  1.692719e-01
-3.93103e+00  3.51724e+00       2.670e+11  8.221519e-01 -6.707915e-02  4.074051e-01  1.778481e-01
-3.51724e+00  3.51724e+00       1.951e+11  7.782576e-01 -6.863423e-02  3.905405e-01  2.217424e-01
-3.10345e+00  3.51724e+00       1.812e+11  8.344991e-01 -2.576298e-02  1.510270e-01  1.655009e-01
-2.68966e+00  3.51724e+00       3.584e+11  9.409367e-01  1.614868e-02 -1.342679e-01  5.906326e-02
-2.27586e+00  3.51724e+00       8.481e+11  9.522163e-01  8.204370e-03 -2.405427e-01  4.778374e-02
-1.86207e+00  3.51724e+00       1.424e+12  9.315793e-01 -1.153071e-02 -3.052752e-01  6.842068e-02
-1.44828e+00  3.51724e+00       1.505e+12  8.946828e-01 -4.183299e-02 -3.612062e-01  1.053172e-01
-1.03448e+00  3.51724e+00       1.017e+12  8.295295e-01 -7.385869e-02 -3.957748e-01  1.704705e-01
-6.20690e-01  3.51724e+00       5.297e+11  7.235404e-01 -4.658703e-02 -3.398573e-01  2.764596e-01
-2.06897e-01  3.51724e+00       3.470e+11  6.592984e-01  9.230466e-02 -9.507722e-02  3.407016e-01
 2.06897e-01  3.51724e+00       3.969e+11  7.254670e-01  1.172467e-01  2.042910e-01  2.745330e-01
 6.20690e-01  3.51724e+00       6.455e+11  8.095017e-01  3.065386e-02  3.860235e-01  1.904983e-01
 1.03448e+00  3.51724e+00       1.085e+12  8.600775e-01 -8.291257e-03  4.313397e-01  1.399225e-01
 1.44828e+00  3.51724e+00       1.455e+12  8.932414e-01 -1.326030e-03  4.030149e-01  1.067586e-01
 1.86207e+00  3.51724e+00       1.360e+12  9.210202e-01  1.518695e-02  3.396842e-01  7.897981e-02
 2.27586e+00  3.51724e+00       8.789e+11  9.448995e-01  3.073870e-02  2.447034e-01  5.510053e-02
 2.68966e+00  3.51724e+00       4.594e+11  9.526089e-01  4.368701e-02  8.777640e-02  4.739115e-02
 3.10345e+00  3.51724e+00       2.842e+11  9.149936e-01  2.523213e-02 -1.576721e-01  8.500639e-02
 3.51724e+00  3.51724e+00       2.592e+11  8.705294e-01 -2.712279e-02 -3.226599e-01  1.294706e-01
 3.93103e+00  3.51724e+00       3.126e+11  8.720088e-01 -5.644679e-02 -3.626410e-01  1.279912e-01
 4.34483e+00  3.51724e+00       4.265e+11  8.708855e-01 -5.582480e-02 -4.023038e-01  1.291145e-01
 4.75862e+00  3.51724e+00       4.889e+11  8.178664e-01 -5.112825e-02 -4.691203e-01  1.821336e-01
 5.17241e+00  3.51724e+00       4.280e+11  6.810829e-01 -5.175200e-02 -5.776200e-01  3.189171e-01
 5.58621e+00  3.51724e+00       3.271e+11  4.459051e-01 -3.659383e-02 -7.250396e-01  5.540949e-01
 6.00000e+00  3.51724e+00       2.931e+11  1.382614e-01  4.463223e-03 -8.314921e-01  8.617386e-01
-6.00000e+00  3.93103e+00       4.922e+11  1.811334e-02  6.703372e-02  8.943123e-01  9.818867e-01
-5.58621e+00  3.93103e+00       3.686e+11  2.126464e-01  6.981875e-02  8.300401e-01  7.873536e-01
-5.17241e+00  3.93103e+00       3.975e+11  4.837538e-01 -5.466082e-03  6.716930e-01  5.162462e-01
-4.75862e+00  3.93103e+00       4.733e+11  7.024041e-01 -4.558928e-02  5.006350e-01  2.975959e-01
-4.34483e+00  3.93103e+00       4.654e+11  8.337495e-01 -5.607684e-02  3.691243e-01  1.662505e-01
-3.93103e+00  3.93103e+00       3.838e+11  8.895102e-01 -5.916644e-02  3.020042e-01  1.104898e-01
-3.51724e+00  3.93103e+00       2.959e+11  8.706326e-01 -5.508338e-02  3.123024e-01  1.293674e-01
-3.10345e+00  3.93103e+00       2.120e+11  8.078696e-01 -6.262431e-02  3.262261e-01  1.921304e-01
-2.68966e+00  3.93103e+00       1.391e+11  7.540341e-01 -3.937229e-02  2.018504e-01  2.459659e-01
-2.27586e+00  3.93103e+00       1.169e+11  7.654143e-01  8.729806e-02 -1.729393e-01  2.345857e-01
-1.86207e+00  3.93103e+00       1.632e+11  7.599495e-01  1.375897e-01 -4.865918e-01  2.400505e-01
-1.44828e+00  3.93103e+00       2.594e+11  6.448624e-01  1.384387e-01 -6.480744e-01  3.551376e-01
-1.03448e+00  3.93103e+00       3.777e+11  4.280255e-01  1.717432e-01 -7.336149e-01  5.719745e-01
-6.20690e-01  3.93103e+00       4.631e+11  1.318778e-01  2.252575e-01 -6.890340e-01  8.681222e-01
-2.06897e-01  3.93103e+00       4.757e+11 -1.671928e-01  2.694483e-01 -4.041608e-01  8.328072e-01
 2.06897e-01  3.93103e+00       4.487e+11 -2.619667e-01  2.655400e-01  1.136884e-01  7.380333e-01
 6.20690e-01  3.93103e+00       4.158e+11 -2.278168e-02  2.042766e-01  5.449808e-01  9.772183e-01
 1.03448e+00  3.93103e+00       3.746e+11  3.750760e-01  1.391163e-01  6.459302e-01  6.249240e-01
 1.44828e+00  3.93103e+00       3.236e+11  6.910231e-01  1.105766e-01  5.267345e-01  3.089769e-01
 1.86207e+00  3.93103e+00       2.618e+11  8.424312e-01  1.035067e-01  3.575249e-01  1.575688e-01
 2.27586e+00  3.93103e+00       2.205e+11  8.950098e-01  8.006873e-02  1.162283e-01  1.049902e-01
 2.68966e+00  3.93103e+00       2.290e+11  8.995520e-01  1.634659e-02 -1.260892e-01  1.004480e-01
 3.10345e+00  3.93103e+00       2.568e+11  8.898724e-01 -3.469208e-02 -2.184512e-01  1.101276e-01
 3.51724e+00  3.93103e+00       3.206e+11  9.055421e-01 -5.126904e-02 -2.344318e-01  9.445786e-02
 3.93103e+00  3.93103e+00       4.547e+11  9.188682e-01 -5.003903e-02 -2.796252e-01  8.113180e-02
 4.34483e+00  3.93103e+00       5.473e+11  8.863234e-01 -4.653073e-02 -3.541493e-01  1.136766e-01
 4.75862e+00  3.93103e+00       5.062e+11  7.782240e-01 -4.909847e-02 -4.752682e-01  2.217760e-01
 5.17241e+00  3.93103e+00       4.132e+11  5.848806e-01 -4.305474e-02 -6.544765e-01  4.151194e-01
 5.58621e+00  3.93103e+00       3.692e+11  3.618916e-01 -7.703248e-03 -8.065813e-01  6.381084e-01
 6.00000e+00  3.93103e+00       4.536e+11  9.461912e-02  3.645468e-03 -8.817791e-01  9.053809e-01
-6.00000e+00  4.34483e+00       7.652e+11  6.367490e-02  3.483372e-02  9.217393e-01  9.363251e-01
-5.58621e+00  4.34483e+00       5.088e+11  1.978663e-01  8.398867e-02  8.856937e-01  8.021337e-01
-5.17241e+00  4.34483e+00       3.973e+11  3.727786e-01  5.718970e-02  7.849143e-01  6.272214e-01
-4.75862e+00  4.34483e+00       4.485e+11  6.080502e-01 -2.023867e-02  5.854255e-01  3.919498e-01
-4.34483e+00  4.34483e+00       5.266e+11  7.874725e-01 -5.011600e-02  3.855229e-01  2.125275e-01
-3.93103e+00  4.34483e+00       5.091e+11  8.937393e-01 -5.612792e-02  2.294630e-01  1.062607e-01
-3.51724e+00  4.34483e+00       4.235e+11  9.390892e-01 -5.509054e-02  1.422370e-01  6.091081e-02
-3.10345e+00  4.34483e+00       3.385e+11  9.268785e-01 -3.638183e-02  1.453118e-01  7.312153e-02
-2.68966e+00  4.34483e+00       2.593e+11  8.673979e-01 -3.890825e-02  1.874428e-01  1.326021e-01
-2.27586e+00  4.34483e+00       1.727e+11  7.679717e-01 -7.886675e-02  1.857302e-01  2.320283e-01
-1.86207e+00  4.34483e+00       9.952e+10  6.111362e-01 -3.226579e-03  6.840821e-02  3.888638e-01
-1.44828e+00  4.34483e+00       6.259e+10  4.336126e-01  2.963129e-01 -1.993957e-01  5.663874e-01
-1.03448e+00  4.34483e+00       5.333e+10  3.065831e-01  4.391405e-01 -4.356099e-01  6.934169e-01
-6.20690e-01  4.34483e+00       5.325e+10  8.968497e-02  3.308654e-01 -4.706522e-01  9.103150e-01
-2.06897e-01  4.34483e+00       5.332e+10 -1.952085e-01  1.928790e-01 -2.738333e-01  8.047915e-01
 2.06897e-01  4.34483e+00       5.410e+10 -2.643171e-01  1.328250e-01  4.670837e-02  7.356829e-01
 6.20690e-01  4.34483e+00       6.206e+10  6.864000e-02  2.042283e-01  2.622303e-01  9.313600e-01
 1.03448e+00  4.34483e+00       8.537e+10  5.193314e-01  2.769060e-01  3.076935e-01  4.806686e-01
 1.44828e+00  4.34483e+00       1.268e+11  7.799049e-01  2.016264e-01  2.297001e-01  2.200951e-01
 1.86207e+00  4.34483e+00       1.831e+11  8.784985e-01  5.471737e-02  8.227080e-02  1.215015e-01
 2.27586e+00  4.34483e+00       2.287e+11  8.902661e-01 -3.266140e-02 -2.043972e-02  1.097339e-01
 2.68966e+00  4.34483e+00       2.530e+11  8.844711e-01 -4.291676e-02 -3.624457e-02  1.155289e-01
 3.10345e+00  4.34483e+00       3.341e+11  9.226153e-01 -3.845823e-02 -4.537476e-02  7.738467e-02
 3.51724e+00  4.34483e+00       4.977e+11  9.540674e-01 -4.196239e-02 -1.122342e-01  4.593262e-02
 3.93103e+00  4.34483e+00       6.010e+11  9.377682e-01 -4.357564e-02 -2.031104e-01  6.223177e-02
 4.34483e+00  4.34483e+00       5.569e+11  8.553923e-01 -5.125156e-02 -3.408296e-01  1.446077e-01
 4.75862e+00  4.34483e+00       4.569e+11  6.950361e-01 -5.278200e-02 -5.465788e-01  3.049639e-01
 5.17241e+00  4.34483e+00       3.982e+11  5.140482e-01 -1.898579e-02 -7.328238e-01  4.859518e-01
 5.58621e+00  4.34483e+00       4.444e+11  3.008020e-01  7.833561e-03 -8.435858e-01  6.991980e-01
 6.00000e+00  4.34483e+00       6.865e+11  6.221370e-02 -1.126802e-02 -9.161893e-01  9.377863e-01
-6.00000e+00  4.75862e+00       1.121e+12  1.244369e-01  4.270660e-03  9.368794e-01  8.755631e-01
-5.58621e+00  4.75862e+00       8.028e+11  2.498095e-01  4.975758e-02  8.954080e-01  7.501905e-01
-5.17241e+00  4.75862e+00       5.254e+11  3.622779e-01  9.466477e-02  8.430068e-01  6.377221e-01
-4.75862e+00  4.75862e+00       4.102e+11  5.029643e-01  5.409135e-02  7.223409e-01  4.970357e-01
-4.34483e+00  4.75862e+00       4.671e+11  6.958902e-01 -2.566760e-02  4.902193e-01  3.041098e-01
-3.93103e+00  4.75862e+00       5.528e+11  8.405853e-01 -5.331831e-02  2.504361e-01  1.594147e-01
-3.51724e+00  4.75862e+00       5.452e+11  9.199418e-01 -5.668761e-02  5.320884e-02  8.005824e-02
-3.10345e+00  4.75862e+00       4.647e+11  9.497296e-01 -5.877443e-02 -8.293274e-02  5.027043e-02
-2.68966e+00  4.75862e+00       3.807e+11  9.468742e-01 -3.355037e-02 -1.276912e-01  5.312578e-02
-2.27586e+00  4.75862e+00       3.158e+11  9.158930e-01  2.181486e-02 -9.049435e-02  8.410701e-02
-1.86207e+00  4.75862e+00       2.580e+11  8.465725e-01  2.956963e-03 -2.150489e-02  1.534275e-01
-1.44828e+00  4.75862e+00       1.885e+11  7.199989e-01 -1.484283e-01  3.996990e-02  2.800011e-01
-1.03448e+00  4.75862e+00       1.233e+11  5.617191e-01 -3.300544e-01  1.146651e-01  4.382809e-01
-6.20690e-01  4.75862e+00       8.608e+10  5.094450e-01 -3.188130e-01  2.933517e-01  4.905550e-01
-2.06897e-01  4.75862e+00       7.780e+10  6.122524e-01 -1.235619e-01  4.821392e-01  3.877476e-01
 2.06897e-01  4.75862e+00       9.333e+10  7.276090e-01 -6.035739e-02  5.051952e-01  2.723910e-01
 6.20690e-01  4.75862e+00       1.330e+11  7.836209e-01 -1.368451e-01  4.322834e-01  2.163791e-01
 1.03448e+00  4.75862e+00       1.830e+11  7.920206e-01 -1.839037e-01  3.297741e-01  2.079794e-01
 1.44828e+00  4.75862e+00       2.055e+11  7.614127e-01 -1.450170e-01  2.243485e-01  2.385873e-01
 1.86207e+00  4.75862e+00       1.994e+11  7.187534e-01 -3.310857e-02  1.888724e-01  2.812466e-01
 2.27586e+00  4.75862e+00       2.379e+11  7.813848e-01  1.730259e-02  2.381708e-01  2.186152e-01
 2.68966e+00  4.75862e+00       3.821e+11  9.006026e-01 -2.040949e-02  2.033361e-01  9.939745e-02
 3.10345e+00  4.75862e+00       5.621e+11  9.564952e-01 -3.764135e-02  1.065663e-01  4.350481e-02
 3.51724e+00  4.75862e+00       6.291e+11  9.575144e-01 -4.425114e-02 -1.079737e-02  4.248558e-02
 3.93103e+00  4.75862e+00       5.608e+11  8.972651e-01 -5.842930e-02 -1.845243e-01  1.027349e-01
 4.34483e+00  4.75862e+00       4.635e+11  7.696055e-01 -6.323685e-02 -4.310968e-01  2.303945e-01
 4.75862e+00  4.75862e+00       4.126e+11  6.332367e-01 -2.488570e-02 -6.421521e-01  3.667633e-01
 5.17241e+00  4.75862e+00       4.457e+11  4.794626e-01  1.201413e-02 -7.682107e-01  5.205374e-01
 5.58621e+00  4.75862e+00       6.636e+11  2.597002e-01 -6.154414e-03 -8.782058e-01  7.402998e-01
 6.00000e+00  4.75862e+00       1.078e+12  9.630958e-02 -1.926932e-02 -9.453608e-01  9.036904e-01
-6.00000e+00  5.17241e+00       1.455e+12  1.921457e-01 -1.585217e-02  9.441568e-01  8.078543e-01
-5.58621e+00  5.17241e+00       1.183e+12  3.047823e-01  7.246975e-03  8.918144e-01  6.952177e-01
-5.17241e+00  5.17241e+00       8.511e+11  4.327379e-01  6.278628e-02  8.239473e-01  5.672621e-01
-4.75862e+00  5.17241e+00       5.541e+11  5.241695e-01  1.077925e-01  7.643315e-01  4.758305e-01
-4.34483e+00  5.17241e+00       4.034e+11  6.093682e-01  6.686700e-02  6.575929e-01  3.906318e-01
-3.93103e+00  5.17241e+00       4.363e+11  7.467163e-01 -2.149767e-02  4.132410e-01  2.532837e-01
-3.51724e+00  5.17241e+00       5.276e+11  8.502796e-01 -5.846757e-02  1.212842e-01  1.497204e-01
-3.10345e+00  5.17241e+00       5.505e+11  8.901689e-01 -5.969414e-02 -1.360999e-01  1.098311e-01
-2.68966e+00  5.17241e+00       4.901e+11  8.718405e-01 -6.112356e-02 -3.433340e-01  1.281595e-01
-2.27586e+00  5.17241e+00       4.099e+11  8.213321e-01 -7.044740e-02 -4.903163e-01  1.786679e-01
-1.86207e+00  5.17241e+00       3.387e+11  7.759908e-01 -4.432302e-02 -5.512099e-01  2.240092e-01
-1.44828e+00  5.17241e+00       2.670e+11  7.252334e-01  3.722210e-02 -5.269799e-01  2.747666e-01
-1.03448e+00  5.17241e+00       2.039e+11  5.890747e-01  2.222666e-01 -4.583593e-01  4.109253e-01
-6.20690e-01  5.17241e+00       1.827e+11  3.811668e-01  4.838341e-01 -4.258338e-01  6.188332e-01
-2.06897e-01  5.17241e+00       1.874e+11  2.496112e-01  6.249571e-01 -3.995769e-01  7.503888e-01
 2.06897e-01  5.17241e+00       1.787e+11  1.835014e-01  6.570971e-01 -2.760128e-01  8.164986e-01
 6.20690e-01  5.17241e+00       1.536e+11  1.653641e-01  5.835524e-01 -2.612679e-02  8.346359e-01
 1.03448e+00  5.17241e+00       1.415e+11  2.087219e-01  3.344475e-01  3.214069e-01  7.912781e-01
 1.44828e+00  5.17241e+00       1.886e+11  3.844453e-01  7.826698e-02  5.811749e-01  6.155547e-01
 1.86207e+00  5.17241e+00       3.207e+11  6.278937e-01 -1.342056e-02  5.968482e-01  3.721063e-01
 2.27586e+00  5.17241e+00       4.889e+11  7.935728e-01 -3.719240e-02  5.010684e-01  2.064272e-01
 2.68966e+00  5.17241e+00       5.911e+11  8.838400e-01 -4.304637e-02  3.699044e-01  1.161600e-01
 3.10345e+00  5.17241e+00       5.793e+11  9.185745e-01 -5.537937e-02  2.053323e-01  8.142548e-02
 3.51724e+00  5.17241e+00       4.966e+11  8.900557e-01 -7.847655e-02 -3.175892e-02  1.099443e-01
 3.93103e+00  5.17241e+00       4.253e+11  8.078477e-01 -7.639047e-02 -3.284484e-01  1.921523e-01
 4.34483e+00  5.17241e+00       4.034e+11  7.292865e-01 -2.100383e-02 -5.381471e-01  2.707135e-01
 4.75862e+00  5.17241e+00       4.404e+11  6.289281e-01  2.014322e-02 -6.573043e-01  3.710719e-01
 5.17241e+00  5.17241e+00       6.535e+11  4.374231e-01 -3.366043e-03 -8.039510e-01  5.625769e-01
 5.58621e+00  5.17241e+00       1.118e+12  2.826120e-01 -2.430589e-02 -9.077988e-01  7.173880e-01
 6.00000e+00  5.17241e+00       1.545e+12  1.841350e-01 -2.006297e-02 -9.538885e-01  8.158650e-01
-6.00000e+00  5.58621e+00       1.680e+12  2.791896e-01 -1.230319e-02  9.374916e-01  7.208104e-01
-5.58621e+00  5.58621e+00       1.555e+12  3.765163e-01 -9.901012e-03  8.873286e-01  6.234837e-01
-5.17241e+00  5.58621e+00       1.289e+12  4.882046e-01  1.214895e-02  8.119931e-01  5.117954e-01
-4.75862e+00  5.58621e+00       9.498e+11  5.983878e-01  6.114017e-02  7.222452e-01  4.016122e-01
-4.34483e+00  5.58621e+00       6.074e+11  6.690396e-01  1.158618e-01  6.473134e-01  3.309604e-01
-3.93103e+00  5.58621e+00       3.881e+11  7.092570e-01  1.045038e-01  5.718560e-01  2.907430e-01
-3.51724e+00  5.58621e+00       3.592e+11  7.813723e-01  6.647120e-03  3.867352e-01  2.186277e-01
-3.10345e+00  5.58621e+00       4.250e+11  8.244201e-01 -6.091829e-02  7.654667e-02  1.755799e-01
-2.68966e+00  5.58621e+00       4.800e+11  7.969003e-01 -8.071859e-02 -2.666011e-01  2.030997e-01
-2.27586e+00  5.58621e+00       4.665e+11  7.037469e-01 -6.486720e-02 -5.381677e-01  2.962531e-01
-1.86207e+00  5.58621e+00       3.935e+11  5.164443e-01 -5.132227e-02 -7.379175e-01  4.835557e-01
-1.44828e+00  5.58621e+00       3.431e+11  2.294871e-01 -9.401785e-02 -8.761569e-01  7.705129e-01
-1.03448e+00  5.58621e+00       3.227e+11 -3.831150e-02 -1.680745e-01 -8.921298e-01  9.616885e-01
-6.20690e-01  5.58621e+00       2.771e+11 -2.850674e-01 -2.292633e-01 -7.545215e-01  7.149326e-01
-2.06897e-01  5.58621e+00       2.257e+11 -5.372680e-01 -2.661034e-01 -3.642002e-01  4.627320e-01
 2.06897e-01  5.58621e+00       2.249e+11 -6.158633e-01 -2.514582e-01  2.390262e-01  3.841367e-01
 6.20690e-01  5.58621e+00       2.810e+11 -4.309097e-01 -1.975580e-01  6.693728e-01  5.690903e-01
 1.03448e+00  5.58621e+00       3.512e+11 -1.266605e-01 -1.355025e-01  8.404936e-01  8.733395e-01
 1.44828e+00  5.58621e+00       4.065e+11  2.282354e-01 -7.762966e-02  8.433068e-01  7.717646e-01
 1.86207e+00  5.58621e+00       4.540e+11  5.372412e-01 -4.987776e-02  7.424118e-01  4.627588e-01
 2.27586e+00  5.58621e+00       4.724e+11  7.171779e-01 -6.307079e-02  5.961999e-01  2.828221e-01
 2.68966e+00  5.58621e+00       4.316e+11  8.004290e-01 -9.934023e-02  3.800905e-01  1.995710e-01
 3.10345e+00  5.58621e+00       3.740e+11  8.291076e-01 -1.236665e-01  4.911635e-02  1.708924e-01
 3.51724e+00  5.58621e+00       3.580e+11  8.244279e-01 -7.826241e-02 -2.600519e-01  1.755721e-01
 3.93103e+00  5.58621e+00       3.812e+11  8.118708e-01  5.617441e-03 -4.067563e-01  1.881292e-01
 4.34483e+00  5.58621e+00       4.414e+11  7.506533e-01  3.052990e-02 -5.115715e-01  2.493467e-01
 4.75862e+00  5.58621e+00       6.604e+11  5.959545e-01 -5.930247e-03 -6.930822e-01  4.040455e-01
 5.17241e+00  5.58621e+00       1.130e+12  4.540030e-01 -2.137651e-02 -8.338526e-01  5.459970e-01
 5.58621e+00  5.58621e+00       1.620e+12  3.574002e-01 -1.081537e-02 -9.042543e-01  6.425998e-01
 6.00000e+00  5.58621e+00       1.803e+12  2.774710e-01  4.155545e-03 -9.425942e-01  7.225290e-01
-6.00000e+00  6.00000e+00       1.781e+12  3.788020e-01 -6.640847e-03  9.138815e-01  6.211980e-01
-5.58621e+00  6.00000e+00       1.770e+12  4.500112e-01 -1.181362e-02  8.715903e-01  5.499888e-01
-5.17241e+00  6.00000e+00       1.616e+12  5.443636e-01 -9.608558e-03  7.979164e-01  4.556364e-01
-4.75862e+00  6.00000e+00       1.375e+12  6.468796e-01  9.299821e-03  6.941389e-01  3.531204e-01
-4.34483e+00  6.00000e+00       1.072e+12  7.449326e-01  5.316012e-02  5.710322e-01  2.550674e-01
-3.93103e+00  6.00000e+00       7.255e+11  8.076225e-01  1.148695e-01  4.663233e-01  1.923775e-01
-3.51724e+00  6.00000e+00       4.209e+11  8.162145e-01  1.525542e-01  4.057829e-01  1.837855e-01
-3.10345e+00  6.00000e+00       2.865e+11  8.290144e-01  8.856589e-02  3.277658e-01  1.709856e-01
-2.68966e+00  6.00000e+00       2.901e+11  8.609259e-01 -1.380058e-02  1.588543e-01  1.390741e-01
-2.27586e+00  6.00000e+00       3.120e+11  7.934861e-01 -9.213299e-02 -1.002760e-01  2.065139e-01
-1.86207e+00  6.00000e+00       3.166e+11  5.546350e-01 -1.436707e-01 -4.363159e-01  4.453650e-01
-1.44828e+00  6.00000e+00       3.228e+11  1.603082e-01 -1.621243e-01 -7.152392e-01  8.396918e-01
-1.03448e+00  6.00000e+00       3.293e+11 -2.178497e-01 -1.427303e-01 -7.932844e-01  7.821503e-01
-6.20690e-01  6.00000e+00       3.092e+11 -5.093163e-01 -7.368250e-02 -6.401011e-01  4.906837e-01
-2.06897e-01  6.00000e+00       2.753e+11 -7.121897e-01  5.652613e-03 -2.439617e-01  2.878103e-01
 2.06897e-01  6.00000e+00       2.700e+11 -7.007974e-01  1.666251e-02  2.929472e-01  2.992026e-01
 6.20690e-01  6.00000e+00       3.020e+11 -4.663151e-01 -4.614963e-02  6.921767e-01  5.336849e-01
 1.03448e+00  6.00000e+00       3.276e+11 -1.851422e-01 -1.119912e-01  8.575757e-01  8.148578e-01
 1.44828e+00  6.00000e+00       3.012e+11  8.366443e-02 -1.642031e-01  8.375337e-01  9.163356e-01
 1.86207e+00  6.00000e+00       2.549e+11  3.875160e-01 -2.239920e-01  6.109304e-01  6.124840e-01
 2.27586e+00  6.00000e+00       2.405e+11  6.525746e-01 -2.359766e-01  2.519563e-01  3.474254e-01
 2.68966e+00  6.00000e+00       2.617e+11  7.892904e-01 -1.366075e-01 -3.066962e-02  2.107096e-01
 3.10345e+00  6.00000e+00       3.135e+11  8.565932e-01 -5.149002e-03 -1.530799e-01  1.434068e-01
 3.51724e+00  6.00000e+00       3.635e+11  8.794198e-01  5.551718e-02 -1.951433e-01  1.205802e-01
 3.93103e+00  6.00000e+00       4.386e+11  8.340044e-01  2.978062e-02 -3.254741e-01  1.659956e-01
 4.34483e+00  6.00000e+00       6.979e+11  7.193928e-01 -1.652474e-02 -5.644208e-01  2.806072e-01
 4.75862e+00  6.00000e+00       1.203e+12  6.127728e-01 -2.142971e-02 -7.302247e-01  3.872272e-01
 5.17241e+00  6.00000e+00       1.719e+12  5.299378e-01 -6.230102e-03 -8.192261e-01  4.700622e-01
 5.58621e+00  6.00000e+00       1.949e+12  4.557812e-01  7.989057e-03 -8.741715e-01  5.442188e-01
 6.00000e+00  6.00000e+00       1.830e+12  3.843484e-01  1.097588e-02 -9.116343e-01  6.156516e-01
