 EB(GeV)    EMITTANCEx EMITTANCEy SIZEx(m)   SIZEy(m)   DIVx(rad)  DIVy(rad)
 1.500e+00  5.941e-09  5.941e-11  1.840e-04  1.299e-05  3.228e-05  4.574e-06
 betax      alphax     betay      alphay     eta        deta       E_spread  
 5.700e+00  0.000e+00  2.840e+00  0.000e+00  0.000e+00  0.000e+00  1.000e-03
 Ibeam(A) 
  2.000e-01


           x            y       F.Density            PL            PC          PL45        1-|PL|
          mm           mm  ph/s/mm^2/0.1%             -             -             -             -
-6.00000e+00 -6.00000e+00       1.253e+12  6.120962e-01  1.356648e-02 -7.617117e-01  3.879038e-01
-5.58621e+00 -6.00000e+00       1.704e+12  6.722743e-01  1.027461e-02 -7.113865e-01  3.277257e-01
-5.17241e+00 -6.00000e+00       2.359e+12  7.215005e-01  6.105678e-03 -6.692237e-01  2.784995e-01
-4.75862e+00 -6.00000e+00       2.716e+12  7.543635e-01  1.690695e-03 -6.332182e-01  2.456365e-01
-4.34483e+00 -6.00000e+00       2.462e+12  7.906956e-01 -7.099742e-03 -5.737753e-01  2.093044e-01
-3.93103e+00 -6.00000e+00       1.965e+12  8.399993e-01 -2.014608e-02 -4.566144e-01  1.600007e-01
-3.51724e+00 -6.00000e+00       1.592e+12  8.876245e-01 -2.724025e-02 -2.694478e-01  1.123755e-01
-3.10345e+00 -6.00000e+00       1.336e+12  9.110626e-01 -2.678634e-02 -5.132777e-02  8.893735e-02
-2.68966e+00 -6.00000e+00       1.044e+12  9.000064e-01 -3.549957e-02  1.405828e-01  9.999361e-02
-2.27586e+00 -6.00000e+00       6.825e+11  8.530127e-01 -5.803090e-02  2.748732e-01  1.469873e-01
-1.86207e+00 -6.00000e+00       3.962e+11  7.796826e-01 -8.031712e-02  3.182781e-01  2.203174e-01
-1.44828e+00 -6.00000e+00       2.570e+11  6.696663e-01 -1.520379e-01  2.054471e-01  3.303337e-01
-1.03448e+00 -6.00000e+00       2.096e+11  4.548694e-01 -3.748654e-01  5.896566e-02  5.451306e-01
-6.20690e-01 -6.00000e+00       2.080e+11  2.529131e-01 -6.107571e-01  4.147480e-02  7.470869e-01
-2.06897e-01 -6.00000e+00       2.245e+11  1.938826e-01 -7.096376e-01  1.897177e-02  8.061174e-01
 2.06897e-01 -6.00000e+00       2.437e+11  2.162218e-01 -6.867427e-01 -1.203179e-01  7.837782e-01
 6.20690e-01 -6.00000e+00       2.592e+11  2.993780e-01 -5.424558e-01 -2.990414e-01  7.006220e-01
 1.03448e+00 -6.00000e+00       2.618e+11  4.181177e-01 -2.831268e-01 -4.029997e-01  5.818823e-01
 1.44828e+00 -6.00000e+00       2.667e+11  5.137035e-01 -1.763505e-02 -4.434733e-01  4.862965e-01
 1.86207e+00 -6.00000e+00       3.129e+11  6.256858e-01  8.908245e-02 -4.584508e-01  3.743142e-01
 2.27586e+00 -6.00000e+00       4.078e+11  7.570643e-01  8.940589e-02 -3.933186e-01  2.429357e-01
 2.68966e+00 -6.00000e+00       5.766e+11  8.553148e-01  6.708885e-02 -1.914910e-01  1.446852e-01
 3.10345e+00 -6.00000e+00       9.405e+11  8.966681e-01  2.930510e-02  8.598636e-02  1.033319e-01
 3.51724e+00 -6.00000e+00       1.557e+12  8.874972e-01  5.889640e-04  3.068876e-01  1.125028e-01
 3.93103e+00 -6.00000e+00       2.199e+12  8.533712e-01 -9.856948e-03  4.512267e-01  1.466288e-01
 4.34483e+00 -6.00000e+00       2.552e+12  8.012987e-01 -8.935205e-03  5.597056e-01  1.987013e-01
 4.75862e+00 -6.00000e+00       2.585e+12  7.410256e-01 -4.871367e-03  6.465647e-01  2.589744e-01
 5.17241e+00 -6.00000e+00       2.390e+12  6.883744e-01 -5.886226e-03  7.048008e-01  3.116256e-01
 5.58621e+00 -6.00000e+00       2.003e+12  6.477251e-01 -1.262085e-02  7.401375e-01  3.522749e-01
 6.00000e+00 -6.00000e+00       1.445e+12  6.194877e-01 -1.883584e-02  7.617966e-01  3.805123e-01
-6.00000e+00 -5.58621e+00       1.570e+12  5.253409e-01  1.109766e-02 -8.290014e-01  4.746591e-01
-5.58621e+00 -5.58621e+00       2.223e+12  5.745437e-01  6.419686e-03 -8.012836e-01  4.254563e-01
-5.17241e+00 -5.58621e+00       2.573e+12  6.122844e-01  9.031917e-04 -7.715374e-01  3.877156e-01
-4.75862e+00 -5.58621e+00       2.380e+12  6.632826e-01 -6.794121e-03 -7.140751e-01  3.367174e-01
-4.34483e+00 -5.58621e+00       1.969e+12  7.374835e-01 -1.420932e-02 -6.035559e-01  2.625165e-01
-3.93103e+00 -5.58621e+00       1.606e+12  8.211537e-01 -1.983331e-02 -4.416416e-01  1.788463e-01
-3.51724e+00 -5.58621e+00       1.250e+12  8.857678e-01 -3.463224e-02 -2.779693e-01  1.142322e-01
-3.10345e+00 -5.58621e+00       8.288e+11  9.101656e-01 -6.874743e-02 -1.600415e-01  8.983441e-02
-2.68966e+00 -5.58621e+00       4.797e+11  8.849332e-01 -1.138975e-01 -1.018359e-01  1.150668e-01
-2.27586e+00 -5.58621e+00       3.287e+11  8.366191e-01 -1.096373e-01 -4.251415e-02  1.633809e-01
-1.86207e+00 -5.58621e+00       3.135e+11  8.222734e-01 -4.598592e-02  7.314602e-02  1.777266e-01
-1.44828e+00 -5.58621e+00       2.974e+11  7.683224e-01 -4.175928e-03  1.221604e-01  2.316776e-01
-1.03448e+00 -5.58621e+00       2.325e+11  5.346306e-01  8.920406e-02  9.187539e-02  4.653694e-01
-6.20690e-01 -5.58621e+00       1.774e+11  5.858627e-02  3.017407e-01  7.116332e-02  9.414137e-01
-2.06897e-01 -5.58621e+00       1.659e+11 -2.882778e-01  4.430495e-01 -2.189365e-02  7.117222e-01
 2.06897e-01 -5.58621e+00       1.868e+11 -1.967372e-01  4.049864e-01 -2.862749e-01  8.032628e-01
 6.20690e-01 -5.58621e+00       2.210e+11  1.420973e-01  2.948173e-01 -4.575478e-01  8.579027e-01
 1.03448e+00 -5.58621e+00       2.417e+11  4.394260e-01  2.051224e-01 -3.898251e-01  5.605740e-01
 1.44828e+00 -5.58621e+00       2.520e+11  6.019652e-01  1.430734e-01 -2.079758e-01  3.980348e-01
 1.86207e+00 -5.58621e+00       2.895e+11  7.066941e-01  4.290307e-02 -9.933509e-02  2.933059e-01
 2.27586e+00 -5.58621e+00       3.552e+11  8.020977e-01 -3.086038e-02 -8.608564e-02  1.979023e-01
 2.68966e+00 -5.58621e+00       4.277e+11  8.681669e-01 -6.980092e-03 -7.396549e-02  1.318331e-01
 3.10345e+00 -5.58621e+00       5.382e+11  8.963391e-01  3.394126e-02  2.891238e-02  1.036609e-01
 3.51724e+00 -5.58621e+00       8.080e+11  8.687130e-01  3.356589e-02  2.552435e-01  1.312870e-01
 3.93103e+00 -5.58621e+00       1.373e+12  8.039552e-01  1.391942e-02  4.768618e-01  1.960448e-01
 4.34483e+00 -5.58621e+00       2.083e+12  7.378968e-01  4.629937e-04  6.175126e-01  2.621032e-01
 4.75862e+00 -5.58621e+00       2.514e+12  6.710391e-01 -4.298934e-03  7.099722e-01  3.289609e-01
 5.17241e+00 -5.58621e+00       2.508e+12  6.014004e-01 -4.309339e-03  7.793409e-01  3.985996e-01
 5.58621e+00 -5.58621e+00       2.212e+12  5.412247e-01 -6.121369e-03  8.257553e-01  4.587753e-01
 6.00000e+00 -5.58621e+00       1.758e+12  4.970005e-01 -1.319993e-02  8.516371e-01  5.029995e-01
-6.00000e+00 -5.17241e+00       1.965e+12  4.239683e-01  7.704501e-03 -8.896977e-01  5.760317e-01
-5.58621e+00 -5.17241e+00       2.369e+12  4.652332e-01  1.784315e-03 -8.674330e-01  5.347668e-01
-5.17241e+00 -5.17241e+00       2.279e+12  5.232904e-01 -4.592175e-03 -8.212265e-01  4.767096e-01
-4.75862e+00 -5.17241e+00       1.916e+12  6.103199e-01 -1.026601e-02 -7.322636e-01  3.896801e-01
-4.34483e+00 -5.17241e+00       1.519e+12  7.140571e-01 -2.053339e-02 -6.051780e-01  2.859429e-01
-3.93103e+00 -5.17241e+00       1.096e+12  7.970997e-01 -4.749087e-02 -4.840868e-01  2.029003e-01
-3.51724e+00 -5.17241e+00       6.831e+11  8.325497e-01 -8.584072e-02 -3.993429e-01  1.674503e-01
-3.10345e+00 -5.17241e+00       4.453e+11  8.362288e-01 -8.591866e-02 -3.246425e-01  1.637712e-01
-2.68966e+00 -5.17241e+00       3.800e+11  8.443838e-01 -2.934226e-02 -2.071570e-01  1.556162e-01
-2.27586e+00 -5.17241e+00       3.435e+11  8.051197e-01  2.342951e-02 -1.091200e-02  1.948803e-01
-1.86207e+00 -5.17241e+00       3.083e+11  6.128593e-01  7.669642e-02  3.376478e-01  3.871407e-01
-1.44828e+00 -5.17241e+00       3.208e+11  2.608336e-01  1.388967e-01  6.941494e-01  7.391664e-01
-1.03448e+00 -5.17241e+00       3.535e+11 -8.450892e-02  1.744708e-01  8.016207e-01  9.154911e-01
-6.20690e-01 -5.17241e+00       3.496e+11 -4.027542e-01  1.701396e-01  6.459507e-01  5.972458e-01
-2.06897e-01 -5.17241e+00       3.208e+11 -6.573971e-01  1.538442e-01  2.483253e-01  3.426029e-01
 2.06897e-01 -5.17241e+00       3.072e+11 -6.823476e-01  1.514955e-01 -2.651407e-01  3.176524e-01
 6.20690e-01 -5.17241e+00       3.190e+11 -4.489321e-01  1.501136e-01 -6.606787e-01  5.510679e-01
 1.03448e+00 -5.17241e+00       3.355e+11 -1.140286e-01  1.195551e-01 -8.244897e-01  8.859714e-01
 1.44828e+00 -5.17241e+00       3.343e+11  2.425970e-01  7.233511e-02 -7.551717e-01  7.574030e-01
 1.86207e+00 -5.17241e+00       3.426e+11  5.930060e-01  6.650656e-02 -4.763736e-01  4.069940e-01
 2.27586e+00 -5.17241e+00       3.782e+11  7.946452e-01  8.964314e-02 -1.670520e-01  2.053548e-01
 2.68966e+00 -5.17241e+00       4.104e+11  8.520402e-01  6.791091e-02  5.097201e-02  1.479598e-01
 3.10345e+00 -5.17241e+00       4.510e+11  8.702815e-01  1.854450e-02  1.751027e-01  1.297185e-01
 3.51724e+00 -5.17241e+00       5.361e+11  8.702016e-01  9.506828e-03  2.633770e-01  1.297984e-01
 3.93103e+00 -5.17241e+00       7.541e+11  8.046119e-01  2.006762e-02  4.292206e-01  1.953881e-01
 4.34483e+00 -5.17241e+00       1.262e+12  6.949793e-01  1.515497e-02  6.235366e-01  3.050207e-01
 4.75862e+00 -5.17241e+00       1.961e+12  6.029374e-01  5.561411e-03  7.481911e-01  3.970626e-01
 5.17241e+00 -5.17241e+00       2.392e+12  5.257616e-01 -4.488552e-04  8.228307e-01  4.742384e-01
 5.58621e+00 -5.17241e+00       2.332e+12  4.527069e-01 -3.057729e-03  8.739473e-01  5.472931e-01
 6.00000e+00 -5.17241e+00       1.951e+12  3.907786e-01 -6.666494e-03  9.062922e-01  6.092214e-01
-6.00000e+00 -4.75862e+00       1.930e+12  3.086866e-01 -7.934882e-03 -9.332572e-01  6.913134e-01
-5.58621e+00 -4.75862e+00       2.012e+12  3.718405e-01 -9.016186e-03 -8.987503e-01  6.281595e-01
-5.17241e+00 -4.75862e+00       1.787e+12  4.673813e-01 -1.215354e-02 -8.311639e-01  5.326187e-01
-4.75862e+00 -4.75862e+00       1.416e+12  5.825294e-01 -2.277102e-02 -7.358037e-01  4.174706e-01
-4.34483e+00 -4.75862e+00       9.892e+11  6.750403e-01 -5.093270e-02 -6.442760e-01  3.249597e-01
-3.93103e+00 -4.75862e+00       6.239e+11  7.265787e-01 -8.150822e-02 -5.665601e-01  2.734213e-01
-3.51724e+00 -4.75862e+00       4.580e+11  7.658003e-01 -5.505010e-02 -4.587351e-01  2.341997e-01
-3.10345e+00 -4.75862e+00       4.425e+11  8.059000e-01  8.737266e-03 -2.213984e-01  1.941000e-01
-2.68966e+00 -4.75862e+00       5.021e+11  8.007803e-01  5.734800e-02  1.668453e-01  1.992197e-01
-2.27586e+00 -4.75862e+00       5.936e+11  7.291760e-01  7.384776e-02  4.991833e-01  2.708240e-01
-1.86207e+00 -4.75862e+00       6.005e+11  6.000127e-01  7.606525e-02  6.946865e-01  3.999873e-01
-1.44828e+00 -4.75862e+00       5.053e+11  3.809847e-01  1.079557e-01  8.110038e-01  6.190153e-01
-1.03448e+00 -4.75862e+00       4.145e+11  3.576305e-02  1.771683e-01  8.197350e-01  9.642369e-01
-6.20690e-01 -4.75862e+00       3.621e+11 -3.474796e-01  2.135964e-01  6.344049e-01  6.525204e-01
-2.06897e-01 -4.75862e+00       3.328e+11 -6.093517e-01  1.941736e-01  2.010412e-01  3.906483e-01
 2.06897e-01 -4.75862e+00       3.412e+11 -5.957891e-01  1.689398e-01 -3.508378e-01  4.042109e-01
 6.20690e-01 -4.75862e+00       3.910e+11 -3.238968e-01  1.528409e-01 -7.237584e-01  6.761032e-01
 1.03448e+00 -4.75862e+00       4.779e+11  6.349446e-02  1.147424e-01 -8.483488e-01  9.365055e-01
 1.44828e+00 -4.75862e+00       5.952e+11  3.991610e-01  7.264471e-02 -8.186018e-01  6.008390e-01
 1.86207e+00 -4.75862e+00       6.565e+11  6.036435e-01  5.372213e-02 -7.228772e-01  3.963565e-01
 2.27586e+00 -4.75862e+00       6.077e+11  7.371484e-01  4.509890e-02 -5.456011e-01  2.628516e-01
 2.68966e+00 -4.75862e+00       5.365e+11  8.331333e-01  4.543669e-02 -2.353035e-01  1.668667e-01
 3.10345e+00 -4.75862e+00       5.046e+11  8.633073e-01  5.493822e-02  1.003325e-01  1.366927e-01
 3.51724e+00 -4.75862e+00       4.988e+11  8.420565e-01  3.891584e-02  3.192406e-01  1.579435e-01
 3.93103e+00 -4.75862e+00       5.439e+11  8.018946e-01  1.292172e-02  4.441084e-01  1.981054e-01
 4.34483e+00 -4.75862e+00       7.310e+11  7.041552e-01  1.161894e-02  5.850484e-01  2.958448e-01
 4.75862e+00 -4.75862e+00       1.190e+12  5.600078e-01  1.113297e-02  7.466757e-01  4.399922e-01
 5.17241e+00 -4.75862e+00       1.844e+12  4.492605e-01  4.227642e-03  8.513570e-01  5.507395e-01
 5.58621e+00 -4.75862e+00       2.251e+12  3.718563e-01  3.218869e-04  9.064601e-01  6.281437e-01
 6.00000e+00 -4.75862e+00       2.174e+12  3.060058e-01  2.690096e-04  9.381210e-01  6.939942e-01
-6.00000e+00 -4.34483e+00       1.895e+12  2.265879e-01  4.456801e-04 -9.488683e-01  7.734121e-01
-5.58621e+00 -4.34483e+00       1.702e+12  3.097108e-01 -5.208613e-03 -9.055189e-01  6.902892e-01
-5.17241e+00 -4.34483e+00       1.319e+12  4.260437e-01 -1.874149e-02 -8.335558e-01  5.739563e-01
-4.75862e+00 -4.34483e+00       9.154e+11  5.390811e-01 -5.017713e-02 -7.547954e-01  4.609189e-01
-4.34483e+00 -4.34483e+00       6.003e+11  6.157225e-01 -7.542963e-02 -6.793581e-01  3.842775e-01
-3.93103e+00 -4.34483e+00       4.809e+11  6.975282e-01 -3.839438e-02 -5.318003e-01  3.024718e-01
-3.51724e+00 -4.34483e+00       5.347e+11  8.096040e-01  2.342272e-02 -2.325211e-01  1.903960e-01
-3.10345e+00 -4.34483e+00       6.605e+11  8.825025e-01  5.429207e-02  8.291756e-02  1.174975e-01
-2.68966e+00 -4.34483e+00       7.064e+11  8.869962e-01  6.982745e-02  2.980362e-01  1.130038e-01
-2.27586e+00 -4.34483e+00       6.034e+11  8.423532e-01  9.823992e-02  4.501366e-01  1.576468e-01
-1.86207e+00 -4.34483e+00       4.444e+11  7.691521e-01  1.357168e-01  5.706897e-01  2.308479e-01
-1.44828e+00 -4.34483e+00       3.126e+11  6.849233e-01  1.518645e-01  6.489612e-01  3.150767e-01
-1.03448e+00 -4.34483e+00       2.177e+11  6.018599e-01  1.033785e-01  6.466393e-01  3.981401e-01
-6.20690e-01 -4.34483e+00       1.558e+11  5.084590e-01 -9.189872e-02  5.377315e-01  4.915410e-01
-2.06897e-01 -4.34483e+00       1.301e+11  4.037181e-01 -3.449953e-01  3.792382e-01  5.962819e-01
 2.06897e-01 -4.34483e+00       1.209e+11  3.223929e-01 -3.841647e-01  1.677530e-01  6.776071e-01
 6.20690e-01 -4.34483e+00       1.237e+11  2.718999e-01 -1.516982e-01 -2.188665e-01  7.281001e-01
 1.03448e+00 -4.34483e+00       1.670e+11  3.464103e-01  8.018376e-02 -5.755154e-01  6.535897e-01
 1.44828e+00 -4.34483e+00       2.923e+11  5.770578e-01  9.645490e-02 -6.285694e-01  4.229422e-01
 1.86207e+00 -4.34483e+00       5.179e+11  7.668084e-01  6.223183e-02 -5.411978e-01  2.331916e-01
 2.27586e+00 -4.34483e+00       7.469e+11  8.628870e-01  4.577528e-02 -4.417032e-01  1.371130e-01
 2.68966e+00 -4.34483e+00       8.135e+11  9.074706e-01  3.644722e-02 -3.266697e-01  9.252940e-02
 3.10345e+00 -4.34483e+00       7.123e+11  9.140042e-01  3.215166e-02 -1.333373e-01  8.599582e-02
 3.51724e+00 -4.34483e+00       5.957e+11  8.713462e-01  3.839967e-02  1.627531e-01  1.286538e-01
 3.93103e+00 -4.34483e+00       5.338e+11  7.972566e-01  3.626123e-02  4.228092e-01  2.027434e-01
 4.34483e+00 -4.34483e+00       5.451e+11  7.135292e-01  1.538105e-02  5.763253e-01  2.864708e-01
 4.75862e+00 -4.34483e+00       7.266e+11  5.733836e-01  8.457453e-03  7.127606e-01  4.266164e-01
 5.17241e+00 -4.34483e+00       1.188e+12  4.118482e-01  1.014061e-02  8.410311e-01  5.881518e-01
 5.58621e+00 -4.34483e+00       1.742e+12  3.005097e-01  6.732659e-03  9.147915e-01  6.994903e-01
 6.00000e+00 -4.34483e+00       1.941e+12  2.214677e-01  1.904217e-03  9.517938e-01  7.785323e-01
-6.00000e+00 -3.93103e+00       1.556e+12  1.576701e-01 -1.889645e-03 -9.473371e-01  8.423299e-01
-5.58621e+00 -3.93103e+00       1.241e+12  2.672873e-01 -1.351992e-02 -8.968960e-01  7.327127e-01
-5.17241e+00 -3.93103e+00       8.717e+11  3.952686e-01 -4.358362e-02 -8.317258e-01  6.047314e-01
-4.75862e+00 -3.93103e+00       5.859e+11  5.007951e-01 -7.152472e-02 -7.597845e-01  4.992049e-01
-4.34483e+00 -3.93103e+00       4.860e+11  6.247449e-01 -3.682063e-02 -6.052343e-01  3.752551e-01
-3.93103e+00 -3.93103e+00       5.684e+11  7.906093e-01  2.314888e-02 -3.265827e-01  2.093907e-01
-3.51724e+00 -3.93103e+00       6.947e+11  9.033033e-01  5.282136e-02 -7.712524e-02  9.669667e-02
-3.10345e+00 -3.93103e+00       6.908e+11  9.458148e-01  7.505962e-02  8.580151e-02  5.418520e-02
-2.68966e+00 -3.93103e+00       5.582e+11  9.508620e-01  1.002663e-01  1.863295e-01  4.913801e-02
-2.27586e+00 -3.93103e+00       4.365e+11  9.433591e-01  8.335784e-02  2.144336e-01  5.664087e-02
-1.86207e+00 -3.93103e+00       3.876e+11  9.261574e-01  1.125118e-02  1.506337e-01  7.384263e-02
-1.44828e+00 -3.93103e+00       3.488e+11  8.735878e-01 -3.253776e-02  1.866612e-02  1.264122e-01
-1.03448e+00 -3.93103e+00       2.633e+11  7.413344e-01 -4.519679e-02 -1.697134e-01  2.586656e-01
-6.20690e-01 -3.93103e+00       1.814e+11  5.379727e-01 -8.084098e-02 -3.973090e-01  4.620273e-01
-2.06897e-01 -3.93103e+00       1.582e+11  4.816243e-01 -1.302463e-01 -5.395031e-01  5.183757e-01
 2.06897e-01 -3.93103e+00       1.948e+11  6.294305e-01 -1.319212e-01 -5.031424e-01  3.705695e-01
 6.20690e-01 -3.93103e+00       2.549e+11  7.525771e-01 -9.618885e-02 -3.685983e-01  2.474229e-01
 1.03448e+00 -3.93103e+00       2.746e+11  7.786801e-01 -5.005356e-02 -2.187501e-01  2.213199e-01
 1.44828e+00 -3.93103e+00       2.406e+11  7.246434e-01 -8.369800e-03 -1.376999e-01  2.753566e-01
 1.86207e+00 -3.93103e+00       2.453e+11  7.390510e-01  3.717492e-02 -2.108523e-01  2.609490e-01
 2.27586e+00 -3.93103e+00       3.924e+11  8.766429e-01  6.165369e-02 -2.421275e-01  1.233571e-01
 2.68966e+00 -3.93103e+00       6.556e+11  9.519584e-01  5.167616e-02 -1.770327e-01  4.804164e-02
 3.10345e+00 -3.93103e+00       8.309e+11  9.693310e-01  3.733805e-02 -9.419438e-02  3.066902e-02
 3.51724e+00 -3.93103e+00       7.802e+11  9.434410e-01  2.898336e-02  3.924563e-02  5.655903e-02
 3.93103e+00 -3.93103e+00       6.325e+11  8.582841e-01  3.108874e-02  2.733497e-01  1.417159e-01
 4.34483e+00 -3.93103e+00       5.325e+11  7.372375e-01  3.010042e-02  5.204904e-01  2.627625e-01
 4.75862e+00 -3.93103e+00       5.327e+11  6.053823e-01  1.243311e-02  6.813891e-01  3.946177e-01
 5.17241e+00 -3.93103e+00       7.350e+11  4.206299e-01  6.642376e-03  8.096526e-01  5.793701e-01
 5.58621e+00 -3.93103e+00       1.188e+12  2.546662e-01  9.472104e-03  9.052988e-01  7.453338e-01
 6.00000e+00 -3.93103e+00       1.608e+12  1.510823e-01  7.078842e-03  9.532322e-01  8.489177e-01
-6.00000e+00 -3.51724e+00       1.160e+12  1.130056e-01 -7.104916e-03 -9.316239e-01  8.869944e-01
-5.58621e+00 -3.51724e+00       8.415e+11  2.461410e-01 -3.225971e-02 -8.806895e-01  7.538590e-01
-5.17241e+00 -3.51724e+00       5.721e+11  3.784752e-01 -6.637524e-02 -8.184554e-01  6.215248e-01
-4.75862e+00 -3.51724e+00       4.624e+11  5.298754e-01 -4.649399e-02 -6.866050e-01  4.701246e-01
-4.34483e+00 -3.51724e+00       5.352e+11  7.319255e-01  1.500379e-02 -4.415397e-01  2.680745e-01
-3.93103e+00 -3.51724e+00       6.565e+11  8.775280e-01  4.949038e-02 -2.240440e-01  1.224720e-01
-3.51724e+00 -3.51724e+00       6.499e+11  9.457082e-01  7.326677e-02 -8.817292e-02  5.429179e-02
-3.10345e+00 -3.51724e+00       5.314e+11  9.670340e-01  8.880989e-02 -2.906012e-02  3.296603e-02
-2.68966e+00 -3.51724e+00       4.243e+11  9.514558e-01  6.178162e-02 -5.712349e-02  4.854418e-02
-2.27586e+00 -3.51724e+00       3.280e+11  8.921372e-01  1.101107e-02 -1.220618e-01  1.078628e-01
-1.86207e+00 -3.51724e+00       2.082e+11  7.707551e-01 -6.324880e-02 -1.341484e-01  2.292449e-01
-1.44828e+00 -3.51724e+00       1.182e+11  5.749671e-01 -3.008037e-01  4.208425e-03  4.250329e-01
-1.03448e+00 -3.51724e+00       7.984e+10  4.291045e-01 -6.335058e-01  2.133479e-01  5.708955e-01
-6.20690e-01 -3.51724e+00       5.886e+10  3.815849e-01 -7.803321e-01  2.533613e-01  6.184151e-01
-2.06897e-01 -3.51724e+00       4.694e+10  3.784132e-01 -7.917855e-01  8.028006e-02  6.215868e-01
 2.06897e-01 -3.51724e+00       5.436e+10  4.704781e-01 -7.209781e-01 -1.924744e-01  5.295219e-01
 6.20690e-01 -3.51724e+00       8.782e+10  6.238905e-01 -5.957183e-01 -3.149572e-01  3.761095e-01
 1.03448e+00 -3.51724e+00       1.478e+11  7.660731e-01 -4.283756e-01 -2.635218e-01  2.339269e-01
 1.44828e+00 -3.51724e+00       2.236e+11  8.644871e-01 -2.446164e-01 -1.376647e-01  1.355129e-01
 1.86207e+00 -3.51724e+00       2.778e+11  8.935679e-01 -1.022632e-01 -3.941821e-02  1.064321e-01
 2.27586e+00 -3.51724e+00       2.912e+11  8.856968e-01 -4.901997e-04 -1.704305e-02  1.143032e-01
 2.68966e+00 -3.51724e+00       3.680e+11  9.214134e-01  5.915448e-02 -2.570774e-02  7.858658e-02
 3.10345e+00 -3.51724e+00       5.860e+11  9.667416e-01  5.682633e-02  1.695914e-02  3.325840e-02
 3.51724e+00 -3.51724e+00       7.749e+11  9.702458e-01  3.945357e-02  8.297687e-02  2.975420e-02
 3.93103e+00 -3.51724e+00       7.468e+11  9.255585e-01  2.838962e-02  1.946915e-01  7.444145e-02
 4.34483e+00 -3.51724e+00       5.981e+11  8.120098e-01  2.784667e-02  3.965710e-01  1.879902e-01
 4.75862e+00 -3.51724e+00       4.923e+11  6.556898e-01  2.336968e-02  6.168799e-01  3.443102e-01
 5.17241e+00 -3.51724e+00       5.134e+11  4.715191e-01  7.169648e-03  7.673008e-01  5.284809e-01
 5.58621e+00 -3.51724e+00       7.555e+11  2.546526e-01  6.437083e-03  8.758333e-01  7.453474e-01
 6.00000e+00 -3.51724e+00       1.161e+12  1.021437e-01  9.551676e-03  9.397926e-01  8.978563e-01
-6.00000e+00 -3.10345e+00       8.101e+11  9.802587e-02 -1.970726e-02 -9.062654e-01  9.019741e-01
-5.58621e+00 -3.10345e+00       5.606e+11  2.493788e-01 -5.598078e-02 -8.560729e-01  7.506212e-01
-5.17241e+00 -3.10345e+00       4.253e+11  4.159068e-01 -6.119123e-02 -7.598736e-01  5.840932e-01
-4.75862e+00 -3.10345e+00       4.619e+11  6.409178e-01 -2.310181e-03 -5.518992e-01  3.590822e-01
-4.34483e+00 -3.10345e+00       5.815e+11  8.229987e-01  4.122781e-02 -3.456559e-01  1.770013e-01
-3.93103e+00 -3.10345e+00       6.038e+11  9.161755e-01  6.635251e-02 -2.170603e-01  8.382450e-02
-3.51724e+00 -3.10345e+00       5.047e+11  9.474614e-01  8.223466e-02 -1.675595e-01  5.253865e-02
-3.10345e+00 -3.10345e+00       3.895e+11  9.276479e-01  6.418839e-02 -1.930542e-01  7.235208e-02
-2.68966e+00 -3.10345e+00       2.759e+11  8.689644e-01  1.358831e-02 -2.120949e-01  1.310356e-01
-2.27586e+00 -3.10345e+00       1.681e+11  7.946810e-01 -9.181723e-02 -9.722545e-02  2.053190e-01
-1.86207e+00 -3.10345e+00       1.088e+11  7.432198e-01 -2.813157e-01  1.904041e-01  2.567802e-01
-1.44828e+00 -3.10345e+00       8.965e+10  7.026913e-01 -3.841508e-01  4.134940e-01  2.973087e-01
-1.03448e+00 -3.10345e+00       7.835e+10  6.177315e-01 -3.530282e-01  4.701778e-01  3.822685e-01
-6.20690e-01 -3.10345e+00       6.949e+10  5.062665e-01 -2.509053e-01  3.788538e-01  4.937335e-01
-2.06897e-01 -3.10345e+00       7.134e+10  4.553376e-01 -1.571251e-01  1.550473e-01  5.446624e-01
 2.06897e-01 -3.10345e+00       8.545e+10  5.288779e-01 -1.456880e-01 -1.359728e-01  4.711221e-01
 6.20690e-01 -3.10345e+00       1.101e+11  6.513343e-01 -1.889116e-01 -3.736195e-01  3.486657e-01
 1.03448e+00 -3.10345e+00       1.343e+11  7.310299e-01 -2.343943e-01 -4.656011e-01  2.689701e-01
 1.44828e+00 -3.10345e+00       1.539e+11  7.978805e-01 -2.599634e-01 -3.755444e-01  2.021195e-01
 1.86207e+00 -3.10345e+00       1.942e+11  8.750737e-01 -2.216586e-01 -1.402954e-01  1.249263e-01
 2.27586e+00 -3.10345e+00       2.547e+11  9.112000e-01 -1.256103e-01  4.352067e-02  8.879998e-02
 2.68966e+00 -3.10345e+00       2.961e+11  9.145178e-01 -2.146820e-02  1.103563e-01  8.548218e-02
 3.10345e+00 -3.10345e+00       3.726e+11  9.349672e-01  5.205844e-02  1.188569e-01  6.503281e-02
 3.51724e+00 -3.10345e+00       5.599e+11  9.587325e-01  5.680826e-02  1.509307e-01  4.126748e-02
 3.93103e+00 -3.10345e+00       7.091e+11  9.474212e-01  3.914944e-02  2.092959e-01  5.257876e-02
 4.34483e+00 -3.10345e+00       6.584e+11  8.812835e-01  2.785108e-02  3.197561e-01  1.187165e-01
 4.75862e+00 -3.10345e+00       5.141e+11  7.391005e-01  2.551508e-02  5.111009e-01  2.608995e-01
 5.17241e+00 -3.10345e+00       4.314e+11  5.479045e-01  1.510297e-02  7.041524e-01  4.520955e-01
 5.58621e+00 -3.10345e+00       5.031e+11  3.091968e-01  3.211317e-03  8.321105e-01  6.908032e-01
 6.00000e+00 -3.10345e+00       7.738e+11  9.210243e-02  7.980563e-03  9.116671e-01  9.078976e-01
-6.00000e+00 -2.68966e+00       5.471e+11  1.225942e-01 -4.638341e-02 -8.710349e-01  8.774058e-01
-5.58621e+00 -2.68966e+00       3.945e+11  2.997084e-01 -7.696146e-02 -8.080377e-01  7.002916e-01
-5.17241e+00 -2.68966e+00       3.774e+11  5.268812e-01 -3.529733e-02 -6.503980e-01  4.731188e-01
-4.75862e+00 -2.68966e+00       4.802e+11  7.491109e-01  2.414739e-02 -4.460505e-01  2.508891e-01
-4.34483e+00 -2.68966e+00       5.465e+11  8.742967e-01  5.537105e-02 -3.093365e-01  1.257033e-01
-3.93103e+00 -2.68966e+00       4.836e+11  9.235317e-01  7.549243e-02 -2.490718e-01  7.646832e-02
-3.51724e+00 -2.68966e+00       3.701e+11  9.146299e-01  7.078558e-02 -2.589397e-01  8.537014e-02
-3.10345e+00 -2.68966e+00       2.597e+11  8.714495e-01  2.826943e-02 -2.635135e-01  1.285505e-01
-2.68966e+00 -2.68966e+00       1.718e+11  8.468904e-01 -6.063336e-02 -1.254182e-01  1.531096e-01
-2.27586e+00 -2.68966e+00       1.602e+11  8.739331e-01 -1.391524e-01  1.772576e-01  1.260669e-01
-1.86207e+00 -2.68966e+00       2.758e+11  8.462517e-01 -1.044206e-01  4.101524e-01  1.537483e-01
-1.44828e+00 -2.68966e+00       5.206e+11  7.472260e-01 -8.281447e-02  5.529971e-01  2.527740e-01
-1.03448e+00 -2.68966e+00       7.298e+11  5.885263e-01 -9.299363e-02  6.428706e-01  4.114737e-01
-6.20690e-01 -2.68966e+00       7.278e+11  3.381557e-01 -1.199687e-01  5.948037e-01  6.618443e-01
-2.06897e-01 -2.68966e+00       6.564e+11  1.066585e-01 -1.541867e-01  1.469221e-01  8.933415e-01
 2.06897e-01 -2.68966e+00       7.757e+11  2.466791e-01 -1.562685e-01 -4.696568e-01  7.533209e-01
 6.20690e-01 -2.68966e+00       1.019e+12  5.266702e-01 -1.255435e-01 -6.574147e-01  4.733298e-01
 1.03448e+00 -2.68966e+00       1.035e+12  6.998127e-01 -9.157395e-02 -6.196901e-01  3.001873e-01
 1.44828e+00 -2.68966e+00       7.329e+11  8.011776e-01 -6.664592e-02 -5.241161e-01  1.988224e-01
 1.86207e+00 -2.68966e+00       4.118e+11  8.762746e-01 -7.221154e-02 -3.732378e-01  1.237254e-01
 2.27586e+00 -2.68966e+00       2.710e+11  9.245143e-01 -1.097326e-01 -1.352148e-01  7.548572e-02
 2.68966e+00 -2.68966e+00       2.617e+11  9.272965e-01 -8.843452e-02  8.930170e-02  7.270349e-02
 3.10345e+00 -2.68966e+00       2.930e+11  9.203695e-01 -7.051530e-03  1.855282e-01  7.963051e-02
 3.51724e+00 -2.68966e+00       3.826e+11  9.353600e-01  5.379374e-02  2.071190e-01  6.464000e-02
 3.93103e+00 -2.68966e+00       5.510e+11  9.444251e-01  5.268510e-02  2.379164e-01  5.557492e-02
 4.34483e+00 -2.68966e+00       6.324e+11  9.156804e-01  3.532726e-02  2.974097e-01  8.431957e-02
 4.75862e+00 -2.68966e+00       5.377e+11  8.214712e-01  2.530641e-02  4.196704e-01  1.785288e-01
 5.17241e+00 -2.68966e+00       4.068e+11  6.459562e-01  1.842827e-02  6.091886e-01  3.540438e-01
 5.58621e+00 -2.68966e+00       3.721e+11  4.068443e-01  2.879942e-03  7.723846e-01  5.931557e-01
 6.00000e+00 -2.68966e+00       5.025e+11  1.368774e-01  4.056198e-03  8.701226e-01  8.631226e-01
-6.00000e+00 -2.27586e+00       3.333e+11  1.026526e-01  4.323025e-02 -8.282272e-01  8.973474e-01
-5.58621e+00 -2.27586e+00       2.742e+11  3.746266e-01  1.704915e-02 -7.066303e-01  6.253734e-01
-5.17241e+00 -2.27586e+00       3.576e+11  6.553507e-01  3.479176e-02 -5.226829e-01  3.446493e-01
-4.75862e+00 -2.27586e+00       4.667e+11  8.185673e-01  5.394379e-02 -3.770595e-01  1.814327e-01
-4.34483e+00 -2.27586e+00       4.625e+11  8.978619e-01  6.692946e-02 -2.939861e-01  1.021381e-01
-3.93103e+00 -2.27586e+00       3.685e+11  9.138483e-01  7.176216e-02 -2.803325e-01  8.615168e-02
-3.51724e+00 -2.27586e+00       2.649e+11  8.863548e-01  4.777706e-02 -2.884874e-01  1.136452e-01
-3.10345e+00 -2.27586e+00       2.008e+11  8.843543e-01 -1.527705e-02 -1.684476e-01  1.156457e-01
-2.68966e+00 -2.27586e+00       3.011e+11  9.498140e-01 -4.303583e-02  8.613225e-02  5.018598e-02
-2.27586e+00 -2.27586e+00       7.533e+11  9.680880e-01 -1.386322e-02  1.966368e-01  3.191196e-02
-1.86207e+00 -2.27586e+00       1.433e+12  9.601766e-01  6.383441e-03  2.481630e-01  3.982337e-02
-1.44828e+00 -2.27586e+00       1.672e+12  9.473164e-01  2.552732e-02  2.880497e-01  5.268355e-02
-1.03448e+00 -2.27586e+00       1.186e+12  9.311338e-01  5.173156e-02  3.132953e-01  6.886616e-02
-6.20690e-01 -2.27586e+00       5.573e+11  9.101914e-01  7.836686e-02  2.877150e-01  8.980856e-02
-2.06897e-01 -2.27586e+00       2.489e+11  8.887688e-01  5.892918e-02  9.724267e-02  1.112312e-01
 2.06897e-01 -2.27586e+00       2.584e+11  9.031505e-01  1.615025e-02 -1.938663e-01  9.684949e-02
 6.20690e-01 -2.27586e+00       6.030e+11  9.311318e-01  6.814398e-03 -2.811354e-01  6.886817e-02
 1.03448e+00 -2.27586e+00       1.347e+12  9.487917e-01 -1.393345e-02 -2.769822e-01  5.120833e-02
 1.44828e+00 -2.27586e+00       2.004e+12  9.607851e-01 -2.869405e-02 -2.516111e-01  3.921490e-02
 1.86207e+00 -2.27586e+00       1.808e+12  9.693233e-01 -3.481787e-02 -2.206555e-01  3.067665e-02
 2.27586e+00 -2.27586e+00       1.018e+12  9.747643e-01 -3.991429e-02 -1.763291e-01  2.523571e-02
 2.68966e+00 -2.27586e+00       4.579e+11  9.697456e-01 -5.545281e-02 -6.647681e-02  3.025443e-02
 3.10345e+00 -2.27586e+00       2.898e+11  9.416534e-01 -4.586255e-02  1.286545e-01  5.834662e-02
 3.51724e+00 -2.27586e+00       2.965e+11  9.269507e-01  1.976348e-02  2.277811e-01  7.304930e-02
 3.93103e+00 -2.27586e+00       4.021e+11  9.363976e-01  5.403464e-02  2.538234e-01  6.360241e-02
 4.34483e+00 -2.27586e+00       5.393e+11  9.270999e-01  4.395080e-02  2.937656e-01  7.290007e-02
 4.75862e+00 -2.27586e+00       5.518e+11  8.719832e-01  3.247244e-02  3.761179e-01  1.280168e-01
 5.17241e+00 -2.27586e+00       4.464e+11  7.517099e-01  3.351627e-02  5.218394e-01  2.482901e-01
 5.58621e+00 -2.27586e+00       3.616e+11  5.600158e-01  3.086348e-02  6.891660e-01  4.399842e-01
 6.00000e+00 -2.27586e+00       3.872e+11  2.754505e-01  1.135340e-02  8.126306e-01  7.245495e-01
-6.00000e+00 -1.86207e+00       2.467e+11  3.509884e-01 -1.696456e-01 -6.960602e-01  6.490116e-01
-5.58621e+00 -1.86207e+00       2.658e+11  5.659331e-01 -8.352328e-02 -5.858026e-01  4.340669e-01
-5.17241e+00 -1.86207e+00       3.582e+11  7.583405e-01  8.327942e-03 -4.290988e-01  2.416595e-01
-4.75862e+00 -1.86207e+00       4.184e+11  8.750480e-01  4.109585e-02 -3.180074e-01  1.249520e-01
-4.34483e+00 -1.86207e+00       3.743e+11  9.189486e-01  5.674968e-02 -2.779615e-01  8.105141e-02
-3.93103e+00 -1.86207e+00       2.807e+11  9.095872e-01  5.723626e-02 -2.858395e-01  9.041276e-02
-3.51724e+00 -1.86207e+00       2.190e+11  9.026153e-01  1.896941e-02 -2.261452e-01  9.738474e-02
-3.10345e+00 -1.86207e+00       3.478e+11  9.646115e-01 -1.205068e-02 -3.571274e-02  3.538849e-02
-2.68966e+00 -1.86207e+00       9.310e+11  9.926906e-01  2.434356e-03  4.070579e-02  7.309395e-03
-2.27586e+00 -1.86207e+00       1.789e+12  9.952852e-01  1.360343e-02  6.524499e-02  4.714850e-03
-1.86207e+00 -1.86207e+00       1.985e+12  9.939982e-01  2.193638e-02  8.231369e-02  6.001843e-03
-1.44828e+00 -1.86207e+00       1.279e+12  9.907100e-01  3.396931e-02  9.630549e-02  9.290044e-03
-1.03448e+00 -1.86207e+00       5.828e+11  9.841178e-01  5.425728e-02  9.992706e-02  1.588215e-02
-6.20690e-01 -1.86207e+00       3.304e+11  9.801302e-01  5.117763e-02  7.293105e-02  1.986976e-02
-2.06897e-01 -1.86207e+00       2.786e+11  9.815717e-01  1.089456e-02  5.321018e-02  1.842829e-02
 2.06897e-01 -1.86207e+00       2.491e+11  9.775147e-01 -6.099717e-03  5.581857e-02  2.248532e-02
 6.20690e-01 -1.86207e+00       2.610e+11  9.723226e-01  4.110207e-03  1.595967e-02  2.767739e-02
 1.03448e+00 -1.86207e+00       5.270e+11  9.834096e-01 -4.276202e-03 -5.845765e-02  1.659039e-02
 1.44828e+00 -1.86207e+00       1.318e+12  9.924399e-01 -1.549976e-02 -7.332878e-02  7.560102e-03
 1.86207e+00 -1.86207e+00       2.196e+12  9.954189e-01 -2.114677e-02 -6.772823e-02  4.581096e-03
 2.27586e+00 -1.86207e+00       2.108e+12  9.962939e-01 -2.469942e-02 -5.737255e-02  3.706079e-03
 2.68966e+00 -1.86207e+00       1.193e+12  9.947393e-01 -2.921385e-02 -3.628041e-02  5.260709e-03
 3.10345e+00 -1.86207e+00       5.028e+11  9.811829e-01 -3.667524e-02  3.594270e-02  1.881711e-02
 3.51724e+00 -1.86207e+00       2.929e+11  9.482440e-01 -1.230097e-02  1.781786e-01  5.175601e-02
 3.93103e+00 -1.86207e+00       3.130e+11  9.397744e-01  3.932473e-02  2.428720e-01  6.022557e-02
 4.34483e+00 -1.86207e+00       4.233e+11  9.417526e-01  4.484125e-02  2.660437e-01  5.824736e-02
 4.75862e+00 -1.86207e+00       4.818e+11  9.138418e-01  2.879621e-02  3.150955e-01  8.615819e-02
 5.17241e+00 -1.86207e+00       4.085e+11  8.308163e-01  1.369761e-02  4.243551e-01  1.691837e-01
 5.58621e+00 -1.86207e+00       2.990e+11  6.910981e-01  1.569677e-04  5.787349e-01  3.089019e-01
 6.00000e+00 -1.86207e+00       2.541e+11  4.732994e-01 -3.256749e-03  7.006822e-01  5.267006e-01
-6.00000e+00 -1.44828e+00       2.146e+11  4.331315e-01 -4.136925e-03 -7.413402e-01  5.668685e-01
-5.58621e+00 -1.44828e+00       2.401e+11  7.052775e-01 -1.033380e-02 -5.129192e-01  2.947225e-01
-5.17241e+00 -1.44828e+00       3.388e+11  8.677152e-01  1.189851e-02 -3.427536e-01  1.322848e-01
-4.75862e+00 -1.44828e+00       3.791e+11  9.251612e-01  3.687620e-02 -2.743571e-01  7.483882e-02
-4.34483e+00 -1.44828e+00       3.121e+11  9.348113e-01  5.546957e-02 -2.580802e-01  6.518875e-02
-3.93103e+00 -1.44828e+00       2.296e+11  9.241794e-01  4.186448e-02 -2.458797e-01  7.582061e-02
-3.51724e+00 -1.44828e+00       2.795e+11  9.565135e-01  4.041919e-03 -1.247397e-01  4.348652e-02
-3.10345e+00 -1.44828e+00       7.421e+11  9.919466e-01  4.766599e-03 -3.866780e-02  8.053352e-03
-2.68966e+00 -1.44828e+00       1.661e+12  9.982155e-01  1.237955e-02 -1.888459e-02  1.784520e-03
-2.27586e+00 -1.44828e+00       2.158e+12  9.989275e-01  1.701491e-02 -9.252850e-03  1.072521e-03
-1.86207e+00 -1.44828e+00       1.594e+12  9.982774e-01  2.263358e-02 -3.008503e-03  1.722562e-03
-1.44828e+00 -1.44828e+00       7.926e+11  9.948780e-01  3.474468e-02 -2.622390e-03  5.122046e-03
-1.03448e+00 -1.44828e+00       4.833e+11  9.878522e-01  6.435890e-02 -1.771354e-03  1.214778e-02
-6.20690e-01 -1.44828e+00       5.738e+11  9.874156e-01  9.156279e-02  1.189928e-02  1.258444e-02
-2.06897e-01 -1.44828e+00       7.323e+11  9.898122e-01  9.616256e-02  2.197555e-02  1.018782e-02
 2.06897e-01 -1.44828e+00       6.904e+11  9.897233e-01  9.149031e-02  2.843281e-02  1.027674e-02
 6.20690e-01 -1.44828e+00       4.769e+11  9.862541e-01  7.349045e-02  3.296588e-02  1.374586e-02
 1.03448e+00 -1.44828e+00       3.604e+11  9.838924e-01  2.304427e-02  3.208759e-02  1.610760e-02
 1.44828e+00 -1.44828e+00       6.687e+11  9.928432e-01 -9.960218e-03  1.527187e-02  7.156837e-03
 1.86207e+00 -1.44828e+00       1.569e+12  9.977109e-01 -1.472942e-02  8.838465e-03  2.289113e-03
 2.27586e+00 -1.44828e+00       2.327e+12  9.988448e-01 -1.751974e-02  1.019758e-02  1.155192e-03
 2.68966e+00 -1.44828e+00       1.937e+12  9.986091e-01 -2.011606e-02  1.558844e-02  1.390907e-03
 3.10345e+00 -1.44828e+00       9.601e+11  9.951356e-01 -2.361712e-02  3.436685e-02  4.864429e-03
 3.51724e+00 -1.44828e+00       3.973e+11  9.778621e-01 -1.983091e-02  1.061113e-01  2.213794e-02
 3.93103e+00 -1.44828e+00       2.810e+11  9.554042e-01  2.118105e-02  2.025000e-01  4.459582e-02
 4.34483e+00 -1.44828e+00       3.531e+11  9.555854e-01  4.371538e-02  2.312847e-01  4.441458e-02
 4.75862e+00 -1.44828e+00       4.263e+11  9.492600e-01  3.321310e-02  2.526298e-01  5.073999e-02
 5.17241e+00 -1.44828e+00       3.676e+11  9.091217e-01  2.350096e-02  3.064965e-01  9.087833e-02
 5.58621e+00 -1.44828e+00       2.445e+11  7.793111e-01  1.564795e-02  4.489202e-01  2.206889e-01
 6.00000e+00 -1.44828e+00       1.904e+11  4.983957e-01 -8.696468e-03  6.757155e-01  5.016043e-01
-6.00000e+00 -1.03448e+00       1.804e+11  7.048907e-01 -1.264166e-01 -5.071517e-01  2.951093e-01
-5.58621e+00 -1.03448e+00       2.424e+11  8.333606e-01 -1.749139e-02 -3.662446e-01  1.666394e-01
-5.17241e+00 -1.03448e+00       3.238e+11  9.141488e-01  3.108414e-02 -2.572669e-01  8.585122e-02
-4.75862e+00 -1.03448e+00       3.221e+11  9.509115e-01  3.854142e-02 -2.050338e-01  4.908850e-02
-4.34483e+00 -1.03448e+00       2.527e+11  9.571454e-01  3.461812e-02 -2.003008e-01  4.285458e-02
-3.93103e+00 -1.03448e+00       2.190e+11  9.583308e-01  1.804846e-02 -1.718123e-01  4.166918e-02
-3.51724e+00 -1.03448e+00       4.312e+11  9.858288e-01  3.947570e-03 -8.075895e-02  1.417118e-02
-3.10345e+00 -1.03448e+00       1.175e+12  9.967751e-01  7.968929e-03 -5.116097e-02  3.224863e-03
-2.68966e+00 -1.03448e+00       2.052e+12  9.984596e-01  1.131011e-02 -4.352921e-02  1.540436e-03
-2.27586e+00 -1.03448e+00       2.016e+12  9.985808e-01  1.403732e-02 -3.978286e-02  1.419176e-03
-1.86207e+00 -1.03448e+00       1.268e+12  9.977294e-01  1.997716e-02 -3.952926e-02  2.270612e-03
-1.44828e+00 -1.03448e+00       9.714e+11  9.966052e-01  2.624835e-02 -4.056274e-02  3.394792e-03
-1.03448e+00 -1.03448e+00       1.370e+12  9.975881e-01  1.544958e-02 -3.443926e-02  2.411904e-03
-6.20690e-01 -1.03448e+00       1.861e+12  9.985411e-01 -1.414003e-03 -2.122359e-02  1.458923e-03
-2.06897e-01 -1.03448e+00       2.005e+12  9.987448e-01 -1.487534e-02  1.982598e-03  1.255157e-03
 2.06897e-01 -1.03448e+00       1.868e+12  9.982002e-01 -1.785911e-02  3.190168e-02  1.799788e-03
 6.20690e-01 -1.03448e+00       1.512e+12  9.971009e-01 -1.010213e-02  5.653842e-02  2.899108e-03
 1.03448e+00 -1.03448e+00       9.797e+11  9.954547e-01 -6.943168e-05  6.917322e-02  4.545341e-03
 1.44828e+00 -1.03448e+00       6.669e+11  9.942669e-01 -1.481381e-06  6.068754e-02  5.733100e-03
 1.86207e+00 -1.03448e+00       1.076e+12  9.970035e-01 -8.810425e-03  3.860665e-02  2.996508e-03
 2.27586e+00 -1.03448e+00       2.004e+12  9.985686e-01 -1.203374e-02  3.378290e-02  1.431400e-03
 2.68966e+00 -1.03448e+00       2.238e+12  9.988295e-01 -1.390520e-02  3.473787e-02  1.170469e-03
 3.10345e+00 -1.03448e+00       1.405e+12  9.980042e-01 -1.572434e-02  4.054837e-02  1.995817e-03
 3.51724e+00 -1.03448e+00       5.818e+11  9.926256e-01 -1.569697e-02  6.735450e-02  7.374416e-03
 3.93103e+00 -1.03448e+00       2.868e+11  9.782238e-01  4.025514e-03  1.352117e-01  2.177623e-02
 4.34483e+00 -1.03448e+00       2.925e+11  9.726835e-01  2.974436e-02  1.755533e-01  2.731648e-02
 4.75862e+00 -1.03448e+00       3.818e+11  9.678330e-01  2.838027e-02  1.994771e-01  3.216700e-02
 5.17241e+00 -1.03448e+00       3.843e+11  9.455267e-01  1.792812e-02  2.492800e-01  5.447333e-02
 5.58621e+00 -1.03448e+00       2.826e+11  8.935129e-01  5.351321e-03  3.449445e-01  1.064871e-01
 6.00000e+00 -1.03448e+00       1.882e+11  7.898641e-01 -6.530793e-03  4.611891e-01  2.101359e-01
-6.00000e+00 -6.20690e-01       1.185e+11  8.867873e-01 -2.862819e-02 -2.767531e-01  1.132127e-01
-5.58621e+00 -6.20690e-01       2.210e+11  9.476355e-01  2.002331e-03 -2.128184e-01  5.236454e-02
-5.17241e+00 -6.20690e-01       3.200e+11  9.707117e-01  2.014782e-02 -1.682135e-01  2.928829e-02
-4.75862e+00 -6.20690e-01       3.095e+11  9.796983e-01  2.993013e-02 -1.433435e-01  2.030173e-02
-4.34483e+00 -6.20690e-01       2.302e+11  9.799454e-01  2.699960e-02 -1.360404e-01  2.005461e-02
-3.93103e+00 -6.20690e-01       2.342e+11  9.843005e-01  8.062988e-03 -1.009075e-01  1.569951e-02
-3.51724e+00 -6.20690e-01       5.891e+11  9.956026e-01  3.638581e-03 -5.450427e-02  4.397433e-03
-3.10345e+00 -6.20690e-01       1.470e+12  9.984726e-01  6.649140e-03 -4.376454e-02  1.527402e-03
-2.68966e+00 -6.20690e-01       2.161e+12  9.988933e-01  8.225512e-03 -4.096507e-02  1.106705e-03
-2.27586e+00 -6.20690e-01       1.829e+12  9.987547e-01  9.755988e-03 -4.105695e-02  1.245311e-03
-1.86207e+00 -6.20690e-01       1.214e+12  9.982113e-01  1.128247e-02 -4.448095e-02  1.788655e-03
-1.44828e+00 -6.20690e-01       1.206e+12  9.981377e-01  5.568850e-03 -4.545606e-02  1.862310e-03
-1.03448e+00 -6.20690e-01       1.398e+12  9.984342e-01 -4.268977e-03 -4.251675e-02  1.565830e-03
-6.20690e-01 -6.20690e-01       1.238e+12  9.984733e-01 -1.163065e-02 -3.766279e-02  1.526729e-03
-2.06897e-01 -6.20690e-01       9.649e+11  9.982695e-01 -1.393560e-02 -2.511430e-02  1.730460e-03
 2.06897e-01 -6.20690e-01       9.087e+11  9.979202e-01 -1.601342e-02  5.566579e-03  2.079796e-03
 6.20690e-01 -6.20690e-01       1.009e+12  9.974761e-01 -1.730716e-02  4.075968e-02  2.523874e-03
 1.03448e+00 -6.20690e-01       9.822e+11  9.970373e-01 -1.295486e-02  5.985404e-02  2.962696e-03
 1.44828e+00 -6.20690e-01       7.658e+11  9.967152e-01 -7.076256e-03  6.037325e-02  3.284832e-03
 1.86207e+00 -6.20690e-01       8.919e+11  9.978183e-01 -5.634554e-03  3.940329e-02  2.181750e-03
 2.27586e+00 -6.20690e-01       1.693e+12  9.990295e-01 -7.287462e-03  2.868802e-02  9.705416e-04
 2.68966e+00 -6.20690e-01       2.256e+12  9.993543e-01 -8.452393e-03  2.754263e-02  6.456560e-04
 3.10345e+00 -6.20690e-01       1.686e+12  9.992354e-01 -9.246145e-03  2.930528e-02  7.646097e-04
 3.51724e+00 -6.20690e-01       7.617e+11  9.979754e-01 -9.044233e-03  3.899480e-02  2.024616e-03
 3.93103e+00 -6.20690e-01       3.243e+11  9.931223e-01  4.634625e-04  7.302811e-02  6.877699e-03
 4.34483e+00 -6.20690e-01       2.830e+11  9.894586e-01  1.911851e-02  1.054596e-01  1.054138e-02
 4.75862e+00 -6.20690e-01       3.667e+11  9.884527e-01  1.845401e-02  1.196194e-01  1.154735e-02
 5.17241e+00 -6.20690e-01       3.757e+11  9.830724e-01  1.153167e-02  1.430761e-01  1.692760e-02
 5.58621e+00 -6.20690e-01       2.795e+11  9.687533e-01  1.008293e-02  1.890642e-01  3.124668e-02
 6.00000e+00 -6.20690e-01       1.847e+11  9.370355e-01  9.882999e-03  2.611540e-01  6.296454e-02
-6.00000e+00 -2.06897e-01       1.067e+11  9.815766e-01 -1.169652e-02 -1.179997e-01  1.842336e-02
-5.58621e+00 -2.06897e-01       2.074e+11  9.929148e-01 -6.541404e-03 -7.831582e-02  7.085158e-03
-5.17241e+00 -2.06897e-01       3.033e+11  9.963270e-01  3.573324e-04 -6.094807e-02  3.673016e-03
-4.75862e+00 -2.06897e-01       2.959e+11  9.972640e-01  3.764255e-03 -5.433759e-02  2.736026e-03
-4.34483e+00 -2.06897e-01       2.242e+11  9.968715e-01  2.550406e-03 -5.304193e-02  3.128470e-03
-3.93103e+00 -2.06897e-01       2.547e+11  9.975123e-01 -1.844054e-03 -3.977593e-02  2.487726e-03
-3.51724e+00 -2.06897e-01       6.866e+11  9.991640e-01  6.631751e-04 -2.600748e-02  8.360438e-04
-3.10345e+00 -2.06897e-01       1.611e+12  9.995724e-01  2.718999e-03 -2.306202e-02  4.275693e-04
-2.68966e+00 -2.06897e-01       2.179e+12  9.995931e-01  3.314707e-03 -2.303079e-02  4.069324e-04
-2.27586e+00 -2.06897e-01       1.748e+12  9.994444e-01  3.161595e-03 -2.539806e-02  5.556244e-04
-1.86207e+00 -2.06897e-01       1.239e+12  9.992879e-01  4.994311e-04 -2.839151e-02  7.120823e-04
-1.44828e+00 -2.06897e-01       1.333e+12  9.994854e-01 -4.496071e-03 -2.545424e-02  5.145675e-04
-1.03448e+00 -2.06897e-01       1.667e+12  9.996971e-01 -6.582319e-03 -2.152834e-02  3.029221e-04
-6.20690e-01 -2.06897e-01       2.201e+12  9.997982e-01 -5.639526e-03 -1.884762e-02  2.017679e-04
-2.06897e-01 -2.06897e-01       2.871e+12  9.998306e-01 -4.841668e-03 -1.647423e-02  1.693698e-04
 2.06897e-01 -2.06897e-01       2.836e+12  9.998087e-01 -5.617439e-03 -1.268802e-02  1.913423e-04
 6.20690e-01 -2.06897e-01       2.036e+12  9.996860e-01 -7.623623e-03 -3.128887e-03  3.140191e-04
 1.03448e+00 -2.06897e-01       1.298e+12  9.994477e-01 -8.767002e-03  1.413722e-02  5.522918e-04
 1.44828e+00 -2.06897e-01       8.622e+11  9.992300e-01 -6.490814e-03  2.481371e-02  7.699736e-04
 1.86207e+00 -2.06897e-01       8.484e+11  9.993576e-01 -3.444409e-03  1.526857e-02  6.424347e-04
 2.27586e+00 -2.06897e-01       1.540e+12  9.997445e-01 -3.518199e-03  5.753502e-03  2.555286e-04
 2.68966e+00 -2.06897e-01       2.212e+12  9.998944e-01 -3.939813e-03  4.261782e-03  1.056442e-04
 3.10345e+00 -2.06897e-01       1.802e+12  9.999144e-01 -3.853898e-03  4.672646e-03  8.556006e-05
 3.51724e+00 -2.06897e-01       8.627e+11  9.997947e-01 -2.787248e-03  7.089053e-03  2.052892e-04
 3.93103e+00 -2.06897e-01       3.522e+11  9.992906e-01  1.223137e-03  1.474778e-02  7.093574e-04
 4.34483e+00 -2.06897e-01       2.737e+11  9.989099e-01  4.221503e-03  2.205350e-02  1.090109e-03
 4.75862e+00 -2.06897e-01       3.364e+11  9.990370e-01  7.723380e-04  2.549229e-02  9.629856e-04
 5.17241e+00 -2.06897e-01       3.409e+11  9.988534e-01 -2.505986e-03  3.031401e-02  1.146553e-03
 5.58621e+00 -2.06897e-01       2.468e+11  9.976484e-01 -5.901891e-03  4.115703e-02  2.351646e-03
 6.00000e+00 -2.06897e-01       1.546e+11  9.935684e-01 -1.435117e-02  6.891797e-02  6.431650e-03
-6.00000e+00  2.06897e-01       1.063e+11  9.831734e-01 -2.560139e-02  8.314057e-02  1.682662e-02
-5.58621e+00  2.06897e-01       2.070e+11  9.932243e-01 -9.444114e-03  5.433698e-02  6.775729e-03
-5.17241e+00  2.06897e-01       3.027e+11  9.967052e-01 -7.277899e-03  4.330612e-02  3.294784e-03
-4.75862e+00  2.06897e-01       2.949e+11  9.978384e-01 -1.408797e-02  3.827669e-02  2.161582e-03
-4.34483e+00  2.06897e-01       2.228e+11  9.980990e-01 -1.975627e-02  3.406118e-02  1.900958e-03
-3.93103e+00  2.06897e-01       2.537e+11  9.988566e-01 -1.149367e-02  1.782651e-02  1.143368e-03
-3.51724e+00  2.06897e-01       6.876e+11  9.996862e-01 -3.112954e-03  5.605693e-03  3.137677e-04
-3.10345e+00  2.06897e-01       1.617e+12  9.998521e-01 -1.613741e-03  3.291009e-03  1.478548e-04
-2.68966e+00  2.06897e-01       2.190e+12  9.998420e-01 -1.821903e-03  1.329467e-03  1.580147e-04
-2.27586e+00  2.06897e-01       1.765e+12  9.997368e-01 -3.696752e-03 -2.202565e-03  2.632151e-04
-1.86207e+00  2.06897e-01       1.265e+12  9.996068e-01 -9.025668e-03 -3.536580e-03  3.932228e-04
-1.44828e+00  2.06897e-01       1.367e+12  9.996675e-01 -1.211645e-02  2.542660e-03  3.325037e-04
-1.03448e+00  2.06897e-01       1.692e+12  9.997450e-01 -1.196109e-02  3.350494e-03  2.549959e-04
-6.20690e-01  2.06897e-01       2.197e+12  9.997622e-01 -1.360438e-02 -4.101121e-03  2.377508e-04
-2.06897e-01  2.06897e-01       2.837e+12  9.997630e-01 -1.479410e-02 -1.075069e-02  2.369533e-04
 2.06897e-01  2.06897e-01       2.798e+12  9.997563e-01 -1.428035e-02 -1.363562e-02  2.436853e-04
 6.20690e-01  2.06897e-01       2.026e+12  9.997606e-01 -1.202460e-02 -1.388913e-02  2.393610e-04
 1.03448e+00  2.06897e-01       1.318e+12  9.998020e-01 -7.537551e-03 -1.219832e-02  1.979533e-04
 1.44828e+00  2.06897e-01       8.858e+11  9.997834e-01 -3.104907e-03 -1.236524e-02  2.166278e-04
 1.86207e+00  2.06897e-01       8.598e+11  9.996154e-01 -1.323036e-04 -1.869995e-02  3.846204e-04
 2.27586e+00  2.06897e-01       1.542e+12  9.996025e-01  2.962476e-04 -2.322881e-02  3.974828e-04
 2.68966e+00  2.06897e-01       2.211e+12  9.996472e-01  6.425036e-04 -2.390963e-02  3.528219e-04
 3.10345e+00  2.06897e-01       1.801e+12  9.996313e-01  1.641323e-03 -2.432297e-02  3.687316e-04
 3.51724e+00  2.06897e-01       8.627e+11  9.993672e-01  3.602452e-03 -2.720521e-02  6.328068e-04
 3.93103e+00  2.06897e-01       3.534e+11  9.981664e-01  2.979138e-03 -4.178565e-02  1.833552e-03
 4.34483e+00  2.06897e-01       2.749e+11  9.969075e-01 -9.555919e-03 -6.078532e-02  3.092476e-03
 4.75862e+00  2.06897e-01       3.373e+11  9.966023e-01 -1.506899e-02 -6.565124e-02  3.397746e-03
 5.17241e+00  2.06897e-01       3.417e+11  9.952761e-01 -1.498906e-02 -7.334947e-02  4.723863e-03
 5.58621e+00  2.06897e-01       2.475e+11  9.912065e-01 -2.152844e-02 -9.480750e-02  8.793458e-03
 6.00000e+00  2.06897e-01       1.554e+11  9.816553e-01 -3.395115e-02 -1.406544e-01  1.834472e-02
-6.00000e+00  6.20690e-01       1.175e+11  8.862003e-01  3.701288e-03  2.453003e-01  1.137997e-01
-5.58621e+00  6.20690e-01       2.205e+11  9.482217e-01 -1.218422e-02  1.911889e-01  5.177833e-02
-5.17241e+00  6.20690e-01       3.191e+11  9.722741e-01 -2.505220e-02  1.527174e-01  2.772592e-02
-4.75862e+00  6.20690e-01       3.078e+11  9.815385e-01 -3.944519e-02  1.285727e-01  1.846149e-02
-4.34483e+00  6.20690e-01       2.280e+11  9.832287e-01 -4.362545e-02  1.178612e-01  1.677130e-02
-3.93103e+00  6.20690e-01       2.326e+11  9.882806e-01 -2.266188e-02  7.967044e-02  1.171938e-02
-3.51724e+00  6.20690e-01       5.926e+11  9.972001e-01 -7.171053e-03  3.456152e-02  2.799906e-03
-3.10345e+00  6.20690e-01       1.487e+12  9.992085e-01 -5.992254e-03  2.481366e-02  7.914753e-04
-2.68966e+00  6.20690e-01       2.197e+12  9.994721e-01 -6.985716e-03  2.090788e-02  5.278774e-04
-2.27586e+00  6.20690e-01       1.883e+12  9.993772e-01 -9.942564e-03  1.659235e-02  6.227876e-04
-1.86207e+00  6.20690e-01       1.290e+12  9.989118e-01 -1.730147e-02  1.554926e-02  1.088215e-03
-1.44828e+00  6.20690e-01       1.315e+12  9.985383e-01 -1.935136e-02  2.604547e-02  1.461677e-03
-1.03448e+00  6.20690e-01       1.521e+12  9.985162e-01 -1.147336e-02  3.360489e-02  1.483760e-03
-6.20690e-01  6.20690e-01       1.321e+12  9.983606e-01 -4.836832e-03  3.218100e-02  1.639385e-03
-2.06897e-01  6.20690e-01       9.908e+11  9.981463e-01 -5.895094e-03  1.743018e-02  1.853669e-03
 2.06897e-01  6.20690e-01       9.353e+11  9.984101e-01 -5.369375e-03 -7.973313e-03  1.589899e-03
 6.20690e-01  6.20690e-01       1.093e+12  9.987345e-01  9.881009e-04 -2.799796e-02  1.265483e-03
 1.03448e+00  6.20690e-01       1.096e+12  9.986801e-01  2.772665e-03 -3.942875e-02  1.319897e-03
 1.44828e+00  6.20690e-01       8.442e+11  9.983782e-01  2.238210e-03 -4.551592e-02  1.621772e-03
 1.86207e+00  6.20690e-01       9.231e+11  9.983223e-01  3.131323e-03 -4.703127e-02  1.677732e-03
 2.27586e+00  6.20690e-01       1.701e+12  9.986290e-01  3.823307e-03 -4.616441e-02  1.370964e-03
 2.68966e+00  6.20690e-01       2.255e+12  9.987430e-01  5.009835e-03 -4.606365e-02  1.256965e-03
 3.10345e+00  6.20690e-01       1.683e+12  9.985190e-01  6.973790e-03 -4.775176e-02  1.481000e-03
 3.51724e+00  6.20690e-01       7.622e+11  9.967227e-01  9.787813e-03 -5.838301e-02  3.277254e-03
 3.93103e+00  6.20690e-01       3.274e+11  9.896507e-01  2.993880e-03 -1.007729e-01  1.034931e-02
 4.34483e+00  6.20690e-01       2.864e+11  9.839333e-01 -2.352590e-02 -1.433587e-01  1.606669e-02
 4.75862e+00  6.20690e-01       3.699e+11  9.819637e-01 -2.988428e-02 -1.568626e-01  1.803629e-02
 5.17241e+00  6.20690e-01       3.786e+11  9.733455e-01 -2.718246e-02 -1.823344e-01  2.665453e-02
 5.58621e+00  6.20690e-01       2.824e+11  9.517791e-01 -3.501018e-02 -2.389470e-01  4.822090e-02
 6.00000e+00  6.20690e-01       1.880e+11  9.101319e-01 -4.696666e-02 -3.241359e-01  8.986814e-02
-6.00000e+00  1.03448e+00       1.760e+11  7.234706e-01  1.073093e-01  4.684026e-01  2.765294e-01
-5.58621e+00  1.03448e+00       2.413e+11  8.451045e-01 -1.686727e-04  3.395521e-01  1.548955e-01
-5.17241e+00  1.03448e+00       3.229e+11  9.198144e-01 -4.329199e-02  2.394989e-01  8.018559e-02
-4.75862e+00  1.03448e+00       3.189e+11  9.536363e-01 -5.073037e-02  1.891156e-01  4.636367e-02
-4.34483e+00  1.03448e+00       2.473e+11  9.603252e-01 -5.030436e-02  1.842310e-01  3.967476e-02
-3.93103e+00  1.03448e+00       2.138e+11  9.634100e-01 -3.468035e-02  1.543378e-01  3.659002e-02
-3.51724e+00  1.03448e+00       4.323e+11  9.886574e-01 -1.106023e-02  6.151859e-02  1.134256e-02
-3.10345e+00  1.03448e+00       1.194e+12  9.977518e-01 -9.034267e-03  3.319703e-02  2.248193e-03
-2.68966e+00  1.03448e+00       2.099e+12  9.990144e-01 -1.110648e-02  2.558462e-02  9.856130e-04
-2.27586e+00  1.03448e+00       2.090e+12  9.990292e-01 -1.458300e-02  1.973001e-02  9.707655e-04
-1.86207e+00  1.03448e+00       1.372e+12  9.982142e-01 -2.320491e-02  1.540047e-02  1.785777e-03
-1.44828e+00  1.03448e+00       1.127e+12  9.969903e-01 -3.463428e-02  2.237460e-02  3.009671e-03
-1.03448e+00  1.03448e+00       1.615e+12  9.975511e-01 -2.673472e-02  3.159306e-02  2.448916e-03
-6.20690e-01  1.03448e+00       2.206e+12  9.984767e-01 -9.499654e-03  2.864399e-02  1.523330e-03
-2.06897e-01  1.03448e+00       2.407e+12  9.990065e-01  5.240658e-03  1.345095e-02  9.935479e-04
 2.06897e-01  1.03448e+00       2.270e+12  9.990078e-01  1.000151e-02 -1.076981e-02  9.922397e-04
 6.20690e-01  1.03448e+00       1.845e+12  9.984633e-01  4.842196e-03 -3.385022e-02  1.536676e-03
 1.03448e+00  1.03448e+00       1.182e+12  9.973902e-01 -2.325741e-03 -4.977036e-02  2.609797e-03
 1.44828e+00  1.03448e+00       7.522e+11  9.962177e-01 -1.447861e-03 -5.709450e-02  3.782321e-03
 1.86207e+00  1.03448e+00       1.102e+12  9.972561e-01  4.977850e-03 -5.255057e-02  2.743934e-03
 2.27586e+00  1.03448e+00       2.007e+12  9.981338e-01  7.302829e-03 -5.000320e-02  1.866173e-03
 2.68966e+00  1.03448e+00       2.233e+12  9.982293e-01  9.552904e-03 -5.083726e-02  1.770744e-03
 3.10345e+00  1.03448e+00       1.403e+12  9.971870e-01  1.258234e-02 -5.656059e-02  2.813049e-03
 3.51724e+00  1.03448e+00       5.858e+11  9.905185e-01  1.524375e-02 -8.559308e-02  9.481539e-03
 3.93103e+00  1.03448e+00       2.929e+11  9.724190e-01 -3.468414e-03 -1.639665e-01  2.758096e-02
 4.34483e+00  1.03448e+00       2.984e+11  9.645092e-01 -3.386829e-02 -2.130044e-01  3.549085e-02
 4.75862e+00  1.03448e+00       3.894e+11  9.584943e-01 -3.320419e-02 -2.356386e-01  4.150568e-02
 5.17241e+00  1.03448e+00       3.926e+11  9.320415e-01 -2.180613e-02 -2.849446e-01  6.795850e-02
 5.58621e+00  1.03448e+00       2.906e+11  8.712594e-01 -1.045543e-02 -3.865872e-01  1.287406e-01
 6.00000e+00  1.03448e+00       1.964e+11  7.620318e-01 -1.479373e-03 -5.065045e-01  2.379682e-01
-6.00000e+00  1.44828e+00       2.075e+11  4.609019e-01 -1.064153e-02  7.212966e-01  5.390981e-01
-5.58621e+00  1.44828e+00       2.355e+11  7.183472e-01 -5.197650e-03  4.922406e-01  2.816528e-01
-5.17241e+00  1.44828e+00       3.353e+11  8.716746e-01 -1.818833e-02  3.284081e-01  1.283254e-01
-4.75862e+00  1.44828e+00       3.744e+11  9.267854e-01 -4.069266e-02  2.642054e-01  7.321461e-02
-4.34483e+00  1.44828e+00       3.054e+11  9.368600e-01 -6.464149e-02  2.487181e-01  6.314003e-02
-3.93103e+00  1.44828e+00       2.218e+11  9.283799e-01 -5.853719e-02  2.351745e-01  7.162008e-02
-3.51724e+00  1.44828e+00       2.756e+11  9.608726e-01 -1.746318e-02  1.086485e-01  3.912740e-02
-3.10345e+00  1.44828e+00       7.554e+11  9.931093e-01 -8.632322e-03  2.281703e-02  6.890697e-03
-2.68966e+00  1.44828e+00       1.710e+12  9.983591e-01 -1.317394e-02  3.753354e-03  1.640895e-03
-2.27586e+00  1.44828e+00       2.245e+12  9.987605e-01 -1.810517e-02 -6.088254e-03  1.239506e-03
-1.86207e+00  1.44828e+00       1.714e+12  9.979162e-01 -2.560498e-02 -1.316911e-02  2.083847e-03
-1.44828e+00  1.44828e+00       9.378e+11  9.948802e-01 -3.858143e-02 -1.359088e-02  5.119824e-03
-1.03448e+00  1.44828e+00       6.419e+11  9.898710e-01 -6.164389e-02 -9.789174e-03  1.012904e-02
-6.20690e-01  1.44828e+00       7.573e+11  9.896111e-01 -8.436092e-02 -1.493575e-02  1.038890e-02
-2.06897e-01  1.44828e+00       9.448e+11  9.915267e-01 -8.919378e-02 -2.099177e-02  8.473272e-03
 2.06897e-01  1.44828e+00       8.824e+11  9.916414e-01 -8.424843e-02 -2.805302e-02  8.358613e-03
 6.20690e-01  1.44828e+00       6.071e+11  9.893744e-01 -6.618715e-02 -3.830837e-02  1.062560e-02
 1.03448e+00  1.44828e+00       4.390e+11  9.880728e-01 -2.159504e-02 -4.825836e-02  1.192719e-02
 1.44828e+00  1.44828e+00       7.075e+11  9.942619e-01  4.631320e-03 -3.366848e-02  5.738111e-03
 1.86207e+00  1.44828e+00       1.571e+12  9.979474e-01  8.158776e-03 -2.279511e-02  2.052607e-03
 2.27586e+00  1.44828e+00       2.304e+12  9.987955e-01  1.143256e-02 -2.280584e-02  1.204501e-03
 2.68966e+00  1.44828e+00       1.913e+12  9.984052e-01  1.477955e-02 -2.817797e-02  1.594816e-03
 3.10345e+00  1.44828e+00       9.509e+11  9.942802e-01  1.958657e-02 -4.800893e-02  5.719811e-03
 3.51724e+00  1.44828e+00       4.013e+11  9.741829e-01  1.784170e-02 -1.260015e-01  2.581713e-02
 3.93103e+00  1.44828e+00       2.885e+11  9.482966e-01 -2.403494e-02 -2.319050e-01  5.170335e-02
 4.34483e+00  1.44828e+00       3.587e+11  9.467077e-01 -5.160061e-02 -2.628171e-01  5.329234e-02
 4.75862e+00  1.44828e+00       4.305e+11  9.377797e-01 -4.309156e-02 -2.831371e-01  6.222027e-02
 5.17241e+00  1.44828e+00       3.709e+11  8.908365e-01 -3.442734e-02 -3.385193e-01  1.091635e-01
 5.58621e+00  1.44828e+00       2.476e+11  7.480870e-01 -3.105859e-02 -4.835191e-01  2.519130e-01
 6.00000e+00  1.44828e+00       1.951e+11  4.595683e-01 -1.204991e-02 -7.040250e-01  5.404317e-01
-6.00000e+00  1.86207e+00       2.362e+11  3.579720e-01  1.605710e-01  6.758541e-01  6.420280e-01
-5.58621e+00  1.86207e+00       2.613e+11  5.760586e-01  6.403387e-02  5.671660e-01  4.239414e-01
-5.17241e+00  1.86207e+00       3.575e+11  7.636604e-01 -2.213203e-02  4.176435e-01  2.363396e-01
-4.75862e+00  1.86207e+00       4.157e+11  8.764702e-01 -4.707218e-02  3.091129e-01  1.235298e-01
-4.34483e+00  1.86207e+00       3.678e+11  9.191722e-01 -6.065837e-02  2.703110e-01  8.082783e-02
-3.93103e+00  1.86207e+00       2.714e+11  9.104563e-01 -6.533886e-02  2.797298e-01  8.954368e-02
-3.51724e+00  1.86207e+00       2.103e+11  9.045811e-01 -3.466000e-02  2.187488e-01  9.541894e-02
-3.10345e+00  1.86207e+00       3.483e+11  9.665774e-01 -5.355674e-04  2.172967e-02  3.342262e-02
-2.68966e+00  1.86207e+00       9.599e+11  9.924232e-01 -8.072359e-03 -5.323868e-02  7.576780e-03
-2.27586e+00  1.86207e+00       1.864e+12  9.943652e-01 -1.761796e-02 -7.687083e-02  5.634789e-03
-1.86207e+00  1.86207e+00       2.095e+12  9.928027e-01 -2.762294e-02 -9.354065e-02  7.197291e-03
-1.44828e+00  1.86207e+00       1.425e+12  9.898634e-01 -4.436640e-02 -1.037579e-01  1.013659e-02
-1.03448e+00  1.86207e+00       7.999e+11  9.870523e-01 -6.554187e-02 -8.621281e-02  1.294767e-02
-6.20690e-01  1.86207e+00       6.031e+11  9.888661e-01 -5.272081e-02 -3.890498e-02  1.113387e-02
-2.06897e-01  1.86207e+00       5.539e+11  9.912856e-01 -1.649331e-02 -2.053908e-02  8.714411e-03
 2.06897e-01  1.86207e+00       4.925e+11  9.900221e-01 -2.974318e-03 -3.460382e-02  9.977856e-03
 6.20690e-01  1.86207e+00       4.363e+11  9.854979e-01 -1.926812e-02 -3.907484e-02  1.450207e-02
 1.03448e+00  1.86207e+00       6.060e+11  9.870375e-01 -1.844237e-02  2.333708e-02  1.296252e-02
 1.44828e+00  1.86207e+00       1.322e+12  9.932257e-01  2.072208e-03  6.162218e-02  6.774253e-03
 1.86207e+00  1.86207e+00       2.165e+12  9.959345e-01  1.233386e-02  6.123813e-02  4.065531e-03
 2.27586e+00  1.86207e+00       2.073e+12  9.967669e-01  1.737747e-02  5.064677e-02  3.233111e-03
 2.68966e+00  1.86207e+00       1.177e+12  9.949550e-01  2.231821e-02  2.806343e-02  5.045049e-03
 3.10345e+00  1.86207e+00       5.048e+11  9.795483e-01  2.887038e-02 -4.881794e-02  2.045174e-02
 3.51724e+00  1.86207e+00       3.010e+11  9.429738e-01  4.865058e-03 -1.993465e-01  5.702625e-02
 3.93103e+00  1.86207e+00       3.198e+11  9.321717e-01 -4.470086e-02 -2.692559e-01  6.782826e-02
 4.34483e+00  1.86207e+00       4.305e+11  9.325708e-01 -5.109106e-02 -2.934495e-01  6.742922e-02
 4.75862e+00  1.86207e+00       4.927e+11  9.012530e-01 -3.561964e-02 -3.431332e-01  9.874702e-02
 5.17241e+00  1.86207e+00       4.211e+11  8.113017e-01 -2.251974e-02 -4.546695e-01  1.886983e-01
 5.58621e+00  1.86207e+00       3.131e+11  6.682144e-01 -1.120300e-02 -6.093186e-01  3.317856e-01
 6.00000e+00  1.86207e+00       2.667e+11  4.613487e-01 -5.513411e-03 -7.189957e-01  5.386513e-01
-6.00000e+00  2.27586e+00       3.269e+11  1.149741e-01 -4.845072e-02  8.287943e-01  8.850259e-01
-5.58621e+00  2.27586e+00       2.719e+11  3.863392e-01 -2.791972e-02  7.046821e-01  6.136608e-01
-5.17241e+00  2.27586e+00       3.619e+11  6.608261e-01 -4.525871e-02  5.211594e-01  3.391739e-01
-4.75862e+00  2.27586e+00       4.699e+11  8.193076e-01 -5.898433e-02  3.754246e-01  1.806924e-01
-4.34483e+00  2.27586e+00       4.588e+11  8.966743e-01 -6.882169e-02  2.913579e-01  1.033257e-01
-3.93103e+00  2.27586e+00       3.587e+11  9.115567e-01 -7.469631e-02  2.784626e-01  8.844334e-02
-3.51724e+00  2.27586e+00       2.523e+11  8.819074e-01 -5.816705e-02  2.904173e-01  1.180926e-01
-3.10345e+00  2.27586e+00       1.910e+11  8.794976e-01 -4.045389e-03  1.687822e-01  1.205024e-01
-2.68966e+00  2.27586e+00       3.036e+11  9.490815e-01  2.700250e-02 -9.588175e-02  5.091855e-02
-2.27586e+00  2.27586e+00       7.893e+11  9.670840e-01  4.404181e-03 -2.042297e-01  3.291598e-02
-1.86207e+00  2.27586e+00       1.526e+12  9.590818e-01 -1.491811e-02 -2.531436e-01  4.091820e-02
-1.44828e+00  2.27586e+00       1.787e+12  9.457163e-01 -3.612170e-02 -2.927116e-01  5.428374e-02
-1.03448e+00  2.27586e+00       1.246e+12  9.271061e-01 -6.749917e-02 -3.264083e-01  7.289388e-02
-6.20690e-01  2.27586e+00       5.478e+11  8.977105e-01 -1.125357e-01 -3.400964e-01  1.022895e-01
-2.06897e-01  2.27586e+00       2.077e+11  8.532928e-01 -1.459300e-01 -2.263965e-01  1.467072e-01
 2.06897e-01  2.27586e+00       2.114e+11  8.739324e-01 -8.763933e-02  1.641597e-01  1.260676e-01
 6.20690e-01  2.27586e+00       5.593e+11  9.219092e-01 -3.210523e-02  3.002911e-01  7.809080e-02
 1.03448e+00  2.27586e+00       1.292e+12  9.443655e-01 -7.657801e-04  2.929996e-01  5.563449e-02
 1.44828e+00  2.27586e+00       1.922e+12  9.579890e-01  1.592650e-02  2.622897e-01  4.201098e-02
 1.86207e+00  2.27586e+00       1.732e+12  9.677630e-01  2.294992e-02  2.266251e-01  3.223703e-02
 2.27586e+00  2.27586e+00       9.816e+11  9.742003e-01  2.811028e-02  1.776428e-01  2.579966e-02
 2.68966e+00  2.27586e+00       4.535e+11  9.687361e-01  4.069254e-02  6.123277e-02  3.126386e-02
 3.10345e+00  2.27586e+00       2.986e+11  9.390883e-01  2.946917e-02 -1.423373e-01  6.091166e-02
 3.51724e+00  2.27586e+00       3.068e+11  9.234587e-01 -2.789589e-02 -2.470364e-01  7.654127e-02
 3.93103e+00  2.27586e+00       4.104e+11  9.307995e-01 -5.954105e-02 -2.753401e-01  6.920045e-02
 4.34483e+00  2.27586e+00       5.512e+11  9.193169e-01 -5.080940e-02 -3.148496e-01  8.068314e-02
 4.75862e+00  2.27586e+00       5.627e+11  8.604927e-01 -4.162640e-02 -3.960084e-01  1.395073e-01
 5.17241e+00  2.27586e+00       4.517e+11  7.332633e-01 -4.599759e-02 -5.427619e-01  2.667367e-01
 5.58621e+00  2.27586e+00       3.658e+11  5.378857e-01 -4.440015e-02 -7.086470e-01  4.621143e-01
 6.00000e+00  2.27586e+00       3.968e+11  2.555209e-01 -2.242089e-02 -8.252112e-01  7.444791e-01
-6.00000e+00  2.68966e+00       5.307e+11  1.280428e-01  4.576309e-02  8.660087e-01  8.719572e-01
-5.58621e+00  2.68966e+00       3.787e+11  3.084503e-01  7.608948e-02  7.987454e-01  6.915497e-01
-5.17241e+00  2.68966e+00       3.733e+11  5.352677e-01  2.381182e-02  6.421603e-01  4.647323e-01
-4.75862e+00  2.68966e+00       4.836e+11  7.508143e-01 -3.119022e-02  4.431274e-01  2.491857e-01
-4.34483e+00  2.68966e+00       5.465e+11  8.732470e-01 -5.564517e-02  3.078955e-01  1.267530e-01
-3.93103e+00  2.68966e+00       4.772e+11  9.214649e-01 -7.309012e-02  2.489287e-01  7.853511e-02
-3.51724e+00  2.68966e+00       3.587e+11  9.107541e-01 -7.182680e-02  2.609120e-01  8.924586e-02
-3.10345e+00  2.68966e+00       2.470e+11  8.640295e-01 -4.125901e-02  2.699594e-01  1.359705e-01
-2.68966e+00  2.68966e+00       1.626e+11  8.381568e-01  3.372391e-02  1.347357e-01  1.618432e-01
-2.27586e+00  2.68966e+00       1.576e+11  8.719446e-01  1.101724e-01 -1.812305e-01  1.280554e-01
-1.86207e+00  2.68966e+00       2.812e+11  8.474000e-01  8.438720e-02 -4.207624e-01  1.526000e-01
-1.44828e+00  2.68966e+00       5.467e+11  7.538317e-01  6.225796e-02 -5.644127e-01  2.461683e-01
-1.03448e+00  2.68966e+00       7.976e+11  6.105574e-01  5.668094e-02 -6.586316e-01  3.894426e-01
-6.20690e-01  2.68966e+00       8.140e+11  3.816725e-01  5.199027e-02 -6.489183e-01  6.183275e-01
-2.06897e-01  2.68966e+00       6.967e+11  1.149587e-01  5.387508e-02 -2.941272e-01  8.850413e-01
 2.06897e-01  2.68966e+00       7.348e+11  1.629622e-01  7.260531e-02  3.675647e-01  8.370378e-01
 6.20690e-01  2.68966e+00       9.205e+11  4.522028e-01  7.762964e-02  6.523690e-01  5.477972e-01
 1.03448e+00  2.68966e+00       9.379e+11  6.592484e-01  6.308052e-02  6.371135e-01  3.407516e-01
 1.44828e+00  2.68966e+00       6.783e+11  7.841554e-01  4.641825e-02  5.367423e-01  2.158446e-01
 1.86207e+00  2.68966e+00       3.944e+11  8.717319e-01  4.967363e-02  3.833662e-01  1.282681e-01
 2.27586e+00  2.68966e+00       2.683e+11  9.217378e-01  7.420875e-02  1.469881e-01  7.826220e-02
 2.68966e+00  2.68966e+00       2.673e+11  9.255917e-01  5.420085e-02 -9.112796e-02  7.440832e-02
 3.10345e+00  2.68966e+00       3.022e+11  9.202272e-01 -8.733045e-03 -1.959889e-01  7.977280e-02
 3.51724e+00  2.68966e+00       3.877e+11  9.334286e-01 -5.784819e-02 -2.207689e-01  6.657145e-02
 3.93103e+00  2.68966e+00       5.581e+11  9.402834e-01 -5.736163e-02 -2.532930e-01  5.971662e-02
 4.34483e+00  2.68966e+00       6.426e+11  9.091638e-01 -4.301254e-02 -3.130184e-01  9.083620e-02
 4.75862e+00  2.68966e+00       5.439e+11  8.098858e-01 -3.580576e-02 -4.367466e-01  1.901142e-01
 5.17241e+00  2.68966e+00       4.130e+11  6.319174e-01 -2.811014e-02 -6.269727e-01  3.680826e-01
 5.58621e+00  2.68966e+00       3.790e+11  4.029689e-01 -7.925730e-03 -7.793848e-01  5.970311e-01
 6.00000e+00  2.68966e+00       5.088e+11  1.328647e-01 -9.771537e-03 -8.704274e-01  8.671353e-01
-6.00000e+00  3.10345e+00       7.983e+11  1.024816e-01  1.728748e-02  9.043618e-01  8.975184e-01
-5.58621e+00  3.10345e+00       5.395e+11  2.544849e-01  6.126922e-02  8.510133e-01  7.455151e-01
-5.17241e+00  3.10345e+00       4.128e+11  4.235209e-01  5.768850e-02  7.541771e-01  5.764791e-01
-4.75862e+00  3.10345e+00       4.653e+11  6.445085e-01 -8.330017e-03  5.512186e-01  3.554915e-01
-4.34483e+00  3.10345e+00       5.879e+11  8.214394e-01 -4.511417e-02  3.483833e-01  1.785606e-01
-3.93103e+00  3.10345e+00       6.027e+11  9.140635e-01 -6.371066e-02  2.196936e-01  8.593648e-02
-3.51724e+00  3.10345e+00       4.971e+11  9.446548e-01 -7.620067e-02  1.729608e-01  5.534521e-02
-3.10345e+00  3.10345e+00       3.769e+11  9.215174e-01 -6.312622e-02  2.014697e-01  7.848258e-02
-2.68966e+00  3.10345e+00       2.624e+11  8.575049e-01 -2.966323e-02  2.242427e-01  1.424951e-01
-2.27586e+00  3.10345e+00       1.588e+11  7.817562e-01  5.459965e-02  1.170886e-01  2.182438e-01
-1.86207e+00  3.10345e+00       1.055e+11  7.411826e-01  2.285157e-01 -1.847084e-01  2.588174e-01
-1.44828e+00  3.10345e+00       9.321e+10  7.063125e-01  3.065848e-01 -4.534717e-01  2.936875e-01
-1.03448e+00  3.10345e+00       8.272e+10  5.946126e-01  2.915978e-01 -5.638857e-01  4.053874e-01
-6.20690e-01  3.10345e+00       6.474e+10  4.029457e-01  2.847588e-01 -4.909521e-01  5.970543e-01
-2.06897e-01  3.10345e+00       5.729e+10  2.794562e-01  2.796942e-01 -1.235732e-01  7.205438e-01
 2.06897e-01  3.10345e+00       7.076e+10  3.961745e-01  2.520229e-01  3.149176e-01  6.038255e-01
 6.20690e-01  3.10345e+00       9.936e+10  5.567367e-01  2.151064e-01  5.424802e-01  4.432633e-01
 1.03448e+00  3.10345e+00       1.241e+11  6.493213e-01  1.873463e-01  5.911709e-01  3.506787e-01
 1.44828e+00  3.10345e+00       1.404e+11  7.382066e-01  1.828369e-01  4.615511e-01  2.617934e-01
 1.86207e+00  3.10345e+00       1.826e+11  8.514370e-01  1.518916e-01  1.697165e-01  1.485630e-01
 2.27586e+00  3.10345e+00       2.555e+11  9.083612e-01  7.549238e-02 -4.333311e-02  9.163875e-02
 2.68966e+00  3.10345e+00       3.041e+11  9.177969e-01 -3.358960e-04 -1.145204e-01  8.220314e-02
 3.10345e+00  3.10345e+00       3.729e+11  9.357778e-01 -5.476072e-02 -1.243823e-01  6.422225e-02
 3.51724e+00  3.10345e+00       5.605e+11  9.569710e-01 -5.921659e-02 -1.605257e-01  4.302905e-02
 3.93103e+00  3.10345e+00       7.180e+11  9.442463e-01 -4.570267e-02 -2.203832e-01  5.575367e-02
 4.34483e+00  3.10345e+00       6.631e+11  8.752991e-01 -3.868870e-02 -3.307752e-01  1.247009e-01
 4.75862e+00  3.10345e+00       5.147e+11  7.281852e-01 -3.701151e-02 -5.257849e-01  2.718148e-01
 5.17241e+00  3.10345e+00       4.341e+11  5.435958e-01 -2.022465e-02 -7.133118e-01  4.564042e-01
 5.58621e+00  3.10345e+00       5.042e+11  3.104147e-01 -6.090009e-03 -8.316731e-01  6.895853e-01
 6.00000e+00  3.10345e+00       7.773e+11  8.740260e-02 -1.561828e-02 -9.113194e-01  9.125974e-01
-6.00000e+00  3.51724e+00       1.156e+12  1.174665e-01  4.730410e-05  9.307773e-01  8.825335e-01
-5.58621e+00  3.51724e+00       8.239e+11  2.483084e-01  3.609670e-02  8.783787e-01  7.516916e-01
-5.17241e+00  3.51724e+00       5.475e+11  3.828073e-01  7.430197e-02  8.142342e-01  6.171927e-01
-4.75862e+00  3.51724e+00       4.556e+11  5.353976e-01  3.955829e-02  6.849764e-01  4.646024e-01
-4.34483e+00  3.51724e+00       5.458e+11  7.324239e-01 -2.488856e-02  4.466031e-01  2.675761e-01
-3.93103e+00  3.51724e+00       6.655e+11  8.748484e-01 -5.147501e-02  2.298854e-01  1.251516e-01
-3.51724e+00  3.51724e+00       6.496e+11  9.442009e-01 -6.755566e-02  9.296602e-02  5.579908e-02
-3.10345e+00  3.51724e+00       5.265e+11  9.659464e-01 -7.674141e-02  3.989896e-02  3.405362e-02
-2.68966e+00  3.51724e+00       4.140e+11  9.462677e-01 -5.331314e-02  7.388231e-02  5.373225e-02
-2.27586e+00  3.51724e+00       3.145e+11  8.783866e-01 -2.498094e-02  1.385281e-01  1.216134e-01
-1.86207e+00  3.51724e+00       1.981e+11  7.517641e-01  1.155974e-02  1.488638e-01  2.482359e-01
-1.44828e+00  3.51724e+00       1.114e+11  5.677813e-01  2.185097e-01  8.466011e-03  4.322187e-01
-1.03448e+00  3.51724e+00       7.538e+10  4.428816e-01  5.733512e-01 -2.263170e-01  5.571184e-01
-6.20690e-01  3.51724e+00       5.861e+10  3.949574e-01  7.454800e-01 -3.165786e-01  6.050426e-01
-2.06897e-01  3.51724e+00       4.900e+10  3.430894e-01  7.747039e-01 -2.093964e-01  6.569106e-01
 2.06897e-01  3.51724e+00       5.174e+10  3.485132e-01  7.413382e-01  7.225061e-02  6.514868e-01
 6.20690e-01  3.51724e+00       7.287e+10  4.882403e-01  6.115055e-01  3.052557e-01  5.117597e-01
 1.03448e+00  3.51724e+00       1.239e+11  7.014715e-01  3.816031e-01  2.848397e-01  2.985285e-01
 1.44828e+00  3.51724e+00       2.108e+11  8.531551e-01  1.700118e-01  1.405529e-01  1.468449e-01
 1.86207e+00  3.51724e+00       2.855e+11  8.989791e-01  4.914630e-02  4.326864e-02  1.010209e-01
 2.27586e+00  3.51724e+00       2.981e+11  8.922264e-01 -1.729394e-02  2.549363e-02  1.077736e-01
 2.68966e+00  3.51724e+00       3.584e+11  9.203555e-01 -5.704878e-02  3.219252e-02  7.964451e-02
 3.10345e+00  3.51724e+00       5.786e+11  9.651411e-01 -5.706192e-02 -1.996948e-02  3.485891e-02
 3.51724e+00  3.51724e+00       7.824e+11  9.688918e-01 -4.532344e-02 -8.968441e-02  3.110818e-02
 3.93103e+00  3.51724e+00       7.494e+11  9.231572e-01 -4.007389e-02 -2.002071e-01  7.684280e-02
 4.34483e+00  3.51724e+00       5.914e+11  8.042882e-01 -4.211306e-02 -4.071195e-01  1.957118e-01
 4.75862e+00  3.51724e+00       4.897e+11  6.510963e-01 -3.045138e-02 -6.275784e-01  3.489037e-01
 5.17241e+00  3.51724e+00       5.099e+11  4.772693e-01 -6.820356e-03 -7.653731e-01  5.227307e-01
 5.58621e+00  3.51724e+00       7.496e+11  2.535928e-01 -1.095636e-02 -8.734717e-01  7.464072e-01
 6.00000e+00  3.51724e+00       1.163e+12  9.636441e-02 -1.747594e-02 -9.401533e-01  9.036356e-01
-6.00000e+00  3.93103e+00       1.546e+12  1.630619e-01 -8.915961e-03  9.460388e-01  8.369381e-01
-5.58621e+00  3.93103e+00       1.242e+12  2.693846e-01  1.053279e-02  8.963503e-01  7.306154e-01
-5.17241e+00  3.93103e+00       8.467e+11  3.962071e-01  5.325384e-02  8.293649e-01  6.037929e-01
-4.75862e+00  3.93103e+00       5.601e+11  5.033850e-01  8.099311e-02  7.581274e-01  4.966150e-01
-4.34483e+00  3.93103e+00       4.845e+11  6.276408e-01  2.811477e-02  6.095552e-01  3.723592e-01
-3.93103e+00  3.93103e+00       5.856e+11  7.897996e-01 -3.318992e-02  3.376666e-01  2.102004e-01
-3.51724e+00  3.93103e+00       7.071e+11  9.004757e-01 -5.460458e-02  8.583147e-02  9.952429e-02
-3.10345e+00  3.93103e+00       6.928e+11  9.457220e-01 -6.817153e-02 -8.129965e-02  5.427803e-02
-2.68966e+00  3.93103e+00       5.603e+11  9.558522e-01 -8.234971e-02 -1.730346e-01  4.414782e-02
-2.27586e+00  3.93103e+00       4.383e+11  9.507815e-01 -5.703914e-02 -1.846652e-01  4.921854e-02
-1.86207e+00  3.93103e+00       3.820e+11  9.248272e-01  5.848436e-04 -1.131809e-01  7.517284e-02
-1.44828e+00  3.93103e+00       3.381e+11  8.539703e-01  5.376126e-03  2.235935e-02  1.460297e-01
-1.03448e+00  3.93103e+00       2.553e+11  7.001096e-01 -3.941295e-02  2.119648e-01  2.998904e-01
-6.20690e-01  3.93103e+00       1.784e+11  4.899976e-01 -6.310266e-02  4.345098e-01  5.100024e-01
-2.06897e-01  3.93103e+00       1.593e+11  4.589327e-01 -2.501131e-02  5.730464e-01  5.410673e-01
 2.06897e-01  3.93103e+00       2.011e+11  6.257195e-01  1.690670e-03  5.389473e-01  3.742805e-01
 6.20690e-01  3.93103e+00       2.691e+11  7.525645e-01 -1.159095e-02  4.093920e-01  2.474355e-01
 1.03448e+00  3.93103e+00       2.933e+11  7.838013e-01 -3.026640e-02  2.630953e-01  2.161987e-01
 1.44828e+00  3.93103e+00       2.488e+11  7.308381e-01 -2.689111e-02  1.729863e-01  2.691619e-01
 1.86207e+00  3.93103e+00       2.292e+11  7.183543e-01 -2.458160e-02  2.297061e-01  2.816457e-01
 2.27586e+00  3.93103e+00       3.635e+11  8.620147e-01 -4.953185e-02  2.538405e-01  1.379853e-01
 2.68966e+00  3.93103e+00       6.443e+11  9.479364e-01 -5.043487e-02  1.767966e-01  5.206360e-02
 3.10345e+00  3.93103e+00       8.399e+11  9.684760e-01 -4.348100e-02  9.139574e-02  3.152398e-02
 3.51724e+00  3.93103e+00       7.776e+11  9.425676e-01 -4.275142e-02 -3.810108e-02  5.743238e-02
 3.93103e+00  3.93103e+00       6.147e+11  8.516537e-01 -4.876983e-02 -2.796152e-01  1.483463e-01
 4.34483e+00  3.93103e+00       5.219e+11  7.323316e-01 -3.866581e-02 -5.326367e-01  2.676684e-01
 4.75862e+00  3.93103e+00       5.240e+11  6.138049e-01 -8.688052e-03 -6.776158e-01  3.861951e-01
 5.17241e+00  3.93103e+00       7.191e+11  4.242836e-01 -6.557528e-03 -8.037256e-01  5.757164e-01
 5.58621e+00  3.93103e+00       1.177e+12  2.494480e-01 -1.690487e-02 -9.054543e-01  7.505520e-01
 6.00000e+00  3.93103e+00       1.609e+12  1.460296e-01 -1.319909e-02 -9.543606e-01  8.539704e-01
-6.00000e+00  4.34483e+00       1.849e+12  2.301357e-01 -1.133247e-02  9.470397e-01  7.698643e-01
-5.58621e+00  4.34483e+00       1.716e+12  3.146910e-01 -5.119933e-03  9.041618e-01  6.853090e-01
-5.17241e+00  4.34483e+00       1.323e+12  4.257428e-01  1.985241e-02  8.337801e-01  5.742572e-01
-4.75862e+00  4.34483e+00       8.844e+11  5.396070e-01  6.608420e-02  7.522239e-01  4.603930e-01
-4.34483e+00  4.34483e+00       5.734e+11  6.172075e-01  8.927660e-02  6.809582e-01  3.827925e-01
-3.93103e+00  4.34483e+00       4.809e+11  6.987676e-01  3.024128e-02  5.441718e-01  3.012324e-01
-3.51724e+00  4.34483e+00       5.569e+11  8.104186e-01 -3.602310e-02  2.511352e-01  1.895814e-01
-3.10345e+00  4.34483e+00       6.793e+11  8.803178e-01 -5.895180e-02 -6.767828e-02  1.196822e-01
-2.68966e+00  4.34483e+00       7.100e+11  8.852798e-01 -6.542434e-02 -2.956075e-01  1.147202e-01
-2.27586e+00  4.34483e+00       6.067e+11  8.487190e-01 -8.367146e-02 -4.498844e-01  1.512810e-01
-1.86207e+00  4.34483e+00       4.575e+11  7.987027e-01 -1.007696e-01 -5.540099e-01  2.012973e-01
-1.44828e+00  4.34483e+00       3.303e+11  7.538751e-01 -8.240872e-02 -6.054806e-01  2.461249e-01
-1.03448e+00  4.34483e+00       2.307e+11  6.984319e-01 -1.366298e-02 -5.888913e-01  3.015681e-01
-6.20690e-01  4.34483e+00       1.607e+11  5.608187e-01  1.609680e-01 -4.999142e-01  4.391813e-01
-2.06897e-01  4.34483e+00       1.289e+11  3.503539e-01  3.893486e-01 -3.799399e-01  6.496461e-01
 2.06897e-01  4.34483e+00       1.125e+11  1.994780e-01  4.529664e-01 -2.291993e-01  8.005220e-01
 6.20690e-01  4.34483e+00       1.017e+11  1.097186e-01  2.717025e-01  7.551152e-02  8.902814e-01
 1.03448e+00  4.34483e+00       1.307e+11  2.062294e-01  9.385277e-03  4.864374e-01  7.937706e-01
 1.44828e+00  4.34483e+00       2.539e+11  5.200389e-01 -5.605572e-02  6.118626e-01  4.799611e-01
 1.86207e+00  4.34483e+00       4.962e+11  7.478153e-01 -5.189596e-02  5.413081e-01  2.521847e-01
 2.27586e+00  4.34483e+00       7.533e+11  8.577067e-01 -4.712280e-02  4.392905e-01  1.422933e-01
 2.68966e+00  4.34483e+00       8.249e+11  9.067290e-01 -4.612224e-02  3.280646e-01  9.327095e-02
 3.10345e+00  4.34483e+00       6.938e+11  9.108361e-01 -5.287896e-02  1.441157e-01  8.916386e-02
 3.51724e+00  4.34483e+00       5.617e+11  8.612479e-01 -6.265801e-02 -1.700334e-01  1.387521e-01
 3.93103e+00  4.34483e+00       5.157e+11  7.925849e-01 -4.570512e-02 -4.383530e-01  2.074151e-01
 4.34483e+00  4.34483e+00       5.306e+11  7.238645e-01 -7.670181e-03 -5.687474e-01  2.761355e-01
 4.75862e+00  4.34483e+00       7.012e+11  5.802235e-01 -3.149372e-03 -7.016979e-01  4.197765e-01
 5.17241e+00  4.34483e+00       1.166e+12  4.079161e-01 -1.659946e-02 -8.404737e-01  5.920839e-01
 5.58621e+00  4.34483e+00       1.740e+12  2.952052e-01 -1.436277e-02 -9.169609e-01  7.047948e-01
 6.00000e+00  4.34483e+00       1.949e+12  2.188169e-01 -3.927087e-03 -9.524740e-01  7.811831e-01
-6.00000e+00  4.75862e+00       1.868e+12  3.061172e-01 -3.276666e-03  9.327198e-01  6.938828e-01
-5.58621e+00  4.75862e+00       1.987e+12  3.776324e-01 -8.430062e-03  8.947126e-01  6.223676e-01
-5.17241e+00  4.75862e+00       1.824e+12  4.715261e-01  9.951582e-05  8.285333e-01  5.284739e-01
-4.75862e+00  4.75862e+00       1.427e+12  5.825503e-01  2.808387e-02  7.348635e-01  4.174497e-01
-4.34483e+00  4.75862e+00       9.617e+11  6.774778e-01  7.290588e-02  6.408665e-01  3.225222e-01
-3.93103e+00  4.75862e+00       5.964e+11  7.272078e-01  1.028072e-01  5.713236e-01  2.727922e-01
-3.51724e+00  4.75862e+00       4.506e+11  7.656219e-01  5.286592e-02  4.827094e-01  2.343781e-01
-3.10345e+00  4.75862e+00       4.610e+11  8.131570e-01 -2.569336e-02  2.506450e-01  1.868430e-01
-2.68966e+00  4.75862e+00       5.304e+11  8.087775e-01 -7.108067e-02 -1.353388e-01  1.912225e-01
-2.27586e+00  4.75862e+00       6.064e+11  7.288674e-01 -7.643323e-02 -4.814918e-01  2.711326e-01
-1.86207e+00  4.75862e+00       5.958e+11  5.864956e-01 -6.806490e-02 -6.981271e-01  4.135044e-01
-1.44828e+00  4.75862e+00       5.036e+11  3.628732e-01 -9.137971e-02 -8.342411e-01  6.371268e-01
-1.03448e+00  4.75862e+00       4.236e+11  5.587841e-02 -1.487198e-01 -8.726414e-01  9.441216e-01
-6.20690e-01  4.75862e+00       3.670e+11 -2.741935e-01 -1.836124e-01 -7.472472e-01  7.258065e-01
-2.06897e-01  4.75862e+00       3.217e+11 -5.559632e-01 -1.806476e-01 -3.746868e-01  4.440368e-01
 2.06897e-01  4.75862e+00       3.194e+11 -6.167743e-01 -1.662258e-01  2.019424e-01  3.832257e-01
 6.20690e-01  4.75862e+00       3.757e+11 -3.653121e-01 -1.460209e-01  6.503343e-01  6.346879e-01
 1.03448e+00  4.75862e+00       4.843e+11  4.626051e-02 -1.048608e-01  8.189738e-01  9.537395e-01
 1.44828e+00  4.75862e+00       6.208e+11  4.016254e-01 -6.837560e-02  8.029708e-01  5.983746e-01
 1.86207e+00  4.75862e+00       6.776e+11  6.095120e-01 -5.973727e-02  7.187762e-01  3.904880e-01
 2.27586e+00  4.75862e+00       5.924e+11  7.291259e-01 -6.921893e-02  5.664597e-01  2.708741e-01
 2.68966e+00  4.75862e+00       4.852e+11  8.124765e-01 -8.591182e-02  2.502779e-01  1.875235e-01
 3.10345e+00  4.75862e+00       4.602e+11  8.476089e-01 -8.612289e-02 -1.298291e-01  1.523911e-01
 3.51724e+00  4.75862e+00       4.812e+11  8.418864e-01 -4.278554e-02 -3.373980e-01  1.581136e-01
 3.93103e+00  4.75862e+00       5.241e+11  8.144842e-01  2.929353e-03 -4.270998e-01  1.855158e-01
 4.34483e+00  4.75862e+00       6.910e+11  7.112159e-01 -6.528760e-04 -5.662416e-01  2.887841e-01
 4.75862e+00  4.75862e+00       1.155e+12  5.538881e-01 -1.621920e-02 -7.472492e-01  4.461119e-01
 5.17241e+00  4.75862e+00       1.852e+12  4.435779e-01 -1.431587e-02 -8.561236e-01  5.564221e-01
 5.58621e+00  4.75862e+00       2.284e+12  3.719590e-01 -7.630955e-03 -9.076258e-01  6.280410e-01
 6.00000e+00  4.75862e+00       2.189e+12  3.075779e-01 -4.070908e-03 -9.371150e-01  6.924221e-01
-6.00000e+00  5.17241e+00       1.912e+12  4.076674e-01 -7.520675e-03  8.984550e-01  5.923326e-01
-5.58621e+00  5.17241e+00       2.221e+12  4.573656e-01 -8.573016e-03  8.707768e-01  5.426344e-01
-5.17241e+00  5.17241e+00       2.222e+12  5.279384e-01 -8.718813e-03  8.172942e-01  4.720616e-01
-4.75862e+00  5.17241e+00       1.973e+12  6.157899e-01 -6.424081e-04  7.299491e-01  3.842101e-01
-4.34483e+00  5.17241e+00       1.556e+12  7.132044e-01  2.530175e-02  6.087374e-01  2.867956e-01
-3.93103e+00  5.17241e+00       1.080e+12  7.972119e-01  7.274385e-02  4.829012e-01  2.027881e-01
-3.51724e+00  5.17241e+00       6.591e+11  8.337571e-01  1.204198e-01  3.988676e-01  1.662429e-01
-3.10345e+00  5.17241e+00       4.280e+11  8.371495e-01  1.032723e-01  3.516611e-01  1.628505e-01
-2.68966e+00  5.17241e+00       3.770e+11  8.606202e-01  2.076677e-02  2.587059e-01  1.393798e-01
-2.27586e+00  5.17241e+00       3.604e+11  8.427582e-01 -5.124381e-02  6.099797e-02  1.572418e-01
-1.86207e+00  5.17241e+00       3.340e+11  6.669135e-01 -1.210526e-01 -2.922865e-01  3.330865e-01
-1.44828e+00  5.17241e+00       3.411e+11  3.041099e-01 -1.725792e-01 -6.586237e-01  6.958901e-01
-1.03448e+00  5.17241e+00       3.672e+11 -7.771800e-02 -1.689187e-01 -7.798144e-01  9.222820e-01
-6.20690e-01  5.17241e+00       3.622e+11 -4.144407e-01 -1.151115e-01 -6.166144e-01  5.855593e-01
-2.06897e-01  5.17241e+00       3.345e+11 -6.618871e-01 -5.941246e-02 -1.973340e-01  3.381129e-01
 2.06897e-01  5.17241e+00       3.217e+11 -6.748042e-01 -5.409988e-02  3.200420e-01  3.251958e-01
 6.20690e-01  5.17241e+00       3.284e+11 -4.620663e-01 -9.775594e-02  6.920801e-01  5.379337e-01
 1.03448e+00  5.17241e+00       3.243e+11 -1.808948e-01 -1.432576e-01  8.434035e-01  8.191052e-01
 1.44828e+00  5.17241e+00       2.909e+11  1.339546e-01 -1.631343e-01  7.778721e-01  8.660454e-01
 1.86207e+00  5.17241e+00       2.774e+11  5.178089e-01 -1.703977e-01  4.564224e-01  4.821911e-01
 2.27586e+00  5.17241e+00       3.217e+11  7.741325e-01 -1.548545e-01  9.421092e-02  2.258675e-01
 2.68966e+00  5.17241e+00       3.869e+11  8.544993e-01 -8.641582e-02 -1.054388e-01  1.455007e-01
 3.10345e+00  5.17241e+00       4.413e+11  8.803236e-01 -3.300872e-03 -1.757748e-01  1.196764e-01
 3.51724e+00  5.17241e+00       5.080e+11  8.797075e-01  2.204560e-02 -2.293255e-01  1.202925e-01
 3.93103e+00  5.17241e+00       7.068e+11  8.081551e-01 -5.461181e-03 -4.050206e-01  1.918449e-01
 4.34483e+00  5.17241e+00       1.205e+12  6.893141e-01 -2.154086e-02 -6.231364e-01  3.106859e-01
 4.75862e+00  5.17241e+00       1.924e+12  5.945547e-01 -1.412811e-02 -7.562294e-01  4.054453e-01
 5.17241e+00  5.17241e+00       2.401e+12  5.226300e-01 -8.554744e-04 -8.273278e-01  4.773700e-01
 5.58621e+00  5.17241e+00       2.324e+12  4.550737e-01  6.612570e-03 -8.731698e-01  5.449263e-01
 6.00000e+00  5.17241e+00       1.907e+12  3.903819e-01  7.220513e-03 -9.054463e-01  6.096181e-01
-6.00000e+00  5.58621e+00       1.645e+12  5.163839e-01 -7.095146e-03  8.395194e-01  4.836161e-01
-5.58621e+00  5.58621e+00       2.175e+12  5.572362e-01 -6.553407e-03  8.158718e-01  4.427638e-01
-5.17241e+00  5.58621e+00       2.384e+12  6.016149e-01 -7.464292e-03  7.795661e-01  3.983851e-01
-4.75862e+00  5.58621e+00       2.284e+12  6.664029e-01 -7.225974e-03  7.099322e-01  3.335971e-01
-4.34483e+00  5.58621e+00       2.038e+12  7.445230e-01 -6.281888e-04  5.984778e-01  2.554770e-01
-3.93103e+00  5.58621e+00       1.686e+12  8.216811e-01  1.940133e-02  4.477803e-01  1.783189e-01
-3.51724e+00  5.58621e+00       1.264e+12  8.850334e-01  5.910853e-02  2.808434e-01  1.149666e-01
-3.10345e+00  5.58621e+00       8.226e+11  9.114098e-01  1.162915e-01  1.518870e-01  8.859022e-02
-2.68966e+00  5.58621e+00       4.733e+11  8.854726e-01  1.657542e-01  1.017652e-01  1.145274e-01
-2.27586e+00  5.58621e+00       3.132e+11  8.431012e-01  1.349635e-01  8.012078e-02  1.568988e-01
-1.86207e+00  5.58621e+00       2.984e+11  8.641111e-01  4.563694e-02 -1.531587e-02  1.358889e-01
-1.44828e+00  5.58621e+00       2.935e+11  8.750832e-01 -5.647096e-03 -8.303673e-02  1.249168e-01
-1.03448e+00  5.58621e+00       2.275e+11  7.672198e-01 -9.730870e-02 -1.075088e-01  2.327802e-01
-6.20690e-01  5.58621e+00       1.582e+11  4.287039e-01 -3.310773e-01 -1.705800e-01  5.712961e-01
-2.06897e-01  5.58621e+00       1.325e+11  3.740701e-02 -5.591434e-01 -1.828988e-01  9.625930e-01
 2.06897e-01  5.58621e+00       1.373e+11 -1.559100e-02 -5.691473e-01  2.474091e-02  9.844090e-01
 6.20690e-01  5.58621e+00       1.582e+11  2.462982e-01 -4.324517e-01  2.141099e-01  7.537018e-01
 1.03448e+00  5.58621e+00       1.879e+11  5.256271e-01 -2.986255e-01  1.710969e-01  4.743729e-01
 1.44828e+00  5.58621e+00       2.285e+11  6.725566e-01 -1.956701e-01  5.352723e-02  3.274434e-01
 1.86207e+00  5.58621e+00       2.919e+11  7.616873e-01 -5.565516e-02  3.827549e-02  2.383127e-01
 2.27586e+00  5.58621e+00       3.577e+11  8.275184e-01  5.522621e-02  8.898158e-02  1.724816e-01
 2.68966e+00  5.58621e+00       4.072e+11  8.669130e-01  6.437378e-02  1.193849e-01  1.330870e-01
 3.10345e+00  5.58621e+00       4.989e+11  8.902349e-01  1.473208e-02  2.354426e-02  1.097651e-01
 3.51724e+00  5.58621e+00       7.564e+11  8.648996e-01 -2.206655e-02 -2.319909e-01  1.351004e-01
 3.93103e+00  5.58621e+00       1.303e+12  7.960260e-01 -2.432705e-02 -4.818112e-01  2.039740e-01
 4.34483e+00  5.58621e+00       2.039e+12  7.292405e-01 -8.986609e-03 -6.310512e-01  2.707595e-01
 4.75862e+00  5.58621e+00       2.545e+12  6.694879e-01  5.377690e-03 -7.163222e-01  3.305121e-01
 5.17241e+00  5.58621e+00       2.520e+12  6.076011e-01  9.724729e-03 -7.765006e-01  3.923989e-01
 5.58621e+00  5.58621e+00       2.146e+12  5.449017e-01  6.653427e-03 -8.226093e-01  4.550983e-01
 6.00000e+00  5.58621e+00       1.736e+12  4.919802e-01  8.893327e-03 -8.529088e-01  5.080198e-01
-6.00000e+00  6.00000e+00       1.268e+12  6.162278e-01 -5.785471e-03  7.645710e-01  3.837722e-01
-5.58621e+00  6.00000e+00       1.827e+12  6.678959e-01 -6.327317e-03  7.256386e-01  3.321041e-01
-5.17241e+00  6.00000e+00       2.367e+12  7.052929e-01 -6.096508e-03  6.930844e-01  2.947071e-01
-4.75862e+00  6.00000e+00       2.501e+12  7.396475e-01 -6.617207e-03  6.536870e-01  2.603525e-01
-4.34483e+00  6.00000e+00       2.270e+12  7.875028e-01 -5.343201e-03  5.787277e-01  2.124972e-01
-3.93103e+00  6.00000e+00       1.986e+12  8.463873e-01  2.150192e-04  4.481365e-01  1.536127e-01
-3.51724e+00  6.00000e+00       1.721e+12  8.923070e-01  1.266101e-02  2.719125e-01  1.076930e-01
-3.10345e+00  6.00000e+00       1.411e+12  9.127898e-01  3.693109e-02  6.343549e-02  8.721023e-02
-2.68966e+00  6.00000e+00       1.062e+12  9.013185e-01  7.852367e-02 -1.436176e-01  9.868149e-02
-2.27586e+00  6.00000e+00       6.985e+11  8.529568e-01  1.392689e-01 -2.977455e-01  1.470432e-01
-1.86207e+00  6.00000e+00       4.211e+11  7.804344e-01  1.997886e-01 -3.519999e-01  2.195656e-01
-1.44828e+00  6.00000e+00       2.748e+11  6.855171e-01  2.428867e-01 -2.244083e-01  3.144829e-01
-1.03448e+00  6.00000e+00       2.088e+11  4.827468e-01  3.502125e-01 -1.543214e-03  5.172532e-01
-6.20690e-01  6.00000e+00       1.925e+11  2.593363e-01  5.331403e-01  1.120115e-01  7.406637e-01
-2.06897e-01  6.00000e+00       2.074e+11  2.088154e-01  6.398864e-01  1.736886e-01  7.911846e-01
 2.06897e-01  6.00000e+00       2.341e+11  2.646497e-01  6.109702e-01  3.001270e-01  7.353503e-01
 6.20690e-01  6.00000e+00       2.568e+11  3.573996e-01  4.745989e-01  4.263418e-01  6.426004e-01
 1.03448e+00  6.00000e+00       2.590e+11  4.427790e-01  2.898615e-01  4.718076e-01  5.572210e-01
 1.44828e+00  6.00000e+00       2.561e+11  4.776926e-01  1.358309e-01  4.896489e-01  5.223074e-01
 1.86207e+00  6.00000e+00       2.919e+11  5.573491e-01  5.709224e-02  5.250769e-01  4.426509e-01
 2.27586e+00  6.00000e+00       3.821e+11  7.119413e-01  7.250994e-03  4.648040e-01  2.880587e-01
 2.68966e+00  6.00000e+00       5.493e+11  8.370760e-01 -2.689014e-02  2.410477e-01  1.629240e-01
 3.10345e+00  6.00000e+00       8.836e+11  8.864884e-01 -3.351113e-02 -7.300374e-02  1.135116e-01
 3.51724e+00  6.00000e+00       1.467e+12  8.779113e-01 -1.591547e-02 -3.252659e-01  1.220887e-01
 3.93103e+00  6.00000e+00       2.171e+12  8.470356e-01  5.239921e-03 -4.726383e-01  1.529644e-01
 4.34483e+00  6.00000e+00       2.636e+12  8.043239e-01  1.516398e-02 -5.654252e-01  1.956761e-01
 4.75862e+00  6.00000e+00       2.613e+12  7.520895e-01  1.196368e-02 -6.389985e-01  2.479105e-01
 5.17241e+00  6.00000e+00       2.286e+12  6.946608e-01  4.793303e-03 -7.002571e-01  3.053392e-01
 5.58621e+00  6.00000e+00       1.946e+12  6.425235e-01  7.718872e-03 -7.444723e-01  3.574765e-01
 6.00000e+00  6.00000e+00       1.512e+12  6.066404e-01  1.627776e-02 -7.716248e-01  3.933596e-01
