 EB(GeV)    EMITTANCEx EMITTANCEy SIZEx(m)   SIZEy(m)   DIVx(rad)  DIVy(rad)
 1.500e+00  5.941e-09  5.941e-11  1.840e-04  1.299e-05  3.228e-05  4.574e-06
 betax      alphax     betay      alphay     eta        deta       E_spread  
 5.700e+00  0.000e+00  2.840e+00  0.000e+00  0.000e+00  0.000e+00  1.000e-03
 Ibeam(A) 
  2.000e-01


           x            y       F.Density            PL            PC          PL45        1-|PL|
          mm           mm  ph/s/mm^2/0.1%             -             -             -             -
-6.00000e+00 -6.00000e+00       1.762e+12  4.995748e-01  6.070369e-03 -8.455148e-01  5.004252e-01
-5.58621e+00 -6.00000e+00       2.182e+12  5.411835e-01  2.249371e-03 -8.209884e-01  4.588165e-01
-5.17241e+00 -6.00000e+00       2.147e+12  5.877018e-01 -1.424513e-03 -7.797325e-01  4.122982e-01
-4.75862e+00 -6.00000e+00       1.810e+12  6.587377e-01 -7.616831e-03 -6.971641e-01  3.412623e-01
-4.34483e+00 -6.00000e+00       1.483e+12  7.508206e-01 -1.329041e-02 -5.618560e-01  2.491794e-01
-3.93103e+00 -6.00000e+00       1.225e+12  8.377961e-01 -2.439344e-02 -4.027821e-01  1.622039e-01
-3.51724e+00 -6.00000e+00       9.154e+11  8.903762e-01 -5.700755e-02 -2.708097e-01  1.096238e-01
-3.10345e+00 -6.00000e+00       5.585e+11  8.908015e-01 -1.117631e-01 -1.934491e-01  1.091985e-01
-2.68966e+00 -6.00000e+00       3.227e+11  8.413157e-01 -1.402541e-01 -1.413129e-01  1.586843e-01
-2.27586e+00 -6.00000e+00       2.636e+11  8.219848e-01 -8.239101e-02 -1.155610e-02  1.780152e-01
-1.86207e+00 -6.00000e+00       2.666e+11  8.077859e-01 -2.239833e-02  1.034411e-01  1.922141e-01
-1.44828e+00 -6.00000e+00       2.332e+11  6.748203e-01  7.501836e-02  2.046149e-01  3.251797e-01
-1.03448e+00 -6.00000e+00       1.898e+11  4.100392e-01  2.464455e-01  4.112245e-01  5.899608e-01
-6.20690e-01 -6.00000e+00       1.649e+11  1.769059e-01  3.493641e-01  5.920243e-01  8.230941e-01
-2.06897e-01 -6.00000e+00       1.448e+11  1.102216e-02  3.689527e-01  5.483142e-01  9.889778e-01
 2.06897e-01 -6.00000e+00       1.369e+11 -1.045561e-01  3.969067e-01  2.235457e-01  8.954439e-01
 6.20690e-01 -6.00000e+00       1.588e+11 -8.822325e-03  3.944214e-01 -2.139003e-01  9.911777e-01
 1.03448e+00 -6.00000e+00       1.996e+11  2.597872e-01  3.127645e-01 -4.126629e-01  7.402128e-01
 1.44828e+00 -6.00000e+00       2.240e+11  4.936850e-01  2.069323e-01 -3.477344e-01  5.063150e-01
 1.86207e+00 -6.00000e+00       2.382e+11  6.442001e-01  9.472570e-02 -1.822310e-01  3.557999e-01
 2.27586e+00 -6.00000e+00       2.843e+11  7.662229e-01 -1.383146e-02 -8.045390e-02  2.337771e-01
 2.68966e+00 -6.00000e+00       3.468e+11  8.500739e-01 -4.591399e-02 -4.591635e-02  1.499261e-01
 3.10345e+00 -6.00000e+00       4.033e+11  8.844989e-01 -4.996542e-03  1.566782e-02  1.155011e-01
 3.51724e+00 -6.00000e+00       5.357e+11  8.714575e-01  3.487934e-02  1.948884e-01  1.285425e-01
 3.93103e+00 -6.00000e+00       8.888e+11  8.111480e-01  2.913849e-02  4.287920e-01  1.888520e-01
 4.34483e+00 -6.00000e+00       1.464e+12  7.386113e-01  9.796007e-03  5.941893e-01  2.613887e-01
 4.75862e+00 -6.00000e+00       1.976e+12  6.672786e-01 -2.234303e-03  6.999217e-01  3.327214e-01
 5.17241e+00 -6.00000e+00       2.173e+12  5.908637e-01 -6.119692e-03  7.781288e-01  4.091363e-01
 5.58621e+00 -6.00000e+00       2.096e+12  5.175365e-01 -5.578717e-03  8.347240e-01  4.824635e-01
 6.00000e+00 -6.00000e+00       1.843e+12  4.608438e-01 -7.432786e-03  8.681932e-01  5.391562e-01
-6.00000e+00 -5.58621e+00       1.993e+12  3.754889e-01  3.040103e-03 -9.109542e-01  6.245111e-01
-5.58621e+00 -5.58621e+00       2.027e+12  4.288067e-01 -5.780819e-04 -8.789669e-01  5.711933e-01
-5.17241e+00 -5.58621e+00       1.758e+12  5.118073e-01 -4.675037e-03 -8.129129e-01  4.881927e-01
-4.75862e+00 -5.58621e+00       1.439e+12  6.213785e-01 -1.152935e-02 -7.064764e-01  3.786215e-01
-4.34483e+00 -5.58621e+00       1.124e+12  7.257621e-01 -3.409040e-02 -5.882287e-01  2.742379e-01
-3.93103e+00 -5.58621e+00       7.602e+11  7.867070e-01 -7.841075e-02 -4.962867e-01  2.132930e-01
-3.51724e+00 -5.58621e+00       4.583e+11  8.017275e-01 -1.102862e-01 -4.223032e-01  1.982725e-01
-3.10345e+00 -5.58621e+00       3.428e+11  8.217773e-01 -6.476774e-02 -3.047230e-01  1.782227e-01
-2.68966e+00 -5.58621e+00       3.314e+11  8.274580e-01  9.323038e-03 -1.146868e-01  1.725420e-01
-2.27586e+00 -5.58621e+00       3.315e+11  7.175800e-01  7.621122e-02  2.091316e-01  2.824200e-01
-1.86207e+00 -5.58621e+00       3.566e+11  4.634787e-01  1.281375e-01  5.990953e-01  5.365213e-01
-1.44828e+00 -5.58621e+00       3.914e+11  1.721552e-01  1.355633e-01  8.158115e-01  8.278448e-01
-1.03448e+00 -5.58621e+00       3.795e+11 -1.404826e-01  9.892496e-02  8.084566e-01  8.595174e-01
-6.20690e-01 -5.58621e+00       3.345e+11 -4.968574e-01  5.473529e-02  5.680349e-01  5.031426e-01
-2.06897e-01 -5.58621e+00       3.087e+11 -7.351593e-01  3.967436e-02  1.115797e-01  2.648407e-01
 2.06897e-01 -5.58621e+00       3.131e+11 -6.910389e-01  4.872782e-02 -3.762137e-01  3.089611e-01
 6.20690e-01 -5.58621e+00       3.349e+11 -4.228099e-01  6.858533e-02 -7.212504e-01  5.771901e-01
 1.03448e+00 -5.58621e+00       3.664e+11 -7.660331e-02  9.103850e-02 -8.732573e-01  9.233967e-01
 1.44828e+00 -5.58621e+00       3.851e+11  2.268662e-01  9.611630e-02 -8.561517e-01  7.731338e-01
 1.86207e+00 -5.58621e+00       3.680e+11  4.837955e-01  8.907575e-02 -6.796346e-01  5.162045e-01
 2.27586e+00 -5.58621e+00       3.497e+11  7.059717e-01  9.621906e-02 -3.564544e-01  2.940283e-01
 2.68966e+00 -5.58621e+00       3.546e+11  8.215335e-01  8.704334e-02 -4.764258e-02  1.784665e-01
 3.10345e+00 -5.58621e+00       3.764e+11  8.534709e-01  3.072548e-02  1.507158e-01  1.465291e-01
 3.51724e+00 -5.58621e+00       4.210e+11  8.596064e-01 -8.649809e-03  2.598784e-01  1.403936e-01
 3.93103e+00 -5.58621e+00       5.202e+11  8.175439e-01  6.910424e-03  3.871514e-01  1.824561e-01
 4.34483e+00 -5.58621e+00       8.066e+11  7.088415e-01  2.238733e-02  5.824239e-01  2.911585e-01
 4.75862e+00 -5.58621e+00       1.347e+12  5.992793e-01  1.439612e-02  7.338752e-01  4.007207e-01
 5.17241e+00 -5.58621e+00       1.874e+12  5.109192e-01  3.305099e-03  8.222500e-01  4.890808e-01
 5.58621e+00 -5.58621e+00       2.067e+12  4.280661e-01 -3.081539e-03  8.803469e-01  5.719339e-01
 6.00000e+00 -5.58621e+00       1.934e+12  3.517460e-01 -5.096482e-03  9.197572e-01  6.482540e-01
-6.00000e+00 -5.17241e+00       1.872e+12  2.641635e-01  9.986343e-04 -9.420903e-01  7.358365e-01
-5.58621e+00 -5.17241e+00       1.676e+12  3.486594e-01 -2.235406e-03 -8.965675e-01  6.513406e-01
-5.17241e+00 -5.17241e+00       1.359e+12  4.644703e-01 -1.078979e-02 -8.197166e-01  5.355297e-01
-4.75862e+00 -5.17241e+00       1.019e+12  5.797470e-01 -3.917749e-02 -7.315904e-01  4.202530e-01
-4.34483e+00 -5.17241e+00       6.699e+11  6.535814e-01 -8.283646e-02 -6.569483e-01  3.464186e-01
-3.93103e+00 -5.17241e+00       4.417e+11  7.019631e-01 -8.545341e-02 -5.651972e-01  2.980369e-01
-3.51724e+00 -5.17241e+00       3.980e+11  7.722659e-01 -1.503341e-02 -3.639870e-01  2.277341e-01
-3.10345e+00 -5.17241e+00       4.551e+11  8.216319e-01  4.923515e-02 -2.756820e-02  1.783681e-01
-2.68966e+00 -5.17241e+00       5.317e+11  8.109362e-01  7.398105e-02  3.099399e-01  1.890638e-01
-2.27586e+00 -5.17241e+00       5.382e+11  7.350390e-01  7.464359e-02  5.421745e-01  2.649610e-01
-1.86207e+00 -5.17241e+00       4.637e+11  5.738464e-01  9.759364e-02  7.153202e-01  4.261536e-01
-1.44828e+00 -5.17241e+00       3.802e+11  3.427017e-01  1.516549e-01  8.383382e-01  6.572983e-01
-1.03448e+00 -5.17241e+00       2.844e+11  1.038762e-01  1.738492e-01  8.722276e-01  8.961238e-01
-6.20690e-01 -5.17241e+00       1.801e+11 -1.684106e-01  1.182742e-01  7.711597e-01  8.315894e-01
-2.06897e-01 -5.17241e+00       1.209e+11 -4.383639e-01 -1.290159e-02  3.655334e-01  5.616361e-01
 2.06897e-01 -5.17241e+00       1.292e+11 -3.818821e-01 -5.315123e-02 -3.313181e-01  6.181179e-01
 6.20690e-01 -5.17241e+00       2.087e+11 -7.999481e-02  2.733496e-02 -7.795146e-01  9.200052e-01
 1.03448e+00 -5.17241e+00       3.402e+11  1.690425e-01  7.965352e-02 -8.907722e-01  8.309575e-01
 1.44828e+00 -5.17241e+00       4.647e+11  3.845871e-01  8.084454e-02 -8.476009e-01  6.154129e-01
 1.86207e+00 -5.17241e+00       5.490e+11  5.914045e-01  6.031650e-02 -7.304233e-01  4.085955e-01
 2.27586e+00 -5.17241e+00       5.785e+11  7.449797e-01  4.966658e-02 -5.752090e-01  2.550203e-01
 2.68966e+00 -5.17241e+00       5.425e+11  8.332580e-01  5.160652e-02 -3.575870e-01  1.667420e-01
 3.10345e+00 -5.17241e+00       4.835e+11  8.635019e-01  5.915531e-02 -5.115600e-02  1.364981e-01
 3.51724e+00 -5.17241e+00       4.458e+11  8.416097e-01  5.000760e-02  2.425532e-01  1.583903e-01
 3.93103e+00 -5.17241e+00       4.447e+11  7.980555e-01  1.353002e-02  4.247137e-01  2.019445e-01
 4.34483e+00 -5.17241e+00       5.155e+11  7.215199e-01  9.132796e-04  5.547101e-01  2.784801e-01
 4.75862e+00 -5.17241e+00       7.718e+11  5.773756e-01  1.437387e-02  7.147776e-01  4.226244e-01
 5.17241e+00 -5.17241e+00       1.276e+12  4.416116e-01  1.428190e-02  8.383501e-01  5.583884e-01
 5.58621e+00 -5.17241e+00       1.762e+12  3.430486e-01  5.873610e-03  9.054800e-01  6.569514e-01
 6.00000e+00 -5.17241e+00       1.898e+12  2.584942e-01 -1.095201e-03  9.445909e-01  7.415058e-01
-6.00000e+00 -4.75862e+00       1.565e+12  1.777498e-01 -2.996585e-05 -9.473397e-01  8.222502e-01
-5.58621e+00 -4.75862e+00       1.276e+12  2.916042e-01 -8.514478e-03 -8.964984e-01  7.083958e-01
-5.17241e+00 -4.75862e+00       9.403e+11  4.166894e-01 -3.768969e-02 -8.315025e-01  5.833106e-01
-4.75862e+00 -4.75862e+00       6.249e+11  5.109168e-01 -7.892387e-02 -7.664928e-01  4.890832e-01
-4.34483e+00 -4.75862e+00       4.478e+11  6.016796e-01 -6.726800e-02 -6.531179e-01  3.983204e-01
-3.93103e+00 -4.75862e+00       4.584e+11  7.415354e-01  6.483419e-03 -4.029729e-01  2.584646e-01
-3.51724e+00 -4.75862e+00       5.596e+11  8.587700e-01  5.222771e-02 -1.010368e-01  1.412300e-01
-3.10345e+00 -4.75862e+00       6.105e+11  9.059285e-01  6.796886e-02  1.366345e-01  9.407153e-02
-2.68966e+00 -4.75862e+00       5.475e+11  8.945530e-01  8.828524e-02  3.125798e-01  1.054470e-01
-2.27586e+00 -4.75862e+00       4.359e+11  8.531080e-01  1.151646e-01  4.399466e-01  1.468920e-01
-1.86207e+00 -4.75862e+00       3.374e+11  8.046809e-01  9.298564e-02  4.978209e-01  1.953191e-01
-1.44828e+00 -4.75862e+00       2.754e+11  7.400988e-01 -4.240442e-02  4.996965e-01  2.599012e-01
-1.03448e+00 -4.75862e+00       2.673e+11  6.709466e-01 -2.225762e-01  5.129521e-01  3.290534e-01
-6.20690e-01 -4.75862e+00       2.845e+11  6.312108e-01 -2.749234e-01  5.541864e-01  3.687892e-01
-2.06897e-01 -4.75862e+00       2.744e+11  5.756488e-01 -2.517785e-01  5.838814e-01  4.243512e-01
 2.06897e-01 -4.75862e+00       2.373e+11  4.512504e-01 -2.732413e-01  5.540927e-01  5.487496e-01
 6.20690e-01 -4.75862e+00       1.992e+11  3.080997e-01 -3.526560e-01  3.747156e-01  6.919003e-01
 1.03448e+00 -4.75862e+00       1.785e+11  3.026939e-01 -3.147987e-01 -6.502050e-03  6.973061e-01
 1.44828e+00 -4.75862e+00       2.070e+11  4.923630e-01 -8.334340e-02 -4.032664e-01  5.076370e-01
 1.86207e+00 -4.75862e+00       3.277e+11  7.151182e-01  4.699516e-02 -5.017969e-01  2.848818e-01
 2.27586e+00 -4.75862e+00       5.221e+11  8.497619e-01  5.419561e-02 -4.248433e-01  1.502381e-01
 2.68966e+00 -4.75862e+00       6.697e+11  9.145375e-01  4.388626e-02 -3.174921e-01  8.546251e-02
 3.10345e+00 -4.75862e+00       6.772e+11  9.342045e-01  3.892926e-02 -1.750111e-01  6.579550e-02
 3.51724e+00 -4.75862e+00       5.904e+11  9.028340e-01  4.193403e-02  4.980937e-02  9.716601e-02
 3.93103e+00 -4.75862e+00       5.040e+11  8.196894e-01  4.274994e-02  3.294036e-01  1.803106e-01
 4.34483e+00 -4.75862e+00       4.626e+11  7.213330e-01  2.031885e-02  5.436587e-01  2.786670e-01
 4.75862e+00 -4.75862e+00       5.121e+11  5.983536e-01  1.790307e-03  6.846980e-01  4.016464e-01
 5.17241e+00 -4.75862e+00       7.625e+11  4.195408e-01  1.068684e-02  8.182604e-01  5.804592e-01
 5.58621e+00 -4.75862e+00       1.234e+12  2.710885e-01  1.321851e-02  9.091810e-01  7.289115e-01
 6.00000e+00 -4.75862e+00       1.632e+12  1.704973e-01  6.543084e-03  9.538950e-01  8.295027e-01
-6.00000e+00 -4.34483e+00       1.196e+12  1.130077e-01 -4.563267e-03 -9.371663e-01  8.869923e-01
-5.58621e+00 -4.34483e+00       8.856e+11  2.441170e-01 -3.073618e-02 -8.927341e-01  7.558830e-01
-5.17241e+00 -4.34483e+00       5.994e+11  3.619007e-01 -7.203231e-02 -8.391605e-01  6.380993e-01
-4.75862e+00 -4.34483e+00       4.465e+11  4.924429e-01 -6.223280e-02 -7.261972e-01  5.075571e-01
-4.34483e+00 -4.34483e+00       4.764e+11  6.876690e-01  8.861559e-03 -4.887389e-01  3.123310e-01
-3.93103e+00 -4.34483e+00       5.799e+11  8.462062e-01  5.076244e-02 -2.398650e-01  1.537938e-01
-3.51724e+00 -4.34483e+00       5.991e+11  9.273488e-01  7.023194e-02 -5.520973e-02  7.265120e-02
-3.10345e+00 -4.34483e+00       5.119e+11  9.560489e-01  8.844131e-02  6.634870e-02  4.395112e-02
-2.68966e+00 -4.34483e+00       4.142e+11  9.548204e-01  7.156981e-02  1.055224e-01  4.517959e-02
-2.27586e+00 -4.34483e+00       3.509e+11  9.270066e-01  7.701100e-03  5.897685e-02  7.299341e-02
-1.86207e+00 -4.34483e+00       2.825e+11  8.594193e-01 -1.148838e-02 -2.024108e-02  1.405807e-01
-1.44828e+00 -4.34483e+00       1.864e+11  7.284218e-01  3.517924e-02 -1.000689e-01  2.715782e-01
-1.03448e+00 -4.34483e+00       1.133e+11  5.472478e-01 -1.889542e-02 -2.116247e-01  4.527522e-01
-6.20690e-01 -4.34483e+00       9.308e+10  4.531456e-01 -3.477598e-01 -3.518376e-01  5.468544e-01
-2.06897e-01 -4.34483e+00       1.036e+11  4.862283e-01 -5.710821e-01 -4.065602e-01  5.137717e-01
 2.06897e-01 -4.34483e+00       1.208e+11  5.982609e-01 -5.197552e-01 -3.985720e-01  4.017391e-01
 6.20690e-01 -4.34483e+00       1.454e+11  7.490625e-01 -2.967645e-01 -3.512445e-01  2.509375e-01
 1.03448e+00 -4.34483e+00       1.870e+11  8.389405e-01 -8.905856e-02 -2.663118e-01  1.610595e-01
 1.44828e+00 -4.34483e+00       2.208e+11  8.324661e-01 -5.910351e-03 -1.757075e-01  1.675339e-01
 1.86207e+00 -4.34483e+00       2.246e+11  7.830354e-01  1.245683e-03 -1.359259e-01  2.169646e-01
 2.27586e+00 -4.34483e+00       2.631e+11  8.166622e-01  1.885127e-02 -1.659967e-01  1.833378e-01
 2.68966e+00 -4.34483e+00       4.153e+11  9.187470e-01  4.741431e-02 -1.412987e-01  8.125300e-02
 3.10345e+00 -4.34483e+00       6.169e+11  9.661836e-01  4.656014e-02 -6.554911e-02  3.381641e-02
 3.51724e+00 -4.34483e+00       6.991e+11  9.615577e-01  3.804429e-02  3.374009e-02  3.844233e-02
 3.93103e+00 -4.34483e+00       6.276e+11  8.995344e-01  3.594804e-02  1.987947e-01  1.004656e-01
 4.34483e+00 -4.34483e+00       5.182e+11  7.735961e-01  3.591917e-02  4.368307e-01  2.264039e-01
 4.75862e+00 -4.34483e+00       4.558e+11  6.259561e-01  1.834934e-02  6.452865e-01  3.740439e-01
 5.17241e+00 -4.34483e+00       5.058e+11  4.495460e-01  2.075108e-03  7.833235e-01  5.504540e-01
 5.58621e+00 -4.34483e+00       7.698e+11  2.420044e-01  1.009533e-02  8.879173e-01  7.579956e-01
 6.00000e+00 -4.34483e+00       1.197e+12  9.533895e-02  1.244143e-02  9.462956e-01  9.046611e-01
-6.00000e+00 -3.93103e+00       8.441e+11  6.646438e-02 -2.009770e-02 -9.192234e-01  9.335356e-01
-5.58621e+00 -3.93103e+00       5.812e+11  2.047297e-01 -6.159702e-02 -8.818205e-01  7.952703e-01
-5.17241e+00 -3.93103e+00       4.295e+11  3.623146e-01 -6.655406e-02 -7.919724e-01  6.376854e-01
-4.75862e+00 -3.93103e+00       4.485e+11  5.954022e-01  2.297651e-04 -5.882003e-01  4.045978e-01
-4.34483e+00 -3.93103e+00       5.448e+11  7.912584e-01  4.690599e-02 -3.737748e-01  2.087416e-01
-3.93103e+00 -3.93103e+00       5.589e+11  9.000492e-01  6.888590e-02 -2.196568e-01  9.995082e-02
-3.51724e+00 -3.93103e+00       4.746e+11  9.455772e-01  8.130920e-02 -1.352240e-01  5.442284e-02
-3.10345e+00 -3.93103e+00       3.816e+11  9.383853e-01  6.077251e-02 -1.381523e-01  6.161469e-02
-2.68966e+00 -3.93103e+00       2.948e+11  8.844695e-01  2.462261e-02 -1.803997e-01  1.155305e-01
-2.27586e+00 -3.93103e+00       1.941e+11  7.880268e-01 -1.365966e-02 -1.579563e-01  2.119732e-01
-1.86207e+00 -3.93103e+00       1.137e+11  6.492390e-01 -1.691265e-01  2.446842e-02  3.507610e-01
-1.44828e+00 -3.93103e+00       7.698e+10  5.117413e-01 -4.346607e-01  3.019728e-01  4.882587e-01
-1.03448e+00 -3.93103e+00       6.693e+10  3.393144e-01 -5.528077e-01  4.360333e-01  6.606856e-01
-6.20690e-01 -3.93103e+00       6.512e+10  6.220699e-02 -5.390473e-01  3.268181e-01  9.377930e-01
-2.06897e-01 -3.93103e+00       6.523e+10 -1.750638e-01 -4.822317e-01 -4.957906e-02  8.249362e-01
 2.06897e-01 -3.93103e+00       6.953e+10 -1.531628e-01 -4.292515e-01 -4.507716e-01  8.468372e-01
 6.20690e-01 -3.93103e+00       7.858e+10  1.207589e-01 -4.146208e-01 -5.692498e-01  8.792411e-01
 1.03448e+00 -3.93103e+00       9.867e+10  5.034046e-01 -3.957571e-01 -4.297645e-01  4.965954e-01
 1.44828e+00 -3.93103e+00       1.423e+11  7.805990e-01 -3.080913e-01 -2.280005e-01  2.194010e-01
 1.86207e+00 -3.93103e+00       2.022e+11  8.855803e-01 -1.754138e-01 -6.426708e-02  1.144197e-01
 2.27586e+00 -3.93103e+00       2.447e+11  8.965570e-01 -6.040080e-02  3.633148e-02  1.034430e-01
 2.68966e+00 -3.93103e+00       2.716e+11  8.914678e-01  1.561307e-02  5.841548e-02  1.085322e-01
 3.10345e+00 -3.93103e+00       3.694e+11  9.295273e-01  5.228783e-02  7.056360e-02  7.047267e-02
 3.51724e+00 -3.93103e+00       5.504e+11  9.577306e-01  5.113065e-02  1.258699e-01  4.226939e-02
 3.93103e+00 -3.93103e+00       6.533e+11  9.390974e-01  3.984856e-02  2.057167e-01  6.090262e-02
 4.34483e+00 -3.93103e+00       5.963e+11  8.550121e-01  3.424084e-02  3.430139e-01  1.449879e-01
 4.75862e+00 -3.93103e+00       4.849e+11  6.961740e-01  3.074658e-02  5.490317e-01  3.038260e-01
 5.17241e+00 -3.93103e+00       4.250e+11  5.044017e-01  1.255693e-02  7.341869e-01  4.955983e-01
 5.58621e+00 -3.93103e+00       5.013e+11  2.722310e-01  2.270999e-03  8.516285e-01  7.277690e-01
 6.00000e+00 -3.93103e+00       7.845e+11  5.507228e-02  1.147829e-02  9.213481e-01  9.449277e-01
-6.00000e+00 -3.51724e+00       5.741e+11  4.028835e-02 -4.310196e-02 -8.989622e-01  9.597117e-01
-5.58621e+00 -3.51724e+00       4.086e+11  2.110161e-01 -6.764024e-02 -8.430035e-01  7.889839e-01
-5.17241e+00 -3.51724e+00       3.944e+11  4.661172e-01 -1.552507e-02 -6.813120e-01  5.338828e-01
-4.75862e+00 -3.51724e+00       4.799e+11  7.046786e-01  3.956357e-02 -4.870267e-01  2.953214e-01
-4.34483e+00 -3.51724e+00       5.097e+11  8.445587e-01  6.477858e-02 -3.463968e-01  1.554413e-01
-3.93103e+00 -3.51724e+00       4.392e+11  9.055353e-01  7.842385e-02 -2.740654e-01  9.446469e-02
-3.51724e+00 -3.51724e+00       3.445e+11  8.975111e-01  6.731932e-02 -2.789465e-01  1.024889e-01
-3.10345e+00 -3.51724e+00       2.518e+11  8.446145e-01  3.546161e-02 -2.914299e-01  1.553855e-01
-2.68966e+00 -3.51724e+00       1.641e+11  7.939628e-01 -2.944378e-02 -1.771216e-01  2.060372e-01
-2.27586e+00 -3.51724e+00       1.203e+11  7.868827e-01 -1.498828e-01  1.351057e-01  2.131173e-01
-1.86207e+00 -3.51724e+00       1.400e+11  7.527340e-01 -1.694365e-01  4.425289e-01  2.472660e-01
-1.44828e+00 -3.51724e+00       2.253e+11  5.995313e-01 -1.501722e-01  6.280569e-01  4.004687e-01
-1.03448e+00 -3.51724e+00       3.530e+11  3.546958e-01 -2.020898e-01  6.973608e-01  6.453042e-01
-6.20690e-01 -3.51724e+00       4.509e+11  4.932676e-02 -2.915862e-01  5.725039e-01  9.506732e-01
-2.06897e-01 -3.51724e+00       4.951e+11 -1.834823e-01 -3.563199e-01  1.458753e-01  8.165177e-01
 2.06897e-01 -3.51724e+00       5.315e+11 -1.172511e-01 -3.237950e-01 -3.995112e-01  8.827489e-01
 6.20690e-01 -3.51724e+00       5.420e+11  1.742000e-01 -2.192230e-01 -6.837578e-01  8.258000e-01
 1.03448e+00 -3.51724e+00       4.717e+11  4.781811e-01 -1.226345e-01 -6.757998e-01  5.218189e-01
 1.44828e+00 -3.51724e+00       3.556e+11  7.190140e-01 -8.334503e-02 -5.135817e-01  2.809860e-01
 1.86207e+00 -3.51724e+00       2.635e+11  8.611328e-01 -1.097328e-01 -3.106967e-01  1.388672e-01
 2.27586e+00 -3.51724e+00       2.282e+11  9.094058e-01 -1.310393e-01 -7.377873e-02  9.059425e-02
 2.68966e+00 -3.51724e+00       2.411e+11  9.061560e-01 -7.694809e-02  1.284910e-01  9.384404e-02
 3.10345e+00 -3.51724e+00       2.704e+11  8.969382e-01  5.205063e-03  2.035095e-01  1.030618e-01
 3.51724e+00 -3.51724e+00       3.542e+11  9.169137e-01  5.431883e-02  2.214049e-01  8.308633e-02
 3.93103e+00 -3.51724e+00       5.068e+11  9.288467e-01  5.383486e-02  2.638131e-01  7.115328e-02
 4.34483e+00 -3.51724e+00       5.874e+11  8.931569e-01  4.070859e-02  3.356206e-01  1.068431e-01
 4.75862e+00 -3.51724e+00       5.247e+11  7.814624e-01  3.377332e-02  4.658677e-01  2.185376e-01
 5.17241e+00 -3.51724e+00       4.216e+11  5.888231e-01  2.680887e-02  6.513024e-01  4.111769e-01
 5.58621e+00 -3.51724e+00       3.865e+11  3.454859e-01  8.079000e-03  8.043531e-01  6.545141e-01
 6.00000e+00 -3.51724e+00       5.090e+11  6.755632e-02  6.436898e-03  8.862846e-01  9.324437e-01
-6.00000e+00 -3.10345e+00       3.318e+11  3.642627e-02 -1.024114e-01 -8.021923e-01  9.635737e-01
-5.58621e+00 -3.10345e+00       3.129e+11  3.098218e-01 -8.001657e-02 -7.184974e-01  6.901782e-01
-5.17241e+00 -3.10345e+00       3.894e+11  5.920092e-01  3.443435e-03 -5.665797e-01  4.079908e-01
-4.75862e+00 -3.10345e+00       4.486e+11  7.769047e-01  4.753273e-02 -4.352200e-01  2.230953e-01
-4.34483e+00 -3.10345e+00       4.093e+11  8.618026e-01  7.150771e-02 -3.626314e-01  1.381974e-01
-3.93103e+00 -3.10345e+00       3.203e+11  8.663244e-01  7.367674e-02 -3.562523e-01  1.336756e-01
-3.51724e+00 -3.10345e+00       2.343e+11  8.266869e-01  4.703705e-02 -3.540025e-01  1.733131e-01
-3.10345e+00 -3.10345e+00       1.826e+11  8.355700e-01 -1.198148e-02 -1.883578e-01  1.644300e-01
-2.68966e+00 -3.10345e+00       2.754e+11  9.254921e-01 -4.959917e-02  1.211582e-01  7.450793e-02
-2.27586e+00 -3.10345e+00       6.673e+11  9.452472e-01 -3.172515e-02  2.586065e-01  5.475284e-02
-1.86207e+00 -3.10345e+00       1.255e+12  9.281326e-01 -1.521590e-02  3.272235e-01  7.186743e-02
-1.44828e+00 -3.10345e+00       1.486e+12  8.997091e-01  8.943414e-03  3.823015e-01  1.002909e-01
-1.03448e+00 -3.10345e+00       1.100e+12  8.567579e-01  5.399169e-02  4.150482e-01  1.432421e-01
-6.20690e-01 -3.10345e+00       5.680e+11  7.900344e-01  1.200361e-01  3.509909e-01  2.099656e-01
-2.06897e-01 -3.10345e+00       3.092e+11  7.319181e-01  1.444305e-01  1.328858e-02  2.680819e-01
 2.06897e-01 -3.10345e+00       3.414e+11  7.775059e-01  8.534993e-02 -3.529844e-01  2.224941e-01
 6.20690e-01 -3.10345e+00       6.488e+11  8.426427e-01  3.037170e-02 -4.339072e-01  1.573573e-01
 1.03448e+00 -3.10345e+00       1.226e+12  8.855322e-01 -1.428095e-02 -4.100372e-01  1.144678e-01
 1.44828e+00 -3.10345e+00       1.685e+12  9.157139e-01 -3.871279e-02 -3.608708e-01  8.428615e-02
 1.86207e+00 -3.10345e+00       1.497e+12  9.380668e-01 -4.644019e-02 -3.019988e-01  6.193315e-02
 2.27586e+00 -3.10345e+00       8.762e+11  9.543654e-01 -5.060136e-02 -2.212123e-01  4.563456e-02
 2.68966e+00 -3.10345e+00       4.241e+11  9.542808e-01 -6.514310e-02 -6.654468e-02  4.571921e-02
 3.10345e+00 -3.10345e+00       2.730e+11  9.164778e-01 -5.334890e-02  1.672200e-01  8.352221e-02
 3.51724e+00 -3.10345e+00       2.682e+11  8.870929e-01  1.449881e-02  2.895162e-01  1.129071e-01
 3.93103e+00 -3.10345e+00       3.488e+11  8.980330e-01  5.843740e-02  3.188844e-01  1.019670e-01
 4.34483e+00 -3.10345e+00       4.717e+11  8.964429e-01  5.302999e-02  3.558605e-01  1.035571e-01
 4.75862e+00 -3.10345e+00       5.003e+11  8.375930e-01  3.631342e-02  4.265291e-01  1.624070e-01
 5.17241e+00 -3.10345e+00       4.203e+11  6.850444e-01  2.188446e-02  5.656364e-01  3.149556e-01
 5.58621e+00 -3.10345e+00       3.429e+11  4.666452e-01  2.519946e-04  7.355636e-01  5.333548e-01
 6.00000e+00 -3.10345e+00       3.501e+11  2.053642e-01 -1.581348e-02  8.320337e-01  7.946358e-01
-6.00000e+00 -2.68966e+00       2.689e+11  1.571761e-01 -1.385700e-01 -7.508247e-01  8.428239e-01
-5.58621e+00 -2.68966e+00       3.059e+11  4.454963e-01 -3.504866e-02 -6.376874e-01  5.545037e-01
-5.17241e+00 -2.68966e+00       3.740e+11  6.855529e-01  3.164043e-02 -5.006485e-01  3.144471e-01
-4.75862e+00 -2.68966e+00       3.764e+11  8.162616e-01  5.727082e-02 -4.143563e-01  1.837384e-01
-4.34483e+00 -2.68966e+00       3.084e+11  8.498430e-01  7.179364e-02 -3.927355e-01  1.501570e-01
-3.93103e+00 -2.68966e+00       2.317e+11  8.247070e-01  6.012718e-02 -3.896753e-01  1.752930e-01
-3.51724e+00 -2.68966e+00       2.203e+11  8.643101e-01  1.346588e-02 -2.370257e-01  1.356899e-01
-3.10345e+00 -2.68966e+00       4.671e+11  9.674251e-01 -6.957939e-03 -3.075243e-02  3.257490e-02
-2.68966e+00 -2.68966e+00       1.152e+12  9.923188e-01  2.662666e-03  3.120959e-02  7.681192e-03
-2.27586e+00 -2.68966e+00       1.818e+12  9.935445e-01  1.232668e-02  6.000592e-02  6.455523e-03
-1.86207e+00 -2.68966e+00       1.659e+12  9.898632e-01  2.553421e-02  8.503550e-02  1.013680e-02
-1.44828e+00 -2.68966e+00       9.338e+11  9.805980e-01  4.906087e-02  1.084921e-01  1.940201e-02
-1.03448e+00 -2.68966e+00       4.437e+11  9.640041e-01  7.230241e-02  1.109837e-01  3.599586e-02
-6.20690e-01 -2.68966e+00       2.825e+11  9.513051e-01  3.755114e-02  8.103250e-02  4.869493e-02
-2.06897e-01 -2.68966e+00       2.291e+11  9.425042e-01 -2.891415e-02  7.654619e-02  5.749579e-02
 2.06897e-01 -2.68966e+00       2.061e+11  9.345129e-01 -5.459776e-02  8.716020e-02  6.548713e-02
 6.20690e-01 -2.68966e+00       2.254e+11  9.380948e-01 -2.925850e-02  4.454869e-02  6.190517e-02
 1.03448e+00 -2.68966e+00       3.993e+11  9.646829e-01 -1.324762e-02 -4.323688e-02  3.531710e-02
 1.44828e+00 -2.68966e+00       9.594e+11  9.857485e-01 -1.932434e-02 -7.153659e-02  1.425145e-02
 1.86207e+00 -2.68966e+00       1.783e+12  9.928372e-01 -2.500826e-02 -6.557942e-02  7.162822e-03
 2.27586e+00 -2.68966e+00       2.030e+12  9.947522e-01 -2.917305e-02 -5.008984e-02  5.247765e-03
 2.68966e+00 -2.68966e+00       1.376e+12  9.932113e-01 -3.374947e-02 -2.247838e-02  6.788681e-03
 3.10345e+00 -2.68966e+00       6.297e+11  9.780226e-01 -4.149641e-02  4.855706e-02  2.197744e-02
 3.51724e+00 -2.68966e+00       3.084e+11  9.228564e-01 -2.847228e-02  2.165489e-01  7.714357e-02
 3.93103e+00 -2.68966e+00       2.680e+11  8.807424e-01  3.342264e-02  3.408058e-01  1.192576e-01
 4.34483e+00 -2.68966e+00       3.466e+11  8.850311e-01  6.001120e-02  3.735088e-01  1.149689e-01
 4.75862e+00 -2.68966e+00       4.291e+11  8.622590e-01  4.652843e-02  4.148603e-01  1.377410e-01
 5.17241e+00 -2.68966e+00       4.104e+11  7.632414e-01  2.929634e-02  5.038324e-01  2.367586e-01
 5.58621e+00 -2.68966e+00       3.275e+11  5.706746e-01  9.663577e-03  6.533342e-01  4.293254e-01
 6.00000e+00 -2.68966e+00       2.721e+11  3.261287e-01 -1.643539e-02  7.772226e-01  6.738713e-01
-6.00000e+00 -2.27586e+00       2.537e+11  2.682186e-01 -9.752980e-02 -7.380084e-01  7.317814e-01
-5.58621e+00 -2.27586e+00       2.887e+11  5.801008e-01 -6.717072e-03 -5.619387e-01  4.198992e-01
-5.17241e+00 -2.27586e+00       3.299e+11  7.719951e-01  3.335972e-02 -4.452668e-01  2.280049e-01
-4.75862e+00 -2.27586e+00       3.010e+11  8.427669e-01  5.808340e-02 -4.026754e-01  1.572331e-01
-4.34483e+00 -2.27586e+00       2.333e+11  8.375479e-01  6.886469e-02 -3.987455e-01  1.624521e-01
-3.93103e+00 -2.27586e+00       2.210e+11  8.615042e-01  3.691726e-02 -3.063037e-01  1.384958e-01
-3.51724e+00 -2.27586e+00       4.730e+11  9.598361e-01  8.717489e-03 -1.429545e-01  4.016393e-02
-3.10345e+00 -2.27586e+00       1.197e+12  9.900254e-01  1.086238e-02 -9.420844e-02  9.974557e-03
-2.68966e+00 -2.27586e+00       1.908e+12  9.948561e-01  1.576237e-02 -7.662767e-02  5.143933e-03
-2.27586e+00 -2.27586e+00       1.751e+12  9.954818e-01  2.337153e-02 -6.284459e-02  4.518162e-03
-1.86207e+00 -2.27586e+00       1.098e+12  9.934586e-01  4.066586e-02 -5.128115e-02  6.541383e-03
-1.44828e+00 -2.27586e+00       9.022e+11  9.903766e-01  6.127758e-02 -5.032079e-02  9.623426e-03
-1.03448e+00 -2.27586e+00       1.259e+12  9.919315e-01  5.352115e-02 -5.047432e-02  8.068486e-03
-6.20690e-01 -2.27586e+00       1.671e+12  9.944572e-01  3.275607e-02 -3.401673e-02  5.542780e-03
-2.06897e-01 -2.27586e+00       1.800e+12  9.955444e-01  1.509618e-02  3.046951e-03  4.455565e-03
 2.06897e-01 -2.27586e+00       1.664e+12  9.938578e-01  1.109447e-02  5.342160e-02  6.142213e-03
 6.20690e-01 -2.27586e+00       1.313e+12  9.889510e-01  2.166223e-02  9.970327e-02  1.104896e-02
 1.03448e+00 -2.27586e+00       8.326e+11  9.810558e-01  3.486097e-02  1.307542e-01  1.894422e-02
 1.44828e+00 -2.27586e+00       5.714e+11  9.768702e-01  1.954548e-02  1.225546e-01  2.312982e-02
 1.86207e+00 -2.27586e+00       9.278e+11  9.883968e-01 -1.379589e-02  8.252314e-02  1.160316e-02
 2.27586e+00 -2.27586e+00       1.755e+12  9.939723e-01 -2.104301e-02  7.482741e-02  6.027734e-03
 2.68966e+00 -2.27586e+00       2.060e+12  9.945478e-01 -2.373885e-02  7.949022e-02  5.452185e-03
 3.10345e+00 -2.27586e+00       1.393e+12  9.911900e-01 -2.749071e-02  9.446649e-02  8.809961e-03
 3.51724e+00 -2.27586e+00       6.153e+11  9.721547e-01 -3.113362e-02  1.466655e-01  2.784532e-02
 3.93103e+00 -2.27586e+00       2.921e+11  9.143099e-01 -4.915265e-03  2.799809e-01  8.569008e-02
 4.34483e+00 -2.27586e+00       2.689e+11  8.830640e-01  4.922614e-02  3.686394e-01  1.169360e-01
 4.75862e+00 -2.27586e+00       3.401e+11  8.799210e-01  5.312330e-02  3.960271e-01  1.200790e-01
 5.17241e+00 -2.27586e+00       3.614e+11  8.303645e-01  3.620417e-02  4.432392e-01  1.696355e-01
 5.58621e+00 -2.27586e+00       2.922e+11  6.766415e-01  1.782059e-02  5.491026e-01  3.233585e-01
 6.00000e+00 -2.27586e+00       2.186e+11  3.744187e-01 -1.292459e-02  7.046106e-01  6.255813e-01
-6.00000e+00 -1.86207e+00       1.866e+11  4.772327e-01  6.785424e-03 -5.969562e-01  5.227673e-01
-5.58621e+00 -1.86207e+00       2.666e+11  7.311758e-01  1.839241e-02 -4.795025e-01  2.688242e-01
-5.17241e+00 -1.86207e+00       2.958e+11  8.289883e-01  4.934207e-02 -4.159017e-01  1.710117e-01
-4.75862e+00 -1.86207e+00       2.438e+11  8.550036e-01  7.331092e-02 -3.865959e-01  1.449964e-01
-4.34483e+00 -1.86207e+00       2.010e+11  8.595792e-01  5.739839e-02 -3.470911e-01  1.404208e-01
-3.93103e+00 -1.86207e+00       3.474e+11  9.377701e-01  1.821286e-02 -2.153543e-01  6.222990e-02
-3.51724e+00 -1.86207e+00       9.430e+11  9.802070e-01  1.238324e-02 -1.571626e-01  1.979299e-02
-3.10345e+00 -1.86207e+00       1.756e+12  9.880240e-01  1.452047e-02 -1.424745e-01  1.197604e-02
-2.68966e+00 -1.86207e+00       1.894e+12  9.896509e-01  1.855722e-02 -1.344167e-01  1.034914e-02
-2.27586e+00 -1.86207e+00       1.413e+12  9.890873e-01  2.798197e-02 -1.301759e-01  1.091270e-02
-1.86207e+00 -1.86207e+00       1.377e+12  9.880511e-01  3.345294e-02 -1.272208e-01  1.194892e-02
-1.44828e+00 -1.86207e+00       2.483e+12  9.915144e-01  2.438320e-02 -1.026803e-01  8.485604e-03
-1.03448e+00 -1.86207e+00       5.661e+12  9.956605e-01  1.658539e-02 -6.903111e-02  4.339504e-03
-6.20690e-01 -1.86207e+00       1.127e+13  9.977890e-01  1.021964e-02 -4.209470e-02  2.211033e-03
-2.06897e-01 -1.86207e+00       1.615e+13  9.986791e-01  4.550636e-03 -1.714898e-02  1.320923e-03
 2.06897e-01 -1.86207e+00       1.585e+13  9.987765e-01  4.583828e-04  8.653363e-03  1.223468e-03
 6.20690e-01 -1.86207e+00       1.055e+13  9.979504e-01 -1.819325e-03  3.588247e-02  2.049556e-03
 1.03448e+00 -1.86207e+00       4.850e+12  9.951952e-01 -2.378414e-03  6.953733e-02  4.804790e-03
 1.44828e+00 -1.86207e+00       1.746e+12  9.877429e-01 -5.361389e-04  1.213563e-01  1.225706e-02
 1.86207e+00 -1.86207e+00       8.217e+11  9.790061e-01 -2.412616e-03  1.653489e-01  2.099388e-02
 2.27586e+00 -1.86207e+00       1.111e+12  9.848192e-01 -1.470540e-02  1.451086e-01  1.518083e-02
 2.68966e+00 -1.86207e+00       1.843e+12  9.886921e-01 -1.903507e-02  1.356239e-01  1.130795e-02
 3.10345e+00 -1.86207e+00       1.880e+12  9.887625e-01 -2.144096e-02  1.373857e-01  1.123750e-02
 3.51724e+00 -1.86207e+00       1.103e+12  9.839020e-01 -2.459404e-02  1.508568e-01  1.609795e-02
 3.93103e+00 -1.86207e+00       4.514e+11  9.587843e-01 -2.072872e-02  2.072855e-01  4.121570e-02
 4.34483e+00 -1.86207e+00       2.518e+11  9.078898e-01  2.458997e-02  3.200686e-01  9.211015e-02
 4.75862e+00 -1.86207e+00       2.806e+11  8.936178e-01  5.628099e-02  3.707039e-01  1.063822e-01
 5.17241e+00 -1.86207e+00       3.262e+11  8.731202e-01  4.561133e-02  4.023762e-01  1.268798e-01
 5.58621e+00 -1.86207e+00       2.851e+11  7.934043e-01  3.675133e-02  4.674574e-01  2.065957e-01
 6.00000e+00 -1.86207e+00       2.058e+11  5.849361e-01  3.466026e-02  5.974953e-01  4.150639e-01
-6.00000e+00 -1.44828e+00       1.989e+11  6.209766e-01 -1.336865e-02 -5.133937e-01  3.790234e-01
-5.58621e+00 -1.44828e+00       2.493e+11  7.865984e-01  6.299654e-02 -3.977190e-01  2.134016e-01
-5.17241e+00 -1.44828e+00       2.369e+11  8.671387e-01  6.951104e-02 -3.309414e-01  1.328613e-01
-4.75862e+00 -1.44828e+00       1.891e+11  8.874762e-01  5.295268e-02 -3.185157e-01  1.125238e-01
-4.34483e+00 -1.44828e+00       2.224e+11  9.190477e-01  2.838455e-02 -2.596627e-01  8.095234e-02
-3.93103e+00 -1.44828e+00       5.734e+11  9.709246e-01  1.501370e-02 -1.807996e-01  2.907540e-02
-3.51724e+00 -1.44828e+00       1.350e+12  9.845087e-01  1.431950e-02 -1.610759e-01  1.549133e-02
-3.10345e+00 -1.44828e+00       1.895e+12  9.869817e-01  1.574932e-02 -1.551781e-01  1.301832e-02
-2.68966e+00 -1.44828e+00       1.718e+12  9.871342e-01  1.943645e-02 -1.525693e-01  1.286584e-02
-2.27586e+00 -1.44828e+00       2.026e+12  9.877038e-01  1.974674e-02 -1.449524e-01  1.229616e-02
-1.86207e+00 -1.44828e+00       5.596e+12  9.909872e-01  9.609566e-03 -1.249602e-01  9.012768e-03
-1.44828e+00 -1.44828e+00       1.668e+13  9.935685e-01  1.151256e-03 -1.056407e-01  6.431497e-03
-1.03448e+00 -1.44828e+00       3.648e+13  9.955490e-01 -5.067174e-03 -8.420837e-02  4.451015e-03
-6.20690e-01 -1.44828e+00       5.748e+13  9.972617e-01 -9.420022e-03 -5.691495e-02  2.738309e-03
-2.06897e-01 -1.44828e+00       6.986e+13  9.984252e-01 -1.207327e-02 -2.343870e-02  1.574842e-03
 2.06897e-01 -1.44828e+00       6.956e+13  9.986190e-01 -1.370253e-02  1.257695e-02  1.380982e-03
 6.20690e-01 -1.44828e+00       5.648e+13  9.978229e-01 -1.505618e-02  4.554405e-02  2.177106e-03
 1.03448e+00 -1.44828e+00       3.493e+13  9.964015e-01 -1.633780e-02  7.251243e-02  3.598463e-03
 1.44828e+00 -1.44828e+00       1.516e+13  9.945178e-01 -1.726057e-02  9.482693e-02  5.482166e-03
 1.86207e+00 -1.44828e+00       4.509e+12  9.913404e-01 -1.701006e-02  1.184570e-01  8.659610e-03
 2.27586e+00 -1.44828e+00       1.376e+12  9.855231e-01 -1.422685e-02  1.496245e-01  1.447690e-02
 2.68966e+00 -1.44828e+00       1.425e+12  9.862361e-01 -1.405595e-02  1.514123e-01  1.376389e-02
 3.10345e+00 -1.44828e+00       1.881e+12  9.878635e-01 -1.577504e-02  1.472674e-01  1.213653e-02
 3.51724e+00 -1.44828e+00       1.478e+12  9.869478e-01 -1.784671e-02  1.501758e-01  1.305216e-02
 3.93103e+00 -1.44828e+00       6.951e+11  9.789558e-01 -1.844036e-02  1.699390e-01  2.104423e-02
 4.34483e+00 -1.44828e+00       2.871e+11  9.491308e-01  7.217914e-04  2.389815e-01  5.086922e-02
 4.75862e+00 -1.44828e+00       2.303e+11  9.216825e-01  4.156451e-02  3.127716e-01  7.831754e-02
 5.17241e+00 -1.44828e+00       2.871e+11  9.046652e-01  4.722126e-02  3.486402e-01  9.533476e-02
 5.58621e+00 -1.44828e+00       2.878e+11  8.489318e-01  3.431509e-02  4.093339e-01  1.510682e-01
 6.00000e+00 -1.44828e+00       2.147e+11  7.234546e-01  1.194059e-02  5.209746e-01  2.765454e-01
-6.00000e+00 -1.03448e+00       1.587e+11  8.311682e-01 -1.935814e-02 -3.496373e-01  1.688318e-01
-5.58621e+00 -1.03448e+00       2.237e+11  9.032181e-01  4.121450e-03 -3.094883e-01  9.678190e-02
-5.17241e+00 -1.03448e+00       2.170e+11  9.271470e-01  3.408958e-02 -2.849299e-01  7.285305e-02
-4.75862e+00 -1.03448e+00       1.804e+11  9.317082e-01  4.772341e-02 -2.584247e-01  6.829177e-02
-4.34483e+00 -1.03448e+00       2.846e+11  9.622121e-01  2.199166e-02 -1.854244e-01  3.778791e-02
-3.93103e+00 -1.03448e+00       7.960e+11  9.846286e-01  1.198911e-02 -1.481325e-01  1.537137e-02
-3.51724e+00 -1.03448e+00       1.576e+12  9.890801e-01  1.192380e-02 -1.405589e-01  1.091994e-02
-3.10345e+00 -1.03448e+00       1.864e+12  9.896977e-01  1.283620e-02 -1.388845e-01  1.030227e-02
-2.68966e+00 -1.03448e+00       1.987e+12  9.896964e-01  1.265335e-02 -1.371287e-01  1.030357e-02
-2.27586e+00 -1.03448e+00       4.717e+12  9.913472e-01  5.345023e-03 -1.260239e-01  8.652832e-03
-1.86207e+00 -1.03448e+00       1.464e+13  9.930175e-01 -1.289283e-03 -1.140761e-01  6.982511e-03
-1.44828e+00 -1.03448e+00       3.262e+13  9.943970e-01 -5.763661e-03 -1.013180e-01  5.602989e-03
-1.03448e+00 -1.03448e+00       4.887e+13  9.958419e-01 -8.552255e-03 -8.441726e-02  4.158141e-03
-6.20690e-01 -1.03448e+00       5.353e+13  9.973719e-01 -9.399352e-03 -6.003388e-02  2.628092e-03
-2.06897e-01 -1.03448e+00       5.108e+13  9.986121e-01 -8.472437e-03 -2.470380e-02  1.387856e-03
 2.06897e-01 -1.03448e+00       5.146e+13  9.988207e-01 -7.699465e-03  1.672213e-02  1.179272e-03
 6.20690e-01 -1.03448e+00       5.414e+13  9.979708e-01 -8.911977e-03  5.048377e-02  2.029241e-03
 1.03448e+00 -1.03448e+00       4.866e+13  9.967592e-01 -1.133189e-02  7.326109e-02  3.240814e-03
 1.44828e+00 -1.03448e+00       3.137e+13  9.955404e-01 -1.381899e-02  8.918399e-02  4.459558e-03
 1.86207e+00 -1.03448e+00       1.319e+13  9.942439e-01 -1.581824e-02  1.020286e-01  5.756092e-03
 2.27586e+00 -1.03448e+00       3.710e+12  9.922266e-01 -1.659595e-02  1.163152e-01  7.773406e-03
 2.68966e+00 -1.03448e+00       1.461e+12  9.899401e-01 -1.380763e-02  1.299622e-01  1.005985e-02
 3.10345e+00 -1.03448e+00       1.700e+12  9.909592e-01 -1.253565e-02  1.268805e-01  9.040835e-03
 3.51724e+00 -1.03448e+00       1.638e+12  9.911831e-01 -1.331921e-02  1.262059e-01  8.816901e-03
 3.93103e+00 -1.03448e+00       9.158e+11  9.887935e-01 -1.370582e-02  1.336286e-01  1.120649e-02
 4.34483e+00 -1.03448e+00       3.663e+11  9.767013e-01 -3.883488e-03  1.685502e-01  2.329866e-02
 4.75862e+00 -1.03448e+00       2.224e+11  9.577948e-01  2.823276e-02  2.272022e-01  4.220515e-02
 5.17241e+00 -1.03448e+00       2.408e+11  9.517882e-01  3.157173e-02  2.519423e-01  4.821180e-02
 5.58621e+00 -1.03448e+00       2.389e+11  9.337257e-01  2.187862e-02  2.817300e-01  6.627431e-02
 6.00000e+00 -1.03448e+00       1.794e+11  8.783794e-01  2.425292e-02  3.463068e-01  1.216206e-01
-6.00000e+00 -6.20690e-01       1.444e+11  9.211099e-01  9.209619e-03 -2.170274e-01  7.889008e-02
-5.58621e+00 -6.20690e-01       1.890e+11  9.627395e-01  2.974273e-03 -1.660790e-01  3.726055e-02
-5.17241e+00 -6.20690e-01       1.782e+11  9.726388e-01  1.731535e-03 -1.640265e-01  2.736120e-02
-4.75862e+00 -6.20690e-01       1.702e+11  9.737691e-01  8.742145e-03 -1.594868e-01  2.623093e-02
-4.34483e+00 -6.20690e-01       3.502e+11  9.867874e-01  8.798970e-03 -1.178489e-01  1.321257e-02
-3.93103e+00 -6.20690e-01       9.521e+11  9.933978e-01  8.106218e-03 -1.018685e-01  6.602172e-03
-3.51724e+00 -6.20690e-01       1.668e+12  9.946194e-01  8.422172e-03 -9.914957e-02  5.380601e-03
-3.10345e+00 -6.20690e-01       1.870e+12  9.946061e-01  8.010802e-03 -9.982655e-02  5.393873e-03
-2.68966e+00 -6.20690e-01       2.696e+12  9.948537e-01  3.603840e-03 -9.723739e-02  5.146338e-03
-2.27586e+00 -6.20690e-01       7.955e+12  9.957693e-01 -1.843002e-03 -8.915146e-02  4.230727e-03
-1.86207e+00 -6.20690e-01       2.087e+13  9.964174e-01 -4.937759e-03 -8.228563e-02  3.582599e-03
-1.44828e+00 -6.20690e-01       3.534e+13  9.969923e-01 -6.903005e-03 -7.487015e-02  3.007690e-03
-1.03448e+00 -6.20690e-01       3.822e+13  9.976171e-01 -7.823974e-03 -6.538659e-02  2.382940e-03
-6.20690e-01 -6.20690e-01       2.863e+13  9.983315e-01 -7.283754e-03 -5.128710e-02  1.668520e-03
-2.06897e-01 -6.20690e-01       1.922e+13  9.990814e-01 -4.578991e-03 -2.390948e-02  9.186073e-04
 2.06897e-01 -6.20690e-01       1.967e+13  9.992765e-01 -2.397706e-03  1.692012e-02  7.235435e-04
 6.20690e-01 -6.20690e-01       2.975e+13  9.988260e-01 -4.086678e-03  4.201452e-02  1.173959e-03
 1.03448e+00 -6.20690e-01       3.913e+13  9.983135e-01 -6.719851e-03  5.445774e-02  1.686487e-03
 1.44828e+00 -6.20690e-01       3.502e+13  9.978482e-01 -9.044990e-03  6.268339e-02  2.151796e-03
 1.86207e+00 -6.20690e-01       1.961e+13  9.973972e-01 -1.089087e-02  6.918627e-02  2.602770e-03
 2.27586e+00 -6.20690e-01       6.762e+12  9.968120e-01 -1.208994e-02  7.559557e-02  3.187998e-03
 2.68966e+00 -6.20690e-01       1.988e+12  9.958835e-01 -1.127396e-02  8.290993e-02  4.116509e-03
 3.10345e+00 -6.20690e-01       1.585e+12  9.960517e-01 -8.699471e-03  8.195139e-02  3.948268e-03
 3.51724e+00 -6.20690e-01       1.665e+12  9.963748e-01 -8.420794e-03  8.033412e-02  3.625240e-03
 3.93103e+00 -6.20690e-01       1.057e+12  9.958669e-01 -8.199299e-03  8.289420e-02  4.133125e-03
 4.34483e+00 -6.20690e-01       4.337e+11  9.927179e-01 -4.327039e-03  9.687558e-02  7.282149e-03
 4.75862e+00 -6.20690e-01       2.078e+11  9.858313e-01  9.530929e-03  1.278728e-01  1.416867e-02
 5.17241e+00 -6.20690e-01       2.030e+11  9.833103e-01  1.672305e-02  1.448626e-01  1.668974e-02
 5.58621e+00 -6.20690e-01       2.172e+11  9.771433e-01  1.748587e-02  1.594400e-01  2.285665e-02
 6.00000e+00 -6.20690e-01       1.610e+11  9.507189e-01  1.383447e-02  1.997464e-01  4.928114e-02
-6.00000e+00 -2.06897e-01       1.473e+11  9.855660e-01  4.050875e-03 -9.266668e-02  1.443401e-02
-5.58621e+00 -2.06897e-01       1.828e+11  9.932638e-01  5.232094e-03 -6.599219e-02  6.736163e-03
-5.17241e+00 -2.06897e-01       1.631e+11  9.952122e-01 -7.713147e-04 -6.205443e-02  4.787822e-03
-4.75862e+00 -2.06897e-01       1.640e+11  9.954841e-01 -3.633569e-03 -6.108500e-02  4.515923e-03
-4.34483e+00 -2.06897e-01       3.861e+11  9.977201e-01  7.113482e-04 -4.798113e-02  2.279934e-03
-3.93103e+00 -2.06897e-01       1.028e+12  9.986933e-01  3.197627e-03 -4.329273e-02  1.306713e-03
-3.51724e+00 -2.06897e-01       1.700e+12  9.988155e-01  3.641780e-03 -4.334530e-02  1.184517e-03
-3.10345e+00 -2.06897e-01       1.917e+12  9.986889e-01  1.698492e-03 -4.561942e-02  1.311057e-03
-2.68966e+00 -2.06897e-01       3.274e+12  9.988707e-01 -3.290610e-03 -4.316553e-02  1.129317e-03
-2.27586e+00 -2.06897e-01       9.814e+12  9.991820e-01 -5.289641e-03 -3.775008e-02  8.179681e-04
-1.86207e+00 -2.06897e-01       2.299e+13  9.993306e-01 -5.692759e-03 -3.436218e-02  6.694269e-04
-1.44828e+00 -2.06897e-01       3.355e+13  9.994378e-01 -5.745945e-03 -3.132280e-02  5.621970e-04
-1.03448e+00 -2.06897e-01       3.027e+13  9.995413e-01 -5.528476e-03 -2.792777e-02  4.587126e-04
-6.20690e-01 -2.06897e-01       1.778e+13  9.996503e-01 -4.992056e-03 -2.350312e-02  3.496610e-04
-2.06897e-01 -2.06897e-01       8.723e+12  9.997859e-01 -3.942984e-03 -1.352927e-02  2.140864e-04
 2.06897e-01 -2.06897e-01       9.071e+12  9.998768e-01 -3.547419e-03  5.857215e-03  1.232265e-04
 6.20690e-01 -2.06897e-01       1.884e+13  9.998425e-01 -4.499576e-03  1.410211e-02  1.574711e-04
 1.03448e+00 -2.06897e-01       3.153e+13  9.997962e-01 -5.324038e-03  1.721940e-02  2.038165e-04
 1.44828e+00 -2.06897e-01       3.385e+13  9.997538e-01 -5.906279e-03  1.928212e-02  2.462002e-04
 1.86207e+00 -2.06897e-01       2.206e+13  9.997100e-01 -6.247367e-03  2.088163e-02  2.899707e-04
 2.27586e+00 -2.06897e-01       8.615e+12  9.996385e-01 -6.274172e-03  2.245239e-02  3.615116e-04
 2.68966e+00 -2.06897e-01       2.475e+12  9.994783e-01 -5.631466e-03  2.397782e-02  5.217091e-04
 3.10345e+00 -2.06897e-01       1.562e+12  9.994948e-01 -4.467514e-03  2.192367e-02  5.052067e-04
 3.51724e+00 -2.06897e-01       1.657e+12  9.996197e-01 -3.918047e-03  2.072591e-02  3.803164e-04
 3.93103e+00 -2.06897e-01       1.121e+12  9.995976e-01 -3.058976e-03  2.131190e-02  4.024191e-04
 4.34483e+00 -2.06897e-01       4.727e+11  9.992586e-01 -8.260145e-04  2.409081e-02  7.413871e-04
 4.75862e+00 -2.06897e-01       2.111e+11  9.983767e-01  3.754678e-03  2.925380e-02  1.623308e-03
 5.17241e+00 -2.06897e-01       2.046e+11  9.980337e-01  7.346169e-03  3.368501e-02  1.966328e-03
 5.58621e+00 -2.06897e-01       2.267e+11  9.973415e-01  8.671132e-03  4.146737e-02  2.658525e-03
 6.00000e+00 -2.06897e-01       1.686e+11  9.940677e-01  6.484547e-03  5.718516e-02  5.932339e-03
-6.00000e+00  2.06897e-01       1.467e+11  9.907234e-01 -2.400664e-02  5.932457e-02  9.276592e-03
-5.58621e+00  2.06897e-01       1.821e+11  9.953319e-01 -2.086623e-02  4.050709e-02  4.668138e-03
-5.17241e+00  2.06897e-01       1.624e+11  9.967495e-01 -1.930450e-02  3.699607e-02  3.250489e-03
-4.75862e+00  2.06897e-01       1.634e+11  9.975782e-01 -1.740239e-02  3.545674e-02  2.421783e-03
-4.34483e+00  2.06897e-01       3.866e+11  9.990686e-01 -7.218037e-03  2.397310e-02  9.313993e-04
-3.93103e+00  2.06897e-01       1.031e+12  9.995321e-01 -2.303951e-03  2.014482e-02  4.678554e-04
-3.51724e+00  2.06897e-01       1.707e+12  9.995969e-01 -1.462829e-03  1.805386e-02  4.030528e-04
-3.10345e+00  2.06897e-01       1.929e+12  9.996047e-01 -4.140845e-03  1.465023e-02  3.953188e-04
-2.68966e+00  2.06897e-01       3.289e+12  9.996621e-01 -8.648834e-03  1.577853e-02  3.378526e-04
-2.27586e+00  2.06897e-01       9.823e+12  9.997092e-01 -7.777769e-03  1.898131e-02  2.908194e-04
-1.86207e+00  2.06897e-01       2.298e+13  9.997402e-01 -5.763605e-03  1.942187e-02  2.598071e-04
-1.44828e+00  2.06897e-01       3.351e+13  9.997740e-01 -4.039497e-03  1.860683e-02  2.259504e-04
-1.03448e+00  2.06897e-01       3.024e+13  9.998114e-01 -2.752737e-03  1.699333e-02  1.885544e-04
-6.20690e-01  2.06897e-01       1.778e+13  9.998493e-01 -2.264699e-03  1.414697e-02  1.506680e-04
-2.06897e-01  2.06897e-01       8.740e+12  9.998597e-01 -4.102946e-03  5.342997e-03  1.403427e-04
 2.06897e-01  2.06897e-01       9.092e+12  9.997487e-01 -7.537318e-03 -1.446446e-02  2.512781e-04
 6.20690e-01  2.06897e-01       1.886e+13  9.996404e-01 -6.717376e-03 -2.350988e-02  3.595622e-04
 1.03448e+00  2.06897e-01       3.157e+13  9.995580e-01 -5.018721e-03 -2.734461e-02  4.419682e-04
 1.44828e+00  2.06897e-01       3.390e+13  9.994745e-01 -3.404014e-03 -3.033856e-02  5.254691e-04
 1.86207e+00  2.06897e-01       2.211e+13  9.993848e-01 -1.855498e-03 -3.303254e-02  6.151527e-04
 2.27586e+00  2.06897e-01       8.639e+12  9.992778e-01 -2.834125e-04 -3.560171e-02  7.221951e-04
 2.68966e+00  2.06897e-01       2.485e+12  9.990740e-01  9.777206e-04 -3.925075e-02  9.260370e-04
 3.10345e+00  2.06897e-01       1.564e+12  9.988808e-01  2.737684e-04 -4.345098e-02  1.119224e-03
 3.51724e+00  2.06897e-01       1.657e+12  9.989151e-01  6.875608e-04 -4.360611e-02  1.084946e-03
 3.93103e+00  2.06897e-01       1.121e+12  9.988132e-01  2.264464e-03 -4.421667e-02  1.186770e-03
 4.34483e+00  2.06897e-01       4.732e+11  9.980093e-01  3.702141e-03 -5.038589e-02  1.990655e-03
 4.75862e+00  2.06897e-01       2.120e+11  9.955844e-01 -2.035607e-03 -7.184669e-02  4.415560e-03
 5.17241e+00  2.06897e-01       2.059e+11  9.943677e-01 -8.760765e-03 -8.623870e-02  5.632282e-03
 5.58621e+00  2.06897e-01       2.282e+11  9.930592e-01 -7.072242e-03 -9.007503e-02  6.940837e-03
 6.00000e+00  2.06897e-01       1.699e+11  9.867976e-01 -2.595494e-03 -1.072710e-01  1.320243e-02
-6.00000e+00  6.20690e-01       1.424e+11  9.303565e-01 -2.981593e-02  1.859234e-01  6.964347e-02
-5.58621e+00  6.20690e-01       1.869e+11  9.662489e-01 -1.499869e-02  1.413963e-01  3.375105e-02
-5.17241e+00  6.20690e-01       1.756e+11  9.756998e-01 -1.651691e-02  1.421207e-01  2.430023e-02
-4.75862e+00  6.20690e-01       1.677e+11  9.788353e-01 -2.806467e-02  1.382952e-01  2.116466e-02
-4.34483e+00  6.20690e-01       3.510e+11  9.907564e-01 -1.692553e-02  9.531722e-02  9.243582e-03
-3.93103e+00  6.20690e-01       9.611e+11  9.957802e-01 -8.121939e-03  7.973484e-02  4.219799e-03
-3.51724e+00  6.20690e-01       1.689e+12  9.967113e-01 -6.445163e-03  7.556464e-02  3.288722e-03
-3.10345e+00  6.20690e-01       1.907e+12  9.970098e-01 -9.043515e-03  7.113214e-02  2.990213e-03
-2.68966e+00  6.20690e-01       2.748e+12  9.971209e-01 -1.389765e-02  6.941612e-02  2.879079e-03
-2.27586e+00  6.20690e-01       7.992e+12  9.972610e-01 -1.109280e-02  7.014937e-02  2.739026e-03
-1.86207e+00  6.20690e-01       2.083e+13  9.975453e-01 -6.697019e-03  6.745231e-02  2.454712e-03
-1.44828e+00  6.20690e-01       3.520e+13  9.979061e-01 -3.194881e-03  6.228182e-02  2.093916e-03
-1.03448e+00  6.20690e-01       3.808e+13  9.983377e-01 -8.862255e-04  5.447795e-02  1.662338e-03
-6.20690e-01  6.20690e-01       2.858e+13  9.988353e-01 -5.379084e-04  4.173236e-02  1.164704e-03
-2.06897e-01  6.20690e-01       1.926e+13  9.992601e-01 -3.695688e-03  1.522939e-02  7.399150e-04
 2.06897e-01  6.20690e-01       1.974e+13  9.990412e-01 -7.487341e-03 -2.565739e-02  9.587623e-04
 6.20690e-01  6.20690e-01       2.986e+13  9.983525e-01 -6.113822e-03 -5.133951e-02  1.647467e-03
 1.03448e+00  6.20690e-01       3.929e+13  9.976999e-01 -2.883361e-03 -6.447907e-02  2.300063e-03
 1.44828e+00  6.20690e-01       3.519e+13  9.971004e-01  3.479256e-04 -7.360459e-02  2.899607e-03
 1.86207e+00  6.20690e-01       1.973e+13  9.965144e-01  3.378657e-03 -8.114456e-02  3.485631e-03
 2.27586e+00  6.20690e-01       6.824e+12  9.958415e-01  6.263982e-03 -8.847327e-02  4.158508e-03
 2.68966e+00  6.20690e-01       2.016e+12  9.947537e-01  7.385883e-03 -9.854618e-02  5.246254e-03
 3.10345e+00  6.20690e-01       1.597e+12  9.943277e-01  4.632201e-03 -1.032096e-01  5.672340e-03
 3.51724e+00  6.20690e-01       1.671e+12  9.944543e-01  5.255592e-03 -1.022064e-01  5.545734e-03
 3.93103e+00  6.20690e-01       1.062e+12  9.936795e-01  7.467380e-03 -1.048819e-01  6.320536e-03
 4.34483e+00  6.20690e-01       4.377e+11  9.889955e-01  6.810492e-03 -1.228677e-01  1.100445e-02
 4.75862e+00  6.20690e-01       2.112e+11  9.776610e-01 -1.159562e-02 -1.688458e-01  2.233896e-02
 5.17241e+00  6.20690e-01       2.065e+11  9.723389e-01 -2.282542e-02 -1.951070e-01  2.766108e-02
 5.58621e+00  6.20690e-01       2.213e+11  9.638165e-01 -1.899220e-02 -2.086491e-01  3.618352e-02
 6.00000e+00  6.20690e-01       1.647e+11  9.293052e-01 -1.617554e-02 -2.501075e-01  7.069480e-02
-6.00000e+00  1.03448e+00       1.578e+11  8.325963e-01  1.227086e-02  3.264176e-01  1.674037e-01
-5.58621e+00  1.03448e+00       2.219e+11  9.057189e-01 -4.986205e-03  2.934549e-01  9.428113e-02
-5.17241e+00  1.03448e+00       2.136e+11  9.302749e-01 -4.057635e-02  2.724027e-01  6.972509e-02
-4.75862e+00  1.03448e+00       1.763e+11  9.375035e-01 -6.459687e-02  2.435063e-01  6.249653e-02
-4.34483e+00  1.03448e+00       2.838e+11  9.686431e-01 -3.374175e-02  1.646071e-01  3.135691e-02
-3.93103e+00  1.03448e+00       8.065e+11  9.882083e-01 -1.426079e-02  1.279727e-01  1.179171e-02
-3.51724e+00  1.03448e+00       1.606e+12  9.918465e-01 -1.103839e-02  1.202319e-01  8.153517e-03
-3.10345e+00  1.03448e+00       1.921e+12  9.926762e-01 -1.272744e-02  1.151120e-01  7.323825e-03
-2.68966e+00  1.03448e+00       2.076e+12  9.929815e-01 -1.884586e-02  1.100105e-01  7.018457e-03
-2.27586e+00  1.03448e+00       4.815e+12  9.936257e-01 -1.714001e-02  1.059555e-01  6.374256e-03
-1.86207e+00  1.03448e+00       1.467e+13  9.946259e-01 -1.037693e-02  9.901143e-02  5.374097e-03
-1.44828e+00  1.03448e+00       3.249e+13  9.956552e-01 -4.781640e-03  8.872813e-02  4.344815e-03
-1.03448e+00  1.03448e+00       4.863e+13  9.967943e-01 -8.235544e-04  7.353200e-02  3.205653e-03
-6.20690e-01  1.03448e+00       5.331e+13  9.979947e-01  8.940932e-04  5.034866e-02  2.005289e-03
-2.06897e-01  1.03448e+00       5.097e+13  9.988488e-01  1.828017e-04  1.568161e-02  1.151159e-03
 2.06897e-01  1.03448e+00       5.149e+13  9.986532e-01 -9.152305e-04 -2.562309e-02  1.346772e-03
 6.20690e-01  1.03448e+00       5.432e+13  9.974742e-01  1.485491e-04 -5.967781e-02  2.525846e-03
 1.03448e+00  1.03448e+00       4.892e+13  9.960012e-01  2.879592e-03 -8.307954e-02  3.998811e-03
 1.44828e+00  1.03448e+00       3.158e+13  9.945408e-01  6.079395e-03 -9.991944e-02  5.459213e-03
 1.86207e+00  1.03448e+00       1.332e+13  9.930357e-01  9.326845e-03 -1.137824e-01  6.964301e-03
 2.27586e+00  1.03448e+00       3.784e+12  9.909513e-01  1.236663e-02 -1.289871e-01  9.048659e-03
 2.68966e+00  1.03448e+00       1.493e+12  9.882491e-01  1.056115e-02 -1.466067e-01  1.175088e-02
 3.10345e+00  1.03448e+00       1.707e+12  9.885821e-01  7.898247e-03 -1.464248e-01  1.141795e-02
 3.51724e+00  1.03448e+00       1.637e+12  9.886247e-01  9.686533e-03 -1.455119e-01  1.137530e-02
 3.93103e+00  1.03448e+00       9.156e+11  9.856221e-01  1.248541e-02 -1.535159e-01  1.437788e-02
 4.34483e+00  1.03448e+00       3.696e+11  9.703761e-01  5.081717e-03 -1.948648e-01  2.962392e-02
 4.75862e+00  1.03448e+00       2.269e+11  9.458132e-01 -3.392047e-02 -2.653803e-01  5.418677e-02
 5.17241e+00  1.03448e+00       2.447e+11  9.362899e-01 -4.513706e-02 -2.925075e-01  6.371010e-02
 5.58621e+00  1.03448e+00       2.424e+11  9.118369e-01 -3.728161e-02 -3.242352e-01  8.816313e-02
 6.00000e+00  1.03448e+00       1.830e+11  8.436435e-01 -4.776212e-02 -3.952356e-01  1.563565e-01
-6.00000e+00  1.44828e+00       1.963e+11  6.353549e-01 -6.103239e-03  4.972222e-01  3.646451e-01
-5.58621e+00  1.44828e+00       2.474e+11  7.927484e-01 -7.579448e-02  3.873294e-01  2.072516e-01
-5.17241e+00  1.44828e+00       2.336e+11  8.697523e-01 -8.194853e-02  3.190124e-01  1.302477e-01
-4.75862e+00  1.44828e+00       1.838e+11  8.916730e-01 -7.082337e-02  3.033545e-01  1.083270e-01
-4.34483e+00  1.44828e+00       2.188e+11  9.269569e-01 -4.462238e-02  2.404078e-01  7.304311e-02
-3.93103e+00  1.44828e+00       5.828e+11  9.758482e-01 -2.015503e-02  1.616786e-01  2.415177e-02
-3.51724e+00  1.44828e+00       1.385e+12  9.875621e-01 -1.456685e-02  1.430223e-01  1.243789e-02
-3.10345e+00  1.44828e+00       1.964e+12  9.897459e-01 -1.515665e-02  1.361105e-01  1.025411e-02
-2.68966e+00  1.44828e+00       1.834e+12  9.901394e-01 -2.086638e-02  1.305303e-01  9.860566e-03
-2.27586e+00  1.44828e+00       2.198e+12  9.902676e-01 -2.618238e-02  1.245543e-01  9.732413e-03
-1.86207e+00  1.44828e+00       5.785e+12  9.926273e-01 -1.956320e-02  1.095062e-01  7.372689e-03
-1.44828e+00  1.44828e+00       1.680e+13  9.948574e-01 -1.179214e-02  9.234174e-02  5.142610e-03
-1.03448e+00  1.44828e+00       3.648e+13  9.965256e-01 -5.161902e-03  7.263639e-02  3.474409e-03
-6.20690e-01  1.44828e+00       5.744e+13  9.978956e-01 -5.998850e-05  4.667970e-02  2.104430e-03
-2.06897e-01  1.44828e+00       6.991e+13  9.987008e-01  3.236360e-03  1.399400e-02  1.299228e-03
 2.06897e-01  1.44828e+00       6.977e+13  9.985353e-01  5.291178e-03 -2.178207e-02  1.464663e-03
 6.20690e-01  1.44828e+00       5.677e+13  9.973858e-01  7.027790e-03 -5.505540e-02  2.614183e-03
 1.03448e+00  1.44828e+00       3.517e+13  9.956050e-01  8.919877e-03 -8.290858e-02  4.395035e-03
 1.44828e+00  1.44828e+00       1.533e+13  9.933672e-01  1.110927e-02 -1.065845e-01  6.632846e-03
 1.86207e+00  1.44828e+00       4.649e+12  9.900189e-01  1.386400e-02 -1.314689e-01  9.981106e-03
 2.27586e+00  1.44828e+00       1.461e+12  9.843958e-01  1.486585e-02 -1.638499e-01  1.560419e-02
 2.68966e+00  1.44828e+00       1.454e+12  9.841217e-01  1.028157e-02 -1.691207e-01  1.587830e-02
 3.10345e+00  1.44828e+00       1.886e+12  9.854211e-01  1.060628e-02 -1.645712e-01  1.457890e-02
 3.51724e+00  1.44828e+00       1.479e+12  9.842676e-01  1.360995e-02 -1.670794e-01  1.573241e-02
 3.93103e+00  1.44828e+00       6.996e+11  9.747856e-01  1.631229e-02 -1.888365e-01  2.521444e-02
 4.34483e+00  1.44828e+00       2.941e+11  9.394328e-01 -9.714000e-04 -2.676434e-01  6.056724e-02
 4.75862e+00  1.44828e+00       2.378e+11  9.067487e-01 -4.454428e-02 -3.509498e-01  9.325130e-02
 5.17241e+00  1.44828e+00       2.952e+11  8.881363e-01 -5.212951e-02 -3.845066e-01  1.118637e-01
 5.58621e+00  1.44828e+00       2.958e+11  8.271974e-01 -4.009373e-02 -4.423350e-01  1.728026e-01
 6.00000e+00  1.44828e+00       2.226e+11  6.917539e-01 -1.941814e-02 -5.561580e-01  3.082461e-01
-6.00000e+00  1.86207e+00       1.840e+11  4.861544e-01 -1.135475e-02  5.838436e-01  5.138456e-01
-5.58621e+00  1.86207e+00       2.641e+11  7.324772e-01 -1.594769e-02  4.716273e-01  2.675228e-01
-5.17241e+00  1.86207e+00       2.907e+11  8.284530e-01 -4.673024e-02  4.126775e-01  1.715470e-01
-4.75862e+00  1.86207e+00       2.360e+11  8.541336e-01 -7.998024e-02  3.844648e-01  1.458664e-01
-4.34483e+00  1.86207e+00       1.932e+11  8.617193e-01 -7.646955e-02  3.401949e-01  1.382807e-01
-3.93103e+00  1.86207e+00       3.488e+11  9.433508e-01 -3.257238e-02  1.996641e-01  5.664920e-02
-3.51724e+00  1.86207e+00       9.700e+11  9.831366e-01 -1.856752e-02  1.422085e-01  1.686336e-02
-3.10345e+00  1.86207e+00       1.822e+12  9.900074e-01 -1.794494e-02  1.281655e-01  9.992611e-03
-2.68966e+00  1.86207e+00       2.014e+12  9.913414e-01 -2.175189e-02  1.200281e-01  8.658640e-03
-2.27586e+00  1.86207e+00       1.609e+12  9.904470e-01 -3.070969e-02  1.176146e-01  9.553041e-03
-1.86207e+00  1.86207e+00       1.665e+12  9.886229e-01 -3.271931e-02  1.201627e-01  1.137708e-02
-1.44828e+00  1.86207e+00       2.818e+12  9.914151e-01 -2.468631e-02  9.456590e-02  8.584851e-03
-1.03448e+00  1.86207e+00       5.911e+12  9.958745e-01 -2.173814e-02  5.408906e-02  4.125450e-03
-6.20690e-01  1.86207e+00       1.135e+13  9.981164e-01 -1.855113e-02  2.477276e-02  1.883570e-03
-2.06897e-01  1.86207e+00       1.611e+13  9.987244e-01 -1.363375e-02  3.896115e-04  1.275630e-03
 2.06897e-01  1.86207e+00       1.578e+13  9.983747e-01 -8.960643e-03 -2.517161e-02  1.625324e-03
 6.20690e-01  1.86207e+00       1.056e+13  9.970096e-01 -4.684485e-03 -5.351060e-02  2.990391e-03
 1.03448e+00  1.86207e+00       5.028e+12  9.938075e-01  1.082811e-03 -8.880360e-02  6.192499e-03
 1.44828e+00  1.86207e+00       2.000e+12  9.871960e-01  9.327621e-03 -1.367862e-01  1.280402e-02
 1.86207e+00  1.86207e+00       9.893e+11  9.801389e-01  1.371127e-02 -1.749222e-01  1.986107e-02
 2.27586e+00  1.86207e+00       1.166e+12  9.834674e-01  1.121898e-02 -1.618971e-01  1.653255e-02
 2.68966e+00  1.86207e+00       1.844e+12  9.870072e-01  1.144923e-02 -1.501416e-01  1.299285e-02
 3.10345e+00  1.86207e+00       1.868e+12  9.870688e-01  1.418487e-02 -1.504154e-01  1.293122e-02
 3.51724e+00  1.86207e+00       1.098e+12  9.816262e-01  1.824687e-02 -1.643374e-01  1.837376e-02
 3.93103e+00  1.86207e+00       4.575e+11  9.533892e-01  1.493211e-02 -2.266907e-01  4.661079e-02
 4.34483e+00  1.86207e+00       2.613e+11  8.974615e-01 -2.987205e-02 -3.495091e-01  1.025385e-01
 4.75862e+00  1.86207e+00       2.889e+11  8.807103e-01 -6.306740e-02 -4.003255e-01  1.192897e-01
 5.17241e+00  1.86207e+00       3.330e+11  8.572927e-01 -5.443049e-02 -4.285440e-01  1.427073e-01
 5.58621e+00  1.86207e+00       2.903e+11  7.700660e-01 -4.894258e-02 -4.930078e-01  2.299340e-01
 6.00000e+00  1.86207e+00       2.094e+11  5.518191e-01 -5.320829e-02 -6.220624e-01  4.481809e-01
-6.00000e+00  2.27586e+00       2.443e+11  2.854750e-01  8.514093e-02  7.207799e-01  7.145250e-01
-5.58621e+00  2.27586e+00       2.849e+11  5.857634e-01 -6.602428e-03  5.507101e-01  4.142366e-01
-5.17241e+00  2.27586e+00       3.260e+11  7.708348e-01 -3.490915e-02  4.392565e-01  2.291652e-01
-4.75862e+00  2.27586e+00       2.944e+11  8.402854e-01 -5.706076e-02  3.999742e-01  1.597146e-01
-4.34483e+00  2.27586e+00       2.240e+11  8.345247e-01 -7.778972e-02  3.983055e-01  1.654753e-01
-3.93103e+00  2.27586e+00       2.148e+11  8.625708e-01 -5.681097e-02  2.988119e-01  1.374292e-01
-3.51724e+00  2.27586e+00       4.859e+11  9.628302e-01 -2.130466e-02  1.305858e-01  3.716980e-02
-3.10345e+00  2.27586e+00       1.249e+12  9.912149e-01 -1.695536e-02  8.338910e-02  8.785090e-03
-2.68966e+00  2.27586e+00       2.009e+12  9.955159e-01 -2.013692e-02  6.675832e-02  4.484149e-03
-2.27586e+00  2.27586e+00       1.917e+12  9.958093e-01 -2.774799e-02  5.534571e-02  4.190667e-03
-1.86207e+00  2.27586e+00       1.350e+12  9.935754e-01 -4.200123e-02  5.354602e-02  6.424555e-03
-1.44828e+00  2.27586e+00       1.270e+12  9.909945e-01 -5.043723e-02  6.654724e-02  9.005528e-03
-1.03448e+00  2.27586e+00       1.813e+12  9.922430e-01 -3.728805e-02  7.050524e-02  7.756955e-03
-6.20690e-01  2.27586e+00       2.437e+12  9.944368e-01 -1.517776e-02  5.615461e-02  5.563165e-03
-2.06897e-01  2.27586e+00       2.691e+12  9.959179e-01  4.117128e-03  2.241485e-02  4.082096e-03
 2.06897e-01  2.27586e+00       2.543e+12  9.955994e-01  1.074547e-02 -2.483759e-02  4.400561e-03
 6.20690e-01  2.27586e+00       2.030e+12  9.927184e-01  4.123897e-03 -7.185244e-02  7.281564e-03
 1.03448e+00  2.27586e+00       1.278e+12  9.868051e-01 -5.923012e-03 -1.125955e-01  1.319490e-02
 1.44828e+00  2.27586e+00       7.713e+11  9.802272e-01 -4.442291e-03 -1.355779e-01  1.977280e-02
 1.86207e+00  2.27586e+00       9.878e+11  9.869852e-01  7.827145e-03 -1.045019e-01  1.301484e-02
 2.27586e+00  2.27586e+00       1.754e+12  9.931200e-01  1.207129e-02 -8.612175e-02  6.880031e-03
 2.68966e+00  2.27586e+00       2.035e+12  9.940408e-01  1.549848e-02 -8.717527e-02  5.959155e-03
 3.10345e+00  2.27586e+00       1.374e+12  9.904968e-01  2.016904e-02 -1.016900e-01  9.503161e-03
 3.51724e+00  2.27586e+00       6.146e+11  9.696168e-01  2.364653e-02 -1.575279e-01  3.038323e-02
 3.93103e+00  2.27586e+00       3.013e+11  9.080294e-01 -3.240830e-03 -3.001690e-01  9.197062e-02
 4.34483e+00  2.27586e+00       2.784e+11  8.739951e-01 -5.458641e-02 -3.933111e-01  1.260049e-01
 4.75862e+00  2.27586e+00       3.494e+11  8.676496e-01 -5.807312e-02 -4.210750e-01  1.323504e-01
 5.17241e+00  2.27586e+00       3.729e+11  8.136373e-01 -4.181975e-02 -4.688363e-01  1.863627e-01
 5.58621e+00  2.27586e+00       3.043e+11  6.554928e-01 -2.546395e-02 -5.748724e-01  3.445072e-01
 6.00000e+00  2.27586e+00       2.296e+11  3.635170e-01  6.097343e-03 -7.239356e-01  6.364830e-01
-6.00000e+00  2.68966e+00       2.589e+11  1.601384e-01  1.202211e-01  7.424413e-01  8.398616e-01
-5.58621e+00  2.68966e+00       3.041e+11  4.490085e-01  1.241200e-02  6.348007e-01  5.509915e-01
-5.17241e+00  2.68966e+00       3.730e+11  6.827406e-01 -3.964067e-02  5.004705e-01  3.172594e-01
-4.75862e+00  2.68966e+00       3.709e+11  8.123242e-01 -5.527758e-02  4.139525e-01  1.876758e-01
-4.34483e+00  2.68966e+00       2.984e+11  8.453678e-01 -7.205341e-02  3.935226e-01  1.546322e-01
-3.93103e+00  2.68966e+00       2.197e+11  8.177947e-01 -7.490178e-02  3.938021e-01  1.822053e-01
-3.51724e+00  2.68966e+00       2.156e+11  8.635279e-01 -3.923885e-02  2.319792e-01  1.364721e-01
-3.10345e+00  2.68966e+00       4.892e+11  9.690808e-01 -1.029537e-02  2.334496e-02  3.091923e-02
-2.68966e+00  2.68966e+00       1.220e+12  9.923419e-01 -1.371824e-02 -3.680824e-02  7.658071e-03
-2.27586e+00  2.68966e+00       1.932e+12  9.931502e-01 -2.231157e-02 -6.516672e-02  6.849756e-03
-1.86207e+00  2.68966e+00       1.822e+12  9.898942e-01 -3.573784e-02 -8.754206e-02  1.010582e-02
-1.44828e+00  2.68966e+00       1.189e+12  9.846112e-01 -5.544646e-02 -9.181366e-02  1.538883e-02
-1.03448e+00  2.68966e+00       7.799e+11  9.802645e-01 -6.025680e-02 -5.234475e-02  1.973546e-02
-6.20690e-01  2.68966e+00       6.123e+11  9.773898e-01 -2.360875e-02 -1.427881e-02  2.261024e-02
-2.06897e-01  2.68966e+00       5.074e+11  9.726445e-01  2.782774e-02 -2.581847e-02  2.735554e-02
 2.06897e-01  2.68966e+00       4.507e+11  9.674980e-01  4.800349e-02 -6.928085e-02  3.250203e-02
 6.20690e-01  2.68966e+00       4.336e+11  9.626991e-01  2.461392e-02 -9.644954e-02  3.730088e-02
 1.03448e+00  2.68966e+00       5.282e+11  9.668912e-01 -1.320171e-03 -4.155186e-02  3.310885e-02
 1.44828e+00  2.68966e+00       1.000e+12  9.833042e-01  2.503785e-03  4.157854e-02  1.669578e-02
 1.86207e+00  2.68966e+00       1.765e+12  9.920191e-01  1.058583e-02  6.132263e-02  7.980889e-03
 2.27586e+00  2.68966e+00       1.983e+12  9.946299e-01  1.630390e-02  5.127496e-02  5.370076e-03
 2.68966e+00  2.68966e+00       1.340e+12  9.932030e-01  2.233546e-02  2.349888e-02  6.796992e-03
 3.10345e+00  2.68966e+00       6.230e+11  9.768586e-01  2.955065e-02 -5.216802e-02  2.314142e-02
 3.51724e+00  2.68966e+00       3.172e+11  9.190090e-01  1.387386e-02 -2.311501e-01  8.099097e-02
 3.93103e+00  2.68966e+00       2.790e+11  8.758819e-01 -4.007018e-02 -3.610467e-01  1.241181e-01
 4.34483e+00  2.68966e+00       3.560e+11  8.775107e-01 -6.203544e-02 -3.941999e-01  1.224893e-01
 4.75862e+00  2.68966e+00       4.409e+11  8.511926e-01 -5.060319e-02 -4.357964e-01  1.488074e-01
 5.17241e+00  2.68966e+00       4.245e+11  7.475724e-01 -3.805277e-02 -5.252543e-01  2.524276e-01
 5.58621e+00  2.68966e+00       3.424e+11  5.537056e-01 -2.177967e-02 -6.740806e-01  4.462944e-01
 6.00000e+00  2.68966e+00       2.873e+11  3.239190e-01  8.850297e-03 -7.913004e-01  6.760810e-01
-6.00000e+00  3.10345e+00       3.209e+11  3.053523e-02  8.698616e-02  8.016562e-01  9.694648e-01
-5.58621e+00  3.10345e+00       3.090e+11  3.111446e-01  5.409387e-02  7.182854e-01  6.888554e-01
-5.17241e+00  3.10345e+00       3.921e+11  5.896969e-01 -1.806295e-02  5.694374e-01  4.103031e-01
-4.75862e+00  3.10345e+00       4.484e+11  7.724584e-01 -4.687138e-02  4.385477e-01  2.275416e-01
-4.34483e+00  3.10345e+00       4.035e+11  8.573581e-01 -6.487662e-02  3.661024e-01  1.426419e-01
-3.93103e+00  3.10345e+00       3.091e+11  8.595377e-01 -7.312736e-02  3.616924e-01  1.404623e-01
-3.51724e+00  3.10345e+00       2.206e+11  8.146061e-01 -6.442273e-02  3.655630e-01  1.853939e-01
-3.10345e+00  3.10345e+00       1.757e+11  8.279261e-01 -2.123935e-02  1.934877e-01  1.720739e-01
-2.68966e+00  3.10345e+00       2.921e+11  9.291516e-01  2.213679e-02 -1.219970e-01  7.084842e-02
-2.27586e+00  3.10345e+00       7.294e+11  9.491072e-01  1.060189e-02 -2.517590e-01  5.089278e-02
-1.86207e+00  3.10345e+00       1.370e+12  9.320281e-01 -8.502908e-03 -3.171958e-01  6.797188e-02
-1.44828e+00  3.10345e+00       1.610e+12  9.023643e-01 -3.680348e-02 -3.718577e-01  9.763574e-02
-1.03448e+00  3.10345e+00       1.170e+12  8.538359e-01 -8.004757e-02 -4.128308e-01  1.461641e-01
-6.20690e-01  3.10345e+00       5.828e+11  7.702218e-01 -1.223828e-01 -3.840150e-01  2.297782e-01
-2.06897e-01  3.10345e+00       3.061e+11  6.871851e-01 -8.687855e-02 -1.000095e-01  3.128149e-01
 2.06897e-01  3.10345e+00       3.436e+11  7.455136e-01 -3.059906e-02  3.033682e-01  2.544864e-01
 6.20690e-01  3.10345e+00       6.564e+11  8.276366e-01 -3.202231e-02  4.362185e-01  1.723634e-01
 1.03448e+00  3.10345e+00       1.204e+12  8.744838e-01 -1.390023e-02  4.303895e-01  1.255162e-01
 1.44828e+00  3.10345e+00       1.606e+12  9.062255e-01  8.449477e-03  3.841467e-01  9.377446e-02
 1.86207e+00  3.10345e+00       1.409e+12  9.311181e-01  2.239714e-02  3.218170e-01  6.888189e-02
 2.27586e+00  3.10345e+00       8.322e+11  9.505202e-01  3.240343e-02  2.351669e-01  4.947981e-02
 2.68966e+00  3.10345e+00       4.158e+11  9.522239e-01  4.358616e-02  7.341844e-02  4.777614e-02
 3.10345e+00  3.10345e+00       2.795e+11  9.148333e-01  2.437099e-02 -1.722484e-01  8.516666e-02
 3.51724e+00  3.10345e+00       2.785e+11  8.864983e-01 -2.988548e-02 -3.018987e-01  1.135017e-01
 3.93103e+00  3.10345e+00       3.561e+11  8.953634e-01 -6.093204e-02 -3.322124e-01  1.046366e-01
 4.34483e+00  3.10345e+00       4.803e+11  8.909261e-01 -5.539029e-02 -3.698089e-01  1.090739e-01
 4.75862e+00  3.10345e+00       5.121e+11  8.283153e-01 -4.342344e-02 -4.419859e-01  1.716847e-01
 5.17241e+00  3.10345e+00       4.335e+11  6.710004e-01 -3.448462e-02 -5.835880e-01  3.289996e-01
 5.58621e+00  3.10345e+00       3.597e+11  4.581097e-01 -1.190621e-02 -7.513145e-01  5.418903e-01
 6.00000e+00  3.10345e+00       3.686e+11  2.104431e-01  1.118123e-02 -8.393482e-01  7.895569e-01
-6.00000e+00  3.51724e+00       4.853e+11  2.785783e-02  8.776517e-02  8.537412e-01  9.721422e-01
-5.58621e+00  3.51724e+00       3.637e+11  2.362398e-01  1.325141e-01  8.010228e-01  7.637602e-01
-5.17241e+00  3.51724e+00       3.902e+11  4.884880e-01  4.044931e-02  6.675286e-01  5.115120e-01
-4.75862e+00  3.51724e+00       4.874e+11  7.098094e-01 -3.248256e-02  4.911762e-01  2.901906e-01
-4.34483e+00  3.51724e+00       5.114e+11  8.417608e-01 -5.733592e-02  3.539556e-01  1.582392e-01
-3.93103e+00  3.51724e+00       4.326e+11  9.003200e-01 -6.728797e-02  2.820009e-01  9.967998e-02
-3.51724e+00  3.51724e+00       3.321e+11  8.889813e-01 -6.303823e-02  2.898208e-01  1.110187e-01
-3.10345e+00  3.51724e+00       2.369e+11  8.296748e-01 -5.398653e-02  3.105440e-01  1.703252e-01
-2.68966e+00  3.51724e+00       1.528e+11  7.757526e-01 -1.500288e-02  2.058518e-01  2.242474e-01
-2.27586e+00  3.51724e+00       1.196e+11  7.870346e-01  1.025168e-01 -1.313228e-01  2.129654e-01
-1.86207e+00  3.51724e+00       1.556e+11  7.783106e-01  1.377325e-01 -4.482755e-01  2.216894e-01
-1.44828e+00  3.51724e+00       2.521e+11  6.448705e-01  1.307934e-01 -6.326040e-01  3.551295e-01
-1.03448e+00  3.51724e+00       3.865e+11  4.149284e-01  1.627061e-01 -7.277471e-01  5.850716e-01
-6.20690e-01  3.51724e+00       4.856e+11  1.155125e-01  2.132252e-01 -6.701427e-01  8.844875e-01
-2.06897e-01  3.51724e+00       5.058e+11 -1.708129e-01  2.536281e-01 -3.349409e-01  8.291871e-01
 2.06897e-01  3.51724e+00       4.983e+11 -2.072121e-01  2.421394e-01  2.267746e-01  7.927879e-01
 6.20690e-01  3.51724e+00       4.820e+11  6.514061e-02  1.759119e-01  6.180587e-01  9.348594e-01
 1.03448e+00  3.51724e+00       4.209e+11  4.172911e-01  1.100671e-01  6.743770e-01  5.827089e-01
 1.44828e+00  3.51724e+00       3.305e+11  6.963222e-01  8.346800e-02  5.376472e-01  3.036778e-01
 1.86207e+00  3.51724e+00       2.532e+11  8.466219e-01  9.069466e-02  3.506133e-01  1.533781e-01
 2.27586e+00  3.51724e+00       2.226e+11  8.994330e-01  8.428741e-02  9.880099e-02  1.005670e-01
 2.68966e+00  3.51724e+00       2.448e+11  9.044516e-01  2.984676e-02 -1.301440e-01  9.554837e-02
 3.10345e+00  3.51724e+00       2.794e+11  8.997556e-01 -2.727986e-02 -2.106666e-01  1.002444e-01
 3.51724e+00  3.51724e+00       3.580e+11  9.173329e-01 -5.628895e-02 -2.277991e-01  8.266706e-02
 3.93103e+00  3.51724e+00       5.125e+11  9.264199e-01 -5.452052e-02 -2.727327e-01  7.358014e-02
 4.34483e+00  3.51724e+00       5.949e+11  8.911712e-01 -4.668698e-02 -3.427495e-01  1.088288e-01
 4.75862e+00  3.51724e+00       5.149e+11  7.806282e-01 -4.293951e-02 -4.651089e-01  2.193718e-01
 5.17241e+00  3.51724e+00       3.959e+11  5.844642e-01 -2.394739e-02 -6.521568e-01  4.155358e-01
 5.58621e+00  3.51724e+00       3.576e+11  3.667747e-01  2.077216e-02 -7.995650e-01  6.332253e-01
 6.00000e+00  3.51724e+00       4.773e+11  9.946522e-02  2.077775e-02 -8.710614e-01  9.005348e-01
-6.00000e+00  3.93103e+00       8.352e+11  6.540304e-02  2.337306e-02  9.195728e-01  9.345970e-01
-5.58621e+00  3.93103e+00       5.564e+11  2.048755e-01  7.219782e-02  8.804884e-01  7.951245e-01
-5.17241e+00  3.93103e+00       4.170e+11  3.683559e-01  6.341485e-02  7.913296e-01  6.316441e-01
-4.75862e+00  3.93103e+00       4.564e+11  5.977019e-01 -1.130891e-02  5.942743e-01  4.022981e-01
-4.34483e+00  3.93103e+00       5.549e+11  7.866337e-01 -4.776941e-02  3.843781e-01  2.133663e-01
-3.93103e+00  3.93103e+00       5.592e+11  8.959497e-01 -5.941201e-02  2.284294e-01  1.040503e-01
-3.51724e+00  3.93103e+00       4.692e+11  9.420990e-01 -6.503114e-02  1.466123e-01  5.790103e-02
-3.10345e+00  3.93103e+00       3.709e+11  9.312022e-01 -5.002613e-02  1.550315e-01  6.879781e-02
-2.68966e+00  3.93103e+00       2.803e+11  8.702141e-01 -3.964027e-02  2.010155e-01  1.297859e-01
-2.27586e+00  3.93103e+00       1.816e+11  7.697404e-01 -4.226976e-02  1.893954e-01  2.302596e-01
-1.86207e+00  3.93103e+00       1.039e+11  6.360433e-01  8.247223e-02  2.638960e-02  3.639567e-01
-1.44828e+00  3.93103e+00       7.032e+10  5.136108e-01  3.536646e-01 -2.888700e-01  4.863892e-01
-1.03448e+00  3.93103e+00       6.466e+10  3.565045e-01  4.230086e-01 -5.156989e-01  6.434955e-01
-6.20690e-01  3.93103e+00       6.494e+10  5.261701e-02  3.424920e-01 -4.981390e-01  9.473830e-01
-2.06897e-01  3.93103e+00       6.361e+10 -2.836160e-01  2.565885e-01 -1.736441e-01  7.163840e-01
 2.06897e-01  3.93103e+00       6.383e+10 -3.694372e-01  1.911003e-01  2.797056e-01  6.305628e-01
 6.20690e-01  3.93103e+00       6.833e+10 -9.819488e-02  1.978825e-01  4.994704e-01  9.018051e-01
 1.03448e+00  3.93103e+00       8.391e+10  3.689424e-01  2.635159e-01  4.297102e-01  6.310576e-01
 1.44828e+00  3.93103e+00       1.239e+11  7.287406e-01  2.276847e-01  2.450404e-01  2.712594e-01
 1.86207e+00  3.93103e+00       1.916e+11  8.744464e-01  9.872355e-02  6.487303e-02  1.255536e-01
 2.27586e+00  3.93103e+00       2.505e+11  9.002790e-01  3.795734e-03 -4.014450e-02  9.972100e-02
 2.68966e+00  3.93103e+00       2.777e+11  8.976526e-01 -3.599070e-02 -5.766916e-02  1.023474e-01
 3.10345e+00  3.93103e+00       3.646e+11  9.304972e-01 -5.003588e-02 -6.691265e-02  6.950282e-02
 3.51724e+00  3.93103e+00       5.496e+11  9.567959e-01 -4.920693e-02 -1.279847e-01  4.320410e-02
 3.93103e+00  3.93103e+00       6.606e+11  9.378104e-01 -4.461810e-02 -2.103738e-01  6.218958e-02
 4.34483e+00  3.93103e+00       5.964e+11  8.520963e-01 -4.701505e-02 -3.472316e-01  1.479037e-01
 4.75862e+00  3.93103e+00       4.798e+11  6.890435e-01 -4.559027e-02 -5.584808e-01  3.109565e-01
 5.17241e+00  3.93103e+00       4.218e+11  5.074806e-01 -1.644343e-02 -7.394284e-01  4.925194e-01
 5.58621e+00  3.93103e+00       4.940e+11  2.818768e-01  6.784642e-04 -8.477598e-01  7.181232e-01
 6.00000e+00  3.93103e+00       7.778e+11  5.342528e-02 -1.543101e-02 -9.196874e-01  9.465747e-01
-6.00000e+00  4.34483e+00       1.205e+12  1.148866e-01  2.145982e-04  9.380218e-01  8.851134e-01
-5.58621e+00  4.34483e+00       8.700e+11  2.415136e-01  3.977194e-02  8.933915e-01  7.584864e-01
-5.17241e+00  4.34483e+00       5.703e+11  3.620067e-01  8.614186e-02  8.391371e-01  6.379933e-01
-4.75862e+00  4.34483e+00       4.375e+11  4.968999e-01  5.728156e-02  7.289731e-01  5.031001e-01
-4.34483e+00  4.34483e+00       4.911e+11  6.887349e-01 -2.017586e-02  4.992540e-01  3.112651e-01
-3.93103e+00  4.34483e+00       5.948e+11  8.418021e-01 -5.129155e-02  2.542832e-01  1.581979e-01
-3.51724e+00  4.34483e+00       6.014e+11  9.247363e-01 -5.964763e-02  6.491011e-02  7.526373e-02
-3.10345e+00  4.34483e+00       5.108e+11  9.570428e-01 -6.667141e-02 -5.372034e-02  4.295725e-02
-2.68966e+00  4.34483e+00       4.117e+11  9.562841e-01 -4.503897e-02 -8.047566e-02  4.371586e-02
-2.27586e+00  4.34483e+00       3.408e+11  9.214351e-01  5.681476e-05 -2.641844e-02  7.856490e-02
-1.86207e+00  4.34483e+00       2.698e+11  8.397911e-01 -2.372163e-02  5.303451e-02  1.602089e-01
-1.44828e+00  4.34483e+00       1.796e+11  6.961380e-01 -1.284449e-01  1.234088e-01  3.038620e-01
-1.03448e+00  4.34483e+00       1.070e+11  5.071958e-01 -1.429381e-01  2.127527e-01  4.928042e-01
-6.20690e-01  4.34483e+00       7.699e+10  3.795040e-01  1.687854e-01  3.452617e-01  6.204960e-01
-2.06897e-01  4.34483e+00       7.608e+10  3.880983e-01  4.734380e-01  4.121982e-01  6.119017e-01
 2.06897e-01  4.34483e+00       9.046e+10  5.317460e-01  4.354877e-01  4.075963e-01  4.682540e-01
 6.20690e-01  4.34483e+00       1.271e+11  7.327703e-01  1.837788e-01  3.581444e-01  2.672297e-01
 1.03448e+00  4.34483e+00       1.904e+11  8.392818e-01 -9.342283e-03  2.752579e-01  1.607182e-01
 1.44828e+00  4.34483e+00       2.381e+11  8.416952e-01 -6.975431e-02  1.903195e-01  1.583048e-01
 1.86207e+00  4.34483e+00       2.343e+11  7.946528e-01 -4.518314e-02  1.505152e-01  2.053472e-01
 2.27586e+00  4.34483e+00       2.520e+11  8.103086e-01 -1.617849e-02  1.833997e-01  1.896914e-01
 2.68966e+00  4.34483e+00       3.963e+11  9.121230e-01 -3.582142e-02  1.542783e-01  8.787695e-02
 3.10345e+00  4.34483e+00       6.128e+11  9.635549e-01 -4.337526e-02  6.748659e-02  3.644508e-02
 3.51724e+00  4.34483e+00       7.047e+11  9.611410e-01 -4.378534e-02 -3.418490e-02  3.885900e-02
 3.93103e+00  4.34483e+00       6.204e+11  8.983680e-01 -5.152212e-02 -1.972453e-01  1.016320e-01
 4.34483e+00  4.34483e+00       5.036e+11  7.668375e-01 -5.433300e-02 -4.445848e-01  2.331625e-01
 4.75862e+00  4.34483e+00       4.466e+11  6.279432e-01 -2.323626e-02 -6.515939e-01  3.720568e-01
 5.17241e+00  4.34483e+00       4.927e+11  4.633471e-01  5.128144e-03 -7.760286e-01  5.366529e-01
 5.58621e+00  4.34483e+00       7.517e+11  2.435794e-01 -1.043499e-02 -8.840484e-01  7.564206e-01
 6.00000e+00  4.34483e+00       1.191e+12  9.007625e-02 -1.882344e-02 -9.470759e-01  9.099238e-01
-6.00000e+00  4.75862e+00       1.559e+12  1.830044e-01 -1.114309e-02  9.465283e-01  8.169956e-01
-5.58621e+00  4.75862e+00       1.293e+12  2.918743e-01  6.714502e-03  8.981228e-01  7.081257e-01
-5.17241e+00  4.75862e+00       9.205e+11  4.141718e-01  5.202330e-02  8.328862e-01  5.858282e-01
-4.75862e+00  4.75862e+00       5.936e+11  5.110034e-01  9.725161e-02  7.686520e-01  4.889966e-01
-4.34483e+00  4.75862e+00       4.390e+11  6.030765e-01  6.277692e-02  6.617608e-01  3.969235e-01
-3.93103e+00  4.75862e+00       4.770e+11  7.434093e-01 -2.054250e-02  4.181298e-01  2.565907e-01
-3.51724e+00  4.75862e+00       5.821e+11  8.563545e-01 -5.577892e-02  1.221720e-01  1.436455e-01
-3.10345e+00  4.75862e+00       6.162e+11  9.037309e-01 -6.022539e-02 -1.245522e-01  9.626913e-02
-2.68966e+00  4.75862e+00       5.471e+11  8.977571e-01 -6.862442e-02 -3.071595e-01  1.022429e-01
-2.27586e+00  4.75862e+00       4.432e+11  8.689185e-01 -7.716069e-02 -4.218878e-01  1.310815e-01
-1.86207e+00  4.75862e+00       3.492e+11  8.373719e-01 -3.466886e-02 -4.578146e-01  1.626281e-01
-1.44828e+00  4.75862e+00       2.803e+11  7.806486e-01  9.148933e-02 -4.515735e-01  2.193514e-01
-1.03448e+00  4.75862e+00       2.613e+11  7.070010e-01  2.373894e-01 -4.695119e-01  2.929990e-01
-6.20690e-01  4.75862e+00       2.743e+11  6.775477e-01  2.666422e-01 -5.040264e-01  3.224523e-01
-2.06897e-01  4.75862e+00       2.675e+11  6.457208e-01  2.331897e-01 -5.216264e-01  3.542792e-01
 2.06897e-01  4.75862e+00       2.338e+11  5.368086e-01  2.533390e-01 -4.969809e-01  4.631914e-01
 6.20690e-01  4.75862e+00       1.926e+11  3.683122e-01  3.473122e-01 -3.509837e-01  6.316878e-01
 1.03448e+00  4.75862e+00       1.611e+11  2.756851e-01  3.620521e-01 -1.065195e-02  7.243149e-01
 1.44828e+00  4.75862e+00       1.771e+11  4.141396e-01  1.560251e-01  4.032944e-01  5.858604e-01
 1.86207e+00  4.75862e+00       2.966e+11  6.738383e-01 -7.598796e-03  5.168164e-01  3.261617e-01
 2.27586e+00  4.75862e+00       5.068e+11  8.346363e-01 -4.085682e-02  4.326834e-01  1.653637e-01
 2.68966e+00  4.75862e+00       6.743e+11  9.102911e-01 -4.329379e-02  3.186792e-01  8.970886e-02
 3.10345e+00  4.75862e+00       6.783e+11  9.337226e-01 -4.916145e-02  1.805379e-01  6.627740e-02
 3.51724e+00  4.75862e+00       5.689e+11  8.992343e-01 -6.499183e-02 -4.132672e-02  1.007657e-01
 3.93103e+00  4.75862e+00       4.783e+11  8.099468e-01 -6.657704e-02 -3.400765e-01  1.900532e-01
 4.34483e+00  4.75862e+00       4.479e+11  7.231367e-01 -2.476767e-02 -5.516213e-01  2.768633e-01
 4.75862e+00  4.75862e+00       4.923e+11  6.140564e-01  1.026144e-02 -6.727346e-01  3.859436e-01
 5.17241e+00  4.75862e+00       7.330e+11  4.227009e-01 -7.029439e-03 -8.117728e-01  5.772991e-01
 5.58621e+00  4.75862e+00       1.217e+12  2.650684e-01 -1.978698e-02 -9.111970e-01  7.349316e-01
 6.00000e+00  4.75862e+00       1.642e+12  1.668008e-01 -1.194269e-02 -9.564939e-01  8.331992e-01
-6.00000e+00  5.17241e+00       1.787e+12  2.638465e-01 -1.166735e-02  9.414068e-01  7.361535e-01
-5.58621e+00  5.17241e+00       1.688e+12  3.551776e-01 -9.304556e-03  8.952184e-01  6.448224e-01
-5.17241e+00  5.17241e+00       1.392e+12  4.649079e-01  1.124914e-02  8.230426e-01  5.350921e-01
-4.75862e+00  5.17241e+00       1.004e+12  5.772734e-01  5.745575e-02  7.353438e-01  4.227266e-01
-4.34483e+00  5.17241e+00       6.375e+11  6.525447e-01  1.076851e-01  6.610000e-01  3.474553e-01
-3.93103e+00  5.17241e+00       4.260e+11  7.000251e-01  8.867611e-02  5.819930e-01  2.999749e-01
-3.51724e+00  5.17241e+00       4.109e+11  7.763668e-01 -3.059140e-03  3.851979e-01  2.236332e-01
-3.10345e+00  5.17241e+00       4.862e+11  8.284289e-01 -6.118295e-02  5.518008e-02  1.715711e-01
-2.68966e+00  5.17241e+00       5.505e+11  8.145851e-01 -7.323663e-02 -2.833562e-01  1.854149e-01
-2.27586e+00  5.17241e+00       5.357e+11  7.314122e-01 -6.230399e-02 -5.363658e-01  2.685878e-01
-1.86207e+00  5.17241e+00       4.601e+11  5.723240e-01 -7.562099e-02 -7.270463e-01  4.276760e-01
-1.44828e+00  5.17241e+00       3.848e+11  3.750919e-01 -1.243076e-01 -8.491079e-01  6.249081e-01
-1.03448e+00  5.17241e+00       2.916e+11  1.710058e-01 -1.466370e-01 -8.752325e-01  8.289942e-01
-6.20690e-01  5.17241e+00       1.905e+11 -1.142851e-01 -7.906948e-02 -7.697364e-01  8.857149e-01
-2.06897e-01  5.17241e+00       1.352e+11 -4.465181e-01  7.887476e-02 -4.020974e-01  5.534819e-01
 2.06897e-01  5.17241e+00       1.373e+11 -4.868737e-01  1.142906e-01  2.117908e-01  5.131263e-01
 6.20690e-01  5.17241e+00       1.995e+11 -2.059740e-01 -5.808269e-03  7.059938e-01  7.940260e-01
 1.03448e+00  5.17241e+00       3.210e+11  9.643087e-02 -7.840392e-02  8.695725e-01  9.035691e-01
 1.44828e+00  5.17241e+00       4.588e+11  3.588212e-01 -7.754739e-02  8.372800e-01  6.411788e-01
 1.86207e+00  5.17241e+00       5.607e+11  5.886573e-01 -5.728215e-02  7.220964e-01  4.113427e-01
 2.27586e+00  5.17241e+00       5.843e+11  7.454172e-01 -5.576191e-02  5.787018e-01  2.545828e-01
 2.68966e+00  5.17241e+00       5.202e+11  8.253527e-01 -7.671494e-02  3.788993e-01  1.746473e-01
 3.10345e+00  5.17241e+00       4.417e+11  8.469467e-01 -9.964816e-02  5.602343e-02  1.530533e-01
 3.51724e+00  5.17241e+00       4.146e+11  8.288022e-01 -7.738698e-02 -2.680726e-01  1.711978e-01
 3.93103e+00  5.17241e+00       4.285e+11  8.033885e-01 -1.080420e-02 -4.309085e-01  1.966115e-01
 4.34483e+00  5.17241e+00       4.902e+11  7.381240e-01  1.932954e-02 -5.346838e-01  2.618760e-01
 4.75862e+00  5.17241e+00       7.300e+11  5.809660e-01 -7.186173e-03 -7.049108e-01  4.190340e-01
 5.17241e+00  5.17241e+00       1.241e+12  4.338482e-01 -2.034247e-02 -8.422367e-01  5.661518e-01
 5.58621e+00  5.17241e+00       1.763e+12  3.369044e-01 -1.122483e-02 -9.108942e-01  6.630956e-01
 6.00000e+00  5.17241e+00       1.916e+12  2.596956e-01  1.435208e-03 -9.466051e-01  7.403044e-01
-6.00000e+00  5.58621e+00       1.872e+12  3.601785e-01 -7.087861e-03  9.184333e-01  6.398215e-01
-5.58621e+00  5.58621e+00       1.927e+12  4.287130e-01 -1.085525e-02  8.794380e-01  5.712870e-01
-5.17241e+00  5.58621e+00       1.783e+12  5.199136e-01 -8.224840e-03  8.114554e-01  4.800864e-01
-4.75862e+00  5.58621e+00       1.496e+12  6.224227e-01  1.056536e-02  7.128392e-01  3.775773e-01
-4.34483e+00  5.58621e+00       1.126e+12  7.227583e-01  5.409180e-02  5.952038e-01  2.772417e-01
-3.93103e+00  5.58621e+00       7.333e+11  7.861716e-01  1.124109e-01  4.979793e-01  2.138284e-01
-3.51724e+00  5.58621e+00       4.363e+11  8.004180e-01  1.328726e-01  4.393528e-01  1.995820e-01
-3.10345e+00  5.58621e+00       3.348e+11  8.268946e-01  5.452354e-02  3.485152e-01  1.731054e-01
-2.68966e+00  5.58621e+00       3.464e+11  8.449631e-01 -3.532802e-02  1.506551e-01  1.550369e-01
-2.27586e+00  5.58621e+00       3.646e+11  7.475884e-01 -1.004877e-01 -1.815850e-01  2.524116e-01
-1.86207e+00  5.58621e+00       3.847e+11  5.023668e-01 -1.325698e-01 -5.672770e-01  4.976332e-01
-1.44828e+00  5.58621e+00       4.007e+11  1.964627e-01 -1.124245e-01 -7.972557e-01  8.035373e-01
-1.03448e+00  5.58621e+00       3.739e+11 -1.313948e-01 -5.349354e-02 -7.941393e-01  8.686052e-01
-6.20690e-01  5.58621e+00       3.205e+11 -4.919469e-01 -4.331197e-03 -5.341046e-01  5.080531e-01
-2.06897e-01  5.58621e+00       2.929e+11 -7.164850e-01 -2.233323e-03 -4.494132e-02  2.835150e-01
 2.06897e-01  5.58621e+00       3.027e+11 -6.393534e-01 -1.597016e-02  4.497239e-01  3.606466e-01
 6.20690e-01  5.58621e+00       3.330e+11 -3.621509e-01 -2.647666e-02  7.699885e-01  6.378491e-01
 1.03448e+00  5.58621e+00       3.663e+11 -5.225515e-02 -5.486481e-02  8.999909e-01  9.477449e-01
 1.44828e+00  5.58621e+00       3.721e+11  2.013088e-01 -9.916892e-02  8.835330e-01  7.986912e-01
 1.86207e+00  5.58621e+00       3.330e+11  4.262521e-01 -1.458496e-01  7.124230e-01  5.737479e-01
 2.27586e+00  5.58621e+00       2.997e+11  6.560958e-01 -1.796154e-01  3.509376e-01  3.439042e-01
 2.68966e+00  5.58621e+00       3.123e+11  8.003618e-01 -1.449265e-01 -7.600161e-03  1.996382e-01
 3.10345e+00  5.58621e+00       3.566e+11  8.536898e-01 -4.432919e-02 -1.877373e-01  1.463102e-01
 3.51724e+00  5.58621e+00       4.057e+11  8.708771e-01  3.078910e-02 -2.481614e-01  1.291229e-01
 3.93103e+00  5.58621e+00       4.866e+11  8.297750e-01  2.553439e-02 -3.549337e-01  1.702250e-01
 4.34483e+00  5.58621e+00       7.552e+11  7.086780e-01 -1.406298e-02 -5.736132e-01  2.913220e-01
 4.75862e+00  5.58621e+00       1.299e+12  5.903868e-01 -2.147644e-02 -7.422910e-01  4.096132e-01
 5.17241e+00  5.58621e+00       1.869e+12  5.037594e-01 -8.238619e-03 -8.317904e-01  4.962406e-01
 5.58621e+00  5.58621e+00       2.096e+12  4.298717e-01  5.327287e-03 -8.841023e-01  5.701283e-01
 6.00000e+00  5.58621e+00       1.916e+12  3.588709e-01  9.066263e-03 -9.191086e-01  6.411291e-01
-6.00000e+00  6.00000e+00       1.779e+12  4.804074e-01 -3.916272e-03  8.654417e-01  5.195926e-01
-5.58621e+00  6.00000e+00       2.043e+12  5.235825e-01 -6.305859e-03  8.391044e-01  4.764175e-01
-5.17241e+00  6.00000e+00       2.004e+12  5.844454e-01 -9.916606e-03  7.883068e-01  4.155546e-01
-4.75862e+00  6.00000e+00       1.821e+12  6.674015e-01 -7.992280e-03  6.980959e-01  3.325985e-01
-4.34483e+00  6.00000e+00       1.572e+12  7.549562e-01  6.299805e-03  5.710314e-01  2.450438e-01
-3.93103e+00  6.00000e+00       1.265e+12  8.355479e-01  4.093669e-02  4.167407e-01  1.644521e-01
-3.51724e+00  6.00000e+00       9.079e+11  8.892266e-01  9.789207e-02  2.725997e-01  1.107734e-01
-3.10345e+00  6.00000e+00       5.467e+11  8.904367e-01  1.611518e-01  1.889536e-01  1.095633e-01
-2.68966e+00  6.00000e+00       3.096e+11  8.472634e-01  1.667109e-01  1.600486e-01  1.527366e-01
-2.27586e+00  6.00000e+00       2.476e+11  8.574778e-01  7.615099e-02  7.236986e-02  1.425222e-01
-1.86207e+00  6.00000e+00       2.587e+11  8.884921e-01  6.229192e-03 -3.385916e-02  1.115079e-01
-1.44828e+00  6.00000e+00       2.354e+11  8.100689e-01 -1.003523e-01 -1.417088e-01  1.899311e-01
-1.03448e+00  6.00000e+00       1.981e+11  5.675911e-01 -3.122977e-01 -3.462771e-01  4.324089e-01
-6.20690e-01  6.00000e+00       1.823e+11  2.809098e-01 -4.874374e-01 -5.253555e-01  7.190902e-01
-2.06897e-01  6.00000e+00       1.694e+11  5.953388e-02 -5.670860e-01 -5.095106e-01  9.404661e-01
 2.06897e-01  6.00000e+00       1.558e+11 -7.674562e-02 -6.223399e-01 -2.844629e-01  9.232544e-01
 6.20690e-01  6.00000e+00       1.545e+11 -2.050210e-02 -6.192514e-01  4.279183e-02  9.794979e-01
 1.03448e+00  6.00000e+00       1.642e+11  2.343457e-01 -5.027735e-01  2.221593e-01  7.656543e-01
 1.44828e+00  6.00000e+00       1.784e+11  5.050290e-01 -3.324509e-01  1.560093e-01  4.949710e-01
 1.86207e+00  6.00000e+00       2.102e+11  6.829307e-01 -1.568820e-01  3.651999e-02  3.170693e-01
 2.27586e+00  6.00000e+00       2.757e+11  8.002197e-01 -9.829947e-04  2.842567e-02  1.997803e-01
 2.68966e+00  6.00000e+00       3.398e+11  8.634532e-01  7.386617e-02  6.091298e-02  1.365468e-01
 3.10345e+00  6.00000e+00       3.816e+11  8.853649e-01  6.304754e-02  3.634995e-02  1.146351e-01
 3.51724e+00  6.00000e+00       4.945e+11  8.703054e-01  4.817036e-03 -1.561995e-01  1.296946e-01
 3.93103e+00  6.00000e+00       8.299e+11  8.050362e-01 -2.602022e-02 -4.305954e-01  1.949638e-01
 4.34483e+00  6.00000e+00       1.407e+12  7.284663e-01 -1.880021e-02 -6.141479e-01  2.715337e-01
 4.75862e+00  6.00000e+00       1.980e+12  6.606734e-01 -1.040718e-03 -7.182946e-01  3.393266e-01
 5.17241e+00  6.00000e+00       2.231e+12  5.955341e-01  1.072075e-02 -7.855806e-01  4.044659e-01
 5.58621e+00  6.00000e+00       2.082e+12  5.291916e-01  1.042948e-02 -8.352202e-01  4.708084e-01
 6.00000e+00  6.00000e+00       1.769e+12  4.648636e-01  6.033589e-03 -8.714041e-01  5.351364e-01
