 EB(GeV)    EMITTANCEx EMITTANCEy SIZEx(m)   SIZEy(m)   DIVx(rad)  DIVy(rad)
 1.500e+00  5.941e-09  5.941e-11  1.840e-04  1.299e-05  3.228e-05  4.574e-06
 betax      alphax     betay      alphay     eta        deta       E_spread  
 5.700e+00  0.000e+00  2.840e+00  0.000e+00  0.000e+00  0.000e+00  1.000e-03
 Ibeam(A) 
  2.000e-01


           x            y       F.Density            PL            PC          PL45        1-|PL|
          mm           mm  ph/s/mm^2/0.1%             -             -             -             -
-6.00000e+00 -6.00000e+00       1.582e+12  5.389508e-01  9.101634e-03 -8.181863e-01  4.610492e-01
-5.58621e+00 -6.00000e+00       2.150e+12  5.870652e-01  4.184779e-03 -7.896812e-01  4.129348e-01
-5.17241e+00 -6.00000e+00       2.364e+12  6.252540e-01  5.154512e-04 -7.572243e-01  3.747460e-01
-4.75862e+00 -6.00000e+00       2.104e+12  6.777801e-01 -5.875826e-03 -6.944650e-01  3.222199e-01
-4.34483e+00 -6.00000e+00       1.713e+12  7.530198e-01 -1.352727e-02 -5.767032e-01  2.469802e-01
-3.93103e+00 -6.00000e+00       1.416e+12  8.347061e-01 -1.868310e-02 -4.089267e-01  1.652939e-01
-3.51724e+00 -6.00000e+00       1.150e+12  8.958362e-01 -3.248278e-02 -2.391006e-01  1.041638e-01
-3.10345e+00 -6.00000e+00       8.030e+11  9.176797e-01 -7.006928e-02 -1.143170e-01  8.232030e-02
-2.68966e+00 -6.00000e+00       4.636e+11  8.867174e-01 -1.281505e-01 -5.949346e-02  1.132826e-01
-2.27586e+00 -6.00000e+00       2.771e+11  8.041607e-01 -1.512889e-01 -3.246092e-02  1.958393e-01
-1.86207e+00 -6.00000e+00       2.450e+11  7.643784e-01 -7.987301e-02  1.241397e-01  2.356216e-01
-1.44828e+00 -6.00000e+00       2.667e+11  7.753106e-01 -4.823221e-02  2.519830e-01  2.246894e-01
-1.03448e+00 -6.00000e+00       2.474e+11  7.463969e-01 -5.420206e-02  1.839184e-01  2.536031e-01
-6.20690e-01 -6.00000e+00       1.936e+11  6.033199e-01  2.793357e-02 -8.928594e-02  3.966801e-01
-2.06897e-01 -6.00000e+00       1.633e+11  4.001670e-01  1.936532e-01 -4.090005e-01  5.998330e-01
 2.06897e-01 -6.00000e+00       1.665e+11  3.875019e-01  2.311241e-01 -4.922858e-01  6.124981e-01
 6.20690e-01 -6.00000e+00       1.756e+11  4.893759e-01  1.529424e-01 -3.477740e-01  5.106241e-01
 1.03448e+00 -6.00000e+00       1.803e+11  5.107834e-01  9.727501e-02 -1.539507e-01  4.892166e-01
 1.44828e+00 -6.00000e+00       2.040e+11  5.383455e-01  5.181905e-02 -9.119011e-02  4.616545e-01
 1.86207e+00 -6.00000e+00       2.625e+11  6.768163e-01 -4.110061e-02 -1.307144e-01  3.231837e-01
 2.27586e+00 -6.00000e+00       3.269e+11  7.935277e-01 -6.894605e-02 -1.597843e-01  2.064723e-01
 2.68966e+00 -6.00000e+00       3.767e+11  8.536841e-01 -1.289359e-02 -1.385303e-01  1.463159e-01
 3.10345e+00 -6.00000e+00       4.676e+11  8.845070e-01  3.980417e-02 -7.185106e-03  1.154930e-01
 3.51724e+00 -6.00000e+00       7.216e+11  8.700801e-01  4.009658e-02  2.357150e-01  1.299199e-01
 3.93103e+00 -6.00000e+00       1.234e+12  8.174582e-01  1.628428e-02  4.514708e-01  1.825418e-01
 4.34483e+00 -6.00000e+00       1.851e+12  7.563998e-01 -2.094774e-04  5.907471e-01  2.436002e-01
 4.75862e+00 -6.00000e+00       2.237e+12  6.891969e-01 -6.393950e-03  6.878894e-01  3.108031e-01
 5.17241e+00 -6.00000e+00       2.291e+12  6.164282e-01 -5.956014e-03  7.630318e-01  3.835718e-01
 5.58621e+00 -6.00000e+00       2.119e+12  5.532923e-01 -5.702774e-03  8.133981e-01  4.467077e-01
 6.00000e+00 -6.00000e+00       1.782e+12  5.060729e-01 -1.043175e-02  8.424850e-01  4.939271e-01
-6.00000e+00 -5.58621e+00       1.959e+12  4.250947e-01  5.092916e-03 -8.895424e-01  5.749053e-01
-5.58621e+00 -5.58621e+00       2.209e+12  4.683871e-01  8.258208e-04 -8.643914e-01  5.316129e-01
-5.17241e+00 -5.58621e+00       2.027e+12  5.326249e-01 -4.142005e-03 -8.114426e-01  4.673751e-01
-4.75862e+00 -5.58621e+00       1.684e+12  6.263104e-01 -9.213683e-03 -7.136004e-01  3.736896e-01
-4.34483e+00 -5.58621e+00       1.361e+12  7.317871e-01 -2.006553e-02 -5.814783e-01  2.682129e-01
-3.93103e+00 -5.58621e+00       1.009e+12  8.113936e-01 -5.053089e-02 -4.606703e-01  1.886064e-01
-3.51724e+00 -5.58621e+00       6.297e+11  8.402291e-01 -9.701028e-02 -3.781995e-01  1.597709e-01
-3.10345e+00 -5.58621e+00       3.906e+11  8.346503e-01 -1.065709e-01 -3.015165e-01  1.653497e-01
-2.68966e+00 -5.58621e+00       3.292e+11  8.460747e-01 -4.392776e-02 -1.765435e-01  1.539253e-01
-2.27586e+00 -5.58621e+00       3.109e+11  8.215604e-01  2.113022e-02 -8.082450e-03  1.784396e-01
-1.86207e+00 -5.58621e+00       2.766e+11  6.546861e-01  8.066735e-02  2.625298e-01  3.453139e-01
-1.44828e+00 -5.58621e+00       2.662e+11  2.537058e-01  1.444524e-01  5.848127e-01  7.462942e-01
-1.03448e+00 -5.58621e+00       2.955e+11 -2.027550e-01  2.120573e-01  7.212477e-01  7.972450e-01
-6.20690e-01 -5.58621e+00       3.243e+11 -5.180908e-01  2.447158e-01  5.918502e-01  4.819092e-01
-2.06897e-01 -5.58621e+00       3.261e+11 -7.002320e-01  2.411213e-01  2.406097e-01  2.997680e-01
 2.06897e-01 -5.58621e+00       3.247e+11 -6.946715e-01  2.247680e-01 -2.353080e-01  3.053285e-01
 6.20690e-01 -5.58621e+00       3.296e+11 -4.920463e-01  1.948073e-01 -6.186819e-01  5.079537e-01
 1.03448e+00 -5.58621e+00       3.138e+11 -1.874144e-01  1.419785e-01 -7.843263e-01  8.125856e-01
 1.44828e+00 -5.58621e+00       2.840e+11  2.043550e-01  1.007751e-01 -7.041883e-01  7.956450e-01
 1.86207e+00 -5.58621e+00       2.899e+11  5.877315e-01  1.119788e-01 -4.290397e-01  4.122685e-01
 2.27586e+00 -5.58621e+00       3.219e+11  7.736674e-01  1.114979e-01 -1.641659e-01  2.263326e-01
 2.68966e+00 -5.58621e+00       3.528e+11  8.350813e-01  5.242084e-02  2.886847e-02  1.649187e-01
 3.10345e+00 -5.58621e+00       3.994e+11  8.685858e-01 -5.341956e-03  1.388077e-01  1.314142e-01
 3.51724e+00 -5.58621e+00       4.728e+11  8.724311e-01 -1.732217e-04  2.282985e-01  1.275689e-01
 3.93103e+00 -5.58621e+00       6.586e+11  8.100139e-01  2.344132e-02  4.067215e-01  1.899861e-01
 4.34483e+00 -5.58621e+00       1.106e+12  7.072661e-01  1.980180e-02  6.064606e-01  2.927339e-01
 4.75862e+00 -5.58621e+00       1.730e+12  6.172389e-01  6.985289e-03  7.339824e-01  3.827611e-01
 5.17241e+00 -5.58621e+00       2.149e+12  5.374341e-01 -1.436380e-03  8.128874e-01  4.625659e-01
 5.58621e+00 -5.58621e+00       2.176e+12  4.589801e-01 -4.368339e-03  8.688592e-01  5.410199e-01
 6.00000e+00 -5.58621e+00       1.931e+12  3.918760e-01 -5.942295e-03  9.051556e-01  6.081240e-01
-6.00000e+00 -5.17241e+00       2.005e+12  3.084542e-01  2.109669e-03 -9.333133e-01  6.915458e-01
-5.58621e+00 -5.17241e+00       1.921e+12  3.753682e-01 -1.931057e-03 -8.956414e-01  6.246318e-01
-5.17241e+00 -5.17241e+00       1.613e+12  4.753614e-01 -6.803900e-03 -8.234834e-01  5.246386e-01
-4.75862e+00 -5.17241e+00       1.263e+12  5.927641e-01 -2.273283e-02 -7.243303e-01  4.072359e-01
-4.34483e+00 -5.17241e+00       8.870e+11  6.841265e-01 -6.009865e-02 -6.328455e-01  3.158735e-01
-3.93103e+00 -5.17241e+00       5.556e+11  7.292899e-01 -9.438187e-02 -5.581496e-01  2.707101e-01
-3.51724e+00 -5.17241e+00       4.049e+11  7.680405e-01 -6.166014e-02 -4.430841e-01  2.319595e-01
-3.10345e+00 -5.17241e+00       3.983e+11  8.074339e-01  1.145298e-02 -2.049287e-01  1.925661e-01
-2.68966e+00 -5.17241e+00       4.489e+11  7.870997e-01  6.647444e-02  1.727255e-01  2.129003e-01
-2.27586e+00 -5.17241e+00       5.163e+11  6.987531e-01  8.339820e-02  5.137210e-01  3.012469e-01
-1.86207e+00 -5.17241e+00       5.119e+11  5.567498e-01  7.399021e-02  7.164338e-01  4.432502e-01
-1.44828e+00 -5.17241e+00       4.250e+11  3.203593e-01  8.967755e-02  8.294677e-01  6.796407e-01
-1.03448e+00 -5.17241e+00       3.574e+11 -5.274244e-02  1.675186e-01  8.160943e-01  9.472576e-01
-6.20690e-01 -5.17241e+00       3.462e+11 -4.394488e-01  2.405415e-01  5.995176e-01  5.605512e-01
-2.06897e-01 -5.17241e+00       3.535e+11 -6.753746e-01  2.570564e-01  2.076073e-01  3.246254e-01
 2.06897e-01 -5.17241e+00       3.594e+11 -6.837838e-01  2.399373e-01 -2.529026e-01  3.162162e-01
 6.20690e-01 -5.17241e+00       3.695e+11 -4.489022e-01  1.953297e-01 -6.283302e-01  5.510978e-01
 1.03448e+00 -5.17241e+00       4.104e+11 -3.908432e-02  1.209678e-01 -8.209000e-01  9.609157e-01
 1.44828e+00 -5.17241e+00       4.896e+11  3.336874e-01  6.716401e-02 -8.330915e-01  6.663126e-01
 1.86207e+00 -5.17241e+00       5.409e+11  5.646499e-01  5.483459e-02 -7.407729e-01  4.353501e-01
 2.27586e+00 -5.17241e+00       5.200e+11  7.154603e-01  5.533899e-02 -5.551209e-01  2.845397e-01
 2.68966e+00 -5.17241e+00       4.723e+11  8.181255e-01  6.081031e-02 -2.508214e-01  1.818745e-01
 3.10345e+00 -5.17241e+00       4.444e+11  8.545661e-01  6.325977e-02  7.670836e-02  1.454339e-01
 3.51724e+00 -5.17241e+00       4.419e+11  8.407766e-01  3.270669e-02  2.963818e-01  1.592234e-01
 3.93103e+00 -5.17241e+00       4.809e+11  8.064195e-01  2.983338e-03  4.221591e-01  1.935805e-01
 4.34483e+00 -5.17241e+00       6.347e+11  7.122302e-01  1.035307e-02  5.684143e-01  2.877698e-01
 4.75862e+00 -5.17241e+00       1.041e+12  5.725965e-01  1.642271e-02  7.348691e-01  4.274035e-01
 5.17241e+00 -5.17241e+00       1.631e+12  4.616444e-01  9.475899e-03  8.402543e-01  5.383556e-01
 5.58621e+00 -5.17241e+00       2.014e+12  3.746041e-01  1.555348e-03  8.997073e-01  6.253959e-01
 6.00000e+00 -5.17241e+00       1.983e+12  2.955259e-01 -2.987516e-03  9.373884e-01  7.044741e-01
-6.00000e+00 -4.75862e+00       1.773e+12  2.126282e-01  2.390744e-04 -9.487892e-01  7.873718e-01
-5.58621e+00 -4.75862e+00       1.521e+12  3.095005e-01 -4.568198e-03 -9.007714e-01  6.904995e-01
-5.17241e+00 -4.75862e+00       1.172e+12  4.325564e-01 -2.192657e-02 -8.286931e-01  5.674436e-01
-4.75862e+00 -4.75862e+00       8.108e+11  5.389656e-01 -6.046778e-02 -7.554618e-01  4.610344e-01
-4.34483e+00 -4.75862e+00       5.302e+11  6.100471e-01 -8.449757e-02 -6.781915e-01  3.899529e-01
-3.93103e+00 -4.75862e+00       4.386e+11  7.015756e-01 -3.417474e-02 -5.098435e-01  2.984244e-01
-3.51724e+00 -4.75862e+00       4.998e+11  8.136450e-01  3.262350e-02 -2.032894e-01  1.863550e-01
-3.10345e+00 -4.75862e+00       6.013e+11  8.760222e-01  6.136340e-02  1.051321e-01  1.239778e-01
-2.68966e+00 -4.75862e+00       6.184e+11  8.696874e-01  7.294682e-02  3.264413e-01  1.303126e-01
-2.27586e+00 -4.75862e+00       5.264e+11  8.088260e-01  9.977396e-02  4.948842e-01  1.911740e-01
-1.86207e+00 -4.75862e+00       4.051e+11  7.182213e-01  1.335256e-01  6.263490e-01  2.817787e-01
-1.44828e+00 -4.75862e+00       3.044e+11  6.233090e-01  1.457902e-01  7.023844e-01  3.766910e-01
-1.03448e+00 -4.75862e+00       2.239e+11  5.427406e-01  1.327469e-01  6.808129e-01  4.572594e-01
-6.20690e-01 -4.75862e+00       1.545e+11  4.764684e-01  3.701339e-02  4.994286e-01  5.235316e-01
-2.06897e-01 -4.75862e+00       1.143e+11  4.145700e-01 -1.619059e-01  1.682696e-01  5.854300e-01
 2.06897e-01 -4.75862e+00       1.055e+11  3.299613e-01 -1.871199e-01 -1.484235e-01  6.700387e-01
 6.20690e-01 -4.75862e+00       1.199e+11  2.048209e-01  2.160964e-02 -4.374779e-01  7.951791e-01
 1.03448e+00 -4.75862e+00       1.705e+11  2.407211e-01  1.324097e-01 -6.457082e-01  7.592789e-01
 1.44828e+00 -4.75862e+00       2.892e+11  4.982496e-01  9.468508e-02 -6.699004e-01  5.017504e-01
 1.86207e+00 -4.75862e+00       4.801e+11  7.158682e-01  6.114685e-02 -5.926999e-01  2.841318e-01
 2.27586e+00 -4.75862e+00       6.541e+11  8.304948e-01  4.786787e-02 -4.887598e-01  1.695052e-01
 2.68966e+00 -4.75862e+00       7.035e+11  8.898835e-01  4.067740e-02 -3.577456e-01  1.101165e-01
 3.10345e+00 -4.75862e+00       6.338e+11  9.063656e-01  4.001244e-02 -1.556071e-01  9.363444e-02
 3.51724e+00 -4.75862e+00       5.424e+11  8.701338e-01  4.572151e-02  1.357476e-01  1.298662e-01
 3.93103e+00 -4.75862e+00       4.868e+11  7.983090e-01  3.688333e-02  4.012143e-01  2.016910e-01
 4.34483e+00 -4.75862e+00       4.886e+11  7.168281e-01  9.937168e-03  5.637427e-01  2.831719e-01
 4.75862e+00 -4.75862e+00       6.254e+11  5.824987e-01  6.246106e-03  7.017145e-01  4.175013e-01
 5.17241e+00 -4.75862e+00       1.016e+12  4.163904e-01  1.331001e-02  8.346056e-01  5.836096e-01
 5.58621e+00 -4.75862e+00       1.548e+12  2.961588e-01  9.783943e-03  9.127127e-01  7.038412e-01
 6.00000e+00 -4.75862e+00       1.835e+12  2.080608e-01  2.786292e-03  9.525808e-01  7.919392e-01
-6.00000e+00 -4.34483e+00       1.416e+12  1.393579e-01 -1.850376e-03 -9.445676e-01  8.606421e-01
-5.58621e+00 -4.34483e+00       1.099e+12  2.616895e-01 -1.725582e-02 -8.954769e-01  7.383105e-01
-5.17241e+00 -4.34483e+00       7.651e+11  3.851569e-01 -5.456867e-02 -8.375671e-01  6.148431e-01
-4.75862e+00 -4.34483e+00       5.181e+11  4.867387e-01 -7.776953e-02 -7.615914e-01  5.132613e-01
-4.34483e+00 -4.34483e+00       4.571e+11  6.323534e-01 -2.578559e-02 -5.779084e-01  3.676466e-01
-3.93103e+00 -4.34483e+00       5.486e+11  8.018583e-01  3.463368e-02 -2.978138e-01  1.981417e-01
-3.51724e+00 -4.34483e+00       6.388e+11  9.048061e-01  5.995947e-02 -6.076127e-02  9.519393e-02
-3.10345e+00 -4.34483e+00       6.045e+11  9.414741e-01  8.001011e-02  1.046292e-01  5.852588e-02
-2.68966e+00 -4.34483e+00       4.885e+11  9.424283e-01  9.866061e-02  2.094717e-01  5.757174e-02
-2.27586e+00 -4.34483e+00       3.936e+11  9.301553e-01  6.210768e-02  2.334717e-01  6.984467e-02
-1.86207e+00 -4.34483e+00       3.509e+11  9.075732e-01 -2.157764e-02  1.720136e-01  9.242675e-02
-1.44828e+00 -4.34483e+00       3.094e+11  8.513050e-01 -4.409712e-02  5.033048e-02  1.486950e-01
-1.03448e+00 -4.34483e+00       2.295e+11  7.064377e-01  4.389618e-03 -1.267946e-01  2.935623e-01
-6.20690e-01 -4.34483e+00       1.581e+11  4.727515e-01  5.433641e-02 -3.476015e-01  5.272485e-01
-2.06897e-01 -4.34483e+00       1.381e+11  3.934589e-01  4.437064e-02 -5.111508e-01  6.065411e-01
 2.06897e-01 -4.34483e+00       1.658e+11  5.459403e-01  1.305276e-02 -5.188465e-01  4.540597e-01
 6.20690e-01 -4.34483e+00       2.114e+11  6.880947e-01  6.658810e-03 -4.013323e-01  3.119053e-01
 1.03448e+00 -4.34483e+00       2.289e+11  7.230981e-01  6.220450e-03 -2.410346e-01  2.769019e-01
 1.44828e+00 -4.34483e+00       2.110e+11  6.692498e-01 -1.666387e-02 -1.503283e-01  3.307502e-01
 1.86207e+00 -4.34483e+00       2.255e+11  6.947298e-01 -7.658097e-03 -2.268908e-01  3.052702e-01
 2.27586e+00 -4.34483e+00       3.519e+11  8.479394e-01  4.259868e-02 -2.690685e-01  1.520606e-01
 2.68966e+00 -4.34483e+00       5.731e+11  9.387129e-01  5.051240e-02 -2.033371e-01  6.128706e-02
 3.10345e+00 -4.34483e+00       7.311e+11  9.647335e-01  4.049342e-02 -1.123968e-01  3.526648e-02
 3.51724e+00 -4.34483e+00       7.099e+11  9.442665e-01  3.432999e-02  2.278036e-02  5.573347e-02
 3.93103e+00 -4.34483e+00       5.939e+11  8.634338e-01  3.621577e-02  2.488605e-01  1.365662e-01
 4.34483e+00 -4.34483e+00       5.011e+11  7.400954e-01  3.184359e-02  5.008176e-01  2.599046e-01
 4.75862e+00 -4.34483e+00       4.827e+11  6.082036e-01  1.003776e-02  6.737709e-01  3.917964e-01
 5.17241e+00 -4.34483e+00       6.252e+11  4.267340e-01  5.166074e-03  8.027323e-01  5.732660e-01
 5.58621e+00 -4.34483e+00       1.012e+12  2.458968e-01  1.192752e-02  9.020102e-01  7.541032e-01
 6.00000e+00 -4.34483e+00       1.457e+12  1.280838e-01  9.449963e-03  9.527597e-01  8.719162e-01
-6.00000e+00 -3.93103e+00       1.036e+12  8.798117e-02 -1.025170e-02 -9.284489e-01  9.120188e-01
-5.58621e+00 -3.93103e+00       7.348e+11  2.243106e-01 -4.388031e-02 -8.864890e-01  7.756894e-01
-5.17241e+00 -3.93103e+00       5.042e+11  3.540817e-01 -7.461617e-02 -8.234125e-01  6.459183e-01
-4.75862e+00 -3.93103e+00       4.420e+11  5.360070e-01 -3.229591e-02 -6.609978e-01  4.639930e-01
-4.34483e+00 -3.93103e+00       5.309e+11  7.471642e-01  2.987531e-02 -4.168391e-01  2.528358e-01
-3.93103e+00 -3.93103e+00       6.108e+11  8.818224e-01  5.880667e-02 -2.185394e-01  1.181776e-01
-3.51724e+00 -3.93103e+00       5.654e+11  9.449926e-01  7.906066e-02 -8.968616e-02  5.500738e-02
-3.10345e+00 -3.93103e+00       4.590e+11  9.615433e-01  8.166929e-02 -3.996994e-02  3.845666e-02
-2.68966e+00 -3.93103e+00       3.726e+11  9.366794e-01  4.221358e-02 -7.605264e-02  6.332064e-02
-2.27586e+00 -3.93103e+00       2.822e+11  8.664868e-01  6.514263e-03 -1.309740e-01  1.335132e-01
-1.86207e+00 -3.93103e+00       1.759e+11  7.291289e-01 -4.753747e-02 -1.195416e-01  2.708711e-01
-1.44828e+00 -3.93103e+00       1.029e+11  5.128219e-01 -2.896629e-01  2.908260e-02  4.871781e-01
-1.03448e+00 -3.93103e+00       7.050e+10  3.481333e-01 -6.228754e-01  1.987594e-01  6.518667e-01
-6.20690e-01 -3.93103e+00       5.385e+10  3.126666e-01 -7.652656e-01  1.865233e-01  6.873334e-01
-2.06897e-01 -3.93103e+00       4.878e+10  3.730671e-01 -7.552331e-01  6.832226e-06  6.269329e-01
 2.06897e-01 -3.93103e+00       5.811e+10  4.905728e-01 -6.737964e-01 -2.211721e-01  5.094272e-01
 6.20690e-01 -3.93103e+00       8.586e+10  6.292111e-01 -5.573033e-01 -3.439503e-01  3.707889e-01
 1.03448e+00 -3.93103e+00       1.349e+11  7.578398e-01 -4.109281e-01 -3.066365e-01  2.421602e-01
 1.44828e+00 -3.93103e+00       1.968e+11  8.533671e-01 -2.365452e-01 -1.746546e-01  1.466329e-01
 1.86207e+00 -3.93103e+00       2.452e+11  8.855818e-01 -9.256948e-02 -5.680020e-02  1.144182e-01
 2.27586e+00 -3.93103e+00       2.615e+11  8.724613e-01 -6.371909e-03 -1.713215e-02  1.275387e-01
 2.68966e+00 -3.93103e+00       3.179e+11  8.999963e-01  4.467127e-02 -2.536168e-02  1.000037e-01
 3.10345e+00 -3.93103e+00       4.938e+11  9.550071e-01  5.547170e-02  1.543823e-02  4.499293e-02
 3.51724e+00 -3.93103e+00       6.768e+11  9.673626e-01  4.422769e-02  8.571660e-02  3.263743e-02
 3.93103e+00 -3.93103e+00       6.924e+11  9.288779e-01  3.435312e-02  1.915977e-01  7.112215e-02
 4.34483e+00 -3.93103e+00       5.790e+11  8.196610e-01  3.247315e-02  3.783478e-01  1.803390e-01
 4.75862e+00 -3.93103e+00       4.752e+11  6.574332e-01  2.599895e-02  6.018407e-01  3.425668e-01
 5.17241e+00 -3.93103e+00       4.623e+11  4.741102e-01  6.350556e-03  7.627396e-01  5.258898e-01
 5.58621e+00 -3.93103e+00       6.344e+11  2.489372e-01  5.481410e-03  8.709518e-01  7.510628e-01
 6.00000e+00 -3.93103e+00       1.008e+12  7.161074e-02  1.169006e-02  9.358359e-01  9.283893e-01
-6.00000e+00 -3.51724e+00       7.106e+11  5.850006e-02 -2.987059e-02 -9.054869e-01  9.414999e-01
-5.58621e+00 -3.51724e+00       4.892e+11  2.096582e-01 -6.930442e-02 -8.628473e-01  7.903418e-01
-5.17241e+00 -3.51724e+00       4.038e+11  4.083888e-01 -4.876126e-02 -7.412834e-01  5.916112e-01
-4.75862e+00 -3.51724e+00       4.707e+11  6.562673e-01  1.829808e-02 -5.284640e-01  3.437327e-01
-4.34483e+00 -3.51724e+00       5.542e+11  8.262887e-01  5.425568e-02 -3.483650e-01  1.737113e-01
-3.93103e+00 -3.51724e+00       5.242e+11  9.114586e-01  7.487664e-02 -2.364372e-01  8.854144e-02
-3.51724e+00 -3.51724e+00       4.250e+11  9.325720e-01  7.851629e-02 -2.043984e-01  6.742797e-02
-3.10345e+00 -3.51724e+00       3.279e+11  8.976763e-01  5.022887e-02 -2.356312e-01  1.023237e-01
-2.68966e+00 -3.51724e+00       2.257e+11  8.295532e-01  5.252866e-03 -2.253597e-01  1.704468e-01
-2.27586e+00 -3.51724e+00       1.380e+11  7.579565e-01 -1.069085e-01 -5.008386e-02  2.420435e-01
-1.86207e+00 -3.51724e+00       9.735e+10  7.104137e-01 -2.790620e-01  2.626456e-01  2.895863e-01
-1.44828e+00 -3.51724e+00       8.697e+10  6.319628e-01 -3.093864e-01  4.636970e-01  3.680372e-01
-1.03448e+00 -3.51724e+00       8.365e+10  4.613909e-01 -2.137589e-01  5.128685e-01  5.386091e-01
-6.20690e-01 -3.51724e+00       8.701e+10  2.379422e-01 -1.003012e-01  4.148309e-01  7.620578e-01
-2.06897e-01 -3.51724e+00       9.858e+10  1.173086e-01 -3.479573e-02  1.505815e-01  8.826914e-01
 2.06897e-01 -3.51724e+00       1.180e+11  2.527266e-01 -2.704563e-02 -1.847668e-01  7.472734e-01
 6.20690e-01 -3.51724e+00       1.461e+11  5.317354e-01 -7.186282e-02 -3.958538e-01  4.682646e-01
 1.03448e+00 -3.51724e+00       1.690e+11  7.181312e-01 -1.335267e-01 -4.575397e-01  2.818688e-01
 1.44828e+00 -3.51724e+00       1.738e+11  8.015337e-01 -1.885073e-01 -4.025939e-01  1.984663e-01
 1.86207e+00 -3.51724e+00       1.859e+11  8.647155e-01 -2.012011e-01 -1.967342e-01  1.352845e-01
 2.27586e+00 -3.51724e+00       2.266e+11  9.032469e-01 -1.320803e-01  2.656014e-02  9.675309e-02
 2.68966e+00 -3.51724e+00       2.643e+11  9.032487e-01 -3.660200e-02  1.294753e-01  9.675135e-02
 3.10345e+00 -3.51724e+00       3.153e+11  9.135541e-01  3.866931e-02  1.461664e-01  8.644586e-02
 3.51724e+00 -3.51724e+00       4.583e+11  9.427787e-01  5.841859e-02  1.737366e-01  5.722127e-02
 3.93103e+00 -3.51724e+00       6.171e+11  9.404320e-01  4.590306e-02  2.311828e-01  5.956798e-02
 4.34483e+00 -3.51724e+00       6.252e+11  8.827677e-01  3.406226e-02  3.276312e-01  1.172323e-01
 4.75862e+00 -3.51724e+00       5.140e+11  7.444867e-01  2.954363e-02  4.985701e-01  2.555133e-01
 5.17241e+00 -3.51724e+00       4.204e+11  5.465028e-01  1.829332e-02  6.948415e-01  4.534972e-01
 5.58621e+00 -3.51724e+00       4.401e+11  3.066040e-01  2.173305e-03  8.288490e-01  6.933960e-01
 6.00000e+00 -3.51724e+00       6.515e+11  6.033158e-02  7.877649e-03  9.042886e-01  9.396684e-01
-6.00000e+00 -3.10345e+00       4.803e+11  6.253860e-02 -6.316542e-02 -8.763205e-01  9.374614e-01
-5.58621e+00 -3.10345e+00       3.646e+11  2.618620e-01 -7.289739e-02 -8.036085e-01  7.381380e-01
-5.17241e+00 -3.10345e+00       3.910e+11  5.357103e-01 -6.467855e-03 -6.257295e-01  4.642897e-01
-4.75862e+00 -3.10345e+00       4.796e+11  7.502215e-01  4.375928e-02 -4.503831e-01  2.497785e-01
-4.34483e+00 -3.10345e+00       4.832e+11  8.631359e-01  6.809684e-02 -3.389674e-01  1.368641e-01
-3.93103e+00 -3.10345e+00       3.980e+11  8.990666e-01  7.817198e-02 -3.007195e-01  1.009334e-01
-3.51724e+00 -3.10345e+00       3.000e+11  8.714368e-01  6.073105e-02 -3.189509e-01  1.285632e-01
-3.10345e+00 -3.10345e+00       2.083e+11  8.273573e-01  1.498697e-02 -2.796464e-01  1.726427e-01
-2.68966e+00 -3.10345e+00       1.589e+11  8.419200e-01 -7.098577e-02 -3.500563e-02  1.580800e-01
-2.27586e+00 -3.10345e+00       2.324e+11  8.842308e-01 -9.393046e-02  2.835455e-01  1.157692e-01
-1.86207e+00 -3.10345e+00       5.039e+11  8.489198e-01 -6.888087e-02  4.475135e-01  1.510802e-01
-1.44828e+00 -3.10345e+00       8.841e+11  7.730348e-01 -6.202941e-02  5.553823e-01  2.269652e-01
-1.03448e+00 -3.10345e+00       1.042e+12  6.535368e-01 -5.014036e-02  6.429307e-01  3.464632e-01
-6.20690e-01 -3.10345e+00       8.470e+11  4.513438e-01 -1.111436e-02  6.520454e-01  5.486562e-01
-2.06897e-01 -3.10345e+00       6.083e+11  1.958806e-01  4.424786e-02  3.068765e-01  8.041194e-01
 2.06897e-01 -3.10345e+00       6.588e+11  2.658284e-01  6.096403e-03 -3.930780e-01  7.341716e-01
 6.20690e-01 -3.10345e+00       1.010e+12  5.492549e-01 -6.422382e-02 -6.345357e-01  4.507451e-01
 1.03448e+00 -3.10345e+00       1.298e+12  7.224241e-01 -8.199560e-02 -5.963530e-01  2.775759e-01
 1.44828e+00 -3.10345e+00       1.144e+12  8.170188e-01 -7.257591e-02 -5.078616e-01  1.829812e-01
 1.86207e+00 -3.10345e+00       7.031e+11  8.798962e-01 -6.308910e-02 -3.924951e-01  1.201038e-01
 2.27586e+00 -3.10345e+00       3.762e+11  9.234428e-01 -7.982057e-02 -2.102627e-01  7.655716e-02
 2.68966e+00 -3.10345e+00       2.653e+11  9.259964e-01 -8.984229e-02  4.566836e-02  7.400365e-02
 3.10345e+00 -3.10345e+00       2.624e+11  9.032907e-01 -2.979140e-02  2.115028e-01  9.670931e-02
 3.51724e+00 -3.10345e+00       3.130e+11  9.059971e-01  4.198093e-02  2.536800e-01  9.400288e-02
 3.93103e+00 -3.10345e+00       4.438e+11  9.219605e-01  5.915513e-02  2.807920e-01  7.803948e-02
 4.34483e+00 -3.10345e+00       5.608e+11  9.030760e-01  4.521167e-02  3.335800e-01  9.692404e-02
 4.75862e+00 -3.10345e+00       5.315e+11  8.190974e-01  3.330573e-02  4.327008e-01  1.809026e-01
 5.17241e+00 -3.10345e+00       4.186e+11  6.443753e-01  2.574394e-02  5.999873e-01  3.556247e-01
 5.58621e+00 -3.10345e+00       3.528e+11  3.977355e-01  7.790513e-03  7.687533e-01  6.022645e-01
 6.00000e+00 -3.10345e+00       4.247e+11  1.037678e-01  9.949257e-04  8.633827e-01  8.962322e-01
-6.00000e+00 -2.68966e+00       2.855e+11  4.450910e-02 -4.706371e-04 -7.914336e-01  9.554909e-01
-5.58621e+00 -2.68966e+00       2.901e+11  3.759607e-01  2.200983e-03 -6.752222e-01  6.240393e-01
-5.17241e+00 -2.68966e+00       3.849e+11  6.451121e-01  4.181240e-02 -5.251104e-01  3.548879e-01
-4.75862e+00 -2.68966e+00       4.315e+11  8.015957e-01  6.118166e-02 -4.077914e-01  1.984043e-01
-4.34483e+00 -2.68966e+00       3.780e+11  8.703122e-01  7.253639e-02 -3.524001e-01  1.296878e-01
-3.93103e+00 -2.68966e+00       2.879e+11  8.621729e-01  6.954650e-02 -3.583199e-01  1.378271e-01
-3.51724e+00 -2.68966e+00       2.126e+11  8.360847e-01  3.408171e-02 -3.188341e-01  1.639153e-01
-3.10345e+00 -2.68966e+00       2.376e+11  9.073282e-01 -2.043573e-02 -7.694682e-02  9.267175e-02
-2.68966e+00 -2.68966e+00       5.678e+11  9.740546e-01 -1.596926e-02  9.936903e-02  2.594538e-02
-2.27586e+00 -2.68966e+00       1.270e+12  9.799113e-01  4.379592e-04  1.558279e-01  2.008865e-02
-1.86207e+00 -2.68966e+00       1.767e+12  9.735542e-01  1.439792e-02  1.917597e-01  2.644579e-02
-1.44828e+00 -2.68966e+00       1.437e+12  9.616053e-01  3.375698e-02  2.218789e-01  3.839466e-02
-1.03448e+00 -2.68966e+00       7.094e+11  9.347486e-01  6.608716e-02  2.466747e-01  6.525142e-02
-6.20690e-01 -2.68966e+00       2.663e+11  8.620677e-01  1.294375e-01  2.530130e-01  1.379323e-01
-2.06897e-01 -2.68966e+00       1.416e+11  7.689401e-01  1.954623e-01  1.576510e-01  2.310599e-01
 2.06897e-01 -2.68966e+00       1.529e+11  8.015137e-01  1.204431e-01 -6.133047e-02  1.984863e-01
 6.20690e-01 -2.68966e+00       3.118e+11  9.064520e-01  1.319388e-02 -1.978034e-01  9.354802e-02
 1.03448e+00 -2.68966e+00       8.025e+11  9.572445e-01 -1.546045e-02 -2.113862e-01  4.275554e-02
 1.44828e+00 -2.68966e+00       1.603e+12  9.725917e-01 -2.532066e-02 -1.956894e-01  2.740833e-02
 1.86207e+00 -2.68966e+00       2.023e+12  9.792998e-01 -3.206732e-02 -1.722133e-01  2.070022e-02
 2.27586e+00 -2.68966e+00       1.540e+12  9.831829e-01 -3.640508e-02 -1.396974e-01  1.681710e-02
 2.68966e+00 -2.68966e+00       7.665e+11  9.806512e-01 -4.450499e-02 -7.631224e-02  1.934876e-02
 3.10345e+00 -2.68966e+00       3.585e+11  9.504559e-01 -5.209208e-02  8.427123e-02  4.954406e-02
 3.51724e+00 -2.68966e+00       2.681e+11  9.028962e-01 -6.042619e-03  2.626406e-01  9.710376e-02
 3.93103e+00 -2.68966e+00       3.156e+11  8.996978e-01  5.173555e-02  3.157592e-01  1.003022e-01
 4.34483e+00 -2.68966e+00       4.338e+11  9.014021e-01  5.538009e-02  3.471772e-01  9.859787e-02
 4.75862e+00 -2.68966e+00       4.999e+11  8.548538e-01  4.023202e-02  4.122540e-01  1.451462e-01
 5.17241e+00 -2.68966e+00       4.477e+11  7.321965e-01  3.214055e-02  5.367609e-01  2.678035e-01
 5.58621e+00 -2.68966e+00       3.638e+11  5.384732e-01  2.694661e-02  6.981942e-01  4.615268e-01
 6.00000e+00 -2.68966e+00       3.501e+11  2.657352e-01  1.179016e-02  8.138552e-01  7.342648e-01
-6.00000e+00 -2.27586e+00       2.307e+11  2.522716e-01 -1.260815e-01 -6.948065e-01  7.477284e-01
-5.58621e+00 -2.27586e+00       2.889e+11  5.288521e-01 -1.404960e-02 -5.842929e-01  4.711479e-01
-5.17241e+00 -2.27586e+00       3.617e+11  7.333976e-01  4.454918e-02 -4.559175e-01  2.666024e-01
-4.75862e+00 -2.27586e+00       3.570e+11  8.432467e-01  6.066617e-02 -3.767462e-01  1.567533e-01
-4.34483e+00 -2.27586e+00       2.874e+11  8.677114e-01  6.803203e-02 -3.634381e-01  1.322886e-01
-3.93103e+00 -2.27586e+00       2.207e+11  8.506607e-01  5.222459e-02 -3.468299e-01  1.493393e-01
-3.51724e+00 -2.27586e+00       2.711e+11  9.166996e-01  7.313307e-03 -1.715072e-01  8.330036e-02
-3.10345e+00 -2.27586e+00       6.960e+11  9.844521e-01  1.972739e-03 -4.502890e-02  1.554793e-02
-2.68966e+00 -2.27586e+00       1.532e+12  9.963569e-01  1.031711e-02 -1.257696e-02  3.643054e-03
-2.27586e+00 -2.27586e+00       1.990e+12  9.973905e-01  1.758344e-02  5.394673e-03  2.609536e-03
-1.86207e+00 -2.27586e+00       1.490e+12  9.956351e-01  2.830325e-02  2.087332e-02  4.364871e-03
-1.44828e+00 -2.27586e+00       7.501e+11  9.892408e-01  4.730702e-02  3.316844e-02  1.075918e-02
-1.03448e+00 -2.27586e+00       4.167e+11  9.756843e-01  7.586389e-02  4.418573e-02  2.431575e-02
-6.20690e-01 -2.27586e+00       3.908e+11  9.661848e-01  1.151256e-01  6.661183e-02  3.381516e-02
-2.06897e-01 -2.27586e+00       4.299e+11  9.631505e-01  1.434810e-01  8.281820e-02  3.684953e-02
 2.06897e-01 -2.27586e+00       3.874e+11  9.583180e-01  1.439010e-01  9.153223e-02  4.168198e-02
 6.20690e-01 -2.27586e+00       2.874e+11  9.510035e-01  1.013514e-01  9.426596e-02  4.899653e-02
 1.03448e+00 -2.27586e+00       2.974e+11  9.620838e-01  1.642612e-02  5.442539e-02  3.791620e-02
 1.44828e+00 -2.27586e+00       6.693e+11  9.867241e-01 -1.704342e-02  6.233017e-03  1.327586e-02
 1.86207e+00 -2.27586e+00       1.517e+12  9.954729e-01 -2.162865e-02 -1.430136e-03  4.527086e-03
 2.27586e+00 -2.27586e+00       2.161e+12  9.974348e-01 -2.453289e-02  4.015061e-03  2.565172e-03
 2.68966e+00 -2.27586e+00       1.772e+12  9.966719e-01 -2.775255e-02  1.674574e-02  3.328054e-03
 3.10345e+00 -2.27586e+00       8.886e+11  9.888049e-01 -3.327003e-02  5.190921e-02  1.119507e-02
 3.51724e+00 -2.27586e+00       3.802e+11  9.519627e-01 -3.056635e-02  1.645459e-01  4.803730e-02
 3.93103e+00 -2.27586e+00       2.671e+11  9.037691e-01  2.052780e-02  3.026614e-01  9.623089e-02
 4.34483e+00 -2.27586e+00       3.238e+11  9.010231e-01  5.538850e-02  3.446139e-01  9.897690e-02
 4.75862e+00 -2.27586e+00       4.127e+11  8.834098e-01  4.640704e-02  3.829459e-01  1.165902e-01
 5.17241e+00 -2.27586e+00       4.114e+11  8.041650e-01  3.123595e-02  4.658255e-01  1.958350e-01
 5.58621e+00 -2.27586e+00       3.287e+11  6.485646e-01  1.658104e-02  6.064399e-01  3.514354e-01
 6.00000e+00 -2.27586e+00       2.593e+11  4.374899e-01 -1.922076e-03  7.314896e-01  5.625101e-01
-6.00000e+00 -1.86207e+00       2.272e+11  3.652003e-01 -7.330874e-02 -7.122919e-01  6.347997e-01
-5.58621e+00 -1.86207e+00       2.672e+11  6.650379e-01 -6.352436e-03 -5.061713e-01  3.349621e-01
-5.17241e+00 -1.86207e+00       3.161e+11  8.279840e-01  2.521411e-02 -3.885911e-01  1.720160e-01
-4.75862e+00 -1.86207e+00       2.926e+11  8.808424e-01  4.861856e-02 -3.533450e-01  1.191576e-01
-4.34483e+00 -1.86207e+00       2.277e+11  8.741254e-01  6.000331e-02 -3.494464e-01  1.258746e-01
-3.93103e+00 -1.86207e+00       2.360e+11  9.025064e-01  2.897452e-02 -2.527785e-01  9.749359e-02
-3.51724e+00 -1.86207e+00       5.653e+11  9.738518e-01  9.795056e-03 -1.281789e-01  2.614823e-02
-3.10345e+00 -1.86207e+00       1.377e+12  9.920203e-01  1.301401e-02 -9.690198e-02  7.979719e-03
-2.68966e+00 -1.86207e+00       2.016e+12  9.950061e-01  1.684244e-02 -8.537675e-02  4.993853e-03
-2.27586e+00 -1.86207e+00       1.711e+12  9.952724e-01  2.315934e-02 -7.702227e-02  4.727645e-03
-1.86207e+00 -1.86207e+00       1.106e+12  9.933178e-01  3.738957e-02 -7.292735e-02  6.682200e-03
-1.44828e+00 -1.86207e+00       1.073e+12  9.916486e-01  4.230389e-02 -7.687788e-02  8.351398e-03
-1.03448e+00 -1.86207e+00       1.377e+12  9.929781e-01  2.406451e-02 -7.387277e-02  7.021897e-03
-6.20690e-01 -1.86207e+00       1.429e+12  9.943929e-01  9.880507e-04 -5.265962e-02  5.607104e-03
-2.06897e-01 -1.86207e+00       1.230e+12  9.945655e-01 -1.688641e-02 -3.792441e-03  5.434465e-03
 2.06897e-01 -1.86207e+00       1.115e+12  9.925710e-01 -1.993561e-02  6.508591e-02  7.428990e-03
 6.20690e-01 -1.86207e+00       1.088e+12  9.890132e-01 -8.566757e-03  1.175049e-01  1.098680e-02
 1.03448e+00 -1.86207e+00       9.002e+11  9.846883e-01  6.563269e-03  1.433434e-01  1.531165e-02
 1.44828e+00 -1.86207e+00       6.451e+11  9.813760e-01  1.007712e-02  1.392825e-01  1.862397e-02
 1.86207e+00 -1.86207e+00       8.394e+11  9.881091e-01 -9.539889e-03  9.870045e-02  1.189090e-02
 2.27586e+00 -1.86207e+00       1.639e+12  9.936928e-01 -1.780940e-02  8.430559e-02  6.307213e-03
 2.68966e+00 -1.86207e+00       2.134e+12  9.947715e-01 -2.041709e-02  8.519053e-02  5.228482e-03
 3.10345e+00 -1.86207e+00       1.578e+12  9.931387e-01 -2.331825e-02  9.333919e-02  6.861327e-03
 3.51724e+00 -1.86207e+00       7.216e+11  9.821802e-01 -2.631779e-02  1.259010e-01  1.781976e-02
 3.93103e+00 -1.86207e+00       3.159e+11  9.423815e-01 -7.472375e-03  2.279183e-01  5.761855e-02
 4.34483e+00 -1.86207e+00       2.646e+11  9.135450e-01  4.219814e-02  3.154252e-01  8.645500e-02
 4.75862e+00 -1.86207e+00       3.278e+11  9.114912e-01  4.765992e-02  3.402741e-01  8.850877e-02
 5.17241e+00 -1.86207e+00       3.458e+11  8.758212e-01  3.237246e-02  3.793351e-01  1.241788e-01
 5.58621e+00 -1.86207e+00       2.703e+11  7.494594e-01  1.572466e-02  4.779880e-01  2.505406e-01
 6.00000e+00 -1.86207e+00       1.921e+11  4.507428e-01 -1.400376e-02  6.561771e-01  5.492572e-01
-6.00000e+00 -1.44828e+00       1.660e+11  6.324779e-01 -1.814300e-02 -4.909347e-01  3.675221e-01
-5.58621e+00 -1.44828e+00       2.619e+11  7.983667e-01  2.993620e-02 -4.151182e-01  2.016333e-01
-5.17241e+00 -1.44828e+00       2.974e+11  8.722912e-01  6.118893e-02 -3.505111e-01  1.277088e-01
-4.75862e+00 -1.44828e+00       2.436e+11  8.980500e-01  7.268754e-02 -3.154765e-01  1.019500e-01
-4.34483e+00 -1.44828e+00       1.991e+11  9.043422e-01  4.977472e-02 -2.830143e-01  9.565779e-02
-3.93103e+00 -1.44828e+00       3.511e+11  9.581896e-01  1.597846e-02 -1.759051e-01  4.181044e-02
-3.51724e+00 -1.44828e+00       9.684e+11  9.866038e-01  1.262042e-02 -1.298534e-01  1.339623e-02
-3.10345e+00 -1.44828e+00       1.807e+12  9.916888e-01  1.466255e-02 -1.191286e-01  8.311176e-03
-2.68966e+00 -1.44828e+00       1.941e+12  9.925605e-01  1.754718e-02 -1.142508e-01  7.439486e-03
-2.27586e+00 -1.44828e+00       1.446e+12  9.918061e-01  2.371706e-02 -1.132252e-01  8.193876e-03
-1.86207e+00 -1.44828e+00       1.472e+12  9.911954e-01  2.524383e-02 -1.096701e-01  8.804581e-03
-1.44828e+00 -1.44828e+00       2.996e+12  9.942446e-01  1.692255e-02 -8.554460e-02  5.755423e-03
-1.03448e+00 -1.44828e+00       7.529e+12  9.970839e-01  9.999994e-03 -5.908901e-02  2.916054e-03
-6.20690e-01 -1.44828e+00       1.542e+13  9.984596e-01  3.999089e-03 -3.776807e-02  1.540427e-03
-2.06897e-01 -1.44828e+00       2.218e+13  9.990939e-01 -9.533342e-04 -1.678516e-02  9.061198e-04
 2.06897e-01 -1.44828e+00       2.186e+13  9.992374e-01 -4.293489e-03  4.823500e-03  7.626050e-04
 6.20690e-01 -1.44828e+00       1.468e+13  9.988556e-01 -6.063333e-03  2.634513e-02  1.144357e-03
 1.03448e+00 -1.44828e+00       6.712e+12  9.974918e-01 -6.619148e-03  5.025703e-02  2.508191e-03
 1.44828e+00 -1.44828e+00       2.268e+12  9.933628e-01 -5.907253e-03  8.684688e-02  6.637195e-03
 1.86207e+00 -1.44828e+00       9.073e+11  9.866275e-01 -5.886596e-03  1.298976e-01  1.337249e-02
 2.27586e+00 -1.44828e+00       1.114e+12  9.895402e-01 -1.198190e-02  1.200129e-01  1.045985e-02
 2.68966e+00 -1.44828e+00       1.862e+12  9.923816e-01 -1.489086e-02  1.112643e-01  7.618444e-03
 3.10345e+00 -1.44828e+00       1.923e+12  9.926085e-01 -1.673540e-02  1.117880e-01  7.391500e-03
 3.51724e+00 -1.44828e+00       1.131e+12  9.896826e-01 -1.890905e-02  1.212825e-01  1.031741e-02
 3.93103e+00 -1.44828e+00       4.572e+11  9.736716e-01 -1.508882e-02  1.646479e-01  2.632843e-02
 4.34483e+00 -1.44828e+00       2.518e+11  9.397172e-01  2.333025e-02  2.574035e-01  6.028281e-02
 4.75862e+00 -1.44828e+00       2.877e+11  9.281403e-01  4.991824e-02  3.036951e-01  7.185967e-02
 5.17241e+00 -1.44828e+00       3.395e+11  9.092819e-01  4.053868e-02  3.392580e-01  9.071806e-02
 5.58621e+00 -1.44828e+00       2.968e+11  8.521091e-01  3.171079e-02  4.103658e-01  1.478909e-01
 6.00000e+00 -1.44828e+00       2.113e+11  7.365014e-01  3.180763e-02  5.239085e-01  2.634986e-01
-6.00000e+00 -1.03448e+00       1.565e+11  7.470572e-01 -3.469648e-03 -4.262717e-01  2.529428e-01
-5.58621e+00 -1.03448e+00       2.197e+11  8.898527e-01  8.376107e-03 -2.823330e-01  1.101473e-01
-5.17241e+00 -1.03448e+00       2.383e+11  9.378747e-01  1.135545e-02 -2.408944e-01  6.212534e-02
-4.75862e+00 -1.03448e+00       2.023e+11  9.438142e-01  2.345251e-02 -2.418564e-01  5.618582e-02
-4.34483e+00 -1.03448e+00       2.127e+11  9.520603e-01  2.288968e-02 -2.021868e-01  4.793968e-02
-3.93103e+00 -1.03448e+00       5.142e+11  9.822283e-01  1.066490e-02 -1.341554e-01  1.777167e-02
-3.51724e+00 -1.03448e+00       1.286e+12  9.914728e-01  1.040204e-02 -1.168660e-01  8.527225e-03
-3.10345e+00 -1.03448e+00       1.932e+12  9.930387e-01  1.174264e-02 -1.126792e-01  6.961297e-03
-2.68966e+00 -1.03448e+00       1.782e+12  9.929872e-01  1.389674e-02 -1.119884e-01  7.012776e-03
-2.27586e+00 -1.03448e+00       1.803e+12  9.928883e-01  1.414634e-02 -1.087909e-01  7.111727e-03
-1.86207e+00 -1.03448e+00       4.473e+12  9.949174e-01  6.600355e-03 -9.194109e-02  5.082578e-03
-1.44828e+00 -1.03448e+00       1.392e+13  9.965944e-01  1.563344e-04 -7.585051e-02  3.405617e-03
-1.03448e+00 -1.03448e+00       3.258e+13  9.977037e-01 -4.580623e-03 -5.995142e-02  2.296284e-03
-6.20690e-01 -1.03448e+00       5.434e+13  9.985868e-01 -8.010278e-03 -4.067138e-02  1.413185e-03
-2.06897e-01 -1.03448e+00       6.817e+13  9.991791e-01 -1.020390e-02 -1.758818e-02  8.208831e-04
 2.06897e-01 -1.03448e+00       6.777e+13  9.993113e-01 -1.156236e-02  6.962494e-03  6.887469e-04
 6.20690e-01 -1.03448e+00       5.318e+13  9.989766e-01 -1.257298e-02  2.949212e-02  1.023403e-03
 1.03448e+00 -1.03448e+00       3.105e+13  9.983233e-01 -1.341886e-02  4.816303e-02  1.676692e-03
 1.44828e+00 -1.03448e+00       1.258e+13  9.973512e-01 -1.397475e-02  6.419091e-02  2.648790e-03
 1.86207e+00 -1.03448e+00       3.547e+12  9.953777e-01 -1.369879e-02  8.306604e-02  4.622345e-03
 2.27586e+00 -1.03448e+00       1.236e+12  9.921943e-01 -1.156161e-02  1.062196e-01  7.805698e-03
 2.68966e+00 -1.03448e+00       1.527e+12  9.934100e-01 -1.137213e-02  1.032534e-01  6.589953e-03
 3.10345e+00 -1.03448e+00       1.942e+12  9.942529e-01 -1.241062e-02  1.004665e-01  5.747053e-03
 3.51724e+00 -1.03448e+00       1.427e+12  9.936375e-01 -1.356723e-02  1.030861e-01  6.362496e-03
 3.93103e+00 -1.03448e+00       6.380e+11  9.886410e-01 -1.237328e-02  1.201893e-01  1.135896e-02
 4.34483e+00 -1.03448e+00       2.749e+11  9.724548e-01  6.306350e-03  1.736841e-01  2.754524e-02
 4.75862e+00 -1.03448e+00       2.324e+11  9.632213e-01  2.825289e-02  2.146773e-01  3.677866e-02
 5.17241e+00 -1.03448e+00       2.689e+11  9.577977e-01  2.522643e-02  2.322769e-01  4.220233e-02
 5.58621e+00 -1.03448e+00       2.431e+11  9.265699e-01  1.888270e-02  2.712659e-01  7.343014e-02
 6.00000e+00 -1.03448e+00       1.579e+11  8.165942e-01  8.999883e-04  3.840680e-01  1.834058e-01
-6.00000e+00 -6.20690e-01       1.665e+11  8.952117e-01 -6.848106e-03 -2.859845e-01  1.047883e-01
-5.58621e+00 -6.20690e-01       2.252e+11  9.475514e-01  3.488761e-02 -1.982649e-01  5.244862e-02
-5.17241e+00 -6.20690e-01       2.206e+11  9.689329e-01  3.522441e-02 -1.580609e-01  3.106710e-02
-4.75862e+00 -6.20690e-01       1.769e+11  9.734511e-01  2.113282e-02 -1.518930e-01  2.654887e-02
-4.34483e+00 -6.20690e-01       2.344e+11  9.822749e-01  7.440441e-03 -1.221294e-01  1.772515e-02
-3.93103e+00 -6.20690e-01       6.533e+11  9.933427e-01  6.396011e-03 -9.058484e-02  6.657337e-03
-3.51724e+00 -6.20690e-01       1.469e+12  9.959031e-01  7.650322e-03 -8.367167e-02  4.096941e-03
-3.10345e+00 -6.20690e-01       1.933e+12  9.962282e-01  8.258938e-03 -8.278220e-02  3.771824e-03
-2.68966e+00 -6.20690e-01       1.806e+12  9.960037e-01  7.854078e-03 -8.397742e-02  3.996325e-03
-2.27586e+00 -6.20690e-01       2.989e+12  9.965737e-01  2.891428e-03 -7.722094e-02  3.426264e-03
-1.86207e+00 -6.20690e-01       9.618e+12  9.975443e-01 -1.942298e-03 -6.635786e-02  2.455716e-03
-1.44828e+00 -6.20690e-01       2.592e+13  9.981519e-01 -4.840027e-03 -5.731770e-02  1.848075e-03
-1.03448e+00 -6.20690e-01       4.812e+13  9.986732e-01 -6.732107e-03 -4.678992e-02  1.326771e-03
-6.20690e-01 -6.20690e-01       6.468e+13  9.991723e-01 -7.680049e-03 -3.279669e-02  8.277029e-04
-2.06897e-01 -6.20690e-01       7.101e+13  9.995521e-01 -7.898710e-03 -1.468325e-02  4.478609e-04
 2.06897e-01 -6.20690e-01       7.103e+13  9.996566e-01 -8.067422e-03  5.223621e-03  3.433526e-04
 6.20690e-01 -6.20690e-01       6.434e+13  9.994770e-01 -8.721051e-03  2.249927e-02  5.230461e-04
 1.03448e+00 -6.20690e-01       4.698e+13  9.991571e-01 -9.698756e-03  3.533347e-02  8.428572e-04
 1.44828e+00 -6.20690e-01       2.438e+13  9.987868e-01 -1.062372e-02  4.479714e-02  1.213204e-03
 1.86207e+00 -6.20690e-01       8.371e+12  9.982708e-01 -1.119039e-02  5.324627e-02  1.729199e-03
 2.27586e+00 -6.20690e-01       2.210e+12  9.971974e-01 -1.052042e-02  6.454298e-02  2.802593e-03
 2.68966e+00 -6.20690e-01       1.411e+12  9.968641e-01 -8.249082e-03  6.871723e-02  3.135899e-03
 3.10345e+00 -6.20690e-01       1.850e+12  9.974462e-01 -8.232086e-03  6.563311e-02  2.553798e-03
 3.51724e+00 -6.20690e-01       1.574e+12  9.974401e-01 -8.589027e-03  6.599918e-02  2.559864e-03
 3.93103e+00 -6.20690e-01       7.798e+11  9.962337e-01 -7.960760e-03  7.248681e-02  3.766251e-03
 4.34483e+00 -6.20690e-01       3.073e+11  9.910552e-01  4.108428e-04  9.809455e-02  8.944790e-03
 4.75862e+00 -6.20690e-01       2.228e+11  9.851060e-01  2.008381e-02  1.318084e-01  1.489397e-02
 5.17241e+00 -6.20690e-01       2.735e+11  9.816214e-01  2.372543e-02  1.501922e-01  1.837861e-02
 5.58621e+00 -6.20690e-01       2.659e+11  9.696690e-01  1.641844e-02  1.824743e-01  3.033095e-02
 6.00000e+00 -6.20690e-01       1.817e+11  9.371864e-01  2.124430e-03  2.497905e-01  6.281358e-02
-6.00000e+00 -2.06897e-01       1.615e+11  9.857092e-01 -8.133980e-03 -1.072268e-01  1.429080e-02
-5.58621e+00 -2.06897e-01       2.265e+11  9.924771e-01  8.948985e-03 -7.915711e-02  7.522927e-03
-5.17241e+00 -2.06897e-01       2.195e+11  9.952097e-01  1.001765e-02 -6.445380e-02  4.790252e-03
-4.75862e+00 -2.06897e-01       1.736e+11  9.955686e-01  3.579851e-03 -6.004149e-02  4.431449e-03
-4.34483e+00 -2.06897e-01       2.537e+11  9.970310e-01 -9.143472e-04 -4.812651e-02  2.968991e-03
-3.93103e+00 -2.06897e-01       7.296e+11  9.987237e-01  1.888539e-03 -3.867806e-02  1.276267e-03
-3.51724e+00 -2.06897e-01       1.547e+12  9.990906e-01  3.383141e-03 -3.697802e-02  9.094428e-04
-3.10345e+00 -2.06897e-01       1.925e+12  9.990423e-01  3.321503e-03 -3.828008e-02  9.577052e-04
-2.68966e+00 -2.06897e-01       1.924e+12  9.989203e-01  5.022304e-04 -4.047460e-02  1.079684e-03
-2.27586e+00 -2.06897e-01       4.038e+12  9.992403e-01 -4.087290e-03 -3.491697e-02  7.597321e-04
-1.86207e+00 -2.06897e-01       1.297e+13  9.994923e-01 -5.364853e-03 -2.929358e-02  5.076798e-04
-1.44828e+00 -2.06897e-01       3.111e+13  9.996144e-01 -5.685869e-03 -2.544061e-02  3.855579e-04
-1.03448e+00 -2.06897e-01       5.026e+13  9.997163e-01 -5.704282e-03 -2.127366e-02  2.837391e-04
-6.20690e-01 -2.06897e-01       5.898e+13  9.998168e-01 -5.476515e-03 -1.585411e-02  1.832359e-04
-2.06897e-01 -2.06897e-01       5.897e+13  9.999030e-01 -5.182092e-03 -8.657214e-03  9.703570e-05
 2.06897e-01 -2.06897e-01       5.925e+13  9.999444e-01 -5.157497e-03 -7.023971e-04  5.560168e-05
 6.20690e-01 -2.06897e-01       5.928e+13  9.999363e-01 -5.466530e-03  5.669390e-03  6.368613e-05
 1.03448e+00 -2.06897e-01       4.971e+13  9.999060e-01 -5.844970e-03  9.853025e-03  9.403232e-05
 1.44828e+00 -2.06897e-01       2.975e+13  9.998681e-01 -6.107456e-03  1.259235e-02  1.319085e-04
 1.86207e+00 -2.06897e-01       1.162e+13  9.998060e-01 -6.159255e-03  1.483589e-02  1.940283e-04
 2.27586e+00 -2.06897e-01       3.142e+12  9.996370e-01 -5.718946e-03  1.787043e-02  3.630080e-04
 2.68966e+00 -2.06897e-01       1.448e+12  9.995050e-01 -4.441255e-03  1.852337e-02  4.950131e-04
 3.10345e+00 -2.06897e-01       1.783e+12  9.996866e-01 -4.018532e-03  1.628577e-02  3.133902e-04
 3.51724e+00 -2.06897e-01       1.623e+12  9.997444e-01 -3.618086e-03  1.616992e-02  2.556256e-04
 3.93103e+00 -2.06897e-01       8.531e+11  9.996304e-01 -2.454035e-03  1.768671e-02  3.696049e-04
 4.34483e+00 -2.06897e-01       3.344e+11  9.990659e-01  1.512869e-03  2.302169e-02  9.341000e-04
 4.75862e+00 -2.06897e-01       2.266e+11  9.984474e-01  6.652063e-03  3.079653e-02  1.552622e-03
 5.17241e+00 -2.06897e-01       2.702e+11  9.983140e-01  4.901294e-03  3.777797e-02  1.685951e-03
 5.58621e+00 -2.06897e-01       2.629e+11  9.974512e-01  8.488730e-04  4.822605e-02  2.548834e-03
 6.00000e+00 -2.06897e-01       1.861e+11  9.949879e-01 -4.003541e-03  6.387049e-02  5.012100e-03
-6.00000e+00  2.06897e-01       1.612e+11  9.892473e-01 -2.366734e-03  7.161987e-02  1.075273e-02
-5.58621e+00  2.06897e-01       2.264e+11  9.944392e-01 -1.567660e-02  5.787841e-02  5.560807e-03
-5.17241e+00  2.06897e-01       2.191e+11  9.965218e-01 -2.330322e-02  4.618627e-02  3.478167e-03
-4.75862e+00  2.06897e-01       1.730e+11  9.973098e-01 -2.500075e-02  3.810225e-02  2.690226e-03
-4.34483e+00  2.06897e-01       2.536e+11  9.986719e-01 -1.220442e-02  2.423975e-02  1.328080e-03
-3.93103e+00  2.06897e-01       7.317e+11  9.995450e-01 -3.525537e-03  1.652949e-02  4.550021e-04
-3.51724e+00  2.06897e-01       1.553e+12  9.996957e-01 -1.450355e-03  1.462141e-02  3.042829e-04
-3.10345e+00  2.06897e-01       1.936e+12  9.996918e-01 -1.932624e-03  1.188965e-02  3.082174e-04
-2.68966e+00  2.06897e-01       1.941e+12  9.996820e-01 -6.171524e-03  8.404752e-03  3.180272e-04
-2.27586e+00  2.06897e-01       4.060e+12  9.997751e-01 -9.371546e-03  1.088198e-02  2.249454e-04
-1.86207e+00  2.06897e-01       1.299e+13  9.998398e-01 -7.633919e-03  1.242932e-02  1.601770e-04
-1.44828e+00  2.06897e-01       3.111e+13  9.998811e-01 -5.697646e-03  1.152781e-02  1.188738e-04
-1.03448e+00  2.06897e-01       5.024e+13  9.999188e-01 -4.204905e-03  9.217866e-03  8.121022e-05
-6.20690e-01  2.06897e-01       5.896e+13  9.999491e-01 -3.330265e-03  5.211296e-03  5.086854e-05
-2.06897e-01  2.06897e-01       5.897e+13  9.999539e-01 -3.195132e-03 -1.063253e-03  4.605415e-05
 2.06897e-01  2.06897e-01       5.927e+13  9.999110e-01 -3.383008e-03 -8.819465e-03  8.898891e-05
 6.20690e-01  2.06897e-01       5.934e+13  9.998300e-01 -3.185375e-03 -1.570560e-02  1.699805e-04
 1.03448e+00  2.06897e-01       4.978e+13  9.997369e-01 -2.534239e-03 -2.088690e-02  2.630807e-04
 1.44828e+00  2.06897e-01       2.980e+13  9.996411e-01 -1.669257e-03 -2.489680e-02  3.589205e-04
 1.86207e+00  2.06897e-01       1.164e+13  9.995386e-01 -6.917526e-04 -2.822322e-02  4.614233e-04
 2.27586e+00  2.06897e-01       3.155e+12  9.993856e-01  3.990422e-04 -3.159457e-02  6.144400e-04
 2.68966e+00  2.06897e-01       1.453e+12  9.991442e-01  3.752382e-04 -3.674812e-02  8.558215e-04
 3.10345e+00  2.06897e-01       1.783e+12  9.991562e-01  2.712620e-04 -3.799240e-02  8.437933e-04
 3.51724e+00  2.06897e-01       1.622e+12  9.991619e-01  1.357001e-03 -3.798709e-02  8.380684e-04
 3.93103e+00  2.06897e-01       8.530e+11  9.988892e-01  3.296981e-03 -4.019532e-02  1.110760e-03
 4.34483e+00  2.06897e-01       3.354e+11  9.975126e-01  3.233810e-03 -5.319420e-02  2.487443e-03
 4.75862e+00  2.06897e-01       2.279e+11  9.956465e-01 -8.419168e-03 -7.529029e-02  4.353550e-03
 5.17241e+00  2.06897e-01       2.714e+11  9.950122e-01 -1.438216e-02 -8.176918e-02  4.987829e-03
 5.58621e+00  2.06897e-01       2.640e+11  9.925598e-01 -1.290218e-02 -9.385804e-02  7.440153e-03
 6.00000e+00  2.06897e-01       1.873e+11  9.863067e-01 -1.220627e-02 -1.246646e-01  1.369335e-02
-6.00000e+00  6.20690e-01       1.647e+11  9.105001e-01 -9.537189e-03  2.519642e-01  8.949988e-02
-5.58621e+00  6.20690e-01       2.235e+11  9.544897e-01 -4.605569e-02  1.766664e-01  4.551031e-02
-5.17241e+00  6.20690e-01       2.182e+11  9.725693e-01 -5.011343e-02  1.386413e-01  2.743072e-02
-4.75862e+00  6.20690e-01       1.737e+11  9.777299e-01 -4.324089e-02  1.300022e-01  2.227011e-02
-4.34483e+00  6.20690e-01       2.325e+11  9.868986e-01 -2.335023e-02  9.907130e-02  1.310140e-02
-3.93103e+00  6.20690e-01       6.574e+11  9.957278e-01 -9.692712e-03  6.913121e-02  4.272246e-03
-3.51724e+00  6.20690e-01       1.484e+12  9.975527e-01 -6.530082e-03  6.244927e-02  2.447284e-03
-3.10345e+00  6.20690e-01       1.963e+12  9.979104e-01 -6.941444e-03  5.853300e-02  2.089638e-03
-2.68966e+00  6.20690e-01       1.855e+12  9.980215e-01 -1.157731e-02  5.373780e-02  1.978541e-03
-2.27586e+00  6.20690e-01       3.055e+12  9.981558e-01 -1.522809e-02  5.183844e-02  1.844186e-03
-1.86207e+00  6.20690e-01       9.678e+12  9.985232e-01 -1.110310e-02  4.892755e-02  1.476799e-03
-1.44828e+00  6.20690e-01       2.594e+13  9.988805e-01 -6.827069e-03  4.316189e-02  1.119491e-03
-1.03448e+00  6.20690e-01       4.808e+13  9.992191e-01 -3.565291e-03  3.455470e-02  7.808521e-04
-6.20690e-01  6.20690e-01       6.464e+13  9.995267e-01 -1.523141e-03  2.192602e-02  4.732989e-04
-2.06897e-01  6.20690e-01       7.103e+13  9.996951e-01 -7.067379e-04  4.641604e-03  3.048733e-04
 2.06897e-01  6.20690e-01       7.115e+13  9.995840e-01 -3.898449e-04 -1.507687e-02  4.159500e-04
 6.20690e-01  6.20690e-01       6.454e+13  9.992066e-01  3.552064e-04 -3.279194e-02  7.934198e-04
 1.03448e+00  6.20690e-01       4.716e+13  9.987059e-01  1.649497e-03 -4.656405e-02  1.294142e-03
 1.44828e+00  6.20690e-01       2.449e+13  9.981704e-01  3.186070e-03 -5.724341e-02  1.829635e-03
 1.86207e+00  6.20690e-01       8.428e+12  9.975662e-01  4.835537e-03 -6.656533e-02  2.433838e-03
 2.27586e+00  6.20690e-01       2.243e+12  9.965900e-01  6.204100e-03 -7.807456e-02  3.410043e-03
 2.68966e+00  6.20690e-01       1.425e+12  9.958004e-01  4.424666e-03 -8.736059e-02  4.199585e-03
 3.10345e+00  6.20690e-01       1.853e+12  9.960052e-01  4.331559e-03 -8.639987e-02  3.994788e-03
 3.51724e+00  6.20690e-01       1.575e+12  9.958730e-01  6.149185e-03 -8.662066e-02  4.127034e-03
 3.93103e+00  6.20690e-01       7.817e+11  9.941316e-01  8.600523e-03 -9.404201e-02  5.868357e-03
 4.34483e+00  6.20690e-01       3.106e+11  9.864107e-01  3.158732e-03 -1.283816e-01  1.358925e-02
 4.75862e+00  6.20690e-01       2.271e+11  9.772066e-01 -2.142513e-02 -1.762864e-01  2.279340e-02
 5.17241e+00  6.20690e-01       2.786e+11  9.727812e-01 -2.768657e-02 -1.931414e-01  2.721876e-02
 5.58621e+00  6.20690e-01       2.706e+11  9.571317e-01 -2.011445e-02 -2.237345e-01  4.286828e-02
 6.00000e+00  6.20690e-01       1.855e+11  9.144968e-01 -6.522277e-03 -3.004467e-01  8.550324e-02
-6.00000e+00  1.03448e+00       1.533e+11  7.685392e-01 -2.144910e-02  3.945721e-01  2.314608e-01
-5.58621e+00  1.03448e+00       2.172e+11  8.973676e-01 -2.192673e-02  2.585996e-01  1.026324e-01
-5.17241e+00  1.03448e+00       2.353e+11  9.411378e-01 -2.087274e-02  2.219543e-01  5.886221e-02
-4.75862e+00  1.03448e+00       1.983e+11  9.479999e-01 -3.777663e-02  2.254316e-01  5.200009e-02
-4.34483e+00  1.03448e+00       2.096e+11  9.586218e-01 -3.954742e-02  1.837788e-01  4.137816e-02
-3.93103e+00  1.03448e+00       5.196e+11  9.861890e-01 -1.713055e-02  1.142108e-01  1.381105e-02
-3.51724e+00  1.03448e+00       1.311e+12  9.938014e-01 -1.125943e-02  9.749426e-02  6.198592e-03
-3.10345e+00  1.03448e+00       1.984e+12  9.951399e-01 -1.134484e-02  9.180429e-02  4.860051e-03
-2.68966e+00  1.03448e+00       1.866e+12  9.954172e-01 -1.555260e-02  8.636492e-02  4.582761e-03
-2.27586e+00  1.03448e+00       1.921e+12  9.952898e-01 -2.245865e-02  8.197952e-02  4.710156e-03
-1.86207e+00  1.03448e+00       4.601e+12  9.963391e-01 -1.876237e-02  7.301406e-02  3.660853e-03
-1.44828e+00  1.03448e+00       1.400e+13  9.975873e-01 -1.203607e-02  6.068648e-02  2.412671e-03
-1.03448e+00  1.03448e+00       3.263e+13  9.984420e-01 -6.360266e-03  4.684484e-02  1.558009e-03
-6.20690e-01  1.03448e+00       5.442e+13  9.990655e-01 -1.944711e-03  2.903409e-02  9.344754e-04
-2.06897e-01  1.03448e+00       6.836e+13  9.993826e-01  1.037416e-03  6.805992e-03  6.174070e-04
 2.06897e-01  1.03448e+00       6.804e+13  9.992335e-01  2.938831e-03 -1.755387e-02  7.664972e-04
 6.20690e-01  1.03448e+00       5.343e+13  9.986196e-01  4.380235e-03 -4.052860e-02  1.380426e-03
 1.03448e+00  1.03448e+00       3.119e+13  9.976943e-01  5.728676e-03 -6.016006e-02  2.305709e-03
 1.44828e+00  1.03448e+00       1.266e+13  9.965065e-01  7.162358e-03 -7.726778e-02  3.493481e-03
 1.86207e+00  1.03448e+00       3.626e+12  9.946104e-01  9.017029e-03 -9.612342e-02  5.389581e-03
 2.27586e+00  1.03448e+00       1.286e+12  9.916216e-01  9.463171e-03 -1.197799e-01  8.378374e-03
 2.68966e+00  1.03448e+00       1.543e+12  9.918363e-01  7.235512e-03 -1.214538e-01  8.163653e-03
 3.10345e+00  1.03448e+00       1.945e+12  9.923637e-01  8.343647e-03 -1.189996e-01  7.636326e-03
 3.51724e+00  1.03448e+00       1.429e+12  9.915107e-01  1.106667e-02 -1.215717e-01  8.489263e-03
 3.93103e+00  1.03448e+00       6.427e+11  9.852331e-01  1.265641e-02 -1.410526e-01  1.476695e-02
 4.34483e+00  1.03448e+00       2.804e+11  9.645485e-01 -6.219518e-03 -2.050459e-01  3.545146e-02
 4.75862e+00  1.03448e+00       2.365e+11  9.508658e-01 -3.558922e-02 -2.565823e-01  4.913420e-02
 5.17241e+00  1.03448e+00       2.731e+11  9.430322e-01 -3.181098e-02 -2.751714e-01  5.696778e-02
 5.58621e+00  1.03448e+00       2.479e+11  9.059632e-01 -2.315204e-02 -3.137996e-01  9.403682e-02
 6.00000e+00  1.03448e+00       1.622e+11  7.816717e-01 -1.029068e-02 -4.275105e-01  2.183283e-01
-6.00000e+00  1.44828e+00       1.656e+11  6.346075e-01  9.857059e-03  4.756423e-01  3.653925e-01
-5.58621e+00  1.44828e+00       2.620e+11  8.006912e-01 -3.017320e-02  4.056463e-01  1.993088e-01
-5.17241e+00  1.44828e+00       2.951e+11  8.742353e-01 -6.322916e-02  3.430467e-01  1.257647e-01
-4.75862e+00  1.44828e+00       2.385e+11  9.004186e-01 -8.323065e-02  3.061654e-01  9.958142e-02
-4.34483e+00  1.44828e+00       1.933e+11  9.097844e-01 -6.761101e-02  2.696659e-01  9.021557e-02
-3.93103e+00  1.44828e+00       3.521e+11  9.636511e-01 -2.596644e-02  1.582001e-01  3.634889e-02
-3.51724e+00  1.44828e+00       9.895e+11  9.892376e-01 -1.452442e-02  1.131209e-01  1.076245e-02
-3.10345e+00  1.44828e+00       1.859e+12  9.935588e-01 -1.404147e-02  1.025404e-01  6.441234e-03
-2.68966e+00  1.44828e+00       2.033e+12  9.943659e-01 -1.725056e-02  9.591590e-02  5.634131e-03
-2.27586e+00  1.44828e+00       1.594e+12  9.937210e-01 -2.579066e-02  9.279613e-02  6.278976e-03
-1.86207e+00  1.44828e+00       1.682e+12  9.925482e-01 -2.987905e-02  9.297804e-02  7.451784e-03
-1.44828e+00  1.44828e+00       3.217e+12  9.948075e-01 -2.435383e-02  7.077083e-02  5.192536e-03
-1.03448e+00  1.44828e+00       7.662e+12  9.975945e-01 -1.988959e-02  4.222223e-02  2.405499e-03
-6.20690e-01  1.44828e+00       1.544e+13  9.988459e-01 -1.459723e-02  2.115803e-02  1.154135e-03
-2.06897e-01  1.44828e+00       2.213e+13  9.992041e-01 -9.290282e-03  1.218901e-03  7.959419e-04
 2.06897e-01  1.44828e+00       2.178e+13  9.990086e-01 -5.283428e-03 -2.006869e-02  9.913755e-04
 6.20690e-01  1.44828e+00       1.462e+13  9.982638e-01 -2.548898e-03 -4.228136e-02  1.736165e-03
 1.03448e+00  1.44828e+00       6.779e+12  9.966329e-01  2.324983e-04 -6.716994e-02  3.367080e-03
 1.44828e+00  1.44828e+00       2.426e+12  9.929622e-01  5.198577e-03 -1.013648e-01  7.037797e-03
 1.86207e+00  1.44828e+00       1.031e+12  9.876541e-01  1.058443e-02 -1.378808e-01  1.234586e-02
 2.27586e+00  1.44828e+00       1.162e+12  9.886867e-01  9.777797e-03 -1.354392e-01  1.131334e-02
 2.68966e+00  1.44828e+00       1.874e+12  9.907931e-01  1.009704e-02 -1.273516e-01  9.206882e-03
 3.10345e+00  1.44828e+00       1.926e+12  9.908772e-01  1.258172e-02 -1.271523e-01  9.122798e-03
 3.51724e+00  1.44828e+00       1.134e+12  9.874557e-01  1.626012e-02 -1.370405e-01  1.254427e-02
 3.93103e+00  1.44828e+00       4.642e+11  9.688175e-01  1.429755e-02 -1.856172e-01  3.118249e-02
 4.34483e+00  1.44828e+00       2.602e+11  9.297946e-01 -2.490231e-02 -2.900312e-01  7.020542e-02
 4.75862e+00  1.44828e+00       2.959e+11  9.159666e-01 -5.625267e-02 -3.375588e-01  8.403344e-02
 5.17241e+00  1.44828e+00       3.469e+11  8.939133e-01 -5.026197e-02 -3.693538e-01  1.060867e-01
 5.58621e+00  1.44828e+00       3.024e+11  8.275847e-01 -4.563748e-02 -4.418583e-01  1.724153e-01
 6.00000e+00  1.44828e+00       2.166e+11  6.995009e-01 -5.316019e-02 -5.610406e-01  3.004991e-01
-6.00000e+00  1.86207e+00       2.187e+11  3.888571e-01  6.024099e-02  6.895923e-01  6.111429e-01
-5.58621e+00  1.86207e+00       2.638e+11  6.754718e-01 -5.899927e-03  4.872686e-01  3.245282e-01
-5.17241e+00  1.86207e+00       3.134e+11  8.301118e-01 -2.738298e-02  3.764500e-01  1.698882e-01
-4.75862e+00  1.86207e+00       2.873e+11  8.811895e-01 -4.988267e-02  3.455679e-01  1.188105e-01
-4.34483e+00  1.86207e+00       2.195e+11  8.756372e-01 -7.047043e-02  3.433519e-01  1.243628e-01
-3.93103e+00  1.86207e+00       2.311e+11  9.077247e-01 -4.549390e-02  2.396068e-01  9.227533e-02
-3.51724e+00  1.86207e+00       5.786e+11  9.770557e-01 -1.778813e-02  1.132350e-01  2.294431e-02
-3.10345e+00  1.86207e+00       1.426e+12  9.934000e-01 -1.600453e-02  8.310743e-02  6.599961e-03
-2.68966e+00  1.86207e+00       2.110e+12  9.959371e-01 -1.892914e-02  7.168436e-02  4.062942e-03
-2.27586e+00  1.86207e+00       1.860e+12  9.959678e-01 -2.610073e-02  6.363649e-02  4.032170e-03
-1.86207e+00  1.86207e+00       1.332e+12  9.938166e-01 -3.913007e-02  6.542970e-02  6.183372e-03
-1.44828e+00  1.86207e+00       1.417e+12  9.918272e-01 -3.828897e-02  8.098394e-02  8.172831e-03
-1.03448e+00  1.86207e+00       1.858e+12  9.924234e-01 -1.668285e-02  8.427625e-02  7.576590e-03
-6.20690e-01  1.86207e+00       1.976e+12  9.934442e-01  1.099678e-02  6.633860e-02  6.555766e-03
-2.06897e-01  1.86207e+00       1.765e+12  9.940955e-01  3.490523e-02  2.173744e-02  5.904470e-03
 2.06897e-01  1.86207e+00       1.654e+12  9.939859e-01  4.069312e-02 -3.879622e-02  6.014128e-03
 6.20690e-01  1.86207e+00       1.628e+12  9.926778e-01  2.895266e-02 -8.504184e-02  7.322228e-03
 1.03448e+00  1.86207e+00       1.327e+12  9.898812e-01  1.414463e-02 -1.140504e-01  1.011884e-02
 1.44828e+00  1.86207e+00       8.734e+11  9.859567e-01  5.245662e-03 -1.310203e-01  1.404330e-02
 1.86207e+00  1.86207e+00       9.166e+11  9.881549e-01  7.365402e-03 -1.156403e-01  1.184512e-02
 2.27586e+00  1.86207e+00       1.648e+12  9.928418e-01  1.058947e-02 -9.855473e-02  7.158179e-03
 2.68966e+00  1.86207e+00       2.119e+12  9.939066e-01  1.360867e-02 -9.676347e-02  6.093354e-03
 3.10345e+00  1.86207e+00       1.564e+12  9.920505e-01  1.763169e-02 -1.043609e-01  7.949542e-03
 3.51724e+00  1.86207e+00       7.216e+11  9.796022e-01  2.160221e-02 -1.393327e-01  2.039784e-02
 3.93103e+00  1.86207e+00       3.241e+11  9.355326e-01  2.461756e-03 -2.500847e-01  6.446740e-02
 4.34483e+00  1.86207e+00       2.730e+11  9.032405e-01 -4.788412e-02 -3.436985e-01  9.675954e-02
 4.75862e+00  1.86207e+00       3.360e+11  8.987454e-01 -5.386705e-02 -3.689317e-01  1.012546e-01
 5.17241e+00  1.86207e+00       3.558e+11  8.587498e-01 -3.791924e-02 -4.082458e-01  1.412502e-01
 5.58621e+00  1.86207e+00       2.803e+11  7.257503e-01 -2.196739e-02 -5.070849e-01  2.742497e-01
 6.00000e+00  1.86207e+00       2.007e+11  4.293857e-01  7.254698e-03 -6.780282e-01  5.706143e-01
-6.00000e+00  2.27586e+00       2.242e+11  2.588047e-01  1.072586e-01  6.850445e-01  7.411953e-01
-5.58621e+00  2.27586e+00       2.887e+11  5.349499e-01 -4.676903e-03  5.802775e-01  4.650501e-01
-5.17241e+00  2.27586e+00       3.609e+11  7.333549e-01 -5.304858e-02  4.535560e-01  2.666451e-01
-4.75862e+00  2.27586e+00       3.513e+11  8.411037e-01 -6.291232e-02  3.730725e-01  1.588963e-01
-4.34483e+00  2.27586e+00       2.775e+11  8.654034e-01 -7.136498e-02  3.602020e-01  1.345966e-01
-3.93103e+00  2.27586e+00       2.098e+11  8.485713e-01 -6.536826e-02  3.452776e-01  1.514287e-01
-3.51724e+00  2.27586e+00       2.690e+11  9.198112e-01 -2.546839e-02  1.612613e-01  8.018878e-02
-3.10345e+00  2.27586e+00       7.226e+11  9.856992e-01 -1.261871e-02  3.547864e-02  1.430079e-02
-2.68966e+00  2.27586e+00       1.606e+12  9.964322e-01 -1.707156e-02  3.882979e-03  3.567811e-03
-2.27586e+00  2.27586e+00       2.116e+12  9.971321e-01 -2.410822e-02 -1.361955e-02  2.867914e-03
-1.86207e+00  2.27586e+00       1.676e+12  9.954113e-01 -3.580034e-02 -2.515335e-02  4.588736e-03
-1.44828e+00  2.27586e+00       9.980e+11  9.908339e-01 -5.021254e-02 -2.086215e-02  9.166074e-03
-1.03448e+00  2.27586e+00       6.799e+11  9.840421e-01 -5.775716e-02 -1.277091e-02  1.595788e-02
-6.20690e-01  2.27586e+00       6.454e+11  9.795144e-01 -7.473217e-02 -3.898154e-02  2.048558e-02
-2.06897e-01  2.27586e+00       6.833e+11  9.775939e-01 -9.423148e-02 -6.947779e-02  2.240614e-02
 2.06897e-01  2.27586e+00       6.156e+11  9.743365e-01 -9.138178e-02 -9.199611e-02  2.566346e-02
 6.20690e-01  2.27586e+00       4.648e+11  9.687591e-01 -5.621428e-02 -1.154031e-01  3.124093e-02
 1.03448e+00  2.27586e+00       4.193e+11  9.701662e-01 -8.424365e-03 -1.075426e-01  2.983384e-02
 1.44828e+00  2.27586e+00       7.282e+11  9.860036e-01  5.067213e-03 -4.123149e-02  1.399643e-02
 1.86207e+00  2.27586e+00       1.521e+12  9.951231e-01  9.124292e-03 -1.062728e-02  4.876851e-03
 2.27586e+00  2.27586e+00       2.132e+12  9.974796e-01  1.390037e-02 -9.881507e-03  2.520427e-03
 2.68966e+00  2.27586e+00       1.741e+12  9.967319e-01  1.863890e-02 -2.173775e-02  3.268131e-03
 3.10345e+00  2.27586e+00       8.781e+11  9.881580e-01  2.465951e-02 -5.854514e-02  1.184199e-02
 3.51724e+00  2.27586e+00       3.857e+11  9.483686e-01  2.019695e-02 -1.784573e-01  5.163142e-02
 3.93103e+00  2.27586e+00       2.761e+11  8.971204e-01 -2.774390e-02 -3.244166e-01  1.028796e-01
 4.34483e+00  2.27586e+00       3.322e+11  8.914690e-01 -5.927106e-02 -3.696601e-01  1.085310e-01
 4.75862e+00  2.27586e+00       4.249e+11  8.710394e-01 -5.082645e-02 -4.079001e-01  1.289606e-01
 5.17241e+00  2.27586e+00       4.260e+11  7.876519e-01 -3.805512e-02 -4.894779e-01  2.123481e-01
 5.58621e+00  2.27586e+00       3.426e+11  6.277045e-01 -2.619501e-02 -6.293067e-01  3.722955e-01
 6.00000e+00  2.27586e+00       2.728e+11  4.244574e-01 -5.746882e-03 -7.497021e-01  5.755426e-01
-6.00000e+00  2.68966e+00       2.803e+11  5.466849e-02 -7.486845e-03  7.952656e-01  9.453315e-01
-5.58621e+00  2.68966e+00       2.913e+11  3.851719e-01 -1.714045e-02  6.796296e-01  6.148281e-01
-5.17241e+00  2.68966e+00       3.889e+11  6.454904e-01 -5.070014e-02  5.298504e-01  3.545096e-01
-4.75862e+00  2.68966e+00       4.300e+11  7.984748e-01 -6.188334e-02  4.098939e-01  2.015252e-01
-4.34483e+00  2.68966e+00       3.706e+11  8.663686e-01 -6.994754e-02  3.529182e-01  1.336314e-01
-3.93103e+00  2.68966e+00       2.768e+11  8.563544e-01 -7.358299e-02  3.606562e-01  1.436456e-01
-3.51724e+00  2.68966e+00       2.019e+11  8.280032e-01 -5.375116e-02  3.234935e-01  1.719968e-01
-3.10345e+00  2.68966e+00       2.386e+11  9.075979e-01 -4.028183e-03  6.928804e-02  9.240206e-02
-2.68966e+00  2.68966e+00       6.019e+11  9.747391e-01  1.376167e-03 -1.040140e-01  2.526095e-02
-2.27586e+00  2.68966e+00       1.356e+12  9.798100e-01 -1.137865e-02 -1.580265e-01  2.018995e-02
-1.86207e+00  2.68966e+00       1.888e+12  9.730509e-01 -2.598045e-02 -1.940762e-01  2.694908e-02
-1.44828e+00  2.68966e+00       1.558e+12  9.615446e-01 -4.726193e-02 -2.274454e-01  3.845535e-02
-1.03448e+00  2.68966e+00       8.644e+11  9.445273e-01 -8.183295e-02 -2.545503e-01  5.547271e-02
-6.20690e-01  2.68966e+00       5.014e+11  9.311906e-01 -1.303427e-01 -2.490811e-01  6.880936e-02
-2.06897e-01  2.68966e+00       4.109e+11  9.278694e-01 -1.625203e-01 -2.202903e-01  7.213062e-02
 2.06897e-01  2.68966e+00       3.584e+11  9.181697e-01 -1.575672e-01 -1.731932e-01  8.183027e-02
 6.20690e-01  2.68966e+00       4.057e+11  9.245286e-01 -8.205398e-02  1.052071e-02  7.547145e-02
 1.03448e+00  2.68966e+00       8.161e+11  9.548145e-01 -1.375102e-02  1.742783e-01  4.518549e-02
 1.44828e+00  2.68966e+00       1.569e+12  9.705242e-01  7.276466e-03  1.977529e-01  2.947581e-02
 1.86207e+00  2.68966e+00       1.957e+12  9.779269e-01  1.675350e-02  1.792163e-01  2.207312e-02
 2.27586e+00  2.68966e+00       1.484e+12  9.823636e-01  2.329254e-02  1.451114e-01  1.763636e-02
 2.68966e+00  2.68966e+00       7.476e+11  9.799242e-01  3.180246e-02  7.761806e-02  2.007577e-02
 3.10345e+00  2.68966e+00       3.627e+11  9.481558e-01  3.447583e-02 -9.197329e-02  5.184417e-02
 3.51724e+00  2.68966e+00       2.792e+11  9.001837e-01 -8.069688e-03 -2.778214e-01  9.981628e-02
 3.93103e+00  2.68966e+00       3.246e+11  8.952871e-01 -5.571869e-02 -3.340016e-01  1.047129e-01
 4.34483e+00  2.68966e+00       4.434e+11  8.941556e-01 -5.893168e-02 -3.661694e-01  1.058444e-01
 4.75862e+00  2.68966e+00       5.126e+11  8.447391e-01 -4.772471e-02 -4.304584e-01  1.552609e-01
 5.17241e+00  2.68966e+00       4.575e+11  7.178448e-01 -4.451615e-02 -5.534087e-01  2.821552e-01
 5.58621e+00  2.68966e+00       3.708e+11  5.219197e-01 -4.074145e-02 -7.134285e-01  4.780803e-01
 6.00000e+00  2.68966e+00       3.579e+11  2.535583e-01 -2.160212e-02 -8.231747e-01  7.464417e-01
-6.00000e+00  3.10345e+00       4.609e+11  6.636288e-02  6.915878e-02  8.710403e-01  9.336371e-01
-5.58621e+00  3.10345e+00       3.523e+11  2.718674e-01  6.978597e-02  7.967224e-01  7.281326e-01
-5.17241e+00  3.10345e+00       3.924e+11  5.413244e-01 -3.287986e-03  6.242161e-01  4.586756e-01
-4.75862e+00  3.10345e+00       4.836e+11  7.482994e-01 -4.501706e-02  4.536851e-01  2.517006e-01
-4.34483e+00  3.10345e+00       4.808e+11  8.595485e-01 -6.279413e-02  3.425702e-01  1.404515e-01
-3.93103e+00  3.10345e+00       3.891e+11  8.940699e-01 -7.282087e-02  3.053444e-01  1.059301e-01
-3.51724e+00  3.10345e+00       2.864e+11  8.626006e-01 -6.630817e-02  3.270486e-01  1.373994e-01
-3.10345e+00  3.10345e+00       1.952e+11  8.134578e-01 -4.058863e-02  2.951598e-01  1.865422e-01
-2.68966e+00  3.10345e+00       1.544e+11  8.360586e-01  3.407841e-02  3.982708e-02  1.639414e-01
-2.27586e+00  3.10345e+00       2.470e+11  8.904194e-01  6.439244e-02 -2.842768e-01  1.095806e-01
-1.86207e+00  3.10345e+00       5.522e+11  8.603492e-01  4.303922e-02 -4.406538e-01  1.396508e-01
-1.44828e+00  3.10345e+00       9.847e+11  7.919425e-01  2.444629e-02 -5.423548e-01  2.080575e-01
-1.03448e+00  3.10345e+00       1.182e+12  6.850061e-01 -1.008436e-02 -6.249135e-01  3.149939e-01
-6.20690e-01  3.10345e+00       9.700e+11  5.000811e-01 -8.358823e-02 -6.411882e-01  4.999189e-01
-2.06897e-01  3.10345e+00       6.726e+11  2.339053e-01 -1.862182e-01 -3.484330e-01  7.660947e-01
 2.06897e-01  3.10345e+00       6.541e+11  2.173985e-01 -1.567531e-01  3.476279e-01  7.826015e-01
 6.20690e-01  3.10345e+00       9.327e+11  4.836737e-01 -3.163624e-02  6.540923e-01  5.163263e-01
 1.03448e+00  3.10345e+00       1.175e+12  6.780713e-01  2.762121e-02  6.311858e-01  3.219287e-01
 1.44828e+00  3.10345e+00       1.042e+12  7.917936e-01  4.120744e-02  5.357625e-01  2.082064e-01
 1.86207e+00  3.10345e+00       6.565e+11  8.686440e-01  4.374408e-02  4.101292e-01  1.313560e-01
 2.27586e+00  3.10345e+00       3.644e+11  9.191662e-01  5.676422e-02  2.239509e-01  8.083377e-02
 2.68966e+00  3.10345e+00       2.666e+11  9.233344e-01  5.355043e-02 -4.236341e-02  7.666565e-02
 3.10345e+00  3.10345e+00       2.715e+11  9.032568e-01  2.741679e-03 -2.203700e-01  9.674316e-02
 3.51724e+00  3.10345e+00       3.209e+11  9.057282e-01 -4.902270e-02 -2.652468e-01  9.427178e-02
 3.93103e+00  3.10345e+00       4.501e+11  9.189154e-01 -6.079566e-02 -2.932126e-01  8.108459e-02
 4.34483e+00  3.10345e+00       5.708e+11  8.978640e-01 -4.988796e-02 -3.466133e-01  1.021360e-01
 4.75862e+00  3.10345e+00       5.389e+11  8.108503e-01 -4.268426e-02 -4.453788e-01  1.891497e-01
 5.17241e+00  3.10345e+00       4.226e+11  6.324152e-01 -3.681218e-02 -6.142985e-01  3.675848e-01
 5.58621e+00  3.10345e+00       3.569e+11  3.954055e-01 -1.255733e-02 -7.773061e-01  6.045945e-01
 6.00000e+00  3.10345e+00       4.269e+11  1.070898e-01 -2.605424e-03 -8.629870e-01  8.929102e-01
-6.00000e+00  3.51724e+00       6.949e+11  5.870541e-02  3.414489e-02  9.039437e-01  9.412946e-01
-5.58621e+00  3.51724e+00       4.674e+11  2.132940e-01  7.650783e-02  8.591558e-01  7.867060e-01
-5.17241e+00  3.51724e+00       3.975e+11  4.161299e-01  4.029805e-02  7.390428e-01  5.838701e-01
-4.75862e+00  3.51724e+00       4.783e+11  6.566526e-01 -2.672992e-02  5.334964e-01  3.433474e-01
-4.34483e+00  3.51724e+00       5.588e+11  8.223640e-01 -5.267510e-02  3.551692e-01  1.776360e-01
-3.93103e+00  3.51724e+00       5.207e+11  9.078008e-01 -6.570160e-02  2.428543e-01  9.219916e-02
-3.51724e+00  3.51724e+00       4.157e+11  9.273227e-01 -6.835058e-02  2.138280e-01  7.267734e-02
-3.10345e+00  3.51724e+00       3.138e+11  8.873716e-01 -5.344603e-02  2.488759e-01  1.126284e-01
-2.68966e+00  3.51724e+00       2.118e+11  8.131529e-01 -3.576800e-02  2.479032e-01  1.868471e-01
-2.27586e+00  3.51724e+00       1.283e+11  7.417149e-01  5.231473e-02  8.216291e-02  2.582851e-01
-1.86207e+00  3.51724e+00       9.556e+10  7.106348e-01  2.205421e-01 -2.687222e-01  2.893652e-01
-1.44828e+00  3.51724e+00       9.478e+10  6.454944e-01  2.594573e-01 -5.266967e-01  3.545056e-01
-1.03448e+00  3.51724e+00       9.032e+10  4.632275e-01  2.363925e-01 -6.385883e-01  5.367725e-01
-6.20690e-01  3.51724e+00       7.944e+10  1.613270e-01  2.221316e-01 -5.732766e-01  8.386730e-01
-2.06897e-01  3.51724e+00       7.807e+10 -4.482516e-02  1.983781e-01 -2.014104e-01  9.551748e-01
 2.06897e-01  3.51724e+00       9.491e+10  1.353410e-01  1.754322e-01  2.777208e-01  8.646590e-01
 6.20690e-01  3.51724e+00       1.285e+11  4.663093e-01  1.680323e-01  5.208516e-01  5.336907e-01
 1.03448e+00  3.51724e+00       1.578e+11  6.577383e-01  1.560935e-01  5.653129e-01  3.422617e-01
 1.44828e+00  3.51724e+00       1.629e+11  7.469254e-01  1.481831e-01  4.883903e-01  2.530746e-01
 1.86207e+00  3.51724e+00       1.738e+11  8.337513e-01  1.352139e-01  2.411015e-01  1.662487e-01
 2.27586e+00  3.51724e+00       2.231e+11  8.960894e-01  7.134576e-02 -2.295904e-02  1.039106e-01
 2.68966e+00  3.51724e+00       2.722e+11  9.062034e-01  7.960318e-04 -1.344745e-01  9.379663e-02
 3.10345e+00  3.51724e+00       3.195e+11  9.162283e-01 -4.627908e-02 -1.499300e-01  8.377172e-02
 3.51724e+00  3.51724e+00       4.581e+11  9.420379e-01 -5.813314e-02 -1.791305e-01  5.796211e-02
 3.93103e+00  3.51724e+00       6.244e+11  9.379962e-01 -4.937376e-02 -2.395994e-01  6.200375e-02
 4.34483e+00  3.51724e+00       6.319e+11  8.789645e-01 -4.363894e-02 -3.356148e-01  1.210355e-01
 4.75862e+00  3.51724e+00       5.138e+11  7.364375e-01 -4.319667e-02 -5.087752e-01  2.635625e-01
 5.17241e+00  3.51724e+00       4.206e+11  5.423623e-01 -2.630449e-02 -7.046594e-01  4.576377e-01
 5.58621e+00  3.51724e+00       4.386e+11  3.137650e-01 -1.873825e-03 -8.284111e-01  6.862350e-01
 6.00000e+00  3.51724e+00       6.493e+11  6.013406e-02 -1.151483e-02 -9.023036e-01  9.398659e-01
-6.00000e+00  3.93103e+00       1.035e+12  8.917897e-02  8.270902e-03  9.285403e-01  9.108210e-01
-5.58621e+00  3.93103e+00       7.120e+11  2.239070e-01  5.383938e-02  8.849190e-01  7.760930e-01
-5.17241e+00  3.93103e+00       4.821e+11  3.575897e-01  8.162953e-02  8.216509e-01  6.424103e-01
-4.75862e+00  3.93103e+00       4.426e+11  5.410141e-01  2.182557e-02  6.635893e-01  4.589859e-01
-4.34483e+00  3.93103e+00       5.446e+11  7.449571e-01 -3.667206e-02  4.270548e-01  2.550429e-01
-3.93103e+00  3.93103e+00       6.172e+11  8.777797e-01 -5.531684e-02  2.278438e-01  1.222203e-01
-3.51724e+00  3.93103e+00       5.633e+11  9.430337e-01 -6.634097e-02  9.833796e-02  5.696632e-02
-3.10345e+00  3.93103e+00       4.533e+11  9.591648e-01 -6.403152e-02  5.573357e-02  4.083520e-02
-2.68966e+00  3.93103e+00       3.608e+11  9.284495e-01 -3.620321e-02  9.727779e-02  7.155045e-02
-2.27586e+00  3.93103e+00       2.684e+11  8.494449e-01 -3.363944e-02  1.525810e-01  1.505551e-01
-1.86207e+00  3.93103e+00       1.659e+11  7.116088e-01 -2.897848e-02  1.444189e-01  2.883912e-01
-1.44828e+00  3.93103e+00       9.435e+10  5.098965e-01  1.819471e-01  6.769791e-03  4.901035e-01
-1.03448e+00  3.93103e+00       6.411e+10  3.552859e-01  5.721864e-01 -1.856374e-01  6.447141e-01
-6.20690e-01  3.93103e+00       5.301e+10  3.173456e-01  7.646372e-01 -2.360208e-01  6.826544e-01
-2.06897e-01  3.93103e+00       5.115e+10  3.364806e-01  7.697203e-01 -1.217414e-01  6.635194e-01
 2.06897e-01  3.93103e+00       5.752e+10  3.966918e-01  7.058949e-01  1.064763e-01  6.033082e-01
 6.20690e-01  3.93103e+00       7.475e+10  5.174514e-01  5.796932e-01  3.200867e-01  4.825486e-01
 1.03448e+00  3.93103e+00       1.123e+11  6.915363e-01  3.709728e-01  3.277509e-01  3.084637e-01
 1.44828e+00  3.93103e+00       1.801e+11  8.381369e-01  1.523147e-01  1.762667e-01  1.618631e-01
 1.86207e+00  3.93103e+00       2.495e+11  8.898519e-01  2.334904e-02  5.543295e-02  1.101481e-01
 2.27586e+00  3.93103e+00       2.708e+11  8.810007e-01 -2.557318e-02  2.218851e-02  1.189993e-01
 2.68966e+00  3.93103e+00       3.119e+11  9.004388e-01 -4.471860e-02  3.429785e-02  9.956121e-02
 3.10345e+00  3.93103e+00       4.843e+11  9.533978e-01 -5.146847e-02 -1.306781e-02  4.660216e-02
 3.51724e+00  3.93103e+00       6.810e+11  9.660998e-01 -4.620889e-02 -8.965598e-02  3.390023e-02
 3.93103e+00  3.93103e+00       6.967e+11  9.277456e-01 -4.391417e-02 -1.949412e-01  7.225441e-02
 4.34483e+00  3.93103e+00       5.720e+11  8.144876e-01 -4.811820e-02 -3.841950e-01  1.855124e-01
 4.75862e+00  3.93103e+00       4.690e+11  6.522808e-01 -3.670077e-02 -6.123451e-01  3.477192e-01
 5.17241e+00  3.93103e+00       4.566e+11  4.831275e-01 -4.671740e-03 -7.617444e-01  5.168725e-01
 5.58621e+00  3.93103e+00       6.235e+11  2.537360e-01 -5.114785e-03 -8.664578e-01  7.462640e-01
 6.00000e+00  3.93103e+00       1.003e+12  6.725625e-02 -1.799181e-02 -9.353731e-01  9.327437e-01
-6.00000e+00  4.34483e+00       1.422e+12  1.438559e-01 -7.107207e-03  9.443236e-01  8.561441e-01
-5.58621e+00  4.34483e+00       1.098e+12  2.609400e-01  1.983863e-02  8.962915e-01  7.390600e-01
-5.17241e+00  4.34483e+00       7.361e+11  3.843807e-01  6.929716e-02  8.370267e-01  6.156193e-01
-4.75862e+00  4.34483e+00       4.960e+11  4.886527e-01  8.480151e-02  7.634976e-01  5.113473e-01
-4.34483e+00  4.34483e+00       4.627e+11  6.357509e-01  1.371412e-02  5.853531e-01  3.642491e-01
-3.93103e+00  4.34483e+00       5.687e+11  7.998076e-01 -4.218639e-02  3.129274e-01  2.001924e-01
-3.51724e+00  4.34483e+00       6.490e+11  9.013500e-01 -5.702109e-02  7.263606e-02  9.865003e-02
-3.10345e+00  4.34483e+00       6.048e+11  9.418405e-01 -6.647611e-02 -9.723180e-02  5.815950e-02
-2.68966e+00  4.34483e+00       4.908e+11  9.484557e-01 -7.228769e-02 -1.920282e-01  5.154431e-02
-2.27586e+00  4.34483e+00       3.948e+11  9.384682e-01 -3.073501e-02 -1.994730e-01  6.153180e-02
-1.86207e+00  4.34483e+00       3.430e+11  9.072216e-01  3.019868e-02 -1.300717e-01  9.277839e-02
-1.44828e+00  4.34483e+00       2.975e+11  8.322325e-01  5.074220e-03 -4.682365e-03  1.677675e-01
-1.03448e+00  4.34483e+00       2.242e+11  6.665526e-01 -1.097450e-01  1.675032e-01  3.334474e-01
-6.20690e-01  4.34483e+00       1.606e+11  4.351266e-01 -2.223363e-01  3.687667e-01  5.648734e-01
-2.06897e-01  4.34483e+00       1.451e+11  3.829702e-01 -2.226635e-01  5.226776e-01  6.170298e-01
 2.06897e-01  4.34483e+00       1.768e+11  5.435778e-01 -1.671420e-01  5.388453e-01  4.564222e-01
 6.20690e-01  4.34483e+00       2.275e+11  6.852711e-01 -1.377228e-01  4.310894e-01  3.147289e-01
 1.03448e+00  4.34483e+00       2.467e+11  7.284993e-01 -1.084122e-01  2.763176e-01  2.715007e-01
 1.44828e+00  4.34483e+00       2.182e+11  6.800673e-01 -3.729660e-02  1.770165e-01  3.199327e-01
 1.86207e+00  4.34483e+00       2.111e+11  6.764651e-01  1.757139e-02  2.437268e-01  3.235349e-01
 2.27586e+00  4.34483e+00       3.249e+11  8.303165e-01 -2.302586e-02  2.870983e-01  1.696835e-01
 2.68966e+00  4.34483e+00       5.592e+11  9.325017e-01 -4.386088e-02  2.085974e-01  6.749831e-02
 3.10345e+00  4.34483e+00       7.367e+11  9.631457e-01 -4.332617e-02  1.118651e-01  3.685430e-02
 3.51724e+00  4.34483e+00       7.089e+11  9.440968e-01 -4.684117e-02 -1.967491e-02  5.590317e-02
 3.93103e+00  4.34483e+00       5.757e+11  8.584854e-01 -5.660352e-02 -2.498847e-01  1.415146e-01
 4.34483e+00  4.34483e+00       4.864e+11  7.338976e-01 -4.561202e-02 -5.127959e-01  2.661024e-01
 4.75862e+00  4.34483e+00       4.722e+11  6.177858e-01 -6.651667e-03 -6.718194e-01  3.822142e-01
 5.17241e+00  4.34483e+00       6.059e+11  4.360734e-01  3.438888e-04 -7.939725e-01  5.639266e-01
 5.58621e+00  4.34483e+00       9.934e+11  2.422685e-01 -1.658049e-02 -9.009193e-01  7.577315e-01
 6.00000e+00  4.34483e+00       1.456e+12  1.227608e-01 -1.557906e-02 -9.542520e-01  8.772392e-01
-6.00000e+00  4.75862e+00       1.734e+12  2.166754e-01 -1.175554e-02  9.472246e-01  7.833246e-01
-5.58621e+00  4.75862e+00       1.546e+12  3.136408e-01 -3.065334e-03  9.007712e-01  6.863592e-01
-5.17241e+00  4.75862e+00       1.174e+12  4.307618e-01  2.872781e-02  8.308502e-01  5.692382e-01
-4.75862e+00  4.75862e+00       7.792e+11  5.380997e-01  8.038697e-02  7.562240e-01  4.619003e-01
-4.34483e+00  4.75862e+00       5.063e+11  6.094726e-01  9.559317e-02  6.850029e-01  3.905274e-01
-3.93103e+00  4.75862e+00       4.435e+11  7.034255e-01  2.150975e-02  5.240070e-01  2.965745e-01
-3.51724e+00  4.75862e+00       5.258e+11  8.150181e-01 -4.409408e-02  2.244879e-01  1.849819e-01
-3.10345e+00  4.75862e+00       6.196e+11  8.743886e-01 -6.200353e-02 -8.559528e-02  1.256114e-01
-2.68966e+00  4.75862e+00       6.194e+11  8.684669e-01 -6.324314e-02 -3.212493e-01  1.315331e-01
-2.27586e+00  4.75862e+00       5.277e+11  8.157220e-01 -7.893657e-02 -4.939279e-01  1.842780e-01
-1.86207e+00  4.75862e+00       4.170e+11  7.480181e-01 -9.036690e-02 -6.108417e-01  2.519819e-01
-1.44828e+00  4.75862e+00       3.231e+11  6.943441e-01 -6.270038e-02 -6.647036e-01  3.056559e-01
-1.03448e+00  4.75862e+00       2.387e+11  6.587714e-01 -1.924421e-02 -6.337505e-01  3.412286e-01
-6.20690e-01  4.75862e+00       1.589e+11  5.923223e-01  6.361992e-02 -4.781132e-01  4.076777e-01
-2.06897e-01  4.75862e+00       1.093e+11  4.451816e-01  2.281214e-01 -2.045786e-01  5.548184e-01
 2.06897e-01  4.75862e+00       9.159e+10  2.723018e-01  2.763244e-01  3.234877e-02  7.276982e-01
 6.20690e-01  4.75862e+00       9.553e+10  9.386740e-02  1.107557e-01  2.613500e-01  9.061326e-01
 1.03448e+00  4.75862e+00       1.393e+11  1.302285e-01 -1.305071e-02  5.400363e-01  8.697715e-01
 1.44828e+00  4.75862e+00       2.598e+11  4.400082e-01 -3.437832e-02  6.500865e-01  5.599918e-01
 1.86207e+00  4.75862e+00       4.631e+11  6.906601e-01 -4.406977e-02  5.963981e-01  3.093399e-01
 2.27586e+00  4.75862e+00       6.581e+11  8.227989e-01 -4.604476e-02  4.885239e-01  1.772011e-01
 2.68966e+00  4.75862e+00       7.115e+11  8.887563e-01 -4.810886e-02  3.601473e-01  1.112437e-01
 3.10345e+00  4.75862e+00       6.166e+11  9.033188e-01 -6.092293e-02  1.687467e-01  9.668115e-02
 3.51724e+00  4.75862e+00       5.083e+11  8.596636e-01 -7.466955e-02 -1.382045e-01  1.403364e-01
 3.93103e+00  4.75862e+00       4.649e+11  7.913448e-01 -5.175024e-02 -4.187621e-01  2.086552e-01
 4.34483e+00  4.75862e+00       4.736e+11  7.277899e-01 -2.134378e-03 -5.589128e-01  2.722101e-01
 4.75862e+00  4.75862e+00       5.977e+11  5.943836e-01  4.879037e-03 -6.870465e-01  4.056164e-01
 5.17241e+00  4.75862e+00       9.829e+11  4.134467e-01 -1.615559e-02 -8.325146e-01  5.865533e-01
 5.58621e+00  4.75862e+00       1.535e+12  2.893156e-01 -1.669009e-02 -9.159282e-01  7.106844e-01
 6.00000e+00  4.75862e+00       1.840e+12  2.055046e-01 -4.835224e-03 -9.545044e-01  7.944954e-01
-6.00000e+00  5.17241e+00       1.888e+12  3.016930e-01 -9.503451e-03  9.348836e-01  6.983070e-01
-5.58621e+00  5.17241e+00       1.890e+12  3.809919e-01 -1.068470e-02  8.931174e-01  6.190081e-01
-5.17241e+00  5.17241e+00       1.658e+12  4.796800e-01 -5.937515e-04  8.240387e-01  5.203200e-01
-4.75862e+00  5.17241e+00       1.276e+12  5.905305e-01  3.211161e-02  7.288619e-01  4.094695e-01
-4.34483e+00  5.17241e+00       8.586e+11  6.833068e-01  8.566691e-02  6.342559e-01  3.166932e-01
-3.93103e+00  5.17241e+00       5.284e+11  7.280234e-01  1.162788e-01  5.671153e-01  2.719766e-01
-3.51724e+00  5.17241e+00       3.986e+11  7.681577e-01  5.505293e-02  4.700775e-01  2.318423e-01
-3.10345e+00  5.17241e+00       4.189e+11  8.161919e-01 -3.104677e-02  2.320224e-01  1.838081e-01
-2.68966e+00  5.17241e+00       4.810e+11  7.996633e-01 -7.834865e-02 -1.404269e-01  2.003367e-01
-2.27586e+00  5.17241e+00       5.312e+11  7.056817e-01 -8.187888e-02 -4.882559e-01  2.943183e-01
-1.86207e+00  5.17241e+00       5.052e+11  5.463722e-01 -6.131357e-02 -7.111719e-01  4.536278e-01
-1.44828e+00  5.17241e+00       4.182e+11  2.860953e-01 -6.826721e-02 -8.443989e-01  7.139047e-01
-1.03448e+00  5.17241e+00       3.645e+11 -7.489326e-02 -1.297649e-01 -8.603035e-01  9.251067e-01
-6.20690e-01  5.17241e+00       3.571e+11 -4.138014e-01 -1.879470e-01 -6.968251e-01  5.861986e-01
-2.06897e-01  5.17241e+00       3.556e+11 -6.490743e-01 -2.090815e-01 -3.463615e-01  3.509257e-01
 2.06897e-01  5.17241e+00       3.568e+11 -6.938160e-01 -2.005877e-01  1.345166e-01  3.061840e-01
 6.20690e-01  5.17241e+00       3.757e+11 -4.704739e-01 -1.615932e-01  5.669509e-01  5.295261e-01
 1.03448e+00  5.17241e+00       4.291e+11 -4.780164e-02 -1.004689e-01  7.965684e-01  9.521984e-01
 1.44828e+00  5.17241e+00       5.117e+11  3.398514e-01 -6.012231e-02  8.210066e-01  6.601486e-01
 1.86207e+00  5.17241e+00       5.510e+11  5.713430e-01 -5.872834e-02  7.415872e-01  4.286570e-01
 2.27586e+00  5.17241e+00       5.003e+11  7.046214e-01 -8.026785e-02  5.798458e-01  2.953786e-01
 2.68966e+00  5.17241e+00       4.251e+11  7.940416e-01 -1.078284e-01  2.672909e-01  2.059584e-01
 3.10345e+00  5.17241e+00       4.017e+11  8.360669e-01 -1.029479e-01 -1.060463e-01  1.639331e-01
 3.51724e+00  5.17241e+00       4.221e+11  8.391721e-01 -4.073808e-02 -3.189516e-01  1.608279e-01
 3.93103e+00  5.17241e+00       4.621e+11  8.197935e-01  1.578095e-02 -4.073357e-01  1.802065e-01
 4.34483e+00  5.17241e+00       5.974e+11  7.228927e-01  7.205377e-03 -5.468618e-01  2.771073e-01
 4.75862e+00  5.17241e+00       9.946e+11  5.688638e-01 -1.835019e-02 -7.328429e-01  4.311362e-01
 5.17241e+00  5.17241e+00       1.604e+12  4.534109e-01 -1.703058e-02 -8.462952e-01  5.465891e-01
 5.58621e+00  5.17241e+00       2.024e+12  3.711950e-01 -3.741331e-03 -9.039059e-01  6.288050e-01
 6.00000e+00  5.17241e+00       1.980e+12  2.982941e-01  6.068776e-03 -9.375854e-01  7.017059e-01
-6.00000e+00  5.58621e+00       1.886e+12  4.063363e-01 -5.749853e-03  9.005120e-01  5.936637e-01
-5.58621e+00  5.58621e+00       2.060e+12  4.604092e-01 -8.864885e-03  8.688532e-01  5.395908e-01
-5.17241e+00  5.58621e+00       1.987e+12  5.386849e-01 -9.799792e-03  8.083655e-01  4.613151e-01
-4.75862e+00  5.58621e+00       1.751e+12  6.321228e-01 -6.358584e-04  7.143409e-01  3.678772e-01
-4.34483e+00  5.58621e+00       1.402e+12  7.299935e-01  2.832211e-02  5.895783e-01  2.700065e-01
-3.93103e+00  5.58621e+00       9.963e+11  8.102542e-01  8.041238e-02  4.628678e-01  1.897458e-01
-3.51724e+00  5.58621e+00       6.070e+11  8.404563e-01  1.348893e-01  3.792958e-01  1.595437e-01
-3.10345e+00  5.58621e+00       3.729e+11  8.361742e-01  1.233548e-01  3.309637e-01  1.638258e-01
-2.68966e+00  5.58621e+00       3.223e+11  8.638788e-01  3.104507e-02  2.332159e-01  1.361212e-01
-2.27586e+00  5.58621e+00       3.242e+11  8.570457e-01 -5.093398e-02  5.467417e-02  1.429543e-01
-1.86207e+00  5.58621e+00       3.047e+11  7.061072e-01 -1.256072e-01 -2.356243e-01  2.938928e-01
-1.44828e+00  5.58621e+00       2.918e+11  3.251347e-01 -1.848051e-01 -5.629324e-01  6.748653e-01
-1.03448e+00  5.58621e+00       3.087e+11 -1.561427e-01 -2.225216e-01 -7.116337e-01  8.438573e-01
-6.20690e-01  5.58621e+00       3.312e+11 -5.106174e-01 -2.192162e-01 -5.938353e-01  4.893826e-01
-2.06897e-01  5.58621e+00       3.331e+11 -7.108205e-01 -1.876784e-01 -2.513435e-01  2.891795e-01
 2.06897e-01  5.58621e+00       3.301e+11 -7.190526e-01 -1.752845e-01  2.155124e-01  2.809474e-01
 6.20690e-01  5.58621e+00       3.262e+11 -5.401405e-01 -1.909407e-01  5.957879e-01  4.598595e-01
 1.03448e+00  5.58621e+00       2.935e+11 -2.705662e-01 -2.054533e-01  7.709311e-01  7.294338e-01
 1.44828e+00  5.58621e+00       2.450e+11  9.976293e-02 -2.213970e-01  6.992480e-01  9.002371e-01
 1.86207e+00  5.58621e+00       2.376e+11  5.214290e-01 -2.345957e-01  3.872497e-01  4.785710e-01
 2.27586e+00  5.58621e+00       2.751e+11  7.538486e-01 -1.866372e-01  8.240955e-02  2.461514e-01
 2.68966e+00  5.58621e+00       3.308e+11  8.392691e-01 -7.540186e-02 -8.787161e-02  1.607309e-01
 3.10345e+00  5.58621e+00       3.888e+11  8.792425e-01  2.168187e-02 -1.401292e-01  1.207575e-01
 3.51724e+00  5.58621e+00       4.468e+11  8.823764e-01  3.938392e-02 -1.914856e-01  1.176236e-01
 3.93103e+00  5.58621e+00       6.119e+11  8.138366e-01 -1.323917e-03 -3.809390e-01  1.861634e-01
 4.34483e+00  5.58621e+00       1.048e+12  7.009701e-01 -2.336598e-02 -6.084165e-01  2.990299e-01
 4.75862e+00  5.58621e+00       1.692e+12  6.079156e-01 -1.521694e-02 -7.450964e-01  3.920844e-01
 5.17241e+00  5.58621e+00       2.169e+12  5.340775e-01  2.214240e-04 -8.202529e-01  4.659225e-01
 5.58621e+00  5.58621e+00       2.192e+12  4.645358e-01  8.826176e-03 -8.691144e-01  5.354642e-01
 6.00000e+00  5.58621e+00       1.883e+12  3.969332e-01  7.863798e-03 -9.035853e-01  6.030668e-01
-6.00000e+00  6.00000e+00       1.661e+12  5.269365e-01 -4.754712e-03  8.360655e-01  4.730635e-01
-5.58621e+00  6.00000e+00       2.088e+12  5.674637e-01 -4.946619e-03  8.109912e-01  4.325363e-01
-5.17241e+00  6.00000e+00       2.175e+12  6.133032e-01 -7.894705e-03  7.721874e-01  3.866968e-01
-4.75862e+00  6.00000e+00       2.014e+12  6.810604e-01 -8.687441e-03  6.965203e-01  3.189396e-01
-4.34483e+00  6.00000e+00       1.784e+12  7.611789e-01 -1.962788e-03  5.769555e-01  2.388211e-01
-3.93103e+00  6.00000e+00       1.504e+12  8.357414e-01  1.887114e-02  4.213638e-01  1.642586e-01
-3.51724e+00  6.00000e+00       1.172e+12  8.944351e-01  6.008865e-02  2.478641e-01  1.055649e-01
-3.10345e+00  6.00000e+00       7.986e+11  9.171416e-01  1.221360e-01  1.075560e-01  8.285838e-02
-2.68966e+00  6.00000e+00       4.604e+11  8.861148e-01  1.849404e-01  4.900264e-02  1.138852e-01
-2.27586e+00  6.00000e+00       2.661e+11  8.134064e-01  1.783044e-01  4.803866e-02  1.865936e-01
-1.86207e+00  6.00000e+00       2.264e+11  8.096116e-01  7.664805e-02 -6.623342e-02  1.903884e-01
-1.44828e+00  6.00000e+00       2.550e+11  8.639573e-01  2.871443e-02 -1.933155e-01  1.360427e-01
-1.03448e+00  6.00000e+00       2.445e+11  8.822871e-01  1.776146e-02 -1.938676e-01  1.177129e-01
-6.20690e-01  6.00000e+00       1.812e+11  8.339022e-01 -5.062335e-02 -7.370025e-02  1.660978e-01
-2.06897e-01  6.00000e+00       1.295e+11  7.041192e-01 -2.076458e-01  1.259186e-01  2.958808e-01
 2.06897e-01  6.00000e+00       1.196e+11  6.355950e-01 -2.854534e-01  1.958937e-01  3.644050e-01
 6.20690e-01  6.00000e+00       1.348e+11  6.487231e-01 -2.369156e-01  5.315334e-02  3.512769e-01
 1.03448e+00  6.00000e+00       1.576e+11  6.149531e-01 -1.921414e-01 -8.378781e-02  3.850469e-01
 1.44828e+00  6.00000e+00       1.965e+11  6.307363e-01 -1.105024e-01 -3.928318e-02  3.692637e-01
 1.86207e+00  6.00000e+00       2.628e+11  7.389613e-01  2.708532e-02  9.265754e-02  2.610387e-01
 2.27586e+00  6.00000e+00       3.240e+11  8.138912e-01  9.858168e-02  1.788494e-01  1.861088e-01
 2.68966e+00  6.00000e+00       3.590e+11  8.468855e-01  8.114883e-02  1.952535e-01  1.531145e-01
 3.10345e+00  6.00000e+00       4.335e+11  8.752240e-01  1.924011e-02  6.511177e-02  1.247760e-01
 3.51724e+00  6.00000e+00       6.706e+11  8.641778e-01 -2.421876e-02 -2.174988e-01  1.358222e-01
 3.93103e+00  6.00000e+00       1.166e+12  8.083906e-01 -2.502551e-02 -4.650704e-01  1.916094e-01
 4.34483e+00  6.00000e+00       1.812e+12  7.472213e-01 -7.427645e-03 -6.120633e-01  2.527787e-01
 4.75862e+00  6.00000e+00       2.284e+12  6.881231e-01  8.266689e-03 -7.004307e-01  3.118769e-01
 5.17241e+00  6.00000e+00       2.332e+12  6.263371e-01  1.238716e-02 -7.635349e-01  3.736629e-01
 5.58621e+00  6.00000e+00       2.052e+12  5.623436e-01  7.270732e-03 -8.125833e-01  4.376564e-01
 6.00000e+00  6.00000e+00       1.724e+12  5.036586e-01  6.669094e-03 -8.473386e-01  4.963414e-01
