 EB(GeV)    EMITTANCEx EMITTANCEy SIZEx(m)   SIZEy(m)   DIVx(rad)  DIVy(rad)
 1.500e+00  5.941e-09  5.941e-11  1.840e-04  1.299e-05  3.228e-05  4.574e-06
 betax      alphax     betay      alphay     eta        deta       E_spread  
 5.700e+00  0.000e+00  2.840e+00  0.000e+00  0.000e+00  0.000e+00  1.000e-03
 Ibeam(A) 
  2.000e-01


           x            y       F.Density            PL            PC          PL45        1-|PL|
          mm           mm  ph/s/mm^2/0.1%             -             -             -             -
-6.00000e+00 -6.00000e+00       1.377e+12  5.771649e-01  1.220243e-02 -7.882347e-01  4.228351e-01
-5.58621e+00 -6.00000e+00       1.951e+12  6.366606e-01  7.329833e-03 -7.475807e-01  3.633394e-01
-5.17241e+00 -6.00000e+00       2.473e+12  6.761710e-01  3.241313e-03 -7.160417e-01  3.238290e-01
-4.75862e+00 -6.00000e+00       2.471e+12  7.130972e-01 -2.168924e-03 -6.726103e-01  2.869028e-01
-4.34483e+00 -6.00000e+00       2.065e+12  7.662176e-01 -1.187077e-02 -5.859817e-01  2.337824e-01
-3.93103e+00 -6.00000e+00       1.664e+12  8.328430e-01 -2.017920e-02 -4.342874e-01  1.671570e-01
-3.51724e+00 -6.00000e+00       1.388e+12  8.905518e-01 -2.325822e-02 -2.390736e-01  1.094482e-01
-3.10345e+00 -6.00000e+00       1.108e+12  9.196360e-01 -3.498515e-02 -5.623517e-02  8.036403e-02
-2.68966e+00 -6.00000e+00       7.484e+11  9.116038e-01 -6.810455e-02  7.291634e-02  8.839619e-02
-2.27586e+00 -6.00000e+00       4.306e+11  8.592814e-01 -1.244014e-01  1.153057e-01  1.407186e-01
-1.86207e+00 -6.00000e+00       2.606e+11  7.543000e-01 -1.996171e-01  5.905880e-02  2.457000e-01
-1.44828e+00 -6.00000e+00       2.051e+11  6.475337e-01 -1.740129e-01  6.135544e-02  3.524663e-01
-1.03448e+00 -6.00000e+00       2.028e+11  5.430131e-01  4.559085e-02  2.239495e-01  4.569869e-01
-6.20690e-01 -6.00000e+00       2.127e+11  3.591653e-01  2.512644e-01  4.265031e-01  6.408347e-01
-2.06897e-01 -6.00000e+00       2.126e+11  1.528276e-01  3.401415e-01  5.158180e-01  8.471724e-01
 2.06897e-01 -6.00000e+00       2.023e+11  6.384102e-02  3.718871e-01  4.168935e-01  9.361590e-01
 6.20690e-01 -6.00000e+00       1.992e+11  2.003427e-01  2.875899e-01  1.876396e-01  7.996573e-01
 1.03448e+00 -6.00000e+00       2.232e+11  4.591580e-01  2.028995e-02 -5.296499e-02  5.408420e-01
 1.44828e+00 -6.00000e+00       2.710e+11  6.277732e-01 -1.559105e-01 -2.261488e-01  3.722268e-01
 1.86207e+00 -6.00000e+00       3.113e+11  7.058912e-01 -1.056928e-01 -3.086955e-01  2.941088e-01
 2.27586e+00 -6.00000e+00       3.509e+11  7.725699e-01  1.000502e-02 -3.093762e-01  2.274301e-01
 2.68966e+00 -6.00000e+00       4.364e+11  8.474532e-01  6.067207e-02 -2.041890e-01  1.525468e-01
 3.10345e+00 -6.00000e+00       6.432e+11  8.887652e-01  5.234151e-02  2.899215e-02  1.112348e-01
 3.51724e+00 -6.00000e+00       1.090e+12  8.751335e-01  2.145705e-02  2.827086e-01  1.248665e-01
 3.93103e+00 -6.00000e+00       1.737e+12  8.336088e-01 -4.031465e-05  4.594122e-01  1.663912e-01
 4.34483e+00 -6.00000e+00       2.267e+12  7.801548e-01 -7.705615e-03  5.774092e-01  2.198452e-01
 4.75862e+00 -6.00000e+00       2.458e+12  7.151659e-01 -6.915927e-03  6.694759e-01  2.848341e-01
 5.17241e+00 -6.00000e+00       2.371e+12  6.512976e-01 -4.893662e-03  7.376244e-01  3.487024e-01
 5.58621e+00 -6.00000e+00       2.093e+12  6.008483e-01 -8.211228e-03  7.793354e-01  3.991517e-01
 6.00000e+00 -6.00000e+00       1.642e+12  5.632376e-01 -1.520722e-02  8.046101e-01  4.367624e-01
-6.00000e+00 -5.58621e+00       1.790e+12  4.814845e-01  8.302159e-03 -8.583906e-01  5.185155e-01
-5.58621e+00 -5.58621e+00       2.305e+12  5.229378e-01  3.420432e-03 -8.359727e-01  4.770622e-01
-5.17241e+00 -5.58621e+00       2.349e+12  5.690384e-01 -2.138553e-03 -7.978083e-01  4.309616e-01
-4.75862e+00 -5.58621e+00       2.025e+12  6.398051e-01 -8.668927e-03 -7.197930e-01  3.601949e-01
-4.34483e+00 -5.58621e+00       1.657e+12  7.328955e-01 -1.434523e-02 -5.898277e-01  2.671045e-01
-3.93103e+00 -5.58621e+00       1.323e+12  8.220103e-01 -2.739831e-02 -4.378230e-01  1.779897e-01
-3.51724e+00 -5.58621e+00       9.326e+11  8.751823e-01 -6.047371e-02 -3.154033e-01  1.248177e-01
-3.10345e+00 -5.58621e+00       5.554e+11  8.771207e-01 -1.059836e-01 -2.413442e-01  1.228793e-01
-2.68966e+00 -5.58621e+00       3.588e+11  8.502651e-01 -1.056175e-01 -1.699380e-01  1.497349e-01
-2.27586e+00 -5.58621e+00       3.212e+11  8.446584e-01 -4.216710e-02 -5.211711e-02  1.553416e-01
-1.86207e+00 -5.58621e+00       2.963e+11  7.986836e-01  2.166010e-02  7.564822e-02  2.013164e-01
-1.44828e+00 -5.58621e+00       2.381e+11  6.669335e-01  9.234244e-02  2.611581e-01  3.330665e-01
-1.03448e+00 -5.58621e+00       1.817e+11  4.614283e-01  9.629294e-02  4.345238e-01  5.385717e-01
-6.20690e-01 -5.58621e+00       1.376e+11  1.269441e-01 -2.184440e-02  3.943965e-01  8.730559e-01
-2.06897e-01 -5.58621e+00       1.129e+11 -2.757347e-01 -1.597565e-01  9.885478e-02  7.242653e-01
 2.06897e-01 -5.58621e+00       1.078e+11 -3.724231e-01 -1.819374e-01 -2.341131e-01  6.275769e-01
 6.20690e-01 -5.58621e+00       1.219e+11 -8.199183e-02 -4.341069e-02 -4.290468e-01  9.180082e-01
 1.03448e+00 -5.58621e+00       1.718e+11  3.124868e-01  1.271418e-01 -4.778638e-01  6.875132e-01
 1.44828e+00 -5.58621e+00       2.444e+11  5.670412e-01  1.737906e-01 -3.997898e-01  4.329588e-01
 1.86207e+00 -5.58621e+00       2.912e+11  7.013590e-01  1.408387e-01 -2.345510e-01  2.986410e-01
 2.27586e+00 -5.58621e+00       3.240e+11  7.844192e-01  5.670875e-02 -6.554562e-02  2.155808e-01
 2.68966e+00 -5.58621e+00       3.797e+11  8.508406e-01 -1.149540e-02  1.835577e-02  1.491594e-01
 3.10345e+00 -5.58621e+00       4.522e+11  8.889074e-01 -2.325815e-03  7.366868e-02  1.110926e-01
 3.51724e+00 -5.58621e+00       5.919e+11  8.744187e-01  2.739652e-02  2.202602e-01  1.255813e-01
 3.93103e+00 -5.58621e+00       9.527e+11  8.015990e-01  2.521218e-02  4.474640e-01  1.984010e-01
 4.34483e+00 -5.58621e+00       1.585e+12  7.184756e-01  9.644623e-03  6.198956e-01  2.815244e-01
 4.75862e+00 -5.58621e+00       2.179e+12  6.443271e-01 -5.484413e-04  7.246645e-01  3.556729e-01
 5.17241e+00 -5.58621e+00       2.388e+12  5.699691e-01 -4.121896e-03  7.976168e-01  4.300309e-01
 5.58621e+00 -5.58621e+00       2.230e+12  4.994458e-01 -4.766924e-03  8.499382e-01  5.005542e-01
 6.00000e+00 -5.58621e+00       1.869e+12  4.445816e-01 -8.707253e-03  8.808929e-01  5.554184e-01
-6.00000e+00 -5.17241e+00       2.057e+12  3.677423e-01  4.659800e-03 -9.143804e-01  6.322577e-01
-5.58621e+00 -5.17241e+00       2.196e+12  4.175548e-01 -6.752301e-04 -8.861326e-01  5.824452e-01
-5.17241e+00 -5.17241e+00       1.951e+12  4.950678e-01 -5.639200e-03 -8.263293e-01  5.049322e-01
-4.75862e+00 -5.17241e+00       1.584e+12  6.010470e-01 -1.279315e-02 -7.260397e-01  3.989530e-01
-4.34483e+00 -5.17241e+00       1.200e+12  7.062906e-01 -3.453480e-02 -6.107829e-01  2.937094e-01
-3.93103e+00 -5.17241e+00       7.938e+11  7.708102e-01 -7.426394e-02 -5.193752e-01  2.291898e-01
-3.51724e+00 -5.17241e+00       4.952e+11  7.934117e-01 -9.386068e-02 -4.442931e-01  2.065883e-01
-3.10345e+00 -5.17241e+00       3.913e+11  8.167362e-01 -4.487912e-02 -3.252047e-01  1.832638e-01
-2.68966e+00 -5.17241e+00       3.762e+11  8.134664e-01  1.979115e-02 -9.856455e-02  1.865336e-01
-2.27586e+00 -5.17241e+00       3.888e+11  7.042298e-01  7.751320e-02  2.907093e-01  2.957702e-01
-1.86207e+00 -5.17241e+00       4.425e+11  4.939633e-01  1.086883e-01  6.553136e-01  5.060367e-01
-1.44828e+00 -5.17241e+00       4.760e+11  2.312736e-01  9.812606e-02  8.236377e-01  7.687264e-01
-1.03448e+00 -5.17241e+00       4.380e+11 -1.024687e-01  6.922678e-02  8.296466e-01  8.975313e-01
-6.20690e-01 -5.17241e+00       3.703e+11 -4.661032e-01  4.438468e-02  6.502569e-01  5.338968e-01
-2.06897e-01 -5.17241e+00       3.316e+11 -6.980118e-01  2.833821e-02  2.159798e-01  3.019882e-01
 2.06897e-01 -5.17241e+00       3.530e+11 -6.320381e-01  2.939655e-02 -3.490233e-01  3.679619e-01
 6.20690e-01 -5.17241e+00       4.176e+11 -3.519023e-01  4.899411e-02 -7.355601e-01  6.480977e-01
 1.03448e+00 -5.17241e+00       4.661e+11 -3.901383e-02  7.130328e-02 -8.828339e-01  9.609862e-01
 1.44828e+00 -5.17241e+00       4.673e+11  2.525015e-01  7.977762e-02 -8.654786e-01  7.474985e-01
 1.86207e+00 -5.17241e+00       4.393e+11  5.115835e-01  6.843867e-02 -7.028703e-01  4.884165e-01
 2.27586e+00 -5.17241e+00       4.169e+11  7.224818e-01  6.550769e-02 -3.913442e-01  2.775182e-01
 2.68966e+00 -5.17241e+00       4.187e+11  8.359169e-01  7.492378e-02 -5.533979e-02  1.640831e-01
 3.10345e+00 -5.17241e+00       4.323e+11  8.590117e-01  4.887853e-02  1.719603e-01  1.409883e-01
 3.51724e+00 -5.17241e+00       4.694e+11  8.541965e-01  9.776216e-03  2.952824e-01  1.458035e-01
 3.93103e+00 -5.17241e+00       5.777e+11  8.115067e-01  9.412198e-03  4.140985e-01  1.884933e-01
 4.34483e+00 -5.17241e+00       8.885e+11  6.985363e-01  1.790832e-02  5.978710e-01  3.014637e-01
 4.75862e+00 -5.17241e+00       1.481e+12  5.822261e-01  1.190930e-02  7.480778e-01  4.177739e-01
 5.17241e+00 -5.17241e+00       2.059e+12  4.933251e-01  3.488684e-03  8.342593e-01  5.066749e-01
 5.58621e+00 -5.17241e+00       2.231e+12  4.143964e-01 -1.684472e-03  8.884239e-01  5.856036e-01
 6.00000e+00 -5.17241e+00       2.003e+12  3.431351e-01 -4.548508e-03  9.240368e-01  6.568649e-01
-6.00000e+00 -4.75862e+00       1.812e+12  2.546610e-01 -5.952416e-03 -9.441993e-01  7.453390e-01
-5.58621e+00 -4.75862e+00       1.759e+12  3.377224e-01 -7.799769e-03 -9.008398e-01  6.622776e-01
-5.17241e+00 -4.75862e+00       1.476e+12  4.540681e-01 -1.623513e-02 -8.259131e-01  5.459319e-01
-4.75862e+00 -4.75862e+00       1.109e+12  5.701061e-01 -3.761189e-02 -7.412098e-01  4.298939e-01
-4.34483e+00 -4.75862e+00       7.262e+11  6.439705e-01 -7.224844e-02 -6.684396e-01  3.560295e-01
-3.93103e+00 -4.75862e+00       4.866e+11  6.961573e-01 -7.391001e-02 -5.752156e-01  3.038427e-01
-3.51724e+00 -4.75862e+00       4.441e+11  7.695885e-01 -1.069893e-02 -3.691405e-01  2.304115e-01
-3.10345e+00 -4.75862e+00       5.136e+11  8.310477e-01  4.564282e-02 -2.220745e-02  1.689523e-01
-2.68966e+00 -4.75862e+00       6.109e+11  8.337111e-01  6.674851e-02  3.015953e-01  1.662889e-01
-2.27586e+00 -4.75862e+00       6.202e+11  7.703426e-01  7.514251e-02  5.164135e-01  2.296574e-01
-1.86207e+00 -4.75862e+00       5.230e+11  6.413587e-01  1.055984e-01  6.775245e-01  3.586413e-01
-1.44828e+00 -4.75862e+00       3.925e+11  4.656684e-01  1.441098e-01  7.970739e-01  5.343316e-01
-1.03448e+00 -4.75862e+00       2.648e+11  2.449784e-01  1.426383e-01  8.579380e-01  7.550216e-01
-6.20690e-01 -4.75862e+00       1.835e+11 -7.904861e-02  1.069551e-01  8.221453e-01  9.209514e-01
-2.06897e-01 -4.75862e+00       1.562e+11 -4.004404e-01  8.747026e-02  6.169684e-01  5.995596e-01
 2.06897e-01 -4.75862e+00       1.516e+11 -4.864870e-01  6.515526e-02  1.853353e-01  5.135130e-01
 6.20690e-01 -4.75862e+00       1.854e+11 -1.551825e-01  3.444207e-02 -4.255863e-01  8.448175e-01
 1.03448e+00 -4.75862e+00       3.030e+11  2.690254e-01  4.544532e-02 -7.572526e-01  7.309746e-01
 1.44828e+00 -4.75862e+00       4.838e+11  5.106984e-01  6.013623e-02 -7.746263e-01  4.893016e-01
 1.86207e+00 -4.75862e+00       6.422e+11  6.694828e-01  5.520025e-02 -6.799333e-01  3.305172e-01
 2.27586e+00 -4.75862e+00       6.974e+11  7.826773e-01  4.547994e-02 -5.475692e-01  2.173227e-01
 2.68966e+00 -4.75862e+00       6.378e+11  8.524308e-01  4.092806e-02 -3.508572e-01  1.475692e-01
 3.10345e+00 -4.75862e+00       5.532e+11  8.745380e-01  4.608886e-02 -4.674359e-02  1.254620e-01
 3.51724e+00 -4.75862e+00       5.041e+11  8.452049e-01  4.739395e-02  2.561223e-01  1.547951e-01
 3.93103e+00 -4.75862e+00       4.962e+11  7.938381e-01  2.270283e-02  4.446257e-01  2.061619e-01
 4.34483e+00 -4.75862e+00       5.737e+11  7.144437e-01  7.436324e-03  5.717378e-01  2.855563e-01
 4.75862e+00 -4.75862e+00       8.471e+11  5.657025e-01  1.184381e-02  7.240902e-01  4.342975e-01
 5.17241e+00 -4.75862e+00       1.393e+12  4.226456e-01  8.320542e-03  8.492625e-01  5.773544e-01
 5.58621e+00 -4.75862e+00       1.930e+12  3.299674e-01  2.605065e-03  9.150074e-01  6.700326e-01
 6.00000e+00 -4.75862e+00       2.048e+12  2.590356e-01  1.522106e-03  9.489698e-01  7.409644e-01
-6.00000e+00 -4.34483e+00       1.684e+12  1.802685e-01 -5.145206e-04 -9.499370e-01  8.197315e-01
-5.58621e+00 -4.34483e+00       1.399e+12  2.842503e-01 -8.674142e-03 -9.009395e-01  7.157497e-01
-5.17241e+00 -4.34483e+00       1.027e+12  4.100725e-01 -3.283463e-02 -8.334598e-01  5.899275e-01
-4.75862e+00 -4.34483e+00       6.848e+11  5.116204e-01 -6.954388e-02 -7.661244e-01  4.883796e-01
-4.34483e+00 -4.34483e+00       4.891e+11  6.005784e-01 -6.375761e-02 -6.605303e-01  3.994216e-01
-3.93103e+00 -4.34483e+00       4.930e+11  7.374440e-01  1.762744e-03 -4.177039e-01  2.625560e-01
-3.51724e+00 -4.34483e+00       6.095e+11  8.624502e-01  4.636485e-02 -1.135188e-01  1.375498e-01
-3.10345e+00 -4.34483e+00       6.818e+11  9.164883e-01  6.492472e-02  1.164333e-01  8.351168e-02
-2.68966e+00 -4.34483e+00       6.128e+11  9.143667e-01  8.873039e-02  2.747201e-01  8.563325e-02
-2.27586e+00 -4.34483e+00       4.729e+11  8.856441e-01  1.156726e-01  3.846996e-01  1.143559e-01
-1.86207e+00 -4.34483e+00       3.592e+11  8.505800e-01  8.548633e-02  4.369252e-01  1.494200e-01
-1.44828e+00 -4.34483e+00       3.147e+11  8.184946e-01 -3.428943e-02  4.388294e-01  1.815054e-01
-1.03448e+00 -4.34483e+00       3.296e+11  8.116502e-01 -1.101535e-01  4.173248e-01  1.883498e-01
-6.20690e-01 -4.34483e+00       3.371e+11  8.262006e-01 -7.010082e-02  3.773911e-01  1.737994e-01
-2.06897e-01 -4.34483e+00       3.037e+11  8.203603e-01  9.685540e-03  3.377719e-01  1.796397e-01
 2.06897e-01 -4.34483e+00       2.556e+11  7.307272e-01  3.615942e-02  3.394986e-01  2.692728e-01
 6.20690e-01 -4.34483e+00       2.109e+11  5.383562e-01 -4.250594e-02  3.259295e-01  4.616438e-01
 1.03448e+00 -4.34483e+00       1.807e+11  3.879122e-01 -1.346970e-01  1.136682e-01  6.120878e-01
 1.44828e+00 -4.34483e+00       2.004e+11  5.063867e-01 -5.567750e-02 -2.776174e-01  4.936133e-01
 1.86207e+00 -4.34483e+00       3.235e+11  7.460758e-01  4.803711e-02 -4.290835e-01  2.539242e-01
 2.27586e+00 -4.34483e+00       5.521e+11  8.791775e-01  5.569186e-02 -3.674267e-01  1.208225e-01
 2.68966e+00 -4.34483e+00       7.529e+11  9.337114e-01  4.302173e-02 -2.732194e-01  6.628863e-02
 3.10345e+00 -4.34483e+00       7.732e+11  9.451947e-01  3.446093e-02 -1.502848e-01  5.480535e-02
 3.51724e+00 -4.34483e+00       6.588e+11  9.083694e-01  3.415479e-02  6.290857e-02  9.163055e-02
 3.93103e+00 -4.34483e+00       5.517e+11  8.203051e-01  3.792074e-02  3.438345e-01  1.796949e-01
 4.34483e+00 -4.34483e+00       5.046e+11  7.189060e-01  2.345259e-02  5.560733e-01  2.810940e-01
 4.75862e+00 -4.34483e+00       5.682e+11  5.910012e-01  6.730152e-03  6.941209e-01  4.089988e-01
 5.17241e+00 -4.34483e+00       8.603e+11  4.106832e-01  9.697105e-03  8.244486e-01  5.893168e-01
 5.58621e+00 -4.34483e+00       1.369e+12  2.671535e-01  9.929462e-03  9.122785e-01  7.328465e-01
 6.00000e+00 -4.34483e+00       1.738e+12  1.735847e-01  4.655320e-03  9.551661e-01  8.264153e-01
-6.00000e+00 -3.93103e+00       1.299e+12  1.195827e-01 -4.031565e-03 -9.396817e-01  8.804173e-01
-5.58621e+00 -3.93103e+00       9.724e+11  2.467690e-01 -2.462511e-02 -8.907826e-01  7.532310e-01
-5.17241e+00 -3.93103e+00       6.606e+11  3.727462e-01 -6.247602e-02 -8.333379e-01  6.272538e-01
-4.75862e+00 -3.93103e+00       4.808e+11  4.953714e-01 -6.385756e-02 -7.340685e-01  5.046286e-01
-4.34483e+00 -3.93103e+00       4.947e+11  6.785894e-01 -7.245585e-04 -5.076230e-01  3.214106e-01
-3.93103e+00 -3.93103e+00       6.153e+11  8.437400e-01  4.395718e-02 -2.504412e-01  1.562600e-01
-3.51724e+00 -3.93103e+00       6.629e+11  9.296012e-01  6.642072e-02 -6.674124e-02  7.039875e-02
-3.10345e+00 -3.93103e+00       5.733e+11  9.607931e-01  8.856647e-02  4.623407e-02  3.920690e-02
-2.68966e+00 -3.93103e+00       4.566e+11  9.626249e-01  8.180211e-02  7.887337e-02  3.737511e-02
-2.27586e+00 -3.93103e+00       3.829e+11  9.362978e-01  2.622117e-02  2.376829e-02  6.370224e-02
-1.86207e+00 -3.93103e+00       3.029e+11  8.653452e-01 -8.655600e-03 -6.550870e-02  1.346548e-01
-1.44828e+00 -3.93103e+00       1.917e+11  7.202317e-01 -2.598029e-02 -1.516571e-01  2.797683e-01
-1.03448e+00 -3.93103e+00       1.137e+11  4.934848e-01 -2.175967e-01 -2.295748e-01  5.065152e-01
-6.20690e-01 -3.93103e+00       9.916e+10  3.563774e-01 -6.159750e-01 -2.721033e-01  6.436226e-01
-2.06897e-01 -3.93103e+00       1.151e+11  3.797897e-01 -7.765750e-01 -2.993982e-01  6.202103e-01
 2.06897e-01 -3.93103e+00       1.343e+11  5.016647e-01 -6.924006e-01 -3.319929e-01  4.983353e-01
 6.20690e-01 -3.93103e+00       1.607e+11  6.921646e-01 -4.521202e-01 -3.171598e-01  3.078354e-01
 1.03448e+00 -3.93103e+00       2.096e+11  8.363657e-01 -2.019986e-01 -2.341848e-01  1.636343e-01
 1.44828e+00 -3.93103e+00       2.544e+11  8.639793e-01 -6.877564e-02 -1.426562e-01  1.360207e-01
 1.86207e+00 -3.93103e+00       2.560e+11  8.270922e-01 -8.013348e-03 -1.033035e-01  1.729078e-01
 2.27586e+00 -3.93103e+00       2.855e+11  8.453161e-01  4.011788e-02 -1.326025e-01  1.546839e-01
 2.68966e+00 -3.93103e+00       4.513e+11  9.322111e-01  5.837123e-02 -1.114193e-01  6.778890e-02
 3.10345e+00 -3.93103e+00       6.857e+11  9.717357e-01  4.759073e-02 -4.281958e-02  2.826429e-02
 3.51724e+00 -3.93103e+00       7.759e+11  9.633360e-01  3.492112e-02  4.772007e-02  3.666398e-02
 3.93103e+00 -3.93103e+00       6.787e+11  8.988826e-01  3.031450e-02  2.103048e-01  1.011174e-01
 4.34483e+00 -3.93103e+00       5.484e+11  7.715887e-01  3.155897e-02  4.508890e-01  2.284113e-01
 4.75862e+00 -3.93103e+00       4.851e+11  6.249498e-01  1.881577e-02  6.534666e-01  3.750502e-01
 5.17241e+00 -3.93103e+00       5.625e+11  4.428206e-01  5.119129e-03  7.880450e-01  5.571794e-01
 5.58621e+00 -3.93103e+00       8.780e+11  2.412949e-01  9.316022e-03  8.913736e-01  7.587051e-01
 6.00000e+00 -3.93103e+00       1.317e+12  1.072635e-01  1.001480e-02  9.480065e-01  8.927365e-01
-6.00000e+00 -3.51724e+00       9.255e+11  8.376382e-02 -1.474646e-02 -9.189318e-01  9.162362e-01
-5.58621e+00 -3.51724e+00       6.440e+11  2.267160e-01 -5.068656e-02 -8.746450e-01  7.732840e-01
-5.17241e+00 -3.51724e+00       4.605e+11  3.739474e-01 -6.894477e-02 -7.973347e-01  6.260526e-01
-4.75862e+00 -3.51724e+00       4.530e+11  5.844354e-01 -1.451688e-02 -6.072651e-01  4.155646e-01
-4.34483e+00 -3.51724e+00       5.639e+11  7.866655e-01  3.722489e-02 -3.781695e-01  2.133345e-01
-3.93103e+00 -3.51724e+00       6.158e+11  9.011880e-01  6.328096e-02 -2.160496e-01  9.881198e-02
-3.51724e+00 -3.51724e+00       5.378e+11  9.494196e-01  8.268810e-02 -1.291045e-01  5.058039e-02
-3.10345e+00 -3.51724e+00       4.276e+11  9.478466e-01  7.347108e-02 -1.283261e-01  5.215344e-02
-2.68966e+00 -3.51724e+00       3.288e+11  8.997063e-01  3.198622e-02 -1.756608e-01  1.002937e-01
-2.27586e+00 -3.51724e+00       2.163e+11  8.098524e-01 -2.702872e-02 -1.639726e-01  1.901476e-01
-1.86207e+00 -3.51724e+00       1.251e+11  6.863011e-01 -1.930582e-01  1.612002e-02  3.136989e-01
-1.44828e+00 -3.51724e+00       8.459e+10  5.706081e-01 -4.522189e-01  3.029681e-01  4.293919e-01
-1.03448e+00 -3.51724e+00       7.323e+10  4.138360e-01 -5.836510e-01  4.466842e-01  5.861640e-01
-6.20690e-01 -3.51724e+00       6.940e+10  1.640324e-01 -6.169780e-01  3.638134e-01  8.359676e-01
-2.06897e-01 -3.51724e+00       6.734e+10 -5.139377e-02 -6.050897e-01  7.649156e-03  9.486062e-01
 2.06897e-01 -3.51724e+00       7.159e+10 -3.575706e-02 -5.535456e-01 -4.147357e-01  9.642429e-01
 6.20690e-01 -3.51724e+00       8.193e+10  1.943692e-01 -5.019367e-01 -5.697447e-01  8.056308e-01
 1.03448e+00 -3.51724e+00       1.021e+11  5.206759e-01 -4.416849e-01 -4.484659e-01  4.793241e-01
 1.44828e+00 -3.51724e+00       1.490e+11  7.822970e-01 -3.288279e-01 -2.256517e-01  2.177030e-01
 1.86207e+00 -3.51724e+00       2.194e+11  8.883763e-01 -1.898298e-01 -4.986147e-02  1.116237e-01
 2.27586e+00 -3.51724e+00       2.696e+11  9.035428e-01 -7.119644e-02  4.473847e-02  9.645719e-02
 2.68966e+00 -3.51724e+00       3.009e+11  9.053931e-01  2.044459e-02  6.055294e-02  9.460695e-02
 3.10345e+00 -3.51724e+00       4.192e+11  9.428030e-01  5.997198e-02  7.258490e-02  5.719703e-02
 3.51724e+00 -3.51724e+00       6.248e+11  9.638071e-01  5.090376e-02  1.238500e-01  3.619285e-02
 3.93103e+00 -3.51724e+00       7.171e+11  9.406536e-01  3.589922e-02  2.012499e-01  5.934641e-02
 4.34483e+00 -3.51724e+00       6.258e+11  8.528610e-01  2.936054e-02  3.459924e-01  1.471390e-01
 4.75862e+00 -3.51724e+00       4.964e+11  6.944263e-01  2.701243e-02  5.594317e-01  3.055737e-01
 5.17241e+00 -3.51724e+00       4.462e+11  5.039936e-01  1.158981e-02  7.388413e-01  4.960064e-01
 5.58621e+00 -3.51724e+00       5.648e+11  2.697028e-01  3.869144e-03  8.545575e-01  7.302972e-01
 6.00000e+00 -3.51724e+00       8.895e+11  7.151687e-02  1.002194e-02  9.253131e-01  9.284831e-01
-6.00000e+00 -3.10345e+00       6.285e+11  7.612205e-02 -3.537585e-02 -8.914399e-01  9.238780e-01
-5.58621e+00 -3.10345e+00       4.395e+11  2.407197e-01 -7.046541e-02 -8.400963e-01  7.592803e-01
-5.17241e+00 -3.10345e+00       3.915e+11  4.606553e-01 -3.862960e-02 -6.986458e-01  5.393447e-01
-4.75862e+00 -3.10345e+00       4.798e+11  7.015042e-01  2.346742e-02 -4.880494e-01  2.984958e-01
-4.34483e+00 -3.10345e+00       5.541e+11  8.502182e-01  5.579723e-02 -3.303017e-01  1.497818e-01
-3.93103e+00 -3.10345e+00       5.048e+11  9.172205e-01  7.630282e-02 -2.464660e-01  8.277955e-02
-3.51724e+00 -3.10345e+00       3.979e+11  9.206981e-01  7.559264e-02 -2.419209e-01  7.930188e-02
-3.10345e+00 -3.10345e+00       2.921e+11  8.759563e-01  4.166399e-02 -2.667742e-01  1.240437e-01
-2.68966e+00 -3.10345e+00       1.901e+11  8.220306e-01 -2.811236e-02 -1.924596e-01  1.779694e-01
-2.27586e+00 -3.10345e+00       1.284e+11  8.080021e-01 -1.576304e-01  7.085319e-02  1.919979e-01
-1.86207e+00 -3.10345e+00       1.278e+11  7.965407e-01 -2.036781e-01  3.610823e-01  2.034593e-01
-1.44828e+00 -3.10345e+00       1.834e+11  6.606244e-01 -1.550078e-01  5.564971e-01  3.393756e-01
-1.03448e+00 -3.10345e+00       2.798e+11  4.070369e-01 -1.669531e-01  6.483592e-01  5.929631e-01
-6.20690e-01 -3.10345e+00       3.622e+11  8.774960e-02 -2.326373e-01  5.291251e-01  9.122504e-01
-2.06897e-01 -3.10345e+00       4.071e+11 -1.467452e-01 -2.830510e-01  8.922665e-02  8.532548e-01
 2.06897e-01 -3.10345e+00       4.439e+11 -7.003263e-02 -2.478730e-01 -4.450486e-01  9.299674e-01
 6.20690e-01 -3.10345e+00       4.451e+11  2.136327e-01 -1.575269e-01 -6.964074e-01  7.863673e-01
 1.03448e+00 -3.10345e+00       3.725e+11  5.017888e-01 -8.657584e-02 -6.671024e-01  4.982112e-01
 1.44828e+00 -3.10345e+00       2.792e+11  7.337946e-01 -8.271371e-02 -4.934360e-01  2.662054e-01
 1.86207e+00 -3.10345e+00       2.260e+11  8.682282e-01 -1.345671e-01 -2.796431e-01  1.317718e-01
 2.27586e+00 -3.10345e+00       2.277e+11  9.126143e-01 -1.427688e-01 -4.161701e-02  8.738569e-02
 2.68966e+00 -3.10345e+00       2.604e+11  9.130195e-01 -7.276030e-02  1.279546e-01  8.698052e-02
 3.10345e+00 -3.10345e+00       3.011e+11  9.132435e-01  1.641139e-02  1.803283e-01  8.675651e-02
 3.51724e+00 -3.10345e+00       4.139e+11  9.361069e-01  5.930318e-02  1.975816e-01  6.389312e-02
 3.93103e+00 -3.10345e+00       5.853e+11  9.411515e-01  5.024030e-02  2.402116e-01  5.884848e-02
 4.34483e+00 -3.10345e+00       6.356e+11  8.993738e-01  3.476629e-02  3.158596e-01  1.006262e-01
 4.75862e+00 -3.10345e+00       5.311e+11  7.824558e-01  2.785193e-02  4.612458e-01  2.175442e-01
 5.17241e+00 -3.10345e+00       4.173e+11  5.909833e-01  2.051987e-02  6.566825e-01  4.090167e-01
 5.58621e+00 -3.10345e+00       4.078e+11  3.474364e-01  4.296991e-03  8.053834e-01  6.525636e-01
 6.00000e+00 -3.10345e+00       5.775e+11  8.591801e-02  6.223191e-03  8.897525e-01  9.140820e-01
-6.00000e+00 -2.68966e+00       4.072e+11  2.738689e-02  4.489411e-02 -8.687159e-01  9.726131e-01
-5.58621e+00 -2.68966e+00       3.093e+11  2.757983e-01  2.085234e-02 -7.620503e-01  7.242017e-01
-5.17241e+00 -2.68966e+00       3.713e+11  5.820408e-01  3.607376e-02 -5.735020e-01  4.179592e-01
-4.75862e+00 -2.68966e+00       4.724e+11  7.783452e-01  5.424850e-02 -4.150196e-01  2.216548e-01
-4.34483e+00 -2.68966e+00       4.706e+11  8.782219e-01  6.776577e-02 -3.195929e-01  1.217781e-01
-3.93103e+00 -2.68966e+00       3.812e+11  9.028823e-01  7.560061e-02 -2.983483e-01  9.711769e-02
-3.51724e+00 -2.68966e+00       2.791e+11  8.713166e-01  5.574050e-02 -3.144987e-01  1.286834e-01
-3.10345e+00 -2.68966e+00       1.964e+11  8.469117e-01 -2.853171e-03 -2.305251e-01  1.530883e-01
-2.68966e+00 -2.68966e+00       2.086e+11  9.046063e-01 -6.532128e-02  5.838185e-02  9.539368e-02
-2.27586e+00 -2.68966e+00       4.589e+11  9.377059e-01 -4.272685e-02  2.578855e-01  6.229412e-02
-1.86207e+00 -2.68966e+00       9.859e+11  9.196901e-01 -1.797782e-02  3.460914e-01  8.030992e-02
-1.44828e+00 -2.68966e+00       1.403e+12  8.871187e-01  3.551283e-03  4.142434e-01  1.128813e-01
-1.03448e+00 -2.68966e+00       1.257e+12  8.405054e-01  4.343130e-02  4.705951e-01  1.594946e-01
-6.20690e-01 -2.68966e+00       7.625e+11  7.724288e-01  1.248472e-01  4.712487e-01  2.275712e-01
-2.06897e-01 -2.68966e+00       4.239e+11  6.965765e-01  2.368047e-01  2.242247e-01  3.034235e-01
 2.06897e-01 -2.68966e+00       4.436e+11  7.247834e-01  1.813219e-01 -2.919241e-01  2.752166e-01
 6.20690e-01 -2.68966e+00       8.585e+11  8.172842e-01  3.924814e-02 -4.544670e-01  1.827158e-01
 1.03448e+00 -2.68966e+00       1.495e+12  8.769104e-01 -2.419967e-02 -4.255154e-01  1.230896e-01
 1.44828e+00 -2.68966e+00       1.744e+12  9.123289e-01 -4.299748e-02 -3.712568e-01  8.767109e-02
 1.86207e+00 -2.68966e+00       1.286e+12  9.357033e-01 -4.577017e-02 -3.117511e-01  6.429675e-02
 2.27586e+00 -2.68966e+00       6.556e+11  9.516658e-01 -5.336105e-02 -2.215263e-01  4.833418e-02
 2.68966e+00 -2.68966e+00       3.367e+11  9.483885e-01 -7.444348e-02 -3.105033e-02  5.161147e-02
 3.10345e+00 -2.68966e+00       2.702e+11  9.199595e-01 -4.405871e-02  1.775339e-01  8.004050e-02
 3.51724e+00 -2.68966e+00       3.019e+11  9.126056e-01  2.996733e-02  2.499795e-01  8.739438e-02
 3.93103e+00 -2.68966e+00       4.183e+11  9.264993e-01  5.803729e-02  2.729907e-01  7.350069e-02
 4.34483e+00 -2.68966e+00       5.485e+11  9.124342e-01  4.495859e-02  3.195697e-01  8.756581e-02
 4.75862e+00 -2.68966e+00       5.509e+11  8.400163e-01  3.322283e-02  4.154059e-01  1.599837e-01
 5.17241e+00 -2.68966e+00       4.561e+11  6.915159e-01  3.394984e-02  5.768212e-01  3.084841e-01
 5.58621e+00 -2.68966e+00       3.918e+11  4.717310e-01  2.938333e-02  7.445170e-01  5.282690e-01
 6.00000e+00 -2.68966e+00       4.514e+11  1.714134e-01  9.920755e-03  8.534878e-01  8.285866e-01
-6.00000e+00 -2.27586e+00       2.395e+11  1.647851e-01 -6.815726e-02 -7.201640e-01  8.352149e-01
-5.58621e+00 -2.27586e+00       2.684e+11  4.672194e-01 -2.759714e-02 -6.195002e-01  5.327806e-01
-5.17241e+00 -2.27586e+00       3.716e+11  6.988802e-01  3.351157e-02 -4.786941e-01  3.011198e-01
-4.75862e+00 -2.27586e+00       4.245e+11  8.350694e-01  5.698747e-02 -3.676352e-01  1.649306e-01
-4.34483e+00 -2.27586e+00       3.733e+11  8.914191e-01  6.800146e-02 -3.207504e-01  1.085809e-01
-3.93103e+00 -2.27586e+00       2.816e+11  8.815631e-01  6.376987e-02 -3.286374e-01  1.184369e-01
-3.51724e+00 -2.27586e+00       2.145e+11  8.678740e-01  2.370159e-02 -2.720200e-01  1.321260e-01
-3.10345e+00 -2.27586e+00       2.989e+11  9.436706e-01 -1.722522e-02 -4.627580e-02  5.632943e-02
-2.68966e+00 -2.27586e+00       7.808e+11  9.868545e-01 -3.776606e-03  6.503929e-02  1.314552e-02
-2.27586e+00 -2.27586e+00       1.590e+12  9.905069e-01  1.002766e-02  1.006272e-01  9.493103e-03
-1.86207e+00 -2.27586e+00       1.912e+12  9.876327e-01  2.111293e-02  1.250638e-01  1.236728e-02
-1.44828e+00 -2.27586e+00       1.330e+12  9.811432e-01  3.699340e-02  1.464186e-01  1.885678e-02
-1.03448e+00 -2.27586e+00       6.055e+11  9.658366e-01  6.909951e-02  1.641446e-01  3.416337e-02
-6.20690e-01 -2.27586e+00       2.952e+11  9.445353e-01  1.156191e-01  1.546572e-01  5.546465e-02
-2.06897e-01 -2.27586e+00       2.326e+11  9.411004e-01  1.215416e-01  1.129275e-01  5.889957e-02
 2.06897e-01 -2.27586e+00       2.136e+11  9.373720e-01  1.007734e-01  5.841760e-02  6.262798e-02
 6.20690e-01 -2.27586e+00       2.644e+11  9.449094e-01  4.463178e-02 -5.127053e-02  5.509060e-02
 1.03448e+00 -2.27586e+00       6.142e+11  9.734200e-01 -5.489245e-03 -1.173502e-01  2.658002e-02
 1.44828e+00 -2.27586e+00       1.435e+12  9.865435e-01 -1.981108e-02 -1.183978e-01  1.345647e-02
 1.86207e+00 -2.27586e+00       2.158e+12  9.908488e-01 -2.582348e-02 -1.064333e-01  9.151191e-03
 2.27586e+00 -2.27586e+00       1.898e+12  9.924587e-01 -2.979520e-02 -8.877202e-02  7.541295e-03
 2.68966e+00 -2.27586e+00       1.017e+12  9.902029e-01 -3.583557e-02 -5.390988e-02  9.797084e-03
 3.10345e+00 -2.27586e+00       4.388e+11  9.692186e-01 -4.513821e-02  5.216720e-02  3.078140e-02
 3.51724e+00 -2.27586e+00       2.800e+11  9.253434e-01 -1.272001e-02  2.211651e-01  7.465655e-02
 3.93103e+00 -2.27586e+00       3.106e+11  9.168031e-01  4.551564e-02  2.862599e-01  8.319693e-02
 4.34483e+00 -2.27586e+00       4.251e+11  9.188810e-01  5.229317e-02  3.144803e-01  8.111895e-02
 4.75862e+00 -2.27586e+00       4.940e+11  8.817605e-01  3.690618e-02  3.726966e-01  1.182395e-01
 5.17241e+00 -2.27586e+00       4.373e+11  7.799604e-01  2.647125e-02  4.897923e-01  2.200396e-01
 5.58621e+00 -2.27586e+00       3.405e+11  6.196428e-01  2.015672e-02  6.453843e-01  3.803572e-01
 6.00000e+00 -2.27586e+00       3.034e+11  3.883435e-01  9.714488e-03  7.597341e-01  6.116565e-01
-6.00000e+00 -1.86207e+00       2.594e+11  3.519578e-01 -1.441151e-01 -7.468131e-01  6.480422e-01
-5.58621e+00 -1.86207e+00       2.779e+11  5.979598e-01 -4.826805e-02 -5.669304e-01  4.020402e-01
-5.17241e+00 -1.86207e+00       3.473e+11  7.965490e-01  1.686583e-02 -4.002632e-01  2.034510e-01
-4.75862e+00 -1.86207e+00       3.605e+11  8.874284e-01  4.162930e-02 -3.242389e-01  1.125716e-01
-4.34483e+00 -1.86207e+00       2.947e+11  9.028609e-01  5.836157e-02 -3.147439e-01  9.713913e-02
-3.93103e+00 -1.86207e+00       2.238e+11  8.876932e-01  4.638926e-02 -3.000062e-01  1.123068e-01
-3.51724e+00 -1.86207e+00       2.858e+11  9.395510e-01  5.815771e-03 -1.468490e-01  6.044904e-02
-3.10345e+00 -1.86207e+00       7.580e+11  9.889669e-01  4.827857e-03 -4.605319e-02  1.103312e-02
-2.68966e+00 -1.86207e+00       1.647e+12  9.974169e-01  1.273917e-02 -2.152698e-02  2.583128e-03
-2.27586e+00 -1.86207e+00       2.078e+12  9.983403e-01  1.850994e-02 -8.446330e-03  1.659684e-03
-1.86207e+00 -1.86207e+00       1.505e+12  9.973197e-01  2.639659e-02  1.580820e-03  2.680287e-03
-1.44828e+00 -1.86207e+00       7.503e+11  9.923150e-01  4.246379e-02  7.517020e-03  7.685027e-03
-1.03448e+00 -1.86207e+00       4.766e+11  9.821963e-01  7.612577e-02  1.520937e-02  1.780366e-02
-6.20690e-01 -1.86207e+00       5.659e+11  9.805859e-01  1.064203e-01  2.965678e-02  1.941407e-02
-2.06897e-01 -1.86207e+00       7.031e+11  9.828918e-01  1.144413e-01  3.935904e-02  1.710818e-02
 2.06897e-01 -1.86207e+00       6.515e+11  9.818077e-01  1.116454e-01  4.773021e-02  1.819234e-02
 6.20690e-01 -1.86207e+00       4.466e+11  9.758070e-01  9.266798e-02  5.525536e-02  2.419303e-02
 1.03448e+00 -1.86207e+00       3.394e+11  9.732171e-01  3.154947e-02  4.877190e-02  2.678294e-02
 1.44828e+00 -1.86207e+00       6.340e+11  9.886845e-01 -1.221755e-02  1.996339e-02  1.131551e-02
 1.86207e+00 -1.86207e+00       1.489e+12  9.964076e-01 -1.798149e-02  1.177877e-02  3.592359e-03
 2.27586e+00 -1.86207e+00       2.235e+12  9.981576e-01 -2.065920e-02  1.428411e-02  1.842388e-03
 2.68966e+00 -1.86207e+00       1.902e+12  9.977910e-01 -2.343941e-02  2.204145e-02  2.209046e-03
 3.10345e+00 -1.86207e+00       9.660e+11  9.926946e-01 -2.770149e-02  4.602799e-02  7.305450e-03
 3.51724e+00 -1.86207e+00       4.026e+11  9.672048e-01 -2.499763e-02  1.330761e-01  3.279519e-02
 3.93103e+00 -1.86207e+00       2.738e+11  9.314657e-01  2.007207e-02  2.529069e-01  6.853432e-02
 4.34483e+00 -1.86207e+00       3.294e+11  9.302990e-01  4.907742e-02  2.893348e-01  6.970105e-02
 4.75862e+00 -1.86207e+00       4.060e+11  9.194478e-01  3.782382e-02  3.171889e-01  8.055221e-02
 5.17241e+00 -1.86207e+00       3.769e+11  8.565849e-01  2.061765e-02  3.867235e-01  1.434151e-01
 5.58621e+00 -1.86207e+00       2.728e+11  6.975605e-01 -1.959006e-03  5.338866e-01  3.024395e-01
 6.00000e+00 -1.86207e+00       2.081e+11  4.138516e-01 -2.674248e-02  7.028547e-01  5.861484e-01
-6.00000e+00 -1.44828e+00       1.539e+11  5.177195e-01  2.293172e-02 -5.766581e-01  4.822805e-01
-5.58621e+00 -1.44828e+00       2.435e+11  7.776797e-01  1.469044e-02 -4.283753e-01  2.223203e-01
-5.17241e+00 -1.44828e+00       3.329e+11  8.780377e-01  3.601006e-02 -3.414047e-01  1.219623e-01
-4.75862e+00 -1.44828e+00       3.176e+11  9.144422e-01  5.878362e-02 -2.964905e-01  8.555776e-02
-4.34483e+00 -1.44828e+00       2.388e+11  9.153032e-01  6.054460e-02 -2.825785e-01  8.469675e-02
-3.93103e+00 -1.44828e+00       2.270e+11  9.298837e-01  2.528124e-02 -2.140807e-01  7.011631e-02
-3.51724e+00 -1.44828e+00       5.187e+11  9.802446e-01  7.044168e-03 -1.045920e-01  1.975535e-02
-3.10345e+00 -1.44828e+00       1.326e+12  9.945885e-01  1.116532e-02 -7.583101e-02  5.411542e-03
-2.68966e+00 -1.44828e+00       2.064e+12  9.968377e-01  1.475774e-02 -6.668703e-02  3.162310e-03
-2.27586e+00 -1.44828e+00       1.832e+12  9.969808e-01  1.918773e-02 -6.106400e-02  3.019235e-03
-1.86207e+00 -1.44828e+00       1.159e+12  9.955242e-01  2.923456e-02 -5.933272e-02  4.475782e-03
-1.44828e+00 -1.44828e+00       1.051e+12  9.940645e-01  3.317515e-02 -6.237556e-02  5.935545e-03
-1.03448e+00 -1.44828e+00       1.380e+12  9.949660e-01  1.582446e-02 -5.971522e-02  5.034012e-03
-6.20690e-01 -1.44828e+00       1.491e+12  9.958059e-01 -7.575462e-03 -4.436768e-02  4.194084e-03
-2.06897e-01 -1.44828e+00       1.305e+12  9.956921e-01 -2.834715e-02 -6.640635e-03  4.307861e-03
 2.06897e-01 -1.44828e+00       1.190e+12  9.943375e-01 -3.248129e-02  5.045831e-02  5.662457e-03
 6.20690e-01 -1.44828e+00       1.156e+12  9.923218e-01 -1.877448e-02  9.299444e-02  7.678171e-03
 1.03448e+00 -1.44828e+00       9.306e+11  9.898872e-01 -2.624916e-03  1.119213e-01  1.011278e-02
 1.44828e+00 -1.44828e+00       6.618e+11  9.881838e-01  2.659804e-03  1.051130e-01  1.181616e-02
 1.86207e+00 -1.44828e+00       9.159e+11  9.929578e-01 -9.494656e-03  7.216339e-02  7.042197e-03
 2.27586e+00 -1.44828e+00       1.777e+12  9.963557e-01 -1.499515e-02  6.210232e-02  3.644257e-03
 2.68966e+00 -1.44828e+00       2.208e+12  9.970022e-01 -1.740105e-02  6.271758e-02  2.997767e-03
 3.10345e+00 -1.44828e+00       1.543e+12  9.958436e-01 -1.998339e-02  6.910794e-02  4.156368e-03
 3.51724e+00 -1.44828e+00       6.761e+11  9.878696e-01 -2.195485e-02  9.758730e-02  1.213039e-02
 3.93103e+00 -1.44828e+00       3.042e+11  9.606985e-01 -1.877777e-03  1.856638e-01  3.930147e-02
 4.34483e+00 -1.44828e+00       2.814e+11  9.437994e-01  4.062436e-02  2.557485e-01  5.620058e-02
 4.75862e+00 -1.44828e+00       3.644e+11  9.396425e-01  4.242194e-02  2.812201e-01  6.035751e-02
 5.17241e+00 -1.44828e+00       3.744e+11  9.134533e-01  3.109912e-02  3.229145e-01  8.654668e-02
 5.58621e+00 -1.44828e+00       2.828e+11  8.363242e-01  3.135159e-02  4.139624e-01  1.636758e-01
 6.00000e+00 -1.44828e+00       2.000e+11  6.589238e-01  2.810609e-02  5.725303e-01  3.410762e-01
-6.00000e+00 -1.03448e+00       1.779e+11  6.930557e-01 -6.127155e-02 -5.221215e-01  3.069443e-01
-5.58621e+00 -1.03448e+00       2.367e+11  8.532133e-01  6.153309e-03 -3.306168e-01  1.467867e-01
-5.17241e+00 -1.03448e+00       2.831e+11  9.288585e-01  2.287574e-02 -2.366332e-01  7.114153e-02
-4.75862e+00 -1.03448e+00       2.558e+11  9.518978e-01  2.541677e-02 -2.161657e-01  4.810224e-02
-4.34483e+00 -1.03448e+00       2.065e+11  9.499197e-01  2.664678e-02 -2.146328e-01  5.008029e-02
-3.93103e+00 -1.03448e+00       2.888e+11  9.707381e-01  1.161986e-02 -1.403177e-01  2.926192e-02
-3.51724e+00 -1.03448e+00       8.019e+11  9.917895e-01  8.207901e-03 -9.055845e-02  8.210506e-03
-3.10345e+00 -1.03448e+00       1.706e+12  9.958997e-01  1.065576e-02 -8.030343e-02  4.100298e-03
-2.68966e+00 -1.03448e+00       2.074e+12  9.965141e-01  1.275728e-02 -7.672441e-02  3.485923e-03
-2.27586e+00 -1.03448e+00       1.570e+12  9.960752e-01  1.643976e-02 -7.670735e-02  3.924793e-03
-1.86207e+00 -1.03448e+00       1.219e+12  9.949869e-01  1.871362e-02 -8.028436e-02  5.013090e-03
-1.44828e+00 -1.03448e+00       1.606e+12  9.954875e-01  1.292762e-02 -7.294789e-02  4.512506e-03
-1.03448e+00 -1.03448e+00       2.948e+12  9.973642e-01  1.037514e-02 -5.019558e-02  2.635753e-03
-6.20690e-01 -1.03448e+00       5.698e+12  9.987662e-01  9.156441e-03 -2.992421e-02  1.233780e-03
-2.06897e-01 -1.03448e+00       8.444e+12  9.993780e-01  6.383070e-03 -1.577942e-02  6.219753e-04
 2.06897e-01 -1.03448e+00       8.316e+12  9.995405e-01  3.602011e-03 -3.074740e-03  4.594621e-04
 6.20690e-01 -1.03448e+00       5.370e+12  9.991637e-01  1.037648e-03  1.226855e-02  8.362802e-04
 1.03448e+00 -1.03448e+00       2.479e+12  9.973802e-01 -2.282520e-03  3.967641e-02  2.619838e-03
 1.44828e+00 -1.03448e+00       1.073e+12  9.934468e-01 -5.221432e-03  8.255431e-02  6.553245e-03
 1.86207e+00 -1.03448e+00       7.776e+11  9.924426e-01 -7.040094e-03  9.184616e-02  7.557441e-03
 2.27586e+00 -1.03448e+00       1.329e+12  9.957789e-01 -1.022917e-02  7.217930e-02  4.221052e-03
 2.68966e+00 -1.03448e+00       2.077e+12  9.969871e-01 -1.216002e-02  6.775350e-02  3.012863e-03
 3.10345e+00 -1.03448e+00       1.881e+12  9.969307e-01 -1.374431e-02  6.905754e-02  3.069328e-03
 3.51724e+00 -1.03448e+00       9.815e+11  9.947610e-01 -1.498015e-02  7.874593e-02  5.238973e-03
 3.93103e+00 -1.03448e+00       3.905e+11  9.843441e-01 -8.054891e-03  1.197311e-01  1.565585e-02
 4.34483e+00 -1.03448e+00       2.489e+11  9.702308e-01  2.000806e-02  1.802002e-01  2.976920e-02
 4.75862e+00 -1.03448e+00       2.912e+11  9.675613e-01  2.907842e-02  2.030760e-01  3.243874e-02
 5.17241e+00 -1.03448e+00       3.236e+11  9.536455e-01  2.204387e-02  2.315949e-01  4.635450e-02
 5.58621e+00 -1.03448e+00       2.544e+11  9.032802e-01  7.715213e-03  3.053741e-01  9.671985e-02
 6.00000e+00 -1.03448e+00       1.601e+11  7.661958e-01 -2.150323e-02  4.583165e-01  2.338042e-01
-6.00000e+00 -6.20690e-01       1.563e+11  8.940723e-01 -4.617611e-02 -2.931073e-01  1.059277e-01
-5.58621e+00 -6.20690e-01       2.427e+11  9.444810e-01  1.639247e-02 -2.157410e-01  5.551903e-02
-5.17241e+00 -6.20690e-01       2.818e+11  9.681628e-01  3.421955e-02 -1.662121e-01  3.183715e-02
-4.75862e+00 -6.20690e-01       2.332e+11  9.764241e-01  3.207649e-02 -1.457407e-01  2.357585e-02
-4.34483e+00 -6.20690e-01       1.936e+11  9.779454e-01  1.632799e-02 -1.338519e-01  2.205460e-02
-3.93103e+00 -6.20690e-01       3.649e+11  9.903271e-01  4.984410e-03 -8.603840e-02  9.672928e-03
-3.51724e+00 -6.20690e-01       1.025e+12  9.965983e-01  6.473579e-03 -6.650806e-02  3.401723e-03
-3.10345e+00 -6.20690e-01       1.885e+12  9.976882e-01  8.013192e-03 -6.255442e-02  2.311846e-03
-2.68966e+00 -6.20690e-01       1.986e+12  9.977229e-01  8.990551e-03 -6.229726e-02  2.277087e-03
-2.27586e+00 -6.20690e-01       1.506e+12  9.973075e-01  9.535390e-03 -6.495764e-02  2.692461e-03
-1.86207e+00 -6.20690e-01       1.808e+12  9.975198e-01  5.806594e-03 -6.039090e-02  2.480172e-03
-1.44828e+00 -6.20690e-01       4.591e+12  9.985841e-01  1.383029e-03 -4.508779e-02  1.415929e-03
-1.03448e+00 -6.20690e-01       1.251e+13  9.992150e-01 -1.564750e-03 -3.297565e-02  7.849642e-04
-6.20690e-01 -6.20690e-01       2.536e+13  9.995413e-01 -4.080013e-03 -2.270178e-02  4.587318e-04
-2.06897e-01 -6.20690e-01       3.578e+13  9.997306e-01 -5.959302e-03 -1.209666e-02  2.693729e-04
 2.06897e-01 -6.20690e-01       3.541e+13  9.998099e-01 -7.123084e-03 -1.363037e-03  1.900932e-04
 6.20690e-01 -6.20690e-01       2.451e+13  9.997778e-01 -7.726073e-03  8.635135e-03  2.221944e-04
 1.03448e+00 -6.20690e-01       1.163e+13  9.995831e-01 -8.034130e-03  1.821317e-02  4.168692e-04
 1.44828e+00 -6.20690e-01       3.857e+12  9.989158e-01 -8.256335e-03  3.140827e-02  1.084190e-03
 1.86207e+00 -6.20690e-01       1.226e+12  9.972918e-01 -7.805340e-03  5.294754e-02  2.708229e-03
 2.27586e+00 -6.20690e-01       1.126e+12  9.975204e-01 -7.128078e-03  5.334886e-02  2.479551e-03
 2.68966e+00 -6.20690e-01       1.860e+12  9.984351e-01 -7.805573e-03  4.735033e-02  1.564866e-03
 3.10345e+00 -6.20690e-01       1.984e+12  9.986159e-01 -8.488196e-03  4.688136e-02  1.384112e-03
 3.51724e+00 -6.20690e-01       1.194e+12  9.981539e-01 -8.821840e-03  5.024251e-02  1.846111e-03
 3.93103e+00 -6.20690e-01       4.796e+11  9.953471e-01 -5.832520e-03  6.689531e-02  4.652925e-03
 4.34483e+00 -6.20690e-01       2.517e+11  9.889620e-01  1.137747e-02  1.052225e-01  1.103797e-02
 4.75862e+00 -6.20690e-01       2.858e+11  9.863715e-01  2.238060e-02  1.278420e-01  1.362855e-02
 5.17241e+00 -6.20690e-01       3.385e+11  9.815870e-01  1.710803e-02  1.493809e-01  1.841296e-02
 5.58621e+00 -6.20690e-01       2.864e+11  9.675904e-01  8.819471e-03  1.927959e-01  3.240964e-02
 6.00000e+00 -6.20690e-01       1.894e+11  9.388267e-01  2.726253e-03  2.570672e-01  6.117325e-02
-6.00000e+00 -2.06897e-01       1.362e+11  9.862201e-01 -1.785848e-02 -1.029901e-01  1.377992e-02
-5.58621e+00 -2.06897e-01       2.337e+11  9.929333e-01  1.080142e-03 -7.937041e-02  7.066703e-03
-5.17241e+00 -2.06897e-01       2.768e+11  9.956849e-01  7.285206e-03 -6.448631e-02  4.315112e-03
-4.75862e+00 -2.06897e-01       2.278e+11  9.963644e-01  6.574660e-03 -5.831290e-02  3.635573e-03
-4.34483e+00 -2.06897e-01       1.953e+11  9.963230e-01  4.224521e-04 -5.284783e-02  3.676982e-03
-3.93103e+00 -2.06897e-01       4.131e+11  9.983279e-01 -3.196006e-04 -3.637206e-02  1.672124e-03
-3.51724e+00 -2.06897e-01       1.134e+12  9.992500e-01  2.353829e-03 -3.064774e-02  7.499788e-04
-3.10345e+00 -2.06897e-01       1.939e+12  9.993830e-01  3.353815e-03 -3.001516e-02  6.170354e-04
-2.68966e+00 -2.06897e-01       1.929e+12  9.992716e-01  3.213019e-03 -3.193979e-02  7.283582e-04
-2.27586e+00 -2.06897e-01       1.578e+12  9.991208e-01  6.270687e-04 -3.483848e-02  8.791560e-04
-1.86207e+00 -2.06897e-01       2.652e+12  9.994308e-01 -3.758009e-03 -2.882681e-02  5.692043e-04
-1.44828e+00 -2.06897e-01       8.057e+12  9.996953e-01 -5.029237e-03 -2.154970e-02  3.047191e-04
-1.03448e+00 -2.06897e-01       2.131e+13  9.997996e-01 -5.485493e-03 -1.699349e-02  2.004086e-04
-6.20690e-01 -2.06897e-01       4.008e+13  9.998661e-01 -5.807590e-03 -1.283397e-02  1.338727e-04
-2.06897e-01 -2.06897e-01       5.390e+13  9.999159e-01 -5.982966e-03 -8.493107e-03  8.407539e-05
 2.06897e-01 -2.06897e-01       5.344e+13  9.999465e-01 -6.050160e-03 -4.262766e-03  5.352121e-05
 6.20690e-01 -2.06897e-01       3.897e+13  9.999563e-01 -6.062882e-03 -6.250442e-04  4.370787e-05
 1.03448e+00 -2.06897e-01       2.012e+13  9.999415e-01 -6.062228e-03  2.348339e-03  5.850423e-05
 1.44828e+00 -2.06897e-01       7.124e+12  9.998653e-01 -6.057956e-03  5.805841e-03  1.346616e-04
 1.86207e+00 -2.06897e-01       1.969e+12  9.995976e-01 -5.605394e-03  1.276087e-02  4.023877e-04
 2.27586e+00 -2.06897e-01       1.126e+12  9.994570e-01 -4.012341e-03  1.511869e-02  5.430265e-04
 2.68966e+00 -2.06897e-01       1.745e+12  9.997431e-01 -3.909600e-03  1.081473e-02  2.568644e-04
 3.10345e+00 -2.06897e-01       2.006e+12  9.998476e-01 -3.909063e-03  1.009749e-02  1.524328e-04
 3.51724e+00 -2.06897e-01       1.301e+12  9.998238e-01 -3.368837e-03  1.085657e-02  1.761718e-04
 3.93103e+00 -2.06897e-01       5.387e+11  9.995388e-01 -1.155661e-03  1.450682e-02  4.611623e-04
 4.34483e+00 -2.06897e-01       2.638e+11  9.988447e-01  4.258134e-03  2.290926e-02  1.155336e-03
 4.75862e+00 -2.06897e-01       2.797e+11  9.987023e-01  4.423025e-03  2.928420e-02  1.297709e-03
 5.17241e+00 -2.06897e-01       3.234e+11  9.985667e-01  3.553480e-04  3.584583e-02  1.433302e-03
 5.58621e+00 -2.06897e-01       2.745e+11  9.977040e-01 -3.602431e-03  4.578974e-02  2.296024e-03
 6.00000e+00 -2.06897e-01       1.827e+11  9.954322e-01 -7.786479e-03  6.020338e-02  4.567832e-03
-6.00000e+00  2.06897e-01       1.362e+11  9.869073e-01  1.577965e-03  6.542912e-02  1.309274e-02
-5.58621e+00  2.06897e-01       2.339e+11  9.938059e-01 -6.428073e-03  5.659894e-02  6.194064e-03
-5.17241e+00  2.06897e-01       2.768e+11  9.965384e-01 -1.421762e-02  4.750957e-02  3.461648e-03
-4.75862e+00  2.06897e-01       2.274e+11  9.974632e-01 -2.198701e-02  4.024692e-02  2.536788e-03
-4.34483e+00  2.06897e-01       1.947e+11  9.980809e-01 -1.947833e-02  3.031409e-02  1.919103e-03
-3.93103e+00  2.06897e-01       4.135e+11  9.993451e-01 -6.418548e-03  1.422076e-02  6.549187e-04
-3.51724e+00  2.06897e-01       1.138e+12  9.997548e-01 -2.104776e-03  9.906377e-03  2.451920e-04
-3.10345e+00  2.06897e-01       1.948e+12  9.998005e-01 -1.428077e-03  8.170961e-03  1.994608e-04
-2.68966e+00  2.06897e-01       1.944e+12  9.997501e-01 -2.631585e-03  4.943086e-03  2.499227e-04
-2.27586e+00  2.06897e-01       1.600e+12  9.996881e-01 -7.405359e-03  1.431943e-03  3.118601e-04
-1.86207e+00  2.06897e-01       2.679e+12  9.997973e-01 -1.085443e-02  3.292807e-03  2.026794e-04
-1.44828e+00  2.06897e-01       8.078e+12  9.998964e-01 -9.156644e-03  3.331875e-03  1.035590e-04
-1.03448e+00  2.06897e-01       2.132e+13  9.999379e-01 -7.139766e-03  1.516170e-03  6.214593e-05
-6.20690e-01  2.06897e-01       4.011e+13  9.999555e-01 -5.481796e-03 -1.137758e-03  4.453323e-05
-2.06897e-01  2.06897e-01       5.394e+13  9.999521e-01 -4.243945e-03 -4.675116e-03  4.790674e-05
 2.06897e-01  2.06897e-01       5.348e+13  9.999246e-01 -3.412496e-03 -8.845640e-03  7.535440e-05
 6.20690e-01  2.06897e-01       3.900e+13  9.998738e-01 -2.877474e-03 -1.317449e-02  1.262325e-04
 1.03448e+00  2.06897e-01       2.013e+13  9.998039e-01 -2.515089e-03 -1.726251e-02  1.960906e-04
 1.44828e+00  2.06897e-01       7.136e+12  9.997188e-01 -2.171477e-03 -2.080621e-02  2.812485e-04
 1.86207e+00  2.06897e-01       1.983e+12  9.995943e-01 -1.300133e-03 -2.373000e-02  4.057065e-04
 2.27586e+00  2.06897e-01       1.134e+12  9.993956e-01  3.555668e-05 -2.862865e-02  6.043653e-04
 2.68966e+00  2.06897e-01       1.747e+12  9.994094e-01  1.878219e-04 -3.077290e-02  5.905529e-04
 3.10345e+00  2.06897e-01       2.006e+12  9.994453e-01  8.853662e-04 -3.083245e-02  5.546546e-04
 3.51724e+00  2.06897e-01       1.301e+12  9.993582e-01  2.369023e-03 -3.161947e-02  6.418155e-04
 3.93103e+00  2.06897e-01       5.395e+11  9.987087e-01  4.257513e-03 -3.811690e-02  1.291265e-03
 4.34483e+00  2.06897e-01       2.651e+11  9.969136e-01 -2.188060e-03 -5.938655e-02  3.086375e-03
 4.75862e+00  2.06897e-01       2.811e+11  9.961476e-01 -1.372609e-02 -7.143191e-02  3.852422e-03
 5.17241e+00  2.06897e-01       3.247e+11  9.952262e-01 -1.527999e-02 -7.760312e-02  4.773828e-03
 5.58621e+00  2.06897e-01       2.754e+11  9.921396e-01 -1.702638e-02 -9.572039e-02  7.860367e-03
 6.00000e+00  2.06897e-01       1.837e+11  9.860898e-01 -2.514216e-02 -1.278884e-01  1.391024e-02
-6.00000e+00  6.20690e-01       1.548e+11  9.034464e-01  3.231875e-02  2.550213e-01  9.655363e-02
-5.58621e+00  6.20690e-01       2.415e+11  9.498420e-01 -2.285117e-02  1.940911e-01  5.015795e-02
-5.17241e+00  6.20690e-01       2.799e+11  9.713820e-01 -4.242440e-02  1.502043e-01  2.861800e-02
-4.75862e+00  6.20690e-01       2.307e+11  9.793962e-01 -4.752840e-02  1.283702e-01  2.060379e-02
-4.34483e+00  6.20690e-01       1.913e+11  9.826155e-01 -3.564555e-02  1.128714e-01  1.738448e-02
-3.93103e+00  6.20690e-01       3.656e+11  9.934140e-01 -1.338332e-02  6.455486e-02  6.586040e-03
-3.51724e+00  6.20690e-01       1.035e+12  9.980331e-01 -7.053354e-03  4.634907e-02  1.966924e-03
-3.10345e+00  6.20690e-01       1.909e+12  9.987764e-01 -6.480320e-03  4.193045e-02  1.223631e-03
-2.68966e+00  6.20690e-01       2.027e+12  9.988896e-01 -8.161529e-03  3.783314e-02  1.110364e-03
-2.27586e+00  6.20690e-01       1.569e+12  9.987236e-01 -1.391794e-02  3.402126e-02  1.276375e-03
-1.86207e+00  6.20690e-01       1.890e+12  9.985947e-01 -1.853926e-02  3.331337e-02  1.405253e-03
-1.44828e+00  6.20690e-01       4.663e+12  9.991263e-01 -1.553369e-02  2.533727e-02  8.737253e-04
-1.03448e+00  6.20690e-01       1.254e+13  9.995657e-01 -1.150407e-02  1.591222e-02  4.342947e-04
-6.20690e-01  6.20690e-01       2.538e+13  9.997627e-01 -7.802535e-03  7.201109e-03  2.372898e-04
-2.06897e-01  6.20690e-01       3.582e+13  9.998096e-01 -4.866177e-03 -2.527113e-03  1.903523e-04
 2.06897e-01  6.20690e-01       3.544e+13  9.997292e-01 -2.877533e-03 -1.320152e-02  2.707557e-04
 6.20690e-01  6.20690e-01       2.450e+13  9.995302e-01 -1.689532e-03 -2.391631e-02  4.698428e-04
 1.03448e+00  6.20690e-01       1.162e+13  9.992120e-01 -9.324550e-04 -3.430945e-02  7.879792e-04
 1.44828e+00  6.20690e-01       3.894e+12  9.986795e-01  1.401701e-04 -4.571870e-02  1.320466e-03
 1.86207e+00  6.20690e-01       1.270e+12  9.976955e-01  2.643137e-03 -6.052176e-02  2.304470e-03
 2.27586e+00  6.20690e-01       1.148e+12  9.972605e-01  3.629047e-03 -6.770623e-02  2.739479e-03
 2.68966e+00  6.20690e-01       1.866e+12  9.975299e-01  3.822214e-03 -6.650486e-02  2.470087e-03
 3.10345e+00  6.20690e-01       1.986e+12  9.975640e-01  5.250940e-03 -6.633961e-02  2.436033e-03
 3.51724e+00  6.20690e-01       1.195e+12  9.968783e-01  7.636987e-03 -6.984877e-02  3.121743e-03
 3.93103e+00  6.20690e-01       4.823e+11  9.927921e-01  8.342060e-03 -9.033522e-02  7.207864e-03
 4.34483e+00  6.20690e-01       2.558e+11  9.832437e-01 -1.023180e-02 -1.423327e-01  1.675626e-02
 4.75862e+00  6.20690e-01       2.909e+11  9.794303e-01 -2.803430e-02 -1.690291e-01  2.056974e-02
 5.17241e+00  6.20690e-01       3.433e+11  9.729002e-01 -2.540809e-02 -1.881465e-01  2.709983e-02
 5.58621e+00  6.20690e-01       2.900e+11  9.531312e-01 -2.020581e-02 -2.369732e-01  4.686881e-02
 6.00000e+00  6.20690e-01       1.930e+11  9.149358e-01 -2.010356e-02 -3.161923e-01  8.506419e-02
-6.00000e+00  1.03448e+00       1.735e+11  7.224096e-01  3.868316e-02  4.858009e-01  2.775904e-01
-5.58621e+00  1.03448e+00       2.336e+11  8.661611e-01 -2.418331e-02  3.048645e-01  1.338389e-01
-5.17241e+00  1.03448e+00       2.792e+11  9.336361e-01 -3.541622e-02  2.167781e-01  6.636391e-02
-4.75862e+00  1.03448e+00       2.506e+11  9.548912e-01 -3.902424e-02  1.984055e-01  4.510875e-02
-4.34483e+00  1.03448e+00       2.013e+11  9.550371e-01 -4.453167e-02  1.975668e-01  4.496295e-02
-3.93103e+00  1.03448e+00       2.877e+11  9.758483e-01 -2.400559e-02  1.209854e-01  2.415170e-02
-3.51724e+00  1.03448e+00       8.141e+11  9.939678e-01 -1.139960e-02  7.197931e-02  6.032228e-03
-3.10345e+00  1.03448e+00       1.742e+12  9.972480e-01 -1.079814e-02  6.191451e-02  2.752042e-03
-2.68966e+00  1.03448e+00       2.139e+12  9.977777e-01 -1.278995e-02  5.631360e-02  2.222336e-03
-2.27586e+00  1.03448e+00       1.668e+12  9.975291e-01 -1.886933e-02  5.176284e-02  2.470908e-03
-1.86207e+00  1.03448e+00       1.360e+12  9.963643e-01 -2.636458e-02  5.574502e-02  3.635709e-03
-1.44828e+00  1.03448e+00       1.772e+12  9.960800e-01 -2.348857e-02  5.524598e-02  3.919990e-03
-1.03448e+00  1.03448e+00       3.058e+12  9.974662e-01 -2.190371e-02  3.168403e-02  2.533815e-03
-6.20690e-01  1.03448e+00       5.677e+12  9.987647e-01 -2.174314e-02  8.441024e-03  1.235290e-03
-2.06897e-01  1.03448e+00       8.306e+12  9.992450e-01 -1.900725e-02 -6.244398e-03  7.550398e-04
 2.06897e-01  1.03448e+00       8.151e+12  9.992144e-01 -1.569391e-02 -1.900899e-02  7.856197e-04
 6.20690e-01  1.03448e+00       5.292e+12  9.987259e-01 -1.211214e-02 -3.387060e-02  1.274070e-03
 1.03448e+00  1.03448e+00       2.542e+12  9.973837e-01 -5.898360e-03 -5.582379e-02  2.616295e-03
 1.44828e+00  1.03448e+00       1.190e+12  9.950291e-01  2.603473e-03 -8.374714e-02  4.970903e-03
 1.86207e+00  1.03448e+00       8.488e+11  9.938557e-01  6.500507e-03 -9.531987e-02  6.144308e-03
 2.27586e+00  1.03448e+00       1.347e+12  9.951913e-01  6.462407e-03 -8.800119e-02  4.808656e-03
 2.68966e+00  1.03448e+00       2.072e+12  9.958763e-01  7.826509e-03 -8.492186e-02  4.123666e-03
 3.10345e+00  1.03448e+00       1.871e+12  9.956675e-01  1.036881e-02 -8.598442e-02  4.332541e-03
 3.51724e+00  1.03448e+00       9.783e+11  9.929434e-01  1.379877e-02 -9.632399e-02  7.056642e-03
 3.93103e+00  1.03448e+00       3.942e+11  9.797954e-01  9.603134e-03 -1.433655e-01  2.020459e-02
 4.34483e+00  1.03448e+00       2.546e+11  9.613696e-01 -2.254542e-02 -2.156667e-01  3.863038e-02
 4.75862e+00  1.03448e+00       2.983e+11  9.571543e-01 -3.465996e-02 -2.417989e-01  4.284570e-02
 5.17241e+00  1.03448e+00       3.327e+11  9.408712e-01 -2.462832e-02 -2.690332e-01  5.912882e-02
 5.58621e+00  1.03448e+00       2.630e+11  8.832526e-01 -8.132372e-03 -3.439707e-01  1.167474e-01
 6.00000e+00  1.03448e+00       1.675e+11  7.350690e-01  1.895749e-02 -4.995861e-01  2.649310e-01
-6.00000e+00  1.44828e+00       1.518e+11  5.282622e-01 -3.918316e-02  5.602559e-01  4.717378e-01
-5.58621e+00  1.44828e+00       2.430e+11  7.806072e-01 -2.021661e-02  4.143715e-01  2.193928e-01
-5.17241e+00  1.44828e+00       3.314e+11  8.795009e-01 -3.666791e-02  3.319994e-01  1.204991e-01
-4.75862e+00  1.44828e+00       3.131e+11  9.156130e-01 -6.327431e-02  2.887144e-01  8.438702e-02
-4.34483e+00  1.44828e+00       2.317e+11  9.178729e-01 -7.309109e-02  2.738609e-01  8.212714e-02
-3.93103e+00  1.44828e+00       2.208e+11  9.348710e-01 -4.126808e-02  2.007062e-01  6.512902e-02
-3.51724e+00  1.44828e+00       5.238e+11  9.832116e-01 -1.443025e-02  8.800328e-02  1.678836e-02
-3.10345e+00  1.44828e+00       1.359e+12  9.958447e-01 -1.326314e-02  5.987717e-02  4.155294e-03
-2.68966e+00  1.44828e+00       2.136e+12  9.976815e-01 -1.568684e-02  5.052207e-02  2.318521e-03
-2.27586e+00  1.44828e+00       1.946e+12  9.977090e-01 -2.097983e-02  4.343075e-02  2.290965e-03
-1.86207e+00  1.44828e+00       1.326e+12  9.962692e-01 -3.268592e-02  4.215939e-02  3.730776e-03
-1.44828e+00  1.44828e+00       1.304e+12  9.945739e-01 -3.666088e-02  5.576120e-02  5.426110e-03
-1.03448e+00  1.44828e+00       1.745e+12  9.948820e-01 -1.895063e-02  6.368968e-02  5.118044e-03
-6.20690e-01  1.44828e+00       1.921e+12  9.955394e-01  6.062084e-03  5.571300e-02  4.460565e-03
-2.06897e-01  1.44828e+00       1.736e+12  9.959690e-01  2.883757e-02  2.621428e-02  4.030986e-03
 2.06897e-01  1.44828e+00       1.627e+12  9.960170e-01  3.436851e-02 -2.190079e-02  3.982976e-03
 6.20690e-01  1.44828e+00       1.584e+12  9.953110e-01  2.271634e-02 -6.144599e-02  4.688956e-03
 1.03448e+00  1.44828e+00       1.253e+12  9.936746e-01  9.236596e-03 -8.518496e-02  6.325407e-03
 1.44828e+00  1.44828e+00       8.237e+11  9.915690e-01  2.684355e-03 -9.704979e-02  8.431009e-03
 1.86207e+00  1.44828e+00       9.658e+11  9.933525e-01  6.049254e-03 -8.622472e-02  6.647489e-03
 2.27586e+00  1.44828e+00       1.777e+12  9.957486e-01  8.979630e-03 -7.701747e-02  4.251354e-03
 2.68966e+00  1.44828e+00       2.192e+12  9.962169e-01  1.177008e-02 -7.646753e-02  3.783086e-03
 3.10345e+00  1.44828e+00       1.532e+12  9.948489e-01  1.536142e-02 -8.252991e-02  5.151068e-03
 3.51724e+00  1.44828e+00       6.773e+11  9.855332e-01  1.893712e-02 -1.131681e-01  1.446675e-02
 3.93103e+00  1.44828e+00       3.125e+11  9.542481e-01 -2.375644e-04 -2.098941e-01  4.575194e-02
 4.34483e+00  1.44828e+00       2.908e+11  9.345307e-01 -4.703452e-02 -2.854850e-01  6.546932e-02
 4.75862e+00  1.44828e+00       3.730e+11  9.289400e-01 -5.376982e-02 -3.089369e-01  7.105996e-02
 5.17241e+00  1.44828e+00       3.810e+11  8.980816e-01 -4.543839e-02 -3.502372e-01  1.019184e-01
 5.58621e+00  1.44828e+00       2.872e+11  8.102606e-01 -5.222926e-02 -4.457982e-01  1.897394e-01
 6.00000e+00  1.44828e+00       2.041e+11  6.202004e-01 -5.704357e-02 -6.067706e-01  3.797996e-01
-6.00000e+00  1.86207e+00       2.484e+11  3.734843e-01  1.361083e-01  7.254746e-01  6.265157e-01
-5.58621e+00  1.86207e+00       2.732e+11  6.128442e-01  3.047820e-02  5.493394e-01  3.871558e-01
-5.17241e+00  1.86207e+00       3.439e+11  8.006931e-01 -2.572660e-02  3.893630e-01  1.993069e-01
-4.75862e+00  1.86207e+00       3.547e+11  8.876577e-01 -4.489931e-02  3.160830e-01  1.123423e-01
-4.34483e+00  1.86207e+00       2.866e+11  9.027964e-01 -6.495321e-02  3.082651e-01  9.720360e-02
-3.93103e+00  1.86207e+00       2.151e+11  8.888262e-01 -6.168098e-02  2.935573e-01  1.111738e-01
-3.51724e+00  1.86207e+00       2.834e+11  9.428611e-01 -2.099355e-02  1.327985e-01  5.713894e-02
-3.10345e+00  1.86207e+00       7.780e+11  9.900374e-01 -1.144758e-02  3.232617e-02  9.962625e-03
-2.68966e+00  1.86207e+00       1.709e+12  9.975408e-01 -1.608426e-02  8.741886e-03  2.459157e-03
-2.27586e+00  1.86207e+00       2.187e+12  9.981261e-01 -2.210102e-02 -4.047658e-03  1.873906e-03
-1.86207e+00  1.86207e+00       1.661e+12  9.968995e-01 -3.202807e-02 -1.245372e-02  3.100460e-03
-1.44828e+00  1.86207e+00       9.500e+11  9.927324e-01 -4.714942e-02 -1.062257e-02  7.267575e-03
-1.03448e+00  1.86207e+00       6.966e+11  9.865290e-01 -6.665545e-02 -8.477907e-03  1.347100e-02
-6.20690e-01  1.86207e+00       8.172e+11  9.858668e-01 -8.712808e-02 -2.186398e-02  1.413319e-02
-2.06897e-01  1.86207e+00       9.913e+11  9.876327e-01 -9.397700e-02 -3.366247e-02  1.236729e-02
 2.06897e-01  1.86207e+00       9.152e+11  9.869790e-01 -8.980268e-02 -4.623876e-02  1.302103e-02
 6.20690e-01  1.86207e+00       6.303e+11  9.827282e-01 -7.076774e-02 -6.429122e-02  1.727185e-02
 1.03448e+00  1.86207e+00       4.490e+11  9.797350e-01 -2.492352e-02 -7.748698e-02  2.026501e-02
 1.44828e+00  1.86207e+00       6.860e+11  9.897576e-01  4.145537e-03 -4.630028e-02  1.024240e-02
 1.86207e+00  1.86207e+00       1.494e+12  9.965161e-01  9.364979e-03 -2.512796e-02  3.483911e-03
 2.27586e+00  1.86207e+00       2.209e+12  9.981177e-01  1.356298e-02 -2.403763e-02  1.882302e-03
 2.68966e+00  1.86207e+00       1.873e+12  9.975899e-01  1.756220e-02 -3.168673e-02  2.410117e-03
 3.10345e+00  1.86207e+00       9.554e+11  9.916977e-01  2.268896e-02 -5.749444e-02  8.302293e-03
 3.51724e+00  1.86207e+00       4.064e+11  9.627675e-01  2.029261e-02 -1.518205e-01  3.723250e-02
 3.93103e+00  1.86207e+00       2.808e+11  9.227731e-01 -2.443277e-02 -2.806797e-01  7.722686e-02
 4.34483e+00  1.86207e+00       3.356e+11  9.196007e-01 -5.536177e-02 -3.194513e-01  8.039927e-02
 4.75862e+00  1.86207e+00       4.145e+11  9.063378e-01 -4.446961e-02 -3.468998e-01  9.366223e-02
 5.17241e+00  1.86207e+00       3.878e+11  8.380199e-01 -2.657783e-02 -4.171122e-01  1.619801e-01
 5.58621e+00  1.86207e+00       2.848e+11  6.741381e-01 -3.417683e-03 -5.636626e-01  3.258619e-01
 6.00000e+00  1.86207e+00       2.196e+11  4.045220e-01  2.258799e-02 -7.195100e-01  5.954780e-01
-6.00000e+00  2.27586e+00       2.333e+11  1.673458e-01  5.103587e-02  7.153796e-01  8.326542e-01
-5.58621e+00  2.27586e+00       2.687e+11  4.744847e-01  8.440238e-03  6.158973e-01  5.255153e-01
-5.17241e+00  2.27586e+00       3.754e+11  7.016288e-01 -4.357456e-02  4.778037e-01  2.983712e-01
-4.75862e+00  2.27586e+00       4.237e+11  8.342744e-01 -5.978676e-02  3.660338e-01  1.657256e-01
-4.34483e+00  2.27586e+00       3.660e+11  8.896095e-01 -6.928296e-02  3.179933e-01  1.103905e-01
-3.93103e+00  2.27586e+00       2.703e+11  8.794941e-01 -7.143737e-02  3.268669e-01  1.205059e-01
-3.51724e+00  2.27586e+00       2.041e+11  8.660037e-01 -4.312911e-02  2.704323e-01  1.339963e-01
-3.10345e+00  2.27586e+00       2.999e+11  9.454688e-01 -1.191010e-03  3.530769e-02  5.453121e-02
-2.68966e+00  2.27586e+00       8.133e+11  9.867452e-01 -5.630124e-03 -7.473002e-02  1.325481e-02
-2.27586e+00  2.27586e+00       1.672e+12  9.896558e-01 -1.672631e-02 -1.091803e-01  1.034422e-02
-1.86207e+00  2.27586e+00       2.029e+12  9.865532e-01 -2.884901e-02 -1.334583e-01  1.344677e-02
-1.44828e+00  2.27586e+00       1.477e+12  9.810705e-01 -4.879862e-02 -1.527854e-01  1.892951e-02
-1.03448e+00  2.27586e+00       8.322e+11  9.746159e-01 -8.275808e-02 -1.478976e-01  2.538412e-02
-6.20690e-01  2.27586e+00       6.133e+11  9.752568e-01 -1.019836e-01 -9.979417e-02  2.474318e-02
-2.06897e-01  2.27586e+00       5.768e+11  9.786653e-01 -9.115321e-02 -7.053945e-02  2.133472e-02
 2.06897e-01  2.27586e+00       5.033e+11  9.751458e-01 -8.428651e-02 -7.184812e-02  2.485420e-02
 6.20690e-01  2.27586e+00       4.397e+11  9.670047e-01 -7.562032e-02 -4.161939e-02  3.299526e-02
 1.03448e+00  2.27586e+00       6.718e+11  9.751315e-01 -2.811694e-02  6.908408e-02  2.486846e-02
 1.44828e+00  2.27586e+00       1.420e+12  9.863520e-01  3.028902e-03  1.109636e-01  1.364803e-02
 1.86207e+00  2.27586e+00       2.106e+12  9.908652e-01  1.416946e-02  1.058626e-01  9.134845e-03
 2.27586e+00  2.27586e+00       1.844e+12  9.926368e-01  1.974654e-02  8.779071e-02  7.363182e-03
 2.68966e+00  2.27586e+00       9.943e+11  9.902666e-01  2.562750e-02  5.049585e-02  9.733423e-03
 3.10345e+00  2.27586e+00       4.408e+11  9.677807e-01  3.102372e-02 -6.226752e-02  3.221929e-02
 3.51724e+00  2.27586e+00       2.903e+11  9.222878e-01 -9.564959e-04 -2.388752e-01  7.771215e-02
 3.93103e+00  2.27586e+00       3.197e+11  9.114216e-01 -5.136588e-02 -3.084939e-01  8.857840e-02
 4.34483e+00  2.27586e+00       4.350e+11  9.105144e-01 -5.710569e-02 -3.380153e-01  8.948565e-02
 4.75862e+00  2.27586e+00       5.071e+11  8.699371e-01 -4.381890e-02 -3.956734e-01  1.300629e-01
 5.17241e+00  2.27586e+00       4.492e+11  7.622769e-01 -3.701663e-02 -5.125374e-01  2.377231e-01
 5.58621e+00  2.27586e+00       3.519e+11  5.984812e-01 -3.281265e-02 -6.677461e-01  4.015188e-01
 6.00000e+00  2.27586e+00       3.155e+11  3.737516e-01 -1.833977e-02 -7.747386e-01  6.262484e-01
-6.00000e+00  2.68966e+00       4.017e+11  4.351889e-02 -4.306818e-02  8.714679e-01  9.564811e-01
-5.58621e+00  2.68966e+00       3.078e+11  2.917587e-01 -2.702727e-02  7.643904e-01  7.082413e-01
-5.17241e+00  2.68966e+00       3.769e+11  5.873657e-01 -4.523687e-02  5.775133e-01  4.126343e-01
-4.75862e+00  2.68966e+00       4.758e+11  7.767130e-01 -5.739490e-02  4.181928e-01  2.232870e-01
-4.34483e+00  2.68966e+00       4.661e+11  8.753372e-01 -6.571415e-02  3.204822e-01  1.246628e-01
-3.93103e+00  2.68966e+00       3.712e+11  8.994321e-01 -7.382675e-02  2.991382e-01  1.005679e-01
-3.51724e+00  2.68966e+00       2.664e+11  8.655662e-01 -6.361872e-02  3.181453e-01  1.344338e-01
-3.10345e+00  2.68966e+00       1.858e+11  8.392009e-01 -2.002799e-02  2.369069e-01  1.607991e-01
-2.68966e+00  2.68966e+00       2.083e+11  9.039745e-01  3.938809e-02 -6.444157e-02  9.602553e-02
-2.27586e+00  2.68966e+00       4.848e+11  9.388621e-01  2.552669e-02 -2.616619e-01  6.113789e-02
-1.86207e+00  2.68966e+00       1.064e+12  9.220727e-01  2.397462e-03 -3.444653e-01  7.792727e-02
-1.44828e+00  2.68966e+00       1.534e+12  8.910727e-01 -2.309557e-02 -4.075059e-01  1.089273e-01
-1.03448e+00  2.68966e+00       1.374e+12  8.441025e-01 -6.798544e-02 -4.614556e-01  1.558975e-01
-6.20690e-01  2.68966e+00       8.065e+11  7.659929e-01 -1.525986e-01 -4.675326e-01  2.340071e-01
-2.06897e-01  2.68966e+00       4.155e+11  6.575568e-01 -2.688215e-01 -2.107314e-01  3.424432e-01
 2.06897e-01  2.68966e+00       4.243e+11  6.833591e-01 -2.105195e-01  3.530080e-01  3.166409e-01
 6.20690e-01  2.68966e+00       8.249e+11  7.948938e-01 -6.956955e-02  4.965212e-01  2.051062e-01
 1.03448e+00  2.68966e+00       1.416e+12  8.620368e-01 -3.030844e-03  4.544601e-01  1.379632e-01
 1.44828e+00  2.68966e+00       1.638e+12  9.023342e-01  2.183898e-02  3.925264e-01  9.766583e-02
 1.86207e+00  2.68966e+00       1.212e+12  9.299367e-01  2.968780e-02  3.256826e-01  7.006326e-02
 2.27586e+00  2.68966e+00       6.297e+11  9.492337e-01  3.797979e-02  2.288718e-01  5.076627e-02
 2.68966e+00  2.68966e+00       3.361e+11  9.468413e-01  5.061957e-02  3.076608e-02  5.315874e-02
 3.10345e+00  2.68966e+00       2.795e+11  9.188111e-01  2.055708e-02 -1.873634e-01  8.118893e-02
 3.51724e+00  2.68966e+00       3.115e+11  9.108986e-01 -3.860331e-02 -2.648562e-01  8.910137e-02
 3.93103e+00  2.68966e+00       4.260e+11  9.220459e-01 -6.148113e-02 -2.898857e-01  7.795411e-02
 4.34483e+00  2.68966e+00       5.609e+11  9.055944e-01 -5.069124e-02 -3.370481e-01  9.440557e-02
 4.75862e+00  2.68966e+00       5.626e+11  8.305619e-01 -4.304033e-02 -4.311444e-01  1.694381e-01
 5.17241e+00  2.68966e+00       4.612e+11  6.778919e-01 -4.705621e-02 -5.915270e-01  3.221081e-01
 5.58621e+00  2.68966e+00       3.938e+11  4.577176e-01 -4.151331e-02 -7.564379e-01  5.422824e-01
 6.00000e+00  2.68966e+00       4.572e+11  1.585730e-01 -2.099916e-02 -8.603463e-01  8.414270e-01
-6.00000e+00  3.10345e+00       6.120e+11  7.901627e-02  3.815596e-02  8.886277e-01  9.209837e-01
-5.58621e+00  3.10345e+00       4.212e+11  2.473493e-01  7.408601e-02  8.342364e-01  7.526507e-01
-5.17241e+00  3.10345e+00       3.871e+11  4.691083e-01  2.883408e-02  6.940041e-01  5.308917e-01
-4.75862e+00  3.10345e+00       4.854e+11  7.024016e-01 -3.056161e-02  4.895921e-01  2.975984e-01
-4.34483e+00  3.10345e+00       5.559e+11  8.477945e-01 -5.448321e-02  3.331221e-01  1.522055e-01
-3.93103e+00  3.10345e+00       4.992e+11  9.142818e-01 -6.990837e-02  2.499739e-01  8.571819e-02
-3.51724e+00  3.10345e+00       3.866e+11  9.157476e-01 -7.127312e-02  2.478165e-01  8.425239e-02
-3.10345e+00  3.10345e+00       2.778e+11  8.664605e-01 -5.150300e-02  2.768778e-01  1.335395e-01
-2.68966e+00  3.10345e+00       1.781e+11  8.084444e-01 -3.144702e-03  2.115080e-01  1.915556e-01
-2.27586e+00  3.10345e+00       1.232e+11  8.021461e-01  1.150281e-01 -6.028450e-02  1.978539e-01
-1.86207e+00  3.10345e+00       1.309e+11  8.031370e-01  1.656334e-01 -3.717140e-01  1.968630e-01
-1.44828e+00  3.10345e+00       1.874e+11  6.712901e-01  1.389144e-01 -5.798263e-01  3.287099e-01
-1.03448e+00  3.10345e+00       2.811e+11  4.176373e-01  1.554286e-01 -6.931722e-01  5.823627e-01
-6.20690e-01  3.10345e+00       3.656e+11  1.013117e-01  2.043719e-01 -6.171987e-01  8.986883e-01
-2.06897e-01  3.10345e+00       4.017e+11 -1.635714e-01  2.398201e-01 -2.358774e-01  8.364286e-01
 2.06897e-01  3.10345e+00       4.150e+11 -1.442904e-01  2.120606e-01  3.216714e-01  8.557096e-01
 6.20690e-01  3.10345e+00       4.039e+11  1.438821e-01  1.360998e-01  6.508179e-01  8.561179e-01
 1.03448e+00  3.10345e+00       3.426e+11  4.732744e-01  7.629368e-02  6.641822e-01  5.267256e-01
 1.44828e+00  3.10345e+00       2.662e+11  7.257095e-01  6.853638e-02  5.157475e-01  2.742905e-01
 1.86207e+00  3.10345e+00       2.190e+11  8.572294e-01  9.566498e-02  3.185461e-01  1.427706e-01
 2.27586e+00  3.10345e+00       2.242e+11  9.048062e-01  9.130509e-02  5.823137e-02  9.519378e-02
 2.68966e+00  3.10345e+00       2.667e+11  9.123760e-01  3.468725e-02 -1.326380e-01  8.762400e-02
 3.10345e+00  3.10345e+00       3.094e+11  9.147519e-01 -2.936360e-02 -1.888336e-01  8.524814e-02
 3.51724e+00  3.10345e+00       4.169e+11  9.348108e-01 -6.131415e-02 -2.074336e-01  6.518920e-02
 3.93103e+00  3.10345e+00       5.927e+11  9.376270e-01 -5.433398e-02 -2.524474e-01  6.237297e-02
 4.34483e+00  3.10345e+00       6.450e+11  8.939484e-01 -4.336197e-02 -3.279486e-01  1.060516e-01
 4.75862e+00  3.10345e+00       5.345e+11  7.725311e-01 -4.003318e-02 -4.744951e-01  2.274689e-01
 5.17241e+00  3.10345e+00       4.202e+11  5.813141e-01 -2.970428e-02 -6.702052e-01  4.186859e-01
 5.58621e+00  3.10345e+00       4.104e+11  3.488542e-01 -6.614000e-03 -8.085028e-01  6.511458e-01
 6.00000e+00  3.10345e+00       5.797e+11  8.408601e-02 -1.088172e-02 -8.887131e-01  9.159140e-01
-6.00000e+00  3.51724e+00       9.175e+11  8.579603e-02  1.278775e-02  9.181190e-01  9.142040e-01
-5.58621e+00  3.51724e+00       6.205e+11  2.284849e-01  5.854088e-02  8.714204e-01  7.715151e-01
-5.17241e+00  3.51724e+00       4.433e+11  3.795914e-01  7.004721e-02  7.935550e-01  6.204086e-01
-4.75862e+00  3.51724e+00       4.559e+11  5.889778e-01  3.469292e-03  6.082607e-01  4.110222e-01
-4.34483e+00  3.51724e+00       5.741e+11  7.846950e-01 -4.188817e-02  3.845997e-01  2.153050e-01
-3.93103e+00  3.51724e+00       6.182e+11  8.984410e-01 -5.922426e-02  2.215296e-01  1.015590e-01
-3.51724e+00  3.51724e+00       5.332e+11  9.471281e-01 -7.200666e-02  1.366962e-01  5.287188e-02
-3.10345e+00  3.51724e+00       4.177e+11  9.427921e-01 -6.383933e-02  1.409616e-01  5.720790e-02
-2.68966e+00  3.51724e+00       3.149e+11  8.882436e-01 -3.998557e-02  1.906581e-01  1.117564e-01
-2.27586e+00  3.51724e+00       2.046e+11  7.936286e-01 -1.243285e-02  1.848760e-01  2.063714e-01
-1.86207e+00  3.51724e+00       1.174e+11  6.767147e-01  1.273880e-01  1.596914e-02  3.232853e-01
-1.44828e+00  3.51724e+00       8.041e+10  5.810392e-01  3.736875e-01 -3.034139e-01  4.189608e-01
-1.03448e+00  3.51724e+00       7.273e+10  4.334149e-01  4.407836e-01 -5.330235e-01  5.665851e-01
-6.20690e-01  3.51724e+00       6.956e+10  1.419229e-01  3.941617e-01 -5.473151e-01  8.580771e-01
-2.06897e-01  3.51724e+00       6.416e+10 -2.015283e-01  3.395868e-01 -2.441965e-01  7.984717e-01
 2.06897e-01  3.51724e+00       6.279e+10 -3.166999e-01  2.851542e-01  2.581412e-01  6.833001e-01
 6.20690e-01  3.51724e+00       6.810e+10 -7.655797e-02  2.749503e-01  5.354359e-01  9.234420e-01
 1.03448e+00  3.51724e+00       8.455e+10  3.612518e-01  3.045524e-01  4.733623e-01  6.387482e-01
 1.44828e+00  3.51724e+00       1.301e+11  7.270347e-01  2.466888e-01  2.481802e-01  2.729653e-01
 1.86207e+00  3.51724e+00       2.105e+11  8.783001e-01  1.208608e-01  5.206034e-02  1.216999e-01
 2.27586e+00  3.51724e+00       2.767e+11  9.075118e-01  2.658785e-02 -4.597570e-02  9.248820e-02
 2.68966e+00  3.51724e+00       3.058e+11  9.101281e-01 -3.244937e-02 -5.931175e-02  8.987185e-02
 3.10345e+00  3.51724e+00       4.139e+11  9.427589e-01 -5.877559e-02 -7.319065e-02  5.724105e-02
 3.51724e+00  3.51724e+00       6.264e+11  9.622162e-01 -5.276136e-02 -1.304564e-01  3.778384e-02
 3.93103e+00  3.51724e+00       7.254e+11  9.383757e-01 -4.343846e-02 -2.087374e-01  6.162433e-02
 4.34483e+00  3.51724e+00       6.254e+11  8.474130e-01 -4.219195e-02 -3.538197e-01  1.525870e-01
 4.75862e+00  3.51724e+00       4.935e+11  6.855221e-01 -3.831697e-02 -5.719176e-01  3.144779e-01
 5.17241e+00  3.51724e+00       4.453e+11  5.062359e-01 -1.324787e-02 -7.430176e-01  4.937641e-01
 5.58621e+00  3.51724e+00       5.605e+11  2.738265e-01 -4.697012e-03 -8.514026e-01  7.261735e-01
 6.00000e+00  3.51724e+00       8.889e+11  6.749348e-02 -1.689573e-02 -9.244888e-01  9.325065e-01
-6.00000e+00  3.93103e+00       1.301e+12  1.236339e-01 -3.699725e-03  9.392924e-01  8.763661e-01
-5.58621e+00  3.93103e+00       9.607e+11  2.469816e-01  2.841781e-02  8.900585e-01  7.530184e-01
-5.17241e+00  3.93103e+00       6.321e+11  3.744591e-01  7.463219e-02  8.307585e-01  6.255409e-01
-4.75862e+00  3.93103e+00       4.672e+11  4.996359e-01  6.276383e-02  7.340040e-01  5.003641e-01
-4.34483e+00  3.93103e+00       5.051e+11  6.806588e-01 -1.068177e-02  5.143461e-01  3.193412e-01
-3.93103e+00  3.93103e+00       6.304e+11  8.406738e-01 -4.767859e-02  2.609626e-01  1.593262e-01
-3.51724e+00  3.93103e+00       6.668e+11  9.274596e-01 -6.089282e-02  7.347008e-02  7.254043e-02
-3.10345e+00  3.93103e+00       5.722e+11  9.615662e-01 -7.359423e-02 -3.626590e-02  3.843377e-02
-2.68966e+00  3.93103e+00       4.533e+11  9.634346e-01 -6.117011e-02 -5.711643e-02  3.656541e-02
-2.27586e+00  3.93103e+00       3.725e+11  9.294872e-01 -1.954496e-02  3.964142e-03  7.051276e-02
-1.86207e+00  3.93103e+00       2.900e+11  8.446099e-01 -2.139986e-02  9.132291e-02  1.553901e-01
-1.44828e+00  3.93103e+00       1.831e+11  6.871992e-01 -5.841633e-02  1.665072e-01  3.128008e-01
-1.03448e+00  3.93103e+00       1.045e+11  4.512685e-01  7.169528e-02  2.188301e-01  5.487315e-01
-6.20690e-01  3.93103e+00       7.990e+10  2.687540e-01  5.058993e-01  2.319229e-01  7.312460e-01
-2.06897e-01  3.93103e+00       8.360e+10  2.465304e-01  7.579141e-01  2.502177e-01  7.534696e-01
 2.06897e-01  3.93103e+00       9.722e+10  3.856714e-01  6.733984e-01  3.052766e-01  6.143286e-01
 6.20690e-01  3.93103e+00       1.326e+11  6.530600e-01  3.700827e-01  3.093133e-01  3.469400e-01
 1.03448e+00  3.93103e+00       2.044e+11  8.357037e-01  1.112951e-01  2.357659e-01  1.642963e-01
 1.44828e+00  3.93103e+00       2.691e+11  8.725870e-01  2.662800e-03  1.564481e-01  1.274130e-01
 1.86207e+00  3.93103e+00       2.676e+11  8.375446e-01 -2.565029e-02  1.214334e-01  1.624554e-01
 2.27586e+00  3.93103e+00       2.753e+11  8.404698e-01 -3.751839e-02  1.492788e-01  1.595302e-01
 2.68966e+00  3.93103e+00       4.323e+11  9.269750e-01 -5.147399e-02  1.192645e-01  7.302504e-02
 3.10345e+00  3.93103e+00       6.836e+11  9.697858e-01 -4.798867e-02  4.099390e-02  3.021425e-02
 3.51724e+00  3.93103e+00       7.831e+11  9.626889e-01 -4.274231e-02 -5.012668e-02  3.731108e-02
 3.93103e+00  3.93103e+00       6.718e+11  8.962164e-01 -4.560549e-02 -2.116954e-01  1.037836e-01
 4.34483e+00  3.93103e+00       5.365e+11  7.636759e-01 -4.667256e-02 -4.616680e-01  2.363241e-01
 4.75862e+00  3.93103e+00       4.790e+11  6.268540e-01 -2.131567e-02 -6.587873e-01  3.731460e-01
 5.17241e+00  3.93103e+00       5.519e+11  4.519171e-01 -1.260634e-03 -7.819436e-01  5.480829e-01
 5.58621e+00  3.93103e+00       8.657e+11  2.395942e-01 -1.343444e-02 -8.891882e-01  7.604058e-01
 6.00000e+00  3.93103e+00       1.317e+12  1.019150e-01 -1.704407e-02 -9.487544e-01  8.980850e-01
-6.00000e+00  4.34483e+00       1.667e+12  1.855530e-01 -1.073295e-02  9.484883e-01  8.144470e-01
-5.58621e+00  4.34483e+00       1.412e+12  2.860909e-01  3.300440e-03  9.012759e-01  7.139091e-01
-5.17241e+00  4.34483e+00       1.008e+12  4.080305e-01  4.186968e-02  8.333311e-01  5.919695e-01
-4.75862e+00  4.34483e+00       6.513e+11  5.125981e-01  8.657724e-02  7.646699e-01  4.874019e-01
-4.34483e+00  4.34483e+00       4.772e+11  6.027156e-01  6.321046e-02  6.661533e-01  3.972844e-01
-3.93103e+00  4.34483e+00       5.085e+11  7.390028e-01 -1.467730e-02  4.309247e-01  2.609972e-01
-3.51724e+00  4.34483e+00       6.306e+11  8.599553e-01 -5.194094e-02  1.301139e-01  1.400447e-01
-3.10345e+00  4.34483e+00       6.886e+11  9.143432e-01 -6.094599e-02 -1.085749e-01  8.565681e-02
-2.68966e+00  4.34483e+00       6.140e+11  9.176886e-01 -7.430376e-02 -2.701713e-01  8.231142e-02
-2.27586e+00  4.34483e+00       4.807e+11  9.008183e-01 -8.455371e-02 -3.650404e-01  9.918168e-02
-1.86207e+00  4.34483e+00       3.691e+11  8.781462e-01 -3.812259e-02 -3.951518e-01  1.218538e-01
-1.44828e+00  4.34483e+00       3.177e+11  8.453722e-01  7.063503e-02 -3.891941e-01  1.546278e-01
-1.03448e+00  4.34483e+00       3.262e+11  8.328033e-01  1.174938e-01 -3.615692e-01  1.671967e-01
-6.20690e-01  4.34483e+00       3.357e+11  8.495665e-01  5.201238e-02 -3.018107e-01  1.504335e-01
-2.06897e-01  4.34483e+00       3.099e+11  8.498702e-01 -4.265941e-02 -2.446399e-01  1.501298e-01
 2.06897e-01  4.34483e+00       2.670e+11  7.755252e-01 -6.730159e-02 -2.487123e-01  2.244748e-01
 6.20690e-01  4.34483e+00       2.193e+11  5.983820e-01  2.801934e-02 -2.656572e-01  4.016180e-01
 1.03448e+00  4.34483e+00       1.753e+11  4.033740e-01  1.607149e-01 -1.146482e-01  5.966260e-01
 1.44828e+00  4.34483e+00       1.745e+11  4.412658e-01  1.178094e-01  2.674391e-01  5.587342e-01
 1.86207e+00  4.34483e+00       2.878e+11  7.073258e-01 -1.655730e-02  4.426143e-01  2.926742e-01
 2.27586e+00  4.34483e+00       5.320e+11  8.672533e-01 -4.684033e-02  3.724688e-01  1.327467e-01
 2.68966e+00  4.34483e+00       7.585e+11  9.306592e-01 -4.463946e-02  2.722629e-01  6.934084e-02
 3.10345e+00  4.34483e+00       7.772e+11  9.448466e-01 -4.518797e-02  1.534575e-01  5.515338e-02
 3.51724e+00  4.34483e+00       6.382e+11  9.047867e-01 -5.470962e-02 -5.769990e-02  9.521327e-02
 3.93103e+00  4.34483e+00       5.278e+11  8.111545e-01 -5.708990e-02 -3.563352e-01  1.888455e-01
 4.34483e+00  4.34483e+00       4.919e+11  7.212114e-01 -2.560023e-02 -5.619781e-01  2.787886e-01
 4.75862e+00  4.34483e+00       5.508e+11  6.030965e-01  1.994478e-03 -6.833728e-01  3.969035e-01
 5.17241e+00  4.34483e+00       8.386e+11  4.116642e-01 -1.050269e-02 -8.198951e-01  5.883358e-01
 5.58621e+00  4.34483e+00       1.361e+12  2.620978e-01 -1.778363e-02 -9.136720e-01  7.379022e-01
 6.00000e+00  4.34483e+00       1.748e+12  1.703340e-01 -9.481435e-03 -9.563883e-01  8.296660e-01
-6.00000e+00  4.75862e+00       1.764e+12  2.572450e-01 -9.205290e-03  9.418783e-01  7.427550e-01
-5.58621e+00  4.75862e+00       1.777e+12  3.436171e-01 -8.734289e-03  8.980992e-01  6.563829e-01
-5.17241e+00  4.75862e+00       1.502e+12  4.536852e-01  1.205279e-02  8.258407e-01  5.463148e-01
-4.75862e+00  4.75862e+00       1.089e+12  5.701024e-01  5.320859e-02  7.392700e-01  4.298976e-01
-4.34483e+00  4.75862e+00       6.935e+11  6.465478e-01  9.542824e-02  6.679784e-01  3.534522e-01
-3.93103e+00  4.75862e+00       4.715e+11  6.953594e-01  7.819768e-02  5.893590e-01  3.046406e-01
-3.51724e+00  4.75862e+00       4.570e+11  7.728070e-01 -4.154522e-03  3.900257e-01  2.271930e-01
-3.10345e+00  4.75862e+00       5.420e+11  8.347655e-01 -5.718378e-02  4.800994e-02  1.652345e-01
-2.68966e+00  4.75862e+00       6.265e+11  8.331009e-01 -6.806080e-02 -2.837132e-01  1.668991e-01
-2.27586e+00  4.75862e+00       6.187e+11  7.663309e-01 -6.645131e-02 -5.174372e-01  2.336691e-01
-1.86207e+00  4.75862e+00       5.235e+11  6.464768e-01 -8.882845e-02 -6.869277e-01  3.535232e-01
-1.44828e+00  4.75862e+00       4.021e+11  4.979306e-01 -1.171820e-01 -8.004584e-01  5.020694e-01
-1.03448e+00  4.75862e+00       2.807e+11  3.004326e-01 -8.473574e-02 -8.629814e-01  6.995674e-01
-6.20690e-01  4.75862e+00       2.046e+11  1.778446e-04  2.860407e-02 -8.628207e-01  9.998222e-01
-2.06897e-01  4.75862e+00       1.770e+11 -3.007549e-01  1.251310e-01 -7.247320e-01  6.992451e-01
 2.06897e-01  4.75862e+00       1.653e+11 -4.505048e-01  1.531545e-01 -3.461054e-01  5.494952e-01
 6.20690e-01  4.75862e+00       1.853e+11 -2.436942e-01  9.347274e-02  3.015754e-01  7.563058e-01
 1.03448e+00  4.75862e+00       2.879e+11  1.819579e-01 -1.205480e-02  7.297474e-01  8.180421e-01
 1.44828e+00  4.75862e+00       4.721e+11  4.744511e-01 -5.570736e-02  7.715990e-01  5.255489e-01
 1.86207e+00  4.75862e+00       6.524e+11  6.620332e-01 -5.518543e-02  6.734591e-01  3.379668e-01
 2.27586e+00  4.75862e+00       7.117e+11  7.828274e-01 -5.253698e-02  5.468811e-01  2.171726e-01
 2.68966e+00  4.75862e+00       6.215e+11  8.473258e-01 -6.278119e-02  3.679400e-01  1.526742e-01
 3.10345e+00  4.75862e+00       5.102e+11  8.610191e-01 -7.974192e-02  5.196219e-02  1.389809e-01
 3.51724e+00  4.75862e+00       4.724e+11  8.336396e-01 -6.966366e-02 -2.802179e-01  1.663604e-01
 3.93103e+00  4.75862e+00       4.811e+11  7.990914e-01 -2.014411e-02 -4.488742e-01  2.009086e-01
 4.34483e+00  4.75862e+00       5.463e+11  7.286409e-01  8.143059e-03 -5.519144e-01  2.713591e-01
 4.75862e+00  4.75862e+00       8.112e+11  5.654372e-01 -8.049982e-03 -7.169912e-01  4.345628e-01
 5.17241e+00  4.75862e+00       1.388e+12  4.162378e-01 -1.674611e-02 -8.530453e-01  5.837622e-01
 5.58621e+00  4.75862e+00       1.965e+12  3.283077e-01 -1.226406e-02 -9.176077e-01  6.716923e-01
 6.00000e+00  4.75862e+00       2.079e+12  2.615724e-01 -7.707717e-03 -9.487042e-01  7.384276e-01
-6.00000e+00  5.17241e+00       1.945e+12  3.540827e-01 -7.776669e-03  9.198735e-01  6.459173e-01
-5.58621e+00  5.17241e+00       2.090e+12  4.171815e-01 -9.998897e-03  8.852429e-01  5.828185e-01
-5.17241e+00  5.17241e+00       1.967e+12  5.021038e-01 -7.276137e-03  8.229187e-01  4.978962e-01
-4.75862e+00  5.17241e+00       1.634e+12  6.023837e-01  1.031320e-02  7.283923e-01  3.976163e-01
-4.34483e+00  5.17241e+00       1.197e+12  7.046756e-01  5.143033e-02  6.134332e-01  2.953244e-01
-3.93103e+00  5.17241e+00       7.648e+11  7.715720e-01  1.046469e-01  5.187300e-01  2.284280e-01
-3.51724e+00  5.17241e+00       4.735e+11  7.923791e-01  1.134789e-01  4.606954e-01  2.076209e-01
-3.10345e+00  5.17241e+00       3.876e+11  8.219216e-01  3.616977e-02  3.644270e-01  1.780784e-01
-2.68966e+00  5.17241e+00       3.965e+11  8.313241e-01 -4.264884e-02  1.355140e-01  1.686759e-01
-2.27586e+00  5.17241e+00       4.201e+11  7.292824e-01 -9.819824e-02 -2.536705e-01  2.707176e-01
-1.86207e+00  5.17241e+00       4.624e+11  5.116527e-01 -1.113013e-01 -6.273386e-01  4.883473e-01
-1.44828e+00  5.17241e+00       4.759e+11  2.326233e-01 -8.123600e-02 -8.104794e-01  7.673767e-01
-1.03448e+00  5.17241e+00       4.226e+11 -1.167311e-01 -4.777371e-02 -8.147067e-01  8.832689e-01
-6.20690e-01  5.17241e+00       3.507e+11 -4.937057e-01 -4.041327e-02 -6.165435e-01  5.062943e-01
-2.06897e-01  5.17241e+00       3.173e+11 -7.137348e-01 -4.633900e-02 -1.626633e-01  2.862652e-01
 2.06897e-01  5.17241e+00       3.467e+11 -6.092808e-01 -4.925252e-02  3.954497e-01  3.907192e-01
 6.20690e-01  5.17241e+00       4.210e+11 -2.990710e-01 -5.425345e-02  7.599770e-01  7.009290e-01
 1.03448e+00  5.17241e+00       4.777e+11  1.295903e-02 -6.426291e-02  8.925248e-01  9.870410e-01
 1.44828e+00  5.17241e+00       4.700e+11  2.666996e-01 -8.213111e-02  8.818747e-01  7.333004e-01
 1.86207e+00  5.17241e+00       4.105e+11  4.768252e-01 -1.065501e-01  7.410700e-01  5.231748e-01
 2.27586e+00  5.17241e+00       3.599e+11  6.767434e-01 -1.313214e-01  4.059149e-01  3.232566e-01
 2.68966e+00  5.17241e+00       3.676e+11  8.136463e-01 -1.258509e-01  1.061131e-02  1.863537e-01
 3.10345e+00  5.17241e+00       4.100e+11  8.570822e-01 -6.224214e-02 -2.089125e-01  1.429178e-01
 3.51724e+00  5.17241e+00       4.547e+11  8.645402e-01  7.574258e-03 -2.866837e-01  1.354598e-01
 3.93103e+00  5.17241e+00       5.444e+11  8.231735e-01  1.585921e-02 -3.841166e-01  1.768265e-01
 4.34483e+00  5.17241e+00       8.390e+11  6.989671e-01 -1.338233e-02 -5.866553e-01  3.010329e-01
 4.75862e+00  5.17241e+00       1.435e+12  5.742974e-01 -2.018644e-02 -7.529563e-01  4.257026e-01
 5.17241e+00  5.17241e+00       2.051e+12  4.868201e-01 -8.903783e-03 -8.407280e-01  5.131799e-01
 5.58621e+00  5.17241e+00       2.243e+12  4.147184e-01  3.258440e-03 -8.901280e-01  5.852816e-01
 6.00000e+00  5.17241e+00       1.974e+12  3.455737e-01  7.534680e-03 -9.229360e-01  6.544263e-01
-6.00000e+00  5.58621e+00       1.807e+12  4.646678e-01 -5.944694e-03  8.713888e-01  5.353322e-01
-5.58621e+00  5.58621e+00       2.168e+12  5.074342e-01 -6.876985e-03  8.465298e-01  4.925658e-01
-5.17241e+00  5.58621e+00       2.208e+12  5.669878e-01 -8.886610e-03  7.985807e-01  4.330122e-01
-4.75862e+00  5.58621e+00       2.039e+12  6.476214e-01 -6.322003e-03  7.145810e-01  3.523786e-01
-4.34483e+00  5.58621e+00       1.740e+12  7.358073e-01  8.275472e-03  5.931297e-01  2.641927e-01
-3.93103e+00  5.58621e+00       1.350e+12  8.201900e-01  4.317678e-02  4.446266e-01  1.798100e-01
-3.51724e+00  5.58621e+00       9.196e+11  8.755375e-01  9.836981e-02  3.125163e-01  1.244625e-01
-3.10345e+00  5.58621e+00       5.405e+11  8.777163e-01  1.496331e-01  2.413162e-01  1.222837e-01
-2.68966e+00  5.58621e+00       3.427e+11  8.559738e-01  1.253810e-01  2.044831e-01  1.440262e-01
-2.27586e+00  5.58621e+00       3.099e+11  8.798384e-01  3.568542e-02  1.165440e-01  1.201616e-01
-1.86207e+00  5.58621e+00       2.990e+11  8.739194e-01 -4.352037e-02 -9.183975e-03  1.260806e-01
-1.44828e+00  5.58621e+00       2.518e+11  7.678057e-01 -1.492707e-01 -2.164049e-01  2.321943e-01
-1.03448e+00  5.58621e+00       1.999e+11  5.574398e-01 -2.228888e-01 -4.575128e-01  4.425602e-01
-6.20690e-01  5.58621e+00       1.494e+11  2.292451e-01 -1.909492e-01 -5.546894e-01  7.707549e-01
-2.06897e-01  5.58621e+00       1.091e+11 -2.124259e-01 -1.124651e-01 -4.077548e-01  7.875741e-01
 2.06897e-01  5.58621e+00       9.186e+10 -4.447470e-01 -1.185979e-01 -7.680193e-02  5.552530e-01
 6.20690e-01  5.58621e+00       1.001e+11 -2.055065e-01 -2.610191e-01  2.110734e-01  7.944935e-01
 1.03448e+00  5.58621e+00       1.379e+11  2.188656e-01 -3.578757e-01  3.292863e-01  7.811344e-01
 1.44828e+00  5.58621e+00       1.944e+11  5.298037e-01 -3.170634e-01  2.670144e-01  4.701963e-01
 1.86207e+00  5.58621e+00       2.493e+11  7.084987e-01 -2.136247e-01  1.069064e-01  2.915013e-01
 2.27586e+00  5.58621e+00       3.103e+11  8.085907e-01 -7.642318e-02 -6.317294e-03  1.914093e-01
 2.68966e+00  5.58621e+00       3.750e+11  8.668450e-01  3.057167e-02 -2.102122e-02  1.331550e-01
 3.10345e+00  5.58621e+00       4.295e+11  8.936382e-01  4.925086e-02 -3.239807e-02  1.063618e-01
 3.51724e+00  5.58621e+00       5.492e+11  8.757899e-01  6.896696e-03 -1.800644e-01  1.242101e-01
 3.93103e+00  5.58621e+00       8.945e+11  7.975227e-01 -2.343418e-02 -4.390857e-01  2.024773e-01
 4.34483e+00  5.58621e+00       1.525e+12  7.092108e-01 -1.982522e-02 -6.301764e-01  2.907892e-01
 4.75862e+00  5.58621e+00       2.172e+12  6.377033e-01 -4.037972e-03 -7.353933e-01  3.622967e-01
 5.17241e+00  5.58621e+00       2.423e+12  5.723606e-01  7.576032e-03 -7.999779e-01  4.276394e-01
 5.58621e+00  5.58621e+00       2.203e+12  5.061189e-01  8.750318e-03 -8.471251e-01  4.938811e-01
 6.00000e+00  5.58621e+00       1.814e+12  4.445413e-01  6.818740e-03 -8.802210e-01  5.554587e-01
-6.00000e+00  6.00000e+00       1.457e+12  5.769124e-01 -5.753071e-03  7.986400e-01  4.230876e-01
-5.58621e+00  6.00000e+00       2.016e+12  6.217540e-01 -5.260191e-03  7.687293e-01  3.782460e-01
-5.17241e+00  6.00000e+00       2.337e+12  6.585148e-01 -6.128688e-03  7.377398e-01  3.414852e-01
-4.75862e+00  6.00000e+00       2.264e+12  7.056373e-01 -7.576069e-03  6.836595e-01  2.943627e-01
-4.34483e+00  6.00000e+00       2.024e+12  7.719623e-01 -5.182450e-03  5.824199e-01  2.280377e-01
-3.93103e+00  6.00000e+00       1.769e+12  8.391860e-01  4.769432e-03  4.347189e-01  1.608140e-01
-3.51724e+00  6.00000e+00       1.472e+12  8.913282e-01  2.801455e-02  2.519571e-01  1.086718e-01
-3.10345e+00  6.00000e+00       1.127e+12  9.196592e-01  6.999926e-02  5.942590e-02  8.034083e-02
-2.68966e+00  6.00000e+00       7.545e+11  9.112139e-01  1.326402e-01 -8.742262e-02  8.878609e-02
-2.27586e+00  6.00000e+00       4.406e+11  8.581038e-01  2.012546e-01 -1.352327e-01  1.418962e-01
-1.86207e+00  6.00000e+00       2.585e+11  7.548651e-01  2.388661e-01 -6.098163e-02  2.451349e-01
-1.44828e+00  6.00000e+00       1.853e+11  6.549134e-01  1.813759e-01 -2.340069e-02  3.450866e-01
-1.03448e+00  6.00000e+00       1.762e+11  6.167922e-01 -1.600520e-02 -1.828547e-01  3.832078e-01
-6.20690e-01  6.00000e+00       1.909e+11  5.385703e-01 -1.982201e-01 -4.063944e-01  4.614297e-01
-2.06897e-01  6.00000e+00       1.981e+11  4.122879e-01 -2.865651e-01 -5.285769e-01  5.877121e-01
 2.06897e-01  6.00000e+00       1.911e+11  3.396286e-01 -3.269777e-01 -4.718887e-01  6.603714e-01
 6.20690e-01  6.00000e+00       1.908e+11  4.264019e-01 -2.479379e-01 -2.317557e-01  5.735981e-01
 1.03448e+00  6.00000e+00       2.225e+11  6.029849e-01 -1.162691e-03  6.768736e-02  3.970151e-01
 1.44828e+00  6.00000e+00       2.749e+11  6.953238e-01  1.632554e-01  2.648510e-01  3.046762e-01
 1.86207e+00  6.00000e+00       3.070e+11  7.144152e-01  1.586513e-01  3.565636e-01  2.855848e-01
 2.27586e+00  6.00000e+00       3.314e+11  7.440676e-01  8.592906e-02  3.778972e-01  2.559324e-01
 2.68966e+00  6.00000e+00       4.061e+11  8.224052e-01  1.605658e-02  2.729070e-01  1.775948e-01
 3.10345e+00  6.00000e+00       6.023e+11  8.782210e-01 -2.559868e-02  6.374284e-03  1.217790e-01
 3.51724e+00  6.00000e+00       1.023e+12  8.664935e-01 -2.919652e-02 -2.859091e-01  1.335065e-01
 3.93103e+00  6.00000e+00       1.668e+12  8.239907e-01 -1.121731e-02 -4.810056e-01  1.760093e-01
 4.34483e+00  6.00000e+00       2.285e+12  7.758642e-01  6.908806e-03 -5.941984e-01  2.241358e-01
 4.75862e+00  6.00000e+00       2.533e+12  7.219958e-01  1.374152e-02 -6.712037e-01  2.780042e-01
 5.17241e+00  6.00000e+00       2.338e+12  6.623945e-01  9.087156e-03 -7.328104e-01  3.376055e-01
 5.58621e+00  6.00000e+00       1.998e+12  6.027952e-01  5.049545e-03 -7.804325e-01  3.972048e-01
 6.00000e+00  6.00000e+00       1.646e+12  5.544039e-01  1.115877e-02 -8.121479e-01  4.455961e-01
