 EB(GeV)    EMITTANCEx EMITTANCEy SIZEx(m)   SIZEy(m)   DIVx(rad)  DIVy(rad)
 1.500e+00  5.941e-09  5.941e-11  1.840e-04  1.299e-05  3.228e-05  4.574e-06
 betax      alphax     betay      alphay     eta        deta       E_spread  
 5.700e+00  0.000e+00  2.840e+00  0.000e+00  0.000e+00  0.000e+00  1.000e-03
 Ibeam(A) 
  2.000e-01


           x            y       F.Density            PL            PC          PL45        1-|PL|
          mm           mm  ph/s/mm^2/0.1%             -             -             -             -
-6.00000e+00 -6.00000e+00       1.358e+12  5.834032e-01  1.377706e-02 -7.834436e-01  4.165968e-01
-5.58621e+00 -6.00000e+00       1.919e+12  6.434960e-01  8.327819e-03 -7.410671e-01  3.565040e-01
-5.17241e+00 -6.00000e+00       2.474e+12  6.838030e-01  3.724663e-03 -7.089196e-01  3.161970e-01
-4.75862e+00 -6.00000e+00       2.519e+12  7.190475e-01 -1.708773e-03 -6.677953e-01  2.809525e-01
-4.34483e+00 -6.00000e+00       2.122e+12  7.691174e-01 -1.137223e-02 -5.857626e-01  2.308826e-01
-3.93103e+00 -6.00000e+00       1.704e+12  8.332535e-01 -2.045133e-02 -4.383131e-01  1.667465e-01
-3.51724e+00 -6.00000e+00       1.419e+12  8.896972e-01 -2.337959e-02 -2.421955e-01  1.103028e-01
-3.10345e+00 -6.00000e+00       1.147e+12  9.184787e-01 -3.230090e-02 -5.243059e-02  8.152127e-02
-2.68966e+00 -6.00000e+00       7.936e+11  9.110947e-01 -6.111894e-02  8.711761e-02  8.890526e-02
-2.27586e+00 -6.00000e+00       4.631e+11  8.626506e-01 -1.115885e-01  1.446412e-01  1.373494e-01
-1.86207e+00 -6.00000e+00       2.759e+11  7.627424e-01 -1.935020e-01  9.089966e-02  2.372576e-01
-1.44828e+00 -6.00000e+00       2.078e+11  6.561115e-01 -2.319164e-01  4.387031e-02  3.438885e-01
-1.03448e+00 -6.00000e+00       1.950e+11  5.887554e-01 -4.936567e-02  1.204493e-01  4.112446e-01
-6.20690e-01 -6.00000e+00       1.977e+11  4.582290e-01  2.437855e-01  2.528475e-01  5.417710e-01
-2.06897e-01 -6.00000e+00       1.979e+11  2.831947e-01  4.341741e-01  3.269395e-01  7.168053e-01
 2.06897e-01 -6.00000e+00       1.940e+11  2.312295e-01  4.520535e-01  2.675361e-01  7.687705e-01
 6.20690e-01 -6.00000e+00       1.993e+11  3.674290e-01  2.412431e-01  1.006079e-01  6.325710e-01
 1.03448e+00 -6.00000e+00       2.313e+11  5.404186e-01 -8.124095e-02 -1.074792e-01  4.595814e-01
 1.44828e+00 -6.00000e+00       2.780e+11  6.356084e-01 -1.920476e-01 -2.667985e-01  3.643916e-01
 1.86207e+00 -6.00000e+00       3.118e+11  6.945113e-01 -8.837815e-02 -3.373051e-01  3.054887e-01
 2.27586e+00 -6.00000e+00       3.546e+11  7.672529e-01  2.929991e-02 -3.263954e-01  2.327471e-01
 2.68966e+00 -6.00000e+00       4.515e+11  8.480838e-01  6.585404e-02 -2.064865e-01  1.519162e-01
 3.10345e+00 -6.00000e+00       6.793e+11  8.897525e-01  5.013568e-02  3.723328e-02  1.102475e-01
 3.51724e+00 -6.00000e+00       1.154e+12  8.765124e-01  1.813709e-02  2.877262e-01  1.234876e-01
 3.93103e+00 -6.00000e+00       1.810e+12  8.364298e-01 -1.961684e-03  4.590234e-01  1.635702e-01
 4.34483e+00 -6.00000e+00       2.318e+12  7.834763e-01 -8.325534e-03  5.749749e-01  2.165237e-01
 4.75862e+00 -6.00000e+00       2.483e+12  7.189731e-01 -6.916743e-03  6.663300e-01  2.810269e-01
 5.17241e+00 -6.00000e+00       2.371e+12  6.563780e-01 -5.054821e-03  7.332964e-01  3.436220e-01
 5.58621e+00 -6.00000e+00       2.070e+12  6.067250e-01 -8.287284e-03  7.744926e-01  3.932750e-01
 6.00000e+00 -6.00000e+00       1.606e+12  5.703567e-01 -1.477421e-02  7.993035e-01  4.296433e-01
-6.00000e+00 -5.58621e+00       1.759e+12  4.888067e-01  8.823414e-03 -8.538162e-01  5.111933e-01
-5.58621e+00 -5.58621e+00       2.304e+12  5.309087e-01  3.876518e-03 -8.310922e-01  4.690913e-01
-5.17241e+00 -5.58621e+00       2.390e+12  5.751235e-01 -1.762010e-03 -7.946344e-01  4.248765e-01
-4.75862e+00 -5.58621e+00       2.077e+12  6.426608e-01 -8.586923e-03 -7.198108e-01  3.573392e-01
-4.34483e+00 -5.58621e+00       1.702e+12  7.331554e-01 -1.424378e-02 -5.918864e-01  2.668446e-01
-3.93103e+00 -5.58621e+00       1.367e+12  8.222544e-01 -2.549095e-02 -4.368684e-01  1.777456e-01
-3.51724e+00 -5.58621e+00       9.802e+11  8.780595e-01 -5.563846e-02 -3.078408e-01  1.219405e-01
-3.10345e+00 -5.58621e+00       5.901e+11  8.835927e-01 -1.014003e-01 -2.291139e-01  1.164073e-01
-2.68966e+00 -5.58621e+00       3.693e+11  8.534142e-01 -1.116151e-01 -1.645716e-01  1.465858e-01
-2.27586e+00 -5.58621e+00       3.214e+11  8.438655e-01 -5.201542e-02 -5.154058e-02  1.561345e-01
-1.86207e+00 -5.58621e+00       3.016e+11  8.038236e-01  1.101111e-02  6.693947e-02  1.961764e-01
-1.44828e+00 -5.58621e+00       2.451e+11  6.730515e-01  9.063016e-02  2.368220e-01  3.269485e-01
-1.03448e+00 -5.58621e+00       1.880e+11  4.923933e-01  1.325765e-01  4.379962e-01  5.076067e-01
-6.20690e-01 -5.58621e+00       1.417e+11  2.878562e-01  4.261550e-02  4.661182e-01  7.121438e-01
-2.06897e-01 -5.58621e+00       1.084e+11  2.894782e-02 -1.128424e-01  2.389515e-01  9.710522e-01
 2.06897e-01 -5.58621e+00       9.848e+10 -9.692616e-02 -1.327216e-01 -9.665846e-02  9.030738e-01
 6.20690e-01 -5.58621e+00       1.209e+11  7.376791e-02  4.860665e-02 -3.545911e-01  9.262321e-01
 1.03448e+00 -5.58621e+00       1.830e+11  3.584597e-01  1.788385e-01 -4.544014e-01  6.415403e-01
 1.44828e+00 -5.58621e+00       2.534e+11  5.714162e-01  1.839732e-01 -3.850929e-01  4.285838e-01
 1.86207e+00 -5.58621e+00       2.911e+11  6.993175e-01  1.339572e-01 -2.145016e-01  3.006825e-01
 2.27586e+00 -5.58621e+00       3.259e+11  7.857134e-01  4.206005e-02 -5.826997e-02  2.142866e-01
 2.68966e+00 -5.58621e+00       3.860e+11  8.541483e-01 -1.636599e-02  7.953995e-03  1.458517e-01
 3.10345e+00 -5.58621e+00       4.621e+11  8.908638e-01  2.533652e-03  6.407400e-02  1.091362e-01
 3.51724e+00 -5.58621e+00       6.167e+11  8.736947e-01  3.006784e-02  2.234167e-01  1.263053e-01
 3.93103e+00 -5.58621e+00       1.007e+12  8.012108e-01  2.397435e-02  4.529394e-01  1.987892e-01
 4.34483e+00 -5.58621e+00       1.659e+12  7.209932e-01  8.124051e-03  6.203756e-01  2.790068e-01
 4.75862e+00 -5.58621e+00       2.237e+12  6.483630e-01 -1.346315e-03  7.227263e-01  3.516370e-01
 5.17241e+00 -5.58621e+00       2.412e+12  5.745727e-01 -4.255991e-03  7.951371e-01  4.254273e-01
 5.58621e+00 -5.58621e+00       2.231e+12  5.053705e-01 -4.796907e-03  8.467659e-01  4.946295e-01
 6.00000e+00 -5.58621e+00       1.856e+12  4.521338e-01 -9.185589e-03  8.769063e-01  5.478662e-01
-6.00000e+00 -5.17241e+00       2.053e+12  3.763934e-01  5.067785e-03 -9.110144e-01  6.236066e-01
-5.58621e+00 -5.17241e+00       2.228e+12  4.242931e-01 -3.286898e-04 -8.839106e-01  5.757069e-01
-5.17241e+00 -5.17241e+00       2.000e+12  4.986826e-01 -5.525397e-03 -8.260939e-01  5.013174e-01
-4.75862e+00 -5.17241e+00       1.632e+12  6.022588e-01 -1.217179e-02 -7.267753e-01  3.977412e-01
-4.34483e+00 -5.17241e+00       1.247e+12  7.081891e-01 -3.174598e-02 -6.088806e-01  2.918109e-01
-3.93103e+00 -5.17241e+00       8.355e+11  7.758642e-01 -7.013550e-02 -5.134075e-01  2.241358e-01
-3.51724e+00 -5.17241e+00       5.167e+11  7.989449e-01 -9.494989e-02 -4.392338e-01  2.010551e-01
-3.10345e+00 -5.17241e+00       3.955e+11  8.188559e-01 -5.226998e-02 -3.301478e-01  1.811441e-01
-2.68966e+00 -5.17241e+00       3.734e+11  8.196908e-01  1.185725e-02 -1.274874e-01  1.803092e-01
-2.27586e+00 -5.17241e+00       3.741e+11  7.169287e-01  7.072799e-02  2.393060e-01  2.830713e-01
-1.86207e+00 -5.17241e+00       4.182e+11  4.974863e-01  1.114149e-01  6.264950e-01  5.025137e-01
-1.44828e+00 -5.17241e+00       4.624e+11  2.234530e-01  1.100717e-01  8.126689e-01  7.765470e-01
-1.03448e+00 -5.17241e+00       4.466e+11 -1.205657e-01  8.455535e-02  8.061358e-01  8.794343e-01
-6.20690e-01 -5.17241e+00       3.997e+11 -4.956509e-01  6.233374e-02  5.934069e-01  5.043491e-01
-2.06897e-01 -5.17241e+00       3.757e+11 -7.200654e-01  5.175256e-02  1.503194e-01  2.799346e-01
 2.06897e-01 -5.17241e+00       3.955e+11 -6.540020e-01  5.488050e-02 -3.708212e-01  3.459980e-01
 6.20690e-01 -5.17241e+00       4.368e+11 -3.868493e-01  7.054832e-02 -7.300981e-01  6.131507e-01
 1.03448e+00 -5.17241e+00       4.569e+11 -6.746920e-02  8.634659e-02 -8.775275e-01  9.325308e-01
 1.44828e+00 -5.17241e+00       4.461e+11  2.412881e-01  8.566976e-02 -8.583868e-01  7.587119e-01
 1.86207e+00 -5.17241e+00       4.202e+11  5.139975e-01  6.809665e-02 -6.808687e-01  4.860025e-01
 2.27586e+00 -5.17241e+00       4.065e+11  7.314455e-01  6.770681e-02 -3.558691e-01  2.685545e-01
 2.68966e+00 -5.17241e+00       4.155e+11  8.396652e-01  7.600546e-02 -3.221917e-02  1.603348e-01
 3.10345e+00 -5.17241e+00       4.333e+11  8.602300e-01  4.454518e-02  1.772387e-01  1.397700e-01
 3.51724e+00 -5.17241e+00       4.765e+11  8.567814e-01  8.038215e-03  2.911951e-01  1.432186e-01
 3.93103e+00 -5.17241e+00       5.980e+11  8.111610e-01  1.132323e-02  4.146434e-01  1.888390e-01
 4.34483e+00 -5.17241e+00       9.360e+11  6.972278e-01  1.806755e-02  6.022161e-01  3.027722e-01
 4.75862e+00 -5.17241e+00       1.551e+12  5.847063e-01  1.096042e-02  7.488309e-01  4.152937e-01
 5.17241e+00 -5.17241e+00       2.116e+12  4.980233e-01  2.776624e-03  8.329075e-01  5.019767e-01
 5.58621e+00 -5.17241e+00       2.255e+12  4.200176e-01 -1.852575e-03  8.865307e-01  5.799824e-01
 6.00000e+00 -5.17241e+00       2.003e+12  3.500249e-01 -4.615920e-03  9.217032e-01  6.499751e-01
-6.00000e+00 -4.75862e+00       1.813e+12  2.615788e-01 -3.015786e-03 -9.441425e-01  7.384212e-01
-5.58621e+00 -4.75862e+00       1.825e+12  3.442625e-01 -6.531964e-03 -9.020546e-01  6.557375e-01
-5.17241e+00 -4.75862e+00       1.544e+12  4.554264e-01 -1.291339e-02 -8.298345e-01  5.445736e-01
-4.75862e+00 -4.75862e+00       1.156e+12  5.678199e-01 -3.164470e-02 -7.438926e-01  4.321801e-01
-4.34483e+00 -4.75862e+00       7.568e+11  6.467198e-01 -6.931789e-02 -6.647271e-01  3.532802e-01
-3.93103e+00 -4.75862e+00       5.005e+11  7.001848e-01 -7.793609e-02 -5.755058e-01  2.998152e-01
-3.51724e+00 -4.75862e+00       4.417e+11  7.666803e-01 -1.785610e-02 -3.891786e-01  2.333197e-01
-3.10345e+00 -4.75862e+00       4.996e+11  8.252876e-01  4.145928e-02 -5.002194e-02  1.747124e-01
-2.68966e+00 -4.75862e+00       5.989e+11  8.279296e-01  6.632100e-02  2.907806e-01  1.720704e-01
-2.27586e+00 -4.75862e+00       6.257e+11  7.649246e-01  7.339620e-02  5.172334e-01  2.350754e-01
-1.86207e+00 -4.75862e+00       5.396e+11  6.331672e-01  1.001302e-01  6.811264e-01  3.668328e-01
-1.44828e+00 -4.75862e+00       4.138e+11  4.461779e-01  1.427186e-01  8.032254e-01  5.538221e-01
-1.03448e+00 -4.75862e+00       2.806e+11  2.302424e-01  1.482297e-01  8.616810e-01  7.697576e-01
-6.20690e-01 -4.75862e+00       1.759e+11 -5.950492e-02  9.749217e-02  8.186965e-01  9.404951e-01
-2.06897e-01 -4.75862e+00       1.308e+11 -3.706902e-01  3.374149e-02  5.679426e-01  6.293098e-01
 2.06897e-01 -4.75862e+00       1.323e+11 -3.936826e-01 -2.729734e-03  2.334533e-02  6.063174e-01
 6.20690e-01 -4.75862e+00       1.913e+11 -4.395494e-02  8.740888e-03 -5.820743e-01  9.560451e-01
 1.03448e+00 -4.75862e+00       3.310e+11  2.827409e-01  4.871401e-02 -8.137696e-01  7.172591e-01
 1.44828e+00 -4.75862e+00       5.108e+11  4.934340e-01  6.388990e-02 -7.940273e-01  5.065660e-01
 1.86207e+00 -4.75862e+00       6.539e+11  6.575570e-01  5.555456e-02 -6.894249e-01  3.424430e-01
 2.27586e+00 -4.75862e+00       6.909e+11  7.751518e-01  4.530086e-02 -5.521290e-01  2.248482e-01
 2.68966e+00 -4.75862e+00       6.224e+11  8.476042e-01  4.121191e-02 -3.414435e-01  1.523958e-01
 3.10345e+00 -4.75862e+00       5.433e+11  8.713927e-01  4.748530e-02 -2.478512e-02  1.286073e-01
 3.51724e+00 -4.75862e+00       5.013e+11  8.436628e-01  4.724082e-02  2.695704e-01  1.563372e-01
 3.93103e+00 -4.75862e+00       4.999e+11  7.945849e-01  2.091825e-02  4.459073e-01  2.054151e-01
 4.34483e+00 -4.75862e+00       5.960e+11  7.124203e-01  7.554419e-03  5.747748e-01  2.875797e-01
 4.75862e+00 -4.75862e+00       9.020e+11  5.671094e-01  1.264440e-02  7.266755e-01  4.328906e-01
 5.17241e+00 -4.75862e+00       1.445e+12  4.291048e-01  7.618563e-03  8.465270e-01  5.708952e-01
 5.58621e+00 -4.75862e+00       1.924e+12  3.346077e-01 -8.392839e-04  9.125666e-01  6.653923e-01
 6.00000e+00 -4.75862e+00       1.953e+12  2.637612e-01 -2.079354e-03  9.472562e-01  7.362388e-01
-6.00000e+00 -4.34483e+00       1.725e+12  1.872165e-01 -2.066198e-04 -9.502164e-01  8.127835e-01
-5.58621e+00 -4.34483e+00       1.442e+12  2.865008e-01 -7.061341e-03 -9.022173e-01  7.134992e-01
-5.17241e+00 -4.34483e+00       1.065e+12  4.110688e-01 -2.971638e-02 -8.332807e-01  5.889312e-01
-4.75862e+00 -4.34483e+00       7.129e+11  5.160418e-01 -6.777648e-02 -7.637513e-01  4.839582e-01
-4.34483e+00 -4.34483e+00       5.006e+11  6.014921e-01 -6.785760e-02 -6.662280e-01  3.985079e-01
-3.93103e+00 -4.34483e+00       4.877e+11  7.293140e-01 -4.148785e-03 -4.370608e-01  2.706860e-01
-3.51724e+00 -4.34483e+00       5.995e+11  8.549919e-01  4.369078e-02 -1.270032e-01  1.450081e-01
-3.10345e+00 -4.34483e+00       6.853e+11  9.121597e-01  6.309051e-02  1.147537e-01  8.784034e-02
-2.68966e+00 -4.34483e+00       6.306e+11  9.103682e-01  8.552274e-02  2.798881e-01  8.963185e-02
-2.27586e+00 -4.34483e+00       4.902e+11  8.786482e-01  1.160509e-01  3.980776e-01  1.213518e-01
-1.86207e+00 -4.34483e+00       3.652e+11  8.383995e-01  1.025481e-01  4.627903e-01  1.616005e-01
-1.44828e+00 -4.34483e+00       3.030e+11  7.942458e-01 -1.175526e-02  4.785999e-01  2.057542e-01
-1.03448e+00 -4.34483e+00       3.096e+11  7.638311e-01 -1.284338e-01  4.826138e-01  2.361689e-01
-6.20690e-01 -4.34483e+00       3.299e+11  7.544547e-01 -1.275297e-01  4.867035e-01  2.455453e-01
-2.06897e-01 -4.34483e+00       3.096e+11  7.228266e-01 -7.389294e-02  4.893535e-01  2.771734e-01
 2.06897e-01 -4.34483e+00       2.600e+11  6.100136e-01 -6.525526e-02  4.869076e-01  3.899864e-01
 6.20690e-01 -4.34483e+00       2.090e+11  4.242160e-01 -1.421213e-01  3.992285e-01  5.757840e-01
 1.03448e+00 -4.34483e+00       1.785e+11  3.370403e-01 -1.798103e-01  8.029183e-02  6.629597e-01
 1.44828e+00 -4.34483e+00       2.080e+11  5.187673e-01 -3.850533e-02 -3.419880e-01  4.812327e-01
 1.86207e+00 -4.34483e+00       3.475e+11  7.555088e-01  5.604846e-02 -4.533160e-01  2.444912e-01
 2.27586e+00 -4.34483e+00       5.841e+11  8.790767e-01  5.472911e-02 -3.791308e-01  1.209233e-01
 2.68966e+00 -4.34483e+00       7.708e+11  9.308591e-01  4.180689e-02 -2.825494e-01  6.914095e-02
 3.10345e+00 -4.34483e+00       7.692e+11  9.410900e-01  3.385358e-02 -1.520570e-01  5.890995e-02
 3.51724e+00 -4.34483e+00       6.489e+11  9.025164e-01  3.444800e-02  7.472091e-02  9.748358e-02
 3.93103e+00 -4.34483e+00       5.472e+11  8.155073e-01  3.798922e-02  3.576804e-01  1.844927e-01
 4.34483e+00 -4.34483e+00       5.070e+11  7.175794e-01  2.208792e-02  5.605248e-01  2.824206e-01
 4.75862e+00 -4.34483e+00       5.863e+11  5.876451e-01  6.444389e-03  6.972305e-01  4.123549e-01
 5.17241e+00 -4.34483e+00       9.089e+11  4.098707e-01  1.000842e-02  8.280338e-01  5.901293e-01
 5.58621e+00 -4.34483e+00       1.436e+12  2.730359e-01  1.019679e-02  9.129855e-01  7.269641e-01
 6.00000e+00 -4.34483e+00       1.788e+12  1.819144e-01  5.019488e-03  9.546575e-01  8.180856e-01
-6.00000e+00 -3.93103e+00       1.352e+12  1.277439e-01 -1.561012e-02 -9.358989e-01  8.722561e-01
-5.58621e+00 -3.93103e+00       1.016e+12  2.779893e-01 -4.934072e-02 -8.788906e-01  7.220107e-01
-5.17241e+00 -3.93103e+00       7.246e+11  4.101194e-01 -7.530933e-02 -8.292352e-01  5.898806e-01
-4.75862e+00 -3.93103e+00       5.163e+11  5.026341e-01 -5.825436e-02 -7.510934e-01  4.973659e-01
-4.34483e+00 -3.93103e+00       4.944e+11  6.642480e-01  1.031626e-03 -5.293320e-01  3.357520e-01
-3.93103e+00 -3.93103e+00       6.098e+11  8.357463e-01  4.196197e-02 -2.583862e-01  1.642537e-01
-3.51724e+00 -3.93103e+00       6.724e+11  9.265509e-01  6.428745e-02 -6.574669e-02  7.344910e-02
-3.10345e+00 -3.93103e+00       5.913e+11  9.591236e-01  8.762992e-02  5.447832e-02  4.087636e-02
-2.68966e+00 -3.93103e+00       4.690e+11  9.625328e-01  8.747331e-02  9.872371e-02  3.746724e-02
-2.27586e+00 -3.93103e+00       3.926e+11  9.414182e-01  3.326158e-02  5.196211e-02  5.858178e-02
-1.86207e+00 -3.93103e+00       3.214e+11  8.793704e-01 -9.150661e-03 -4.084085e-02  1.206296e-01
-1.44828e+00 -3.93103e+00       2.124e+11  7.490673e-01 -1.578059e-02 -1.395843e-01  2.509327e-01
-1.03448e+00 -3.93103e+00       1.220e+11  5.434814e-01 -1.212287e-01 -2.486230e-01  4.565186e-01
-6.20690e-01 -3.93103e+00       9.484e+10  4.214155e-01 -4.639525e-01 -3.385874e-01  5.785845e-01
-2.06897e-01 -3.93103e+00       1.068e+11  4.672012e-01 -6.617045e-01 -3.626571e-01  5.327988e-01
 2.06897e-01 -3.93103e+00       1.278e+11  5.923815e-01 -5.857381e-01 -3.621652e-01  4.076185e-01
 6.20690e-01 -3.93103e+00       1.613e+11  7.564052e-01 -3.515494e-01 -3.227139e-01  2.435948e-01
 1.03448e+00 -3.93103e+00       2.179e+11  8.547088e-01 -1.470854e-01 -2.346421e-01  1.452912e-01
 1.44828e+00 -3.93103e+00       2.584e+11  8.547813e-01 -5.041265e-02 -1.460992e-01  1.452187e-01
 1.86207e+00 -3.93103e+00       2.534e+11  8.114243e-01 -6.540643e-04 -1.158149e-01  1.885757e-01
 2.27586e+00 -3.93103e+00       2.942e+11  8.460606e-01  4.503620e-02 -1.511364e-01  1.539394e-01
 2.68966e+00 -3.93103e+00       4.784e+11  9.364972e-01  5.804022e-02 -1.225465e-01  6.350283e-02
 3.10345e+00 -3.93103e+00       7.119e+11  9.724059e-01  4.593177e-02 -5.164282e-02  2.759413e-02
 3.51724e+00 -3.93103e+00       7.819e+11  9.612890e-01  3.379029e-02  4.346986e-02  3.871095e-02
 3.93103e+00 -3.93103e+00       6.745e+11  8.924133e-01  3.026559e-02  2.183161e-01  1.075867e-01
 4.34483e+00 -3.93103e+00       5.521e+11  7.649626e-01  3.409879e-02  4.648420e-01  2.350374e-01
 4.75862e+00 -3.93103e+00       4.842e+11  6.275663e-01  2.537941e-02  6.516404e-01  3.724337e-01
 5.17241e+00 -3.93103e+00       5.250e+11  4.423955e-01  9.166376e-03  7.770344e-01  5.576045e-01
 5.58621e+00 -3.93103e+00       8.056e+11  2.256318e-01  6.385081e-03  8.861638e-01  7.743682e-01
 6.00000e+00 -3.93103e+00       1.254e+12  8.861788e-02  9.782462e-04  9.467095e-01  9.113821e-01
-6.00000e+00 -3.51724e+00       9.597e+11  8.792571e-02 -1.303417e-02 -9.211434e-01  9.120743e-01
-5.58621e+00 -3.51724e+00       6.709e+11  2.288229e-01 -4.698355e-02 -8.761723e-01  7.711771e-01
-5.17241e+00 -3.51724e+00       4.728e+11  3.717715e-01 -6.936708e-02 -8.025793e-01  6.282285e-01
-4.75862e+00 -3.51724e+00       4.513e+11  5.746957e-01 -1.982058e-02 -6.193663e-01  4.253043e-01
-4.34483e+00 -3.51724e+00       5.610e+11  7.797610e-01  3.405422e-02 -3.850254e-01  2.202390e-01
-3.93103e+00 -3.51724e+00       6.255e+11  8.986512e-01  6.101908e-02 -2.152931e-01  1.013488e-01
-3.51724e+00 -3.51724e+00       5.549e+11  9.499196e-01  8.167334e-02 -1.209070e-01  5.008042e-02
-3.10345e+00 -3.51724e+00       4.424e+11  9.526141e-01  7.655238e-02 -1.121624e-01  4.738585e-02
-2.68966e+00 -3.51724e+00       3.441e+11  9.090743e-01  3.599654e-02 -1.611450e-01  9.092572e-02
-2.27586e+00 -3.51724e+00       2.317e+11  8.216514e-01 -1.914879e-02 -1.666865e-01  1.783486e-01
-1.86207e+00 -3.51724e+00       1.336e+11  6.924956e-01 -1.706914e-01 -1.745823e-02  3.075044e-01
-1.44828e+00 -3.51724e+00       8.638e+10  5.681251e-01 -4.436744e-01  2.617580e-01  4.318749e-01
-1.03448e+00 -3.51724e+00       7.208e+10  4.247783e-01 -6.107738e-01  4.217471e-01  5.752217e-01
-6.20690e-01 -3.51724e+00       6.921e+10  1.888430e-01 -6.693457e-01  3.794416e-01  8.111570e-01
-2.06897e-01 -3.51724e+00       6.843e+10 -3.517531e-02 -6.852334e-01  1.132378e-01  9.648247e-01
 2.06897e-01 -3.51724e+00       7.030e+10 -5.730658e-02 -6.518405e-01 -2.549211e-01  9.426934e-01
 6.20690e-01 -3.51724e+00       7.837e+10  1.868738e-01 -5.795100e-01 -4.415924e-01  8.131262e-01
 1.03448e+00 -3.51724e+00       1.023e+11  5.542590e-01 -4.708644e-01 -3.695259e-01  4.457410e-01
 1.44828e+00 -3.51724e+00       1.567e+11  8.037449e-01 -3.250710e-01 -1.938107e-01  1.962551e-01
 1.86207e+00 -3.51724e+00       2.294e+11  8.926700e-01 -1.785484e-01 -4.302256e-02  1.073300e-01
 2.27586e+00 -3.51724e+00       2.746e+11  9.019149e-01 -6.098653e-02  3.854856e-02  9.808513e-02
 2.68966e+00 -3.51724e+00       3.074e+11  9.065427e-01  2.781381e-02  4.721943e-02  9.345732e-02
 3.10345e+00 -3.51724e+00       4.400e+11  9.470416e-01  6.065456e-02  6.316955e-02  5.295839e-02
 3.51724e+00 -3.51724e+00       6.493e+11  9.656343e-01  4.920218e-02  1.172235e-01  3.436566e-02
 3.93103e+00 -3.51724e+00       7.259e+11  9.393493e-01  3.447731e-02  1.986251e-01  6.065074e-02
 4.34483e+00 -3.51724e+00       6.228e+11  8.472535e-01  2.871076e-02  3.516667e-01  1.527465e-01
 4.75862e+00 -3.51724e+00       4.950e+11  6.876815e-01  2.626723e-02  5.686898e-01  3.123185e-01
 5.17241e+00 -3.51724e+00       4.545e+11  4.984949e-01  1.070221e-02  7.439430e-01  5.015051e-01
 5.58621e+00 -3.51724e+00       5.911e+11  2.664426e-01  4.654620e-03  8.580406e-01  7.335574e-01
 6.00000e+00 -3.51724e+00       9.308e+11  7.597564e-02  1.056527e-02  9.278717e-01  9.240244e-01
-6.00000e+00 -3.10345e+00       6.606e+11  8.548762e-02 -3.637289e-02 -8.950885e-01  9.145124e-01
-5.58621e+00 -3.10345e+00       4.609e+11  2.454511e-01 -7.055686e-02 -8.464022e-01  7.545489e-01
-5.17241e+00 -3.10345e+00       3.964e+11  4.532851e-01 -4.281635e-02 -7.118073e-01  5.467149e-01
-4.75862e+00 -3.10345e+00       4.782e+11  6.936041e-01  2.071428e-02 -4.969213e-01  3.063959e-01
-4.34483e+00 -3.10345e+00       5.612e+11  8.469948e-01  5.418504e-02 -3.312386e-01  1.530052e-01
-3.93103e+00 -3.10345e+00       5.204e+11  9.180120e-01  7.507334e-02 -2.404123e-01  8.198803e-02
-3.51724e+00 -3.10345e+00       4.132e+11  9.261676e-01  7.684429e-02 -2.299089e-01  7.383237e-02
-3.10345e+00 -3.10345e+00       3.062e+11  8.840527e-01  4.486244e-02 -2.583008e-01  1.159473e-01
-2.68966e+00 -3.10345e+00       2.006e+11  8.261428e-01 -2.092632e-02 -2.018115e-01  1.738572e-01
-2.27586e+00 -3.10345e+00       1.303e+11  8.004172e-01 -1.530401e-01  4.133269e-02  1.995828e-01
-1.86207e+00 -3.10345e+00       1.165e+11  7.941910e-01 -2.287923e-01  3.318875e-01  2.058090e-01
-1.44828e+00 -3.10345e+00       1.472e+11  6.760203e-01 -1.754570e-01  5.269231e-01  3.239797e-01
-1.03448e+00 -3.10345e+00       2.119e+11  4.166342e-01 -1.584078e-01  6.284250e-01  5.833658e-01
-6.20690e-01 -3.10345e+00       2.770e+11  8.419106e-02 -2.050068e-01  5.224627e-01  9.158089e-01
-2.06897e-01 -3.10345e+00       3.153e+11 -1.670042e-01 -2.434585e-01  1.083250e-01  8.329958e-01
 2.06897e-01 -3.10345e+00       3.370e+11 -1.166118e-01 -2.064633e-01 -4.088222e-01  8.833882e-01
 6.20690e-01 -3.10345e+00       3.293e+11  1.725683e-01 -1.222864e-01 -6.630583e-01  8.274317e-01
 1.03448e+00 -3.10345e+00       2.824e+11  5.001771e-01 -7.141563e-02 -6.238601e-01  4.998229e-01
 1.44828e+00 -3.10345e+00       2.326e+11  7.506156e-01 -9.786212e-02 -4.523044e-01  2.493844e-01
 1.86207e+00 -3.10345e+00       2.099e+11  8.728629e-01 -1.551991e-01 -2.536646e-01  1.271371e-01
 2.27586e+00 -3.10345e+00       2.274e+11  9.114766e-01 -1.460504e-01 -2.334243e-02  8.852344e-02
 2.68966e+00 -3.10345e+00       2.650e+11  9.123412e-01 -6.644935e-02  1.300627e-01  8.765885e-02
 3.10345e+00 -3.10345e+00       3.093e+11  9.155497e-01  2.309788e-02  1.721798e-01  8.445025e-02
 3.51724e+00 -3.10345e+00       4.329e+11  9.398075e-01  6.032590e-02  1.901659e-01  6.019252e-02
 3.93103e+00 -3.10345e+00       6.059e+11  9.426392e-01  4.896558e-02  2.352059e-01  5.736076e-02
 4.34483e+00 -3.10345e+00       6.428e+11  8.974670e-01  3.398890e-02  3.151432e-01  1.025330e-01
 4.75862e+00 -3.10345e+00       5.290e+11  7.765794e-01  2.813898e-02  4.668706e-01  2.234206e-01
 5.17241e+00 -3.10345e+00       4.155e+11  5.829636e-01  2.045484e-02  6.634669e-01  4.170364e-01
 5.58621e+00 -3.10345e+00       4.147e+11  3.361719e-01  3.918618e-03  8.102263e-01  6.638281e-01
 6.00000e+00 -3.10345e+00       5.998e+11  8.193721e-02  6.895721e-03  8.938989e-01  9.180628e-01
-6.00000e+00 -2.68966e+00       3.750e+11  3.377170e-02 -6.852875e-04 -8.267335e-01  9.662283e-01
-5.58621e+00 -2.68966e+00       2.977e+11  2.870374e-01 -3.658673e-02 -7.330481e-01  7.129626e-01
-5.17241e+00 -2.68966e+00       3.652e+11  5.753087e-01  4.327906e-03 -5.710200e-01  4.246913e-01
-4.75862e+00 -2.68966e+00       4.722e+11  7.765693e-01  4.048629e-02 -4.136440e-01  2.234307e-01
-4.34483e+00 -2.68966e+00       4.825e+11  8.806931e-01  6.255556e-02 -3.155064e-01  1.193069e-01
-3.93103e+00 -2.68966e+00       3.962e+11  9.076564e-01  7.565433e-02 -2.905685e-01  9.234358e-02
-3.51724e+00 -2.68966e+00       2.918e+11  8.781061e-01  5.795143e-02 -3.079967e-01  1.218939e-01
-3.10345e+00 -2.68966e+00       2.024e+11  8.472465e-01  1.479269e-03 -2.422438e-01  1.527535e-01
-2.68966e+00 -2.68966e+00       1.902e+11  8.913507e-01 -7.101086e-02  3.212936e-02  1.086493e-01
-2.27586e+00 -2.68966e+00       3.813e+11  9.287368e-01 -5.450588e-02  2.635322e-01  7.126320e-02
-1.86207e+00 -2.68966e+00       8.433e+11  9.081196e-01 -2.674001e-02  3.665521e-01  9.188043e-02
-1.44828e+00 -2.68966e+00       1.284e+12  8.685634e-01 -6.234209e-03  4.439104e-01  1.314366e-01
-1.03448e+00 -2.68966e+00       1.242e+12  8.096539e-01  3.116958e-02  5.114565e-01  1.903461e-01
-6.20690e-01 -2.68966e+00       8.112e+11  7.164458e-01  1.132379e-01  5.275404e-01  2.835542e-01
-2.06897e-01 -2.68966e+00       4.739e+11  5.977092e-01  2.356114e-01  2.728404e-01  4.022908e-01
 2.06897e-01 -2.68966e+00       5.032e+11  6.350069e-01  1.770141e-01 -3.149891e-01  3.649931e-01
 6.20690e-01 -2.68966e+00       9.410e+11  7.734293e-01  2.738381e-02 -4.954642e-01  2.265707e-01
 1.03448e+00 -2.68966e+00       1.523e+12  8.542995e-01 -3.312382e-02 -4.586859e-01  1.457005e-01
 1.44828e+00 -2.68966e+00       1.637e+12  8.984789e-01 -4.767046e-02 -3.974155e-01  1.015211e-01
 1.86207e+00 -2.68966e+00       1.126e+12  9.266372e-01 -4.813837e-02 -3.303939e-01  7.336275e-02
 2.27586e+00 -2.68966e+00       5.609e+11  9.459118e-01 -5.788555e-02 -2.241935e-01  5.408823e-02
 2.68966e+00 -2.68966e+00       3.104e+11  9.433804e-01 -7.877213e-02 -1.262359e-02  5.661959e-02
 3.10345e+00 -2.68966e+00       2.699e+11  9.180934e-01 -3.913497e-02  1.834201e-01  8.190656e-02
 3.51724e+00 -2.68966e+00       3.112e+11  9.152394e-01  3.540182e-02  2.443617e-01  8.476055e-02
 3.93103e+00 -2.68966e+00       4.362e+11  9.300154e-01  5.832952e-02  2.666150e-01  6.998465e-02
 4.34483e+00 -2.68966e+00       5.585e+11  9.152895e-01  4.252105e-02  3.120959e-01  8.471053e-02
 4.75862e+00 -2.68966e+00       5.411e+11  8.392533e-01  2.764302e-02  4.107013e-01  1.607467e-01
 5.17241e+00 -2.68966e+00       4.411e+11  6.871005e-01  2.211807e-02  5.804980e-01  3.128995e-01
 5.58621e+00 -2.68966e+00       3.803e+11  4.882471e-01  1.367559e-02  7.404008e-01  5.117529e-01
 6.00000e+00 -2.68966e+00       4.346e+11  2.094567e-01  3.622623e-03  8.367502e-01  7.905433e-01
-6.00000e+00 -2.27586e+00       2.711e+11  2.147663e-01 -1.513023e-01 -7.367186e-01  7.852337e-01
-5.58621e+00 -2.27586e+00       2.827e+11  4.615864e-01 -8.164085e-02 -6.401270e-01  5.384136e-01
-5.17241e+00 -2.27586e+00       3.712e+11  6.931087e-01  8.668929e-03 -4.841143e-01  3.068913e-01
-4.75862e+00 -2.27586e+00       4.306e+11  8.385211e-01  4.461659e-02 -3.644751e-01  1.614789e-01
-4.34483e+00 -2.27586e+00       3.880e+11  8.962133e-01  6.412404e-02 -3.155501e-01  1.037867e-01
-3.93103e+00 -2.27586e+00       2.944e+11  8.868157e-01  6.623292e-02 -3.229943e-01  1.131843e-01
-3.51724e+00 -2.27586e+00       2.179e+11  8.663927e-01  2.907789e-02 -2.812258e-01  1.336073e-01
-3.10345e+00 -2.27586e+00       2.693e+11  9.334099e-01 -1.887353e-02 -5.866642e-02  6.659007e-02
-2.68966e+00 -2.27586e+00       6.843e+11  9.837104e-01 -7.642975e-03  7.470375e-02  1.628963e-02
-2.27586e+00 -2.27586e+00       1.474e+12  9.883688e-01  7.744779e-03  1.156127e-01  1.163120e-02
-1.86207e+00 -2.27586e+00       1.907e+12  9.851419e-01  1.937345e-02  1.420759e-01  1.485807e-02
-1.44828e+00 -2.27586e+00       1.424e+12  9.783969e-01  3.462462e-02  1.643713e-01  2.160312e-02
-1.03448e+00 -2.27586e+00       6.622e+11  9.619397e-01  6.433794e-02  1.843022e-01  3.806033e-02
-6.20690e-01 -2.27586e+00       2.812e+11  9.268857e-01  1.267955e-01  1.884373e-01  7.311428e-02
-2.06897e-01 -2.27586e+00       1.935e+11  9.053091e-01  1.694717e-01  1.407678e-01  9.469087e-02
 2.06897e-01 -2.27586e+00       1.830e+11  9.043144e-01  1.384444e-01  4.232699e-02  9.568564e-02
 6.20690e-01 -2.27586e+00       2.717e+11  9.352496e-01  4.234230e-02 -9.579339e-02  6.475040e-02
 1.03448e+00 -2.27586e+00       6.950e+11  9.717749e-01 -8.667590e-03 -1.427377e-01  2.822510e-02
 1.44828e+00 -2.27586e+00       1.555e+12  9.844417e-01 -2.080991e-02 -1.373201e-01  1.555830e-02
 1.86207e+00 -2.27586e+00       2.175e+12  9.888040e-01 -2.665597e-02 -1.230009e-01  1.119595e-02
 2.27586e+00 -2.27586e+00       1.782e+12  9.906756e-01 -3.061881e-02 -1.028300e-01  9.324442e-03
 2.68966e+00 -2.27586e+00       9.088e+11  9.880914e-01 -3.743902e-02 -6.163608e-02  1.190862e-02
 3.10345e+00 -2.27586e+00       4.006e+11  9.647210e-01 -4.615359e-02  6.082805e-02  3.527899e-02
 3.51724e+00 -2.27586e+00       2.779e+11  9.236497e-01 -7.119821e-03  2.266888e-01  7.635027e-02
 3.93103e+00 -2.27586e+00       3.223e+11  9.201148e-01  4.873885e-02  2.811161e-01  7.988520e-02
 4.34483e+00 -2.27586e+00       4.389e+11  9.229874e-01  5.080216e-02  3.063844e-01  7.701264e-02
 4.75862e+00 -2.27586e+00       4.902e+11  8.850006e-01  3.303123e-02  3.624728e-01  1.149994e-01
 5.17241e+00 -2.27586e+00       4.161e+11  7.754889e-01  1.835146e-02  4.839656e-01  2.245111e-01
 5.58621e+00 -2.27586e+00       3.165e+11  6.030069e-01  3.877014e-03  6.472937e-01  3.969931e-01
 6.00000e+00 -2.27586e+00       2.846e+11  3.665272e-01 -3.837247e-03  7.575331e-01  6.334728e-01
-6.00000e+00 -1.86207e+00       2.732e+11  3.194048e-01 -9.206523e-02 -7.926347e-01  6.805952e-01
-5.58621e+00 -1.86207e+00       2.753e+11  5.902004e-01 -4.076030e-02 -5.910088e-01  4.097996e-01
-5.17241e+00 -1.86207e+00       3.494e+11  8.015674e-01  1.165272e-02 -4.078215e-01  1.984326e-01
-4.75862e+00 -1.86207e+00       3.738e+11  8.893746e-01  4.173226e-02 -3.283387e-01  1.106254e-01
-4.34483e+00 -1.86207e+00       3.075e+11  9.047221e-01  6.270756e-02 -3.130733e-01  9.527790e-02
-3.93103e+00 -1.86207e+00       2.284e+11  8.883292e-01  5.041104e-02 -3.020189e-01  1.116708e-01
-3.51724e+00 -1.86207e+00       2.642e+11  9.322333e-01  6.655251e-03 -1.564446e-01  6.776668e-02
-3.10345e+00 -1.86207e+00       6.772e+11  9.871642e-01  3.218026e-03 -3.991353e-02  1.283581e-02
-2.68966e+00 -1.86207e+00       1.547e+12  9.972627e-01  1.180660e-02 -1.165608e-02  2.737284e-03
-2.27586e+00 -1.86207e+00       2.081e+12  9.983046e-01  1.776208e-02  2.402160e-03  1.695399e-03
-1.86207e+00 -1.86207e+00       1.596e+12  9.973702e-01  2.528568e-02  1.306333e-02  2.629785e-03
-1.44828e+00 -1.86207e+00       7.982e+11  9.928941e-01  3.868397e-02  1.835978e-02  7.105938e-03
-1.03448e+00 -1.86207e+00       4.149e+11  9.800458e-01  6.460458e-02  1.970058e-02  1.995420e-02
-6.20690e-01 -1.86207e+00       3.730e+11  9.693207e-01  1.089201e-01  3.475144e-02  3.067930e-02
-2.06897e-01 -1.86207e+00       4.192e+11  9.683194e-01  1.363548e-01  4.551292e-02  3.168058e-02
 2.06897e-01 -1.86207e+00       3.882e+11  9.667032e-01  1.309046e-01  4.745649e-02  3.329677e-02
 6.20690e-01 -1.86207e+00       2.931e+11  9.621945e-01  8.409988e-02  4.839658e-02  3.780551e-02
 1.03448e+00 -1.86207e+00       3.058e+11  9.709597e-01  8.433052e-03  3.405393e-02  2.904028e-02
 1.44828e+00 -1.86207e+00       7.041e+11  9.902383e-01 -1.507961e-02  6.167616e-03  9.761682e-03
 1.86207e+00 -1.86207e+00       1.614e+12  9.968332e-01 -1.866217e-02  2.012761e-04  3.166757e-03
 2.27586e+00 -1.86207e+00       2.273e+12  9.982566e-01 -2.175692e-02  3.721009e-03  1.743405e-03
 2.68966e+00 -1.86207e+00       1.815e+12  9.976984e-01 -2.494537e-02  1.283235e-02  2.301634e-03
 3.10345e+00 -1.86207e+00       8.811e+11  9.916565e-01 -3.001118e-02  4.124847e-02  8.343459e-03
 3.51724e+00 -1.86207e+00       3.746e+11  9.634209e-01 -2.601165e-02  1.392390e-01  3.657912e-02
 3.93103e+00 -1.86207e+00       2.766e+11  9.304473e-01  2.335172e-02  2.554450e-01  6.955272e-02
 4.34483e+00 -1.86207e+00       3.468e+11  9.316386e-01  5.057290e-02  2.875589e-01  6.836143e-02
 4.75862e+00 -1.86207e+00       4.201e+11  9.216246e-01  3.819346e-02  3.133572e-01  7.837539e-02
 5.17241e+00 -1.86207e+00       3.716e+11  8.596722e-01  2.243516e-02  3.780968e-01  1.403278e-01
 5.58621e+00 -1.86207e+00       2.579e+11  6.805282e-01  2.540313e-03  5.316713e-01  3.194718e-01
 6.00000e+00 -1.86207e+00       2.063e+11  3.372975e-01 -2.435722e-02  7.338943e-01  6.627025e-01
-6.00000e+00 -1.44828e+00       1.518e+11  5.397148e-01 -1.986787e-02 -5.321768e-01  4.602852e-01
-5.58621e+00 -1.44828e+00       2.479e+11  7.659002e-01  1.876038e-02 -4.308617e-01  2.340998e-01
-5.17241e+00 -1.44828e+00       3.403e+11  8.666781e-01  4.937965e-02 -3.447412e-01  1.333219e-01
-4.75862e+00 -1.44828e+00       3.251e+11  9.107693e-01  6.531269e-02 -2.914721e-01  8.923074e-02
-4.34483e+00 -1.44828e+00       2.449e+11  9.166384e-01  5.920753e-02 -2.776272e-01  8.336158e-02
-3.93103e+00 -1.44828e+00       2.210e+11  9.268213e-01  2.500627e-02 -2.211465e-01  7.317873e-02
-3.51724e+00 -1.44828e+00       4.693e+11  9.779291e-01  5.898583e-03 -1.035074e-01  2.207092e-02
-3.10345e+00 -1.44828e+00       1.236e+12  9.946793e-01  1.037003e-02 -6.938690e-02  5.320725e-03
-2.68966e+00 -1.44828e+00       2.038e+12  9.972636e-01  1.426135e-02 -5.944027e-02  2.736444e-03
-2.27586e+00 -1.44828e+00       1.901e+12  9.974894e-01  1.842460e-02 -5.343792e-02  2.510644e-03
-1.86207e+00 -1.44828e+00       1.188e+12  9.961310e-01  2.819769e-02 -5.075606e-02  3.869026e-03
-1.44828e+00 -1.44828e+00       9.807e+11  9.943416e-01  3.716329e-02 -5.203233e-02  5.658422e-03
-1.03448e+00 -1.44828e+00       1.354e+12  9.954654e-01  2.300112e-02 -4.838551e-02  4.534581e-03
-6.20690e-01 -1.44828e+00       1.685e+12  9.967397e-01  6.157656e-04 -3.315096e-02  3.260315e-03
-2.06897e-01 -1.44828e+00       1.685e+12  9.970073e-01 -1.832528e-02 -6.324699e-04  2.992717e-03
 2.06897e-01 -1.44828e+00       1.554e+12  9.959422e-01 -2.246540e-02  4.440045e-02  4.057797e-03
 6.20690e-01 -1.44828e+00       1.335e+12  9.938422e-01 -1.100074e-02  8.089461e-02  6.157778e-03
 1.03448e+00 -1.44828e+00       9.315e+11  9.909442e-01  3.339850e-03  9.928586e-02  9.055777e-03
 1.44828e+00 -1.44828e+00       6.403e+11  9.890508e-01  3.592793e-03  9.055389e-02  1.094925e-02
 1.86207e+00 -1.44828e+00       9.831e+11  9.940178e-01 -1.091614e-02  6.131762e-02  5.982215e-03
 2.27586e+00 -1.44828e+00       1.878e+12  9.969381e-01 -1.554026e-02  5.445449e-02  3.061906e-03
 2.68966e+00 -1.44828e+00       2.205e+12  9.974189e-01 -1.777274e-02  5.578061e-02  2.581078e-03
 3.10345e+00 -1.44828e+00       1.459e+12  9.960314e-01 -2.030271e-02  6.323874e-02  3.968590e-03
 3.51724e+00 -1.44828e+00       6.218e+11  9.869536e-01 -2.193811e-02  9.615908e-02  1.304638e-02
 3.93103e+00 -1.44828e+00       2.930e+11  9.592190e-01  3.988446e-04  1.885485e-01  4.078097e-02
 4.34483e+00 -1.44828e+00       2.880e+11  9.447062e-01  4.125689e-02  2.538224e-01  5.529383e-02
 4.75862e+00 -1.44828e+00       3.815e+11  9.379438e-01  4.316827e-02  2.837130e-01  6.205623e-02
 5.17241e+00 -1.44828e+00       3.966e+11  9.067230e-01  3.270891e-02  3.359932e-01  9.327699e-02
 5.58621e+00 -1.44828e+00       3.063e+11  8.328598e-01  3.164654e-02  4.345084e-01  1.671402e-01
 6.00000e+00 -1.44828e+00       2.190e+11  6.938922e-01  2.977537e-02  5.659869e-01  3.061078e-01
-6.00000e+00 -1.03448e+00       1.647e+11  6.792919e-01 -3.506865e-02 -5.374529e-01  3.207081e-01
-5.58621e+00 -1.03448e+00       2.267e+11  8.599618e-01 -4.535294e-03 -3.276115e-01  1.400382e-01
-5.17241e+00 -1.03448e+00       2.872e+11  9.347825e-01  9.243405e-03 -2.373389e-01  6.521750e-02
-4.75862e+00 -1.03448e+00       2.701e+11  9.547195e-01  2.260893e-02 -2.190685e-01  4.528053e-02
-4.34483e+00 -1.03448e+00       2.150e+11  9.510851e-01  3.191855e-02 -2.167291e-01  4.891492e-02
-3.93103e+00 -1.03448e+00       2.715e+11  9.684347e-01  1.399416e-02 -1.448944e-01  3.156534e-02
-3.51724e+00 -1.03448e+00       7.377e+11  9.914082e-01  7.692088e-03 -8.809089e-02  8.591848e-03
-3.10345e+00 -1.03448e+00       1.643e+12  9.961457e-01  1.025065e-02 -7.619078e-02  3.854279e-03
-2.68966e+00 -1.03448e+00       2.104e+12  9.968805e-01  1.230156e-02 -7.206386e-02  3.119521e-03
-2.27586e+00 -1.03448e+00       1.630e+12  9.965674e-01  1.569674e-02 -7.128839e-02  3.432574e-03
-1.86207e+00 -1.03448e+00       1.184e+12  9.954447e-01  1.905619e-02 -7.508638e-02  4.555338e-03
-1.44828e+00 -1.03448e+00       1.356e+12  9.953336e-01  1.336568e-02 -7.386642e-02  4.666376e-03
-1.03448e+00 -1.03448e+00       1.954e+12  9.965704e-01  1.015084e-02 -5.730035e-02  3.429596e-03
-6.20690e-01 -1.03448e+00       3.128e+12  9.981237e-01  1.270000e-02 -3.466183e-02  1.876295e-03
-2.06897e-01 -1.03448e+00       4.410e+12  9.990016e-01  1.248036e-02 -1.875102e-02  9.983527e-04
 2.06897e-01 -1.03448e+00       4.328e+12  9.991840e-01  9.616559e-03 -5.401021e-03  8.159541e-04
 6.20690e-01 -1.03448e+00       2.876e+12  9.984066e-01  4.791588e-03  1.501915e-02  1.593421e-03
 1.03448e+00 -1.03448e+00       1.523e+12  9.957390e-01 -2.024801e-03  5.439605e-02  4.260994e-03
 1.44828e+00 -1.03448e+00       8.505e+11  9.922087e-01 -5.588106e-03  9.406666e-02  7.791272e-03
 1.86207e+00 -1.03448e+00       7.787e+11  9.930591e-01 -7.482298e-03  8.557557e-02  6.940919e-03
 2.27586e+00 -1.03448e+00       1.421e+12  9.963441e-01 -1.074871e-02  6.606684e-02  3.655911e-03
 2.68966e+00 -1.03448e+00       2.132e+12  9.973506e-01 -1.258705e-02  6.280643e-02  2.649431e-03
 3.10345e+00 -1.03448e+00       1.827e+12  9.971974e-01 -1.415337e-02  6.462435e-02  2.802567e-03
 3.51724e+00 -1.03448e+00       9.128e+11  9.946950e-01 -1.530926e-02  7.594369e-02  5.304973e-03
 3.93103e+00 -1.03448e+00       3.679e+11  9.833719e-01 -6.351481e-03  1.217745e-01  1.662806e-02
 4.34483e+00 -1.03448e+00       2.566e+11  9.709553e-01  2.284957e-02  1.791271e-01  2.904473e-02
 4.75862e+00 -1.03448e+00       3.030e+11  9.700090e-01  2.766093e-02  1.964271e-01  2.999105e-02
 5.17241e+00 -1.03448e+00       3.203e+11  9.577210e-01  1.991261e-02  2.198971e-01  4.227903e-02
 5.58621e+00 -1.03448e+00       2.392e+11  9.060629e-01  1.004445e-02  2.897183e-01  9.393708e-02
 6.00000e+00 -1.03448e+00       1.482e+11  7.464406e-01 -1.680365e-02  4.655977e-01  2.535594e-01
-6.00000e+00 -6.20690e-01       1.633e+11  8.783990e-01 -5.194425e-02 -3.274305e-01  1.216010e-01
-5.58621e+00 -6.20690e-01       2.373e+11  9.394373e-01  1.395286e-02 -2.180643e-01  6.056273e-02
-5.17241e+00 -6.20690e-01       2.769e+11  9.681699e-01  2.975590e-02 -1.585798e-01  3.183006e-02
-4.75862e+00 -6.20690e-01       2.357e+11  9.778224e-01  2.517006e-02 -1.405527e-01  2.217759e-02
-4.34483e+00 -6.20690e-01       1.950e+11  9.785220e-01  1.368015e-02 -1.354579e-01  2.147800e-02
-3.93103e+00 -6.20690e-01       3.373e+11  9.896540e-01  4.570630e-03 -8.753695e-02  1.034599e-02
-3.51724e+00 -6.20690e-01       9.544e+11  9.966009e-01  5.856344e-03 -6.431182e-02  3.399060e-03
-3.10345e+00 -6.20690e-01       1.843e+12  9.978507e-01  7.598955e-03 -5.967314e-02  2.149291e-03
-2.68966e+00 -6.20690e-01       2.029e+12  9.979308e-01  8.720970e-03 -5.902731e-02  2.069176e-03
-2.27586e+00 -6.20690e-01       1.517e+12  9.975188e-01  9.774360e-03 -6.162704e-02  2.481237e-03
-1.86207e+00 -6.20690e-01       1.526e+12  9.974416e-01  7.075262e-03 -6.043382e-02  2.558353e-03
-1.44828e+00 -6.20690e-01       3.233e+12  9.984475e-01  2.660871e-03 -4.599122e-02  1.552499e-03
-1.03448e+00 -6.20690e-01       8.533e+12  9.991949e-01 -1.388913e-05 -3.237095e-02  8.051338e-04
-6.20690e-01 -6.20690e-01       1.788e+13  9.995531e-01 -2.518930e-03 -2.204907e-02  4.468886e-04
-2.06897e-01 -6.20690e-01       2.593e+13  9.997416e-01 -4.569876e-03 -1.225646e-02  2.584443e-04
 2.06897e-01 -6.20690e-01       2.564e+13  9.998232e-01 -5.887014e-03 -2.580834e-03  1.768015e-04
 6.20690e-01 -6.20690e-01       1.723e+13  9.997931e-01 -6.582009e-03  6.598114e-03  2.068809e-04
 1.03448e+00 -6.20690e-01       7.845e+12  9.995403e-01 -7.032391e-03  1.658655e-02  4.596783e-04
 1.44828e+00 -6.20690e-01       2.599e+12  9.986032e-01 -7.539714e-03  3.343084e-02  1.396842e-03
 1.86207e+00 -6.20690e-01       9.939e+11  9.969047e-01 -7.215246e-03  5.607555e-02  3.095347e-03
 2.27586e+00 -6.20690e-01       1.178e+12  9.977545e-01 -7.010443e-03  4.973035e-02  2.245544e-03
 2.68966e+00 -6.20690e-01       1.943e+12  9.986146e-01 -7.789303e-03  4.411671e-02  1.385350e-03
 3.10345e+00 -6.20690e-01       1.971e+12  9.987555e-01 -8.442535e-03  4.390830e-02  1.244490e-03
 3.51724e+00 -6.20690e-01       1.131e+12  9.982120e-01 -8.676060e-03  4.787106e-02  1.787955e-03
 3.93103e+00 -6.20690e-01       4.491e+11  9.951473e-01 -5.176699e-03  6.657291e-02  4.852732e-03
 4.34483e+00 -6.20690e-01       2.480e+11  9.891786e-01  1.141589e-02  1.037471e-01  1.082140e-02
 4.75862e+00 -6.20690e-01       2.860e+11  9.870288e-01  2.136591e-02  1.235936e-01  1.297120e-02
 5.17241e+00 -6.20690e-01       3.353e+11  9.816790e-01  1.765275e-02  1.453731e-01  1.832096e-02
 5.58621e+00 -6.20690e-01       2.756e+11  9.650957e-01  8.045022e-03  1.927023e-01  3.490428e-02
 6.00000e+00 -6.20690e-01       1.744e+11  9.258719e-01 -5.829679e-03  2.720690e-01  7.412807e-02
-6.00000e+00 -2.06897e-01       1.474e+11  9.833501e-01 -2.218993e-02 -1.167327e-01  1.664991e-02
-5.58621e+00 -2.06897e-01       2.363e+11  9.915379e-01  3.200382e-03 -8.312748e-02  8.462056e-03
-5.17241e+00 -2.06897e-01       2.776e+11  9.952331e-01  9.222474e-03 -6.370935e-02  4.766874e-03
-4.75862e+00 -2.06897e-01       2.295e+11  9.963494e-01  6.315530e-03 -5.663832e-02  3.650582e-03
-4.34483e+00 -2.06897e-01       1.927e+11  9.963367e-01 -7.576466e-04 -5.277635e-02  3.663280e-03
-3.93103e+00 -2.06897e-01       3.819e+11  9.982513e-01 -8.989421e-04 -3.616743e-02  1.748746e-03
-3.51724e+00 -2.06897e-01       1.069e+12  9.992631e-01  2.184599e-03 -2.964578e-02  7.368863e-04
-3.10345e+00 -2.06897e-01       1.919e+12  9.994249e-01  3.322985e-03 -2.875891e-02  5.751276e-04
-2.68966e+00 -2.06897e-01       1.981e+12  9.993330e-01  3.311115e-03 -3.038821e-02  6.670098e-04
-2.27586e+00 -2.06897e-01       1.541e+12  9.991518e-01  1.208330e-03 -3.380510e-02  8.482403e-04
-1.86207e+00 -2.06897e-01       2.106e+12  9.993824e-01 -3.310125e-03 -2.969080e-02  6.175901e-04
-1.44828e+00 -2.06897e-01       5.850e+12  9.996858e-01 -4.837470e-03 -2.172461e-02  3.141904e-04
-1.03448e+00 -2.06897e-01       1.592e+13  9.998022e-01 -5.282194e-03 -1.681803e-02  1.978202e-04
-6.20690e-01 -2.06897e-01       3.145e+13  9.998668e-01 -5.646173e-03 -1.278653e-02  1.332456e-04
-2.06897e-01 -2.06897e-01       4.357e+13  9.999135e-01 -5.869021e-03 -8.764492e-03  8.648908e-05
 2.06897e-01 -2.06897e-01       4.316e+13  9.999431e-01 -5.959650e-03 -4.920822e-03  5.686512e-05
 6.20690e-01 -2.06897e-01       3.048e+13  9.999532e-01 -5.981346e-03 -1.623708e-03  4.680958e-05
 1.03448e+00 -2.06897e-01       1.493e+13  9.999334e-01 -6.005449e-03  1.273460e-03  6.656455e-05
 1.44828e+00 -2.06897e-01       5.049e+12  9.998278e-01 -6.039804e-03  5.556327e-03  1.721627e-04
 1.86207e+00 -2.06897e-01       1.485e+12  9.995008e-01 -5.387248e-03  1.430303e-02  4.991544e-04
 2.27586e+00 -2.06897e-01       1.127e+12  9.994919e-01 -3.824925e-03  1.405090e-02  5.080534e-04
 2.68966e+00 -2.06897e-01       1.828e+12  9.997751e-01 -3.853837e-03  9.830082e-03  2.248646e-04
 3.10345e+00 -2.06897e-01       2.004e+12  9.998628e-01 -3.823498e-03  9.335123e-03  1.372094e-04
 3.51724e+00 -2.06897e-01       1.237e+12  9.998261e-01 -3.230738e-03  1.031414e-02  1.738777e-04
 3.93103e+00 -2.06897e-01       5.001e+11  9.995092e-01 -8.943771e-04  1.447527e-02  4.907570e-04
 4.34483e+00 -2.06897e-01       2.554e+11  9.987973e-01  4.715780e-03  2.274685e-02  1.202653e-03
 4.75862e+00 -2.06897e-01       2.859e+11  9.986175e-01  6.059979e-03  2.898967e-02  1.382483e-03
 5.17241e+00 -2.06897e-01       3.367e+11  9.982885e-01  3.109080e-03  3.691051e-02  1.711483e-03
 5.58621e+00 -2.06897e-01       2.827e+11  9.969877e-01 -9.051877e-04  4.943285e-02  3.012266e-03
 6.00000e+00 -2.06897e-01       1.845e+11  9.938032e-01 -5.204076e-03  6.583743e-02  6.196807e-03
-6.00000e+00  2.06897e-01       1.470e+11  9.867423e-01  6.236977e-03  7.229182e-02  1.325766e-02
-5.58621e+00  2.06897e-01       2.362e+11  9.934865e-01 -1.004201e-02  5.762433e-02  6.513511e-03
-5.17241e+00  2.06897e-01       2.774e+11  9.964616e-01 -1.790329e-02  4.522198e-02  3.538379e-03
-4.75862e+00  2.06897e-01       2.289e+11  9.975115e-01 -2.275788e-02  3.725841e-02  2.488451e-03
-4.34483e+00  2.06897e-01       1.920e+11  9.980658e-01 -1.926980e-02  2.994771e-02  1.934216e-03
-3.93103e+00  2.06897e-01       3.820e+11  9.992930e-01 -6.898189e-03  1.420298e-02  7.070217e-04
-3.51724e+00  2.06897e-01       1.073e+12  9.997555e-01 -2.289154e-03  9.106531e-03  2.445415e-04
-3.10345e+00  2.06897e-01       1.927e+12  9.998140e-01 -1.486292e-03  7.389962e-03  1.860376e-04
-2.68966e+00  2.06897e-01       1.995e+12  9.997666e-01 -2.421717e-03  4.400487e-03  2.333714e-04
-2.27586e+00  2.06897e-01       1.561e+12  9.996837e-01 -6.658533e-03  6.634663e-04  3.163188e-04
-1.86207e+00  2.06897e-01       2.132e+12  9.997633e-01 -1.106140e-02  2.112029e-03  2.367270e-04
-1.44828e+00  2.06897e-01       5.871e+12  9.998806e-01 -9.900613e-03  2.297273e-03  1.194165e-04
-1.03448e+00  2.06897e-01       1.593e+13  9.999290e-01 -7.891418e-03  3.754941e-04  7.099058e-05
-6.20690e-01  2.06897e-01       3.146e+13  9.999474e-01 -6.165198e-03 -2.129350e-03  5.257656e-05
-2.06897e-01  2.06897e-01       4.360e+13  9.999441e-01 -4.833581e-03 -5.365986e-03  5.589405e-05
 2.06897e-01  2.06897e-01       4.318e+13  9.999179e-01 -3.922755e-03 -9.196172e-03  8.206482e-05
 6.20690e-01  2.06897e-01       3.049e+13  9.998696e-01 -3.359902e-03 -1.322786e-02  1.304364e-04
 1.03448e+00  2.06897e-01       1.493e+13  9.998025e-01 -3.029902e-03 -1.708071e-02  1.975375e-04
 1.44828e+00  2.06897e-01       5.059e+12  9.997202e-01 -2.699088e-03 -2.033763e-02  2.798089e-04
 1.86207e+00  2.06897e-01       1.499e+12  9.995898e-01 -1.487877e-03 -2.302286e-02  4.101892e-04
 2.27586e+00  2.06897e-01       1.134e+12  9.994165e-01  7.182101e-05 -2.803612e-02  5.835318e-04
 2.68966e+00  2.06897e-01       1.829e+12  9.994481e-01  2.574596e-04 -2.979359e-02  5.519298e-04
 3.10345e+00  2.06897e-01       2.004e+12  9.994771e-01  9.782698e-04 -2.989815e-02  5.228815e-04
 3.51724e+00  2.06897e-01       1.237e+12  9.993705e-01  2.481133e-03 -3.092171e-02  6.295347e-04
 3.93103e+00  2.06897e-01       5.006e+11  9.986475e-01  4.177949e-03 -3.829798e-02  1.352542e-03
 4.34483e+00  2.06897e-01       2.563e+11  9.968246e-01 -2.758501e-03 -6.033870e-02  3.175387e-03
 4.75862e+00  2.06897e-01       2.867e+11  9.961598e-01 -1.257487e-02 -7.159593e-02  3.840150e-03
 5.17241e+00  2.06897e-01       3.375e+11  9.951643e-01 -1.288921e-02 -7.773367e-02  4.835738e-03
 5.58621e+00  2.06897e-01       2.836e+11  9.917201e-01 -1.219796e-02 -9.733899e-02  8.279917e-03
 6.00000e+00  2.06897e-01       1.858e+11  9.848296e-01 -1.491244e-02 -1.319444e-01  1.517042e-02
-6.00000e+00  6.20690e-01       1.610e+11  8.956171e-01  3.324217e-02  2.843675e-01  1.043829e-01
-5.58621e+00  6.20690e-01       2.359e+11  9.478036e-01 -2.559573e-02  1.923212e-01  5.219639e-02
-5.17241e+00  6.20690e-01       2.749e+11  9.721326e-01 -4.087758e-02  1.395708e-01  2.786739e-02
-4.75862e+00  6.20690e-01       2.327e+11  9.807120e-01 -4.124209e-02  1.213012e-01  1.928798e-02
-4.34483e+00  6.20690e-01       1.913e+11  9.828292e-01 -3.335627e-02  1.142930e-01  1.717075e-02
-3.93103e+00  6.20690e-01       3.362e+11  9.927827e-01 -1.417395e-02  6.608653e-02  7.217285e-03
-3.51724e+00  6.20690e-01       9.626e+11  9.980094e-01 -6.905607e-03  4.431701e-02  1.990606e-03
-3.10345e+00  6.20690e-01       1.866e+12  9.988677e-01 -6.183807e-03  3.944207e-02  1.132325e-03
-2.68966e+00  6.20690e-01       2.070e+12  9.989907e-01 -7.647204e-03  3.537715e-02  1.009336e-03
-2.27586e+00  6.20690e-01       1.577e+12  9.988172e-01 -1.304954e-02  3.141155e-02  1.182809e-03
-1.86207e+00  6.20690e-01       1.607e+12  9.985302e-01 -1.893620e-02  3.204846e-02  1.469766e-03
-1.44828e+00  6.20690e-01       3.306e+12  9.989693e-01 -1.711319e-02  2.508741e-02  1.030682e-03
-1.03448e+00  6.20690e-01       8.558e+12  9.995004e-01 -1.362686e-02  1.391533e-02  4.995840e-04
-6.20690e-01  6.20690e-01       1.786e+13  9.997383e-01 -1.004542e-02  4.962147e-03  2.617256e-04
-2.06897e-01  6.20690e-01       2.589e+13  9.997932e-01 -6.976789e-03 -3.995998e-03  2.068285e-04
 2.06897e-01  6.20690e-01       2.558e+13  9.997214e-01 -4.828943e-03 -1.364466e-02  2.786350e-04
 6.20690e-01  6.20690e-01       1.717e+13  9.995362e-01 -3.551203e-03 -2.349981e-02  4.637743e-04
 1.03448e+00  6.20690e-01       7.833e+12  9.992138e-01 -2.649486e-03 -3.366677e-02  7.862016e-04
 1.44828e+00  6.20690e-01       2.642e+12  9.986035e-01 -9.235335e-04 -4.613252e-02  1.396460e-03
 1.86207e+00  6.20690e-01       1.039e+12  9.975992e-01  2.600255e-03 -6.120004e-02  2.400825e-03
 2.27586e+00  6.20690e-01       1.198e+12  9.974646e-01  3.590588e-03 -6.501797e-02  2.535412e-03
 2.68966e+00  6.20690e-01       1.949e+12  9.977435e-01  3.972585e-03 -6.350867e-02  2.256534e-03
 3.10345e+00  6.20690e-01       1.973e+12  9.977461e-01  5.455946e-03 -6.349494e-02  2.253898e-03
 3.51724e+00  6.20690e-01       1.133e+12  9.969520e-01  7.888928e-03 -6.764057e-02  3.047996e-03
 3.93103e+00  6.20690e-01       4.522e+11  9.925018e-01  8.070988e-03 -9.043887e-02  7.498215e-03
 4.34483e+00  6.20690e-01       2.518e+11  9.834102e-01 -1.091416e-02 -1.414700e-01  1.658979e-02
 4.75862e+00  6.20690e-01       2.906e+11  9.801593e-01 -2.559137e-02 -1.659472e-01  1.984073e-02
 5.17241e+00  6.20690e-01       3.404e+11  9.733015e-01 -2.127167e-02 -1.851093e-01  2.669847e-02
 5.58621e+00  6.20690e-01       2.805e+11  9.512554e-01 -1.154786e-02 -2.361908e-01  4.874460e-02
 6.00000e+00  6.20690e-01       1.793e+11  9.021757e-01 -5.247869e-04 -3.287350e-01  9.782430e-02
-6.00000e+00  1.03448e+00       1.608e+11  7.083237e-01  6.750421e-03  5.029868e-01  2.916763e-01
-5.58621e+00  1.03448e+00       2.240e+11  8.709531e-01 -1.536138e-02  3.020041e-01  1.290469e-01
-5.17241e+00  1.03448e+00       2.841e+11  9.383307e-01 -1.995160e-02  2.185297e-01  6.166929e-02
-4.75862e+00  1.03448e+00       2.659e+11  9.570542e-01 -3.343584e-02  2.032741e-01  4.294576e-02
-4.34483e+00  1.03448e+00       2.100e+11  9.555426e-01 -4.805884e-02  2.006889e-01  4.445744e-02
-3.93103e+00  1.03448e+00       2.693e+11  9.735007e-01 -2.707935e-02  1.253294e-01  2.649928e-02
-3.51724e+00  1.03448e+00       7.473e+11  9.936126e-01 -1.129559e-02  6.939457e-02  6.387406e-03
-3.10345e+00  1.03448e+00       1.676e+12  9.974182e-01 -1.037866e-02  5.812427e-02  2.581813e-03
-2.68966e+00  1.03448e+00       2.164e+12  9.980049e-01 -1.211457e-02  5.250667e-02  1.995109e-03
-2.27586e+00  1.03448e+00       1.723e+12  9.978100e-01 -1.760069e-02  4.762622e-02  2.190018e-03
-1.86207e+00  1.03448e+00       1.323e+12  9.966671e-01 -2.592498e-02  5.105523e-02  3.332927e-03
-1.44828e+00  1.03448e+00       1.534e+12  9.958936e-01 -2.317963e-02  5.739263e-02  4.106413e-03
-1.03448e+00  1.03448e+00       2.096e+12  9.965141e-01 -2.028172e-02  4.089343e-02  3.485859e-03
-6.20690e-01  1.03448e+00       3.140e+12  9.978454e-01 -2.480468e-02  1.131398e-02  2.154602e-03
-2.06897e-01  1.03448e+00       4.292e+12  9.986331e-01 -2.623868e-02 -8.323054e-03  1.366935e-03
 2.06897e-01  1.03448e+00       4.191e+12  9.987031e-01 -2.331412e-02 -2.203868e-02  1.296917e-03
 6.20690e-01  1.03448e+00       2.853e+12  9.980680e-01 -1.639554e-02 -3.909040e-02  1.931959e-03
 1.03448e+00  1.03448e+00       1.635e+12  9.964847e-01 -4.595769e-03 -6.473871e-02  3.515279e-03
 1.44828e+00  1.03448e+00       9.830e+11  9.945933e-01  4.275689e-03 -8.756279e-02  5.406657e-03
 1.86207e+00  1.03448e+00       8.475e+11  9.942916e-01  6.401205e-03 -9.054964e-02  5.708414e-03
 2.27586e+00  1.03448e+00       1.439e+12  9.957149e-01  6.662116e-03 -8.254506e-02  4.285147e-03
 2.68966e+00  1.03448e+00       2.128e+12  9.962881e-01  8.202289e-03 -8.016657e-02  3.711871e-03
 3.10345e+00  1.03448e+00       1.820e+12  9.959807e-01  1.076073e-02 -8.175066e-02  4.019328e-03
 3.51724e+00  1.03448e+00       9.118e+11  9.928513e-01  1.409125e-02 -9.377336e-02  7.148679e-03
 3.93103e+00  1.03448e+00       3.728e+11  9.786161e-01  7.513626e-03 -1.458947e-01  2.138394e-02
 4.34483e+00  1.03448e+00       2.615e+11  9.620563e-01 -2.717058e-02 -2.143911e-01  3.794369e-02
 4.75862e+00  1.03448e+00       3.074e+11  9.593672e-01 -3.615564e-02 -2.348254e-01  4.063280e-02
 5.17241e+00  1.03448e+00       3.265e+11  9.440372e-01 -2.532673e-02 -2.584425e-01  5.596281e-02
 5.58621e+00  1.03448e+00       2.458e+11  8.839296e-01 -1.355226e-02 -3.304273e-01  1.160704e-01
 6.00000e+00  1.03448e+00       1.540e+11  7.096112e-01  7.511763e-03 -5.078189e-01  2.903888e-01
-6.00000e+00  1.44828e+00       1.503e+11  5.446169e-01  6.174676e-04  5.165726e-01  4.553831e-01
-5.58621e+00  1.44828e+00       2.486e+11  7.694851e-01 -2.713303e-02  4.196193e-01  2.305149e-01
-5.17241e+00  1.44828e+00       3.396e+11  8.695424e-01 -5.300600e-02  3.369914e-01  1.304576e-01
-4.75862e+00  1.44828e+00       3.208e+11  9.129226e-01 -7.246403e-02  2.833898e-01  8.707740e-02
-4.34483e+00  1.44828e+00       2.379e+11  9.200499e-01 -7.427796e-02  2.670704e-01  7.995013e-02
-3.93103e+00  1.44828e+00       2.148e+11  9.325755e-01 -4.410260e-02  2.068923e-01  6.742452e-02
-3.51724e+00  1.44828e+00       4.739e+11  9.812697e-01 -1.487236e-02  8.690801e-02  1.873031e-02
-3.10345e+00  1.44828e+00       1.269e+12  9.958877e-01 -1.279071e-02  5.375118e-02  4.112257e-03
-2.68966e+00  1.44828e+00       2.109e+12  9.979761e-01 -1.528289e-02  4.368430e-02  2.023908e-03
-2.27586e+00  1.44828e+00       2.012e+12  9.980540e-01 -2.034414e-02  3.623049e-02  1.945956e-03
-1.86207e+00  1.44828e+00       1.345e+12  9.967105e-01 -3.203038e-02  3.300675e-02  3.289498e-03
-1.44828e+00  1.44828e+00       1.215e+12  9.948677e-01 -4.093053e-02  4.416815e-02  5.132265e-03
-1.03448e+00  1.44828e+00       1.712e+12  9.954540e-01 -2.650941e-02  5.287893e-02  4.545998e-03
-6.20690e-01  1.44828e+00       2.160e+12  9.965824e-01 -3.485058e-03  4.599324e-02  3.417585e-03
-2.06897e-01  1.44828e+00       2.215e+12  9.973181e-01  1.637475e-02  2.136749e-02  2.681883e-03
 2.06897e-01  1.44828e+00       2.087e+12  9.972936e-01  2.208454e-02 -1.693443e-02  2.706368e-03
 6.20690e-01  1.44828e+00       1.799e+12  9.962868e-01  1.352093e-02 -5.200667e-02  3.713179e-03
 1.03448e+00  1.44828e+00       1.235e+12  9.942771e-01  2.090766e-03 -7.626287e-02  5.722878e-03
 1.44828e+00  1.44828e+00       7.770e+11  9.920182e-01 -7.606306e-04 -8.803018e-02  7.981751e-03
 1.86207e+00  1.44828e+00       1.024e+12  9.943234e-01  6.199437e-03 -7.598267e-02  5.676553e-03
 2.27586e+00  1.44828e+00       1.881e+12  9.964521e-01  9.499665e-03 -6.857060e-02  3.547901e-03
 2.68966e+00  1.44828e+00       2.195e+12  9.967449e-01  1.236468e-02 -6.909163e-02  3.255128e-03
 3.10345e+00  1.44828e+00       1.452e+12  9.950783e-01  1.599251e-02 -7.672217e-02  4.921666e-03
 3.51724e+00  1.44828e+00       6.242e+11  9.844445e-01  1.908814e-02 -1.126821e-01  1.555549e-02
 3.93103e+00  1.44828e+00       3.006e+11  9.523344e-01 -3.055507e-03 -2.149247e-01  4.766556e-02
 4.34483e+00  1.44828e+00       2.966e+11  9.349330e-01 -4.732107e-02 -2.859346e-01  6.506704e-02
 4.75862e+00  1.44828e+00       3.903e+11  9.267788e-01 -5.231973e-02 -3.130036e-01  7.322116e-02
 5.17241e+00  1.44828e+00       4.033e+11  8.908517e-01 -4.496424e-02 -3.638990e-01  1.091483e-01
 5.58621e+00  1.44828e+00       3.112e+11  8.067060e-01 -5.145749e-02 -4.666476e-01  1.932940e-01
 6.00000e+00  1.44828e+00       2.251e+11  6.588300e-01 -5.715916e-02 -6.004430e-01  3.411700e-01
-6.00000e+00  1.86207e+00       2.619e+11  3.460340e-01  8.854684e-02  7.714181e-01  6.539660e-01
-5.58621e+00  1.86207e+00       2.701e+11  6.070657e-01  2.734507e-02  5.700415e-01  3.929343e-01
-5.17241e+00  1.86207e+00       3.474e+11  8.065406e-01 -1.734113e-02  3.944970e-01  1.934594e-01
-4.75862e+00  1.86207e+00       3.712e+11  8.904853e-01 -4.299484e-02  3.195771e-01  1.095147e-01
-4.34483e+00  1.86207e+00       3.022e+11  9.054380e-01 -6.834193e-02  3.063719e-01  9.456196e-02
-3.93103e+00  1.86207e+00       2.208e+11  8.898735e-01 -6.512938e-02  2.962598e-01  1.101265e-01
-3.51724e+00  1.86207e+00       2.611e+11  9.356252e-01 -2.212775e-02  1.440945e-01  6.437481e-02
-3.10345e+00  1.86207e+00       6.958e+11  9.883259e-01 -9.949159e-03  2.684446e-02  1.167407e-02
-2.68966e+00  1.86207e+00       1.607e+12  9.973238e-01 -1.496454e-02 -5.447066e-04  2.676194e-03
-2.27586e+00  1.86207e+00       2.187e+12  9.980082e-01 -2.108694e-02 -1.431373e-02  1.991754e-03
-1.86207e+00  1.86207e+00       1.745e+12  9.968656e-01 -3.072279e-02 -2.366467e-02  3.134398e-03
-1.44828e+00  1.86207e+00       9.874e+11  9.930656e-01 -4.441959e-02 -2.181835e-02  6.934446e-03
-1.03448e+00  1.86207e+00       6.128e+11  9.851277e-01 -5.774619e-02 -1.389773e-02  1.487228e-02
-6.20690e-01  1.86207e+00       5.614e+11  9.787880e-01 -8.361982e-02 -3.069895e-02  2.121199e-02
-2.06897e-01  1.86207e+00       6.043e+11  9.776231e-01 -1.061649e-01 -4.930317e-02  2.237686e-02
 2.06897e-01  1.86207e+00       5.525e+11  9.762170e-01 -1.016410e-01 -6.006524e-02  2.378297e-02
 6.20690e-01  1.86207e+00       4.210e+11  9.733446e-01 -6.161207e-02 -7.362724e-02  2.665539e-02
 1.03448e+00  1.86207e+00       3.974e+11  9.778869e-01 -8.174709e-03 -7.206997e-02  2.211311e-02
 1.44828e+00  1.86207e+00       7.485e+11  9.911898e-01  4.941699e-03 -3.097369e-02  8.810172e-03
 1.86207e+00  1.86207e+00       1.612e+12  9.970530e-01  8.591347e-03 -1.243054e-02  2.946968e-03
 2.27586e+00  1.86207e+00       2.244e+12  9.983854e-01  1.301996e-02 -1.284374e-02  1.614580e-03
 2.68966e+00  1.86207e+00       1.788e+12  9.977204e-01  1.718634e-02 -2.180128e-02  2.279581e-03
 3.10345e+00  1.86207e+00       8.742e+11  9.909874e-01  2.277521e-02 -5.201389e-02  9.012642e-03
 3.51724e+00  1.86207e+00       3.816e+11  9.600849e-01  1.880460e-02 -1.570003e-01  3.991514e-02
 3.93103e+00  1.86207e+00       2.857e+11  9.240738e-01 -2.874626e-02 -2.807570e-01  7.592616e-02
 4.34483e+00  1.86207e+00       3.537e+11  9.226972e-01 -5.737346e-02 -3.149872e-01  7.730284e-02
 4.75862e+00  1.86207e+00       4.277e+11  9.097466e-01 -4.567881e-02 -3.403380e-01  9.025343e-02
 5.17241e+00  1.86207e+00       3.806e+11  8.419520e-01 -2.956768e-02 -4.063442e-01  1.580480e-01
 5.58621e+00  1.86207e+00       2.667e+11  6.571652e-01 -1.034819e-02 -5.591910e-01  3.428348e-01
 6.00000e+00  1.86207e+00       2.138e+11  3.228332e-01  1.511523e-02 -7.474676e-01  6.771668e-01
-6.00000e+00  2.27586e+00       2.590e+11  2.165984e-01  1.380531e-01  7.241559e-01  7.834016e-01
-5.58621e+00  2.27586e+00       2.778e+11  4.692664e-01  5.896774e-02  6.300970e-01  5.307336e-01
-5.17241e+00  2.27586e+00       3.712e+11  6.955921e-01 -2.309364e-02  4.795113e-01  3.044079e-01
-4.75862e+00  2.27586e+00       4.278e+11  8.373541e-01 -4.862326e-02  3.612315e-01  1.626459e-01
-4.34483e+00  2.27586e+00       3.803e+11  8.945416e-01 -6.486875e-02  3.128064e-01  1.054584e-01
-3.93103e+00  2.27586e+00       2.831e+11  8.854644e-01 -7.220178e-02  3.212669e-01  1.145356e-01
-3.51724e+00  2.27586e+00       2.070e+11  8.650244e-01 -4.585072e-02  2.794681e-01  1.349756e-01
-3.10345e+00  2.27586e+00       2.682e+11  9.351887e-01  2.737861e-04  4.707085e-02  6.481125e-02
-2.68966e+00  2.27586e+00       7.117e+11  9.835539e-01 -3.011554e-03 -8.438768e-02  1.644615e-02
-2.27586e+00  2.27586e+00       1.550e+12  9.873989e-01 -1.543018e-02 -1.237233e-01  1.260108e-02
-1.86207e+00  2.27586e+00       2.019e+12  9.838471e-01 -2.790411e-02 -1.502179e-01  1.615289e-02
-1.44828e+00  2.27586e+00       1.551e+12  9.776563e-01 -4.729823e-02 -1.729283e-01  2.234373e-02
-1.03448e+00  2.27586e+00       8.486e+11  9.689693e-01 -8.371414e-02 -1.805062e-01  3.103067e-02
-6.20690e-01  2.27586e+00       5.606e+11  9.654854e-01 -1.228884e-01 -1.453750e-01  3.451461e-02
-2.06897e-01  2.27586e+00       5.111e+11  9.673623e-01 -1.303582e-01 -1.114199e-01  3.263767e-02
 2.06897e-01  2.27586e+00       4.432e+11  9.624975e-01 -1.281517e-01 -9.783785e-02  3.750249e-02
 6.20690e-01  2.27586e+00       4.119e+11  9.572483e-01 -9.672866e-02 -2.518729e-02  4.275166e-02
 1.03448e+00  2.27586e+00       7.280e+11  9.726521e-01 -2.560127e-02  1.030824e-01  2.734795e-02
 1.44828e+00  2.27586e+00       1.529e+12  9.842262e-01  5.218907e-03  1.330531e-01  1.577383e-02
 1.86207e+00  2.27586e+00       2.118e+12  9.887778e-01  1.573012e-02  1.233618e-01  1.122219e-02
 2.27586e+00  2.27586e+00       1.730e+12  9.907966e-01  2.122792e-02  1.022999e-01  9.203374e-03
 2.68966e+00  2.27586e+00       8.893e+11  9.879709e-01  2.790546e-02  5.854789e-02  1.202910e-02
 3.10345e+00  2.27586e+00       4.042e+11  9.625975e-01  3.336334e-02 -7.126824e-02  3.740255e-02
 3.51724e+00  2.27586e+00       2.889e+11  9.197479e-01 -3.075481e-03 -2.454135e-01  8.025212e-02
 3.93103e+00  2.27586e+00       3.318e+11  9.142644e-01 -5.294183e-02 -3.037446e-01  8.573565e-02
 4.34483e+00  2.27586e+00       4.491e+11  9.146334e-01 -5.568064e-02 -3.296390e-01  8.536655e-02
 4.75862e+00  2.27586e+00       5.043e+11  8.729454e-01 -3.959238e-02 -3.866156e-01  1.270546e-01
 5.17241e+00  2.27586e+00       4.314e+11  7.579573e-01 -2.678018e-02 -5.097739e-01  2.420427e-01
 5.58621e+00  2.27586e+00       3.331e+11  5.865355e-01 -1.199795e-02 -6.712082e-01  4.134645e-01
 6.00000e+00  2.27586e+00       2.997e+11  3.634099e-01  7.533544e-05 -7.702314e-01  6.365901e-01
-6.00000e+00  2.68966e+00       3.636e+11  2.638758e-02 -2.001008e-02  8.275030e-01  9.736124e-01
-5.58621e+00  2.68966e+00       2.891e+11  2.855558e-01  1.069653e-02  7.298326e-01  7.144442e-01
-5.17241e+00  2.68966e+00       3.670e+11  5.762024e-01 -2.431250e-02  5.700993e-01  4.237976e-01
-4.75862e+00  2.68966e+00       4.747e+11  7.740597e-01 -4.701840e-02  4.137515e-01  2.259403e-01
-4.34483e+00  2.68966e+00       4.787e+11  8.781886e-01 -6.063016e-02  3.147213e-01  1.218114e-01
-3.93103e+00  2.68966e+00       3.869e+11  9.046715e-01 -7.347551e-02  2.910752e-01  9.532849e-02
-3.51724e+00  2.68966e+00       2.789e+11  8.723400e-01 -6.505416e-02  3.121195e-01  1.276600e-01
-3.10345e+00  2.68966e+00       1.909e+11  8.382958e-01 -2.357853e-02  2.513817e-01  1.617042e-01
-2.68966e+00  2.68966e+00       1.877e+11  8.893760e-01  4.316712e-02 -3.501694e-02  1.106240e-01
-2.27586e+00  2.68966e+00       4.009e+11  9.300859e-01  3.490254e-02 -2.675593e-01  6.991408e-02
-1.86207e+00  2.68966e+00       9.109e+11  9.110671e-01  9.774104e-03 -3.654518e-01  8.893292e-02
-1.44828e+00  2.68966e+00       1.413e+12  8.741650e-01 -1.509954e-02 -4.366495e-01  1.258350e-01
-1.03448e+00  2.68966e+00       1.379e+12  8.175001e-01 -5.924983e-02 -4.986190e-01  1.824999e-01
-6.20690e-01  2.68966e+00       8.871e+11  7.204063e-01 -1.477361e-01 -5.133970e-01  2.795937e-01
-2.06897e-01  2.68966e+00       4.913e+11  5.771554e-01 -2.795910e-01 -2.561314e-01  4.228446e-01
 2.06897e-01  2.68966e+00       4.941e+11  5.966506e-01 -2.267962e-01  3.570916e-01  4.033494e-01
 6.20690e-01  2.68966e+00       8.998e+11  7.463083e-01 -6.817450e-02  5.334624e-01  2.536917e-01
 1.03448e+00  2.68966e+00       1.432e+12  8.361849e-01  2.678318e-03  4.879564e-01  1.638151e-01
 1.44828e+00  2.68966e+00       1.532e+12  8.870064e-01  2.548210e-02  4.186964e-01  1.129936e-01
 1.86207e+00  2.68966e+00       1.060e+12  9.206237e-01  3.129631e-02  3.434479e-01  7.937625e-02
 2.27586e+00  2.68966e+00       5.404e+11  9.437959e-01  4.041325e-02  2.302645e-01  5.620415e-02
 2.68966e+00  2.68966e+00       3.109e+11  9.419176e-01  5.206066e-02  1.005385e-02  5.808239e-02
 3.10345e+00  2.68966e+00       2.793e+11  9.171298e-01  1.627724e-02 -1.955181e-01  8.287018e-02
 3.51724e+00  2.68966e+00       3.201e+11  9.136404e-01 -4.296171e-02 -2.602954e-01  8.635963e-02
 3.93103e+00  2.68966e+00       4.428e+11  9.256296e-01 -6.220010e-02 -2.837126e-01  7.437038e-02
 4.34483e+00  2.68966e+00       5.694e+11  9.077469e-01 -4.897872e-02 -3.305648e-01  9.225309e-02
 4.75862e+00  2.68966e+00       5.545e+11  8.270624e-01 -3.822102e-02 -4.306876e-01  1.729376e-01
 5.17241e+00  2.68966e+00       4.559e+11  6.713677e-01 -3.608418e-02 -6.013641e-01  3.286323e-01
 5.58621e+00  2.68966e+00       3.982e+11  4.789889e-01 -2.571061e-02 -7.551524e-01  5.210111e-01
 6.00000e+00  2.68966e+00       4.571e+11  2.048263e-01 -1.114992e-02 -8.448095e-01  7.951737e-01
-6.00000e+00  3.10345e+00       6.386e+11  8.239522e-02  3.334796e-02  8.916004e-01  9.176048e-01
-5.58621e+00  3.10345e+00       4.359e+11  2.470434e-01  7.156289e-02  8.384648e-01  7.529566e-01
-5.17241e+00  3.10345e+00       3.884e+11  4.601262e-01  3.284744e-02  7.046827e-01  5.398738e-01
-4.75862e+00  3.10345e+00       4.831e+11  6.944868e-01 -2.817200e-02  4.976188e-01  3.055132e-01
-4.34483e+00  3.10345e+00       5.634e+11  8.448237e-01 -5.330349e-02  3.342980e-01  1.551763e-01
-3.93103e+00  3.10345e+00       5.152e+11  9.153492e-01 -6.912026e-02  2.444755e-01  8.465083e-02
-3.51724e+00  3.10345e+00       4.023e+11  9.215292e-01 -7.206660e-02  2.365852e-01  7.847083e-02
-3.10345e+00  3.10345e+00       2.921e+11  8.751826e-01 -5.261902e-02  2.687484e-01  1.248174e-01
-2.68966e+00  3.10345e+00       1.887e+11  8.133510e-01 -7.673426e-03  2.208566e-01  1.866490e-01
-2.27586e+00  3.10345e+00       1.245e+11  7.936009e-01  1.106110e-01 -2.714844e-02  2.063991e-01
-1.86207e+00  3.10345e+00       1.185e+11  7.998136e-01  1.849575e-01 -3.426883e-01  2.001864e-01
-1.44828e+00  3.10345e+00       1.496e+11  6.849931e-01  1.560319e-01 -5.532020e-01  3.150069e-01
-1.03448e+00  3.10345e+00       2.061e+11  4.160071e-01  1.580238e-01 -6.751925e-01  5.839929e-01
-6.20690e-01  3.10345e+00       2.673e+11  7.459944e-02  2.006353e-01 -5.989328e-01  9.254006e-01
-2.06897e-01  3.10345e+00       3.020e+11 -1.945000e-01  2.275857e-01 -2.216509e-01  8.055000e-01
 2.06897e-01  3.10345e+00       3.128e+11 -1.753964e-01  1.905769e-01  3.119341e-01  8.246036e-01
 6.20690e-01  3.10345e+00       3.007e+11  1.258928e-01  1.138998e-01  6.270048e-01  8.741072e-01
 1.03448e+00  3.10345e+00       2.633e+11  4.875659e-01  6.814965e-02  6.293620e-01  5.124341e-01
 1.44828e+00  3.10345e+00       2.236e+11  7.430461e-01  7.898620e-02  4.885669e-01  2.569539e-01
 1.86207e+00  3.10345e+00       2.025e+11  8.587977e-01  1.080150e-01  2.989149e-01  1.412023e-01
 2.27586e+00  3.10345e+00       2.239e+11  9.038967e-01  9.215329e-02  3.812219e-02  9.610325e-02
 2.68966e+00  3.10345e+00       2.717e+11  9.128908e-01  3.001360e-02 -1.343545e-01  8.710920e-02
 3.10345e+00  3.10345e+00       3.166e+11  9.176817e-01 -3.378829e-02 -1.794210e-01  8.231832e-02
 3.51724e+00  3.10345e+00       4.351e+11  9.387948e-01 -6.154297e-02 -1.993928e-01  6.120520e-02
 3.93103e+00  3.10345e+00       6.133e+11  9.394460e-01 -5.264084e-02 -2.468807e-01  6.055399e-02
 4.34483e+00  3.10345e+00       6.512e+11  8.921736e-01 -4.206574e-02 -3.267381e-01  1.078264e-01
 4.75862e+00  3.10345e+00       5.324e+11  7.661013e-01 -3.934210e-02 -4.810742e-01  2.338987e-01
 5.17241e+00  3.10345e+00       4.215e+11  5.750274e-01 -2.847384e-02 -6.776184e-01  4.249726e-01
 5.58621e+00  3.10345e+00       4.220e+11  3.423674e-01 -6.683982e-03 -8.121804e-01  6.576326e-01
 6.00000e+00  3.10345e+00       6.070e+11  8.260361e-02 -1.221294e-02 -8.922435e-01  9.173964e-01
-6.00000e+00  3.51724e+00       9.521e+11  9.001693e-02  1.011702e-02  9.203833e-01  9.099831e-01
-5.58621e+00  3.51724e+00       6.479e+11  2.306455e-01  5.435895e-02  8.730465e-01  7.693545e-01
-5.17241e+00  3.51724e+00       4.547e+11  3.771494e-01  7.158539e-02  7.988000e-01  6.228506e-01
-4.75862e+00  3.51724e+00       4.532e+11  5.791153e-01  8.689013e-03  6.202283e-01  4.208847e-01
-4.34483e+00  3.51724e+00       5.715e+11  7.776555e-01 -3.970654e-02  3.917610e-01  2.223445e-01
-3.93103e+00  3.51724e+00       6.284e+11  8.956614e-01 -5.799922e-02  2.211572e-01  1.043386e-01
-3.51724e+00  3.51724e+00       5.503e+11  9.477248e-01 -7.179853e-02  1.284699e-01  5.227518e-02
-3.10345e+00  3.51724e+00       4.328e+11  9.481971e-01 -6.610079e-02  1.250009e-01  5.180287e-02
-2.68966e+00  3.51724e+00       3.301e+11  8.984651e-01 -4.075922e-02  1.761077e-01  1.015349e-01
-2.27586e+00  3.51724e+00       2.194e+11  8.056347e-01 -1.599490e-02  1.853232e-01  1.943653e-01
-1.86207e+00  3.51724e+00       1.255e+11  6.817970e-01  1.063827e-01  4.668467e-02  3.182030e-01
-1.44828e+00  3.51724e+00       8.158e+10  5.766590e-01  3.697855e-01 -2.555515e-01  4.233410e-01
-1.03448e+00  3.51724e+00       7.032e+10  4.469257e-01  4.789992e-01 -5.013570e-01  5.530743e-01
-6.20690e-01  3.51724e+00       6.726e+10  1.811551e-01  4.379396e-01 -5.670261e-01  8.188449e-01
-2.06897e-01  3.51724e+00       6.247e+10 -1.578010e-01  3.813401e-01 -3.722817e-01  8.421990e-01
 2.06897e-01  3.51724e+00       5.921e+10 -3.158633e-01  3.413615e-01  4.529888e-02  6.841367e-01
 6.20690e-01  3.51724e+00       6.360e+10 -6.892371e-02  3.501129e-01  3.585512e-01  9.310763e-01
 1.03448e+00  3.51724e+00       8.426e+10  4.120559e-01  3.549193e-01  3.760312e-01  5.879441e-01
 1.44828e+00  3.51724e+00       1.378e+11  7.572560e-01  2.490814e-01  2.108481e-01  2.427440e-01
 1.86207e+00  3.51724e+00       2.224e+11  8.853906e-01  1.105027e-01  4.363049e-02  1.146094e-01
 2.27586e+00  3.51724e+00       2.828e+11  9.068233e-01  1.892201e-02 -3.934988e-02  9.317671e-02
 2.68966e+00  3.51724e+00       3.107e+11  9.106002e-01 -3.735495e-02 -4.522314e-02  8.939978e-02
 3.10345e+00  3.51724e+00       4.340e+11  9.465968e-01 -5.932526e-02 -6.393506e-02  5.340322e-02
 3.51724e+00  3.51724e+00       6.525e+11  9.640676e-01 -5.154616e-02 -1.238806e-01  3.593239e-02
 3.93103e+00  3.51724e+00       7.345e+11  9.372527e-01 -4.261860e-02 -2.056013e-01  6.274728e-02
 4.34483e+00  3.51724e+00       6.217e+11  8.417609e-01 -4.203340e-02 -3.594579e-01  1.582391e-01
 4.75862e+00  3.51724e+00       4.923e+11  6.795529e-01 -3.744451e-02 -5.811573e-01  3.204471e-01
 5.17241e+00  3.51724e+00       4.536e+11  5.021693e-01 -1.220768e-02 -7.470362e-01  4.978307e-01
 5.58621e+00  3.51724e+00       5.864e+11  2.701561e-01 -6.015257e-03 -8.547975e-01  7.298439e-01
 6.00000e+00  3.51724e+00       9.298e+11  7.147661e-02 -1.763081e-02 -9.271653e-01  9.285234e-01
-6.00000e+00  3.93103e+00       1.335e+12  1.286494e-01  5.629443e-03  9.337326e-01  8.713506e-01
-5.58621e+00  3.93103e+00       9.886e+11  2.746491e-01  5.324179e-02  8.744658e-01  7.253509e-01
-5.17241e+00  3.93103e+00       6.843e+11  4.147750e-01  9.463902e-02  8.203456e-01  5.852250e-01
-4.75862e+00  3.93103e+00       4.984e+11  5.123598e-01  6.476234e-02  7.469336e-01  4.876402e-01
-4.34483e+00  3.93103e+00       5.043e+11  6.684620e-01 -1.184772e-02  5.361359e-01  3.315380e-01
-3.93103e+00  3.93103e+00       6.258e+11  8.325501e-01 -4.720288e-02  2.701405e-01  1.674499e-01
-3.51724e+00  3.93103e+00       6.773e+11  9.240516e-01 -5.987901e-02  7.270665e-02  7.594841e-02
-3.10345e+00  3.93103e+00       5.907e+11  9.599068e-01 -7.355570e-02 -4.572675e-02  4.009324e-02
-2.68966e+00  3.93103e+00       4.672e+11  9.644479e-01 -6.589954e-02 -7.808564e-02  3.555208e-02
-2.27586e+00  3.93103e+00       3.842e+11  9.368759e-01 -2.210132e-02 -2.388836e-02  6.312413e-02
-1.86207e+00  3.93103e+00       3.087e+11  8.607796e-01 -1.389008e-02  6.853107e-02  1.392204e-01
-1.44828e+00  3.93103e+00       2.038e+11  7.154189e-01 -5.890323e-02  1.593241e-01  2.845811e-01
-1.03448e+00  3.93103e+00       1.149e+11  4.977598e-01 -1.338519e-02  2.466929e-01  5.022402e-01
-6.20690e-01  3.93103e+00       8.030e+10  3.382525e-01  3.363254e-01  3.152438e-01  6.617475e-01
-2.06897e-01  3.93103e+00       8.170e+10  3.535468e-01  6.192515e-01  3.372477e-01  6.464532e-01
 2.06897e-01  3.93103e+00       9.930e+10  5.106157e-01  5.438355e-01  3.496568e-01  4.893843e-01
 6.20690e-01  3.93103e+00       1.437e+11  7.349163e-01  2.662821e-01  3.211518e-01  2.650837e-01
 1.03448e+00  3.93103e+00       2.215e+11  8.562178e-01  6.544845e-02  2.433983e-01  1.437822e-01
 1.44828e+00  3.93103e+00       2.762e+11  8.645007e-01 -1.048761e-02  1.653924e-01  1.354993e-01
 1.86207e+00  3.93103e+00       2.624e+11  8.204499e-01 -2.713935e-02  1.362283e-01  1.795501e-01
 2.27586e+00  3.93103e+00       2.805e+11  8.383749e-01 -3.890596e-02  1.683606e-01  1.616251e-01
 2.68966e+00  3.93103e+00       4.594e+11  9.312288e-01 -5.176723e-02  1.290215e-01  6.877121e-02
 3.10345e+00  3.93103e+00       7.121e+11  9.705993e-01 -4.725460e-02  4.912121e-02  2.940071e-02
 3.51724e+00  3.93103e+00       7.890e+11  9.607235e-01 -4.251619e-02 -4.584063e-02  3.927654e-02
 3.93103e+00  3.93103e+00       6.660e+11  8.894554e-01 -4.628410e-02 -2.202490e-01  1.105446e-01
 4.34483e+00  3.93103e+00       5.370e+11  7.584590e-01 -4.875544e-02 -4.741300e-01  2.415410e-01
 4.75862e+00  3.93103e+00       4.675e+11  6.312529e-01 -2.491511e-02 -6.526586e-01  3.687471e-01
 5.17241e+00  3.93103e+00       5.051e+11  4.480113e-01  1.823701e-03 -7.699437e-01  5.519887e-01
 5.58621e+00  3.93103e+00       8.033e+11  2.215845e-01 -2.986362e-03 -8.856732e-01  7.784155e-01
 6.00000e+00  3.93103e+00       1.282e+12  8.582929e-02 -6.644819e-04 -9.482675e-01  9.141707e-01
-6.00000e+00  4.34483e+00       1.696e+12  1.917162e-01 -1.108396e-02  9.486833e-01  8.082838e-01
-5.58621e+00  4.34483e+00       1.457e+12  2.896392e-01  1.244916e-03  9.020032e-01  7.103608e-01
-5.17241e+00  4.34483e+00       1.052e+12  4.105888e-01  3.782895e-02  8.330571e-01  5.894112e-01
-4.75862e+00  4.34483e+00       6.809e+11  5.170851e-01  8.433574e-02  7.626892e-01  4.829149e-01
-4.34483e+00  4.34483e+00       4.861e+11  6.025135e-01  6.907681e-02  6.721389e-01  3.974865e-01
-3.93103e+00  4.34483e+00       5.011e+11  7.309358e-01 -8.882267e-03  4.499918e-01  2.690642e-01
-3.51724e+00  4.34483e+00       6.217e+11  8.528911e-01 -5.056176e-02  1.442458e-01  1.471089e-01
-3.10345e+00  4.34483e+00       6.938e+11  9.097887e-01 -6.049792e-02 -1.059996e-01  9.021126e-02
-2.68966e+00  4.34483e+00       6.318e+11  9.128907e-01 -7.285093e-02 -2.764439e-01  8.710927e-02
-2.27586e+00  4.34483e+00       4.978e+11  8.932865e-01 -8.733864e-02 -3.815737e-01  1.067135e-01
-1.86207e+00  4.34483e+00       3.768e+11  8.685182e-01 -5.382708e-02 -4.227335e-01  1.314818e-01
-1.44828e+00  4.34483e+00       3.092e+11  8.275267e-01  5.695151e-02 -4.291292e-01  1.724733e-01
-1.03448e+00  4.34483e+00       3.086e+11  7.912900e-01  1.473977e-01 -4.341418e-01  2.087100e-01
-6.20690e-01  4.34483e+00       3.288e+11  7.894287e-01  1.248859e-01 -4.256542e-01  2.105713e-01
-2.06897e-01  4.34483e+00       3.139e+11  7.742895e-01  6.108171e-02 -4.129019e-01  2.257105e-01
 2.06897e-01  4.34483e+00       2.680e+11  6.785315e-01  5.477590e-02 -4.127973e-01  3.214685e-01
 6.20690e-01  4.34483e+00       2.128e+11  4.885493e-01  1.469935e-01 -3.587862e-01  5.114507e-01
 1.03448e+00  4.34483e+00       1.676e+11  3.255497e-01  2.281070e-01 -1.008351e-01  6.744503e-01
 1.44828e+00  4.34483e+00       1.776e+11  4.402785e-01  1.044258e-01  3.320322e-01  5.597215e-01
 1.86207e+00  4.34483e+00       3.115e+11  7.191403e-01 -2.836073e-02  4.645619e-01  2.808597e-01
 2.27586e+00  4.34483e+00       5.673e+11  8.682037e-01 -4.788967e-02  3.824468e-01  1.317963e-01
 2.68966e+00  4.34483e+00       7.788e+11  9.282565e-01 -4.470898e-02  2.812376e-01  7.174347e-02
 3.10345e+00  4.34483e+00       7.712e+11  9.406824e-01 -4.606378e-02  1.563512e-01  5.931764e-02
 3.51724e+00  4.34483e+00       6.256e+11  8.980065e-01 -5.612041e-02 -7.009680e-02  1.019935e-01
 3.93103e+00  4.34483e+00       5.238e+11  8.063223e-01 -5.621181e-02 -3.715706e-01  1.936777e-01
 4.34483e+00  4.34483e+00       4.953e+11  7.212907e-01 -2.248380e-02 -5.648652e-01  2.787093e-01
 4.75862e+00  4.34483e+00       5.679e+11  5.999845e-01  2.022455e-03 -6.854118e-01  4.000155e-01
 5.17241e+00  4.34483e+00       8.826e+11  4.098142e-01 -1.176204e-02 -8.235883e-01  5.901858e-01
 5.58621e+00  4.34483e+00       1.421e+12  2.667484e-01 -1.767141e-02 -9.147518e-01  7.332516e-01
 6.00000e+00  4.34483e+00       1.788e+12  1.781006e-01 -9.041049e-03 -9.560916e-01  8.218994e-01
-6.00000e+00  4.75862e+00       1.907e+12  2.695428e-01 -1.063119e-02  9.416429e-01  7.304572e-01
-5.58621e+00  4.75862e+00       1.876e+12  3.496116e-01 -9.179081e-03  9.007339e-01  6.503884e-01
-5.17241e+00  4.75862e+00       1.569e+12  4.516209e-01  6.427710e-03  8.318788e-01  5.483791e-01
-4.75862e+00  4.75862e+00       1.130e+12  5.655241e-01  4.619669e-02  7.415010e-01  4.344759e-01
-4.34483e+00  4.75862e+00       7.223e+11  6.510342e-01  9.472479e-02  6.610995e-01  3.489658e-01
-3.93103e+00  4.75862e+00       4.838e+11  7.000381e-01  8.531337e-02  5.888647e-01  2.999619e-01
-3.51724e+00  4.75862e+00       4.516e+11  7.692605e-01  3.692851e-03  4.112616e-01  2.307395e-01
-3.10345e+00  4.75862e+00       5.277e+11  8.297642e-01 -5.449727e-02  7.632605e-02  1.702358e-01
-2.68966e+00  4.75862e+00       6.171e+11  8.281528e-01 -6.938642e-02 -2.705446e-01  1.718472e-01
-2.27586e+00  4.75862e+00       6.252e+11  7.601996e-01 -6.621906e-02 -5.165889e-01  2.398004e-01
-1.86207e+00  4.75862e+00       5.388e+11  6.345453e-01 -8.486429e-02 -6.924065e-01  3.654547e-01
-1.44828e+00  4.75862e+00       4.219e+11  4.762346e-01 -1.202217e-01 -8.109127e-01  5.237654e-01
-1.03448e+00  4.75862e+00       2.937e+11  2.854677e-01 -1.103456e-01 -8.661610e-01  7.145323e-01
-6.20690e-01  4.75862e+00       1.935e+11 -8.574121e-03 -7.094191e-03 -8.404583e-01  9.914259e-01
-2.06897e-01  4.75862e+00       1.506e+11 -3.379307e-01  1.283744e-01 -6.429413e-01  6.620693e-01
 2.06897e-01  4.75862e+00       1.454e+11 -4.427426e-01  1.635367e-01 -1.655999e-01  5.572574e-01
 6.20690e-01  4.75862e+00       1.877e+11 -1.706529e-01  6.761919e-02  4.827436e-01  8.293471e-01
 1.03448e+00  4.75862e+00       3.131e+11  2.004555e-01 -3.446473e-02  7.939454e-01  7.995445e-01
 1.44828e+00  4.75862e+00       5.022e+11  4.636719e-01 -6.224774e-02  7.881437e-01  5.363281e-01
 1.86207e+00  4.75862e+00       6.683e+11  6.533862e-01 -5.594690e-02  6.812280e-01  3.466138e-01
 2.27586e+00  4.75862e+00       7.036e+11  7.757294e-01 -5.397943e-02  5.530407e-01  2.242706e-01
 2.68966e+00  4.75862e+00       6.008e+11  8.408048e-01 -6.586420e-02  3.607150e-01  1.591952e-01
 3.10345e+00  4.75862e+00       4.982e+11  8.565410e-01 -8.208758e-02  2.562845e-02  1.434590e-01
 3.51724e+00  4.75862e+00       4.715e+11  8.333045e-01 -6.711343e-02 -2.950419e-01  1.666955e-01
 3.93103e+00  4.75862e+00       4.844e+11  8.017713e-01 -1.603029e-02 -4.466124e-01  1.982287e-01
 4.34483e+00  4.75862e+00       5.644e+11  7.255962e-01  7.761915e-03 -5.541558e-01  2.744038e-01
 4.75862e+00  4.75862e+00       8.695e+11  5.655137e-01 -1.134610e-02 -7.221304e-01  4.344863e-01
 5.17241e+00  4.75862e+00       1.454e+12  4.257678e-01 -1.854460e-02 -8.495474e-01  5.742322e-01
 5.58621e+00  4.75862e+00       1.968e+12  3.348735e-01 -9.215202e-03 -9.128122e-01  6.651265e-01
 6.00000e+00  4.75862e+00       2.010e+12  2.621349e-01  1.758823e-03 -9.457303e-01  7.378651e-01
-6.00000e+00  5.17241e+00       1.943e+12  3.620596e-01 -7.582192e-03  9.169665e-01  6.379404e-01
-5.58621e+00  5.17241e+00       2.112e+12  4.228803e-01 -9.777453e-03  8.834541e-01  5.771197e-01
-5.17241e+00  5.17241e+00       2.008e+12  5.057881e-01 -7.654608e-03  8.223057e-01  4.942119e-01
-4.75862e+00  5.17241e+00       1.686e+12  6.042295e-01  8.201013e-03  7.286078e-01  3.957705e-01
-4.34483e+00  5.17241e+00       1.249e+12  7.064224e-01  4.696945e-02  6.119213e-01  2.935776e-01
-3.93103e+00  5.17241e+00       8.074e+11  7.766192e-01  1.005079e-01  5.122024e-01  2.233808e-01
-3.51724e+00  5.17241e+00       4.939e+11  7.981858e-01  1.179038e-01  4.527518e-01  2.018142e-01
-3.10345e+00  5.17241e+00       3.889e+11  8.233493e-01  4.702485e-02  3.695277e-01  1.766507e-01
-2.68966e+00  5.17241e+00       3.901e+11  8.378605e-01 -3.399862e-02  1.670091e-01  1.621395e-01
-2.27586e+00  5.17241e+00       4.046e+11  7.441939e-01 -9.492346e-02 -2.017052e-01  2.558061e-01
-1.86207e+00  5.17241e+00       4.412e+11  5.191634e-01 -1.190226e-01 -5.956864e-01  4.808366e-01
-1.44828e+00  5.17241e+00       4.674e+11  2.275401e-01 -9.421686e-02 -7.978122e-01  7.724599e-01
-1.03448e+00  5.17241e+00       4.357e+11 -1.302809e-01 -5.675447e-02 -7.911813e-01  8.697191e-01
-6.20690e-01  5.17241e+00       3.806e+11 -5.134895e-01 -4.538393e-02 -5.605872e-01  4.865105e-01
-2.06897e-01  5.17241e+00       3.581e+11 -7.228823e-01 -5.501791e-02 -9.616834e-02  2.771177e-01
 2.06897e-01  5.17241e+00       3.867e+11 -6.175366e-01 -6.178861e-02  4.240260e-01  3.824634e-01
 6.20690e-01  5.17241e+00       4.409e+11 -3.236383e-01 -6.516552e-02  7.627547e-01  6.763617e-01
 1.03448e+00  5.17241e+00       4.687e+11 -1.580977e-02 -7.319300e-02  8.941472e-01  9.841902e-01
 1.44828e+00  5.17241e+00       4.441e+11  2.434368e-01 -9.152028e-02  8.821234e-01  7.565632e-01
 1.86207e+00  5.17241e+00       3.844e+11  4.669538e-01 -1.161057e-01  7.215855e-01  5.330462e-01
 2.27586e+00  5.17241e+00       3.465e+11  6.845988e-01 -1.382629e-01  3.585492e-01  3.154012e-01
 2.68966e+00  5.17241e+00       3.671e+11  8.207085e-01 -1.238549e-01 -1.947007e-02  1.792915e-01
 3.10345e+00  5.17241e+00       4.141e+11  8.608538e-01 -5.358386e-02 -2.102988e-01  1.391462e-01
 3.51724e+00  5.17241e+00       4.608e+11  8.677323e-01  1.233371e-02 -2.777066e-01  1.322677e-01
 3.93103e+00  5.17241e+00       5.623e+11  8.217367e-01  1.327938e-02 -3.843803e-01  1.782633e-01
 4.34483e+00  5.17241e+00       8.853e+11  6.964910e-01 -1.547490e-02 -5.927819e-01  3.035090e-01
 4.75862e+00  5.17241e+00       1.506e+12  5.765723e-01 -1.961274e-02 -7.543546e-01  4.234277e-01
 5.17241e+00  5.17241e+00       2.110e+12  4.919721e-01 -7.623597e-03 -8.392211e-01  5.080279e-01
 5.58621e+00  5.17241e+00       2.264e+12  4.208037e-01  3.912398e-03 -8.878984e-01  5.791963e-01
 6.00000e+00  5.17241e+00       1.968e+12  3.523115e-01  7.302792e-03 -9.205821e-01  6.476885e-01
-6.00000e+00  5.58621e+00       1.787e+12  4.727868e-01 -6.106358e-03  8.666789e-01  5.272132e-01
-5.58621e+00  5.58621e+00       2.176e+12  5.146978e-01 -6.756615e-03  8.424263e-01  4.853022e-01
-5.17241e+00  5.58621e+00       2.237e+12  5.716567e-01 -8.697433e-03  7.963867e-01  4.283433e-01
-4.75862e+00  5.58621e+00       2.078e+12  6.501665e-01 -6.688951e-03  7.142607e-01  3.498335e-01
-4.34483e+00  5.58621e+00       1.786e+12  7.368491e-01  6.367501e-03  5.939884e-01  2.631509e-01
-3.93103e+00  5.58621e+00       1.401e+12  8.205657e-01  3.877972e-02  4.441071e-01  1.794343e-01
-3.51724e+00  5.58621e+00       9.698e+11  8.782624e-01  9.210402e-02  3.055437e-01  1.217376e-01
-3.10345e+00  5.58621e+00       5.762e+11  8.842957e-01  1.470257e-01  2.266651e-01  1.157043e-01
-2.68966e+00  5.58621e+00       3.537e+11  8.574132e-01  1.368255e-01  1.933105e-01  1.425868e-01
-2.27586e+00  5.58621e+00       3.081e+11  8.754012e-01  4.909625e-02  1.134736e-01  1.245988e-01
-1.86207e+00  5.58621e+00       3.010e+11  8.799816e-01 -2.783039e-02  9.147322e-04  1.200184e-01
-1.44828e+00  5.58621e+00       2.551e+11  7.871795e-01 -1.360424e-01 -1.808420e-01  2.128205e-01
-1.03448e+00  5.58621e+00       2.040e+11  5.972442e-01 -2.463051e-01 -4.311743e-01  4.027558e-01
-6.20690e-01  5.58621e+00       1.572e+11  3.534253e-01 -2.562187e-01 -5.763461e-01  6.465747e-01
-2.06897e-01  5.58621e+00       1.140e+11  4.562271e-02 -2.019075e-01 -5.159642e-01  9.543773e-01
 2.06897e-01  5.58621e+00       9.360e+10 -1.709716e-01 -2.283339e-01 -2.308951e-01  8.290284e-01
 6.20690e-01  5.58621e+00       1.061e+11 -3.969823e-02 -3.635646e-01  1.176976e-01  9.603018e-01
 1.03448e+00  5.58621e+00       1.485e+11  2.784746e-01 -3.949310e-01  2.902755e-01  7.215254e-01
 1.44828e+00  5.58621e+00       2.024e+11  5.494727e-01 -3.138641e-01  2.385277e-01  4.505273e-01
 1.86207e+00  5.58621e+00       2.544e+11  7.173841e-01 -1.959590e-01  8.535228e-02  2.826159e-01
 2.27586e+00  5.58621e+00       3.172e+11  8.134286e-01 -5.488079e-02 -3.051059e-03  1.865714e-01
 2.68966e+00  5.58621e+00       3.808e+11  8.688397e-01  4.152786e-02 -2.153145e-03  1.311603e-01
 3.10345e+00  5.58621e+00       4.364e+11  8.937628e-01  4.693971e-02 -1.891759e-02  1.062372e-01
 3.51724e+00  5.58621e+00       5.723e+11  8.739956e-01  1.366273e-03 -1.851343e-01  1.260044e-01
 3.93103e+00  5.58621e+00       9.476e+11  7.964053e-01 -2.459806e-02 -4.467780e-01  2.035947e-01
 4.34483e+00  5.58621e+00       1.601e+12  7.116224e-01 -1.843146e-02 -6.313943e-01  2.883776e-01
 4.75862e+00  5.58621e+00       2.235e+12  6.423834e-01 -2.422119e-03 -7.330265e-01  3.576166e-01
 5.17241e+00  5.58621e+00       2.446e+12  5.777524e-01  8.213758e-03 -7.966915e-01  4.222476e-01
 5.58621e+00  5.58621e+00       2.198e+12  5.119332e-01  8.452002e-03 -8.437683e-01  4.880668e-01
 6.00000e+00  5.58621e+00       1.804e+12  4.514768e-01  6.868115e-03 -8.764805e-01  5.485232e-01
-6.00000e+00  6.00000e+00       1.427e+12  5.833463e-01 -5.723317e-03  7.931949e-01  4.166537e-01
-5.58621e+00  6.00000e+00       1.994e+12  6.291446e-01 -5.373000e-03  7.622208e-01  3.708554e-01
-5.17241e+00  6.00000e+00       2.351e+12  6.655118e-01 -5.998759e-03  7.315710e-01  3.344882e-01
-4.75862e+00  6.00000e+00       2.301e+12  7.101113e-01 -7.396241e-03  6.803126e-01  2.898887e-01
-4.34483e+00  6.00000e+00       2.059e+12  7.738601e-01 -5.311978e-03  5.826714e-01  2.261399e-01
-3.93103e+00  6.00000e+00       1.804e+12  8.400726e-01  3.658272e-03  4.367931e-01  1.599274e-01
-3.51724e+00  6.00000e+00       1.512e+12  8.910382e-01  2.486644e-02  2.544623e-01  1.089618e-01
-3.10345e+00  6.00000e+00       1.172e+12  9.186389e-01  6.383504e-02  5.746283e-02  8.136111e-02
-2.68966e+00  6.00000e+00       8.005e+11  9.109539e-01  1.236653e-01 -1.006541e-01  8.904612e-02
-2.27586e+00  6.00000e+00       4.755e+11  8.615336e-01  1.933163e-01 -1.662289e-01  1.384664e-01
-1.86207e+00  6.00000e+00       2.786e+11  7.633349e-01  2.438800e-01 -9.829021e-02  2.366651e-01
-1.44828e+00  6.00000e+00       1.915e+11  6.510843e-01  2.352786e-01 -7.937086e-03  3.489157e-01
-1.03448e+00  6.00000e+00       1.678e+11  6.174331e-01  7.058213e-02 -7.042252e-02  3.825669e-01
-6.20690e-01  6.00000e+00       1.707e+11  5.792550e-01 -1.891214e-01 -2.331000e-01  4.207450e-01
-2.06897e-01  6.00000e+00       1.755e+11  4.843579e-01 -3.648976e-01 -3.457566e-01  5.156421e-01
 2.06897e-01  6.00000e+00       1.767e+11  4.525055e-01 -3.838947e-01 -2.994227e-01  5.474945e-01
 6.20690e-01  6.00000e+00       1.904e+11  5.496313e-01 -1.863697e-01 -8.948106e-02  4.503687e-01
 1.03448e+00  6.00000e+00       2.327e+11  6.547352e-01  9.463501e-02  1.591179e-01  3.452648e-01
 1.44828e+00  6.00000e+00       2.816e+11  6.876863e-01  2.016686e-01  3.172102e-01  3.123137e-01
 1.86207e+00  6.00000e+00       3.047e+11  6.912254e-01  1.554132e-01  3.904244e-01  3.087746e-01
 2.27586e+00  6.00000e+00       3.328e+11  7.323449e-01  7.284715e-02  3.982055e-01  2.676551e-01
 2.68966e+00  6.00000e+00       4.210e+11  8.230874e-01  6.799743e-03  2.730143e-01  1.769126e-01
 3.10345e+00  6.00000e+00       6.374e+11  8.794314e-01 -2.866473e-02 -5.421452e-03  1.205686e-01
 3.51724e+00  6.00000e+00       1.083e+12  8.675717e-01 -2.802232e-02 -2.935199e-01  1.324283e-01
 3.93103e+00  6.00000e+00       1.744e+12  8.270472e-01 -8.740249e-03 -4.811670e-01  1.729528e-01
 4.34483e+00  6.00000e+00       2.346e+12  7.801628e-01  8.589645e-03 -5.904958e-01  2.198372e-01
 4.75862e+00  6.00000e+00       2.554e+12  7.266784e-01  1.386599e-02 -6.665744e-01  2.733216e-01
 5.17241e+00  6.00000e+00       2.332e+12  6.673244e-01  8.355010e-03 -7.282318e-01  3.326756e-01
 5.58621e+00  6.00000e+00       1.990e+12  6.085814e-01  5.143160e-03 -7.756153e-01  3.914186e-01
 6.00000e+00  6.00000e+00       1.631e+12  5.619184e-01  1.197172e-02 -8.066875e-01  4.380816e-01
