 EB(GeV)    EMITTANCEx EMITTANCEy SIZEx(m)   SIZEy(m)   DIVx(rad)  DIVy(rad)
 1.500e+00  5.941e-09  5.941e-11  1.840e-04  1.299e-05  3.228e-05  4.574e-06
 betax      alphax     betay      alphay     eta        deta       E_spread  
 5.700e+00  0.000e+00  2.840e+00  0.000e+00  0.000e+00  0.000e+00  1.000e-03
 Ibeam(A) 
  2.000e-01


           x            y       F.Density            PL            PC          PL45        1-|PL|
          mm           mm  ph/s/mm^2/0.1%             -             -             -             -
-6.00000e+00 -6.00000e+00       1.838e+12  4.752849e-01  4.643117e-03 -8.603100e-01  5.247151e-01
-5.58621e+00 -6.00000e+00       2.145e+12  5.166144e-01  1.551205e-03 -8.350561e-01  4.833856e-01
-5.17241e+00 -6.00000e+00       2.009e+12  5.707416e-01 -2.233958e-03 -7.870234e-01  4.292584e-01
-4.75862e+00 -6.00000e+00       1.669e+12  6.524068e-01 -7.927415e-03 -6.943628e-01  3.475932e-01
-4.34483e+00 -6.00000e+00       1.375e+12  7.515207e-01 -1.418317e-02 -5.551335e-01  2.484793e-01
-3.93103e+00 -6.00000e+00       1.116e+12  8.370672e-01 -3.240803e-02 -4.080096e-01  1.629328e-01
-3.51724e+00 -6.00000e+00       7.825e+11  8.800783e-01 -7.553578e-02 -2.979965e-01  1.199217e-01
-3.10345e+00 -6.00000e+00       4.537e+11  8.671195e-01 -1.284912e-01 -2.349181e-01  1.328805e-01
-2.68966e+00 -6.00000e+00       2.904e+11  8.327700e-01 -1.181863e-01 -1.497839e-01  1.672300e-01
-2.27586e+00 -6.00000e+00       2.706e+11  8.373341e-01 -4.629700e-02 -8.746297e-03  1.626659e-01
-1.86207e+00 -6.00000e+00       2.600e+11  7.889779e-01  2.972739e-02  1.219296e-01  2.110221e-01
-1.44828e+00 -6.00000e+00       2.206e+11  6.421577e-01  1.355648e-01  3.179237e-01  3.578423e-01
-1.03448e+00 -6.00000e+00       1.794e+11  4.417588e-01  1.747754e-01  5.084720e-01  5.582412e-01
-6.20690e-01 -6.00000e+00       1.379e+11  1.687816e-01  8.012129e-02  5.065055e-01  8.312184e-01
-2.06897e-01 -6.00000e+00       1.065e+11 -1.775498e-01 -6.045390e-02  2.552536e-01  8.224502e-01
 2.06897e-01 -6.00000e+00       9.668e+10 -3.141501e-01 -7.534878e-02 -8.891600e-02  6.858499e-01
 6.20690e-01 -6.00000e+00       1.112e+11 -1.023926e-01  9.312803e-02 -3.329022e-01  8.976074e-01
 1.03448e+00 -6.00000e+00       1.566e+11  2.295040e-01  2.361674e-01 -4.459727e-01  7.704960e-01
 1.44828e+00 -6.00000e+00       2.130e+11  4.822907e-01  2.328117e-01 -4.116478e-01  5.177093e-01
 1.86207e+00 -6.00000e+00       2.437e+11  6.388957e-01  1.553358e-01 -2.628687e-01  3.611043e-01
 2.27586e+00 -6.00000e+00       2.716e+11  7.501967e-01  4.331006e-02 -9.493097e-02  2.498033e-01
 2.68966e+00 -6.00000e+00       3.270e+11  8.385787e-01 -3.344834e-02 -7.467155e-03  1.614213e-01
 3.10345e+00 -6.00000e+00       3.827e+11  8.818342e-01 -2.537421e-02  4.655542e-02  1.181658e-01
 3.51724e+00 -6.00000e+00       4.740e+11  8.734553e-01  2.056101e-02  1.827626e-01  1.265447e-01
 3.93103e+00 -6.00000e+00       7.431e+11  8.110543e-01  3.244246e-02  4.107203e-01  1.889457e-01
 4.34483e+00 -6.00000e+00       1.261e+12  7.308836e-01  1.579975e-02  5.920265e-01  2.691164e-01
 4.75862e+00 -6.00000e+00       1.809e+12  6.554213e-01  1.371193e-03  7.049994e-01  3.445787e-01
 5.17241e+00 -6.00000e+00       2.086e+12  5.776290e-01 -5.235870e-03  7.848520e-01  4.223710e-01
 5.58621e+00 -6.00000e+00       2.067e+12  4.999010e-01 -5.692980e-03  8.439182e-01  5.000990e-01
 6.00000e+00 -6.00000e+00       1.860e+12  4.376242e-01 -6.273852e-03  8.800915e-01  5.623758e-01
-6.00000e+00 -5.58621e+00       1.957e+12  3.489622e-01  1.670807e-03 -9.202155e-01  6.510378e-01
-5.58621e+00 -5.58621e+00       1.905e+12  4.106316e-01 -1.225820e-03 -8.834369e-01  5.893684e-01
-5.17241e+00 -5.58621e+00       1.622e+12  5.040652e-01 -4.867694e-03 -8.112751e-01  4.959348e-01
-4.75862e+00 -5.58621e+00       1.317e+12  6.191553e-01 -1.480624e-02 -7.046698e-01  3.808447e-01
-4.34483e+00 -5.58621e+00       9.970e+11  7.180440e-01 -4.544469e-02 -5.975792e-01  2.819560e-01
-3.93103e+00 -5.58621e+00       6.426e+11  7.678444e-01 -9.278297e-02 -5.172531e-01  2.321556e-01
-3.51724e+00 -5.58621e+00       4.012e+11  7.857026e-01 -1.029603e-01 -4.334895e-01  2.142974e-01
-3.10345e+00 -5.58621e+00       3.379e+11  8.186991e-01 -3.571183e-02 -2.822192e-01  1.813009e-01
-2.68966e+00 -5.58621e+00       3.454e+11  8.033421e-01  3.821367e-02 -2.293365e-02  1.966579e-01
-2.27586e+00 -5.58621e+00       3.726e+11  6.690865e-01  9.674835e-02  3.675988e-01  3.309135e-01
-1.86207e+00 -5.58621e+00       4.158e+11  4.561302e-01  1.158058e-01  6.973417e-01  5.438698e-01
-1.44828e+00 -5.58621e+00       4.149e+11  2.126720e-01  8.900458e-02  8.447870e-01  7.873280e-01
-1.03448e+00 -5.58621e+00       3.473e+11 -1.015050e-01  4.513546e-02  8.434666e-01  8.984950e-01
-6.20690e-01 -5.58621e+00       2.718e+11 -4.654619e-01  1.878339e-02  6.628319e-01  5.345381e-01
-2.06897e-01 -5.58621e+00       2.356e+11 -7.077039e-01  1.369211e-02  2.353043e-01  2.922961e-01
 2.06897e-01 -5.58621e+00       2.505e+11 -6.525581e-01  1.529008e-02 -3.229906e-01  3.474419e-01
 6.20690e-01 -5.58621e+00       3.056e+11 -3.683009e-01  2.680336e-02 -7.210223e-01  6.316991e-01
 1.03448e+00 -5.58621e+00       3.691e+11 -3.514100e-02  5.042856e-02 -8.786024e-01  9.648590e-01
 1.44828e+00 -5.58621e+00       4.127e+11  2.615788e-01  7.304099e-02 -8.684589e-01  7.384212e-01
 1.86207e+00 -5.58621e+00       4.155e+11  4.958530e-01  8.012108e-02 -7.358072e-01  5.041470e-01
 2.27586e+00 -5.58621e+00       3.864e+11  6.850375e-01  8.495447e-02 -4.661655e-01  3.149625e-01
 2.68966e+00 -5.58621e+00       3.681e+11  8.090532e-01  8.903799e-02 -1.265733e-01  1.909468e-01
 3.10345e+00 -5.58621e+00       3.731e+11  8.481437e-01  5.159453e-02  1.303418e-01  1.518563e-01
 3.51724e+00 -5.58621e+00       4.031e+11  8.510523e-01 -1.173559e-03  2.729970e-01  1.489477e-01
 3.93103e+00 -5.58621e+00       4.734e+11  8.183391e-01 -2.889854e-03  3.866899e-01  1.816609e-01
 4.34483e+00 -5.58621e+00       6.867e+11  7.137743e-01  1.928603e-02  5.667957e-01  2.862257e-01
 4.75862e+00 -5.58621e+00       1.156e+12  5.927304e-01  1.774828e-02  7.299056e-01  4.072696e-01
 5.17241e+00 -5.58621e+00       1.704e+12  4.970278e-01  6.421179e-03  8.257895e-01  5.029722e-01
 5.58621e+00 -5.58621e+00       1.983e+12  4.116747e-01 -1.827465e-03  8.856374e-01  5.883253e-01
 6.00000e+00 -5.58621e+00       1.925e+12  3.317268e-01 -4.633307e-03  9.261126e-01  6.682732e-01
-6.00000e+00 -5.17241e+00       1.767e+12  2.419105e-01  1.319623e-04 -9.446306e-01  7.580895e-01
-5.58621e+00 -5.17241e+00       1.542e+12  3.372088e-01 -2.843670e-03 -8.952493e-01  6.627912e-01
-5.17241e+00 -5.17241e+00       1.232e+12  4.592713e-01 -1.528737e-02 -8.188543e-01  5.407287e-01
-4.75862e+00 -5.17241e+00       8.964e+11  5.686544e-01 -5.062886e-02 -7.388816e-01  4.313456e-01
-4.34483e+00 -5.17241e+00       5.764e+11  6.351387e-01 -9.123938e-02 -6.675007e-01  3.648613e-01
-3.93103e+00 -5.17241e+00       4.102e+11  6.976610e-01 -6.843828e-02 -5.482062e-01  3.023390e-01
-3.51724e+00 -5.17241e+00       4.148e+11  7.854315e-01  9.846205e-03 -2.933045e-01  2.145685e-01
-3.10345e+00 -5.17241e+00       4.943e+11  8.386063e-01  6.031951e-02  5.088084e-02  1.613937e-01
-2.68966e+00 -5.17241e+00       5.519e+11  8.283433e-01  7.267250e-02  3.382510e-01  1.716567e-01
-2.27586e+00 -5.17241e+00       5.158e+11  7.479545e-01  8.034151e-02  5.438412e-01  2.520455e-01
-1.86207e+00 -5.17241e+00       4.268e+11  5.973506e-01  1.173836e-01  7.111111e-01  4.026494e-01
-1.44828e+00 -5.17241e+00       3.296e+11  4.117706e-01  1.478376e-01  8.236355e-01  5.882294e-01
-1.03448e+00 -5.17241e+00       2.391e+11  1.712417e-01  1.135655e-01  8.716369e-01  8.287583e-01
-6.20690e-01 -5.17241e+00       1.952e+11 -1.431617e-01  4.485146e-02  8.260336e-01  8.568383e-01
-2.06897e-01 -5.17241e+00       1.852e+11 -4.110605e-01  1.917978e-02  6.418774e-01  5.889395e-01
 2.06897e-01 -5.17241e+00       1.762e+11 -5.333271e-01  5.943679e-03  2.738130e-01  4.666729e-01
 6.20690e-01 -5.17241e+00       1.868e+11 -3.095090e-01 -5.468569e-03 -2.938955e-01  6.904910e-01
 1.03448e+00 -5.17241e+00       2.654e+11  1.536509e-01  2.904817e-02 -7.124906e-01  8.463491e-01
 1.44828e+00 -5.17241e+00       4.048e+11  4.491110e-01  6.114817e-02 -7.909733e-01  5.508890e-01
 1.86207e+00 -5.17241e+00       5.285e+11  6.261135e-01  6.038189e-02 -7.116060e-01  3.738865e-01
 2.27586e+00 -5.17241e+00       5.878e+11  7.614145e-01  4.971730e-02 -5.699884e-01  2.385855e-01
 2.68966e+00 -5.17241e+00       5.736e+11  8.470671e-01  4.825346e-02 -3.810793e-01  1.529329e-01
 3.10345e+00 -5.17241e+00       5.127e+11  8.751441e-01  5.508505e-02 -1.116405e-01  1.248559e-01
 3.51724e+00 -5.17241e+00       4.576e+11  8.487066e-01  5.434612e-02  1.941602e-01  1.512934e-01
 3.93103e+00 -5.17241e+00       4.367e+11  7.961534e-01  2.323020e-02  4.146711e-01  2.038466e-01
 4.34483e+00 -5.17241e+00       4.757e+11  7.236887e-01 -1.273843e-03  5.514477e-01  2.763113e-01
 4.75862e+00 -5.17241e+00       6.641e+11  5.843374e-01  1.033328e-02  7.022746e-01  4.156626e-01
 5.17241e+00 -5.17241e+00       1.101e+12  4.342578e-01  1.564185e-02  8.343515e-01  5.657422e-01
 5.58621e+00 -5.17241e+00       1.609e+12  3.266461e-01  8.305634e-03  9.073984e-01  6.733539e-01
 6.00000e+00 -5.17241e+00       1.835e+12  2.395987e-01  5.732169e-04  9.475115e-01  7.604013e-01
-6.00000e+00 -4.75862e+00       1.449e+12  1.617865e-01 -2.374258e-04 -9.450931e-01  8.382135e-01
-5.58621e+00 -4.75862e+00       1.153e+12  2.827969e-01 -1.244381e-02 -8.945922e-01  7.172031e-01
-5.17241e+00 -4.75862e+00       8.281e+11  4.051116e-01 -4.838842e-02 -8.345856e-01  5.948884e-01
-4.75862e+00 -4.75862e+00       5.474e+11  4.967999e-01 -8.459501e-02 -7.676678e-01  5.032001e-01
-4.34483e+00 -4.75862e+00       4.293e+11  6.121455e-01 -4.898273e-02 -6.198072e-01  3.878545e-01
-3.93103e+00 -4.75862e+00       4.817e+11  7.697432e-01  2.411584e-02 -3.449437e-01  2.302568e-01
-3.51724e+00 -4.75862e+00       5.786e+11  8.794673e-01  5.813015e-02 -6.929288e-02  1.205327e-01
-3.10345e+00 -4.75862e+00       5.878e+11  9.185986e-01  7.288598e-02  1.385045e-01  8.140142e-02
-2.68966e+00 -4.75862e+00       5.004e+11  9.086753e-01  9.648762e-02  2.933174e-01  9.132465e-02
-2.27586e+00 -4.75862e+00       3.964e+11  8.787265e-01  1.026597e-01  3.860056e-01  1.212735e-01
-1.86207e+00 -4.75862e+00       3.229e+11  8.427278e-01  2.302294e-02  4.052560e-01  1.572722e-01
-1.44828e+00 -4.75862e+00       2.988e+11  8.143394e-01 -1.103789e-01  3.817012e-01  1.856606e-01
-1.03448e+00 -4.75862e+00       2.993e+11  8.216270e-01 -1.337821e-01  3.270411e-01  1.783730e-01
-6.20690e-01 -4.75862e+00       2.734e+11  8.449171e-01 -3.062683e-02  2.206104e-01  1.550829e-01
-2.06897e-01 -4.75862e+00       2.304e+11  8.434937e-01  1.003644e-01  1.026799e-01  1.565063e-01
 2.06897e-01 -4.75862e+00       2.007e+11  7.730684e-01  1.388461e-01  9.641904e-02  2.269316e-01
 6.20690e-01 -4.75862e+00       1.828e+11  6.048918e-01  2.523694e-02  1.685207e-01  3.951082e-01
 1.03448e+00 -4.75862e+00       1.722e+11  4.350396e-01 -1.501516e-01  8.765812e-02  5.649604e-01
 1.44828e+00 -4.75862e+00       1.865e+11  4.732639e-01 -1.488034e-01 -2.101721e-01  5.267361e-01
 1.86207e+00 -4.75862e+00       2.683e+11  6.881370e-01 -2.568102e-03 -4.114805e-01  3.118630e-01
 2.27586e+00 -4.75862e+00       4.401e+11  8.482844e-01  5.053353e-02 -3.848494e-01  1.517156e-01
 2.68966e+00 -4.75862e+00       6.184e+11  9.223059e-01  4.672198e-02 -2.888825e-01  7.769406e-02
 3.10345e+00 -4.75862e+00       6.779e+11  9.459480e-01  3.984432e-02 -1.664951e-01  5.405204e-02
 3.51724e+00 -4.75862e+00       6.139e+11  9.204583e-01  4.056756e-02  2.204004e-02  7.954175e-02
 3.93103e+00 -4.75862e+00       5.196e+11  8.373757e-01  4.364626e-02  2.858509e-01  1.626243e-01
 4.34483e+00 -4.75862e+00       4.594e+11  7.280736e-01  2.692935e-02  5.229050e-01  2.719264e-01
 4.75862e+00 -4.75862e+00       4.742e+11  6.057674e-01  1.982409e-03  6.762821e-01  3.942326e-01
 5.17241e+00 -4.75862e+00       6.588e+11  4.263628e-01  7.361027e-03  8.080596e-01  5.736372e-01
 5.58621e+00 -4.75862e+00       1.078e+12  2.613695e-01  1.420853e-02  9.051934e-01  7.386305e-01
 6.00000e+00 -4.75862e+00       1.508e+12  1.518081e-01  8.963562e-03  9.532567e-01  8.481919e-01
-6.00000e+00 -4.34483e+00       1.069e+12  1.108600e-01 -2.614479e-02 -9.236109e-01  8.891400e-01
-5.58621e+00 -4.34483e+00       7.939e+11  2.648115e-01 -6.503779e-02 -8.828561e-01  7.351885e-01
-5.17241e+00 -4.34483e+00       5.547e+11  3.736791e-01 -8.209356e-02 -8.389168e-01  6.263209e-01
-4.75862e+00 -4.34483e+00       4.386e+11  5.088866e-01 -3.745523e-02 -7.026861e-01  4.911134e-01
-4.34483e+00 -4.34483e+00       4.932e+11  7.161616e-01  2.648436e-02 -4.485553e-01  2.838384e-01
-3.93103e+00 -4.34483e+00       5.802e+11  8.643083e-01  5.695009e-02 -2.229777e-01  1.356917e-01
-3.51724e+00 -4.34483e+00       5.613e+11  9.360829e-01  7.536943e-02 -6.221987e-02  6.391711e-02
-3.10345e+00 -4.34483e+00       4.656e+11  9.600330e-01  8.550055e-02  3.175663e-02  3.996703e-02
-2.68966e+00 -4.34483e+00       3.820e+11  9.503878e-01  4.915604e-02  3.492479e-02  4.961216e-02
-2.27586e+00 -4.34483e+00       3.164e+11  9.056853e-01 -9.001327e-06 -2.402025e-02  9.431468e-02
-1.86207e+00 -4.34483e+00       2.292e+11  8.121734e-01  8.926632e-03 -8.260883e-02  1.878266e-01
-1.44828e+00 -4.34483e+00       1.403e+11  6.311209e-01 -2.377210e-02 -1.198606e-01  3.688791e-01
-1.03448e+00 -4.34483e+00       9.647e+10  3.642789e-01 -3.497765e-01 -1.446051e-01  6.357211e-01
-6.20690e-01 -4.34483e+00       9.061e+10  1.796498e-01 -7.167684e-01 -1.826889e-01  8.203502e-01
-2.06897e-01 -4.34483e+00       9.753e+10  1.655963e-01 -8.080840e-01 -2.848888e-01  8.344037e-01
 2.06897e-01 -4.34483e+00       1.122e+11  3.150945e-01 -7.181536e-01 -3.943167e-01  6.849055e-01
 6.20690e-01 -4.34483e+00       1.359e+11  5.507082e-01 -5.276815e-01 -3.950105e-01  4.492918e-01
 1.03448e+00 -4.34483e+00       1.697e+11  7.596276e-01 -2.758115e-01 -2.913112e-01  2.403724e-01
 1.44828e+00 -4.34483e+00       2.084e+11  8.503776e-01 -8.057777e-02 -1.716610e-01  1.496224e-01
 1.86207e+00 -4.34483e+00       2.264e+11  8.350853e-01 -6.319089e-03 -1.027966e-01  1.649147e-01
 2.27586e+00 -4.34483e+00       2.442e+11  8.244468e-01  1.284747e-02 -1.084493e-01  1.755532e-01
 2.68966e+00 -4.34483e+00       3.493e+11  9.020927e-01  4.114848e-02 -1.037194e-01  9.790727e-02
 3.10345e+00 -4.34483e+00       5.415e+11  9.607588e-01  4.855968e-02 -3.843250e-02  3.924121e-02
 3.51724e+00 -4.34483e+00       6.687e+11  9.655338e-01  4.088696e-02  4.941471e-02  3.446618e-02
 3.93103e+00 -4.34483e+00       6.371e+11  9.148396e-01  3.657923e-02  1.872290e-01  8.516044e-02
 4.34483e+00 -4.34483e+00       5.341e+11  7.942580e-01  3.752655e-02  4.059599e-01  2.057420e-01
 4.75862e+00 -4.34483e+00       4.547e+11  6.427034e-01  2.770399e-02  6.216998e-01  3.572966e-01
 5.17241e+00 -4.34483e+00       4.383e+11  4.716867e-01  5.800362e-03  7.602926e-01  5.283133e-01
 5.58621e+00 -4.34483e+00       5.926e+11  2.364240e-01  1.450727e-03  8.696577e-01  7.635760e-01
 6.00000e+00 -4.34483e+00       9.796e+11  5.946559e-02  1.494491e-03  9.384362e-01  9.405344e-01
-6.00000e+00 -3.93103e+00       7.502e+11  5.555006e-02 -2.842366e-02 -9.143479e-01  9.444499e-01
-5.58621e+00 -3.93103e+00       5.145e+11  1.957064e-01 -7.039689e-02 -8.764127e-01  8.042936e-01
-5.17241e+00 -3.93103e+00       4.070e+11  3.807824e-01 -5.568741e-02 -7.646836e-01  6.192176e-01
-4.75862e+00 -3.93103e+00       4.574e+11  6.288342e-01  1.501672e-02 -5.540325e-01  3.711658e-01
-4.34483e+00 -3.93103e+00       5.392e+11  8.090339e-01  5.385714e-02 -3.615526e-01  1.909661e-01
-3.93103e+00 -3.93103e+00       5.199e+11  9.053157e-01  7.321385e-02 -2.286806e-01  9.468429e-02
-3.51724e+00 -3.93103e+00       4.293e+11  9.389939e-01  7.777871e-02 -1.698916e-01  6.100605e-02
-3.10345e+00 -3.93103e+00       3.420e+11  9.162884e-01  5.019169e-02 -1.909792e-01  8.371161e-02
-2.68966e+00 -3.93103e+00       2.516e+11  8.509488e-01  1.999520e-02 -2.133876e-01  1.490512e-01
-2.27586e+00 -3.93103e+00       1.571e+11  7.539044e-01 -4.088051e-02 -1.239709e-01  2.460956e-01
-1.86207e+00 -3.93103e+00       9.688e+10  6.407268e-01 -2.349701e-01  1.431215e-01  3.592732e-01
-1.44828e+00 -3.93103e+00       7.608e+10  5.113365e-01 -4.120133e-01  4.010093e-01  4.886635e-01
-1.03448e+00 -3.93103e+00       7.164e+10  2.961204e-01 -4.238496e-01  4.044239e-01  7.038796e-01
-6.20690e-01 -3.93103e+00       7.261e+10  9.675557e-02 -3.677870e-01  5.866987e-02  9.032444e-01
-2.06897e-01 -3.93103e+00       8.587e+10  1.515097e-01 -2.976499e-01 -4.289900e-01  8.484903e-01
 2.06897e-01 -3.93103e+00       1.102e+11  3.401309e-01 -2.455704e-01 -6.780072e-01  6.598691e-01
 6.20690e-01 -3.93103e+00       1.276e+11  4.705131e-01 -2.248121e-01 -7.220576e-01  5.294869e-01
 1.03448e+00 -3.93103e+00       1.300e+11  5.756730e-01 -2.421922e-01 -6.262470e-01  4.243270e-01
 1.44828e+00 -3.93103e+00       1.406e+11  7.335645e-01 -2.617754e-01 -3.748323e-01  2.664355e-01
 1.86207e+00 -3.93103e+00       1.811e+11  8.653703e-01 -1.989344e-01 -1.113910e-01  1.346297e-01
 2.27586e+00 -3.93103e+00       2.287e+11  9.006667e-01 -9.107625e-02  4.363129e-02  9.933334e-02
 2.68966e+00 -3.93103e+00       2.572e+11  8.930360e-01 -4.641892e-03  9.720690e-02  1.069640e-01
 3.10345e+00 -3.93103e+00       3.234e+11  9.152791e-01  4.529700e-02  1.049614e-01  8.472086e-02
 3.51724e+00 -3.93103e+00       4.813e+11  9.480440e-01  5.351079e-02  1.486178e-01  5.195600e-02
 3.93103e+00 -3.93103e+00       6.142e+11  9.394200e-01  4.346866e-02  2.193945e-01  6.058003e-02
 4.34483e+00 -3.93103e+00       5.964e+11  8.694490e-01  3.612097e-02  3.347619e-01  1.305510e-01
 4.75862e+00 -3.93103e+00       4.920e+11  7.191541e-01  3.276063e-02  5.219749e-01  2.808459e-01
 5.17241e+00 -3.93103e+00       4.157e+11  5.221574e-01  1.645577e-02  7.152397e-01  4.778426e-01
 5.58621e+00 -3.93103e+00       4.521e+11  2.896691e-01  5.790168e-04  8.412956e-01  7.103309e-01
 6.00000e+00 -3.93103e+00       6.825e+11  5.439528e-02  9.759749e-03  9.125399e-01  9.456047e-01
-6.00000e+00 -3.51724e+00       4.965e+11  3.374468e-02 -6.464013e-02 -8.840534e-01  9.662553e-01
-5.58621e+00 -3.51724e+00       3.746e+11  2.270363e-01 -7.603842e-02 -8.174718e-01  7.729637e-01
-5.17241e+00 -3.51724e+00       3.948e+11  5.029605e-01 -6.773093e-03 -6.481550e-01  4.970395e-01
-4.75862e+00 -3.51724e+00       4.756e+11  7.262767e-01  4.534989e-02 -4.730838e-01  2.737233e-01
-4.34483e+00 -3.51724e+00       4.762e+11  8.498511e-01  6.893822e-02 -3.525385e-01  1.501489e-01
-3.93103e+00 -3.51724e+00       3.954e+11  8.955559e-01  7.741340e-02 -3.011031e-01  1.044441e-01
-3.51724e+00 -3.51724e+00       3.052e+11  8.724995e-01  6.022588e-02 -3.157198e-01  1.275005e-01
-3.10345e+00 -3.51724e+00       2.165e+11  8.196325e-01  2.594050e-02 -2.987874e-01  1.803675e-01
-2.68966e+00 -3.51724e+00       1.476e+11  7.987518e-01 -5.260388e-02 -1.057536e-01  2.012482e-01
-2.27586e+00 -3.51724e+00       1.489e+11  8.260913e-01 -1.286314e-01  2.532326e-01  1.739087e-01
-1.86207e+00 -3.51724e+00       2.633e+11  7.818401e-01 -1.158137e-01  4.961447e-01  2.181599e-01
-1.44828e+00 -3.51724e+00       4.930e+11  6.605098e-01 -1.291566e-01  6.314056e-01  3.394902e-01
-1.03448e+00 -3.51724e+00       7.057e+11  4.749422e-01 -1.700476e-01  7.063195e-01  5.250578e-01
-6.20690e-01 -3.51724e+00       7.416e+11  2.018663e-01 -2.208334e-01  6.478507e-01  7.981337e-01
-2.06897e-01 -3.51724e+00       6.804e+11 -6.711243e-02 -2.664093e-01  2.506605e-01  9.328876e-01
 2.06897e-01 -3.51724e+00       7.251e+11 -5.979667e-03 -2.618299e-01 -3.777701e-01  9.940203e-01
 6.20690e-01 -3.51724e+00       8.635e+11  3.006601e-01 -2.063399e-01 -6.813560e-01  6.993399e-01
 1.03448e+00 -3.51724e+00       8.691e+11  5.525514e-01 -1.432784e-01 -6.842842e-01  4.474486e-01
 1.44828e+00 -3.51724e+00       6.619e+11  7.249590e-01 -9.387160e-02 -5.654382e-01  2.750410e-01
 1.86207e+00 -3.51724e+00       4.167e+11  8.485140e-01 -8.052837e-02 -3.825007e-01  1.514860e-01
 2.27586e+00 -3.51724e+00       2.762e+11  9.133079e-01 -1.045809e-01 -1.490791e-01  8.669209e-02
 2.68966e+00 -3.51724e+00       2.416e+11  9.126803e-01 -8.759527e-02  9.493640e-02  8.731966e-02
 3.10345e+00 -3.51724e+00       2.554e+11  8.924979e-01 -1.437294e-02  2.215991e-01  1.075021e-01
 3.51724e+00 -3.51724e+00       3.138e+11  9.015725e-01  4.662278e-02  2.494726e-01  9.842748e-02
 3.93103e+00 -3.51724e+00       4.476e+11  9.183877e-01  5.673542e-02  2.836992e-01  8.161233e-02
 4.34483e+00 -3.51724e+00       5.528e+11  8.940153e-01  4.454175e-02  3.454656e-01  1.059847e-01
 4.75862e+00 -3.51724e+00       5.202e+11  7.985695e-01  3.511656e-02  4.544067e-01  2.014305e-01
 5.17241e+00 -3.51724e+00       4.190e+11  6.133491e-01  2.651880e-02  6.261568e-01  3.866509e-01
 5.58621e+00 -3.51724e+00       3.633e+11  3.713768e-01  4.670440e-03  7.876953e-01  6.286232e-01
 6.00000e+00 -3.51724e+00       4.414e+11  8.942527e-02 -1.526380e-03  8.733088e-01  9.105747e-01
-6.00000e+00 -3.10345e+00       3.744e+11  3.365025e-02 -1.278515e-02 -8.766521e-01  9.663498e-01
-5.58621e+00 -3.10345e+00       3.318e+11  3.334280e-01  9.898533e-03 -7.405423e-01  6.665720e-01
-5.17241e+00 -3.10345e+00       4.007e+11  6.158830e-01  5.044645e-02 -5.667749e-01  3.841170e-01
-4.75862e+00 -3.10345e+00       4.300e+11  7.773090e-01  6.892384e-02 -4.428015e-01  2.226910e-01
-4.34483e+00 -3.10345e+00       3.689e+11  8.508467e-01  7.660867e-02 -3.806237e-01  1.491533e-01
-3.93103e+00 -3.10345e+00       2.829e+11  8.435628e-01  6.915232e-02 -3.831933e-01  1.564372e-01
-3.51724e+00 -3.10345e+00       2.091e+11  8.111490e-01  3.755125e-02 -3.493677e-01  1.888510e-01
-3.10345e+00 -3.10345e+00       2.074e+11  8.749843e-01 -2.062184e-02 -1.033278e-01  1.250157e-01
-2.68966e+00 -3.10345e+00       4.462e+11  9.588856e-01 -2.934573e-02  1.259746e-01  4.111443e-02
-2.27586e+00 -3.10345e+00       1.035e+12  9.667167e-01 -1.380580e-02  2.037188e-01  3.328333e-02
-1.86207e+00 -3.10345e+00       1.577e+12  9.553300e-01  1.663842e-03  2.515560e-01  4.467003e-02
-1.44828e+00 -3.10345e+00       1.443e+12  9.348604e-01  2.541967e-02  2.910656e-01  6.513959e-02
-1.03448e+00 -3.10345e+00       8.065e+11  8.935139e-01  6.046698e-02  3.139871e-01  1.064861e-01
-6.20690e-01 -3.10345e+00       3.194e+11  7.903324e-01  8.899182e-02  2.678421e-01  2.096676e-01
-2.06897e-01 -3.10345e+00       1.576e+11  6.494404e-01  4.004873e-02  6.120383e-03  3.505596e-01
 2.06897e-01 -3.10345e+00       1.950e+11  7.464993e-01 -2.680776e-02 -2.647564e-01  2.535007e-01
 6.20690e-01 -3.10345e+00       4.204e+11  8.785406e-01 -2.104749e-02 -3.183359e-01  1.214594e-01
 1.03448e+00 -3.10345e+00       9.395e+11  9.293250e-01 -1.873251e-02 -3.050568e-01  7.067499e-02
 1.44828e+00 -3.10345e+00       1.605e+12  9.493624e-01 -2.936097e-02 -2.756560e-01  5.063763e-02
 1.86207e+00 -3.10345e+00       1.790e+12  9.617402e-01 -3.785048e-02 -2.362346e-01  3.825983e-02
 2.27586e+00 -3.10345e+00       1.257e+12  9.705197e-01 -4.272319e-02 -1.822866e-01  2.948027e-02
 2.68966e+00 -3.10345e+00       6.200e+11  9.697905e-01 -5.273397e-02 -8.381704e-02  3.020955e-02
 3.10345e+00 -3.10345e+00       3.188e+11  9.343704e-01 -5.645006e-02  1.164518e-01  6.562955e-02
 3.51724e+00 -3.10345e+00       2.587e+11  8.849030e-01 -3.102454e-03  2.913770e-01  1.150970e-01
 3.93103e+00 -3.10345e+00       3.089e+11  8.832068e-01  5.259766e-02  3.397048e-01  1.167932e-01
 4.34483e+00 -3.10345e+00       4.254e+11  8.845050e-01  5.747737e-02  3.760923e-01  1.154950e-01
 4.75862e+00 -3.10345e+00       4.935e+11  8.346622e-01  4.603671e-02  4.429638e-01  1.653378e-01
 5.17241e+00 -3.10345e+00       4.435e+11  7.036274e-01  4.200279e-02  5.597648e-01  2.963726e-01
 5.58621e+00 -3.10345e+00       3.570e+11  4.725360e-01  3.912340e-02  7.173241e-01  5.274640e-01
 6.00000e+00 -3.10345e+00       3.519e+11  1.400944e-01  2.423128e-02  8.412147e-01  8.599056e-01
-6.00000e+00 -2.68966e+00       2.580e+11  1.321661e-01  8.131504e-03 -7.756735e-01  8.678339e-01
-5.58621e+00 -2.68966e+00       3.079e+11  4.925203e-01  3.301178e-02 -6.316181e-01  5.074797e-01
-5.17241e+00 -2.68966e+00       3.744e+11  7.009097e-01  6.385940e-02 -5.099049e-01  2.990903e-01
-4.75862e+00 -2.68966e+00       3.500e+11  8.050385e-01  7.794736e-02 -4.318644e-01  1.949615e-01
-4.34483e+00 -2.68966e+00       2.729e+11  8.281809e-01  7.597114e-02 -4.128675e-01  1.718191e-01
-3.93103e+00 -2.68966e+00       2.123e+11  8.132189e-01  5.296911e-02 -3.853185e-01  1.867811e-01
-3.51724e+00 -2.68966e+00       2.681e+11  9.011860e-01  8.583722e-03 -1.864196e-01  9.881400e-02
-3.10345e+00 -2.68966e+00       6.801e+11  9.813291e-01  8.147661e-04 -4.803757e-02  1.867086e-02
-2.68966e+00 -2.68966e+00       1.467e+12  9.950858e-01  8.262612e-03 -9.544380e-03  4.914154e-03
-2.27586e+00 -2.68966e+00       1.886e+12  9.958322e-01  1.675231e-02  1.399176e-02  4.167775e-03
-1.86207e+00 -2.68966e+00       1.416e+12  9.927476e-01  3.086366e-02  3.627983e-02  7.252412e-03
-1.44828e+00 -2.68966e+00       7.317e+11  9.838112e-01  5.404067e-02  5.580181e-02  1.618879e-02
-1.03448e+00 -2.68966e+00       4.188e+11  9.689915e-01  7.420777e-02  6.940794e-02  3.100852e-02
-6.20690e-01 -2.68966e+00       3.709e+11  9.586638e-01  9.677740e-02  1.000497e-01  4.133620e-02
-2.06897e-01 -2.68966e+00       3.761e+11  9.517026e-01  1.263803e-01  1.339389e-01  4.829742e-02
 2.06897e-01 -2.68966e+00       3.311e+11  9.421471e-01  1.285305e-01  1.543400e-01  5.785294e-02
 6.20690e-01 -2.68966e+00       2.631e+11  9.334193e-01  7.967653e-02  1.458785e-01  6.658072e-02
 1.03448e+00 -2.68966e+00       3.059e+11  9.522081e-01  6.025089e-03  6.053999e-02  4.779194e-02
 1.44828e+00 -2.68966e+00       6.766e+11  9.828434e-01 -1.939337e-02 -6.462378e-03  1.715656e-02
 1.86207e+00 -2.68966e+00       1.462e+12  9.939226e-01 -2.393293e-02 -1.365247e-02  6.077385e-03
 2.27586e+00 -2.68966e+00       2.039e+12  9.964385e-01 -2.689655e-02 -4.414171e-03  3.561465e-03
 2.68966e+00 -2.68966e+00       1.674e+12  9.953749e-01 -3.049546e-02  1.419174e-02  4.625138e-03
 3.10345e+00 -2.68966e+00       8.569e+11  9.854907e-01 -3.689926e-02  5.905734e-02  1.450930e-02
 3.51724e+00 -2.68966e+00       3.748e+11  9.406148e-01 -3.483764e-02  1.868122e-01  5.938518e-02
 3.93103e+00 -2.68966e+00       2.590e+11  8.778097e-01  1.737482e-02  3.420392e-01  1.221903e-01
 4.34483e+00 -2.68966e+00       3.103e+11  8.693942e-01  5.888737e-02  3.946569e-01  1.306058e-01
 4.75862e+00 -2.68966e+00       4.069e+11  8.514401e-01  5.498449e-02  4.368512e-01  1.485599e-01
 5.17241e+00 -2.68966e+00       4.203e+11  7.726537e-01  4.447459e-02  5.107133e-01  2.273463e-01
 5.58621e+00 -2.68966e+00       3.431e+11  5.993554e-01  4.099182e-02  6.347632e-01  4.006446e-01
 6.00000e+00 -2.68966e+00       2.856e+11  3.005044e-01  2.911786e-02  7.751362e-01  6.994956e-01
-6.00000e+00 -2.27586e+00       2.151e+11  3.444516e-01 -2.431726e-02 -6.389459e-01  6.555484e-01
-5.58621e+00 -2.27586e+00       2.963e+11  6.044813e-01  4.905757e-02 -5.502581e-01  3.955187e-01
-5.17241e+00 -2.27586e+00       3.208e+11  7.540566e-01  7.697925e-02 -4.600456e-01  2.459434e-01
-4.75862e+00 -2.27586e+00       2.676e+11  8.205645e-01  7.784821e-02 -4.148757e-01  1.794355e-01
-4.34483e+00 -2.27586e+00       2.092e+11  8.218260e-01  6.393804e-02 -4.028204e-01  1.781740e-01
-3.93103e+00 -2.27586e+00       2.538e+11  8.860880e-01  2.778738e-02 -2.736799e-01  1.139120e-01
-3.51724e+00 -2.27586e+00       6.454e+11  9.700259e-01  1.112837e-02 -1.537059e-01  2.997405e-02
-3.10345e+00 -2.27586e+00       1.451e+12  9.886935e-01  1.332575e-02 -1.231262e-01  1.130649e-02
-2.68966e+00 -2.27586e+00       1.937e+12  9.921608e-01  1.781720e-02 -1.086735e-01  7.839165e-03
-2.27586e+00 -2.27586e+00       1.554e+12  9.925904e-01  2.730686e-02 -9.684105e-02  7.409552e-03
-1.86207e+00 -2.27586e+00       1.080e+12  9.903629e-01  4.516214e-02 -9.267699e-02  9.637121e-03
-1.44828e+00 -2.27586e+00       1.187e+12  9.889837e-01  4.652782e-02 -9.845317e-02  1.101632e-02
-1.03448e+00 -2.27586e+00       1.529e+12  9.908363e-01  2.845777e-02 -8.839552e-02  9.163742e-03
-6.20690e-01 -2.27586e+00       1.645e+12  9.935091e-01  1.134462e-02 -5.214257e-02  6.490876e-03
-2.06897e-01 -2.27586e+00       1.564e+12  9.949836e-01  3.723053e-03  5.840407e-03  5.016422e-03
 2.06897e-01 -2.27586e+00       1.439e+12  9.931441e-01  2.169835e-03  6.919342e-02  6.855923e-03
 6.20690e-01 -2.27586e+00       1.280e+12  9.876828e-01  4.365901e-03  1.258979e-01  1.231717e-02
 1.03448e+00 -2.27586e+00       1.004e+12  9.801712e-01  1.324672e-02  1.658383e-01  1.982877e-02
 1.44828e+00 -2.27586e+00       6.887e+11  9.735675e-01  1.739453e-02  1.764826e-01  2.643252e-02
 1.86207e+00 -2.27586e+00       7.629e+11  9.805272e-01 -6.053347e-03  1.356479e-01  1.947283e-02
 2.27586e+00 -2.27586e+00       1.450e+12  9.894311e-01 -1.957441e-02  1.124129e-01  1.056891e-02
 2.68966e+00 -2.27586e+00       2.018e+12  9.913445e-01 -2.265104e-02  1.122544e-01  8.655526e-03
 3.10345e+00 -2.27586e+00       1.624e+12  9.894129e-01 -2.559002e-02  1.215838e-01  1.058712e-02
 3.51724e+00 -2.27586e+00       7.973e+11  9.769112e-01 -2.928059e-02  1.549141e-01  2.308882e-02
 3.93103e+00 -2.27586e+00       3.388e+11  9.279538e-01 -1.502858e-02  2.602850e-01  7.204618e-02
 4.34483e+00 -2.27586e+00       2.505e+11  8.754680e-01  4.021579e-02  3.762678e-01  1.245320e-01
 4.75862e+00 -2.27586e+00       3.144e+11  8.629287e-01  5.993378e-02  4.205160e-01  1.370713e-01
 5.17241e+00 -2.27586e+00       3.726e+11  8.157549e-01  4.959735e-02  4.737532e-01  1.842451e-01
 5.58621e+00 -2.27586e+00       3.367e+11  6.962484e-01  3.784189e-02  5.714589e-01  3.037516e-01
 6.00000e+00 -2.27586e+00       2.601e+11  5.043379e-01  2.477540e-02  6.980776e-01  4.956621e-01
-6.00000e+00 -1.86207e+00       2.139e+11  4.629647e-01 -2.942866e-02 -5.970218e-01  5.370353e-01
-5.58621e+00 -1.86207e+00       2.555e+11  7.087336e-01  3.705983e-02 -4.538096e-01  2.912664e-01
-5.17241e+00 -1.86207e+00       2.535e+11  8.263703e-01  4.381340e-02 -3.896240e-01  1.736297e-01
-4.75862e+00 -1.86207e+00       2.093e+11  8.505502e-01  4.995661e-02 -3.859659e-01  1.494498e-01
-4.34483e+00 -1.86207e+00       2.067e+11  8.698947e-01  4.241446e-02 -3.328548e-01  1.301053e-01
-3.93103e+00 -1.86207e+00       4.543e+11  9.510352e-01  1.804486e-02 -2.133674e-01  4.896484e-02
-3.51724e+00 -1.86207e+00       1.159e+12  9.794679e-01  1.489165e-02 -1.767233e-01  2.053213e-02
-3.10345e+00 -1.86207e+00       1.845e+12  9.846956e-01  1.678622e-02 -1.661351e-01  1.530445e-02
-2.68966e+00 -1.86207e+00       1.761e+12  9.857071e-01  2.168366e-02 -1.601617e-01  1.429292e-02
-2.27586e+00 -1.86207e+00       1.473e+12  9.850573e-01  2.984029e-02 -1.564958e-01  1.494270e-02
-1.86207e+00 -1.86207e+00       2.452e+12  9.876125e-01  2.437094e-02 -1.388003e-01  1.238746e-02
-1.44828e+00 -1.86207e+00       6.837e+12  9.922782e-01  1.288354e-02 -1.098840e-01  7.721840e-03
-1.03448e+00 -1.86207e+00       1.724e+13  9.952449e-01  4.165806e-03 -8.356388e-02  4.755106e-03
-6.20690e-01 -1.86207e+00       3.198e+13  9.971457e-01 -2.831414e-03 -5.549019e-02  2.854320e-03
-2.06897e-01 -1.86207e+00       4.290e+13  9.982703e-01 -8.019548e-03 -2.327953e-02  1.729746e-03
 2.06897e-01 -1.86207e+00       4.243e+13  9.984438e-01 -1.136613e-02  1.101843e-02  1.556171e-03
 6.20690e-01 -1.86207e+00       3.078e+13  9.976100e-01 -1.321796e-02  4.394683e-02  2.390000e-03
 1.03448e+00 -1.86207e+00       1.587e+13  9.957697e-01 -1.389754e-02  7.429538e-02  4.230281e-03
 1.44828e+00 -1.86207e+00       5.706e+12  9.920774e-01 -1.307856e-02  1.067068e-01  7.922598e-03
 1.86207e+00 -1.86207e+00       1.662e+12  9.836903e-01 -9.811016e-03  1.522879e-01  1.630975e-02
 2.27586e+00 -1.86207e+00       1.012e+12  9.791369e-01 -1.254547e-02  1.755155e-01  2.086306e-02
 2.68966e+00 -1.86207e+00       1.597e+12  9.840173e-01 -1.777563e-02  1.631429e-01  1.598272e-02
 3.10345e+00 -1.86207e+00       1.902e+12  9.851251e-01 -2.009548e-02  1.618274e-01  1.487493e-02
 3.51724e+00 -1.86207e+00       1.302e+12  9.821345e-01 -2.279214e-02  1.701104e-01  1.786550e-02
 3.93103e+00 -1.86207e+00       5.670e+11  9.645050e-01 -2.183698e-02  2.080750e-01  3.549500e-02
 4.34483e+00 -1.86207e+00       2.624e+11  9.148782e-01  1.082719e-02  3.082156e-01  8.512176e-02
 4.75862e+00 -1.86207e+00       2.418e+11  8.895061e-01  4.886080e-02  3.746044e-01  1.104939e-01
 5.17241e+00 -1.86207e+00       2.912e+11  8.690335e-01  4.495887e-02  4.078246e-01  1.309665e-01
 5.58621e+00 -1.86207e+00       2.810e+11  7.848915e-01  3.088238e-02  4.724447e-01  2.151085e-01
 6.00000e+00 -1.86207e+00       2.098e+11  5.812159e-01  3.711869e-03  5.966482e-01  4.187841e-01
-6.00000e+00 -1.44828e+00       1.758e+11  7.081736e-01 -1.276718e-02 -4.575996e-01  2.918264e-01
-5.58621e+00 -1.44828e+00       2.401e+11  8.274218e-01  2.004361e-02 -4.066726e-01  1.725782e-01
-5.17241e+00 -1.44828e+00       2.293e+11  8.718574e-01  5.629084e-02 -3.700386e-01  1.281426e-01
-4.75862e+00 -1.44828e+00       1.850e+11  8.809241e-01  6.826685e-02 -3.389651e-01  1.190759e-01
-4.34483e+00 -1.44828e+00       2.648e+11  9.296992e-01  3.102412e-02 -2.490963e-01  7.030076e-02
-3.93103e+00 -1.44828e+00       7.287e+11  9.729152e-01  1.492758e-02 -1.917745e-01  2.708475e-02
-3.51724e+00 -1.44828e+00       1.512e+12  9.820961e-01  1.433610e-02 -1.788548e-01  1.790385e-02
-3.10345e+00 -1.44828e+00       1.860e+12  9.838146e-01  1.586998e-02 -1.742977e-01  1.618539e-02
-2.68966e+00 -1.44828e+00       1.796e+12  9.839945e-01  1.883722e-02 -1.710377e-01  1.600547e-02
-2.27586e+00 -1.44828e+00       3.442e+12  9.860997e-01  1.298355e-02 -1.585018e-01  1.390033e-02
-1.86207e+00 -1.44828e+00       1.092e+13  9.890541e-01  3.372547e-03 -1.419176e-01  1.094590e-02
-1.44828e+00 -1.44828e+00       2.745e+13  9.914407e-01 -3.518317e-03 -1.244431e-01  8.559307e-03
-1.03448e+00 -1.44828e+00       4.777e+13  9.938106e-01 -8.318332e-03 -1.017118e-01  6.189407e-03
-6.20690e-01 -1.44828e+00       6.106e+13  9.961777e-01 -1.093236e-02 -7.013956e-02  3.822324e-03
-2.06897e-01 -1.44828e+00       6.517e+13  9.979319e-01 -1.161465e-02 -2.812552e-02  2.068145e-03
 2.06897e-01 -1.44828e+00       6.534e+13  9.981900e-01 -1.186446e-02  1.872644e-02  1.809980e-03
 6.20690e-01 -1.44828e+00       6.109e+13  9.969253e-01 -1.319112e-02  5.942732e-02  3.074660e-03
 1.03448e+00 -1.44828e+00       4.692e+13  9.949485e-01 -1.544564e-02  8.974357e-02  5.051505e-03
 1.44828e+00 -1.44828e+00       2.591e+13  9.927823e-01 -1.776750e-02  1.123033e-01  7.217699e-03
 1.86207e+00 -1.44828e+00       9.504e+12  9.902090e-01 -1.939480e-02  1.317250e-01  9.790967e-03
 2.27586e+00 -1.44828e+00       2.541e+12  9.857429e-01 -1.894712e-02  1.554636e-01  1.425713e-02
 2.68966e+00 -1.44828e+00       1.349e+12  9.825660e-01 -1.584545e-02  1.717815e-01  1.743401e-02
 3.10345e+00 -1.44828e+00       1.744e+12  9.844888e-01 -1.616774e-02  1.671303e-01  1.551116e-02
 3.51724e+00 -1.44828e+00       1.590e+12  9.843490e-01 -1.776946e-02  1.677566e-01  1.565095e-02
 3.93103e+00 -1.44828e+00       8.448e+11  9.788404e-01 -1.881532e-02  1.807931e-01  2.115961e-02
 4.34483e+00 -1.44828e+00       3.401e+11  9.536485e-01 -4.154719e-03  2.357989e-01  4.635155e-02
 4.75862e+00 -1.44828e+00       2.266e+11  9.199296e-01  4.166377e-02  3.158620e-01  8.007042e-02
 5.17241e+00 -1.44828e+00       2.570e+11  9.087155e-01  4.758765e-02  3.473746e-01  9.128454e-02
 5.58621e+00 -1.44828e+00       2.561e+11  8.733991e-01  3.487599e-02  3.878877e-01  1.266009e-01
 6.00000e+00 -1.44828e+00       1.957e+11  7.761651e-01  3.525748e-02  4.699456e-01  2.238349e-01
-6.00000e+00 -1.03448e+00       1.642e+11  7.971123e-01  3.424208e-02 -3.512937e-01  2.028877e-01
-5.58621e+00 -1.03448e+00       1.953e+11  8.973867e-01  3.532997e-02 -2.639949e-01  1.026133e-01
-5.17241e+00 -1.03448e+00       1.754e+11  9.272747e-01  2.365263e-02 -2.522889e-01  7.272526e-02
-4.75862e+00 -1.03448e+00       1.684e+11  9.343526e-01  2.251888e-02 -2.467239e-01  6.564743e-02
-4.34483e+00 -1.03448e+00       3.559e+11  9.684147e-01  1.590790e-02 -1.839232e-01  3.158534e-02
-3.93103e+00 -1.03448e+00       9.593e+11  9.842158e-01  1.239853e-02 -1.592183e-01  1.578418e-02
-3.51724e+00 -1.03448e+00       1.660e+12  9.872278e-01  1.218031e-02 -1.540810e-01  1.277216e-02
-3.10345e+00 -1.03448e+00       1.848e+12  9.875592e-01  1.267603e-02 -1.530785e-01  1.244079e-02
-2.68966e+00 -1.03448e+00       2.654e+12  9.881074e-01  9.330261e-03 -1.488578e-01  1.189261e-02
-2.27586e+00 -1.03448e+00       7.792e+12  9.898259e-01  1.646500e-03 -1.387735e-01  1.017414e-02
-1.86207e+00 -1.03448e+00       2.053e+13  9.912524e-01 -3.817959e-03 -1.289593e-01  8.747606e-03
-1.44828e+00 -1.03448e+00       3.522e+13  9.926467e-01 -7.581028e-03 -1.173780e-01  7.353294e-03
-1.03448e+00 -1.03448e+00       3.901e+13  9.942197e-01 -9.672344e-03 -1.019407e-01  5.780302e-03
-6.20690e-01 -1.03448e+00       3.037e+13  9.960315e-01 -9.355425e-03 -7.848534e-02  3.968536e-03
-2.06897e-01 -1.03448e+00       2.139e+13  9.978320e-01 -5.529198e-03 -3.434708e-02  2.168012e-03
 2.06897e-01 -1.03448e+00       2.186e+13  9.981224e-01 -2.094947e-03  2.889450e-02  1.877629e-03
 6.20690e-01 -1.03448e+00       3.153e+13  9.968196e-01 -4.291039e-03  6.971255e-02  3.180351e-03
 1.03448e+00 -1.03448e+00       3.995e+13  9.953620e-01 -8.282725e-03  9.092882e-02  4.637955e-03
 1.44828e+00 -1.03448e+00       3.492e+13  9.940315e-01 -1.197855e-02  1.050960e-01  5.968510e-03
 1.86207e+00 -1.03448e+00       1.926e+13  9.927485e-01 -1.498883e-02  1.163770e-01  7.251496e-03
 2.27586e+00 -1.03448e+00       6.586e+12  9.911629e-01 -1.700006e-02  1.274489e-01  8.837057e-03
 2.68966e+00 -1.03448e+00       1.942e+12  9.887408e-01 -1.594594e-02  1.405491e-01  1.125916e-02
 3.10345e+00 -1.03448e+00       1.566e+12  9.888847e-01 -1.248157e-02  1.409312e-01  1.111531e-02
 3.51724e+00 -1.03448e+00       1.658e+12  9.895144e-01 -1.258622e-02  1.387451e-01  1.048555e-02
 3.93103e+00 -1.03448e+00       1.063e+12  9.880427e-01 -1.317161e-02  1.431056e-01  1.195725e-02
 4.34483e+00 -1.03448e+00       4.400e+11  9.793791e-01 -8.539353e-03  1.665097e-01  2.062085e-02
 4.75862e+00 -1.03448e+00       2.102e+11  9.591534e-01  1.624281e-02  2.219846e-01  4.084658e-02
 5.17241e+00 -1.03448e+00       2.095e+11  9.493150e-01  3.349831e-02  2.568922e-01  5.068502e-02
 5.58621e+00 -1.03448e+00       2.312e+11  9.297406e-01  3.183036e-02  2.845747e-01  7.025941e-02
 6.00000e+00 -1.03448e+00       1.791e+11  8.601616e-01  1.800275e-02  3.505358e-01  1.398384e-01
-6.00000e+00 -6.20690e-01       1.725e+11  9.166628e-01  2.240974e-02 -2.572925e-01  8.333717e-02
-5.58621e+00 -6.20690e-01       1.991e+11  9.518946e-01  4.782517e-02 -2.004129e-01  4.810542e-02
-5.17241e+00 -6.20690e-01       1.670e+11  9.649555e-01  4.340503e-02 -1.722218e-01  3.504448e-02
-4.75862e+00 -6.20690e-01       1.725e+11  9.728195e-01  1.989098e-02 -1.516127e-01  2.718049e-02
-4.34483e+00 -6.20690e-01       4.366e+11  9.881991e-01  8.265254e-03 -1.183995e-01  1.180089e-02
-3.93103e+00 -6.20690e-01       1.106e+12  9.930387e-01  8.229242e-03 -1.085838e-01  6.961289e-03
-3.51724e+00 -6.20690e-01       1.711e+12  9.937962e-01  8.304544e-03 -1.073319e-01  6.203830e-03
-3.10345e+00 -6.20690e-01       1.969e+12  9.936894e-01  6.645610e-03 -1.083897e-01  6.310560e-03
-2.68966e+00 -6.20690e-01       3.916e+12  9.942254e-01  9.046020e-04 -1.041548e-01  5.774626e-03
-2.27586e+00 -6.20690e-01       1.148e+13  9.950030e-01 -3.449134e-03 -9.768181e-02  4.996964e-03
-1.86207e+00 -6.20690e-01       2.408e+13  9.955787e-01 -6.073977e-03 -9.192038e-02  4.421340e-03
-1.44828e+00 -6.20690e-01       3.077e+13  9.961398e-01 -7.825983e-03 -8.549709e-02  3.860155e-03
-1.03448e+00 -6.20690e-01       2.383e+13  9.967414e-01 -8.750721e-03 -7.788316e-02  3.258572e-03
-6.20690e-01 -6.20690e-01       1.157e+13  9.974027e-01 -8.657669e-03 -6.784039e-02  2.597279e-03
-2.06897e-01 -6.20690e-01       4.398e+12  9.982390e-01 -5.605985e-03 -3.935530e-02  1.760986e-03
 2.06897e-01 -6.20690e-01       4.628e+12  9.985578e-01  4.875880e-04  3.475473e-02  1.442230e-03
 6.20690e-01 -6.20690e-01       1.240e+13  9.980532e-01 -1.632728e-03  5.875038e-02  1.946815e-03
 1.03448e+00 -6.20690e-01       2.509e+13  9.975809e-01 -4.902737e-03  6.701618e-02  2.419092e-03
 1.44828e+00 -6.20690e-01       3.138e+13  9.971371e-01 -7.744348e-03  7.332363e-02  2.862905e-03
 1.86207e+00 -6.20690e-01       2.339e+13  9.967042e-01 -1.007583e-02  7.875713e-02  3.295796e-03
 2.27586e+00 -6.20690e-01       1.027e+13  9.962106e-01 -1.182836e-02  8.395594e-02  3.789408e-03
 2.68966e+00 -6.20690e-01       3.030e+12  9.954464e-01 -1.230568e-02  8.993988e-02  4.553576e-03
 3.10345e+00 -6.20690e-01       1.552e+12  9.951902e-01 -9.584777e-03  9.105599e-02  4.809811e-03
 3.51724e+00 -6.20690e-01       1.630e+12  9.956464e-01 -8.482302e-03  8.842103e-02  4.353600e-03
 3.93103e+00 -6.20690e-01       1.182e+12  9.954031e-01 -8.419419e-03  8.957631e-02  4.596916e-03
 4.34483e+00 -6.20690e-01       5.225e+11  9.930296e-01 -6.098707e-03  9.959466e-02  6.970376e-03
 4.75862e+00 -6.20690e-01       2.273e+11  9.852268e-01  1.068330e-02  1.324859e-01  1.477317e-02
 5.17241e+00 -6.20690e-01       2.127e+11  9.792308e-01  2.770010e-02  1.617576e-01  2.076919e-02
 5.58621e+00 -6.20690e-01       2.351e+11  9.713231e-01  2.308753e-02  1.850121e-01  2.867691e-02
 6.00000e+00 -6.20690e-01       1.885e+11  9.489442e-01  1.064460e-02  2.323845e-01  5.105581e-02
-6.00000e+00 -2.06897e-01       1.645e+11  9.893818e-01 -8.997351e-04 -9.750450e-02  1.061825e-02
-5.58621e+00 -2.06897e-01       1.939e+11  9.933537e-01  9.331205e-03 -7.965329e-02  6.646258e-03
-5.17241e+00 -2.06897e-01       1.659e+11  9.947851e-01  8.716484e-03 -6.947478e-02  5.214928e-03
-4.75862e+00 -2.06897e-01       1.837e+11  9.956669e-01  2.476862e-03 -6.019164e-02  4.333067e-03
-4.34483e+00 -2.06897e-01       4.832e+11  9.978777e-01  2.121270e-03 -4.913586e-02  2.122320e-03
-3.93103e+00 -2.06897e-01       1.169e+12  9.985951e-01  3.623556e-03 -4.618483e-02  1.404898e-03
-3.51724e+00 -2.06897e-01       1.725e+12  9.986246e-01  3.453187e-03 -4.703710e-02  1.375356e-03
-3.10345e+00 -2.06897e-01       2.102e+12  9.985362e-01  5.081505e-06 -4.876031e-02  1.463814e-03
-2.68966e+00 -2.06897e-01       4.753e+12  9.988403e-01 -4.462811e-03 -4.453628e-02  1.159705e-03
-2.27586e+00 -2.06897e-01       1.319e+13  9.990834e-01 -5.590844e-03 -4.032197e-02  9.166292e-04
-1.86207e+00 -2.06897e-01       2.441e+13  9.992105e-01 -5.850229e-03 -3.748341e-02  7.895323e-04
-1.44828e+00 -2.06897e-01       2.688e+13  9.993141e-01 -5.858903e-03 -3.476362e-02  6.858864e-04
-1.03448e+00 -2.06897e-01       1.763e+13  9.994195e-01 -5.662915e-03 -3.167089e-02  5.804595e-04
-6.20690e-01 -2.06897e-01       7.390e+12  9.995582e-01 -5.266419e-03 -2.683431e-02  4.417904e-04
-2.06897e-01 -2.06897e-01       2.924e+12  9.998049e-01 -4.606885e-03 -1.395133e-02  1.951272e-04
 2.06897e-01 -2.06897e-01       3.056e+12  9.998991e-01 -4.039444e-03  7.709487e-03  1.008728e-04
 6.20690e-01 -2.06897e-01       7.986e+12  9.997824e-01 -4.444056e-03  1.795279e-02  2.175769e-04
 1.03448e+00 -2.06897e-01       1.881e+13  9.997141e-01 -5.189172e-03  2.117871e-02  2.858558e-04
 1.44828e+00 -2.06897e-01       2.783e+13  9.996689e-01 -5.827307e-03  2.293154e-02  3.311212e-04
 1.86207e+00 -2.06897e-01       2.412e+13  9.996279e-01 -6.261031e-03  2.426977e-02  3.721416e-04
 2.27586e+00 -2.06897e-01       1.207e+13  9.995737e-01 -6.420253e-03  2.551015e-02  4.262826e-04
 2.68966e+00 -2.06897e-01       3.796e+12  9.994590e-01 -6.096469e-03  2.681321e-02  5.409605e-04
 3.10345e+00 -2.06897e-01       1.612e+12  9.993890e-01 -4.918567e-03  2.544650e-02  6.110391e-04
 3.51724e+00 -2.06897e-01       1.601e+12  9.995295e-01 -4.106369e-03  2.330756e-02  4.705403e-04
 3.93103e+00 -2.06897e-01       1.229e+12  9.995480e-01 -3.293329e-03  2.344626e-02  4.519988e-04
 4.34483e+00 -2.06897e-01       5.696e+11  9.993059e-01 -1.089938e-03  2.556854e-02  6.941223e-04
 4.75862e+00 -2.06897e-01       2.424e+11  9.985657e-01  4.710516e-03  3.164607e-02  1.434326e-03
 5.17241e+00 -2.06897e-01       2.069e+11  9.981913e-01  5.257418e-03  3.837110e-02  1.808737e-03
 5.58621e+00 -2.06897e-01       2.196e+11  9.977445e-01  4.396648e-04  4.581106e-02  2.255514e-03
 6.00000e+00 -2.06897e-01       1.792e+11  9.964522e-01 -3.868505e-03  5.737303e-02  3.547774e-03
-6.00000e+00  2.06897e-01       1.642e+11  9.915547e-01 -4.128416e-03  7.049774e-02  8.445348e-03
-5.58621e+00  2.06897e-01       1.935e+11  9.948538e-01 -1.718444e-02  6.176325e-02  5.146212e-03
-5.17241e+00  2.06897e-01       1.654e+11  9.963384e-01 -2.741567e-02  5.111551e-02  3.661605e-03
-4.75862e+00  2.06897e-01       1.834e+11  9.977678e-01 -2.068047e-02  3.573932e-02  2.232231e-03
-4.34483e+00  2.06897e-01       4.840e+11  9.991687e-01 -6.018341e-03  2.451634e-02  8.312696e-04
-3.93103e+00  2.06897e-01       1.172e+12  9.994902e-01 -1.931761e-03  2.206438e-02  5.097891e-04
-3.51724e+00  2.06897e-01       1.732e+12  9.995358e-01 -1.935209e-03  1.962781e-02  4.641589e-04
-3.10345e+00  2.06897e-01       2.114e+12  9.995645e-01 -5.936614e-03  1.697237e-02  4.354794e-04
-2.68966e+00  2.06897e-01       4.763e+12  9.996136e-01 -8.567934e-03  2.031421e-02  3.863920e-04
-2.27586e+00  2.06897e-01       1.318e+13  9.996364e-01 -6.874206e-03  2.279815e-02  3.635687e-04
-1.86207e+00  2.06897e-01       2.437e+13  9.996592e-01 -4.904019e-03  2.309238e-02  3.407742e-04
-1.44828e+00  2.06897e-01       2.683e+13  9.996879e-01 -3.208164e-03  2.249704e-02  3.120693e-04
-1.03448e+00  2.06897e-01       1.760e+13  9.997236e-01 -1.818045e-03  2.120768e-02  2.763989e-04
-6.20690e-01  2.06897e-01       7.379e+12  9.997821e-01 -6.890213e-04  1.789847e-02  2.179303e-04
-2.06897e-01  2.06897e-01       2.906e+12  9.998805e-01 -1.893327e-04  5.718021e-03  1.194563e-04
 2.06897e-01  2.06897e-01       3.037e+12  9.997392e-01 -4.500001e-03 -1.662490e-02  2.607667e-04
 6.20690e-01  2.06897e-01       7.981e+12  9.995198e-01 -7.276113e-03 -2.753755e-02  4.801903e-04
 1.03448e+00  2.06897e-01       1.883e+13  9.994232e-01 -6.269942e-03 -3.131245e-02  5.767634e-04
 1.44828e+00  2.06897e-01       2.787e+13  9.993492e-01 -4.535652e-03 -3.378030e-02  6.508037e-04
 1.86207e+00  2.06897e-01       2.417e+13  9.992695e-01 -2.763464e-03 -3.604340e-02  7.304588e-04
 2.27586e+00  2.06897e-01       1.211e+13  9.991759e-01 -9.814682e-04 -3.825907e-02  8.240600e-04
 2.68966e+00  2.06897e-01       3.810e+12  9.990209e-01  7.337138e-04 -4.102319e-02  9.790599e-04
 3.10345e+00  2.06897e-01       1.617e+12  9.987620e-01  6.508376e-04 -4.564045e-02  1.237992e-03
 3.51724e+00  2.06897e-01       1.602e+12  9.987587e-01  4.535289e-04 -4.662221e-02  1.241325e-03
 3.93103e+00  2.06897e-01       1.229e+12  9.987157e-01  1.855552e-03 -4.677082e-02  1.284319e-03
 4.34483e+00  2.06897e-01       5.701e+11  9.981433e-01  3.669990e-03 -5.114683e-02  1.856707e-03
 4.75862e+00  2.06897e-01       2.432e+11  9.960934e-01 -1.946336e-03 -6.968151e-02  3.906572e-03
 5.17241e+00  2.06897e-01       2.076e+11  9.944454e-01 -1.660275e-02 -8.555566e-02  5.554599e-03
 5.58621e+00  2.06897e-01       2.201e+11  9.926973e-01 -1.836669e-02 -9.314932e-02  7.302700e-03
 6.00000e+00  2.06897e-01       1.798e+11  9.880143e-01 -1.695060e-02 -1.147108e-01  1.198566e-02
-6.00000e+00  6.20690e-01       1.712e+11  9.266392e-01 -3.162758e-02  2.331019e-01  7.336077e-02
-5.58621e+00  6.20690e-01       1.975e+11  9.569735e-01 -5.882654e-02  1.839155e-01  4.302650e-02
-5.17241e+00  6.20690e-01       1.652e+11  9.692274e-01 -6.353728e-02  1.539887e-01  3.077263e-02
-4.75862e+00  6.20690e-01       1.711e+11  9.788201e-01 -4.066020e-02  1.279856e-01  2.117995e-02
-4.34483e+00  6.20690e-01       4.380e+11  9.919658e-01 -1.405472e-02  9.493385e-02  8.034226e-03
-3.93103e+00  6.20690e-01       1.114e+12  9.955122e-01 -7.431824e-03  8.573863e-02  4.487799e-03
-3.51724e+00  6.20690e-01       1.731e+12  9.962047e-01 -6.794857e-03  8.191717e-02  3.795341e-03
-3.10345e+00  6.20690e-01       2.004e+12  9.964627e-01 -1.075138e-02  7.810731e-02  3.537265e-03
-2.68966e+00  6.20690e-01       3.955e+12  9.964540e-01 -1.308032e-02  7.945697e-02  3.545974e-03
-2.27586e+00  6.20690e-01       1.148e+13  9.965579e-01 -9.004671e-03  8.015697e-02  3.442062e-03
-1.86207e+00  6.20690e-01       2.399e+13  9.968206e-01 -4.862391e-03  7.767891e-02  3.179360e-03
-1.44828e+00  6.20690e-01       3.063e+13  9.971680e-01 -1.547258e-03  7.334409e-02  2.831950e-03
-1.03448e+00  6.20690e-01       2.375e+13  9.975786e-01  7.958451e-04  6.741060e-02  2.421364e-03
-6.20690e-01  6.20690e-01       1.158e+13  9.980445e-01  1.740249e-03  5.872659e-02  1.955503e-03
-2.06897e-01  6.20690e-01       4.431e+12  9.984905e-01 -1.961898e-03  3.076971e-02  1.509458e-03
 2.06897e-01  6.20690e-01       4.664e+12  9.980256e-01 -1.216562e-02 -4.415355e-02  1.974362e-03
 6.20690e-01  6.20690e-01       1.246e+13  9.973493e-01 -1.023796e-02 -6.842766e-02  2.650730e-03
 1.03448e+00  6.20690e-01       2.520e+13  9.968167e-01 -5.970805e-03 -7.699765e-02  3.183311e-03
 1.44828e+00  6.20690e-01       3.153e+13  9.962828e-01 -1.984577e-03 -8.393182e-02  3.717161e-03
 1.86207e+00  6.20690e-01       2.353e+13  9.957338e-01  1.664355e-03 -9.023086e-02  4.266179e-03
 2.27586e+00  6.20690e-01       1.035e+13  9.951313e-01  5.101199e-03 -9.633814e-02  4.868735e-03
 2.68966e+00  6.20690e-01       3.065e+12  9.942442e-01  7.718842e-03 -1.040505e-01  5.755796e-03
 3.10345e+00  6.20690e-01       1.566e+12  9.934198e-01  5.348826e-03 -1.112304e-01  6.580161e-03
 3.51724e+00  6.20690e-01       1.636e+12  9.935641e-01  4.683081e-03 -1.104792e-01  6.435864e-03
 3.93103e+00  6.20690e-01       1.186e+12  9.931243e-01  6.870977e-03 -1.115638e-01  6.875658e-03
 4.34483e+00  6.20690e-01       5.263e+11  9.896287e-01  8.523016e-03 -1.243858e-01  1.037125e-02
 4.75862e+00  6.20690e-01       2.312e+11  9.778723e-01 -7.138004e-03 -1.712455e-01  2.212769e-02
 5.17241e+00  6.20690e-01       2.166e+11  9.691002e-01 -3.273248e-02 -2.081533e-01  3.089978e-02
 5.58621e+00  6.20690e-01       2.386e+11  9.586028e-01 -3.231830e-02 -2.282066e-01  4.139724e-02
 6.00000e+00  6.20690e-01       1.919e+11  9.278697e-01 -2.123328e-02 -2.804880e-01  7.213028e-02
-6.00000e+00  1.03448e+00       1.620e+11  8.138765e-01 -5.500828e-02  3.268422e-01  1.861235e-01
-5.58621e+00  1.03448e+00       1.935e+11  9.036662e-01 -4.930120e-02  2.434858e-01  9.633383e-02
-5.17241e+00  1.03448e+00       1.735e+11  9.322287e-01 -3.952857e-02  2.320641e-01  6.777127e-02
-4.75862e+00  1.03448e+00       1.668e+11  9.425300e-01 -4.153663e-02  2.261563e-01  5.747000e-02
-4.34483e+00  1.03448e+00       3.591e+11  9.747078e-01 -2.426660e-02  1.623272e-01  2.529216e-02
-3.93103e+00  1.03448e+00       9.749e+11  9.879554e-01 -1.316438e-02  1.381732e-01  1.204456e-02
-3.51724e+00  1.03448e+00       1.694e+12  9.904760e-01 -1.104701e-02  1.318968e-01  9.523970e-03
-3.10345e+00  1.03448e+00       1.908e+12  9.912180e-01 -1.418666e-02  1.266042e-01  8.782019e-03
-2.68966e+00  1.03448e+00       2.740e+12  9.915324e-01 -1.874910e-02  1.233944e-01  8.467572e-03
-2.27586e+00  1.03448e+00       7.858e+12  9.921230e-01 -1.366362e-02  1.209889e-01  7.876957e-03
-1.86207e+00  1.03448e+00       2.048e+13  9.930043e-01 -7.275623e-03  1.149024e-01  6.995681e-03
-1.44828e+00  1.03448e+00       3.503e+13  9.940627e-01 -2.217794e-03  1.054088e-01  5.937338e-03
-1.03448e+00  1.03448e+00       3.880e+13  9.953333e-01  1.076413e-03  9.147238e-02  4.666688e-03
-6.20690e-01  1.03448e+00       3.027e+13  9.968097e-01  1.468317e-03  6.906624e-02  3.190268e-03
-2.06897e-01  1.03448e+00       2.142e+13  9.981130e-01 -2.856685e-03  2.549921e-02  1.887044e-03
 2.06897e-01  1.03448e+00       2.195e+13  9.977825e-01 -7.690548e-03 -3.763366e-02  2.217545e-03
 6.20690e-01  1.03448e+00       3.167e+13  9.961083e-01 -5.782192e-03 -7.875694e-02  3.891664e-03
 1.03448e+00  1.03448e+00       4.017e+13  9.944351e-01 -1.222000e-03 -1.004562e-01  5.564945e-03
 1.44828e+00  1.03448e+00       3.517e+13  9.929057e-01  3.393084e-03 -1.153166e-01  7.094317e-03
 1.86207e+00  1.03448e+00       1.944e+13  9.914185e-01  7.704278e-03 -1.274740e-01  8.581461e-03
 2.27586e+00  1.03448e+00       6.689e+12  9.896755e-01  1.176476e-02 -1.394862e-01  1.032448e-02
 2.68966e+00  1.03448e+00       1.989e+12  9.869432e-01  1.302807e-02 -1.555660e-01  1.305679e-02
 3.10345e+00  1.03448e+00       1.584e+12  9.862128e-01  8.355399e-03 -1.610032e-01  1.378721e-02
 3.51724e+00  1.03448e+00       1.666e+12  9.866038e-01  8.863676e-03 -1.589691e-01  1.339618e-02
 3.93103e+00  1.03448e+00       1.068e+12  9.847184e-01  1.164473e-02 -1.633287e-01  1.528157e-02
 4.34483e+00  1.03448e+00       4.444e+11  9.735924e-01  1.004089e-02 -1.910511e-01  2.640758e-02
 4.75862e+00  1.03448e+00       2.147e+11  9.465893e-01 -1.678057e-02 -2.620408e-01  5.341072e-02
 5.17241e+00  1.03448e+00       2.150e+11  9.331275e-01 -3.644961e-02 -3.043996e-01  6.687252e-02
 5.58621e+00  1.03448e+00       2.376e+11  9.109101e-01 -3.241130e-02 -3.285885e-01  8.908990e-02
 6.00000e+00  1.03448e+00       1.851e+11  8.322349e-01 -1.865674e-02 -3.924815e-01  1.677651e-01
-6.00000e+00  1.44828e+00       1.745e+11  7.094156e-01  1.013685e-02  4.426694e-01  2.905844e-01
-5.58621e+00  1.44828e+00       2.375e+11  8.294531e-01 -1.698616e-02  3.972259e-01  1.705469e-01
-5.17241e+00  1.44828e+00       2.250e+11  8.744829e-01 -5.815992e-02  3.625852e-01  1.255171e-01
-4.75862e+00  1.44828e+00       1.800e+11  8.865144e-01 -8.173441e-02  3.277566e-01  1.134856e-01
-4.34483e+00  1.44828e+00       2.632e+11  9.375457e-01 -4.482747e-02  2.299628e-01  6.245435e-02
-3.93103e+00  1.44828e+00       7.397e+11  9.774481e-01 -1.977540e-02  1.728216e-01  2.255191e-02
-3.51724e+00  1.44828e+00       1.546e+12  9.853998e-01 -1.545166e-02  1.604381e-01  1.460023e-02
-3.10345e+00  1.44828e+00       1.932e+12  9.870703e-01 -1.696981e-02  1.542365e-01  1.292975e-02
-2.68966e+00  1.44828e+00       1.920e+12  9.874602e-01 -2.351898e-02  1.486853e-01  1.253978e-02
-2.27586e+00  1.44828e+00       3.601e+12  9.886506e-01 -2.276869e-02  1.405776e-01  1.134941e-02
-1.86207e+00  1.44828e+00       1.102e+13  9.909030e-01 -1.428529e-02  1.278383e-01  9.096985e-03
-1.44828e+00  1.44828e+00       2.737e+13  9.929106e-01 -6.907304e-03  1.124592e-01  7.089442e-03
-1.03448e+00  1.44828e+00       4.749e+13  9.949187e-01 -1.228334e-03  9.129814e-02  5.081318e-03
-6.20690e-01  1.44828e+00       6.072e+13  9.968987e-01  2.164288e-03  6.079103e-02  3.101292e-03
-2.06897e-01  1.44828e+00       6.495e+13  9.982266e-01  3.208010e-03  1.932308e-02  1.773377e-03
 2.06897e-01  1.44828e+00       6.535e+13  9.980502e-01  3.463222e-03 -2.740649e-02  1.949836e-03
 6.20690e-01  1.44828e+00       6.132e+13  9.964035e-01  4.828096e-03 -6.829614e-02  3.596540e-03
 1.03448e+00  1.44828e+00       4.722e+13  9.940941e-01  7.407968e-03 -9.912560e-02  5.905911e-03
 1.44828e+00  1.44828e+00       2.615e+13  9.916021e-01  1.052706e-02 -1.225777e-01  8.397901e-03
 1.86207e+00  1.44828e+00       9.673e+12  9.887285e-01  1.397299e-02 -1.431928e-01  1.127155e-02
 2.27586e+00  1.44828e+00       2.647e+12  9.841420e-01  1.715156e-02 -1.684697e-01  1.585797e-02
 2.68966e+00  1.44828e+00       1.393e+12  9.803584e-01  1.318792e-02 -1.886572e-01  1.964159e-02
 3.10345e+00  1.44828e+00       1.755e+12  9.817824e-01  1.080392e-02 -1.845503e-01  1.821761e-02
 3.51724e+00  1.44828e+00       1.591e+12  9.815027e-01  1.303103e-02 -1.844468e-01  1.849728e-02
 3.93103e+00  1.44828e+00       8.474e+11  9.750611e-01  1.596251e-02 -1.984501e-01  2.493894e-02
 4.34483e+00  1.44828e+00       3.456e+11  9.455587e-01  2.974983e-03 -2.608428e-01  5.444125e-02
 4.75862e+00  1.44828e+00       2.322e+11  9.057377e-01 -4.753553e-02 -3.502337e-01  9.426233e-02
 5.17241e+00  1.44828e+00       2.613e+11  8.912041e-01 -5.830759e-02 -3.809950e-01  1.087959e-01
 5.58621e+00  1.44828e+00       2.600e+11  8.491666e-01 -4.620394e-02 -4.208877e-01  1.508334e-01
 6.00000e+00  1.44828e+00       1.996e+11  7.389949e-01 -5.213570e-02 -5.061954e-01  2.610051e-01
-6.00000e+00  1.86207e+00       2.090e+11  4.817788e-01  6.438908e-03  5.816144e-01  5.182212e-01
-5.58621e+00  1.86207e+00       2.522e+11  7.147921e-01 -5.064725e-02  4.420455e-01  2.852079e-01
-5.17241e+00  1.86207e+00       2.487e+11  8.274628e-01 -5.095302e-02  3.779590e-01  1.725372e-01
-4.75862e+00  1.86207e+00       2.026e+11  8.519585e-01 -6.104962e-02  3.753850e-01  1.480415e-01
-4.34483e+00  1.86207e+00       2.019e+11  8.753872e-01 -6.077865e-02  3.199996e-01  1.246128e-01
-3.93103e+00  1.86207e+00       4.628e+11  9.561825e-01 -2.811015e-02  1.977270e-01  4.381753e-02
-3.51724e+00  1.86207e+00       1.196e+12  9.823363e-01 -1.801635e-02  1.619739e-01  1.766374e-02
-3.10345e+00  1.86207e+00       1.923e+12  9.870246e-01 -1.783223e-02  1.512419e-01  1.297539e-02
-2.68966e+00  1.86207e+00       1.899e+12  9.879500e-01 -2.290164e-02  1.443763e-01  1.204996e-02
-2.27586e+00  1.86207e+00       1.694e+12  9.869380e-01 -3.103660e-02  1.424838e-01  1.306202e-02
-1.86207e+00  1.86207e+00       2.744e+12  9.885894e-01 -2.745516e-02  1.280077e-01  1.141057e-02
-1.44828e+00  1.86207e+00       7.106e+12  9.932250e-01 -2.007320e-02  9.723586e-02  6.774983e-03
-1.03448e+00  1.86207e+00       1.739e+13  9.961738e-01 -1.347867e-02  7.064320e-02  3.826177e-03
-6.20690e-01  1.86207e+00       3.203e+13  9.977821e-01 -6.823164e-03  4.387820e-02  2.217933e-03
-2.06897e-01  1.86207e+00       4.297e+13  9.985368e-01 -1.280076e-03  1.276999e-02  1.463155e-03
 2.06897e-01  1.86207e+00       4.254e+13  9.983256e-01  2.628457e-03 -2.115992e-02  1.674400e-03
 6.20690e-01  1.86207e+00       3.090e+13  9.970748e-01  5.296831e-03 -5.456872e-02  2.925163e-03
 1.03448e+00  1.86207e+00       1.601e+13  9.947495e-01  7.642386e-03 -8.636849e-02  5.250454e-03
 1.44828e+00  1.86207e+00       5.918e+12  9.905888e-01  1.103630e-02 -1.209588e-01  9.411234e-03
 1.86207e+00  1.86207e+00       1.853e+12  9.825572e-01  1.597362e-02 -1.667715e-01  1.744285e-02
 2.27586e+00  1.86207e+00       1.101e+12  9.777279e-01  1.490514e-02 -1.918432e-01  2.227214e-02
 2.68966e+00  1.86207e+00       1.615e+12  9.818798e-01  1.178206e-02 -1.787547e-01  1.812016e-02
 3.10345e+00  1.86207e+00       1.898e+12  9.830728e-01  1.330801e-02 -1.752182e-01  1.692716e-02
 3.51724e+00  1.86207e+00       1.299e+12  9.797547e-01  1.698597e-02 -1.831023e-01  2.024526e-02
 3.93103e+00  1.86207e+00       5.723e+11  9.597639e-01  1.750303e-02 -2.247051e-01  4.023606e-02
 4.34483e+00  1.86207e+00       2.710e+11  9.042988e-01 -1.379936e-02 -3.347926e-01  9.570121e-02
 4.75862e+00  1.86207e+00       2.507e+11  8.741657e-01 -5.190931e-02 -4.076869e-01  1.258343e-01
 5.17241e+00  1.86207e+00       3.027e+11  8.506631e-01 -4.817721e-02 -4.410197e-01  1.493369e-01
 5.58621e+00  1.86207e+00       2.942e+11  7.619331e-01 -3.467575e-02 -5.038191e-01  2.380669e-01
 6.00000e+00  1.86207e+00       2.217e+11  5.554649e-01 -8.063678e-03 -6.248003e-01  4.445351e-01
-6.00000e+00  2.27586e+00       2.146e+11  3.503994e-01  1.237479e-02  6.377504e-01  6.496006e-01
-5.58621e+00  2.27586e+00       2.975e+11  6.061771e-01 -5.322629e-02  5.514523e-01  3.938229e-01
-5.17241e+00  2.27586e+00       3.185e+11  7.521618e-01 -7.752055e-02  4.604530e-01  2.478382e-01
-4.75862e+00  2.27586e+00       2.609e+11  8.171728e-01 -8.076457e-02  4.132741e-01  1.828272e-01
-4.34483e+00  2.27586e+00       2.005e+11  8.194356e-01 -7.640658e-02  4.002054e-01  1.805644e-01
-3.93103e+00  2.27586e+00       2.527e+11  8.907852e-01 -4.506785e-02  2.616370e-01  1.092148e-01
-3.51724e+00  2.27586e+00       6.704e+11  9.730364e-01 -2.011201e-02  1.415189e-01  2.696364e-02
-3.10345e+00  2.27586e+00       1.519e+12  9.901439e-01 -1.769461e-02  1.123908e-01  9.856111e-03
-2.68966e+00  2.27586e+00       2.058e+12  9.930901e-01 -2.112816e-02  9.915042e-02  6.909865e-03
-2.27586e+00  2.27586e+00       1.750e+12  9.929731e-01 -3.021626e-02  9.122564e-02  7.026850e-03
-1.86207e+00  2.27586e+00       1.384e+12  9.900933e-01 -4.173285e-02  9.850057e-02  9.906699e-03
-1.44828e+00  2.27586e+00       1.641e+12  9.882694e-01 -3.336906e-02  1.118308e-01  1.173064e-02
-1.03448e+00  2.27586e+00       2.128e+12  9.894315e-01 -9.710702e-03  1.024409e-01  1.056847e-02
-6.20690e-01  2.27586e+00       2.275e+12  9.915692e-01  1.420947e-02  6.433817e-02  8.430782e-03
-2.06897e-01  2.27586e+00       2.144e+12  9.931611e-01  2.951404e-02  1.781135e-03  6.838927e-03
 2.06897e-01  2.27586e+00       2.023e+12  9.925993e-01  3.451242e-02 -6.206661e-02  7.400707e-03
 6.20690e-01  2.27586e+00       1.905e+12  9.897033e-01  3.087617e-02 -1.099602e-01  1.029668e-02
 1.03448e+00  2.27586e+00       1.549e+12  9.849893e-01  2.053147e-02 -1.443283e-01  1.501072e-02
 1.44828e+00  2.27586e+00       1.013e+12  9.787710e-01  1.078566e-02 -1.687273e-01  2.122898e-02
 1.86207e+00  2.27586e+00       8.861e+11  9.798382e-01  1.004518e-02 -1.554535e-01  2.016182e-02
 2.27586e+00  2.27586e+00       1.474e+12  9.879516e-01  1.207004e-02 -1.267932e-01  1.204844e-02
 2.68966e+00  2.27586e+00       2.005e+12  9.903779e-01  1.429274e-02 -1.217353e-01  9.622084e-03
 3.10345e+00  2.27586e+00       1.608e+12  9.884033e-01  1.823672e-02 -1.299630e-01  1.159671e-02
 3.51724e+00  2.27586e+00       7.942e+11  9.744421e-01  2.275827e-02 -1.655622e-01  2.555794e-02
 3.93103e+00  2.27586e+00       3.461e+11  9.205209e-01  8.258659e-03 -2.804946e-01  7.947913e-02
 4.34483e+00  2.27586e+00       2.599e+11  8.638012e-01 -4.415185e-02 -4.048004e-01  1.361988e-01
 4.75862e+00  2.27586e+00       3.244e+11  8.495157e-01 -6.346602e-02 -4.484027e-01  1.504843e-01
 5.17241e+00  2.27586e+00       3.830e+11  8.002219e-01 -5.617099e-02 -4.977826e-01  1.997781e-01
 5.58621e+00  2.27586e+00       3.448e+11  6.750241e-01 -4.948530e-02 -5.931111e-01  3.249759e-01
 6.00000e+00  2.27586e+00       2.676e+11  4.788650e-01 -3.976371e-02 -7.190770e-01  5.211350e-01
-6.00000e+00  2.68966e+00       2.536e+11  1.501635e-01 -7.051786e-03  7.755947e-01  8.498365e-01
-5.58621e+00  2.68966e+00       3.095e+11  4.991086e-01 -3.416127e-02  6.344723e-01  5.008914e-01
-5.17241e+00  2.68966e+00       3.750e+11  6.993660e-01 -6.144121e-02  5.148012e-01  3.006340e-01
-4.75862e+00  2.68966e+00       3.452e+11  8.007041e-01 -7.562301e-02  4.354212e-01  1.992959e-01
-4.34483e+00  2.68966e+00       2.631e+11  8.223053e-01 -8.059505e-02  4.154549e-01  1.776947e-01
-3.93103e+00  2.68966e+00       2.019e+11  8.070787e-01 -7.189109e-02  3.879551e-01  1.929213e-01
-3.51724e+00  2.68966e+00       2.705e+11  9.038892e-01 -3.047056e-02  1.781470e-01  9.611084e-02
-3.10345e+00  2.68966e+00       7.169e+11  9.824490e-01 -1.311338e-02  4.155607e-02  1.755098e-02
-2.68966e+00  2.68966e+00       1.551e+12  9.951304e-01 -1.670891e-02  3.812705e-03  4.869603e-03
-2.27586e+00  2.68966e+00       2.020e+12  9.956737e-01 -2.478505e-02 -1.869344e-02  4.326336e-03
-1.86207e+00  2.68966e+00       1.626e+12  9.931648e-01 -3.821804e-02 -3.338575e-02  6.835184e-03
-1.44828e+00  2.68966e+00       1.029e+12  9.878695e-01 -5.217747e-02 -2.574577e-02  1.213052e-02
-1.03448e+00  2.68966e+00       7.391e+11  9.817283e-01 -5.056659e-02 -1.145609e-02  1.827170e-02
-6.20690e-01  2.68966e+00       6.710e+11  9.776773e-01 -5.215572e-02 -4.328549e-02  2.232273e-02
-2.06897e-01  2.68966e+00       6.620e+11  9.745397e-01 -6.586640e-02 -9.246911e-02  2.546027e-02
 2.06897e-01  2.68966e+00       5.906e+11  9.690896e-01 -6.187619e-02 -1.297366e-01  3.091043e-02
 6.20690e-01  2.68966e+00       4.743e+11  9.610969e-01 -2.906634e-02 -1.547702e-01  3.890308e-02
 1.03448e+00  2.68966e+00       4.531e+11  9.609894e-01  2.464265e-03 -1.293201e-01  3.901064e-02
 1.44828e+00  2.68966e+00       7.475e+11  9.794796e-01  8.085487e-03 -4.101994e-02  2.052042e-02
 1.86207e+00  2.68966e+00       1.470e+12  9.923897e-01  1.074596e-02 -7.557935e-05  7.610349e-03
 2.27586e+00  2.68966e+00       2.007e+12  9.961454e-01  1.475445e-02  1.041626e-03  3.854569e-03
 2.68966e+00  2.68966e+00       1.638e+12  9.953858e-01  1.976177e-02 -1.547558e-02  4.614216e-03
 3.10345e+00  2.68966e+00       8.439e+11  9.847768e-01  2.653850e-02 -6.222891e-02  1.522323e-02
 3.51724e+00  2.68966e+00       3.807e+11  9.366679e-01  2.121859e-02 -1.987686e-01  6.333209e-02
 3.93103e+00  2.68966e+00       2.701e+11  8.717285e-01 -2.745100e-02 -3.616402e-01  1.282715e-01
 4.34483e+00  2.68966e+00       3.204e+11  8.615460e-01 -6.249940e-02 -4.152051e-01  1.384540e-01
 4.75862e+00  2.68966e+00       4.173e+11  8.421529e-01 -5.971749e-02 -4.545832e-01  1.578471e-01
 5.17241e+00  2.68966e+00       4.271e+11  7.604974e-01 -5.330831e-02 -5.251192e-01  2.395026e-01
 5.58621e+00  2.68966e+00       3.439e+11  5.807510e-01 -5.392794e-02 -6.485445e-01  4.192490e-01
 6.00000e+00  2.68966e+00       2.845e+11  2.806193e-01 -4.093394e-02 -7.864560e-01  7.193807e-01
-6.00000e+00  3.10345e+00       3.608e+11  5.171269e-02  2.626992e-02  8.740944e-01  9.482873e-01
-5.58621e+00  3.10345e+00       3.306e+11  3.499186e-01 -1.037021e-02  7.402259e-01  6.500814e-01
-5.17241e+00  3.10345e+00       4.053e+11  6.173496e-01 -5.081937e-02  5.727327e-01  3.826504e-01
-4.75862e+00  3.10345e+00       4.292e+11  7.728942e-01 -6.382965e-02  4.489515e-01  2.271058e-01
-4.34483e+00  3.10345e+00       3.615e+11  8.448103e-01 -6.967160e-02  3.856209e-01  1.551897e-01
-3.93103e+00  3.10345e+00       2.710e+11  8.343648e-01 -7.194452e-02  3.905712e-01  1.656352e-01
-3.51724e+00  3.10345e+00       1.974e+11  7.980396e-01 -6.142153e-02  3.613602e-01  2.019604e-01
-3.10345e+00  3.10345e+00       2.087e+11  8.743329e-01 -1.189291e-02  1.020454e-01  1.256671e-01
-2.68966e+00  3.10345e+00       4.821e+11  9.615029e-01  7.301453e-03 -1.225552e-01  3.849713e-02
-2.27586e+00  3.10345e+00       1.122e+12  9.683906e-01 -4.661504e-03 -1.974754e-01  3.160943e-02
-1.86207e+00  3.10345e+00       1.697e+12  9.561668e-01 -2.161962e-02 -2.459097e-01  4.383317e-02
-1.44828e+00  3.10345e+00       1.549e+12  9.346905e-01 -4.522150e-02 -2.905854e-01  6.530954e-02
-1.03448e+00  3.10345e+00       9.092e+11  8.984741e-01 -7.085389e-02 -3.316939e-01  1.015259e-01
-6.20690e-01  3.10345e+00       4.613e+11  8.503709e-01 -7.688864e-02 -3.533262e-01  1.496291e-01
-2.06897e-01  3.10345e+00       3.166e+11  8.248741e-01 -5.725070e-02 -3.198744e-01  1.751259e-01
 2.06897e-01  3.10345e+00       3.075e+11  8.297187e-01 -2.177921e-02 -1.461231e-01  1.702813e-01
 6.20690e-01  3.10345e+00       4.716e+11  8.782925e-01  3.772752e-03  1.522812e-01  1.217075e-01
 1.03448e+00  3.10345e+00       9.521e+11  9.226577e-01  1.724969e-03  2.818545e-01  7.734227e-02
 1.44828e+00  3.10345e+00       1.569e+12  9.443275e-01  6.364086e-03  2.854625e-01  5.567253e-02
 1.86207e+00  3.10345e+00       1.712e+12  9.577931e-01  1.565824e-02  2.511654e-01  4.220687e-02
 2.27586e+00  3.10345e+00       1.196e+12  9.678797e-01  2.484073e-02  1.949647e-01  3.212034e-02
 2.68966e+00  3.10345e+00       6.010e+11  9.681145e-01  3.596423e-02  9.061965e-02  3.188554e-02
 3.10345e+00  3.10345e+00       3.221e+11  9.318956e-01  3.178613e-02 -1.214952e-01  6.810436e-02
 3.51724e+00  3.10345e+00       2.692e+11  8.830098e-01 -1.656976e-02 -3.057468e-01  1.169902e-01
 3.93103e+00  3.10345e+00       3.178e+11  8.800489e-01 -5.722908e-02 -3.556163e-01  1.199511e-01
 4.34483e+00  3.10345e+00       4.347e+11  8.788570e-01 -5.907363e-02 -3.913981e-01  1.211430e-01
 4.75862e+00  3.10345e+00       5.036e+11  8.277198e-01 -5.130144e-02 -4.561698e-01  1.722802e-01
 5.17241e+00  3.10345e+00       4.461e+11  6.948250e-01 -5.167646e-02 -5.696923e-01  3.051750e-01
 5.58621e+00  3.10345e+00       3.522e+11  4.627902e-01 -4.777848e-02 -7.254679e-01  5.372098e-01
 6.00000e+00  3.10345e+00       3.428e+11  1.342832e-01 -2.688145e-02 -8.426723e-01  8.657168e-01
-6.00000e+00  3.51724e+00       4.761e+11  3.303235e-02  7.194896e-02  8.806574e-01  9.669676e-01
-5.58621e+00  3.51724e+00       3.619e+11  2.341885e-01  7.227303e-02  8.135962e-01  7.658115e-01
-5.17241e+00  3.51724e+00       3.974e+11  5.068536e-01 -3.800904e-03  6.501890e-01  4.931464e-01
-4.75862e+00  3.51724e+00       4.804e+11  7.223270e-01 -4.517879e-02  4.800405e-01  2.776730e-01
-4.34483e+00  3.51724e+00       4.737e+11  8.448693e-01 -5.965613e-02  3.593129e-01  1.551307e-01
-3.93103e+00  3.51724e+00       3.867e+11  8.893897e-01 -6.651693e-02  3.091095e-01  1.106103e-01
-3.51724e+00  3.51724e+00       2.915e+11  8.615694e-01 -6.207741e-02  3.282483e-01  1.384306e-01
-3.10345e+00  3.51724e+00       2.021e+11  8.015744e-01 -5.390775e-02  3.218789e-01  1.984256e-01
-2.68966e+00  3.51724e+00       1.402e+11  7.855311e-01  5.581683e-03  1.243194e-01  2.144689e-01
-2.27586e+00  3.51724e+00       1.597e+11  8.389030e-01  8.879474e-02 -2.531249e-01  1.610970e-01
-1.86207e+00  3.51724e+00       3.002e+11  8.102693e-01  8.667596e-02 -4.821186e-01  1.897307e-01
-1.44828e+00  3.51724e+00       5.601e+11  7.018759e-01  8.471806e-02 -6.172576e-01  2.981241e-01
-1.03448e+00  3.51724e+00       8.028e+11  5.347320e-01  8.638238e-02 -7.082623e-01  4.652680e-01
-6.20690e-01  3.51724e+00       8.377e+11  2.789622e-01  7.733925e-02 -7.026165e-01  7.210378e-01
-2.06897e-01  3.51724e+00       7.224e+11 -3.659834e-02  6.473487e-02 -4.074239e-01  9.634017e-01
 2.06897e-01  3.51724e+00       6.853e+11 -1.051656e-01  7.539167e-02  2.316342e-01  8.948344e-01
 6.20690e-01  3.51724e+00       7.610e+11  1.756380e-01  9.147903e-02  6.522654e-01  8.243620e-01
 1.03448e+00  3.51724e+00       7.598e+11  4.718566e-01  8.467626e-02  7.053652e-01  5.281434e-01
 1.44828e+00  3.51724e+00       5.941e+11  6.867554e-01  6.973839e-02  5.906016e-01  3.132446e-01
 1.86207e+00  3.51724e+00       3.915e+11  8.340327e-01  6.809599e-02  4.074832e-01  1.659673e-01
 2.27586e+00  3.51724e+00       2.687e+11  9.054390e-01  7.487133e-02  1.747130e-01  9.456095e-02
 2.68966e+00  3.51724e+00       2.429e+11  9.092846e-01  4.279994e-02 -9.068497e-02  9.071543e-02
 3.10345e+00  3.51724e+00       2.642e+11  8.941875e-01 -1.517758e-02 -2.295530e-01  1.058125e-01
 3.51724e+00  3.51724e+00       3.200e+11  9.027504e-01 -5.265558e-02 -2.574047e-01  9.724963e-02
 3.93103e+00  3.51724e+00       4.523e+11  9.165434e-01 -5.658504e-02 -2.921033e-01  8.345659e-02
 4.34483e+00  3.51724e+00       5.617e+11  8.902515e-01 -4.834258e-02 -3.550075e-01  1.097485e-01
 4.75862e+00  3.51724e+00       5.260e+11  7.923911e-01 -4.537413e-02 -4.637008e-01  2.076089e-01
 5.17241e+00  3.51724e+00       4.213e+11  6.042043e-01 -3.916183e-02 -6.378066e-01  3.957957e-01
 5.58621e+00  3.51724e+00       3.661e+11  3.738052e-01 -8.938534e-03 -7.945889e-01  6.261948e-01
 6.00000e+00  3.51724e+00       4.422e+11  9.783791e-02  2.326191e-03 -8.721383e-01  9.021621e-01
-6.00000e+00  3.93103e+00       7.357e+11  5.355927e-02  3.461208e-02  9.139509e-01  9.464407e-01
-5.58621e+00  3.93103e+00       4.907e+11  1.971332e-01  8.012815e-02  8.747359e-01  8.028668e-01
-5.17241e+00  3.93103e+00       3.999e+11  3.880309e-01  4.821677e-02  7.645552e-01  6.119691e-01
-4.75862e+00  3.93103e+00       4.670e+11  6.290574e-01 -2.375554e-02  5.616334e-01  3.709426e-01
-4.34483e+00  3.93103e+00       5.463e+11  8.038701e-01 -5.108104e-02  3.717379e-01  1.961299e-01
-3.93103e+00  3.93103e+00       5.178e+11  9.011042e-01 -6.058703e-02  2.375412e-01  9.889583e-02
-3.51724e+00  3.93103e+00       4.219e+11  9.340374e-01 -6.145143e-02  1.823126e-01  6.596259e-02
-3.10345e+00  3.93103e+00       3.291e+11  9.062296e-01 -4.633011e-02  2.084228e-01  9.377042e-02
-2.68966e+00  3.93103e+00       2.368e+11  8.339586e-01 -4.753366e-02  2.382042e-01  1.660414e-01
-2.27586e+00  3.93103e+00       1.450e+11  7.340753e-01 -2.563036e-02  1.676550e-01  2.659247e-01
-1.86207e+00  3.93103e+00       8.845e+10  6.272230e-01  1.581824e-01 -1.033292e-01  3.727770e-01
-1.44828e+00  3.93103e+00       7.490e+10  5.142404e-01  3.406893e-01 -4.417598e-01  4.857596e-01
-1.03448e+00  3.93103e+00       7.876e+10  2.940394e-01  3.711330e-01 -5.571101e-01  7.059606e-01
-6.20690e-01  3.93103e+00       8.128e+10  2.728425e-03  4.182459e-01 -3.515526e-01  9.972716e-01
-2.06897e-01  3.93103e+00       8.775e+10 -1.092551e-01  4.552417e-01  1.580168e-01  8.907449e-01
 2.06897e-01  3.93103e+00       1.045e+11  4.695709e-02  3.823193e-01  5.934092e-01  9.530429e-01
 6.20690e-01  3.93103e+00       1.185e+11  2.456525e-01  2.614352e-01  7.489141e-01  7.543475e-01
 1.03448e+00  3.93103e+00       1.186e+11  4.255758e-01  1.896567e-01  6.840679e-01  5.744242e-01
 1.44828e+00  3.93103e+00       1.254e+11  6.550673e-01  1.821485e-01  4.230890e-01  3.449327e-01
 1.86207e+00  3.93103e+00       1.676e+11  8.421802e-01  1.222954e-01  1.242628e-01  1.578198e-01
 2.27586e+00  3.93103e+00       2.293e+11  8.992659e-01  2.642968e-02 -4.793474e-02  1.007341e-01
 2.68966e+00  3.93103e+00       2.658e+11  8.987205e-01 -2.853109e-02 -1.005301e-01  1.012795e-01
 3.10345e+00  3.93103e+00       3.232e+11  9.177620e-01 -4.838409e-02 -1.032742e-01  8.223804e-02
 3.51724e+00  3.93103e+00       4.791e+11  9.475494e-01 -5.057650e-02 -1.497785e-01  5.245059e-02
 3.93103e+00  3.93103e+00       6.203e+11  9.379242e-01 -4.576900e-02 -2.244925e-01  6.207585e-02
 4.34483e+00  3.93103e+00       5.995e+11  8.671047e-01 -4.628742e-02 -3.395181e-01  1.328953e-01
 4.75862e+00  3.93103e+00       4.882e+11  7.127973e-01 -4.751608e-02 -5.301329e-01  2.872027e-01
 5.17241e+00  3.93103e+00       4.130e+11  5.224118e-01 -2.301976e-02 -7.227095e-01  4.775882e-01
 5.58621e+00  3.93103e+00       4.463e+11  3.014669e-01  3.043358e-03 -8.385156e-01  6.985331e-01
 6.00000e+00  3.93103e+00       6.746e+11  5.551898e-02 -1.133869e-02 -9.098103e-01  9.444810e-01
-6.00000e+00  4.34483e+00       1.066e+12  1.063593e-01  2.010402e-02  9.229950e-01  8.936407e-01
-5.58621e+00  4.34483e+00       7.609e+11  2.592332e-01  7.839919e-02  8.788310e-01  7.407668e-01
-5.17241e+00  4.34483e+00       5.229e+11  3.793159e-01  9.925623e-02  8.341087e-01  6.206841e-01
-4.75862e+00  4.34483e+00       4.367e+11  5.186697e-01  3.067987e-02  7.043780e-01  4.813303e-01
-4.34483e+00  4.34483e+00       5.101e+11  7.154150e-01 -3.514164e-02  4.616969e-01  2.845850e-01
-3.93103e+00  4.34483e+00       5.906e+11  8.590901e-01 -5.375114e-02  2.367337e-01  1.409099e-01
-3.51724e+00  4.34483e+00       5.609e+11  9.337436e-01 -6.076039e-02  7.205558e-02  6.625639e-02
-3.10345e+00  4.34483e+00       4.631e+11  9.598924e-01 -6.138109e-02 -1.597726e-02  4.010763e-02
-2.68966e+00  4.34483e+00       3.752e+11  9.474671e-01 -2.913957e-02 -8.896925e-03  5.253288e-02
-2.27586e+00  4.34483e+00       3.030e+11  8.933123e-01 -9.081446e-03  5.407186e-02  1.066877e-01
-1.86207e+00  4.34483e+00       2.178e+11  7.891956e-01 -6.846581e-02  1.098747e-01  2.108044e-01
-1.44828e+00  4.34483e+00       1.319e+11  6.112440e-01 -1.088419e-01  1.388350e-01  3.887560e-01
-1.03448e+00  4.34483e+00       8.218e+10  3.457557e-01  1.536681e-01  1.558025e-01  6.542443e-01
-6.20690e-01  4.34483e+00       6.743e+10  1.115784e-01  5.953463e-01  1.790857e-01  8.884216e-01
-2.06897e-01  4.34483e+00       6.775e+10  4.420781e-02  7.606490e-01  2.741488e-01  9.557922e-01
 2.06897e-01  4.34483e+00       7.598e+10  1.774660e-01  6.764381e-01  4.030658e-01  8.225340e-01
 6.20690e-01  4.34483e+00       9.829e+10  4.765961e-01  4.352255e-01  4.074072e-01  5.234039e-01
 1.03448e+00  4.34483e+00       1.475e+11  7.518403e-01  1.493419e-01  2.861953e-01  2.481597e-01
 1.44828e+00  4.34483e+00       2.120e+11  8.569907e-01 -1.647543e-02  1.706211e-01  1.430093e-01
 1.86207e+00  4.34483e+00       2.404e+11  8.473371e-01 -5.384342e-02  1.096961e-01  1.526629e-01
 2.27586e+00  4.34483e+00       2.440e+11  8.284511e-01 -2.931023e-02  1.199987e-01  1.715489e-01
 2.68966e+00  4.34483e+00       3.339e+11  8.974230e-01 -3.118569e-02  1.185827e-01  1.025770e-01
 3.10345e+00  4.34483e+00       5.329e+11  9.581217e-01 -4.237522e-02  4.321851e-02  4.187833e-02
 3.51724e+00  4.34483e+00       6.732e+11  9.646551e-01 -4.314427e-02 -5.026694e-02  3.534488e-02
 3.93103e+00  4.34483e+00       6.353e+11  9.144297e-01 -4.877526e-02 -1.867210e-01  8.557032e-02
 4.34483e+00  4.34483e+00       5.210e+11  7.895732e-01 -5.656822e-02 -4.101480e-01  2.104268e-01
 4.75862e+00  4.34483e+00       4.403e+11  6.420019e-01 -3.738997e-02 -6.280575e-01  3.579981e-01
 5.17241e+00  4.34483e+00       4.218e+11  4.831023e-01  4.072797e-03 -7.556636e-01  5.168977e-01
 5.58621e+00  4.34483e+00       5.851e+11  2.387840e-01  6.923049e-03 -8.669046e-01  7.612160e-01
 6.00000e+00  4.34483e+00       1.005e+12  5.797131e-02 -3.446584e-03 -9.401188e-01  9.420287e-01
-6.00000e+00  4.75862e+00       1.459e+12  1.670078e-01 -9.209800e-03  9.451485e-01  8.329922e-01
-5.58621e+00  4.75862e+00       1.164e+12  2.815717e-01  1.474799e-02  8.971756e-01  7.184283e-01
-5.17241e+00  4.75862e+00       8.022e+11  4.021414e-01  6.495961e-02  8.366343e-01  5.978586e-01
-4.75862e+00  4.75862e+00       5.199e+11  4.964284e-01  9.805002e-02  7.714120e-01  5.035716e-01
-4.34483e+00  4.75862e+00       4.289e+11  6.151428e-01  3.807983e-02  6.281226e-01  3.848572e-01
-3.93103e+00  4.75862e+00       5.038e+11  7.698556e-01 -3.536951e-02  3.620638e-01  2.301444e-01
-3.51724e+00  4.75862e+00       5.956e+11  8.757729e-01 -5.740544e-02  8.848611e-02  1.242271e-01
-3.10345e+00  4.75862e+00       5.894e+11  9.172305e-01 -6.047807e-02 -1.290622e-01  8.276953e-02
-2.68966e+00  4.75862e+00       5.017e+11  9.141492e-01 -7.016124e-02 -2.836696e-01  8.585080e-02
-2.27586e+00  4.75862e+00       4.041e+11  8.950688e-01 -5.849235e-02 -3.586097e-01  1.049312e-01
-1.86207e+00  4.75862e+00       3.278e+11  8.673129e-01  2.261184e-02 -3.605051e-01  1.326871e-01
-1.44828e+00  4.75862e+00       2.923e+11  8.360020e-01  1.259091e-01 -3.285895e-01  1.639980e-01
-1.03448e+00  4.75862e+00       2.869e+11  8.357938e-01  1.101712e-01 -2.587079e-01  1.642062e-01
-6.20690e-01  4.75862e+00       2.673e+11  8.482644e-01 -3.126867e-02 -1.321902e-01  1.517356e-01
-2.06897e-01  4.75862e+00       2.348e+11  8.347055e-01 -1.877449e-01 -1.001686e-02  1.652945e-01
 2.06897e-01  4.75862e+00       2.115e+11  7.779101e-01 -2.251414e-01 -1.426396e-02  2.220899e-01
 6.20690e-01  4.75862e+00       1.920e+11  6.495578e-01 -9.365566e-02 -1.065097e-01  3.504422e-01
 1.03448e+00  4.75862e+00       1.707e+11  4.776864e-01  1.215337e-01 -7.015985e-02  5.223136e-01
 1.44828e+00  4.75862e+00       1.679e+11  4.434110e-01  1.878171e-01  2.088460e-01  5.565890e-01
 1.86207e+00  4.75862e+00       2.384e+11  6.454645e-01  4.765262e-02  4.327683e-01  3.545355e-01
 2.27586e+00  4.75862e+00       4.172e+11  8.296796e-01 -2.981594e-02  3.992384e-01  1.703204e-01
 2.68966e+00  4.75862e+00       6.159e+11  9.160573e-01 -4.136686e-02  2.927070e-01  8.394269e-02
 3.10345e+00  4.75862e+00       6.827e+11  9.449844e-01 -4.510413e-02  1.693933e-01  5.501560e-02
 3.51724e+00  4.75862e+00       6.013e+11  9.193273e-01 -5.856389e-02 -1.352460e-02  8.067269e-02
 3.93103e+00  4.75862e+00       4.952e+11  8.294899e-01 -6.855911e-02 -2.897609e-01  1.705101e-01
 4.34483e+00  4.75862e+00       4.434e+11  7.250257e-01 -3.799449e-02 -5.344118e-01  2.749743e-01
 4.75862e+00  4.75862e+00       4.588e+11  6.203947e-01  7.192933e-03 -6.691781e-01  3.796053e-01
 5.17241e+00  4.75862e+00       6.323e+11  4.347474e-01 -2.658151e-04 -7.991294e-01  5.652526e-01
 5.58621e+00  4.75862e+00       1.055e+12  2.563933e-01 -1.870586e-02 -9.055554e-01  7.436067e-01
 6.00000e+00  4.75862e+00       1.506e+12  1.463557e-01 -1.411427e-02 -9.557163e-01  8.536443e-01
-6.00000e+00  5.17241e+00       1.721e+12  2.458310e-01 -1.219550e-02  9.433213e-01  7.541690e-01
-5.58621e+00  5.17241e+00       1.574e+12  3.430355e-01 -6.752737e-03  8.956161e-01  6.569645e-01
-5.17241e+00  5.17241e+00       1.253e+12  4.571229e-01  2.017236e-02  8.236578e-01  5.428771e-01
-4.75862e+00  5.17241e+00       8.713e+11  5.659775e-01  7.214932e-02  7.422559e-01  4.340225e-01
-4.34483e+00  5.17241e+00       5.464e+11  6.336393e-01  1.119263e-01  6.739998e-01  3.663607e-01
-3.93103e+00  5.17241e+00       4.037e+11  6.973553e-01  6.139457e-02  5.651357e-01  3.026447e-01
-3.51724e+00  5.17241e+00       4.367e+11  7.902370e-01 -2.697024e-02  3.134321e-01  2.097630e-01
-3.10345e+00  5.17241e+00       5.232e+11  8.423902e-01 -6.618759e-02 -2.214811e-02  1.576098e-01
-2.68966e+00  5.17241e+00       5.607e+11  8.284434e-01 -6.624892e-02 -3.191269e-01  1.715566e-01
-2.27586e+00  5.17241e+00       5.113e+11  7.460354e-01 -6.290549e-02 -5.443819e-01  2.539646e-01
-1.86207e+00  5.17241e+00       4.278e+11  6.087808e-01 -9.057489e-02 -7.148900e-01  3.912192e-01
-1.44828e+00  5.17241e+00       3.392e+11  4.467880e-01 -1.056802e-01 -8.161926e-01  5.532120e-01
-1.03448e+00  5.17241e+00       2.574e+11  2.242596e-01 -2.392929e-02 -8.659458e-01  7.757404e-01
-6.20690e-01  5.17241e+00       2.199e+11 -4.816112e-02  1.229806e-01 -8.562168e-01  9.518389e-01
-2.06897e-01  5.17241e+00       2.084e+11 -2.817852e-01  2.071311e-01 -7.305598e-01  7.182148e-01
 2.06897e-01  5.17241e+00       1.934e+11 -4.416348e-01  2.327721e-01 -4.034150e-01  5.583652e-01
 6.20690e-01  5.17241e+00       1.947e+11 -3.383341e-01  1.799027e-01  1.776414e-01  6.616659e-01
 1.03448e+00  5.17241e+00       2.588e+11  6.643749e-02  3.815472e-02  6.732475e-01  9.335625e-01
 1.44828e+00  5.17241e+00       3.927e+11  3.997464e-01 -4.653265e-02  7.891473e-01  6.002536e-01
 1.86207e+00  5.17241e+00       5.300e+11  6.114183e-01 -5.589856e-02  7.081675e-01  3.885817e-01
 2.27586e+00  5.17241e+00       5.971e+11  7.600716e-01 -5.083176e-02  5.684308e-01  2.399284e-01
 2.68966e+00  5.17241e+00       5.647e+11  8.442406e-01 -6.347321e-02  3.948761e-01  1.557594e-01
 3.10345e+00  5.17241e+00       4.785e+11  8.641652e-01 -8.895148e-02  1.267380e-01  1.358348e-01
 3.51724e+00  5.17241e+00       4.228e+11  8.339483e-01 -8.773652e-02 -2.102851e-01  1.660517e-01
 3.93103e+00  5.17241e+00       4.181e+11  7.951158e-01 -3.050249e-02 -4.293690e-01  2.048842e-01
 4.34483e+00  5.17241e+00       4.553e+11  7.397464e-01  1.823455e-02 -5.375265e-01  2.602536e-01
 4.75862e+00  5.17241e+00       6.276e+11  5.929431e-01  1.734887e-03 -6.890687e-01  4.070569e-01
 5.17241e+00  5.17241e+00       1.065e+12  4.286632e-01 -1.965658e-02 -8.359619e-01  5.713368e-01
 5.58621e+00  5.17241e+00       1.599e+12  3.197698e-01 -1.440595e-02 -9.123716e-01  6.802302e-01
 6.00000e+00  5.17241e+00       1.842e+12  2.385824e-01 -5.433240e-04 -9.500316e-01  7.614176e-01
-6.00000e+00  5.58621e+00       1.841e+12  3.374590e-01 -8.220327e-03  9.256012e-01  6.625410e-01
-5.58621e+00  5.58621e+00       1.845e+12  4.141429e-01 -1.154573e-02  8.829430e-01  5.858571e-01
-5.17241e+00  5.58621e+00       1.666e+12  5.110293e-01 -5.797800e-03  8.120629e-01  4.889707e-01
-4.75862e+00  5.58621e+00       1.358e+12  6.178688e-01  1.976364e-02  7.126567e-01  3.821312e-01
-4.34483e+00  5.58621e+00       9.838e+11  7.153417e-01  7.048516e-02  6.031979e-01  2.846583e-01
-3.93103e+00  5.58621e+00       6.139e+11  7.668859e-01  1.248649e-01  5.218527e-01  2.331141e-01
-3.51724e+00  5.58621e+00       3.831e+11  7.839390e-01  1.124970e-01  4.599697e-01  2.160610e-01
-3.10345e+00  5.58621e+00       3.400e+11  8.255225e-01  1.600209e-02  3.202863e-01  1.744775e-01
-2.68966e+00  5.58621e+00       3.725e+11  8.207615e-01 -6.194928e-02  4.922496e-02  1.792385e-01
-2.27586e+00  5.58621e+00       4.066e+11  6.977957e-01 -1.068058e-01 -3.344793e-01  3.022043e-01
-1.86207e+00  5.58621e+00       4.314e+11  4.829680e-01 -1.053831e-01 -6.676648e-01  5.170320e-01
-1.44828e+00  5.58621e+00       4.074e+11  2.246736e-01 -6.408680e-02 -8.272872e-01  7.753264e-01
-1.03448e+00  5.58621e+00       3.277e+11 -1.093852e-01 -2.212831e-02 -8.192534e-01  8.906148e-01
-6.20690e-01  5.58621e+00       2.527e+11 -4.977091e-01 -2.005450e-02 -6.060864e-01  5.022909e-01
-2.06897e-01  5.58621e+00       2.234e+11 -7.316006e-01 -4.121015e-02 -1.492309e-01  2.683994e-01
 2.06897e-01  5.58621e+00       2.438e+11 -6.346274e-01 -4.495930e-02  3.907673e-01  3.653726e-01
 6.20690e-01  5.58621e+00       3.018e+11 -3.185617e-01 -3.782650e-02  7.545428e-01  6.814383e-01
 1.03448e+00  5.58621e+00       3.685e+11  1.411756e-02 -4.059442e-02  8.917059e-01  9.858824e-01
 1.44828e+00  5.58621e+00       4.085e+11  2.774024e-01 -6.385427e-02  8.827303e-01  7.225976e-01
 1.86207e+00  5.58621e+00       3.940e+11  4.715617e-01 -1.027030e-01  7.660630e-01  5.284383e-01
 2.27586e+00  5.58621e+00       3.439e+11  6.417979e-01 -1.468458e-01  4.913513e-01  3.582021e-01
 2.68966e+00  5.58621e+00       3.214e+11  7.780631e-01 -1.549710e-01  9.947927e-02  2.219369e-01
 3.10345e+00  5.58621e+00       3.446e+11  8.386255e-01 -8.145960e-02 -1.747450e-01  1.613745e-01
 3.51724e+00  5.58621e+00       3.883e+11  8.586545e-01  1.030760e-02 -2.778541e-01  1.413455e-01
 3.93103e+00  5.58621e+00       4.471e+11  8.332373e-01  3.427082e-02 -3.584234e-01  1.667627e-01
 4.34483e+00  5.58621e+00       6.403e+11  7.184773e-01 -3.525579e-03 -5.515552e-01  2.815227e-01
 4.75862e+00  5.58621e+00       1.107e+12  5.851265e-01 -2.220502e-02 -7.358855e-01  4.148735e-01
 5.17241e+00  5.58621e+00       1.689e+12  4.887189e-01 -1.278209e-02 -8.357166e-01  5.112811e-01
 5.58621e+00  5.58621e+00       2.009e+12  4.113267e-01  2.210943e-03 -8.908676e-01  5.886733e-01
 6.00000e+00  5.58621e+00       1.916e+12  3.387238e-01  9.194448e-03 -9.260930e-01  6.612762e-01
-6.00000e+00  6.00000e+00       1.812e+12  4.545467e-01 -3.872061e-03  8.799211e-01  5.454533e-01
-5.58621e+00  6.00000e+00       1.990e+12  5.020914e-01 -7.546137e-03  8.508901e-01  4.979086e-01
-5.17241e+00  6.00000e+00       1.910e+12  5.723043e-01 -1.075185e-02  7.930458e-01  4.276957e-01
-4.75862e+00  6.00000e+00       1.715e+12  6.614007e-01 -6.268947e-03  6.974322e-01  3.385993e-01
-4.34483e+00  6.00000e+00       1.452e+12  7.526938e-01  1.387358e-02  5.682350e-01  2.473062e-01
-3.93103e+00  6.00000e+00       1.132e+12  8.342635e-01  5.693620e-02  4.199789e-01  1.657365e-01
-3.51724e+00  6.00000e+00       7.673e+11  8.792044e-01  1.193656e-01  2.981366e-01  1.207956e-01
-3.10345e+00  6.00000e+00       4.390e+11  8.674366e-01  1.688651e-01  2.390521e-01  1.325634e-01
-2.68966e+00  6.00000e+00       2.750e+11  8.453344e-01  1.259259e-01  1.919496e-01  1.546656e-01
-2.27586e+00  6.00000e+00       2.596e+11  8.818645e-01  3.097631e-02  7.949895e-02  1.181355e-01
-1.86207e+00  6.00000e+00       2.629e+11  8.618602e-01 -5.642676e-02 -5.464943e-02  1.381398e-01
-1.44828e+00  6.00000e+00       2.367e+11  7.159689e-01 -1.913006e-01 -2.722889e-01  2.840311e-01
-1.03448e+00  6.00000e+00       2.048e+11  4.771651e-01 -2.813714e-01 -5.119054e-01  5.228349e-01
-6.20690e-01  6.00000e+00       1.624e+11  1.738838e-01 -2.470361e-01 -6.055645e-01  8.261162e-01
-2.06897e-01  6.00000e+00       1.197e+11 -2.032604e-01 -1.619092e-01 -4.712404e-01  7.967396e-01
 2.06897e-01  6.00000e+00       1.001e+11 -4.199299e-01 -1.864278e-01 -1.335258e-01  5.800701e-01
 6.20690e-01  6.00000e+00       1.095e+11 -2.377930e-01 -3.612350e-01  1.841321e-01  7.622070e-01
 1.03448e+00  6.00000e+00       1.411e+11  1.175286e-01 -4.586470e-01  3.293750e-01  8.824714e-01
 1.44828e+00  6.00000e+00       1.754e+11  4.221429e-01 -3.977309e-01  2.867342e-01  5.778571e-01
 1.86207e+00  6.00000e+00       2.030e+11  6.329965e-01 -2.538761e-01  1.216320e-01  3.670035e-01
 2.27586e+00  6.00000e+00       2.501e+11  7.724412e-01 -8.089213e-02  2.945060e-03  2.275588e-01
 2.68966e+00  6.00000e+00       3.189e+11  8.561319e-01  4.014922e-02 -7.026203e-03  1.438681e-01
 3.10345e+00  6.00000e+00       3.676e+11  8.886990e-01  7.036468e-02 -9.746465e-03  1.113010e-01
 3.51724e+00  6.00000e+00       4.394e+11  8.764836e-01  2.716683e-02 -1.376902e-01  1.235164e-01
 3.93103e+00  6.00000e+00       6.892e+11  8.077593e-01 -1.976116e-02 -4.038103e-01  1.922407e-01
 4.34483e+00  6.00000e+00       1.202e+12  7.212768e-01 -2.302797e-02 -6.096928e-01  2.787232e-01
 4.75862e+00  6.00000e+00       1.793e+12  6.468513e-01 -6.869059e-03 -7.250742e-01  3.531487e-01
 5.17241e+00  6.00000e+00       2.137e+12  5.788870e-01  7.950875e-03 -7.960655e-01  4.211130e-01
 5.58621e+00  6.00000e+00       2.080e+12  5.111774e-01  1.149153e-02 -8.462582e-01  4.888226e-01
 6.00000e+00  6.00000e+00       1.790e+12  4.448212e-01  7.021199e-03 -8.824856e-01  5.551788e-01
