 EB(GeV)    EMITTANCEx EMITTANCEy SIZEx(m)   SIZEy(m)   DIVx(rad)  DIVy(rad)
 1.500e+00  5.941e-09  5.941e-11  1.840e-04  1.299e-05  3.228e-05  4.574e-06
 betax      alphax     betay      alphay     eta        deta       E_spread  
 5.700e+00  0.000e+00  2.840e+00  0.000e+00  0.000e+00  0.000e+00  1.000e-03
 Ibeam(A) 
  2.000e-01


           x            y       F.Density            PL            PC          PL45        1-|PL|
          mm           mm  ph/s/mm^2/0.1%             -             -             -             -
-6.00000e+00 -6.00000e+00       1.913e+12  4.108140e-01  2.180626e-03 -8.922555e-01  5.891860e-01
-5.58621e+00 -6.00000e+00       1.933e+12  4.615381e-01  2.463851e-04 -8.592636e-01  5.384619e-01
-5.17241e+00 -6.00000e+00       1.664e+12  5.400103e-01 -3.452092e-03 -7.924733e-01  4.599897e-01
-4.75862e+00 -6.00000e+00       1.370e+12  6.457898e-01 -8.973426e-03 -6.823582e-01  3.542102e-01
-4.34483e+00 -6.00000e+00       1.121e+12  7.511030e-01 -2.591661e-02 -5.527419e-01  2.488970e-01
-3.93103e+00 -6.00000e+00       8.184e+11  8.181678e-01 -6.727379e-02 -4.465790e-01  1.818322e-01
-3.51724e+00 -6.00000e+00       4.919e+11  8.306625e-01 -1.189317e-01 -3.748409e-01  1.693375e-01
-3.10345e+00 -6.00000e+00       3.109e+11  8.247025e-01 -1.105640e-01 -2.811308e-01  1.752975e-01
-2.68966e+00 -6.00000e+00       2.815e+11  8.463438e-01 -3.154044e-02 -1.279825e-01  1.536562e-01
-2.27586e+00 -6.00000e+00       2.786e+11  8.033284e-01  4.538173e-02  6.694857e-02  1.966716e-01
-1.86207e+00 -6.00000e+00       2.628e+11  5.914384e-01  1.119577e-01  3.531073e-01  4.085616e-01
-1.44828e+00 -6.00000e+00       2.657e+11  1.541169e-01  1.666091e-01  6.324692e-01  8.458831e-01
-1.03448e+00 -6.00000e+00       2.975e+11 -2.964586e-01  2.157628e-01  7.115917e-01  7.035414e-01
-6.20690e-01 -6.00000e+00       3.221e+11 -5.893850e-01  2.283631e-01  5.550693e-01  4.106150e-01
-2.06897e-01 -6.00000e+00       3.215e+11 -7.444197e-01  2.107103e-01  1.939523e-01  2.555803e-01
 2.06897e-01 -6.00000e+00       3.245e+11 -7.066950e-01  1.944957e-01 -2.817017e-01  2.933050e-01
 6.20690e-01 -6.00000e+00       3.384e+11 -4.855007e-01  1.811273e-01 -6.528226e-01  5.144993e-01
 1.03448e+00 -6.00000e+00       3.258e+11 -2.000222e-01  1.539046e-01 -8.140835e-01  7.999778e-01
 1.44828e+00 -6.00000e+00       2.812e+11  1.343052e-01  1.326728e-01 -7.614360e-01  8.656948e-01
 1.86207e+00 -6.00000e+00       2.601e+11  5.011347e-01  1.468897e-01 -5.073112e-01  4.988653e-01
 2.27586e+00 -6.00000e+00       2.730e+11  7.223248e-01  1.362173e-01 -2.288252e-01  2.776752e-01
 2.68966e+00 -6.00000e+00       2.960e+11  8.101876e-01  5.914551e-02 -1.431935e-02  1.898124e-01
 3.10345e+00 -6.00000e+00       3.387e+11  8.587400e-01 -1.740938e-02  1.173418e-01  1.412600e-01
 3.51724e+00 -6.00000e+00       3.911e+11  8.711487e-01 -2.170732e-02  2.032250e-01  1.288513e-01
 3.93103e+00 -6.00000e+00       5.055e+11  8.200150e-01  1.689446e-02  3.631848e-01  1.799850e-01
 4.34483e+00 -6.00000e+00       8.289e+11  7.210770e-01  2.669150e-02  5.705692e-01  2.789230e-01
 4.75862e+00 -6.00000e+00       1.355e+12  6.280346e-01  1.291090e-02  7.110517e-01  3.719654e-01
 5.17241e+00 -6.00000e+00       1.798e+12  5.449328e-01  4.414845e-04  7.981180e-01  4.550672e-01
 5.58621e+00 -6.00000e+00       1.943e+12  4.606611e-01 -5.390976e-03  8.605647e-01  5.393389e-01
 6.00000e+00 -6.00000e+00       1.848e+12  3.837866e-01 -5.959818e-03  9.029802e-01  6.162134e-01
-6.00000e+00 -5.58621e+00       1.801e+12  2.905886e-01  9.852403e-04 -9.342706e-01  7.094114e-01
-5.58621e+00 -5.58621e+00       1.598e+12  3.757332e-01 -1.405118e-03 -8.858096e-01  6.242668e-01
-5.17241e+00 -5.58621e+00       1.315e+12  4.918515e-01 -8.226222e-03 -8.047032e-01  5.081485e-01
-4.75862e+00 -5.58621e+00       1.027e+12  6.078862e-01 -3.341175e-02 -7.106672e-01  3.921138e-01
-4.34483e+00 -5.58621e+00       6.991e+11  6.823041e-01 -8.031126e-02 -6.321298e-01  3.176959e-01
-3.93103e+00 -5.58621e+00       4.341e+11  7.194644e-01 -1.052081e-01 -5.520333e-01  2.805356e-01
-3.51724e+00 -5.58621e+00       3.475e+11  7.743964e-01 -4.508037e-02 -3.926191e-01  2.256036e-01
-3.10345e+00 -5.58621e+00       3.751e+11  8.113851e-01  3.481348e-02 -1.062777e-01  1.886149e-01
-2.68966e+00 -5.58621e+00       4.343e+11  7.777597e-01  8.152094e-02  2.623686e-01  2.222403e-01
-2.27586e+00 -5.58621e+00       4.672e+11  6.885751e-01  8.526081e-02  5.529403e-01  3.114249e-01
-1.86207e+00 -5.58621e+00       4.167e+11  5.348206e-01  7.215139e-02  7.310775e-01  4.651794e-01
-1.44828e+00 -5.58621e+00       3.393e+11  2.404508e-01  1.030978e-01  8.386866e-01  7.595492e-01
-1.03448e+00 -5.58621e+00       3.168e+11 -1.575051e-01  1.845836e-01  8.161693e-01  8.424949e-01
-6.20690e-01 -5.58621e+00       3.244e+11 -4.894107e-01  2.352571e-01  6.120949e-01  5.105893e-01
-2.06897e-01 -5.58621e+00       3.252e+11 -6.955450e-01  2.431853e-01  2.227122e-01  3.044550e-01
 2.06897e-01 -5.58621e+00       3.312e+11 -7.013568e-01  2.270672e-01 -2.612274e-01  2.986432e-01
 6.20690e-01 -5.58621e+00       3.445e+11 -5.004635e-01  1.943679e-01 -6.357179e-01  4.995365e-01
 1.03448e+00 -5.58621e+00       3.566e+11 -1.546076e-01  1.381568e-01 -8.226893e-01  8.453924e-01
 1.44828e+00 -5.58621e+00       3.904e+11  2.473903e-01  7.703342e-02 -8.394981e-01  7.526097e-01
 1.86207e+00 -5.58621e+00       4.468e+11  5.443094e-01  5.505478e-02 -7.430543e-01  4.556906e-01
 2.27586e+00 -5.58621e+00       4.721e+11  7.118599e-01  6.093980e-02 -5.801793e-01  2.881401e-01
 2.68966e+00 -5.58621e+00       4.420e+11  8.069031e-01  7.216961e-02 -3.286747e-01  1.930969e-01
 3.10345e+00 -5.58621e+00       3.998e+11  8.460242e-01  7.486662e-02 -8.398576e-03  1.539758e-01
 3.51724e+00 -5.58621e+00       3.849e+11  8.374820e-01  3.841423e-02  2.519845e-01  1.625180e-01
 3.93103e+00 -5.58621e+00       4.066e+11  8.085141e-01 -6.175634e-03  4.004480e-01  1.914859e-01
 4.34483e+00 -5.58621e+00       4.952e+11  7.299957e-01 -2.148440e-04  5.354338e-01  2.700043e-01
 4.75862e+00 -5.58621e+00       7.715e+11  5.897965e-01  1.921019e-02  7.072279e-01  4.102035e-01
 5.17241e+00 -5.58621e+00       1.265e+12  4.671631e-01  1.519841e-02  8.278040e-01  5.328369e-01
 5.58621e+00 -5.58621e+00       1.700e+12  3.723744e-01  4.489313e-03  8.949328e-01  6.276256e-01
 6.00000e+00 -5.58621e+00       1.823e+12  2.853039e-01 -2.631785e-03  9.368820e-01  7.146961e-01
-6.00000e+00 -5.17241e+00       1.510e+12  1.993265e-01  4.996612e-04 -9.434272e-01  8.006735e-01
-5.58621e+00 -5.17241e+00       1.241e+12  3.162478e-01 -6.915159e-03 -8.896381e-01  6.837522e-01
-5.17241e+00 -5.17241e+00       9.414e+11  4.410899e-01 -3.540537e-02 -8.225438e-01  5.589101e-01
-4.75862e+00 -5.17241e+00       6.330e+11  5.304206e-01 -8.068381e-02 -7.588683e-01  4.695794e-01
-4.34483e+00 -5.17241e+00       4.276e+11  6.065102e-01 -8.316946e-02 -6.596047e-01  3.934898e-01
-3.93103e+00 -5.17241e+00       4.063e+11  7.297132e-01 -7.518431e-03 -4.318519e-01  2.702868e-01
-3.51724e+00 -5.17241e+00       4.881e+11  8.387520e-01  5.108210e-02 -1.225048e-01  1.612480e-01
-3.10345e+00 -5.17241e+00       5.475e+11  8.836756e-01  6.925189e-02  1.463982e-01  1.163244e-01
-2.68966e+00 -5.17241e+00       5.123e+11  8.626219e-01  8.044351e-02  3.527217e-01  1.373781e-01
-2.27586e+00 -5.17241e+00       4.250e+11  7.920340e-01  1.088819e-01  5.216526e-01  2.079660e-01
-1.86207e+00 -5.17241e+00       3.417e+11  7.095707e-01  1.250809e-01  6.319976e-01  2.904293e-01
-1.44828e+00 -5.17241e+00       2.707e+11  6.387750e-01  1.030574e-01  6.503037e-01  3.612250e-01
-1.03448e+00 -5.17241e+00       2.032e+11  5.550883e-01  2.527535e-03  5.413000e-01  4.449117e-01
-6.20690e-01 -5.17241e+00       1.564e+11  4.147769e-01 -2.837595e-01  3.085258e-01  5.852231e-01
-2.06897e-01 -5.17241e+00       1.448e+11  2.960755e-01 -5.751136e-01  9.989768e-02  7.039245e-01
 2.06897e-01 -5.17241e+00       1.433e+11  2.758024e-01 -5.924153e-01 -6.248396e-02  7.241976e-01
 6.20690e-01 -5.17241e+00       1.406e+11  2.805888e-01 -3.417120e-01 -2.873400e-01  7.194112e-01
 1.03448e+00 -5.17241e+00       1.606e+11  2.855446e-01 -2.754274e-02 -5.457545e-01  7.144554e-01
 1.44828e+00 -5.17241e+00       2.379e+11  4.445059e-01  7.180036e-02 -6.570805e-01  5.554941e-01
 1.86207e+00 -5.17241e+00       3.815e+11  6.645543e-01  6.193062e-02 -6.119628e-01  3.354457e-01
 2.27586e+00 -5.17241e+00       5.280e+11  8.044887e-01  5.146087e-02 -5.116244e-01  1.955113e-01
 2.68966e+00 -5.17241e+00       5.963e+11  8.816792e-01  4.516267e-02 -3.768332e-01  1.183208e-01
 3.10345e+00 -5.17241e+00       5.761e+11  9.115422e-01  4.648946e-02 -1.911068e-01  8.845780e-02
 3.51724e+00 -5.17241e+00       5.077e+11  8.846129e-01  5.339360e-02  6.582591e-02  1.153871e-01
 3.93103e+00 -5.17241e+00       4.450e+11  8.106562e-01  4.490096e-02  3.423525e-01  1.893438e-01
 4.34483e+00 -5.17241e+00       4.246e+11  7.252921e-01  9.732822e-03  5.374431e-01  2.747079e-01
 4.75862e+00 -5.17241e+00       4.904e+11  6.059256e-01 -2.371846e-03  6.753202e-01  3.940744e-01
 5.17241e+00 -5.17241e+00       7.488e+11  4.318603e-01  1.352363e-02  8.148562e-01  5.681397e-01
 5.58621e+00 -5.17241e+00       1.211e+12  2.921952e-01  1.481334e-02  9.058261e-01  7.078048e-01
 6.00000e+00 -5.17241e+00       1.591e+12  1.932139e-01  6.320134e-03  9.508205e-01  8.067861e-01
-6.00000e+00 -4.75862e+00       1.168e+12  1.305669e-01 -3.898373e-03 -9.364868e-01  8.694331e-01
-5.58621e+00 -4.75862e+00       8.777e+11  2.606660e-01 -3.102471e-02 -8.924398e-01  7.393340e-01
-5.17241e+00 -4.75862e+00       5.966e+11  3.711662e-01 -7.551132e-02 -8.407830e-01  6.288338e-01
-4.75862e+00 -4.75862e+00       4.291e+11  4.905621e-01 -7.130359e-02 -7.345880e-01  5.094379e-01
-4.34483e+00 -4.75862e+00       4.406e+11  6.772606e-01  4.015329e-03 -5.027862e-01  3.227394e-01
-3.93103e+00 -4.75862e+00       5.332e+11  8.343320e-01  5.156651e-02 -2.447048e-01  1.656680e-01
-3.51724e+00 -4.75862e+00       5.597e+11  9.169584e-01  6.919404e-02 -4.012661e-02  8.304163e-02
-3.10345e+00 -4.75862e+00       4.897e+11  9.441452e-01  8.617771e-02  1.105962e-01  5.585481e-02
-2.68966e+00 -4.75862e+00       3.994e+11  9.401926e-01  8.031026e-02  1.898157e-01  5.980735e-02
-2.27586e+00 -4.75862e+00       3.369e+11  9.179973e-01  7.638650e-03  1.809015e-01  8.200266e-02
-1.86207e+00 -4.75862e+00       2.922e+11  8.736116e-01 -5.307410e-02  1.158219e-01  1.263884e-01
-1.44828e+00 -4.75862e+00       2.265e+11  7.758265e-01  2.450963e-03  3.194480e-02  2.241735e-01
-1.03448e+00 -4.75862e+00       1.483e+11  5.920519e-01  1.613782e-01 -5.560357e-02  4.079481e-01
-6.20690e-01 -4.75862e+00       9.892e+10  4.465570e-01  3.089053e-01 -1.779371e-01  5.534430e-01
-2.06897e-01 -4.75862e+00       8.619e+10  5.217232e-01  3.113483e-01 -3.546907e-01  4.782768e-01
 2.06897e-01 -4.75862e+00       1.021e+11  6.491435e-01  2.299623e-01 -4.583684e-01  3.508565e-01
 6.20690e-01 -4.75862e+00       1.403e+11  7.104584e-01  1.620417e-01 -4.288699e-01  2.895416e-01
 1.03448e+00 -4.75862e+00       1.774e+11  7.241068e-01  1.074763e-01 -3.157848e-01  2.758932e-01
 1.44828e+00 -4.75862e+00       1.882e+11  6.863743e-01  2.811860e-02 -2.026250e-01  3.136257e-01
 1.86207e+00 -4.75862e+00       1.991e+11  6.777281e-01 -3.904775e-02 -2.023009e-01  3.222719e-01
 2.27586e+00 -4.75862e+00       2.765e+11  8.019488e-01  1.749412e-03 -2.519613e-01  1.980512e-01
 2.68966e+00 -4.75862e+00       4.412e+11  9.163366e-01  4.265752e-02 -2.066963e-01  8.366336e-02
 3.10345e+00 -4.75862e+00       5.982e+11  9.602631e-01  4.413576e-02 -1.155327e-01  3.973691e-02
 3.51724e+00 -4.75862e+00       6.333e+11  9.532638e-01  4.013521e-02  8.252079e-03  4.673623e-02
 3.93103e+00 -4.75862e+00       5.626e+11  8.872105e-01  4.251574e-02  2.006894e-01  1.127895e-01
 4.34483e+00 -4.75862e+00       4.741e+11  7.641172e-01  3.932503e-02  4.455421e-01  2.358828e-01
 4.75862e+00 -4.75862e+00       4.281e+11  6.253779e-01  1.294381e-02  6.454215e-01  3.746221e-01
 5.17241e+00 -4.75862e+00       4.861e+11  4.548385e-01 -1.562555e-03  7.812312e-01  5.451615e-01
 5.58621e+00 -4.75862e+00       7.476e+11  2.531379e-01  1.172223e-02  8.881755e-01  7.468621e-01
 6.00000e+00 -4.75862e+00       1.168e+12  1.098854e-01  1.392585e-02  9.467973e-01  8.901146e-01
-6.00000e+00 -4.34483e+00       8.306e+11  7.453876e-02 -2.269880e-02 -9.228250e-01  9.254612e-01
-5.58621e+00 -4.34483e+00       5.737e+11  2.050176e-01 -6.681525e-02 -8.879541e-01  7.949824e-01
-5.17241e+00 -4.34483e+00       4.197e+11  3.568255e-01 -7.059656e-02 -7.983546e-01  6.431745e-01
-4.75862e+00 -4.34483e+00       4.323e+11  5.884602e-01  8.764158e-04 -5.958983e-01  4.115398e-01
-4.34483e+00 -4.34483e+00       5.182e+11  7.831333e-01  4.932542e-02 -3.798151e-01  2.168667e-01
-3.93103e+00 -4.34483e+00       5.290e+11  8.946549e-01  6.914694e-02 -2.147934e-01  1.053451e-01
-3.51724e+00 -4.34483e+00       4.524e+11  9.448154e-01  7.937082e-02 -1.107104e-01  5.518465e-02
-3.10345e+00 -4.34483e+00       3.686e+11  9.445788e-01  5.681891e-02 -9.258680e-02  5.542119e-02
-2.68966e+00 -4.34483e+00       2.958e+11  9.001969e-01  1.979784e-02 -1.314399e-01  9.980308e-02
-2.27586e+00 -4.34483e+00       2.087e+11  8.124192e-01  1.346292e-02 -1.423831e-01  1.875808e-01
-1.86207e+00 -4.34483e+00       1.259e+11  6.543416e-01 -6.554846e-02 -4.923743e-02  3.456584e-01
-1.44828e+00 -4.34483e+00       7.765e+10  4.471353e-01 -3.420583e-01  1.563306e-01  5.528647e-01
-1.03448e+00 -4.34483e+00       5.760e+10  3.159200e-01 -5.911178e-01  3.080490e-01  6.840800e-01
-6.20690e-01 -4.34483e+00       5.188e+10  2.301185e-01 -6.607742e-01  3.266044e-01  7.698815e-01
-2.06897e-01 -4.34483e+00       5.219e+10  1.287758e-01 -6.572922e-01  2.378341e-01  8.712242e-01
 2.06897e-01 -4.34483e+00       5.685e+10  1.766986e-01 -6.177411e-01  2.478052e-02  8.233014e-01
 6.20690e-01 -4.34483e+00       7.372e+10  4.560231e-01 -5.206488e-01 -2.053747e-01  5.439769e-01
 1.03448e+00 -4.34483e+00       1.095e+11  7.125343e-01 -3.955025e-01 -2.858782e-01  2.874657e-01
 1.44828e+00 -4.34483e+00       1.578e+11  8.398061e-01 -2.559346e-01 -2.143682e-01  1.601939e-01
 1.86207e+00 -4.34483e+00       2.022e+11  8.850690e-01 -1.112797e-01 -8.469273e-02  1.149310e-01
 2.27586e+00 -4.34483e+00       2.264e+11  8.761432e-01 -1.694771e-02 -9.942381e-04  1.238568e-01
 2.68966e+00 -4.34483e+00       2.576e+11  8.774108e-01  2.264573e-02  8.984419e-03  1.225892e-01
 3.10345e+00 -4.34483e+00       3.700e+11  9.303470e-01  4.485785e-02  3.394978e-02  6.965296e-02
 3.51724e+00 -4.34483e+00       5.365e+11  9.591891e-01  4.705700e-02  1.016605e-01  4.081089e-02
 3.93103e+00 -4.34483e+00       6.124e+11  9.367391e-01  4.075890e-02  1.947691e-01  6.326089e-02
 4.34483e+00 -4.34483e+00       5.562e+11  8.467757e-01  3.897200e-02  3.462494e-01  1.532243e-01
 4.75862e+00 -4.34483e+00       4.605e+11  6.871473e-01  3.394937e-02  5.557434e-01  3.128527e-01
 5.17241e+00 -4.34483e+00       4.094e+11  5.007037e-01  9.860462e-03  7.373685e-01  4.992963e-01
 5.58621e+00 -4.34483e+00       4.824e+11  2.760621e-01 -3.353537e-04  8.539187e-01  7.239379e-01
 6.00000e+00 -4.34483e+00       7.570e+11  6.129988e-02  1.229708e-02  9.236529e-01  9.387001e-01
-6.00000e+00 -3.93103e+00       5.545e+11  3.405366e-02 -6.064244e-02 -9.003219e-01  9.659463e-01
-5.58621e+00 -3.93103e+00       4.013e+11  2.029665e-01 -8.108964e-02 -8.447487e-01  7.970335e-01
-5.17241e+00 -3.93103e+00       3.933e+11  4.618607e-01 -1.568620e-02 -6.851388e-01  5.381393e-01
-4.75862e+00 -3.93103e+00       4.698e+11  6.966345e-01  4.289232e-02 -4.982490e-01  3.033655e-01
-4.34483e+00 -3.93103e+00       4.852e+11  8.367323e-01  6.659746e-02 -3.564772e-01  1.632677e-01
-3.93103e+00 -3.93103e+00       4.144e+11  9.016501e-01  7.597643e-02 -2.756133e-01  9.834988e-02
-3.51724e+00 -3.93103e+00       3.296e+11  8.970214e-01  6.105115e-02 -2.727503e-01  1.029786e-01
-3.10345e+00 -3.93103e+00       2.474e+11  8.448132e-01  3.614781e-02 -2.878775e-01  1.551868e-01
-2.68966e+00 -3.93103e+00       1.634e+11  7.829319e-01 -6.613858e-03 -1.967511e-01  2.170681e-01
-2.27586e+00 -3.93103e+00       1.106e+11  7.398359e-01 -1.320747e-01  9.595596e-02  2.601641e-01
-1.86207e+00 -3.93103e+00       1.054e+11  6.824856e-01 -2.051211e-01  4.371337e-01  3.175144e-01
-1.44828e+00 -3.93103e+00       1.356e+11  5.262426e-01 -1.705587e-01  6.453503e-01  4.737574e-01
-1.03448e+00 -3.93103e+00       1.898e+11  2.649028e-01 -1.874550e-01  7.200576e-01  7.350972e-01
-6.20690e-01 -3.93103e+00       2.465e+11 -5.578431e-02 -2.656916e-01  5.911625e-01  9.442157e-01
-2.06897e-01 -3.93103e+00       2.821e+11 -2.965277e-01 -3.215028e-01  1.941866e-01  7.034723e-01
 2.06897e-01 -3.93103e+00       2.994e+11 -2.409936e-01 -2.795409e-01 -3.157152e-01  7.590064e-01
 6.20690e-01 -3.93103e+00       3.072e+11  1.190578e-01 -1.702452e-01 -5.972237e-01  8.809422e-01
 1.03448e+00 -3.93103e+00       3.035e+11  5.256544e-01 -9.862061e-02 -5.723003e-01  4.743456e-01
 1.44828e+00 -3.93103e+00       2.765e+11  7.727060e-01 -9.820144e-02 -4.392799e-01  2.272940e-01
 1.86207e+00 -3.93103e+00       2.322e+11  8.716451e-01 -1.300228e-01 -2.812242e-01  1.283549e-01
 2.27586e+00 -3.93103e+00       2.140e+11  9.044891e-01 -1.271943e-01 -5.020963e-02  9.551086e-02
 2.68966e+00 -3.93103e+00       2.292e+11  8.998213e-01 -5.823484e-02  1.344191e-01  1.001787e-01
 3.10345e+00 -3.93103e+00       2.568e+11  8.898009e-01  1.422063e-02  1.940317e-01  1.101991e-01
 3.51724e+00 -3.93103e+00       3.402e+11  9.127245e-01  5.078855e-02  2.134758e-01  8.727550e-02
 3.93103e+00 -3.93103e+00       4.833e+11  9.254250e-01  5.133184e-02  2.639437e-01  7.457500e-02
 4.34483e+00 -3.93103e+00       5.572e+11  8.875028e-01  4.222108e-02  3.426463e-01  1.124972e-01
 4.75862e+00 -3.93103e+00       5.041e+11  7.724635e-01  3.744326e-02  4.748906e-01  2.275365e-01
 5.17241e+00 -3.93103e+00       4.106e+11  5.783440e-01  2.764772e-02  6.567894e-01  4.216560e-01
 5.58621e+00 -3.93103e+00       3.723e+11  3.416252e-01  1.995269e-03  8.080049e-01  6.583748e-01
 6.00000e+00 -3.93103e+00       4.782e+11  7.148151e-02 -2.474339e-04  8.875768e-01  9.285185e-01
-6.00000e+00 -3.51724e+00       4.034e+11  2.058409e-03 -1.392587e-02 -8.878778e-01  9.979416e-01
-5.58621e+00 -3.51724e+00       3.428e+11  2.778259e-01  7.140953e-03 -7.656737e-01  7.221741e-01
-5.17241e+00 -3.51724e+00       4.014e+11  5.707996e-01  4.726443e-02 -5.943981e-01  4.292004e-01
-4.75862e+00 -3.51724e+00       4.337e+11  7.542551e-01  6.460005e-02 -4.616931e-01  2.457449e-01
-4.34483e+00 -3.51724e+00       3.807e+11  8.449202e-01  7.398360e-02 -3.858083e-01  1.550798e-01
-3.93103e+00 -3.51724e+00       2.988e+11  8.490120e-01  6.977471e-02 -3.789558e-01  1.509880e-01
-3.51724e+00 -3.51724e+00       2.217e+11  8.068732e-01  4.799963e-02 -3.732548e-01  1.931268e-01
-3.10345e+00 -3.51724e+00       1.721e+11  8.153085e-01 -3.558857e-03 -1.996647e-01  1.846915e-01
-2.68966e+00 -3.51724e+00       2.446e+11  9.083535e-01 -5.332684e-02  1.341356e-01  9.164655e-02
-2.27586e+00 -3.51724e+00       5.722e+11  9.292379e-01 -4.641657e-02  2.920701e-01  7.076210e-02
-1.86207e+00 -3.51724e+00       1.094e+12  9.051527e-01 -3.471416e-02  3.713824e-01  9.484732e-02
-1.44828e+00 -3.51724e+00       1.358e+12  8.639585e-01 -1.064644e-02  4.373730e-01  1.360415e-01
-1.03448e+00 -3.51724e+00       1.079e+12  7.986645e-01  4.344991e-02  4.795536e-01  2.013355e-01
-6.20690e-01 -3.51724e+00       6.119e+11  6.937695e-01  1.376842e-01  4.061442e-01  3.062305e-01
-2.06897e-01 -3.51724e+00       3.657e+11  5.975400e-01  2.105737e-01  1.130474e-02  4.024600e-01
 2.06897e-01 -3.51724e+00       3.966e+11  6.491976e-01  1.519121e-01 -4.304709e-01  3.508024e-01
 6.20690e-01 -3.51724e+00       6.769e+11  7.489575e-01  5.353307e-02 -5.381546e-01  2.510425e-01
 1.03448e+00 -3.51724e+00       1.153e+12  8.220472e-01 -1.605779e-02 -5.026134e-01  1.779528e-01
 1.44828e+00 -3.51724e+00       1.472e+12  8.734855e-01 -4.777020e-02 -4.331906e-01  1.265145e-01
 1.86207e+00 -3.51724e+00       1.262e+12  9.116409e-01 -5.541385e-02 -3.494362e-01  8.835910e-02
 2.27586e+00 -3.51724e+00       7.509e+11  9.402757e-01 -5.853618e-02 -2.372464e-01  5.972425e-02
 2.68966e+00 -3.51724e+00       3.884e+11  9.464853e-01 -7.065976e-02 -5.447064e-02  5.351474e-02
 3.10345e+00 -3.51724e+00       2.611e+11  9.072180e-01 -5.225337e-02  1.838939e-01  9.278202e-02
 3.51724e+00 -3.51724e+00       2.545e+11  8.727529e-01  1.365621e-02  3.067351e-01  1.272471e-01
 3.93103e+00 -3.51724e+00       3.254e+11  8.827169e-01  5.505751e-02  3.377931e-01  1.172831e-01
 4.34483e+00 -3.51724e+00       4.432e+11  8.807063e-01  5.355977e-02  3.808377e-01  1.192937e-01
 4.75862e+00 -3.51724e+00       4.935e+11  8.172507e-01  4.336076e-02  4.588879e-01  1.827493e-01
 5.17241e+00 -3.51724e+00       4.439e+11  6.645130e-01  4.029922e-02  5.925958e-01  3.354870e-01
 5.58621e+00 -3.51724e+00       3.755e+11  4.313932e-01  3.503371e-02  7.516652e-01  5.686068e-01
 6.00000e+00 -3.51724e+00       3.853e+11  1.252155e-01  2.337054e-02  8.587583e-01  8.747845e-01
-6.00000e+00 -3.10345e+00       3.023e+11  8.995844e-02 -1.903075e-02 -8.223003e-01  9.100416e-01
-5.58621e+00 -3.10345e+00       3.280e+11  4.366224e-01  2.680269e-02 -6.754946e-01  5.633776e-01
-5.17241e+00 -3.10345e+00       3.816e+11  6.617086e-01  6.305227e-02 -5.466579e-01  3.382914e-01
-4.75862e+00 -3.10345e+00       3.538e+11  7.800575e-01  7.655680e-02 -4.620510e-01  2.199425e-01
-4.34483e+00 -3.10345e+00       2.786e+11  8.108799e-01  7.562101e-02 -4.381670e-01  1.891201e-01
-3.93103e+00 -3.10345e+00       2.138e+11  7.874036e-01  5.872626e-02 -4.230614e-01  2.125964e-01
-3.51724e+00 -3.10345e+00       2.233e+11  8.567972e-01  1.451277e-02 -2.336841e-01  1.432028e-01
-3.10345e+00 -3.10345e+00       4.994e+11  9.680729e-01 -7.093350e-03 -3.160508e-02  3.192708e-02
-2.68966e+00 -3.10345e+00       1.169e+12  9.913368e-01 -9.279241e-04  2.926827e-02  8.663205e-03
-2.27586e+00 -3.10345e+00       1.733e+12  9.914326e-01  8.716449e-03  6.252388e-02  8.567366e-03
-1.86207e+00 -3.10345e+00       1.508e+12  9.851463e-01  2.542459e-02  9.469797e-02  1.485368e-02
-1.44828e+00 -3.10345e+00       8.449e+11  9.706035e-01  5.697947e-02  1.259085e-01  2.939651e-02
-1.03448e+00 -3.10345e+00       4.401e+11  9.505122e-01  8.520134e-02  1.226429e-01  4.948782e-02
-6.20690e-01 -3.10345e+00       3.209e+11  9.422490e-01  4.328960e-02  8.296609e-02  5.775098e-02
-2.06897e-01 -3.10345e+00       2.824e+11  9.368462e-01 -2.450900e-02  8.242269e-02  6.315383e-02
 2.06897e-01 -3.10345e+00       2.573e+11  9.292628e-01 -4.652283e-02  9.612096e-02  7.073717e-02
 6.20690e-01 -3.10345e+00       2.623e+11  9.301662e-01 -1.867178e-02  5.220228e-02  6.983378e-02
 1.03448e+00 -3.10345e+00       4.043e+11  9.553816e-01 -6.954749e-03 -4.741035e-02  4.461844e-02
 1.44828e+00 -3.10345e+00       8.845e+11  9.804760e-01 -1.991934e-02 -8.451174e-02  1.952398e-02
 1.86207e+00 -3.10345e+00       1.616e+12  9.900775e-01 -2.712103e-02 -7.712816e-02  9.922496e-03
 2.27586e+00 -3.10345e+00       1.892e+12  9.928871e-01 -3.135472e-02 -5.665192e-02  7.112858e-03
 2.68966e+00 -3.10345e+00       1.353e+12  9.914800e-01 -3.600753e-02 -2.165252e-02  8.520023e-03
 3.10345e+00 -3.10345e+00       6.540e+11  9.759461e-01 -4.359958e-02  5.594466e-02  2.405392e-02
 3.51724e+00 -3.10345e+00       3.160e+11  9.160207e-01 -3.328687e-02  2.289796e-01  8.397934e-02
 3.93103e+00 -3.10345e+00       2.535e+11  8.566758e-01  2.631791e-02  3.743363e-01  1.433242e-01
 4.34483e+00 -3.10345e+00       3.172e+11  8.541143e-01  6.108616e-02  4.179661e-01  1.458857e-01
 4.75862e+00 -3.10345e+00       4.119e+11  8.316223e-01  5.605427e-02  4.642201e-01  1.683777e-01
 5.17241e+00 -3.10345e+00       4.219e+11  7.407157e-01  4.720734e-02  5.418288e-01  2.592843e-01
 5.58621e+00 -3.10345e+00       3.467e+11  5.475679e-01  4.273021e-02  6.645958e-01  4.524321e-01
 6.00000e+00 -3.10345e+00       2.930e+11  2.252079e-01  2.861477e-02  7.955522e-01  7.747921e-01
-6.00000e+00 -2.68966e+00       2.412e+11  2.582880e-01  9.023104e-03 -7.076957e-01  7.417120e-01
-5.58621e+00 -2.68966e+00       3.102e+11  5.621369e-01  4.684958e-02 -5.998319e-01  4.378631e-01
-5.17241e+00 -2.68966e+00       3.276e+11  7.170746e-01  7.516024e-02 -5.134801e-01  2.829254e-01
-4.75862e+00 -2.68966e+00       2.694e+11  7.832229e-01  8.260356e-02 -4.667345e-01  2.167771e-01
-4.34483e+00 -2.68966e+00       2.093e+11  7.828028e-01  6.888805e-02 -4.495441e-01  2.171972e-01
-3.93103e+00 -2.68966e+00       2.403e+11  8.547568e-01  3.120496e-02 -3.105620e-01  1.452432e-01
-3.51724e+00 -2.68966e+00       5.810e+11  9.614351e-01  9.366898e-03 -1.651301e-01  3.856488e-02
-3.10345e+00 -2.68966e+00       1.331e+12  9.868993e-01  1.039872e-02 -1.250220e-01  1.310071e-02
-2.68966e+00 -2.68966e+00       1.854e+12  9.915322e-01  1.558810e-02 -1.054863e-01  8.467759e-03
-2.27586e+00 -2.68966e+00       1.547e+12  9.921892e-01  2.677415e-02 -8.793605e-02  7.810785e-03
-1.86207e+00 -2.68966e+00       1.045e+12  9.898618e-01  4.891277e-02 -7.724010e-02  1.013824e-02
-1.44828e+00 -2.68966e+00       1.099e+12  9.882996e-01  5.940320e-02 -8.461417e-02  1.170044e-02
-1.03448e+00 -2.68966e+00       1.548e+12  9.903296e-01  4.356308e-02 -8.225356e-02  9.670351e-03
-6.20690e-01 -2.68966e+00       1.877e+12  9.928469e-01  2.023728e-02 -5.545647e-02  7.153106e-03
-2.06897e-01 -2.68966e+00       1.908e+12  9.940989e-01  1.745022e-03 -3.649368e-03  5.901052e-03
 2.06897e-01 -2.68966e+00       1.773e+12  9.921249e-01 -1.882215e-03  6.101229e-02  7.875052e-03
 6.20690e-01 -2.68966e+00       1.495e+12  9.862688e-01  9.851949e-03  1.192349e-01  1.373120e-02
 1.03448e+00 -2.68966e+00       1.036e+12  9.769713e-01  2.730636e-02  1.627470e-01  2.302868e-02
 1.44828e+00 -2.68966e+00       6.568e+11  9.684257e-01  2.695778e-02  1.738550e-01  3.157429e-02
 1.86207e+00 -2.68966e+00       7.990e+11  9.795269e-01 -9.301201e-03  1.245926e-01  2.047314e-02
 2.27586e+00 -2.68966e+00       1.496e+12  9.894100e-01 -2.258073e-02  1.049449e-01  1.058998e-02
 2.68966e+00 -2.68966e+00       1.946e+12  9.909177e-01 -2.541402e-02  1.089883e-01  9.082332e-03
 3.10345e+00 -2.68966e+00       1.488e+12  9.874127e-01 -2.891956e-02  1.249980e-01  1.258726e-02
 3.51724e+00 -2.68966e+00       7.191e+11  9.689279e-01 -3.339354e-02  1.726523e-01  3.107212e-02
 3.93103e+00 -2.68966e+00       3.190e+11  9.039628e-01 -1.587106e-02  3.017172e-01  9.603724e-02
 4.34483e+00 -2.68966e+00       2.488e+11  8.423782e-01  4.352605e-02  4.244290e-01  1.576218e-01
 4.75862e+00 -2.68966e+00       3.147e+11  8.306667e-01  6.429519e-02  4.685638e-01  1.693333e-01
 5.17241e+00 -2.68966e+00       3.712e+11  7.826961e-01  5.458349e-02  5.180814e-01  2.173039e-01
 5.58621e+00 -2.68966e+00       3.349e+11  6.507408e-01  4.584520e-02  6.046636e-01  3.492592e-01
 6.00000e+00 -2.68966e+00       2.641e+11  3.955426e-01  3.765582e-02  7.276198e-01  6.044574e-01
-6.00000e+00 -2.27586e+00       2.295e+11  4.220551e-01  7.127752e-03 -6.162568e-01  5.779449e-01
-5.58621e+00 -2.27586e+00       2.813e+11  6.344099e-01  7.179271e-02 -5.382318e-01  3.655901e-01
-5.17241e+00 -2.27586e+00       2.585e+11  7.530162e-01  8.606008e-02 -4.702426e-01  2.469838e-01
-4.75862e+00 -2.27586e+00       2.028e+11  7.880016e-01  7.474756e-02 -4.482192e-01  2.119984e-01
-4.34483e+00 -2.27586e+00       2.093e+11  8.311724e-01  4.599440e-02 -3.762413e-01  1.688276e-01
-3.93103e+00 -2.27586e+00       4.745e+11  9.378855e-01  1.849116e-02 -2.474507e-01  6.211445e-02
-3.51724e+00 -2.27586e+00       1.170e+12  9.723129e-01  1.442855e-02 -2.075724e-01  2.768707e-02
-3.10345e+00 -2.27586e+00       1.799e+12  9.791216e-01  1.650355e-02 -1.938668e-01  2.087835e-02
-2.68966e+00 -2.27586e+00       1.695e+12  9.808970e-01  2.315702e-02 -1.846704e-01  1.910296e-02
-2.27586e+00 -2.27586e+00       1.469e+12  9.804783e-01  3.351424e-02 -1.795911e-01  1.952173e-02
-1.86207e+00 -2.27586e+00       2.464e+12  9.835955e-01  2.763619e-02 -1.617572e-01  1.640451e-02
-1.44828e+00 -2.27586e+00       6.501e+12  9.895934e-01  1.554566e-02 -1.286412e-01  1.040661e-02
-1.03448e+00 -2.27586e+00       1.578e+13  9.936152e-01  6.618074e-03 -9.713235e-02  6.384841e-03
-6.20690e-01 -2.27586e+00       2.882e+13  9.961708e-01 -7.459385e-04 -6.404203e-02  3.829207e-03
-2.06897e-01 -2.27586e+00       3.847e+13  9.976544e-01 -6.468472e-03 -2.633482e-02  2.345602e-03
 2.06897e-01 -2.27586e+00       3.799e+13  9.978228e-01 -1.032035e-02  1.398239e-02  2.177186e-03
 6.20690e-01 -2.27586e+00       2.761e+13  9.965416e-01 -1.258556e-02  5.329831e-02  3.458398e-03
 1.03448e+00 -2.27586e+00       1.436e+13  9.937073e-01 -1.358765e-02  9.073355e-02  6.292700e-03
 1.44828e+00 -2.27586e+00       5.313e+12  9.880752e-01 -1.275774e-02  1.319253e-01  1.192482e-02
 1.86207e+00 -2.27586e+00       1.632e+12  9.763372e-01 -8.802160e-03  1.866549e-01  2.366280e-02
 2.27586e+00 -2.27586e+00       9.935e+11  9.707169e-01 -1.282685e-02  2.097393e-01  2.928309e-02
 2.68966e+00 -2.27586e+00       1.528e+12  9.775606e-01 -1.981090e-02  1.936069e-01  2.243937e-02
 3.10345e+00 -2.27586e+00       1.843e+12  9.789435e-01 -2.233054e-02  1.925705e-01  2.105647e-02
 3.51724e+00 -2.27586e+00       1.298e+12  9.746424e-01 -2.548144e-02  2.036205e-01  2.535758e-02
 3.93103e+00 -2.27586e+00       5.828e+11  9.514677e-01 -2.602212e-02  2.475340e-01  4.853230e-02
 4.34483e+00 -2.27586e+00       2.667e+11  8.833948e-01  6.061848e-03  3.622846e-01  1.166052e-01
 4.75862e+00 -2.27586e+00       2.424e+11  8.391977e-01  5.641616e-02  4.495837e-01  1.608023e-01
 5.17241e+00 -2.27586e+00       3.058e+11  8.105483e-01  6.025431e-02  4.922222e-01  1.894517e-01
 5.58621e+00 -2.27586e+00       3.166e+11  7.196896e-01  4.788624e-02  5.599604e-01  2.803104e-01
 6.00000e+00 -2.27586e+00       2.582e+11  5.470923e-01  3.276802e-02  6.676810e-01  4.529077e-01
-6.00000e+00 -1.86207e+00       2.019e+11  5.428252e-01  2.668592e-02 -5.281855e-01  4.571748e-01
-5.58621e+00 -1.86207e+00       2.220e+11  7.433539e-01  4.519191e-02 -4.332216e-01  2.566461e-01
-5.17241e+00 -1.86207e+00       1.975e+11  8.164719e-01  4.256051e-02 -4.139369e-01  1.835281e-01
-4.75862e+00 -1.86207e+00       1.766e+11  8.299993e-01  5.017088e-02 -4.029100e-01  1.700007e-01
-4.34483e+00 -1.86207e+00       3.069e+11  9.093039e-01  3.033873e-02 -2.986481e-01  9.069609e-02
-3.93103e+00 -1.86207e+00       8.270e+11  9.602675e-01  1.728944e-02 -2.438797e-01  3.973252e-02
-3.51724e+00 -1.86207e+00       1.559e+12  9.709451e-01  1.613671e-02 -2.305380e-01  2.905492e-02
-3.10345e+00 -1.86207e+00       1.794e+12  9.732598e-01  1.874643e-02 -2.246186e-01  2.674017e-02
-2.68966e+00 -1.86207e+00       1.924e+12  9.740023e-01  2.251528e-02 -2.192073e-01  2.599766e-02
-2.27586e+00 -1.86207e+00       4.448e+12  9.774255e-01  1.419450e-02 -2.044425e-01  2.257448e-02
-1.86207e+00 -1.86207e+00       1.348e+13  9.814484e-01  3.712549e-03 -1.861214e-01  1.855159e-02
-1.44828e+00 -1.86207e+00       3.035e+13  9.851523e-01 -4.097527e-03 -1.647999e-01  1.484774e-02
-1.03448e+00 -1.86207e+00       4.720e+13  9.891269e-01 -9.588848e-03 -1.358941e-01  1.087310e-02
-6.20690e-01 -1.86207e+00       5.464e+13  9.932583e-01 -1.227644e-02 -9.452071e-02  6.741696e-03
-2.06897e-01 -1.86207e+00       5.474e+13  9.964149e-01 -1.225482e-02 -3.714268e-02  3.585064e-03
 2.06897e-01 -1.86207e+00       5.513e+13  9.968085e-01 -1.174686e-02  2.814524e-02  3.191541e-03
 6.20690e-01 -1.86207e+00       5.527e+13  9.944094e-01 -1.318971e-02  8.324830e-02  5.590615e-03
 1.03448e+00 -1.86207e+00       4.700e+13  9.908666e-01 -1.620246e-02  1.226644e-01  9.133404e-03
 1.44828e+00 -1.86207e+00       2.907e+13  9.871296e-01 -1.945541e-02  1.514183e-01  1.287040e-02
 1.86207e+00 -1.86207e+00       1.197e+13  9.830180e-01 -2.200201e-02  1.754343e-01  1.698203e-02
 2.27586e+00 -1.86207e+00       3.389e+12  9.768020e-01 -2.249876e-02  2.023267e-01  2.319796e-02
 2.68966e+00 -1.86207e+00       1.382e+12  9.702144e-01 -1.922497e-02  2.269303e-01  2.978557e-02
 3.10345e+00 -1.86207e+00       1.626e+12  9.726347e-01 -1.876817e-02  2.225941e-01  2.736526e-02
 3.51724e+00 -1.86207e+00       1.605e+12  9.728556e-01 -2.049021e-02  2.225142e-01  2.714440e-02
 3.93103e+00 -1.86207e+00       9.332e+11  9.660557e-01 -2.249264e-02  2.357537e-01  3.394429e-02
 4.34483e+00 -1.86207e+00       3.818e+11  9.341839e-01 -1.278311e-02  2.897423e-01  6.581611e-02
 4.75862e+00 -1.86207e+00       2.136e+11  8.786043e-01  3.162569e-02  3.849834e-01  1.213957e-01
 5.17241e+00 -1.86207e+00       2.291e+11  8.572973e-01  5.051734e-02  4.314065e-01  1.427027e-01
 5.58621e+00 -1.86207e+00       2.526e+11  8.044443e-01  4.404947e-02  4.725394e-01  1.955557e-01
 6.00000e+00 -1.86207e+00       2.100e+11  6.463465e-01  2.712479e-02  5.537861e-01  3.536535e-01
-6.00000e+00 -1.44828e+00       1.849e+11  7.350269e-01 -8.930797e-03 -4.640059e-01  2.649731e-01
-5.58621e+00 -1.44828e+00       2.088e+11  8.200329e-01  3.959564e-02 -4.276950e-01  1.799671e-01
-5.17241e+00 -1.44828e+00       1.767e+11  8.512378e-01  7.357565e-02 -3.903566e-01  1.487622e-01
-4.75862e+00 -1.44828e+00       1.879e+11  8.867033e-01  5.601389e-02 -3.236180e-01  1.132967e-01
-4.34483e+00 -1.44828e+00       4.602e+11  9.507016e-01  2.180005e-02 -2.484027e-01  4.929835e-02
-3.93103e+00 -1.44828e+00       1.118e+12  9.701481e-01  1.564524e-02 -2.278458e-01  2.985186e-02
-3.51724e+00 -1.44828e+00       1.682e+12  9.738216e-01  1.540509e-02 -2.225994e-01  2.617837e-02
-3.10345e+00 -1.44828e+00       1.922e+12  9.743623e-01  1.620090e-02 -2.206822e-01  2.563769e-02
-2.68966e+00 -1.44828e+00       3.818e+12  9.757788e-01  1.004088e-02 -2.145649e-01  2.422123e-02
-2.27586e+00 -1.44828e+00       1.115e+13  9.781663e-01  1.146163e-03 -2.046776e-01  2.183366e-02
-1.86207e+00 -1.44828e+00       2.373e+13  9.804874e-01 -5.538263e-03 -1.934290e-01  1.951263e-02
-1.44828e+00 -1.44828e+00       3.146e+13  9.830429e-01 -1.055482e-02 -1.793920e-01  1.695705e-02
-1.03448e+00 -1.44828e+00       2.597e+13  9.859562e-01 -1.377288e-02 -1.613434e-01  1.404382e-02
-6.20690e-01 -1.44828e+00       1.411e+13  9.893108e-01 -1.430369e-02 -1.349050e-01  1.068916e-02
-2.06897e-01 -1.44828e+00       6.523e+12  9.931788e-01 -7.531103e-03 -6.713302e-02  6.821225e-03
 2.06897e-01 -1.44828e+00       6.793e+12  9.935741e-01  4.512440e-03  7.103868e-02  6.425916e-03
 6.20690e-01 -1.44828e+00       1.505e+13  9.905764e-01  1.250612e-03  1.284258e-01  9.423639e-03
 1.03448e+00 -1.44828e+00       2.734e+13  9.878860e-01 -5.395176e-03  1.503956e-01  1.211405e-02
 1.44828e+00 -1.44828e+00       3.209e+13  9.853977e-01 -1.146294e-02  1.663277e-01  1.460234e-02
 1.86207e+00 -1.44828e+00       2.300e+13  9.829701e-01 -1.661454e-02  1.799496e-01  1.702995e-02
 2.27586e+00 -1.44828e+00       9.880e+12  9.802740e-01 -2.065687e-02  1.930246e-01  1.972605e-02
 2.68966e+00 -1.44828e+00       2.905e+12  9.763197e-01 -2.219012e-02  2.086380e-01  2.368033e-02
 3.10345e+00 -1.44828e+00       1.506e+12  9.742616e-01 -1.754618e-02  2.161888e-01  2.573839e-02
 3.51724e+00 -1.44828e+00       1.603e+12  9.757644e-01 -1.605951e-02  2.121465e-01  2.423562e-02
 3.93103e+00 -1.44828e+00       1.190e+12  9.742428e-01 -1.719295e-02  2.151151e-01  2.575717e-02
 4.34483e+00 -1.44828e+00       5.427e+11  9.620882e-01 -1.445834e-02  2.383103e-01  3.791179e-02
 4.75862e+00 -1.44828e+00       2.386e+11  9.229395e-01  1.840379e-02  3.114134e-01  7.706047e-02
 5.17241e+00 -1.44828e+00       2.072e+11  8.954730e-01  5.243535e-02  3.695803e-01  1.045270e-01
 5.58621e+00 -1.44828e+00       2.242e+11  8.709880e-01  4.147537e-02  4.011380e-01  1.290120e-01
 6.00000e+00 -1.44828e+00       1.943e+11  7.986511e-01  3.182094e-02  4.605390e-01  2.013489e-01
-6.00000e+00 -1.03448e+00       1.531e+11  8.432001e-01  3.759554e-02 -2.928870e-01  1.567999e-01
-5.58621e+00 -1.03448e+00       1.597e+11  9.065908e-01  1.765321e-02 -2.623614e-01  9.340925e-02
-5.17241e+00 -1.03448e+00       1.418e+11  9.181364e-01  1.388477e-02 -2.750126e-01  8.186356e-02
-4.75862e+00 -1.03448e+00       2.192e+11  9.458663e-01  1.952663e-02 -2.357727e-01  5.413372e-02
-4.34483e+00 -1.03448e+00       6.111e+11  9.738260e-01  1.515506e-02 -1.971968e-01  2.617403e-02
-3.93103e+00 -1.03448e+00       1.288e+12  9.805452e-01  1.317291e-02 -1.885728e-01  1.945482e-02
-3.51724e+00 -1.03448e+00       1.729e+12  9.815880e-01  1.252505e-02 -1.873692e-01  1.841204e-02
-3.10345e+00 -1.03448e+00       2.495e+12  9.816842e-01  8.971579e-03 -1.870795e-01  1.831581e-02
-2.68966e+00 -1.03448e+00       6.536e+12  9.827858e-01  1.355171e-03 -1.822091e-01  1.721421e-02
-2.27586e+00 -1.03448e+00       1.558e+13  9.840021e-01 -4.487046e-03 -1.760791e-01  1.599794e-02
-1.86207e+00 -1.03448e+00       2.304e+13  9.852489e-01 -8.896436e-03 -1.688852e-01  1.475109e-02
-1.44828e+00 -1.03448e+00       2.006e+13  9.867448e-01 -1.217462e-02 -1.591741e-01  1.325523e-02
-1.03448e+00 -1.03448e+00       1.099e+13  9.891217e-01 -1.357996e-02 -1.399497e-01  1.087826e-02
-6.20690e-01 -1.03448e+00       5.413e+12  9.940183e-01 -1.018566e-02 -8.705695e-02  5.981674e-03
-2.06897e-01 -1.03448e+00       4.237e+12  9.982973e-01 -4.942964e-03 -2.025591e-02  1.702708e-03
 2.06897e-01 -1.03448e+00       4.318e+12  9.982413e-01 -3.441726e-03  2.505172e-02  1.758738e-03
 6.20690e-01 -1.03448e+00       5.763e+12  9.943963e-01 -1.111545e-03  8.642268e-02  5.603708e-03
 1.03448e+00 -1.03448e+00       1.189e+13  9.905401e-01 -1.885026e-03  1.310765e-01  9.459926e-03
 1.44828e+00 -1.03448e+00       2.124e+13  9.887506e-01 -6.331436e-03  1.467250e-01  1.124942e-02
 1.86207e+00 -1.03448e+00       2.336e+13  9.875252e-01 -1.112615e-02  1.550508e-01  1.247481e-02
 2.27586e+00 -1.03448e+00       1.474e+13  9.863161e-01 -1.532767e-02  1.621514e-01  1.368386e-02
 2.68966e+00 -1.03448e+00       5.480e+12  9.847721e-01 -1.840601e-02  1.698377e-01  1.522791e-02
 3.10345e+00 -1.03448e+00       1.867e+12  9.831146e-01 -1.701977e-02  1.762805e-01  1.688539e-02
 3.51724e+00 -1.03448e+00       1.522e+12  9.839968e-01 -1.263487e-02  1.723187e-01  1.600315e-02
 3.93103e+00 -1.03448e+00       1.310e+12  9.841048e-01 -1.242820e-02  1.714168e-01  1.589523e-02
 4.34483e+00 -1.03448e+00       6.891e+11  9.803622e-01 -1.192615e-02  1.802876e-01  1.963783e-02
 4.75862e+00 -1.03448e+00       2.698e+11  9.646473e-01 -4.514847e-04  2.155336e-01  3.535270e-02
 5.17241e+00 -1.03448e+00       1.694e+11  9.443029e-01  2.626954e-02  2.673249e-01  5.569709e-02
 5.58621e+00 -1.03448e+00       1.888e+11  9.323033e-01  3.451187e-02  2.924938e-01  6.769670e-02
 6.00000e+00 -1.03448e+00       1.753e+11  8.897566e-01  3.327133e-02  3.265414e-01  1.102434e-01
-6.00000e+00 -6.20690e-01       1.583e+11  9.235087e-01  5.447461e-02 -2.346045e-01  7.649133e-02
-5.58621e+00 -6.20690e-01       1.554e+11  9.530369e-01  5.588193e-02 -1.878903e-01  4.696312e-02
-5.17241e+00 -6.20690e-01       1.358e+11  9.629861e-01  3.418253e-02 -1.718900e-01  3.701390e-02
-4.75862e+00 -6.20690e-01       2.528e+11  9.792639e-01  1.222978e-02 -1.478420e-01  2.073612e-02
-4.34483e+00 -6.20690e-01       7.158e+11  9.890116e-01  9.333455e-03 -1.319563e-01  1.098844e-02
-3.93103e+00 -6.20690e-01       1.368e+12  9.910079e-01  8.937557e-03 -1.287475e-01  8.992080e-03
-3.51724e+00 -6.20690e-01       1.800e+12  9.910858e-01  7.039573e-03 -1.298325e-01  8.914176e-03
-3.10345e+00 -6.20690e-01       3.194e+12  9.912626e-01  1.432918e-03 -1.291458e-01  8.737423e-03
-2.68966e+00 -6.20690e-01       8.470e+12  9.919212e-01 -3.368518e-03 -1.249189e-01  8.078767e-03
-2.27586e+00 -6.20690e-01       1.664e+13  9.924641e-01 -6.388049e-03 -1.207966e-01  7.535938e-03
-1.86207e+00 -6.20690e-01       1.932e+13  9.930224e-01 -8.649840e-03 -1.159237e-01  6.977577e-03
-1.44828e+00 -6.20690e-01       1.331e+13  9.938400e-01 -9.887401e-03 -1.076324e-01  6.159993e-03
-1.03448e+00 -6.20690e-01       6.603e+12  9.955736e-01 -7.922869e-03 -8.615024e-02  4.426429e-03
-6.20690e-01 -6.20690e-01       3.945e+12  9.981651e-01 -9.331710e-04 -4.530454e-02  1.834910e-03
-2.06897e-01 -6.20690e-01       3.485e+12  9.993772e-01  3.866272e-03 -1.027733e-02  6.228242e-04
 2.06897e-01 -6.20690e-01       3.645e+12  9.993371e-01  3.867638e-03  1.777684e-02  6.629475e-04
 6.20690e-01 -6.20690e-01       4.373e+12  9.982835e-01  1.119188e-03  4.712259e-02  1.716451e-03
 1.03448e+00 -6.20690e-01       7.348e+12  9.963304e-01 -1.869848e-03  7.944655e-02  3.669614e-03
 1.44828e+00 -6.20690e-01       1.445e+13  9.951077e-01 -4.866216e-03  9.610343e-02  4.892332e-03
 1.86207e+00 -6.20690e-01       2.014e+13  9.945453e-01 -7.860071e-03  1.023511e-01  5.454655e-03
 2.27586e+00 -6.20690e-01       1.630e+13  9.941248e-01 -1.052727e-02  1.061937e-01  5.875206e-03
 2.68966e+00 -6.20690e-01       7.490e+12  9.936396e-01 -1.263165e-02  1.098745e-01  6.360354e-03
 3.10345e+00 -6.20690e-01       2.446e+12  9.930362e-01 -1.296066e-02  1.130833e-01  6.963816e-03
 3.51724e+00 -6.20690e-01       1.490e+12  9.933309e-01 -9.778511e-03  1.098974e-01  6.669053e-03
 3.93103e+00 -6.20690e-01       1.341e+12  9.936719e-01 -8.584295e-03  1.076909e-01  6.328067e-03
 4.34483e+00 -6.20690e-01       7.828e+11  9.927606e-01 -7.916209e-03  1.110034e-01  7.239404e-03
 4.75862e+00 -6.20690e-01       3.112e+11  9.877468e-01 -8.394866e-04  1.288791e-01  1.225316e-02
 5.17241e+00 -6.20690e-01       1.789e+11  9.780506e-01  2.360905e-02  1.658703e-01  2.194938e-02
 5.58621e+00 -6.20690e-01       1.946e+11  9.711882e-01  3.151771e-02  1.886085e-01  2.881178e-02
 6.00000e+00 -6.20690e-01       1.791e+11  9.536176e-01  2.320911e-02  2.206407e-01  4.638244e-02
-6.00000e+00 -2.06897e-01       1.554e+11  9.895495e-01  9.621674e-03 -9.533292e-02  1.045046e-02
-5.58621e+00 -2.06897e-01       1.543e+11  9.931159e-01  1.271535e-02 -7.790763e-02  6.884107e-03
-5.17241e+00 -2.06897e-01       1.402e+11  9.942760e-01  6.555823e-03 -6.869412e-02  5.723959e-03
-4.75862e+00 -2.06897e-01       2.765e+11  9.965228e-01  2.324319e-03 -5.902905e-02  3.477171e-03
-4.34483e+00 -2.06897e-01       7.656e+11  9.979624e-01  3.616250e-03 -5.412278e-02  2.037564e-03
-3.93103e+00 -2.06897e-01       1.398e+12  9.982095e-01  3.808173e-03 -5.399359e-02  1.790464e-03
-3.51724e+00 -2.06897e-01       1.863e+12  9.981100e-01  9.774907e-04 -5.612619e-02  1.890022e-03
-3.10345e+00 -2.06897e-01       3.627e+12  9.982999e-01 -3.931169e-03 -5.433406e-02  1.700112e-03
-2.68966e+00 -2.06897e-01       9.300e+12  9.985803e-01 -5.603069e-03 -5.045364e-02  1.419696e-03
-2.27586e+00 -2.06897e-01       1.648e+13  9.987324e-01 -6.023930e-03 -4.779226e-02  1.267619e-03
-1.86207e+00 -2.06897e-01       1.703e+13  9.988556e-01 -6.155488e-03 -4.520701e-02  1.144361e-03
-1.44828e+00 -2.06897e-01       1.058e+13  9.990194e-01 -5.779447e-03 -4.126031e-02  9.806460e-04
-1.03448e+00 -2.06897e-01       4.948e+12  9.993165e-01 -3.892086e-03 -3.278756e-02  6.835379e-04
-6.20690e-01 -2.06897e-01       2.684e+12  9.996724e-01 -6.333552e-04 -1.955028e-02  3.276023e-04
-2.06897e-01 -2.06897e-01       1.973e+12  9.998480e-01  9.134131e-04 -5.370690e-03  1.520418e-04
 2.06897e-01 -2.06897e-01       2.140e+12  9.998467e-01 -2.861448e-04  8.970432e-03  1.533385e-04
 6.20690e-01 -2.06897e-01       3.144e+12  9.997388e-01 -2.446920e-03  1.844648e-02  2.611752e-04
 1.03448e+00 -2.06897e-01       5.694e+12  9.995674e-01 -4.341534e-03  2.601493e-02  4.325888e-04
 1.44828e+00 -2.06897e-01       1.170e+13  9.994369e-01 -5.569873e-03  3.055780e-02  5.631247e-04
 1.86207e+00 -2.06897e-01       1.805e+13  9.993733e-01 -6.272213e-03  3.236416e-02  6.267146e-04
 2.27586e+00 -2.06897e-01       1.645e+13  9.993291e-01 -6.671697e-03  3.334458e-02  6.708907e-04
 2.68966e+00 -2.06897e-01       8.437e+12  9.992715e-01 -6.761163e-03  3.420308e-02  7.285267e-04
 3.10345e+00 -2.06897e-01       2.842e+12  9.991756e-01 -6.282685e-03  3.440869e-02  8.244325e-04
 3.51724e+00 -2.06897e-01       1.498e+12  9.992286e-01 -4.866901e-03  3.104715e-02  7.713591e-04
 3.93103e+00 -2.06897e-01       1.340e+12  9.993483e-01 -3.766726e-03  2.934510e-02  6.516964e-04
 4.34483e+00 -2.06897e-01       8.240e+11  9.992746e-01 -2.433071e-03  3.006089e-02  7.254285e-04
 4.75862e+00 -2.06897e-01       3.369e+11  9.987663e-01  1.407308e-03  3.351995e-02  1.233728e-03
 5.17241e+00 -2.06897e-01       1.832e+11  9.979749e-01  6.943190e-03  4.054655e-02  2.025144e-03
 5.58621e+00 -2.06897e-01       1.853e+11  9.976387e-01  4.272140e-03  4.772860e-02  2.361345e-03
 6.00000e+00 -2.06897e-01       1.689e+11  9.966322e-01 -2.569062e-04  5.794192e-02  3.367802e-03
-6.00000e+00  2.06897e-01       1.547e+11  9.923694e-01 -1.705618e-02  7.359471e-02  7.630576e-03
-5.58621e+00  2.06897e-01       1.535e+11  9.948892e-01 -2.875675e-02  6.069102e-02  5.110759e-03
-5.17241e+00  2.06897e-01       1.395e+11  9.965006e-01 -3.003639e-02  4.621742e-02  3.499436e-03
-4.75862e+00  2.06897e-01       2.767e+11  9.984740e-01 -1.150503e-02  3.224748e-02  1.525960e-03
-4.34483e+00  2.06897e-01       7.678e+11  9.992061e-01 -3.005078e-03  2.833463e-02  7.939257e-04
-3.93103e+00  2.06897e-01       1.403e+12  9.993348e-01 -1.663180e-03  2.637394e-02  6.651885e-04
-3.51724e+00  2.06897e-01       1.871e+12  9.993781e-01 -4.652967e-03  2.381711e-02  6.218813e-04
-3.10345e+00  2.06897e-01       3.633e+12  9.994003e-01 -8.280887e-03  2.656552e-02  5.996593e-04
-2.68966e+00  2.06897e-01       9.288e+12  9.993859e-01 -7.082705e-03  3.040136e-02  6.140916e-04
-2.27586e+00  2.06897e-01       1.644e+13  9.993810e-01 -4.990394e-03  3.174197e-02  6.189507e-04
-1.86207e+00  2.06897e-01       1.699e+13  9.993941e-01 -3.083105e-03  3.179014e-02  6.058949e-04
-1.44828e+00  2.06897e-01       1.053e+13  9.994464e-01 -1.516375e-03  3.000518e-02  5.535787e-04
-1.03448e+00  2.06897e-01       4.897e+12  9.996055e-01 -9.381348e-04  2.311407e-02  3.945363e-04
-6.20690e-01  2.06897e-01       2.624e+12  9.998220e-01 -2.495107e-03  1.142636e-02  1.780059e-04
-2.06897e-01  2.06897e-01       1.916e+12  9.998889e-01 -6.147216e-03  1.071422e-03  1.110963e-04
 2.06897e-01  2.06897e-01       2.084e+12  9.998215e-01 -9.091349e-03 -8.966523e-03  1.784964e-04
 6.20690e-01  2.06897e-01       3.087e+12  9.996499e-01 -8.853683e-03 -1.851380e-02  3.500834e-04
 1.03448e+00  2.06897e-01       5.651e+12  9.993113e-01 -8.134356e-03 -3.103559e-02  6.886800e-04
 1.44828e+00  2.06897e-01       1.169e+13  9.990433e-01 -7.036300e-03 -3.991352e-02  9.566982e-04
 1.86207e+00  2.06897e-01       1.807e+13  9.989225e-01 -5.230044e-03 -4.350647e-02  1.077548e-03
 2.27586e+00  2.06897e-01       1.648e+13  9.988417e-01 -3.152107e-03 -4.544975e-02  1.158320e-03
 2.68966e+00  2.06897e-01       8.461e+12  9.987479e-01 -9.467769e-04 -4.718310e-02  1.252085e-03
 3.10345e+00  2.06897e-01       2.852e+12  9.985591e-01  9.347251e-04 -4.995565e-02  1.440930e-03
 3.51724e+00  2.06897e-01       1.502e+12  9.983339e-01  4.000238e-04 -5.376141e-02  1.666057e-03
 3.93103e+00  2.06897e-01       1.341e+12  9.983413e-01  6.977897e-04 -5.401566e-02  1.658677e-03
 4.34483e+00  2.06897e-01       8.249e+11  9.981251e-01  2.559068e-03 -5.515080e-02  1.874860e-03
 4.75862e+00  2.06897e-01       3.378e+11  9.968178e-01  2.905939e-03 -6.480702e-02  3.182222e-03
 5.17241e+00  2.06897e-01       1.841e+11  9.941752e-01 -1.025935e-02 -8.752231e-02  5.824825e-03
 5.58621e+00  2.06897e-01       1.860e+11  9.926366e-01 -2.018491e-02 -9.683351e-02  7.363386e-03
 6.00000e+00  2.06897e-01       1.695e+11  9.890326e-01 -1.748500e-02 -1.098836e-01  1.096744e-02
-6.00000e+00  6.20690e-01       1.570e+11  9.331687e-01 -6.636574e-02  2.149980e-01  6.683129e-02
-5.58621e+00  6.20690e-01       1.538e+11  9.580440e-01 -7.384021e-02  1.699243e-01  4.195600e-02
-5.17241e+00  6.20690e-01       1.342e+11  9.691032e-01 -5.973553e-02  1.483168e-01  3.089677e-02
-4.75862e+00  6.20690e-01       2.526e+11  9.849926e-01 -2.425575e-02  1.217280e-01  1.500743e-02
-4.34483e+00  6.20690e-01       7.205e+11  9.925633e-01 -1.010254e-02  1.073585e-01  7.436749e-03
-3.93103e+00  6.20690e-01       1.381e+12  9.940926e-01 -7.162708e-03  1.029484e-01  5.907421e-03
-3.51724e+00  6.20690e-01       1.823e+12  9.945376e-01 -9.459989e-03  9.952535e-02  5.462405e-03
-3.10345e+00  6.20690e-01       3.218e+12  9.944123e-01 -1.259267e-02  1.015019e-01  5.587703e-03
-2.68966e+00  6.20690e-01       8.451e+12  9.941981e-01 -9.164087e-03  1.050853e-01  5.801944e-03
-2.27586e+00  6.20690e-01       1.654e+13  9.942735e-01 -4.679419e-03  1.050921e-01  5.726503e-03
-1.86207e+00  6.20690e-01       1.919e+13  9.945253e-01 -7.653287e-04  1.028133e-01  5.474713e-03
-1.44828e+00  6.20690e-01       1.320e+13  9.950401e-01  2.224807e-03  9.673568e-02  4.959888e-03
-1.03448e+00  6.20690e-01       6.458e+12  9.963595e-01  2.448365e-03  7.727529e-02  3.640538e-03
-6.20690e-01  6.20690e-01       3.734e+12  9.985134e-01 -2.897152e-03  3.719992e-02  1.486641e-03
-2.06897e-01  6.20690e-01       3.242e+12  9.994624e-01 -8.806819e-03  3.367032e-03  5.375714e-04
 2.06897e-01  6.20690e-01       3.408e+12  9.992239e-01 -1.103715e-02 -2.248656e-02  7.761038e-04
 6.20690e-01  6.20690e-01       4.180e+12  9.978502e-01 -1.054760e-02 -5.214400e-02  2.149831e-03
 1.03448e+00  6.20690e-01       7.248e+12  9.954060e-01 -9.876935e-03 -8.776625e-02  4.593968e-03
 1.44828e+00  6.20690e-01       1.446e+13  9.939493e-01 -7.131513e-03 -1.063448e-01  6.050724e-03
 1.86207e+00  6.20690e-01       2.023e+13  9.932933e-01 -2.983318e-03 -1.134282e-01  6.706706e-03
 2.27586e+00  6.20690e-01       1.641e+13  9.927861e-01  1.390951e-03 -1.179468e-01  7.213910e-03
 2.68966e+00  6.20690e-01       7.556e+12  9.922013e-01  5.705209e-03 -1.224269e-01  7.798656e-03
 3.10345e+00  6.20690e-01       2.475e+12  9.912825e-01  8.397533e-03 -1.287078e-01  8.717549e-03
 3.51724e+00  6.20690e-01       1.500e+12  9.908172e-01  5.569077e-03 -1.322102e-01  9.182796e-03
 3.93103e+00  6.20690e-01       1.345e+12  9.909132e-01  5.659182e-03 -1.311122e-01  9.086807e-03
 4.34483e+00  6.20690e-01       7.853e+11  9.895251e-01  8.080473e-03 -1.349643e-01  1.047491e-02
 4.75862e+00  6.20690e-01       3.142e+11  9.819249e-01  5.168605e-03 -1.602469e-01  1.807510e-02
 5.17241e+00  6.20690e-01       1.827e+11  9.672082e-01 -2.255514e-02 -2.140500e-01  3.279175e-02
 5.58621e+00  6.20690e-01       1.987e+11  9.582062e-01 -3.724990e-02 -2.363555e-01  4.179376e-02
 6.00000e+00  6.20690e-01       1.828e+11  9.349844e-01 -2.985583e-02 -2.661549e-01  6.501557e-02
-6.00000e+00  1.03448e+00       1.505e+11  8.516837e-01 -5.523790e-02  2.681341e-01  1.483163e-01
-5.58621e+00  1.03448e+00       1.568e+11  9.105364e-01 -3.199696e-02  2.401041e-01  8.946359e-02
-5.17241e+00  1.03448e+00       1.391e+11  9.248669e-01 -3.420947e-02  2.534889e-01  7.513307e-02
-4.75862e+00  1.03448e+00       2.195e+11  9.545734e-01 -3.413309e-02  2.130180e-01  4.542660e-02
-4.34483e+00  1.03448e+00       6.194e+11  9.793100e-01 -1.788185e-02  1.747240e-01  2.068998e-02
-3.93103e+00  1.03448e+00       1.309e+12  9.848616e-01 -1.187687e-02  1.657326e-01  1.513841e-02
-3.51724e+00  1.03448e+00       1.768e+12  9.861885e-01 -1.282762e-02  1.610547e-01  1.381146e-02
-3.10345e+00  1.03448e+00       2.550e+12  9.863556e-01 -1.714194e-02  1.600130e-01  1.364438e-02
-2.68966e+00  1.03448e+00       6.553e+12  9.861832e-01 -1.327670e-02  1.625123e-01  1.381683e-02
-2.27586e+00  1.03448e+00       1.547e+13  9.866160e-01 -6.671220e-03  1.608957e-01  1.338401e-02
-1.86207e+00  1.03448e+00       2.281e+13  9.874147e-01 -9.099575e-04  1.562076e-01  1.258531e-02
-1.44828e+00  1.03448e+00       1.987e+13  9.885384e-01  3.801271e-03  1.484066e-01  1.146163e-02
-1.03448e+00  1.03448e+00       1.086e+13  9.904627e-01  6.737591e-03  1.311206e-01  9.537342e-03
-6.20690e-01  1.03448e+00       5.204e+12  9.946198e-01  5.166176e-03  8.013909e-02  5.380218e-03
-2.06897e-01  1.03448e+00       3.917e+12  9.983792e-01  6.524433e-04  1.156680e-02  1.620804e-03
 2.06897e-01  1.03448e+00       4.003e+12  9.978154e-01 -2.126836e-03 -3.546970e-02  2.184583e-03
 6.20690e-01  1.03448e+00       5.576e+12  9.931101e-01 -8.394046e-03 -9.830038e-02  6.889913e-03
 1.03448e+00  1.03448e+00       1.187e+13  9.889430e-01 -9.627768e-03 -1.418291e-01  1.105703e-02
 1.44828e+00  1.03448e+00       2.136e+13  9.871110e-01 -4.611843e-03 -1.570172e-01  1.288905e-02
 1.86207e+00  1.03448e+00       2.355e+13  9.858105e-01  1.482525e-03 -1.655322e-01  1.418950e-02
 2.27586e+00  1.03448e+00       1.490e+13  9.844833e-01  7.427969e-03 -1.730956e-01  1.551672e-02
 2.68966e+00  1.03448e+00       5.573e+12  9.827740e-01  1.297523e-02 -1.816843e-01  1.722596e-02
 3.10345e+00  1.03448e+00       1.903e+12  9.803755e-01  1.384106e-02 -1.927761e-01  1.962446e-02
 3.51724e+00  1.03448e+00       1.533e+12  9.803105e-01  9.089764e-03 -1.936851e-01  1.968949e-02
 3.93103e+00  1.03448e+00       1.316e+12  9.802049e-01  1.020652e-02 -1.926745e-01  1.979514e-02
 4.34483e+00  1.03448e+00       6.942e+11  9.754590e-01  1.248700e-02 -2.024674e-01  2.454104e-02
 4.75862e+00  1.03448e+00       2.749e+11  9.548513e-01  2.199477e-03 -2.466906e-01  4.514875e-02
 5.17241e+00  1.03448e+00       1.747e+11  9.265400e-01 -2.915775e-02 -3.154828e-01  7.345996e-02
 5.58621e+00  1.03448e+00       1.951e+11  9.115942e-01 -3.609609e-02 -3.421297e-01  8.840581e-02
 6.00000e+00  1.03448e+00       1.816e+11  8.632813e-01 -3.375284e-02 -3.725291e-01  1.367187e-01
-6.00000e+00  1.44828e+00       1.846e+11  7.387099e-01  1.259000e-02  4.512619e-01  2.612901e-01
-5.58621e+00  1.44828e+00       2.065e+11  8.232513e-01 -3.650236e-02  4.197813e-01  1.767487e-01
-5.17241e+00  1.44828e+00       1.723e+11  8.550221e-01 -8.210177e-02  3.814840e-01  1.449779e-01
-4.75862e+00  1.44828e+00       1.851e+11  8.954893e-01 -7.192264e-02  3.052947e-01  1.045107e-01
-4.34483e+00  1.44828e+00       4.670e+11  9.577322e-01 -2.866266e-02  2.276565e-01  4.226777e-02
-3.93103e+00  1.44828e+00       1.143e+12  9.748947e-01 -1.714185e-02  2.083128e-01  2.510532e-02
-3.51724e+00  1.44828e+00       1.734e+12  9.783158e-01 -1.605562e-02  2.017353e-01  2.168419e-02
-3.10345e+00  1.44828e+00       2.013e+12  9.793165e-01 -2.056090e-02  1.968921e-01  2.068345e-02
-2.68966e+00  1.44828e+00       3.923e+12  9.798022e-01 -2.014565e-02  1.948280e-01  2.019777e-02
-2.27586e+00  1.44828e+00       1.115e+13  9.810943e-01 -1.204229e-02  1.899732e-01  1.890573e-02
-1.86207e+00  1.44828e+00       2.349e+13  9.828532e-01 -4.489520e-03  1.812935e-01  1.714680e-02
-1.44828e+00  1.44828e+00       3.108e+13  9.850043e-01  1.647042e-03  1.689130e-01  1.499567e-02
-1.03448e+00  1.44828e+00       2.576e+13  9.875743e-01  5.865375e-03  1.518815e-01  1.242569e-02
-6.20690e-01  1.44828e+00       1.415e+13  9.905934e-01  6.872002e-03  1.254047e-01  9.406633e-03
-2.06897e-01  1.44828e+00       6.699e+12  9.937243e-01 -8.834225e-04  5.625362e-02  6.275674e-03
 2.06897e-01  1.44828e+00       6.976e+12  9.927153e-01 -1.526213e-02 -8.050400e-02  7.284684e-03
 6.20690e-01  1.44828e+00       1.521e+13  9.892476e-01 -1.228238e-02 -1.377179e-01  1.075243e-02
 1.03448e+00  1.44828e+00       2.753e+13  9.864261e-01 -4.875360e-03 -1.595647e-01  1.357389e-02
 1.44828e+00  1.44828e+00       3.234e+13  9.838101e-01  2.223001e-03 -1.755645e-01  1.618991e-02
 1.86207e+00  1.44828e+00       2.324e+13  9.812127e-01  8.749764e-03 -1.895160e-01  1.878725e-02
 2.27586e+00  1.44828e+00       1.005e+13  9.783172e-01  1.494447e-02 -2.031731e-01  2.168284e-02
 2.68966e+00  1.44828e+00       2.994e+12  9.740367e-01  1.964719e-02 -2.206013e-01  2.596326e-02
 3.10345e+00  1.44828e+00       1.538e+12  9.709268e-01  1.417183e-02 -2.334570e-01  2.907320e-02
 3.51724e+00  1.44828e+00       1.611e+12  9.720077e-01  1.122188e-02 -2.302428e-01  2.799234e-02
 3.93103e+00  1.44828e+00       1.194e+12  9.701468e-01  1.369608e-02 -2.328643e-01  2.985316e-02
 4.34483e+00  1.44828e+00       5.492e+11  9.558623e-01  1.340585e-02 -2.586478e-01  4.413774e-02
 4.75862e+00  1.44828e+00       2.460e+11  9.102873e-01 -1.955282e-02 -3.415340e-01  8.971271e-02
 5.17241e+00  1.44828e+00       2.132e+11  8.772378e-01 -6.070795e-02 -4.048795e-01  1.227622e-01
 5.58621e+00  1.44828e+00       2.286e+11  8.474466e-01 -5.280919e-02 -4.352107e-01  1.525534e-01
 6.00000e+00  1.44828e+00       1.983e+11  7.638574e-01 -4.546811e-02 -4.965400e-01  2.361426e-01
-6.00000e+00  1.86207e+00       1.984e+11  5.534310e-01 -4.790405e-02  5.139113e-01  4.465690e-01
-5.58621e+00  1.86207e+00       2.186e+11  7.447998e-01 -5.432398e-02  4.205155e-01  2.552002e-01
-5.17241e+00  1.86207e+00       1.928e+11  8.170209e-01 -4.759431e-02  4.013081e-01  1.829791e-01
-4.75862e+00  1.86207e+00       1.715e+11  8.343897e-01 -6.227503e-02  3.899095e-01  1.656103e-01
-4.34483e+00  1.86207e+00       3.091e+11  9.172006e-01 -4.261238e-02  2.809894e-01  8.279939e-02
-3.93103e+00  1.86207e+00       8.492e+11  9.651157e-01 -2.275972e-02  2.272883e-01  3.488425e-02
-3.51724e+00  1.86207e+00       1.612e+12  9.746765e-01 -1.863198e-02  2.144765e-01  2.532355e-02
-3.10345e+00  1.86207e+00       1.897e+12  9.768904e-01 -2.111048e-02  2.076018e-01  2.310963e-02
-2.68966e+00  1.86207e+00       2.094e+12  9.774698e-01 -2.675086e-02  2.022509e-01  2.253022e-02
-2.27586e+00  1.86207e+00       4.647e+12  9.800045e-01 -2.195583e-02  1.907805e-01  1.999554e-02
-1.86207e+00  1.86207e+00       1.354e+13  9.835642e-01 -1.314204e-02  1.743344e-01  1.643584e-02
-1.44828e+00  1.86207e+00       3.009e+13  9.868738e-01 -5.423493e-03  1.545795e-01  1.312621e-02
-1.03448e+00  1.86207e+00       4.663e+13  9.904268e-01  6.492892e-04  1.269258e-01  9.573227e-03
-6.20690e-01  1.86207e+00       5.400e+13  9.941132e-01  3.940161e-03  8.622084e-02  5.886752e-03
-2.06897e-01  1.86207e+00       5.427e+13  9.967595e-01  4.103886e-03  2.902185e-02  3.240500e-03
 2.06897e-01  1.86207e+00       5.491e+13  9.966152e-01  3.397625e-03 -3.621129e-02  3.384755e-03
 6.20690e-01  1.86207e+00       5.530e+13  9.937788e-01  4.751322e-03 -9.123211e-02  6.221229e-03
 1.03448e+00  1.86207e+00       4.722e+13  9.898992e-01  8.094121e-03 -1.307366e-01  1.010078e-02
 1.44828e+00  1.86207e+00       2.934e+13  9.858306e-01  1.226850e-02 -1.599709e-01  1.416940e-02
 1.86207e+00  1.86207e+00       1.220e+13  9.813143e-01  1.689904e-02 -1.850603e-01  1.868573e-02
 2.27586e+00  1.86207e+00       3.549e+12  9.745991e-01  2.169878e-02 -2.141022e-01  2.540090e-02
 2.68966e+00  1.86207e+00       1.452e+12  9.671591e-01  1.852805e-02 -2.431375e-01  3.284089e-02
 3.10345e+00  1.86207e+00       1.644e+12  9.692432e-01  1.221878e-02 -2.389890e-01  3.075679e-02
 3.51724e+00  1.86207e+00       1.607e+12  9.696407e-01  1.347625e-02 -2.370829e-01  3.035932e-02
 3.93103e+00  1.86207e+00       9.360e+11  9.621493e-01  1.677567e-02 -2.502455e-01  3.785068e-02
 4.34483e+00  1.86207e+00       3.885e+11  9.261659e-01  8.303268e-03 -3.101051e-01  7.383411e-02
 4.75862e+00  1.86207e+00       2.215e+11  8.633616e-01 -3.664031e-02 -4.167089e-01  1.366384e-01
 5.17241e+00  1.86207e+00       2.383e+11  8.377501e-01 -5.493261e-02 -4.663126e-01  1.622499e-01
 5.58621e+00  1.86207e+00       2.639e+11  7.810103e-01 -4.687931e-02 -5.058001e-01  2.189897e-01
 6.00000e+00  1.86207e+00       2.209e+11  6.182642e-01 -3.041666e-02 -5.843539e-01  3.817358e-01
-6.00000e+00  2.27586e+00       2.299e+11  4.282613e-01 -1.861662e-02  6.194327e-01  5.717387e-01
-5.58621e+00  2.27586e+00       2.811e+11  6.352181e-01 -7.588192e-02  5.415300e-01  3.647819e-01
-5.17241e+00  2.27586e+00       2.548e+11  7.501949e-01 -8.954093e-02  4.703700e-01  2.498051e-01
-4.75862e+00  2.27586e+00       1.961e+11  7.845759e-01 -8.623533e-02  4.456230e-01  2.154241e-01
-4.34483e+00  2.27586e+00       2.055e+11  8.345265e-01 -6.594632e-02  3.673938e-01  1.654735e-01
-3.93103e+00  2.27586e+00       4.876e+11  9.428598e-01 -3.018971e-02  2.349135e-01  5.714021e-02
-3.51724e+00  2.27586e+00       1.213e+12  9.751234e-01 -1.962718e-02  1.958781e-01  2.487660e-02
-3.10345e+00  2.27586e+00       1.887e+12  9.812229e-01 -1.978901e-02  1.828346e-01  1.877713e-02
-2.68966e+00  2.27586e+00       1.860e+12  9.823743e-01 -2.584162e-02  1.756415e-01  1.762574e-02
-2.27586e+00  2.27586e+00       1.747e+12  9.808058e-01 -3.275549e-02  1.762636e-01  1.919421e-02
-1.86207e+00  2.27586e+00       2.840e+12  9.833087e-01 -2.651718e-02  1.591209e-01  1.669132e-02
-1.44828e+00  2.27586e+00       6.854e+12  9.900588e-01 -1.979471e-02  1.199224e-01  9.941246e-03
-1.03448e+00  2.27586e+00       1.596e+13  9.944854e-01 -1.466252e-02  8.589184e-02  5.514572e-03
-6.20690e-01  2.27586e+00       2.881e+13  9.968334e-01 -8.497244e-03  5.360559e-02  3.166556e-03
-2.06897e-01  2.27586e+00       3.841e+13  9.979300e-01 -2.728116e-03  1.706075e-02  2.069967e-03
 2.06897e-01  2.27586e+00       3.798e+13  9.976754e-01  1.640582e-03 -2.287985e-02  2.324625e-03
 6.20690e-01  2.27586e+00       2.768e+13  9.959063e-01  4.896489e-03 -6.292333e-02  4.093680e-03
 1.03448e+00  2.27586e+00       1.456e+13  9.924221e-01  8.237035e-03 -1.024329e-01  7.577890e-03
 1.44828e+00  2.27586e+00       5.614e+12  9.859976e-01  1.331802e-02 -1.469257e-01  1.400244e-02
 1.86207e+00  2.27586e+00       1.893e+12  9.744100e-01  1.968018e-02 -2.025418e-01  2.559002e-02
 2.27586e+00  2.27586e+00       1.115e+12  9.683292e-01  1.819951e-02 -2.272210e-01  3.167076e-02
 2.68966e+00  2.27586e+00       1.554e+12  9.750114e-01  1.327229e-02 -2.078404e-01  2.498865e-02
 3.10345e+00  2.27586e+00       1.836e+12  9.770268e-01  1.404097e-02 -2.030405e-01  2.297317e-02
 3.51724e+00  2.27586e+00       1.291e+12  9.726684e-01  1.785004e-02 -2.128613e-01  2.733162e-02
 3.93103e+00  2.27586e+00       5.867e+11  9.471851e-01  1.888657e-02 -2.598174e-01  5.281489e-02
 4.34483e+00  2.27586e+00       2.766e+11  8.734517e-01 -1.203918e-02 -3.845424e-01  1.265483e-01
 4.75862e+00  2.27586e+00       2.530e+11  8.253901e-01 -5.853394e-02 -4.769180e-01  1.746099e-01
 5.17241e+00  2.27586e+00       3.158e+11  7.947345e-01 -6.338386e-02 -5.167987e-01  2.052655e-01
 5.58621e+00  2.27586e+00       3.240e+11  6.992228e-01 -5.492320e-02 -5.805956e-01  3.007772e-01
 6.00000e+00  2.27586e+00       2.638e+11  5.178370e-01 -4.364548e-02 -6.880368e-01  4.821630e-01
-6.00000e+00  2.68966e+00       2.394e+11  2.705668e-01 -8.979477e-03  7.094968e-01  7.294332e-01
-5.58621e+00  2.68966e+00       3.106e+11  5.630791e-01 -4.339928e-02  6.040644e-01  4.369209e-01
-5.17241e+00  2.68966e+00       3.248e+11  7.136385e-01 -6.924190e-02  5.172129e-01  2.863615e-01
-4.75862e+00  2.68966e+00       2.624e+11  7.776615e-01 -8.169071e-02  4.681040e-01  2.223385e-01
-4.34483e+00  2.68966e+00       2.003e+11  7.761908e-01 -8.320613e-02  4.499775e-01  2.238092e-01
-3.93103e+00  2.68966e+00       2.399e+11  8.572984e-01 -5.399018e-02  3.017496e-01  1.427016e-01
-3.51724e+00  2.68966e+00       6.092e+11  9.640520e-01 -2.257925e-02  1.564470e-01  3.594803e-02
-3.10345e+00  2.68966e+00       1.402e+12  9.879800e-01 -1.839476e-02  1.174184e-01  1.202001e-02
-2.68966e+00  2.68966e+00       1.979e+12  9.921129e-01 -2.208572e-02  9.926901e-02  7.887076e-03
-2.27586e+00  2.68966e+00       1.760e+12  9.921533e-01 -3.123648e-02  8.824048e-02  7.846688e-03
-1.86207e+00  2.68966e+00       1.382e+12  9.891125e-01 -4.345919e-02  9.511443e-02  1.088753e-02
-1.44828e+00  2.68966e+00       1.604e+12  9.874835e-01 -4.042580e-02  1.108851e-01  1.251652e-02
-1.03448e+00  2.68966e+00       2.282e+12  9.892629e-01 -1.986981e-02  1.055559e-01  1.073706e-02
-6.20690e-01  2.68966e+00       2.799e+12  9.916986e-01  6.413565e-03  7.679737e-02  8.301437e-03
-2.06897e-01  2.68966e+00       2.904e+12  9.935095e-01  2.787462e-02  2.507617e-02  6.490544e-03
 2.06897e-01  2.68966e+00       2.767e+12  9.931296e-01  3.401300e-02 -3.783563e-02  6.870389e-03
 6.20690e-01  2.68966e+00       2.388e+12  9.897029e-01  2.498960e-02 -9.468954e-02  1.029712e-02
 1.03448e+00  2.68966e+00       1.675e+12  9.830082e-01  1.095313e-02 -1.421040e-01  1.699182e-02
 1.44828e+00  2.68966e+00       9.861e+11  9.735735e-01  4.054995e-03 -1.770718e-01  2.642652e-02
 1.86207e+00  2.68966e+00       9.158e+11  9.766160e-01  1.107333e-02 -1.528531e-01  2.338400e-02
 2.27586e+00  2.68966e+00       1.518e+12  9.872922e-01  1.330508e-02 -1.189178e-01  1.270783e-02
 2.68966e+00  2.68966e+00       1.930e+12  9.901138e-01  1.456303e-02 -1.154927e-01  9.886198e-03
 3.10345e+00  2.68966e+00       1.468e+12  9.869284e-01  1.858998e-02 -1.292372e-01  1.307156e-02
 3.51724e+00  2.68966e+00       7.152e+11  9.671091e-01  2.324959e-02 -1.788251e-01  3.289092e-02
 3.93103e+00  2.68966e+00       3.271e+11  8.980117e-01  4.757994e-03 -3.172689e-01  1.019883e-01
 4.34483e+00  2.68966e+00       2.591e+11  8.340432e-01 -4.806566e-02 -4.461222e-01  1.659568e-01
 4.75862e+00  2.68966e+00       3.244e+11  8.207548e-01 -6.515047e-02 -4.884960e-01  1.792452e-01
 5.17241e+00  2.68966e+00       3.793e+11  7.712421e-01 -5.809289e-02 -5.339404e-01  2.287579e-01
 5.58621e+00  2.68966e+00       3.386e+11  6.349021e-01 -5.432525e-02 -6.177855e-01  3.650979e-01
 6.00000e+00  2.68966e+00       2.654e+11  3.764626e-01 -4.899151e-02 -7.396693e-01  6.235374e-01
-6.00000e+00  3.10345e+00       2.934e+11  1.103568e-01  2.561764e-02  8.190126e-01  8.896432e-01
-5.58621e+00  3.10345e+00       3.292e+11  4.462327e-01 -2.698051e-02  6.772881e-01  5.537673e-01
-5.17241e+00  3.10345e+00       3.832e+11  6.601547e-01 -5.857770e-02  5.522644e-01  3.398453e-01
-4.75862e+00  3.10345e+00       3.499e+11  7.747823e-01 -6.957416e-02  4.669099e-01  2.252177e-01
-4.34483e+00  3.10345e+00       2.694e+11  8.030377e-01 -7.468778e-02  4.428373e-01  1.969623e-01
-3.93103e+00  3.10345e+00       2.032e+11  7.767337e-01 -7.641038e-02  4.301035e-01  2.232663e-01
-3.51724e+00  3.10345e+00       2.246e+11  8.575039e-01 -4.256366e-02  2.294185e-01  1.424961e-01
-3.10345e+00  3.10345e+00       5.354e+11  9.698781e-01 -1.142343e-02  3.083425e-02  3.012189e-02
-2.68966e+00  3.10345e+00       1.252e+12  9.914519e-01 -1.310983e-02 -2.849865e-02  8.548097e-03
-2.27586e+00  3.10345e+00       1.856e+12  9.911852e-01 -2.219430e-02 -6.202078e-02  8.814833e-03
-1.86207e+00  3.10345e+00       1.693e+12  9.860776e-01 -3.674891e-02 -8.953595e-02  1.392241e-02
-1.44828e+00  3.10345e+00       1.150e+12  9.793395e-01 -5.596865e-02 -9.144730e-02  2.066051e-02
-1.03448e+00  3.10345e+00       8.337e+11  9.761790e-01 -5.784955e-02 -4.464245e-02  2.382102e-02
-6.20690e-01  3.10345e+00       6.981e+11  9.742592e-01 -2.154807e-02 -1.014947e-02  2.574078e-02
-2.06897e-01  3.10345e+00       6.022e+11  9.693017e-01  2.679112e-02 -3.030088e-02  3.069830e-02
 2.06897e-01  3.10345e+00       5.389e+11  9.631001e-01  4.416194e-02 -7.952151e-02  3.689993e-02
 6.20690e-01  3.10345e+00       5.000e+11  9.554196e-01  2.248621e-02 -1.115825e-01  4.458038e-02
 1.03448e+00  3.10345e+00       5.565e+11  9.554736e-01  1.633475e-03 -6.055342e-02  4.452644e-02
 1.44828e+00  3.10345e+00       9.462e+11  9.745242e-01  5.877694e-03  3.866977e-02  2.547585e-02
 1.86207e+00  3.10345e+00       1.614e+12  9.876646e-01  1.048666e-02  6.976377e-02  1.233538e-02
 2.27586e+00  3.10345e+00       1.848e+12  9.921655e-01  1.451835e-02  5.986034e-02  7.834472e-03
 2.68966e+00  3.10345e+00       1.312e+12  9.912710e-01  2.114706e-02  2.634751e-02  8.729045e-03
 3.10345e+00  3.10345e+00       6.424e+11  9.748531e-01  2.925894e-02 -5.554061e-02  2.514688e-02
 3.51724e+00  3.10345e+00       3.229e+11  9.120157e-01  1.466452e-02 -2.404461e-01  8.798434e-02
 3.93103e+00  3.10345e+00       2.649e+11  8.521882e-01 -3.680981e-02 -3.921769e-01  1.478118e-01
 4.34483e+00  3.10345e+00       3.273e+11  8.479723e-01 -6.163688e-02 -4.352258e-01  1.520277e-01
 4.75862e+00  3.10345e+00       4.221e+11  8.241881e-01 -5.734253e-02 -4.789671e-01  1.758119e-01
 5.17241e+00  3.10345e+00       4.279e+11  7.320739e-01 -5.357516e-02 -5.528933e-01  2.679261e-01
 5.58621e+00  3.10345e+00       3.458e+11  5.359836e-01 -5.308310e-02 -6.737619e-01  4.640164e-01
 6.00000e+00  3.10345e+00       2.881e+11  2.180689e-01 -3.480213e-02 -8.014719e-01  7.819311e-01
-6.00000e+00  3.51724e+00       3.889e+11  1.843013e-02  3.000255e-02  8.885395e-01  9.815699e-01
-5.58621e+00  3.51724e+00       3.430e+11  2.941300e-01 -1.021894e-02  7.706339e-01  7.058700e-01
-5.17241e+00  3.51724e+00       4.080e+11  5.696667e-01 -5.080741e-02  6.049760e-01  4.303333e-01
-4.75862e+00  3.51724e+00       4.340e+11  7.470474e-01 -5.867604e-02  4.706865e-01  2.529526e-01
-4.34483e+00  3.51724e+00       3.738e+11  8.374836e-01 -6.233397e-02  3.929243e-01  1.625164e-01
-3.93103e+00  3.51724e+00       2.868e+11  8.383200e-01 -6.657826e-02  3.887904e-01  1.616800e-01
-3.51724e+00  3.51724e+00       2.080e+11  7.891329e-01 -6.886729e-02  3.910388e-01  2.108671e-01
-3.10345e+00  3.51724e+00       1.675e+11  8.056125e-01 -3.569642e-02  2.083160e-01  1.943875e-01
-2.68966e+00  3.51724e+00       2.688e+11  9.164462e-01  2.196480e-02 -1.262819e-01  8.355384e-02
-2.27586e+00  3.51724e+00       6.448e+11  9.383893e-01  1.900569e-02 -2.719283e-01  6.161071e-02
-1.86207e+00  3.51724e+00       1.212e+12  9.142907e-01 -4.476869e-04 -3.490192e-01  8.570929e-02
-1.44828e+00  3.51724e+00       1.481e+12  8.713157e-01 -3.385427e-02 -4.133736e-01  1.286843e-01
-1.03448e+00  3.51724e+00       1.157e+12  7.990416e-01 -8.718450e-02 -4.533378e-01  2.009584e-01
-6.20690e-01  3.51724e+00       6.494e+11  6.777554e-01 -1.404207e-01 -3.772256e-01  3.222446e-01
-2.06897e-01  3.51724e+00       4.015e+11  5.768241e-01 -1.120467e-01  7.583967e-03  4.231759e-01
 2.06897e-01  3.51724e+00       4.510e+11  6.463986e-01 -6.004168e-02  4.143221e-01  3.536014e-01
 6.20690e-01  3.51724e+00       7.310e+11  7.437528e-01 -5.538533e-02  5.353171e-01  2.562472e-01
 1.03448e+00  3.51724e+00       1.149e+12  8.084921e-01 -3.064994e-02  5.237727e-01  1.915079e-01
 1.44828e+00  3.51724e+00       1.390e+12  8.578048e-01  5.238915e-04  4.640063e-01  1.421952e-01
 1.86207e+00  3.51724e+00       1.169e+12  8.993795e-01  2.215944e-02  3.779380e-01  1.006205e-01
 2.27586e+00  3.51724e+00       7.053e+11  9.334253e-01  3.803548e-02  2.583432e-01  6.657474e-02
 2.68966e+00  3.51724e+00       3.790e+11  9.430894e-01  4.791296e-02  6.689593e-02  5.691062e-02
 3.10345e+00  3.51724e+00       2.666e+11  9.051796e-01  1.862069e-02 -1.868148e-01  9.482044e-02
 3.51724e+00  3.51724e+00       2.648e+11  8.730047e-01 -3.383245e-02 -3.178971e-01  1.269953e-01
 3.93103e+00  3.51724e+00       3.329e+11  8.815119e-01 -5.768471e-02 -3.481718e-01  1.184881e-01
 4.34483e+00  3.51724e+00       4.518e+11  8.766772e-01 -5.391707e-02 -3.917706e-01  1.233228e-01
 4.75862e+00  3.51724e+00       5.037e+11  8.117049e-01 -4.918757e-02 -4.696023e-01  1.882951e-01
 5.17241e+00  3.51724e+00       4.469e+11  6.580858e-01 -5.244563e-02 -6.006359e-01  3.419142e-01
 5.58621e+00  3.51724e+00       3.696e+11  4.273227e-01 -4.527606e-02 -7.573231e-01  5.726773e-01
 6.00000e+00  3.51724e+00       3.709e+11  1.264012e-01 -2.480800e-02 -8.581784e-01  8.735988e-01
-6.00000e+00  3.93103e+00       5.320e+11  3.101351e-02  7.033451e-02  8.981355e-01  9.689865e-01
-5.58621e+00  3.93103e+00       3.851e+11  2.088550e-01  8.143147e-02  8.425131e-01  7.911450e-01
-5.17241e+00  3.93103e+00       3.960e+11  4.670653e-01  4.705025e-03  6.888231e-01  5.329347e-01
-4.75862e+00  3.93103e+00       4.774e+11  6.917539e-01 -4.356950e-02  5.086772e-01  3.082461e-01
-4.34483e+00  3.93103e+00       4.850e+11  8.304613e-01 -5.600385e-02  3.662685e-01  1.695387e-01
-3.93103e+00  3.93103e+00       4.078e+11  8.953996e-01 -5.995775e-02  2.858812e-01  1.046004e-01
-3.51724e+00  3.93103e+00       3.175e+11  8.866664e-01 -5.430933e-02  2.873266e-01  1.133336e-01
-3.10345e+00  3.93103e+00       2.320e+11  8.267623e-01 -5.719535e-02  3.121895e-01  1.732377e-01
-2.68966e+00  3.93103e+00       1.507e+11  7.590896e-01 -4.797672e-02  2.352470e-01  2.409104e-01
-2.27586e+00  3.93103e+00       1.079e+11  7.344579e-01  7.518886e-02 -8.594810e-02  2.655421e-01
-1.86207e+00  3.93103e+00       1.229e+11  7.268307e-01  1.687996e-01 -4.540942e-01  2.731693e-01
-1.44828e+00  3.93103e+00       1.702e+11  6.223080e-01  1.644466e-01 -6.507034e-01  3.776920e-01
-1.03448e+00  3.93103e+00       2.242e+11  3.938583e-01  1.817829e-01 -7.485865e-01  6.061417e-01
-6.20690e-01  3.93103e+00       2.691e+11  6.818717e-02  2.348021e-01 -6.904897e-01  9.318128e-01
-2.06897e-01  3.93103e+00       2.857e+11 -2.359353e-01  2.787107e-01 -3.792610e-01  7.640647e-01
 2.06897e-01  3.93103e+00       2.777e+11 -2.936579e-01  2.615208e-01  1.356738e-01  7.063421e-01
 6.20690e-01  3.93103e+00       2.684e+11  2.330898e-02  1.910960e-01  5.338801e-01  9.766910e-01
 1.03448e+00  3.93103e+00       2.682e+11  4.666070e-01  1.394623e-01  5.989959e-01  5.333930e-01
 1.44828e+00  3.93103e+00       2.562e+11  7.352461e-01  1.221888e-01  4.968927e-01  2.647539e-01
 1.86207e+00  3.93103e+00       2.208e+11  8.427837e-01  1.122772e-01  3.369507e-01  1.572163e-01
 2.27586e+00  3.93103e+00       2.071e+11  8.902287e-01  7.563154e-02  7.267267e-02  1.097713e-01
 2.68966e+00  3.93103e+00       2.330e+11  8.980037e-01  6.264532e-03 -1.393411e-01  1.019963e-01
 3.10345e+00  3.93103e+00       2.654e+11  8.934368e-01 -3.858334e-02 -2.011091e-01  1.065632e-01
 3.51724e+00  3.93103e+00       3.427e+11  9.144017e-01 -5.134189e-02 -2.158104e-01  8.559834e-02
 3.93103e+00  3.93103e+00       4.868e+11  9.245329e-01 -4.902294e-02 -2.679842e-01  7.546714e-02
 4.34483e+00  3.93103e+00       5.645e+11  8.854826e-01 -4.610853e-02 -3.483463e-01  1.145174e-01
 4.75862e+00  3.93103e+00       5.058e+11  7.684031e-01 -4.943831e-02 -4.807243e-01  2.315969e-01
 5.17241e+00  3.93103e+00       4.089e+11  5.725529e-01 -4.050684e-02 -6.659574e-01  4.274471e-01
 5.58621e+00  3.93103e+00       3.709e+11  3.496585e-01 -2.840532e-03 -8.118638e-01  6.503415e-01
 6.00000e+00  3.93103e+00       4.741e+11  8.127133e-02  3.703159e-03 -8.851698e-01  9.187287e-01
-6.00000e+00  4.34483e+00       8.210e+11  7.085410e-02  2.921196e-02  9.238496e-01  9.291459e-01
-5.58621e+00  4.34483e+00       5.470e+11  2.032595e-01  8.043566e-02  8.880963e-01  7.967405e-01
-5.17241e+00  4.34483e+00       4.076e+11  3.625370e-01  6.756964e-02  7.994288e-01  6.374630e-01
-4.75862e+00  4.34483e+00       4.422e+11  5.906208e-01 -1.203281e-02  6.042277e-01  4.093792e-01
-4.34483e+00  4.34483e+00       5.301e+11  7.772477e-01 -4.838227e-02  3.939424e-01  2.227523e-01
-3.93103e+00  4.34483e+00       5.304e+11  8.896225e-01 -5.593192e-02  2.262309e-01  1.103775e-01
-3.51724e+00  4.34483e+00       4.487e+11  9.414934e-01 -5.742831e-02  1.237046e-01  5.850656e-02
-3.10345e+00  4.34483e+00       3.603e+11  9.383687e-01 -3.958528e-02  1.128430e-01  6.163131e-02
-2.68966e+00  4.34483e+00       2.819e+11  8.867760e-01 -3.021375e-02  1.573854e-01  1.132240e-01
-2.27586e+00  4.34483e+00       1.956e+11  7.934139e-01 -7.130062e-02  1.766968e-01  2.065861e-01
-1.86207e+00  4.34483e+00       1.150e+11  6.386260e-01 -4.437260e-02  1.077759e-01  3.613740e-01
-1.44828e+00  4.34483e+00       6.807e+10  4.300179e-01  2.464272e-01 -9.377977e-02  5.699821e-01
-1.03448e+00  4.34483e+00       5.186e+10  3.093664e-01  5.363480e-01 -3.258523e-01  6.906336e-01
-6.20690e-01  4.34483e+00       4.832e+10  2.415002e-01  5.262777e-01 -4.522943e-01  7.584998e-01
-2.06897e-01  4.34483e+00       4.720e+10  1.186662e-01  4.221819e-01 -4.375920e-01  8.813338e-01
 2.06897e-01  4.34483e+00       5.013e+10  1.204661e-01  3.936509e-01 -2.067483e-01  8.795339e-01
 6.20690e-01  4.34483e+00       6.476e+10  3.787252e-01  4.147643e-01  1.244027e-01  6.212748e-01
 1.03448e+00  4.34483e+00       9.417e+10  6.478150e-01  3.504466e-01  2.875550e-01  3.521850e-01
 1.44828e+00  4.34483e+00       1.393e+11  8.109835e-01  1.849555e-01  2.253298e-01  1.890165e-01
 1.86207e+00  4.34483e+00       1.971e+11  8.814315e-01  2.567229e-02  7.805114e-02  1.185685e-01
 2.27586e+00  4.34483e+00       2.356e+11  8.834904e-01 -4.128793e-02 -4.522132e-03  1.165096e-01
 2.68966e+00  4.34483e+00       2.602e+11  8.828987e-01 -3.946355e-02 -5.383004e-03  1.171013e-01
 3.10345e+00  4.34483e+00       3.620e+11  9.304643e-01 -3.852409e-02 -2.513363e-02  6.953567e-02
 3.51724e+00  4.34483e+00       5.347e+11  9.584021e-01 -4.250588e-02 -9.963572e-02  4.159786e-02
 3.93103e+00  4.34483e+00       6.172e+11  9.363629e-01 -4.445012e-02 -1.959950e-01  6.363708e-02
 4.34483e+00  4.34483e+00       5.529e+11  8.452927e-01 -5.282110e-02 -3.473526e-01  1.547073e-01
 4.75862e+00  4.34483e+00       4.521e+11  6.816339e-01 -5.087917e-02 -5.632354e-01  3.183661e-01
 5.17241e+00  4.34483e+00       4.028e+11  5.064457e-01 -1.344372e-02 -7.417345e-01  4.935543e-01
 5.58621e+00  4.34483e+00       4.706e+11  2.896446e-01  6.885764e-03 -8.489412e-01  7.103554e-01
 6.00000e+00  4.34483e+00       7.444e+11  6.114172e-02 -1.344886e-02 -9.215949e-01  9.388583e-01
-6.00000e+00  4.75862e+00       1.184e+12  1.317101e-01  8.224563e-04  9.385602e-01  8.682899e-01
-5.58621e+00  4.75862e+00       8.642e+11  2.562755e-01  4.252218e-02  8.952410e-01  7.437245e-01
-5.17241e+00  4.75862e+00       5.665e+11  3.693967e-01  9.213377e-02  8.432532e-01  6.306033e-01
-4.75862e+00  4.75862e+00       4.190e+11  4.941889e-01  6.680614e-02  7.390804e-01  5.058111e-01
-4.34483e+00  4.75862e+00       4.562e+11  6.790117e-01 -1.696848e-02  5.148934e-01  3.209883e-01
-3.93103e+00  4.75862e+00       5.509e+11  8.293711e-01 -5.207199e-02  2.639275e-01  1.706289e-01
-3.51724e+00  4.75862e+00       5.632e+11  9.132769e-01 -5.688348e-02  5.357566e-02  8.672310e-02
-3.10345e+00  4.75862e+00       4.889e+11  9.451751e-01 -6.079921e-02 -9.895088e-02  5.482487e-02
-2.68966e+00  4.75862e+00       4.005e+11  9.451132e-01 -4.506200e-02 -1.657579e-01  5.488684e-02
-2.27586e+00  4.75862e+00       3.320e+11  9.219146e-01  1.563757e-02 -1.437782e-01  7.808540e-02
-1.86207e+00  4.75862e+00       2.794e+11  8.672296e-01  3.554589e-02 -7.179897e-02  1.327704e-01
-1.44828e+00  4.75862e+00       2.182e+11  7.538905e-01 -8.087507e-02  1.241560e-02  2.461095e-01
-1.03448e+00  4.75862e+00       1.505e+11  5.661185e-01 -2.943024e-01  9.300138e-02  4.338815e-01
-6.20690e-01  4.75862e+00       1.058e+11  4.286983e-01 -4.428863e-01  2.192835e-01  5.713017e-01
-2.06897e-01  4.75862e+00       9.388e+10  4.946747e-01 -4.060607e-01  4.099831e-01  5.053253e-01
 2.06897e-01  4.75862e+00       1.131e+11  6.284047e-01 -3.101155e-01  5.031212e-01  3.715953e-01
 6.20690e-01  4.75862e+00       1.573e+11  7.049779e-01 -2.602063e-01  4.516832e-01  2.950221e-01
 1.03448e+00  4.75862e+00       1.976e+11  7.304738e-01 -2.161239e-01  3.301983e-01  2.695262e-01
 1.44828e+00  4.75862e+00       2.014e+11  7.032736e-01 -1.190566e-01  2.139889e-01  2.967264e-01
 1.86207e+00  4.75862e+00       1.946e+11  6.786594e-01  1.062106e-02  2.125044e-01  3.213406e-01
 2.27586e+00  4.75862e+00       2.563e+11  7.862376e-01  1.867085e-02  2.750819e-01  2.137624e-01
 2.68966e+00  4.75862e+00       4.237e+11  9.075367e-01 -2.656074e-02  2.220676e-01  9.246335e-02
 3.10345e+00  4.75862e+00       5.968e+11  9.570298e-01 -3.928857e-02  1.199361e-01  4.297020e-02
 3.51724e+00  4.75862e+00       6.352e+11  9.532535e-01 -4.624807e-02 -4.866525e-03  4.674655e-02
 3.93103e+00  4.75862e+00       5.502e+11  8.859255e-01 -6.124113e-02 -1.959711e-01  1.140745e-01
 4.34483e+00  4.75862e+00       4.565e+11  7.573310e-01 -6.096982e-02 -4.529257e-01  2.426690e-01
 4.75862e+00  4.75862e+00       4.161e+11  6.298342e-01 -1.743202e-02 -6.509717e-01  3.701658e-01
 5.17241e+00  4.75862e+00       4.687e+11  4.715256e-01  1.204526e-02 -7.727965e-01  5.284744e-01
 5.58621e+00  4.75862e+00       7.236e+11  2.552295e-01 -9.633159e-03 -8.843971e-01  7.447705e-01
 6.00000e+00  4.75862e+00       1.158e+12  1.040616e-01 -1.912107e-02 -9.484016e-01  8.959384e-01
-6.00000e+00  5.17241e+00       1.512e+12  2.057159e-01 -1.180572e-02  9.434509e-01  7.942841e-01
-5.58621e+00  5.17241e+00       1.269e+12  3.166558e-01  5.819833e-03  8.936684e-01  6.833442e-01
-5.17241e+00  5.17241e+00       9.281e+11  4.365543e-01  5.123877e-02  8.276050e-01  5.634457e-01
-4.75862e+00  5.17241e+00       6.006e+11  5.281931e-01  1.025182e-01  7.635498e-01  4.718069e-01
-4.34483e+00  5.17241e+00       4.145e+11  6.063980e-01  8.215554e-02  6.700683e-01  3.936020e-01
-3.93103e+00  5.17241e+00       4.226e+11  7.332757e-01 -9.321967e-03  4.468366e-01  2.667243e-01
-3.51724e+00  5.17241e+00       5.149e+11  8.387921e-01 -5.654497e-02  1.482407e-01  1.612079e-01
-3.10345e+00  5.17241e+00       5.574e+11  8.818437e-01 -6.154831e-02 -1.255665e-01  1.181563e-01
-2.68966e+00  5.17241e+00       5.098e+11  8.631719e-01 -6.029705e-02 -3.461142e-01  1.368281e-01
-2.27586e+00  5.17241e+00       4.280e+11  8.027542e-01 -7.318318e-02 -5.128559e-01  1.972458e-01
-1.86207e+00  5.17241e+00       3.544e+11  7.416318e-01 -6.166136e-02 -6.050513e-01  2.583682e-01
-1.44828e+00  5.17241e+00       2.861e+11  7.008556e-01 -1.014690e-02 -6.093226e-01  2.991444e-01
-1.03448e+00  5.17241e+00       2.103e+11  6.316120e-01  8.146467e-02 -5.129694e-01  3.683880e-01
-6.20690e-01  5.17241e+00       1.514e+11  4.382637e-01  3.074576e-01 -3.167913e-01  5.617363e-01
-2.06897e-01  5.17241e+00       1.315e+11  2.220132e-01  5.659254e-01 -1.215096e-01  7.779868e-01
 2.06897e-01  5.17241e+00       1.248e+11  1.525933e-01  6.043134e-01  3.610274e-02  8.474067e-01
 6.20690e-01  5.17241e+00       1.167e+11  1.429021e-01  4.143169e-01  2.296443e-01  8.570979e-01
 1.03448e+00  5.17241e+00       1.331e+11  1.605225e-01  1.431971e-01  4.833956e-01  8.394775e-01
 1.44828e+00  5.17241e+00       2.128e+11  3.713573e-01  1.700575e-02  6.391904e-01  6.286427e-01
 1.86207e+00  5.17241e+00       3.641e+11  6.286765e-01 -2.527182e-02  6.196632e-01  3.713235e-01
 2.27586e+00  5.17241e+00       5.242e+11  7.901809e-01 -4.074390e-02  5.171199e-01  2.098191e-01
 2.68966e+00  5.17241e+00       6.008e+11  8.784146e-01 -4.535029e-02  3.795202e-01  1.215854e-01
 3.10345e+00  5.17241e+00       5.672e+11  9.102457e-01 -6.038008e-02  2.027461e-01  8.975427e-02
 3.51724e+00  5.17241e+00       4.800e+11  8.776192e-01 -8.316617e-02 -5.684757e-02  1.223808e-01
 3.93103e+00  5.17241e+00       4.189e+11  7.999984e-01 -7.150561e-02 -3.558932e-01  2.000016e-01
 4.34483e+00  5.17241e+00       4.086e+11  7.304970e-01 -1.080756e-02 -5.432808e-01  2.695030e-01
 4.75862e+00  5.17241e+00       4.670e+11  6.238981e-01  1.920124e-02 -6.617288e-01  3.761019e-01
 5.17241e+00  5.17241e+00       7.142e+11  4.347429e-01 -8.007759e-03 -8.096524e-01  5.652571e-01
 5.58621e+00  5.17241e+00       1.188e+12  2.852244e-01 -2.025330e-02 -9.093720e-01  7.147756e-01
 6.00000e+00  5.17241e+00       1.597e+12  1.888136e-01 -1.012633e-02 -9.548379e-01  8.111864e-01
-6.00000e+00  5.58621e+00       1.712e+12  2.888899e-01 -1.171495e-02  9.359440e-01  7.111101e-01
-5.58621e+00  5.58621e+00       1.611e+12  3.834324e-01 -1.074136e-02  8.865564e-01  6.165676e-01
-5.17241e+00  5.58621e+00       1.361e+12  4.927722e-01  7.533734e-03  8.116759e-01  5.072278e-01
-4.75862e+00  5.58621e+00       1.024e+12  6.035649e-01  5.205774e-02  7.190294e-01  3.964351e-01
-4.34483e+00  5.58621e+00       6.682e+11  6.801154e-01  1.094210e-01  6.378526e-01  3.198846e-01
-3.93103e+00  5.58621e+00       4.132e+11  7.164504e-01  1.168298e-01  5.702090e-01  2.835496e-01
-3.51724e+00  5.58621e+00       3.509e+11  7.770021e-01  2.611337e-02  4.183624e-01  2.229979e-01
-3.10345e+00  5.58621e+00       4.041e+11  8.219054e-01 -5.257614e-02  1.296717e-01  1.780946e-01
-2.68966e+00  5.58621e+00       4.645e+11  7.924457e-01 -8.372213e-02 -2.262370e-01  2.075543e-01
-2.27586e+00  5.58621e+00       4.726e+11  6.966962e-01 -7.383760e-02 -5.243812e-01  3.033038e-01
-1.86207e+00  5.58621e+00       4.066e+11  5.209643e-01 -4.910698e-02 -7.262814e-01  4.790357e-01
-1.44828e+00  5.58621e+00       3.371e+11  2.123267e-01 -6.667066e-02 -8.604128e-01  7.876733e-01
-1.03448e+00  5.58621e+00       3.241e+11 -1.362695e-01 -1.356932e-01 -8.729113e-01  8.637305e-01
-6.20690e-01  5.58621e+00       3.256e+11 -4.159721e-01 -1.949495e-01 -7.232721e-01  5.840279e-01
-2.06897e-01  5.58621e+00       3.122e+11 -6.366050e-01 -2.262148e-01 -3.787132e-01  3.633950e-01
 2.06897e-01  5.58621e+00       3.114e+11 -6.995359e-01 -2.197285e-01  1.246028e-01  3.004641e-01
 6.20690e-01  5.58621e+00       3.342e+11 -5.221228e-01 -1.762742e-01  5.611362e-01  4.778772e-01
 1.03448e+00  5.58621e+00       3.642e+11 -1.649838e-01 -1.140424e-01  7.926574e-01  8.350162e-01
 1.44828e+00  5.58621e+00       4.052e+11  2.476373e-01 -6.132212e-02  8.282115e-01  7.523627e-01
 1.86207e+00  5.58621e+00       4.527e+11  5.484771e-01 -4.935841e-02  7.430628e-01  4.515229e-01
 2.27586e+00  5.58621e+00       4.588e+11  7.066536e-01 -7.347216e-02  5.978000e-01  2.933464e-01
 2.68966e+00  5.58621e+00       4.078e+11  7.878087e-01 -1.127082e-01  3.527112e-01  2.121913e-01
 3.10345e+00  5.58621e+00       3.598e+11  8.236429e-01 -1.259101e-01 -2.002340e-03  1.763571e-01
 3.51724e+00  5.58621e+00       3.591e+11  8.276705e-01 -6.304483e-02 -2.811018e-01  1.723295e-01
 3.93103e+00  5.58621e+00       3.899e+11  8.184164e-01  1.715690e-02 -3.991593e-01  1.815836e-01
 4.34483e+00  5.58621e+00       4.652e+11  7.467465e-01  2.655777e-02 -5.135022e-01  2.532535e-01
 4.75862e+00  5.58621e+00       7.257e+11  5.904904e-01 -1.136438e-02 -7.031878e-01  4.095096e-01
 5.17241e+00  5.58621e+00       1.230e+12  4.582729e-01 -2.073895e-02 -8.362172e-01  5.417271e-01
 5.58621e+00  5.58621e+00       1.706e+12  3.665282e-01 -8.350593e-03 -9.030423e-01  6.334718e-01
 6.00000e+00  5.58621e+00       1.845e+12  2.888109e-01  4.966461e-03 -9.404956e-01  7.111891e-01
-6.00000e+00  6.00000e+00       1.799e+12  3.921646e-01 -5.809772e-03  9.088082e-01  6.078354e-01
-5.58621e+00  6.00000e+00       1.815e+12  4.582461e-01 -1.110907e-02  8.691884e-01  5.417539e-01
-5.17241e+00  6.00000e+00       1.673e+12  5.489540e-01 -1.046538e-02  7.976566e-01  4.510460e-01
-4.75862e+00  6.00000e+00       1.440e+12  6.491770e-01  4.863869e-03  6.946952e-01  3.508230e-01
-4.34483e+00  6.00000e+00       1.144e+12  7.472551e-01  4.400846e-02  5.684151e-01  2.527449e-01
-3.93103e+00  6.00000e+00       7.991e+11  8.161194e-01  1.042097e-01  4.535382e-01  1.838806e-01
-3.51724e+00  6.00000e+00       4.706e+11  8.297924e-01  1.536000e-01  3.855656e-01  1.702076e-01
-3.10345e+00  6.00000e+00       2.960e+11  8.292167e-01  1.134662e-01  3.247220e-01  1.707833e-01
-2.68966e+00  6.00000e+00       2.794e+11  8.656971e-01  9.426613e-03  1.844387e-01  1.343029e-01
-2.27586e+00  6.00000e+00       2.986e+11  8.291854e-01 -7.598557e-02 -3.443236e-02  1.708146e-01
-1.86207e+00  6.00000e+00       2.974e+11  6.335138e-01 -1.422344e-01 -3.376493e-01  3.664862e-01
-1.44828e+00  6.00000e+00       2.931e+11  2.297506e-01 -1.763960e-01 -6.195752e-01  7.702494e-01
-1.03448e+00  6.00000e+00       3.059e+11 -2.400375e-01 -1.953234e-01 -7.180937e-01  7.599625e-01
-6.20690e-01  6.00000e+00       3.193e+11 -5.714974e-01 -1.803821e-01 -5.799148e-01  4.285026e-01
-2.06897e-01  6.00000e+00       3.163e+11 -7.494842e-01 -1.404884e-01 -2.293776e-01  2.505158e-01
 2.06897e-01  6.00000e+00       3.175e+11 -7.319133e-01 -1.266904e-01  2.458365e-01  2.680867e-01
 6.20690e-01  6.00000e+00       3.270e+11 -5.279809e-01 -1.483576e-01  6.276021e-01  4.720191e-01
 1.03448e+00  6.00000e+00       3.083e+11 -2.574708e-01 -1.744751e-01  8.040901e-01  7.425292e-01
 1.44828e+00  6.00000e+00       2.570e+11  6.093823e-02 -2.135656e-01  7.646458e-01  9.390618e-01
 1.86207e+00  6.00000e+00       2.258e+11  4.300474e-01 -2.641750e-01  4.962807e-01  5.699526e-01
 2.27586e+00  6.00000e+00       2.322e+11  6.837067e-01 -2.337674e-01  1.675711e-01  3.162933e-01
 2.68966e+00  6.00000e+00       2.669e+11  8.038748e-01 -1.039895e-01 -5.601830e-02  1.961252e-01
 3.10345e+00  6.00000e+00       3.249e+11  8.669272e-01  1.905011e-02 -1.356594e-01  1.330728e-01
 3.51724e+00  6.00000e+00       3.733e+11  8.828036e-01  5.869056e-02 -1.746408e-01  1.171964e-01
 3.93103e+00  6.00000e+00       4.675e+11  8.284342e-01  1.921192e-02 -3.344175e-01  1.715658e-01
 4.34483e+00  6.00000e+00       7.742e+11  7.167500e-01 -2.076281e-02 -5.768217e-01  2.832500e-01
 4.75862e+00  6.00000e+00       1.311e+12  6.178120e-01 -1.955943e-02 -7.313604e-01  3.821880e-01
 5.17241e+00  6.00000e+00       1.809e+12  5.386782e-01 -3.202196e-03 -8.159548e-01  4.613218e-01
 5.58621e+00  6.00000e+00       1.989e+12  4.660664e-01  9.450301e-03 -8.696908e-01  5.339336e-01
 6.00000e+00  6.00000e+00       1.829e+12  3.956157e-01  1.035024e-02 -9.069267e-01  6.043843e-01
