 EB(GeV)    EMITTANCEx EMITTANCEy SIZEx(m)   SIZEy(m)   DIVx(rad)  DIVy(rad)
 1.500e+00  5.941e-09  5.941e-11  1.840e-04  1.299e-05  3.228e-05  4.574e-06
 betax      alphax     betay      alphay     eta        deta       E_spread  
 5.700e+00  0.000e+00  2.840e+00  0.000e+00  0.000e+00  0.000e+00  1.000e-03
 Ibeam(A) 
  2.000e-01


           x            y       F.Density            PL            PC          PL45        1-|PL|
          mm           mm  ph/s/mm^2/0.1%             -             -             -             -
-6.00000e+00 -6.00000e+00       1.475e+12  5.595987e-01  9.890804e-03 -8.023987e-01  4.404013e-01
-5.58621e+00 -6.00000e+00       2.073e+12  6.126706e-01  5.144461e-03 -7.693089e-01  3.873294e-01
-5.17241e+00 -6.00000e+00       2.443e+12  6.492737e-01  1.410194e-03 -7.393662e-01  3.507263e-01
-4.75862e+00 -6.00000e+00       2.282e+12  6.929558e-01 -4.368773e-03 -6.869626e-01  3.070442e-01
-4.34483e+00 -6.00000e+00       1.869e+12  7.576285e-01 -1.320980e-02 -5.833021e-01  2.423715e-01
-3.93103e+00 -6.00000e+00       1.529e+12  8.329300e-01 -1.893600e-02 -4.197209e-01  1.670700e-01
-3.51724e+00 -6.00000e+00       1.270e+12  8.939008e-01 -2.549561e-02 -2.339586e-01  1.060992e-01
-3.10345e+00 -6.00000e+00       9.536e+11  9.215659e-01 -4.979341e-02 -7.986449e-02  7.843411e-02
-2.68966e+00 -6.00000e+00       5.895e+11  9.057221e-01 -9.911011e-02  8.725454e-03  9.427789e-02
-2.27586e+00 -6.00000e+00       3.312e+11  8.321091e-01 -1.596670e-01  1.162332e-02  1.678909e-01
-1.86207e+00 -6.00000e+00       2.310e+11  7.268938e-01 -1.442544e-01  4.911195e-02  2.731062e-01
-1.44828e+00 -6.00000e+00       2.335e+11  6.725353e-01 -3.331337e-02  2.721492e-01  3.274647e-01
-1.03448e+00 -6.00000e+00       2.607e+11  6.562057e-01 -2.137335e-02  4.694122e-01  3.437943e-01
-6.20690e-01 -6.00000e+00       2.549e+11  6.649066e-01 -1.137610e-01  5.191419e-01  3.350934e-01
-2.06897e-01 -6.00000e+00       2.195e+11  6.699716e-01 -2.022143e-01  4.651562e-01  3.300284e-01
 2.06897e-01 -6.00000e+00       1.871e+11  5.733945e-01 -1.911606e-01  3.978256e-01  4.266055e-01
 6.20690e-01 -6.00000e+00       1.747e+11  3.749086e-01 -4.947756e-02  2.940322e-01  6.250914e-01
 1.03448e+00 -6.00000e+00       1.887e+11  3.354041e-01  6.398664e-02  9.008624e-02  6.645959e-01
 1.44828e+00 -6.00000e+00       2.340e+11  5.292755e-01 -1.727187e-02 -1.012597e-01  4.707245e-01
 1.86207e+00 -6.00000e+00       2.947e+11  7.054479e-01 -9.838736e-02 -2.032939e-01  2.945521e-01
 2.27586e+00 -6.00000e+00       3.418e+11  7.916590e-01 -5.144435e-02 -2.338946e-01  2.083410e-01
 2.68966e+00 -6.00000e+00       3.968e+11  8.491226e-01  2.675066e-02 -1.806127e-01  1.508774e-01
 3.10345e+00 -6.00000e+00       5.351e+11  8.857938e-01  5.291732e-02  3.672981e-03  1.142062e-01
 3.51724e+00 -6.00000e+00       8.784e+11  8.715300e-01  3.292146e-02  2.603385e-01  1.284700e-01
 3.93103e+00 -6.00000e+00       1.469e+12  8.242353e-01  8.025080e-03  4.577479e-01  1.757647e-01
 4.34483e+00 -6.00000e+00       2.062e+12  7.677421e-01 -4.566957e-03  5.853482e-01  2.322579e-01
 4.75862e+00 -6.00000e+00       2.358e+12  7.017067e-01 -7.346164e-03  6.795914e-01  2.982933e-01
 5.17241e+00 -6.00000e+00       2.344e+12  6.328888e-01 -5.998472e-03  7.516277e-01  3.671112e-01
 5.58621e+00 -6.00000e+00       2.116e+12  5.759511e-01 -7.778546e-03  7.976916e-01  4.240489e-01
 6.00000e+00 -6.00000e+00       1.719e+12  5.327938e-01 -1.379018e-02  8.251722e-01  4.672062e-01
-6.00000e+00 -5.58621e+00       1.895e+12  4.531589e-01  6.703900e-03 -8.750272e-01  5.468411e-01
-5.58621e+00 -5.58621e+00       2.277e+12  4.939791e-01  2.000796e-03 -8.521568e-01  5.060209e-01
-5.17241e+00 -5.58621e+00       2.186e+12  5.485384e-01 -3.403725e-03 -8.067532e-01  4.514616e-01
-4.75862e+00 -5.58621e+00       1.841e+12  6.314041e-01 -9.002111e-03 -7.175564e-01  3.685959e-01
-4.34483e+00 -5.58621e+00       1.500e+12  7.324848e-01 -1.610770e-02 -5.836945e-01  2.675152e-01
-3.93103e+00 -5.58621e+00       1.161e+12  8.187403e-01 -3.745198e-02 -4.462844e-01  1.812597e-01
-3.51724e+00 -5.58621e+00       7.650e+11  8.599956e-01 -7.996082e-02 -3.469971e-01  1.400044e-01
-3.10345e+00 -5.58621e+00       4.521e+11  8.525910e-01 -1.143686e-01 -2.796856e-01  1.474090e-01
-2.68966e+00 -5.58621e+00       3.365e+11  8.460425e-01 -7.536889e-02 -1.789848e-01  1.539575e-01
-2.27586e+00 -5.58621e+00       3.169e+11  8.421457e-01 -7.971544e-03 -4.485046e-02  1.578543e-01
-1.86207e+00 -5.58621e+00       2.773e+11  7.624847e-01  5.161590e-02  1.336368e-01  2.375153e-01
-1.44828e+00 -5.58621e+00       2.269e+11  5.148392e-01  8.998706e-02  3.723732e-01  4.851608e-01
-1.03448e+00 -5.58621e+00       2.043e+11 -4.260156e-03  1.187388e-01  5.290622e-01  9.957398e-01
-6.20690e-01 -5.58621e+00       2.220e+11 -5.339206e-01  1.899556e-01  4.366874e-01  4.660794e-01
-2.06897e-01 -5.58621e+00       2.539e+11 -7.623792e-01  2.373054e-01  1.393742e-01  2.376208e-01
 2.06897e-01 -5.58621e+00       2.634e+11 -7.449669e-01  2.144400e-01 -2.253954e-01  2.550331e-01
 6.20690e-01 -5.58621e+00       2.414e+11 -5.341630e-01  1.375199e-01 -5.284757e-01  4.658370e-01
 1.03448e+00 -5.58621e+00       2.151e+11 -1.070093e-01  7.807699e-02 -6.400891e-01  8.929907e-01
 1.44828e+00 -5.58621e+00       2.320e+11  4.040031e-01  1.086934e-01 -5.107750e-01  5.959969e-01
 1.86207e+00 -5.58621e+00       2.836e+11  6.830885e-01  1.371172e-01 -3.044091e-01  3.169115e-01
 2.27586e+00 -5.58621e+00       3.217e+11  7.850402e-01  9.810443e-02 -1.072099e-01  2.149598e-01
 2.68966e+00 -5.58621e+00       3.615e+11  8.404237e-01  1.886310e-02  3.751922e-02  1.595763e-01
 3.10345e+00 -5.58621e+00       4.213e+11  8.792322e-01 -1.179358e-02  1.108006e-01  1.207678e-01
 3.51724e+00 -5.58621e+00       5.192e+11  8.752384e-01  1.346994e-02  2.179948e-01  1.247616e-01
 3.93103e+00 -5.58621e+00       7.797e+11  8.049869e-01  2.692746e-02  4.258621e-01  1.950131e-01
 4.34483e+00 -5.58621e+00       1.322e+12  7.110278e-01  1.530338e-02  6.151957e-01  2.889722e-01
 4.75862e+00 -5.58621e+00       1.952e+12  6.297905e-01  3.024540e-03  7.305774e-01  3.702095e-01
 5.17241e+00 -5.58621e+00       2.278e+12  5.530544e-01 -3.126350e-03  8.060002e-01  4.469456e-01
 5.58621e+00 -5.58621e+00       2.212e+12  4.779292e-01 -4.629911e-03  8.604798e-01  5.220708e-01
 6.00000e+00 -5.58621e+00       1.907e+12  4.165742e-01 -7.111796e-03  8.943684e-01  5.834258e-01
-6.00000e+00 -5.17241e+00       1.884e+12  3.227509e-01 -6.839951e-03 -9.304777e-01  6.772491e-01
-5.58621e+00 -5.17241e+00       1.965e+12  3.905764e-01 -6.094716e-03 -8.937683e-01  6.094236e-01
-5.17241e+00 -5.17241e+00       1.755e+12  4.849435e-01 -7.251566e-03 -8.257292e-01  5.150565e-01
-4.75862e+00 -5.17241e+00       1.416e+12  5.964960e-01 -1.573102e-02 -7.261172e-01  4.035040e-01
-4.34483e+00 -5.17241e+00       1.031e+12  6.950436e-01 -4.615187e-02 -6.219773e-01  3.049564e-01
-3.93103e+00 -5.17241e+00       6.554e+11  7.495916e-01 -8.797674e-02 -5.408590e-01  2.504084e-01
-3.51724e+00 -5.17241e+00       4.355e+11  7.767089e-01 -8.211953e-02 -4.534979e-01  2.232911e-01
-3.10345e+00 -5.17241e+00       3.864e+11  8.099658e-01 -1.583260e-02 -2.827887e-01  1.900342e-01
-2.68966e+00 -5.17241e+00       4.029e+11  7.924687e-01  4.838867e-02  3.999498e-02  2.075313e-01
-2.27586e+00 -5.17241e+00       4.584e+11  6.841591e-01  8.870458e-02  4.429420e-01  3.158409e-01
-1.86207e+00 -5.17241e+00       5.072e+11  5.183713e-01  8.758425e-02  7.117321e-01  4.816287e-01
-1.44828e+00 -5.17241e+00       4.653e+11  3.026224e-01  6.768415e-02  8.463103e-01  6.973776e-01
-1.03448e+00 -5.17241e+00       3.600e+11  1.451296e-02  7.463675e-02  8.809481e-01  9.854870e-01
-6.20690e-01 -5.17241e+00       2.766e+11 -3.337211e-01  1.408549e-01  7.380631e-01  6.662789e-01
-2.06897e-01 -5.17241e+00       2.438e+11 -6.168534e-01  2.124781e-01  3.537239e-01  3.831466e-01
 2.06897e-01 -5.17241e+00       2.525e+11 -6.311155e-01  1.955210e-01 -1.802594e-01  3.688845e-01
 6.20690e-01 -5.17241e+00       3.120e+11 -3.229465e-01  1.107257e-01 -6.479683e-01  6.770535e-01
 1.03448e+00 -5.17241e+00       4.186e+11  5.010122e-02  6.090532e-02 -8.535808e-01  9.498988e-01
 1.44828e+00 -5.17241e+00       5.014e+11  3.237193e-01  5.773166e-02 -8.590651e-01  6.762807e-01
 1.86207e+00 -5.17241e+00       5.070e+11  5.323823e-01  6.182145e-02 -7.447156e-01  4.676177e-01
 2.27586e+00 -5.17241e+00       4.678e+11  7.064955e-01  6.020545e-02 -5.003529e-01  2.935045e-01
 2.68966e+00 -5.17241e+00       4.396e+11  8.228420e-01  6.782189e-02 -1.562065e-01  1.771580e-01
 3.10345e+00 -5.17241e+00       4.342e+11  8.556715e-01  5.996746e-02  1.348468e-01  1.443285e-01
 3.51724e+00 -5.17241e+00       4.503e+11  8.458506e-01  2.027016e-02  3.032289e-01  1.541494e-01
 3.93103e+00 -5.17241e+00       5.184e+11  8.101474e-01  3.815627e-03  4.168169e-01  1.898526e-01
 4.34483e+00 -5.17241e+00       7.413e+11  7.055486e-01  1.515552e-02  5.815945e-01  2.944514e-01
 4.75862e+00 -5.17241e+00       1.235e+12  5.758945e-01  1.387754e-02  7.416699e-01  4.241055e-01
 5.17241e+00 -5.17241e+00       1.830e+12  4.741759e-01  3.574166e-03  8.392041e-01  5.258241e-01
 5.58621e+00 -5.17241e+00       2.149e+12  3.922856e-01 -2.553916e-03  8.970374e-01  6.077144e-01
 6.00000e+00 -5.17241e+00       2.094e+12  3.219453e-01 -1.203414e-03  9.327019e-01  6.780547e-01
-6.00000e+00 -4.75862e+00       1.884e+12  2.363645e-01  7.462033e-04 -9.472153e-01  7.636355e-01
-5.58621e+00 -4.75862e+00       1.673e+12  3.225901e-01 -3.655495e-03 -9.024976e-01  6.774099e-01
-5.17241e+00 -4.75862e+00       1.319e+12  4.399820e-01 -1.571500e-02 -8.289878e-01  5.600180e-01
-4.75862e+00 -4.75862e+00       9.406e+11  5.528137e-01 -4.835420e-02 -7.481116e-01  4.471863e-01
-4.34483e+00 -4.75862e+00       6.092e+11  6.258938e-01 -8.316396e-02 -6.751052e-01  3.741062e-01
-3.93103e+00 -4.75862e+00       4.504e+11  6.934518e-01 -5.667441e-02 -5.522051e-01  3.065482e-01
-3.51724e+00 -4.75862e+00       4.666e+11  7.887958e-01  1.411941e-02 -2.833654e-01  2.112042e-01
-3.10345e+00 -4.75862e+00       5.654e+11  8.546949e-01  5.606550e-02  5.965192e-02  1.453051e-01
-2.68966e+00 -4.75862e+00       6.317e+11  8.537622e-01  6.843511e-02  3.230002e-01  1.462378e-01
-2.27586e+00 -4.75862e+00       5.794e+11  7.895734e-01  8.597204e-02  5.086146e-01  2.104266e-01
-1.86207e+00 -4.75862e+00       4.572e+11  6.761149e-01  1.229115e-01  6.580857e-01  3.238851e-01
-1.44828e+00 -4.75862e+00       3.367e+11  5.260265e-01  1.468431e-01  7.724526e-01  4.739735e-01
-1.03448e+00 -4.75862e+00       2.571e+11  3.308893e-01  1.605067e-01  8.414059e-01  6.691107e-01
-6.20690e-01 -4.75862e+00       2.114e+11  1.150239e-01  2.146070e-01  8.120498e-01  8.849761e-01
-2.06897e-01 -4.75862e+00       1.721e+11 -1.264555e-01  3.036803e-01  6.091581e-01  8.735445e-01
 2.06897e-01 -4.75862e+00       1.498e+11 -3.555919e-01  3.469673e-01  1.781401e-01  6.444081e-01
 6.20690e-01 -4.75862e+00       1.612e+11 -3.140710e-01  2.586157e-01 -3.227972e-01  6.859290e-01
 1.03448e+00 -4.75862e+00       2.275e+11  1.092666e-01  1.219745e-01 -6.388073e-01  8.907334e-01
 1.44828e+00 -4.75862e+00       3.783e+11  5.061506e-01  6.552932e-02 -7.003237e-01  4.938494e-01
 1.86207e+00 -4.75862e+00       5.712e+11  7.038320e-01  5.426739e-02 -6.341118e-01  2.961680e-01
 2.27586e+00 -4.75862e+00       6.945e+11  8.097944e-01  4.611924e-02 -5.217762e-01  1.902056e-01
 2.68966e+00 -4.75862e+00       6.839e+11  8.718616e-01  4.039047e-02 -3.655137e-01  1.281384e-01
 3.10345e+00 -4.75862e+00       5.948e+11  8.895458e-01  4.225439e-02 -1.154009e-01  1.104542e-01
 3.51724e+00 -4.75862e+00       5.201e+11  8.553369e-01  4.758425e-02  1.961294e-01  1.446631e-01
 3.93103e+00 -4.75862e+00       4.862e+11  7.938234e-01  3.085378e-02  4.283648e-01  2.061766e-01
 4.34483e+00 -4.75862e+00       5.199e+11  7.156965e-01  7.005400e-03  5.683020e-01  2.843035e-01
 4.75862e+00 -4.75862e+00       7.241e+11  5.735710e-01  9.611002e-03  7.132852e-01  4.264290e-01
 5.17241e+00 -4.75862e+00       1.198e+12  4.208059e-01  1.293658e-02  8.411738e-01  5.791941e-01
 5.58621e+00 -4.75862e+00       1.731e+12  3.136934e-01  7.488197e-03  9.122647e-01  6.863066e-01
 6.00000e+00 -4.75862e+00       1.924e+12  2.304325e-01  9.645215e-04  9.501987e-01  7.695675e-01
-6.00000e+00 -4.34483e+00       1.548e+12  1.581781e-01 -1.907352e-03 -9.474437e-01  8.418219e-01
-5.58621e+00 -4.34483e+00       1.238e+12  2.738338e-01 -1.360364e-02 -8.973183e-01  7.261662e-01
-5.17241e+00 -4.34483e+00       8.853e+11  3.994710e-01 -4.409256e-02 -8.353344e-01  6.005290e-01
-4.75862e+00 -4.34483e+00       5.881e+11  4.964922e-01 -7.621658e-02 -7.681180e-01  5.035078e-01
-4.34483e+00 -4.34483e+00       4.628e+11  6.101753e-01 -4.594539e-02 -6.249545e-01  3.898247e-01
-3.93103e+00 -4.34483e+00       5.206e+11  7.709577e-01  2.079575e-02 -3.497958e-01  2.290423e-01
-3.51724e+00 -4.34483e+00       6.354e+11  8.868109e-01  5.394898e-02 -7.794900e-02  1.131891e-01
-3.10345e+00 -4.34483e+00       6.509e+11  9.305365e-01  7.225987e-02  1.147488e-01  6.946349e-02
-2.68966e+00 -4.34483e+00       5.451e+11  9.292717e-01  9.817506e-02  2.477511e-01  7.072833e-02
-2.27586e+00 -4.34483e+00       4.222e+11  9.114523e-01  9.775056e-02  3.191537e-01  8.854774e-02
-1.86207e+00 -4.34483e+00       3.554e+11  8.934474e-01  1.751471e-02  3.127328e-01  1.065526e-01
-1.44828e+00 -4.34483e+00       3.434e+11  8.819784e-01 -6.056891e-02  2.334361e-01  1.180216e-01
-1.03448e+00 -4.34483e+00       3.215e+11  8.588770e-01 -4.487844e-02  7.856654e-02  1.411230e-01
-6.20690e-01 -4.34483e+00       2.684e+11  7.911491e-01  1.392521e-02 -1.644388e-01  2.088509e-01
-2.06897e-01 -4.34483e+00       2.352e+11  7.195745e-01  4.133971e-02 -3.757649e-01  2.804255e-01
 2.06897e-01 -4.34483e+00       2.354e+11  7.239804e-01  4.412235e-02 -3.655546e-01  2.760196e-01
 6.20690e-01 -4.34483e+00       2.320e+11  7.237401e-01  4.286446e-02 -1.963357e-01  2.762599e-01
 1.03448e+00 -4.34483e+00       2.060e+11  6.282538e-01 -9.222054e-04 -5.234541e-02  3.717462e-01
 1.44828e+00 -4.34483e+00       1.919e+11  5.545267e-01 -4.710808e-02 -1.334681e-01  4.454733e-01
 1.86207e+00 -4.34483e+00       2.554e+11  7.046162e-01  1.263465e-02 -3.214420e-01  2.953838e-01
 2.27586e+00 -4.34483e+00       4.387e+11  8.696742e-01  5.340006e-02 -3.202338e-01  1.303258e-01
 2.68966e+00 -4.34483e+00       6.673e+11  9.399955e-01  4.754339e-02 -2.375087e-01  6.000448e-02
 3.10345e+00 -4.34483e+00       7.665e+11  9.575784e-01  3.716650e-02 -1.349268e-01  4.242155e-02
 3.51724e+00 -4.34483e+00       6.914e+11  9.286811e-01  3.368787e-02  3.289599e-02  7.131891e-02
 3.93103e+00 -4.34483e+00       5.719e+11  8.414223e-01  3.723264e-02  2.919034e-01  1.585777e-01
 4.34483e+00 -4.34483e+00       4.990e+11  7.271983e-01  2.845718e-02  5.318073e-01  2.728017e-01
 4.75862e+00 -4.34483e+00       5.150e+11  6.002270e-01  7.951972e-03  6.842325e-01  3.997730e-01
 5.17241e+00 -4.34483e+00       7.218e+11  4.173822e-01  8.031266e-03  8.128720e-01  5.826178e-01
 5.58621e+00 -4.34483e+00       1.170e+12  2.538728e-01  1.144259e-02  9.074119e-01  7.461272e-01
 6.00000e+00 -4.34483e+00       1.593e+12  1.481397e-01  6.687625e-03  9.543625e-01  8.518603e-01
-6.00000e+00 -3.93103e+00       1.160e+12  1.023824e-01 -7.742657e-03 -9.334837e-01  8.976176e-01
-5.58621e+00 -3.93103e+00       8.431e+11  2.383228e-01 -3.630831e-02 -8.872247e-01  7.616772e-01
-5.17241e+00 -3.93103e+00       5.734e+11  3.638296e-01 -7.172044e-02 -8.309912e-01  6.361704e-01
-4.75862e+00 -3.93103e+00       4.540e+11  5.102440e-01 -4.861310e-02 -7.020758e-01  4.897560e-01
-4.34483e+00 -3.93103e+00       5.137e+11  7.149634e-01  1.722467e-02 -4.557646e-01  2.850366e-01
-3.93103e+00 -3.93103e+00       6.219e+11  8.660363e-01  5.223776e-02 -2.281807e-01  1.339637e-01
-3.51724e+00 -3.93103e+00       6.169e+11  9.392560e-01  7.374523e-02 -7.445372e-02  6.074401e-02
-3.10345e+00 -3.93103e+00       5.104e+11  9.642655e-01  8.851700e-02  7.254890e-03  3.573450e-02
-2.68966e+00 -3.93103e+00       4.131e+11  9.550126e-01  5.997370e-02 -1.666876e-03  4.498740e-02
-2.27586e+00 -3.93103e+00       3.355e+11  9.063266e-01  1.149442e-02 -6.960011e-02  9.367344e-02
-1.86207e+00 -3.93103e+00       2.317e+11  7.997800e-01 -1.419288e-02 -1.250940e-01  2.002200e-01
-1.44828e+00 -3.93103e+00       1.354e+11  5.904232e-01 -1.473399e-01 -1.106479e-01  4.095768e-01
-1.03448e+00 -3.93103e+00       9.280e+10  3.296130e-01 -5.398764e-01 -7.846833e-03  6.703870e-01
-6.20690e-01 -3.93103e+00       8.157e+10  1.944304e-01 -8.276379e-01  1.803770e-02  8.055696e-01
-2.06897e-01 -3.93103e+00       7.856e+10  1.961642e-01 -8.690825e-01 -1.362657e-01  8.038358e-01
 2.06897e-01 -3.93103e+00       9.149e+10  3.470219e-01 -7.650435e-01 -3.389264e-01  6.529781e-01
 6.20690e-01 -3.93103e+00       1.253e+11  5.630672e-01 -5.908322e-01 -3.807694e-01  4.369328e-01
 1.03448e+00 -3.93103e+00       1.746e+11  7.553679e-01 -3.661858e-01 -2.815501e-01  2.446321e-01
 1.44828e+00 -3.93103e+00       2.296e+11  8.612031e-01 -1.620745e-01 -1.493300e-01  1.387969e-01
 1.86207e+00 -3.93103e+00       2.575e+11  8.681048e-01 -4.542098e-02 -6.856900e-02  1.318952e-01
 2.27586e+00 -3.93103e+00       2.680e+11  8.547004e-01  1.819009e-02 -6.776224e-02  1.452996e-01
 2.68966e+00 -3.93103e+00       3.688e+11  9.140223e-01  5.430807e-02 -7.013023e-02  8.597771e-02
 3.10345e+00 -3.93103e+00       5.839e+11  9.654740e-01  5.255740e-02 -1.307712e-02  3.452605e-02
 3.51724e+00 -3.93103e+00       7.350e+11  9.675996e-01  3.953884e-02  6.507704e-02  3.240044e-02
 3.93103e+00 -3.93103e+00       6.932e+11  9.166861e-01  3.192112e-02  1.945430e-01  8.331389e-02
 4.34483e+00 -3.93103e+00       5.648e+11  7.959978e-01  3.214343e-02  4.108296e-01  2.040022e-01
 4.75862e+00 -3.93103e+00       4.765e+11  6.400653e-01  2.340981e-02  6.292324e-01  3.599347e-01
 5.17241e+00 -3.93103e+00       4.979e+11  4.593792e-01  5.803166e-03  7.742362e-01  5.406208e-01
 5.58621e+00 -3.93103e+00       7.306e+11  2.412591e-01  7.687613e-03  8.801945e-01  7.587409e-01
 6.00000e+00 -3.93103e+00       1.144e+12  8.450871e-02  1.040957e-02  9.420960e-01  9.154913e-01
-6.00000e+00 -3.51724e+00       8.074e+11  6.895671e-02 -2.081277e-02 -9.118884e-01  9.310433e-01
-5.58621e+00 -3.51724e+00       5.552e+11  2.157949e-01 -6.068528e-02 -8.699167e-01  7.842051e-01
-5.17241e+00 -3.51724e+00       4.236e+11  3.854939e-01 -6.082449e-02 -7.724090e-01  6.145061e-01
-4.75862e+00 -3.51724e+00       4.610e+11  6.220864e-01  3.873318e-03 -5.633281e-01  3.779136e-01
-4.34483e+00 -3.51724e+00       5.651e+11  8.097794e-01  4.680915e-02 -3.584138e-01  1.902206e-01
-3.93103e+00 -3.51724e+00       5.718e+11  9.085963e-01  6.992698e-02 -2.232684e-01  9.140372e-02
-3.51724e+00 -3.51724e+00       4.771e+11  9.439621e-01  8.220873e-02 -1.651315e-01  5.603790e-02
-3.10345e+00 -3.51724e+00       3.752e+11  9.248913e-01  6.060358e-02 -1.878001e-01  7.510866e-02
-2.68966e+00 -3.51724e+00       2.731e+11  8.625553e-01  1.868353e-02 -2.150825e-01  1.374447e-01
-2.27586e+00 -3.51724e+00       1.685e+11  7.731374e-01 -6.388091e-02 -1.245632e-01  2.268626e-01
-1.86207e+00 -3.51724e+00       1.045e+11  6.845323e-01 -2.626543e-01  1.523711e-01  3.154677e-01
-1.44828e+00 -3.51724e+00       8.289e+10  5.969507e-01 -4.205304e-01  4.095805e-01  4.030493e-01
-1.03448e+00 -3.51724e+00       7.387e+10  4.481573e-01 -4.282872e-01  4.501905e-01  5.518427e-01
-6.20690e-01 -3.51724e+00       6.665e+10  3.041953e-01 -3.628707e-01  1.966292e-01  6.958047e-01
-2.06897e-01 -3.51724e+00       7.204e+10  3.464640e-01 -2.773819e-01 -2.510599e-01  6.535360e-01
 2.06897e-01 -3.51724e+00       9.343e+10  4.923982e-01 -2.375859e-01 -5.278388e-01  5.076018e-01
 6.20690e-01 -3.51724e+00       1.172e+11  5.818648e-01 -2.398514e-01 -6.189423e-01  4.181352e-01
 1.03448e+00 -3.51724e+00       1.300e+11  6.445635e-01 -2.652339e-01 -5.814239e-01  3.554365e-01
 1.44828e+00 -3.51724e+00       1.453e+11  7.542339e-01 -2.797803e-01 -3.788484e-01  2.457661e-01
 1.86207e+00 -3.51724e+00       1.901e+11  8.672273e-01 -2.161048e-01 -1.127844e-01  1.327727e-01
 2.27586e+00 -3.51724e+00       2.467e+11  9.047350e-01 -1.078757e-01  5.011142e-02  9.526500e-02
 2.68966e+00 -3.51724e+00       2.809e+11  9.034044e-01 -9.611740e-03  1.025875e-01  9.659559e-02
 3.10345e+00 -3.51724e+00       3.564e+11  9.269274e-01  5.225916e-02  1.089290e-01  7.307264e-02
 3.51724e+00 -3.51724e+00       5.348e+11  9.546155e-01  5.607942e-02  1.486643e-01  4.538447e-02
 3.93103e+00 -3.51724e+00       6.724e+11  9.425854e-01  4.101011e-02  2.146687e-01  5.741455e-02
 4.34483e+00 -3.51724e+00       6.312e+11  8.707016e-01  3.129987e-02  3.318087e-01  1.292984e-01
 4.75862e+00 -3.51724e+00       5.055e+11  7.201386e-01  2.830174e-02  5.261410e-01  2.798614e-01
 5.17241e+00 -3.51724e+00       4.289e+11  5.252013e-01  1.528641e-02  7.178256e-01  4.747987e-01
 5.58621e+00 -3.51724e+00       4.914e+11  2.875868e-01  3.189088e-03  8.412574e-01  7.124132e-01
 6.00000e+00 -3.51724e+00       7.583e+11  6.292478e-02  9.668507e-03  9.146718e-01  9.370752e-01
-6.00000e+00 -3.10345e+00       5.405e+11  5.716675e-02 -3.511499e-02 -8.842991e-01  9.428333e-01
-5.58621e+00 -3.10345e+00       3.892e+11  2.403455e-01 -6.307087e-02 -8.226296e-01  7.596545e-01
-5.17241e+00 -3.10345e+00       3.869e+11  4.963024e-01 -1.646021e-02 -6.579476e-01  5.036976e-01
-4.75862e+00 -3.10345e+00       4.832e+11  7.282081e-01  3.591572e-02 -4.639463e-01  2.717919e-01
-4.34483e+00 -3.10345e+00       5.208e+11  8.590140e-01  6.211474e-02 -3.313286e-01  1.409860e-01
-3.93103e+00 -3.10345e+00       4.481e+11  9.107906e-01  7.789224e-02 -2.721636e-01  8.920941e-02
-3.51724e+00 -3.10345e+00       3.451e+11  8.970977e-01  6.774509e-02 -2.847362e-01  1.029023e-01
-3.10345e+00 -3.10345e+00       2.444e+11  8.473619e-01  2.798874e-02 -2.853329e-01  1.526381e-01
-2.68966e+00 -3.10345e+00       1.616e+11  8.189368e-01 -5.546884e-02 -1.326567e-01  1.810632e-01
-2.27586e+00 -3.10345e+00       1.465e+11  8.443234e-01 -1.420071e-01  1.952206e-01  1.556766e-01
-1.86207e+00 -3.10345e+00       2.412e+11  8.080285e-01 -1.186413e-01  4.498440e-01  1.919715e-01
-1.44828e+00 -3.10345e+00       4.535e+11  6.870859e-01 -1.114725e-01  6.007634e-01  3.129141e-01
-1.03448e+00 -3.10345e+00       6.612e+11  5.008519e-01 -1.423989e-01  6.836362e-01  4.991481e-01
-6.20690e-01 -3.10345e+00       7.042e+11  2.269431e-01 -1.925880e-01  6.150018e-01  7.730569e-01
-2.06897e-01 -3.10345e+00       6.650e+11 -1.933398e-02 -2.403557e-01  1.758168e-01  9.806660e-01
 2.06897e-01 -3.10345e+00       7.476e+11  9.174181e-02 -2.300961e-01 -4.424917e-01  9.082582e-01
 6.20690e-01 -3.10345e+00       9.082e+11  3.923264e-01 -1.735533e-01 -6.874852e-01  6.076736e-01
 1.03448e+00 -3.10345e+00       8.867e+11  6.102148e-01 -1.174896e-01 -6.687913e-01  3.897852e-01
 1.44828e+00 -3.10345e+00       6.336e+11  7.520289e-01 -7.856054e-02 -5.557030e-01  2.479711e-01
 1.86207e+00 -3.10345e+00       3.778e+11  8.571157e-01 -7.969347e-02 -3.766773e-01  1.428843e-01
 2.27586e+00 -3.10345e+00       2.608e+11  9.155930e-01 -1.143040e-01 -1.297611e-01  8.440698e-02
 2.68966e+00 -3.10345e+00       2.506e+11  9.167227e-01 -8.959471e-02  1.019111e-01  8.327732e-02
 3.10345e+00 -3.10345e+00       2.769e+11  9.054124e-01 -8.812642e-03  2.043008e-01  9.458757e-02
 3.51724e+00 -3.10345e+00       3.545e+11  9.204012e-01  5.282555e-02  2.260623e-01  7.959884e-02
 3.93103e+00 -3.10345e+00       5.098e+11  9.328255e-01  5.570744e-02  2.598547e-01  6.717454e-02
 4.34483e+00 -3.10345e+00       6.024e+11  9.030279e-01  3.987191e-02  3.229146e-01  9.697215e-02
 4.75862e+00 -3.10345e+00       5.374e+11  8.021493e-01  3.021369e-02  4.448748e-01  1.978507e-01
 5.17241e+00 -3.10345e+00       4.241e+11  6.185409e-01  2.412811e-02  6.298446e-01  3.814591e-01
 5.58621e+00 -3.10345e+00       3.848e+11  3.783894e-01  8.352458e-03  7.882724e-01  6.216106e-01
 6.00000e+00 -3.10345e+00       5.031e+11  9.772981e-02  4.948092e-03  8.764365e-01  9.022702e-01
-6.00000e+00 -2.68966e+00       3.976e+11  1.582380e-01 -1.454218e-01 -8.464364e-01  8.417620e-01
-5.58621e+00 -2.68966e+00       3.388e+11  3.676565e-01 -1.065890e-01 -7.503339e-01  6.323435e-01
-5.17241e+00 -2.68966e+00       3.898e+11  6.312930e-01 -1.056146e-02 -5.587456e-01  3.687070e-01
-4.75862e+00 -2.68966e+00       4.589e+11  8.048273e-01  4.357851e-02 -4.120022e-01  1.951727e-01
-4.34483e+00 -2.68966e+00       4.269e+11  8.786866e-01  7.164297e-02 -3.392889e-01  1.213134e-01
-3.93103e+00 -2.68966e+00       3.311e+11  8.825186e-01  7.546272e-02 -3.326977e-01  1.174814e-01
-3.51724e+00 -2.68966e+00       2.388e+11  8.482039e-01  4.521553e-02 -3.286982e-01  1.517961e-01
-3.10345e+00 -2.68966e+00       1.955e+11  8.664626e-01 -1.835483e-02 -1.572990e-01  1.335374e-01
-2.68966e+00 -2.68966e+00       3.408e+11  9.487735e-01 -3.842556e-02  1.104203e-01  5.122645e-02
-2.27586e+00 -2.68966e+00       8.443e+11  9.638447e-01 -1.470479e-02  2.126217e-01  3.615530e-02
-1.86207e+00 -2.68966e+00       1.490e+12  9.536618e-01  3.004821e-03  2.649356e-01  4.633822e-02
-1.44828e+00 -2.68966e+00       1.598e+12  9.371375e-01  2.424950e-02  3.056963e-01  6.286247e-02
-1.03448e+00 -2.68966e+00       1.044e+12  9.125333e-01  5.593019e-02  3.277555e-01  8.746670e-02
-6.20690e-01 -2.68966e+00       4.590e+11  8.689600e-01  8.556243e-02  2.791381e-01  1.310400e-01
-2.06897e-01 -2.68966e+00       2.107e+11  8.129979e-01  4.337886e-02  1.664393e-02  1.870021e-01
 2.06897e-01 -2.68966e+00       2.375e+11  8.522389e-01 -1.046951e-02 -2.638404e-01  1.477611e-01
 6.20690e-01 -2.68966e+00       5.317e+11  9.097274e-01 -1.673219e-03 -3.170965e-01  9.027260e-02
 1.03448e+00 -2.68966e+00       1.179e+12  9.359349e-01 -1.486302e-02 -3.062580e-01  6.406509e-02
 1.44828e+00 -2.68966e+00       1.844e+12  9.513775e-01 -3.030636e-02 -2.767962e-01  4.862250e-02
 1.86207e+00 -2.68966e+00       1.797e+12  9.625676e-01 -3.762515e-02 -2.395580e-01  3.743236e-02
 2.27586e+00 -2.68966e+00       1.096e+12  9.702964e-01 -4.221486e-02 -1.881353e-01  2.970363e-02
 2.68966e+00 -2.68966e+00       5.043e+11  9.668097e-01 -5.602077e-02 -7.730632e-02  3.319025e-02
 3.10345e+00 -2.68966e+00       2.923e+11  9.320669e-01 -5.268492e-02  1.341704e-01  6.793308e-02
 3.51724e+00 -2.68966e+00       2.767e+11  9.036226e-01  1.229691e-02  2.648282e-01  9.637736e-02
 3.93103e+00 -2.68966e+00       3.610e+11  9.123660e-01  5.854274e-02  2.971539e-01  8.763397e-02
 4.34483e+00 -2.68966e+00       4.902e+11  9.111600e-01  5.263872e-02  3.302386e-01  8.884001e-02
 4.75862e+00 -2.68966e+00       5.077e+11  8.622285e-01  3.539160e-02  3.914107e-01  1.377715e-01
 5.17241e+00 -2.68966e+00       3.947e+11  7.224600e-01  1.994644e-02  5.183565e-01  2.775400e-01
 5.58621e+00 -2.68966e+00       2.911e+11  4.718379e-01 -5.960209e-03  6.996335e-01  5.281621e-01
 6.00000e+00 -2.68966e+00       2.985e+11  1.581638e-01 -1.566764e-02  8.204046e-01  8.418362e-01
-6.00000e+00 -2.27586e+00       3.084e+11  1.878218e-01 -5.686363e-02 -8.403948e-01  8.121782e-01
-5.58621e+00 -2.27586e+00       2.947e+11  4.932482e-01 -2.444953e-02 -6.581425e-01  5.067518e-01
-5.17241e+00 -2.27586e+00       3.719e+11  7.400813e-01  2.497017e-02 -4.747719e-01  2.599187e-01
-4.75862e+00 -2.27586e+00       4.000e+11  8.491327e-01  5.802612e-02 -3.802330e-01  1.508673e-01
-4.34483e+00 -2.27586e+00       3.309e+11  8.786468e-01  7.647391e-02 -3.494504e-01  1.213532e-01
-3.93103e+00 -2.27586e+00       2.431e+11  8.598157e-01  6.257345e-02 -3.474613e-01  1.401843e-01
-3.51724e+00 -2.27586e+00       2.225e+11  8.849772e-01  1.358615e-02 -2.213941e-01  1.150228e-01
-3.10345e+00 -2.27586e+00       4.645e+11  9.715395e-01 -5.523784e-03 -3.029490e-02  2.846046e-02
-2.68966e+00 -2.27586e+00       1.176e+12  9.939551e-01  5.838586e-03  2.607363e-02  6.044886e-03
-2.27586e+00 -2.27586e+00       1.905e+12  9.956334e-01  1.490249e-02  4.965084e-02  4.366639e-03
-1.86207e+00 -2.27586e+00       1.766e+12  9.936387e-01  2.511524e-02  6.845138e-02  6.361324e-03
-1.44828e+00 -2.27586e+00       9.930e+11  9.880566e-01  4.210258e-02  8.384944e-02  1.194340e-02
-1.03448e+00 -2.27586e+00       4.536e+11  9.767077e-01  5.602322e-02  8.093614e-02  2.329232e-02
-6.20690e-01 -2.27586e+00       2.660e+11  9.642717e-01  1.808327e-02  5.336769e-02  3.572826e-02
-2.06897e-01 -2.27586e+00       2.008e+11  9.522314e-01 -4.973655e-02  5.055851e-02  4.776862e-02
 2.06897e-01 -2.27586e+00       1.793e+11  9.448039e-01 -7.765166e-02  7.010358e-02  5.519612e-02
 6.20690e-01 -2.27586e+00       2.054e+11  9.510182e-01 -4.785111e-02  4.916106e-02  4.898175e-02
 1.03448e+00 -2.27586e+00       3.883e+11  9.735908e-01 -1.877696e-02 -2.468365e-02  2.640919e-02
 1.44828e+00 -2.27586e+00       9.913e+11  9.898317e-01 -1.867138e-02 -5.329814e-02  1.016832e-02
 1.86207e+00 -2.27586e+00       1.894e+12  9.950947e-01 -2.309919e-02 -5.065188e-02  4.905295e-03
 2.27586e+00 -2.27586e+00       2.157e+12  9.964573e-01 -2.668979e-02 -3.996060e-02  3.542667e-03
 2.68966e+00 -2.27586e+00       1.431e+12  9.951109e-01 -3.068262e-02 -1.967135e-02  4.889136e-03
 3.10345e+00 -2.27586e+00       6.358e+11  9.823781e-01 -3.784818e-02  4.021453e-02  1.762194e-02
 3.51724e+00 -2.27586e+00       3.109e+11  9.374118e-01 -2.427158e-02  1.917646e-01  6.258825e-02
 3.93103e+00 -2.27586e+00       2.809e+11  9.070898e-01  3.581504e-02  3.010385e-01  9.291022e-02
 4.34483e+00 -2.27586e+00       3.746e+11  9.103664e-01  5.828263e-02  3.319304e-01  8.963355e-02
 4.75862e+00 -2.27586e+00       4.527e+11  8.912640e-01  4.482702e-02  3.682839e-01  1.087360e-01
 5.17241e+00 -2.27586e+00       3.975e+11  8.092367e-01  3.179441e-02  4.452818e-01  1.907633e-01
 5.58621e+00 -2.27586e+00       2.848e+11  5.962107e-01  1.991499e-02  6.023170e-01  4.037893e-01
 6.00000e+00 -2.27586e+00       2.490e+11  2.235168e-01 -2.586589e-03  7.839937e-01  7.764832e-01
-6.00000e+00 -1.86207e+00       1.772e+11  3.637857e-01  8.907854e-03 -6.283568e-01  6.362143e-01
-5.58621e+00 -1.86207e+00       2.651e+11  6.662545e-01  2.990416e-02 -5.095581e-01  3.337455e-01
-5.17241e+00 -1.86207e+00       3.516e+11  8.075772e-01  5.915428e-02 -4.110288e-01  1.924228e-01
-4.75862e+00 -1.86207e+00       3.330e+11  8.715674e-01  7.505751e-02 -3.495818e-01  1.284326e-01
-4.34483e+00 -1.86207e+00       2.532e+11  8.815285e-01  6.889097e-02 -3.354017e-01  1.184715e-01
-3.93103e+00 -1.86207e+00       2.155e+11  8.880296e-01  3.400407e-02 -2.813795e-01  1.119704e-01
-3.51724e+00 -1.86207e+00       4.021e+11  9.618665e-01  5.901539e-03 -1.265360e-01  3.813350e-02
-3.10345e+00 -1.86207e+00       1.079e+12  9.920752e-01  9.730918e-03 -7.157017e-02  7.924789e-03
-2.68966e+00 -1.86207e+00       1.917e+12  9.967680e-01  1.499027e-02 -5.564020e-02  3.232029e-03
-2.27586e+00 -1.86207e+00       1.933e+12  9.973733e-01  2.040494e-02 -4.506711e-02  2.626663e-03
-1.86207e+00 -1.86207e+00       1.215e+12  9.958305e-01  3.199036e-02 -3.665172e-02  4.169508e-03
-1.44828e+00 -1.86207e+00       8.162e+11  9.919393e-01  5.391228e-02 -3.225164e-02  8.060695e-03
-1.03448e+00 -1.86207e+00       1.071e+12  9.928899e-01  5.505987e-02 -2.897148e-02  7.110130e-03
-6.20690e-01 -1.86207e+00       1.569e+12  9.958034e-01  3.806380e-02 -1.614704e-02  4.196606e-03
-2.06897e-01 -1.86207e+00       1.835e+12  9.970347e-01  2.298466e-02  1.026002e-02  2.965307e-03
 2.06897e-01 -1.86207e+00       1.702e+12  9.959835e-01  1.926892e-02  4.551041e-02  4.016479e-03
 6.20690e-01 -1.86207e+00       1.248e+12  9.924501e-01  2.717054e-02  7.802328e-02  7.549879e-03
 1.03448e+00 -1.86207e+00       7.297e+11  9.861706e-01  3.376470e-02  9.739294e-02  1.382936e-02
 1.44828e+00 -1.86207e+00       5.635e+11  9.844630e-01  8.488443e-03  8.063527e-02  1.553697e-02
 1.86207e+00 -1.86207e+00       1.086e+12  9.932552e-01 -1.502879e-02  5.447000e-02  6.744833e-03
 2.27586e+00 -1.86207e+00       1.977e+12  9.965797e-01 -1.932050e-02  5.136601e-02  3.420340e-03
 2.68966e+00 -1.86207e+00       2.114e+12  9.968370e-01 -2.182007e-02  5.540825e-02  3.162953e-03
 3.10345e+00 -1.86207e+00       1.295e+12  9.939288e-01 -2.517376e-02  6.886737e-02  6.071174e-03
 3.51724e+00 -1.86207e+00       5.414e+11  9.768890e-01 -2.692400e-02  1.219355e-01  2.311096e-02
 3.93103e+00 -1.86207e+00       2.798e+11  9.335799e-01  3.986875e-03  2.437267e-01  6.642008e-02
 4.34483e+00 -1.86207e+00       2.936e+11  9.166509e-01  4.947331e-02  3.124569e-01  8.334905e-02
 4.75862e+00 -1.86207e+00       3.891e+11  9.063691e-01  5.014234e-02  3.472344e-01  9.363088e-02
 5.17241e+00 -1.86207e+00       4.054e+11  8.590108e-01  3.863795e-02  4.084985e-01  1.409892e-01
 5.58621e+00 -1.86207e+00       3.193e+11  7.491164e-01  3.691979e-02  5.211179e-01  2.508836e-01
 6.00000e+00 -1.86207e+00       2.403e+11  5.479767e-01  3.165683e-02  6.655517e-01  4.520233e-01
-6.00000e+00 -1.44828e+00       2.023e+11  5.332979e-01 -8.456153e-02 -6.115704e-01  4.667021e-01
-5.58621e+00 -1.44828e+00       2.549e+11  7.545530e-01  1.029566e-02 -4.226963e-01  2.454470e-01
-5.17241e+00 -1.44828e+00       2.945e+11  8.739746e-01  3.603241e-02 -3.151948e-01  1.260254e-01
-4.75862e+00 -1.44828e+00       2.633e+11  9.144459e-01  4.087343e-02 -2.875108e-01  8.555412e-02
-4.34483e+00 -1.44828e+00       2.106e+11  9.118143e-01  4.199770e-02 -2.856598e-01  8.818570e-02
-3.93103e+00 -1.44828e+00       2.731e+11  9.453066e-01  1.820985e-02 -1.901331e-01  5.469341e-02
-3.51724e+00 -1.44828e+00       7.363e+11  9.852874e-01  9.859026e-03 -1.149554e-01  1.471265e-02
-3.10345e+00 -1.44828e+00       1.619e+12  9.935288e-01  1.276067e-02 -9.837678e-02  6.471198e-03
-2.68966e+00 -1.44828e+00       2.056e+12  9.949286e-01  1.577047e-02 -9.173877e-02  5.071424e-03
-2.27586e+00 -1.44828e+00       1.587e+12  9.946339e-01  2.155499e-02 -8.859779e-02  5.366072e-03
-1.86207e+00 -1.44828e+00       1.153e+12  9.928458e-01  2.909409e-02 -9.141094e-02  7.154249e-03
-1.44828e+00 -1.44828e+00       1.319e+12  9.924643e-01  2.326659e-02 -9.044084e-02  7.535677e-03
-1.03448e+00 -1.44828e+00       1.822e+12  9.944299e-01  1.711762e-02 -6.985675e-02  5.570109e-03
-6.20690e-01 -1.44828e+00       2.693e+12  9.969860e-01  1.966680e-02 -3.907697e-02  3.014026e-03
-2.06897e-01 -1.44828e+00       3.616e+12  9.983927e-01  2.054155e-02 -1.627612e-02  1.607317e-03
 2.06897e-01 -1.44828e+00       3.510e+12  9.985160e-01  1.745706e-02  3.468070e-03  1.483998e-03
 6.20690e-01 -1.44828e+00       2.384e+12  9.968333e-01  1.144394e-02  3.405871e-02  3.166662e-03
 1.03448e+00 -1.44828e+00       1.340e+12  9.919613e-01  3.992775e-03  8.645772e-02  8.038742e-03
 1.44828e+00 -1.44828e+00       7.908e+11  9.861594e-01  6.420208e-04  1.302711e-01  1.384059e-02
 1.86207e+00 -1.44828e+00       7.531e+11  9.878894e-01 -6.298971e-03  1.150327e-01  1.211061e-02
 2.27586e+00 -1.44828e+00       1.397e+12  9.933552e-01 -1.338529e-02  9.153925e-02  6.644820e-03
 2.68966e+00 -1.44828e+00       2.095e+12  9.949604e-01 -1.597831e-02  8.801093e-02  5.039611e-03
 3.10345e+00 -1.44828e+00       1.801e+12  9.945662e-01 -1.817753e-02  9.097280e-02  5.433765e-03
 3.51724e+00 -1.44828e+00       9.071e+11  9.897908e-01 -2.039314e-02  1.070880e-01  1.020922e-02
 3.93103e+00 -1.44828e+00       3.673e+11  9.683351e-01 -1.051168e-02  1.703040e-01  3.166489e-02
 4.34483e+00 -1.44828e+00       2.515e+11  9.429886e-01  2.878371e-02  2.520245e-01  5.701141e-02
 4.75862e+00 -1.44828e+00       3.016e+11  9.384675e-01  3.990831e-02  2.809328e-01  6.153247e-02
 5.17241e+00 -1.44828e+00       3.376e+11  9.126073e-01  2.940705e-02  3.191723e-01  8.739275e-02
 5.58621e+00 -1.44828e+00       2.747e+11  8.279358e-01  1.143565e-02  4.106005e-01  1.720642e-01
 6.00000e+00 -1.44828e+00       1.856e+11  6.339880e-01 -1.897256e-02  5.679197e-01  3.660120e-01
-6.00000e+00 -1.03448e+00       1.492e+11  7.828267e-01 -2.846556e-02 -3.849840e-01  2.171733e-01
-5.58621e+00 -1.03448e+00       2.470e+11  8.839102e-01  1.817107e-02 -3.205368e-01  1.160898e-01
-5.17241e+00 -1.03448e+00       2.870e+11  9.269456e-01  4.585196e-02 -2.691821e-01  7.305441e-02
-4.75862e+00 -1.03448e+00       2.363e+11  9.409634e-01  5.656457e-02 -2.412269e-01  5.903664e-02
-4.34483e+00 -1.03448e+00       1.982e+11  9.456943e-01  3.604598e-02 -2.110126e-01  5.430568e-02
-3.93103e+00 -1.03448e+00       3.850e+11  9.778726e-01  1.042250e-02 -1.319366e-01  2.212739e-02
-3.51724e+00 -1.03448e+00       1.059e+12  9.921651e-01  9.661624e-03 -1.033908e-01  7.834858e-03
-3.10345e+00 -1.03448e+00       1.879e+12  9.946152e-01  1.141622e-02 -9.705391e-02  5.384848e-03
-2.68966e+00 -1.03448e+00       1.924e+12  9.948615e-01  1.349526e-02 -9.512391e-02  5.138502e-03
-2.27586e+00 -1.03448e+00       1.476e+12  9.941813e-01  1.677028e-02 -9.624550e-02  5.818692e-03
-1.86207e+00 -1.03448e+00       1.932e+12  9.946785e-01  1.379402e-02 -8.788749e-02  5.321550e-03
-1.44828e+00 -1.03448e+00       5.137e+12  9.968795e-01  6.706780e-03 -6.675121e-02  3.120488e-03
-1.03448e+00 -1.03448e+00       1.383e+13  9.982488e-01  1.235952e-03 -4.917909e-02  1.751247e-03
-6.20690e-01 -1.03448e+00       2.744e+13  9.989891e-01 -3.238903e-03 -3.290215e-02  1.010887e-03
-2.06897e-01 -1.03448e+00       3.820e+13  9.994032e-01 -6.547033e-03 -1.529429e-02  5.968493e-04
 2.06897e-01 -1.03448e+00       3.779e+13  9.995212e-01 -8.639290e-03  2.983160e-03  4.788415e-04
 6.20690e-01 -1.03448e+00       2.647e+13  9.993429e-01 -9.739065e-03  2.028328e-02  6.571113e-04
 1.03448e+00 -1.03448e+00       1.281e+13  9.988011e-01 -1.015273e-02  3.652136e-02  1.198850e-03
 1.44828e+00 -1.03448e+00       4.307e+12  9.973177e-01 -1.003049e-02  5.641596e-02  2.682285e-03
 1.86207e+00 -1.03448e+00       1.307e+12  9.936478e-01 -9.079745e-03  8.778756e-02  6.352238e-03
 2.27586e+00 -1.03448e+00       1.085e+12  9.933701e-01 -9.662729e-03  9.396186e-02  6.629876e-03
 2.68966e+00 -1.03448e+00       1.797e+12  9.953477e-01 -1.127289e-02  8.583465e-02  4.652299e-03
 3.10345e+00 -1.03448e+00       1.975e+12  9.957241e-01 -1.257367e-02  8.513435e-02  4.275934e-03
 3.51724e+00 -1.03448e+00       1.226e+12  9.945109e-01 -1.384441e-02  9.037403e-02  5.489143e-03
 3.93103e+00 -1.03448e+00       5.010e+11  9.870961e-01 -1.093293e-02  1.171243e-01  1.290386e-02
 4.34483e+00 -1.03448e+00       2.573e+11  9.689390e-01  1.721070e-02  1.831508e-01  3.106099e-02
 4.75862e+00 -1.03448e+00       2.816e+11  9.616033e-01  3.815207e-02  2.205907e-01  3.839670e-02
 5.17241e+00 -1.03448e+00       3.293e+11  9.514110e-01  2.974087e-02  2.486743e-01  4.858905e-02
 5.58621e+00 -1.03448e+00       2.844e+11  9.199799e-01  2.210033e-02  3.050153e-01  8.002013e-02
 6.00000e+00 -1.03448e+00       1.963e+11  8.540719e-01  2.320486e-02  3.966956e-01  1.459281e-01
-6.00000e+00 -6.20690e-01       1.298e+11  9.033766e-01 -3.422168e-03 -2.631288e-01  9.662338e-02
-5.58621e+00 -6.20690e-01       2.128e+11  9.601397e-01 -6.332024e-03 -1.831957e-01  3.986035e-02
-5.17241e+00 -6.20690e-01       2.461e+11  9.760728e-01  2.373998e-03 -1.607631e-01  2.392721e-02
-4.75862e+00 -6.20690e-01       2.100e+11  9.775971e-01  1.526986e-02 -1.574196e-01  2.240292e-02
-4.34483e+00 -6.20690e-01       2.097e+11  9.799915e-01  1.446331e-02 -1.310054e-01  2.000855e-02
-3.93103e+00 -6.20690e-01       4.987e+11  9.923838e-01  6.298431e-03 -8.646455e-02  7.616181e-03
-3.51724e+00 -6.20690e-01       1.274e+12  9.963852e-01  6.898345e-03 -7.508531e-02  3.614785e-03
-3.10345e+00 -6.20690e-01       1.953e+12  9.970077e-01  7.880613e-03 -7.296421e-02  2.992280e-03
-2.68966e+00 -6.20690e-01       1.820e+12  9.968439e-01  8.623410e-03 -7.404225e-02  3.156069e-03
-2.27586e+00 -6.20690e-01       1.803e+12  9.967302e-01  6.877484e-03 -7.321777e-02  3.269787e-03
-1.86207e+00 -6.20690e-01       4.418e+12  9.977789e-01  1.159392e-03 -6.052620e-02  2.221055e-03
-1.44828e+00 -6.20690e-01       1.391e+13  9.985536e-01 -2.637239e-03 -4.926215e-02  1.446430e-03
-1.03448e+00 -6.20690e-01       3.294e+13  9.990256e-01 -5.271934e-03 -3.903607e-02  9.743786e-04
-6.20690e-01 -6.20690e-01       5.528e+13  9.993955e-01 -7.118982e-03 -2.703669e-02  6.045276e-04
-2.06897e-01 -6.20690e-01       6.953e+13  9.996536e-01 -8.262757e-03 -1.285641e-02  3.464370e-04
 2.06897e-01 -6.20690e-01       6.910e+13  9.997385e-01 -8.976539e-03  2.089021e-03  2.614557e-04
 6.20690e-01 -6.20690e-01       5.408e+13  9.996485e-01 -9.529490e-03  1.563688e-02  3.514854e-04
 1.03448e+00 -6.20690e-01       3.141e+13  9.994380e-01 -9.985434e-03  2.666580e-02  5.619863e-04
 1.44828e+00 -6.20690e-01       1.263e+13  9.990904e-01 -1.027783e-02  3.608146e-02  9.096103e-04
 1.86207e+00 -6.20690e-01       3.536e+12  9.982796e-01 -1.013918e-02  4.779410e-02  1.720423e-03
 2.27586e+00 -6.20690e-01       1.253e+12  9.969774e-01 -8.522489e-03  6.196214e-02  3.022590e-03
 2.68966e+00 -6.20690e-01       1.568e+12  9.976536e-01 -7.918997e-03  5.861308e-02  2.346369e-03
 3.10345e+00 -6.20690e-01       1.969e+12  9.980643e-01 -8.433229e-03  5.665387e-02  1.935681e-03
 3.51724e+00 -6.20690e-01       1.421e+12  9.978584e-01 -8.821528e-03  5.827150e-02  2.141589e-03
 3.93103e+00 -6.20690e-01       6.266e+11  9.959889e-01 -7.038050e-03  6.885821e-02  4.011055e-03
 4.34483e+00 -6.20690e-01       2.753e+11  9.901579e-01  6.152629e-03  1.010564e-01  9.842134e-03
 4.75862e+00 -6.20690e-01       2.405e+11  9.873684e-01  1.681913e-02  1.233172e-01  1.263165e-02
 5.17241e+00 -6.20690e-01       2.703e+11  9.859288e-01  1.247103e-02  1.328611e-01  1.407123e-02
 5.58621e+00 -6.20690e-01       2.346e+11  9.758629e-01  1.040465e-02  1.555239e-01  2.413710e-02
 6.00000e+00 -6.20690e-01       1.478e+11  9.375332e-01  4.531875e-03  2.265653e-01  6.246676e-02
-6.00000e+00 -2.06897e-01       1.326e+11  9.833803e-01 -9.900243e-03 -1.120827e-01  1.661968e-02
-5.58621e+00 -2.06897e-01       2.041e+11  9.933901e-01 -3.444611e-03 -6.978597e-02  6.609933e-03
-5.17241e+00 -2.06897e-01       2.249e+11  9.962339e-01 -3.014851e-03 -5.872259e-02  3.766113e-03
-4.75862e+00 -2.06897e-01       1.913e+11  9.963623e-01 -3.375943e-03 -5.953544e-02  3.637655e-03
-4.34483e+00 -2.06897e-01       2.185e+11  9.967864e-01 -2.321768e-03 -5.061119e-02  3.213557e-03
-3.93103e+00 -2.06897e-01       5.688e+11  9.986245e-01  9.117798e-04 -3.697333e-02  1.375492e-03
-3.51724e+00 -2.06897e-01       1.381e+12  9.991933e-01  2.961829e-03 -3.375051e-02  8.066650e-04
-3.10345e+00 -2.06897e-01       1.976e+12  9.992249e-01  3.507067e-03 -3.412011e-02  7.751325e-04
-2.68966e+00 -2.06897e-01       1.815e+12  9.990622e-01  2.349856e-03 -3.690494e-02  9.377961e-04
-2.27586e+00 -2.06897e-01       2.262e+12  9.991614e-01 -2.323108e-03 -3.535370e-02  8.386084e-04
-1.86207e+00 -2.06897e-01       6.690e+12  9.995207e-01 -4.997440e-03 -2.767461e-02  4.793223e-04
-1.44828e+00 -2.06897e-01       1.997e+13  9.996754e-01 -5.569910e-03 -2.288965e-02  3.245849e-04
-1.03448e+00 -2.06897e-01       4.231e+13  9.997700e-01 -5.801473e-03 -1.872019e-02  2.300255e-04
-6.20690e-01 -2.06897e-01       6.406e+13  9.998519e-01 -5.848112e-03 -1.388633e-02  1.480961e-04
-2.06897e-01 -2.06897e-01       7.575e+13  9.999170e-01 -5.807818e-03 -8.228396e-03  8.299085e-05
 2.06897e-01 -2.06897e-01       7.550e+13  9.999517e-01 -5.825813e-03 -2.404901e-03  4.830893e-05
 6.20690e-01 -2.06897e-01       6.318e+13  9.999548e-01 -5.943036e-03  2.553293e-03  4.524938e-05
 1.03448e+00 -2.06897e-01       4.084e+13  9.999373e-01 -6.074990e-03  6.192524e-03  6.268361e-05
 1.44828e+00 -2.06897e-01       1.851e+13  9.998995e-01 -6.133238e-03  8.903076e-03  1.004784e-04
 1.86207e+00 -2.06897e-01       5.641e+12  9.997925e-01 -5.992195e-03  1.204448e-02  2.074601e-04
 2.27586e+00 -2.06897e-01       1.607e+12  9.995204e-01 -5.032348e-03  1.673519e-02  4.796267e-04
 2.68966e+00 -2.06897e-01       1.483e+12  9.996160e-01 -4.094127e-03  1.478761e-02  3.839718e-04
 3.10345e+00 -2.06897e-01       1.933e+12  9.997778e-01 -3.955890e-03  1.325193e-02  2.221526e-04
 3.51724e+00 -2.06897e-01       1.504e+12  9.997952e-01 -3.471526e-03  1.354465e-02  2.048400e-04
 3.93103e+00 -2.06897e-01       6.950e+11  9.996140e-01 -1.839885e-03  1.586781e-02  3.860435e-04
 4.34483e+00 -2.06897e-01       2.856e+11  9.989914e-01  1.783083e-03  2.206523e-02  1.008641e-03
 4.75862e+00 -2.06897e-01       2.237e+11  9.985998e-01  2.797942e-03  2.589986e-02  1.400220e-03
 5.17241e+00 -2.06897e-01       2.594e+11  9.984850e-01  3.565481e-03  2.926187e-02  1.515043e-03
 5.58621e+00 -2.06897e-01       2.338e+11  9.974471e-01  4.486001e-03  3.765782e-02  2.552910e-03
 6.00000e+00 -2.06897e-01       1.418e+11  9.927612e-01 -1.679822e-03  6.152485e-02  7.238757e-03
-6.00000e+00  2.06897e-01       1.321e+11  9.894261e-01 -1.972228e-02  7.156485e-02  1.057392e-02
-5.58621e+00  2.06897e-01       2.036e+11  9.954511e-01 -1.217263e-02  4.208065e-02  4.548938e-03
-5.17241e+00  2.06897e-01       2.243e+11  9.972181e-01 -1.013705e-02  3.598156e-02  2.781942e-03
-4.75862e+00  2.06897e-01       1.905e+11  9.976574e-01 -1.513102e-02  3.783696e-02  2.342633e-03
-4.34483e+00  2.06897e-01       2.179e+11  9.984357e-01 -1.381124e-02  2.815026e-02  1.564345e-03
-3.93103e+00  2.06897e-01       5.699e+11  9.994914e-01 -4.629870e-03  1.512185e-02  5.086388e-04
-3.51724e+00  2.06897e-01       1.386e+12  9.997369e-01 -1.693796e-03  1.239014e-02  2.631299e-04
-3.10345e+00  2.06897e-01       1.986e+12  9.997499e-01 -1.514545e-03  1.026173e-02  2.501029e-04
-2.68966e+00  2.06897e-01       1.831e+12  9.997046e-01 -4.052347e-03  6.351591e-03  2.953598e-04
-2.27586e+00  2.06897e-01       2.285e+12  9.997472e-01 -9.328154e-03  5.686818e-03  2.527799e-04
-1.86207e+00  2.06897e-01       6.713e+12  9.998553e-01 -9.039452e-03  8.187370e-03  1.446721e-04
-1.44828e+00  2.06897e-01       1.999e+13  9.999080e-01 -6.969581e-03  7.637075e-03  9.202676e-05
-1.03448e+00  2.06897e-01       4.232e+13  9.999425e-01 -5.238983e-03  5.533925e-03  5.754648e-05
-6.20690e-01  2.06897e-01       6.408e+13  9.999642e-01 -3.965950e-03  2.091001e-03  3.581279e-05
-2.06897e-01  2.06897e-01       7.579e+13  9.999635e-01 -3.193112e-03 -2.729774e-03  3.645872e-05
 2.06897e-01  2.06897e-01       7.558e+13  9.999304e-01 -2.765499e-03 -8.383125e-03  6.955089e-05
 6.20690e-01  2.06897e-01       6.327e+13  9.998677e-01 -2.393187e-03 -1.386809e-02  1.322907e-04
 1.03448e+00  2.06897e-01       4.090e+13  9.997873e-01 -1.928785e-03 -1.859646e-02  2.127173e-04
 1.44828e+00  2.06897e-01       1.854e+13  9.996967e-01 -1.373660e-03 -2.255396e-02  3.033095e-04
 1.86207e+00  2.06897e-01       5.658e+12  9.995886e-01 -6.674928e-04 -2.590406e-02  4.113785e-04
 2.27586e+00  2.06897e-01       1.617e+12  9.993830e-01  2.540697e-04 -3.008191e-02  6.170199e-04
 2.68966e+00  2.06897e-01       1.487e+12  9.992573e-01  1.879135e-04 -3.426728e-02  7.426527e-04
 3.10345e+00  2.06897e-01       1.933e+12  9.993065e-01  6.052224e-04 -3.454364e-02  6.935061e-04
 3.51724e+00  2.06897e-01       1.503e+12  9.992755e-01  1.830870e-03 -3.482336e-02  7.245127e-04
 3.93103e+00  2.06897e-01       6.957e+11  9.988617e-01  3.613679e-03 -3.855645e-02  1.138317e-03
 4.34483e+00  2.06897e-01       2.866e+11  9.972313e-01  3.793962e-04 -5.469695e-02  2.768741e-03
 4.75862e+00  2.06897e-01       2.246e+11  9.957131e-01 -9.928143e-03 -7.227011e-02  4.286911e-03
 5.17241e+00  2.06897e-01       2.606e+11  9.951427e-01 -8.838354e-03 -7.685865e-02  4.857301e-03
 5.58621e+00  2.06897e-01       2.352e+11  9.926359e-01 -5.447965e-03 -8.528547e-02  7.364132e-03
 6.00000e+00  2.06897e-01       1.430e+11  9.828609e-01 -4.524152e-03 -1.191240e-01  1.713913e-02
-6.00000e+00  6.20690e-01       1.286e+11  9.113299e-01 -2.306552e-02  2.293362e-01  8.867014e-02
-5.58621e+00  6.20690e-01       2.115e+11  9.626835e-01 -4.462184e-03  1.589524e-01  3.731653e-02
-5.17241e+00  6.20690e-01       2.441e+11  9.777368e-01 -1.049674e-02  1.419032e-01  2.226324e-02
-4.75862e+00  6.20690e-01       2.070e+11  9.804162e-01 -3.018860e-02  1.398609e-01  1.958380e-02
-4.34483e+00  6.20690e-01       2.071e+11  9.844640e-01 -3.126992e-02  1.104997e-01  1.553600e-02
-3.93103e+00  6.20690e-01       5.011e+11  9.949804e-01 -1.139681e-02  6.518027e-02  5.019596e-03
-3.51724e+00  6.20690e-01       1.289e+12  9.978878e-01 -6.306802e-03  5.463574e-02  2.112239e-03
-3.10345e+00  6.20690e-01       1.985e+12  9.983679e-01 -6.137958e-03  5.080725e-02  1.632064e-03
-2.68966e+00  6.20690e-01       1.871e+12  9.984589e-01 -9.255800e-03  4.613044e-02  1.541054e-03
-2.27586e+00  6.20690e-01       1.873e+12  9.984047e-01 -1.603400e-02  4.265051e-02  1.595296e-03
-1.86207e+00  6.20690e-01       4.492e+12  9.987515e-01 -1.487757e-02  3.950504e-02  1.248539e-03
-1.44828e+00  6.20690e-01       1.396e+13  9.991909e-01 -1.013324e-02  3.314794e-02  8.091332e-04
-1.03448e+00  6.20690e-01       3.297e+13  9.994923e-01 -6.156462e-03  2.518093e-02  5.076833e-04
-6.20690e-01  6.20690e-01       5.536e+13  9.996991e-01 -3.122170e-03  1.466717e-02  3.008626e-04
-2.06897e-01  6.20690e-01       6.969e+13  9.997816e-01 -1.083845e-03  1.360986e-03  2.184454e-04
 2.06897e-01  6.20690e-01       6.931e+13  9.996842e-01  2.045952e-04 -1.340305e-02  3.158097e-04
 6.20690e-01  6.20690e-01       5.426e+13  9.994118e-01  1.159532e-03 -2.746969e-02  5.881801e-04
 1.03448e+00  6.20690e-01       3.150e+13  9.990255e-01  2.031521e-03 -3.955788e-02  9.744514e-04
 1.44828e+00  6.20690e-01       1.267e+13  9.985534e-01  2.932976e-03 -4.998031e-02  1.446590e-03
 1.86207e+00  6.20690e-01       3.579e+12  9.978542e-01  4.139179e-03 -6.094645e-02  2.145763e-03
 2.27586e+00  6.20690e-01       1.280e+12  9.966985e-01  4.892457e-03 -7.527818e-02  3.301502e-03
 2.68966e+00  6.20690e-01       1.576e+12  9.966311e-01  3.977783e-03 -7.804125e-02  3.368933e-03
 3.10345e+00  6.20690e-01       1.968e+12  9.967969e-01  4.922537e-03 -7.700555e-02  3.203083e-03
 3.51724e+00  6.20690e-01       1.420e+12  9.964381e-01  7.054679e-03 -7.854716e-02  3.561879e-03
 3.93103e+00  6.20690e-01       6.278e+11  9.937335e-01  8.670185e-03 -9.117108e-02  6.266469e-03
 4.34483e+00  6.20690e-01       2.780e+11  9.848493e-01 -5.410556e-03 -1.339731e-01  1.515069e-02
 4.75862e+00  6.20690e-01       2.430e+11  9.792996e-01 -2.744342e-02 -1.659130e-01  2.070040e-02
 5.17241e+00  6.20690e-01       2.731e+11  9.759254e-01 -2.442478e-02 -1.771049e-01  2.407457e-02
 5.58621e+00  6.20690e-01       2.377e+11  9.608023e-01 -2.203591e-02 -2.029807e-01  3.919769e-02
 6.00000e+00  6.20690e-01       1.505e+11  9.095933e-01 -2.893303e-02 -2.829146e-01  9.040673e-02
-6.00000e+00  1.03448e+00       1.490e+11  7.848955e-01  1.636757e-02  3.607642e-01  2.151045e-01
-5.58621e+00  1.03448e+00       2.469e+11  8.871103e-01 -2.017901e-02  3.054884e-01  1.128897e-01
-5.17241e+00  1.03448e+00       2.849e+11  9.298532e-01 -4.865384e-02  2.581996e-01  7.014684e-02
-4.75862e+00  1.03448e+00       2.322e+11  9.443926e-01 -6.762660e-02  2.294772e-01  5.560739e-02
-4.34483e+00  1.03448e+00       1.940e+11  9.518612e-01 -5.329991e-02  1.947950e-01  4.813880e-02
-3.93103e+00  1.03448e+00       3.869e+11  9.823338e-01 -1.860575e-02  1.125384e-01  1.766618e-02
-3.51724e+00  1.03448e+00       1.078e+12  9.943315e-01 -1.074797e-02  8.476876e-02  5.668548e-03
-3.10345e+00  1.03448e+00       1.922e+12  9.962981e-01 -1.051179e-02  7.782635e-02  3.701939e-03
-2.68966e+00  1.03448e+00       1.996e+12  9.966584e-01 -1.336733e-02  7.241445e-02  3.341620e-03
-2.27586e+00  1.03448e+00       1.586e+12  9.962522e-01 -2.115079e-02  6.880501e-02  3.747841e-03
-1.86207e+00  1.03448e+00       2.075e+12  9.961205e-01 -2.430776e-02  6.501324e-02  3.879532e-03
-1.44828e+00  1.03448e+00       5.266e+12  9.976730e-01 -1.890139e-02  4.880672e-02  2.327017e-03
-1.03448e+00  1.03448e+00       1.390e+13  9.988275e-01 -1.321872e-02  3.304659e-02  1.172459e-03
-6.20690e-01  1.03448e+00       2.749e+13  9.993662e-01 -7.960698e-03  1.830544e-02  6.337967e-04
-2.06897e-01  1.03448e+00       3.829e+13  9.995462e-01 -3.753230e-03  1.686983e-03  4.537846e-04
 2.06897e-01  1.03448e+00       3.788e+13  9.994071e-01 -8.755992e-04 -1.641702e-02  5.929194e-04
 6.20690e-01  1.03448e+00       2.650e+13  9.989571e-01  9.039927e-04 -3.437094e-02  1.042927e-03
 1.03448e+00  1.03448e+00       1.284e+13  9.981789e-01  2.148521e-03 -5.167070e-02  1.821077e-03
 1.44828e+00  1.03448e+00       4.382e+12  9.967509e-01  3.865258e-03 -7.117070e-02  3.249125e-03
 1.86207e+00  1.03448e+00       1.385e+12  9.939276e-01  6.931311e-03 -9.789057e-02  6.072405e-03
 2.27586e+00  1.03448e+00       1.120e+12  9.928754e-01  7.053455e-03 -1.090765e-01  7.124585e-03
 2.68966e+00  1.03448e+00       1.802e+12  9.939189e-01  6.938389e-03 -1.043939e-01  6.081137e-03
 3.10345e+00  1.03448e+00       1.972e+12  9.940887e-01  8.831565e-03 -1.035662e-01  5.911335e-03
 3.51724e+00  1.03448e+00       1.225e+12  9.925360e-01  1.188319e-02 -1.089947e-01  7.464004e-03
 3.93103e+00  1.03448e+00       5.045e+11  9.832260e-01  1.201849e-02 -1.396751e-01  1.677398e-02
 4.34483e+00  1.03448e+00       2.629e+11  9.603547e-01 -1.727990e-02 -2.177854e-01  3.964527e-02
 4.75862e+00  1.03448e+00       2.865e+11  9.505317e-01 -4.639333e-02 -2.589154e-01  4.946825e-02
 5.17241e+00  1.03448e+00       3.331e+11  9.373038e-01 -4.264563e-02 -2.850508e-01  6.269616e-02
 5.58621e+00  1.03448e+00       2.880e+11  8.975152e-01 -4.061565e-02 -3.454716e-01  1.024848e-01
 6.00000e+00  1.03448e+00       2.008e+11  8.190794e-01 -5.259986e-02 -4.467757e-01  1.809206e-01
-6.00000e+00  1.44828e+00       1.961e+11  5.596630e-01  6.318717e-02  5.850540e-01  4.403370e-01
-5.58621e+00  1.44828e+00       2.518e+11  7.669319e-01 -2.803168e-02  4.039099e-01  2.330681e-01
-5.17241e+00  1.44828e+00       2.911e+11  8.778172e-01 -4.581819e-02  3.011221e-01  1.221828e-01
-4.75862e+00  1.44828e+00       2.585e+11  9.161873e-01 -4.974215e-02  2.755489e-01  8.381271e-02
-4.34483e+00  1.44828e+00       2.050e+11  9.155151e-01 -5.613574e-02  2.746535e-01  8.448489e-02
-3.93103e+00  1.44828e+00       2.714e+11  9.506645e-01 -3.186428e-02  1.742121e-01  4.933553e-02
-3.51724e+00  1.44828e+00       7.506e+11  9.878524e-01 -1.489824e-02  9.869764e-02  1.214756e-02
-3.10345e+00  1.44828e+00       1.664e+12  9.950100e-01 -1.407750e-02  8.263867e-02  4.989992e-03
-2.68966e+00  1.44828e+00       2.140e+12  9.961962e-01 -1.657012e-02  7.494510e-02  3.803810e-03
-2.27586e+00  1.44828e+00       1.719e+12  9.959439e-01 -2.366467e-02  6.943882e-02  4.056107e-03
-1.86207e+00  1.44828e+00       1.351e+12  9.940120e-01 -3.262211e-02  7.477849e-02  5.988029e-03
-1.44828e+00  1.44828e+00       1.582e+12  9.927977e-01 -2.638349e-02  8.134056e-02  7.202251e-03
-1.03448e+00  1.44828e+00       2.066e+12  9.939777e-01 -1.931625e-02  5.962709e-02  6.022260e-03
-6.20690e-01  1.44828e+00       2.798e+12  9.963190e-01 -2.447231e-02  1.824472e-02  3.681007e-03
-2.06897e-01  1.44828e+00       3.573e+12  9.976983e-01 -2.880754e-02 -1.198702e-02  2.301659e-03
 2.06897e-01  1.44828e+00       3.450e+12  9.976768e-01 -2.537131e-02 -3.304663e-02  2.323224e-03
 6.20690e-01  1.44828e+00       2.458e+12  9.961973e-01 -1.416401e-02 -5.937427e-02  3.802721e-03
 1.03448e+00  1.44828e+00       1.551e+12  9.930205e-01  1.262720e-03 -9.518279e-02  6.979497e-03
 1.44828e+00  1.44828e+00       9.903e+11  9.895697e-01  8.501910e-03 -1.225661e-01  1.043030e-02
 1.86207e+00  1.44828e+00       8.482e+11  9.893257e-01  8.399435e-03 -1.222971e-01  1.067425e-02
 2.27586e+00  1.44828e+00       1.416e+12  9.925324e-01  8.624641e-03 -1.074783e-01  7.467637e-03
 2.68966e+00  1.44828e+00       2.086e+12  9.937316e-01  1.069672e-02 -1.034274e-01  6.268352e-03
 3.10345e+00  1.44828e+00       1.788e+12  9.931572e-01  1.392486e-02 -1.059659e-01  6.842755e-03
 3.51724e+00  1.44828e+00       9.040e+11  9.875604e-01  1.792112e-02 -1.232005e-01  1.243960e-02
 3.93103e+00  1.44828e+00       3.727e+11  9.626331e-01  1.000745e-02 -1.932693e-01  3.736689e-02
 4.34483e+00  1.44828e+00       2.583e+11  9.323981e-01 -3.146861e-02 -2.855754e-01  6.760186e-02
 4.75862e+00  1.44828e+00       3.091e+11  9.251988e-01 -4.504223e-02 -3.180385e-01  7.480124e-02
 5.17241e+00  1.44828e+00       3.476e+11  8.958737e-01 -3.332092e-02 -3.557254e-01  1.041263e-01
 5.58621e+00  1.44828e+00       2.851e+11  8.037872e-01 -1.539735e-02 -4.474069e-01  1.962128e-01
 6.00000e+00  1.44828e+00       1.956e+11  6.053226e-01  1.300721e-02 -6.026269e-01  3.946774e-01
-6.00000e+00  1.86207e+00       1.759e+11  3.715087e-01 -2.078274e-02  6.224505e-01  6.284913e-01
-5.58621e+00  1.86207e+00       2.668e+11  6.694873e-01 -3.325633e-02  5.045337e-01  3.305127e-01
-5.17241e+00  1.86207e+00       3.520e+11  8.090128e-01 -5.811580e-02  4.070849e-01  1.909872e-01
-4.75862e+00  1.86207e+00       3.291e+11  8.720994e-01 -7.771710e-02  3.439114e-01  1.279006e-01
-4.34483e+00  1.86207e+00       2.455e+11  8.825631e-01 -8.099696e-02  3.277203e-01  1.174369e-01
-3.93103e+00  1.86207e+00       2.081e+11  8.911777e-01 -5.452975e-02  2.711769e-01  1.088223e-01
-3.51724e+00  1.86207e+00       4.060e+11  9.654319e-01 -1.878434e-02  1.107889e-01  3.456813e-02
-3.10345e+00  1.86207e+00       1.113e+12  9.933665e-01 -1.484468e-02  5.697838e-02  6.633472e-03
-2.68966e+00  1.86207e+00       1.993e+12  9.973798e-01 -1.801891e-02  4.193160e-02  2.620160e-03
-2.27586e+00  1.86207e+00       2.057e+12  9.976690e-01 -2.392348e-02  3.198198e-02  2.331041e-03
-1.86207e+00  1.86207e+00       1.397e+12  9.959895e-01 -3.626360e-02  2.701214e-02  4.010518e-03
-1.44828e+00  1.86207e+00       1.075e+12  9.928617e-01 -5.239639e-02  3.426947e-02  7.138279e-03
-1.03448e+00  1.86207e+00       1.464e+12  9.937365e-01 -4.885835e-02  4.080342e-02  6.263523e-03
-6.20690e-01  1.86207e+00       2.147e+12  9.961876e-01 -3.161712e-02  3.342218e-02  3.812403e-03
-2.06897e-01  1.86207e+00       2.544e+12  9.976152e-01 -1.568028e-02  1.164028e-02  2.384839e-03
 2.06897e-01  1.86207e+00       2.397e+12  9.974298e-01 -9.435464e-03 -2.068748e-02  2.570229e-03
 6.20690e-01  1.86207e+00       1.774e+12  9.952601e-01 -1.321861e-02 -5.472058e-02  4.739873e-03
 1.03448e+00  1.86207e+00       1.023e+12  9.906216e-01 -1.758430e-02 -8.490684e-02  9.378428e-03
 1.44828e+00  1.86207e+00       6.828e+11  9.871913e-01 -5.703896e-03 -9.520021e-02  1.280869e-02
 1.86207e+00  1.86207e+00       1.116e+12  9.931296e-01  7.399136e-03 -7.144307e-02  6.870433e-03
 2.27586e+00  1.86207e+00       1.966e+12  9.961900e-01  1.134111e-02 -6.314671e-02  3.809965e-03
 2.68966e+00  1.86207e+00       2.092e+12  9.963530e-01  1.493558e-02 -6.584706e-02  3.647025e-03
 3.10345e+00  1.86207e+00       1.283e+12  9.930286e-01  1.955786e-02 -7.993236e-02  6.971414e-03
 3.51724e+00  1.86207e+00       5.442e+11  9.738178e-01  2.252968e-02 -1.377641e-01  2.618220e-02
 3.93103e+00  1.86207e+00       2.887e+11  9.262076e-01 -7.431476e-03 -2.695560e-01  7.379242e-02
 4.34483e+00  1.86207e+00       3.031e+11  9.067026e-01 -5.399672e-02 -3.423431e-01  9.329738e-02
 4.75862e+00  1.86207e+00       3.991e+11  8.951760e-01 -5.744641e-02 -3.734893e-01  1.048240e-01
 5.17241e+00  1.86207e+00       4.130e+11  8.438847e-01 -4.906281e-02 -4.314979e-01  1.561153e-01
 5.58621e+00  1.86207e+00       3.242e+11  7.248884e-01 -5.298746e-02 -5.454029e-01  2.751116e-01
 6.00000e+00  1.86207e+00       2.457e+11  5.168566e-01 -5.101808e-02 -6.899851e-01  4.831434e-01
-6.00000e+00  2.27586e+00       2.948e+11  2.091901e-01  6.091712e-02  8.271711e-01  7.908099e-01
-5.58621e+00  2.27586e+00       2.888e+11  5.074846e-01  1.756632e-02  6.436599e-01  4.925154e-01
-5.17241e+00  2.27586e+00       3.699e+11  7.436582e-01 -2.678204e-02  4.677249e-01  2.563418e-01
-4.75862e+00  2.27586e+00       3.961e+11  8.494547e-01 -5.581313e-02  3.771685e-01  1.505453e-01
-4.34483e+00  2.27586e+00       3.230e+11  8.782205e-01 -7.703060e-02  3.467079e-01  1.217795e-01
-3.93103e+00  2.27586e+00       2.328e+11  8.589608e-01 -7.217100e-02  3.446277e-01  1.410392e-01
-3.51724e+00  2.27586e+00       2.160e+11  8.865615e-01 -3.174306e-02  2.125004e-01  1.134385e-01
-3.10345e+00  2.27586e+00       4.777e+11  9.732306e-01 -7.181605e-03  1.927993e-02  2.676945e-02
-2.68966e+00  2.27586e+00       1.232e+12  9.939250e-01 -1.318640e-02 -3.468595e-02  6.074984e-03
-2.27586e+00  2.27586e+00       2.012e+12  9.951492e-01 -2.145678e-02 -5.743195e-02  4.850814e-03
-1.86207e+00  2.27586e+00       1.918e+12  9.931577e-01 -3.321117e-02 -7.466361e-02  6.842260e-03
-1.44828e+00  2.27586e+00       1.211e+12  9.892495e-01 -5.114571e-02 -7.818403e-02  1.075054e-02
-1.03448e+00  2.27586e+00       7.296e+11  9.848314e-01 -5.525720e-02 -4.514466e-02  1.516856e-02
-6.20690e-01  2.27586e+00       5.284e+11  9.810781e-01 -1.535947e-02 -8.896300e-03  1.892195e-02
-2.06897e-01  2.27586e+00       4.145e+11  9.756793e-01  4.121059e-02 -1.761121e-02  2.432070e-02
 2.06897e-01  2.27586e+00       3.688e+11  9.721281e-01  6.383712e-02 -5.834921e-02  2.787185e-02
 6.20690e-01  2.27586e+00       3.764e+11  9.717760e-01  3.643446e-02 -8.280903e-02  2.822396e-02
 1.03448e+00  2.27586e+00       4.993e+11  9.776963e-01  1.450994e-03 -3.513712e-02  2.230369e-02
 1.44828e+00  2.27586e+00       1.024e+12  9.895798e-01  1.677630e-03  2.993333e-02  1.042015e-02
 1.86207e+00  2.27586e+00       1.873e+12  9.951718e-01  1.057239e-02  4.356495e-02  4.828231e-03
 2.27586e+00  2.27586e+00       2.112e+12  9.967074e-01  1.643532e-02  3.590983e-02  3.292574e-03
 2.68966e+00  2.27586e+00       1.400e+12  9.952390e-01  2.158367e-02  1.509976e-02  4.761006e-03
 3.10345e+00  2.27586e+00       6.306e+11  9.810468e-01  2.819143e-02 -4.907697e-02  1.895318e-02
 3.51724e+00  2.27586e+00       3.195e+11  9.323938e-01  1.352821e-02 -2.109637e-01  6.760618e-02
 3.93103e+00  2.27586e+00       2.915e+11  9.000509e-01 -4.091227e-02 -3.257483e-01  9.994907e-02
 4.34483e+00  2.27586e+00       3.842e+11  9.020284e-01 -6.257630e-02 -3.553289e-01  9.797158e-02
 4.75862e+00  2.27586e+00       4.613e+11  8.806114e-01 -5.132756e-02 -3.892855e-01  1.193886e-01
 5.17241e+00  2.27586e+00       4.028e+11  7.924949e-01 -4.111923e-02 -4.662688e-01  2.075051e-01
 5.58621e+00  2.27586e+00       2.881e+11  5.731402e-01 -3.099058e-02 -6.229576e-01  4.268598e-01
 6.00000e+00  2.27586e+00       2.520e+11  2.083971e-01 -6.320980e-03 -7.933678e-01  7.916029e-01
-6.00000e+00  2.68966e+00       3.751e+11  1.652317e-01  1.537197e-01  8.312284e-01  8.347683e-01
-5.58621e+00  2.68966e+00       3.262e+11  3.790726e-01  9.982413e-02  7.340753e-01  6.209274e-01
-5.17241e+00  2.68966e+00       3.874e+11  6.357907e-01  2.349609e-03  5.505018e-01  3.642093e-01
-4.75862e+00  2.68966e+00       4.570e+11  8.043179e-01 -4.285133e-02  4.096766e-01  1.956821e-01
-4.34483e+00  2.68966e+00       4.205e+11  8.765302e-01 -6.807566e-02  3.393415e-01  1.234698e-01
-3.93103e+00  2.68966e+00       3.199e+11  8.781895e-01 -7.679908e-02  3.345489e-01  1.218105e-01
-3.51724e+00  2.68966e+00       2.257e+11  8.401881e-01 -5.976316e-02  3.343921e-01  1.598119e-01
-3.10345e+00  2.68966e+00       1.885e+11  8.619751e-01 -8.507727e-03  1.556716e-01  1.380249e-01
-2.68966e+00  2.68966e+00       3.541e+11  9.499114e-01  1.714106e-02 -1.165979e-01  5.008861e-02
-2.27586e+00  2.68966e+00       9.012e+11  9.644298e-01  4.842800e-04 -2.140510e-01  3.557021e-02
-1.86207e+00  2.68966e+00       1.600e+12  9.539896e-01 -1.684229e-02 -2.641954e-01  4.601042e-02
-1.44828e+00  2.68966e+00       1.713e+12  9.364838e-01 -3.997525e-02 -3.068150e-01  6.351617e-02
-1.03448e+00  2.68966e+00       1.105e+12  9.090499e-01 -7.374459e-02 -3.439096e-01  9.095012e-02
-6.20690e-01  2.68966e+00       4.799e+11  8.614626e-01 -1.085864e-01 -3.581599e-01  1.385374e-01
-2.06897e-01  2.68966e+00       2.194e+11  8.045095e-01 -8.918857e-02 -2.524877e-01  1.954905e-01
 2.06897e-01  2.68966e+00       2.320e+11  8.357753e-01 -3.342017e-02  8.047048e-02  1.642247e-01
 6.20690e-01  2.68966e+00       5.146e+11  8.992312e-01 -2.086898e-02  2.903944e-01  1.007688e-01
 1.03448e+00  2.68966e+00       1.145e+12  9.300529e-01 -4.501297e-03  3.167525e-01  6.994711e-02
 1.44828e+00  2.68966e+00       1.772e+12  9.472276e-01  1.188301e-02  2.902167e-01  5.277240e-02
 1.86207e+00  2.68966e+00       1.715e+12  9.597646e-01  2.171614e-02  2.500713e-01  4.023539e-02
 2.27586e+00  2.68966e+00       1.051e+12  9.688768e-01  2.838659e-02  1.943161e-01  3.112321e-02
 2.68966e+00  2.68966e+00       4.953e+11  9.657823e-01  3.923940e-02  7.750396e-02  3.421768e-02
 3.10345e+00  2.68966e+00       2.992e+11  9.299763e-01  3.062863e-02 -1.439147e-01  7.002368e-02
 3.51724e+00  2.68966e+00       2.872e+11  9.012809e-01 -2.314159e-02 -2.811084e-01  9.871908e-02
 3.93103e+00  2.68966e+00       3.684e+11  9.080047e-01 -6.096530e-02 -3.147767e-01  9.199527e-02
 4.34483e+00  2.68966e+00       4.976e+11  9.046892e-01 -5.637846e-02 -3.470104e-01  9.531075e-02
 4.75862e+00  2.68966e+00       5.149e+11  8.521421e-01 -4.225616e-02 -4.082020e-01  1.478579e-01
 5.17241e+00  2.68966e+00       4.015e+11  7.059448e-01 -2.896266e-02 -5.382470e-01  2.940552e-01
 5.58621e+00  2.68966e+00       3.007e+11  4.631833e-01  8.201660e-04 -7.157980e-01  5.368167e-01
 6.00000e+00  2.68966e+00       3.052e+11  1.697906e-01  1.649966e-02 -8.204565e-01  8.302094e-01
-6.00000e+00  3.10345e+00       5.239e+11  6.084144e-02  3.906611e-02  8.815302e-01  9.391586e-01
-5.58621e+00  3.10345e+00       3.752e+11  2.488126e-01  6.243186e-02  8.177865e-01  7.511874e-01
-5.17241e+00  3.10345e+00       3.866e+11  5.032509e-01  4.988242e-03  6.561691e-01  4.967491e-01
-4.75862e+00  3.10345e+00       4.881e+11  7.270557e-01 -4.090251e-02  4.670637e-01  2.729443e-01
-4.34483e+00  3.10345e+00       5.198e+11  8.557890e-01 -5.917914e-02  3.345273e-01  1.442110e-01
-3.93103e+00  3.10345e+00       4.403e+11  9.068255e-01 -7.201417e-02  2.761996e-01  9.317448e-02
-3.51724e+00  3.10345e+00       3.320e+11  8.902014e-01 -6.847347e-02  2.913583e-01  1.097986e-01
-3.10345e+00  3.10345e+00       2.300e+11  8.349953e-01 -4.657129e-02  2.984505e-01  1.650047e-01
-2.68966e+00  3.10345e+00       1.521e+11  8.060181e-01  1.927409e-02  1.481411e-01  1.939819e-01
-2.27586e+00  3.10345e+00       1.479e+11  8.454851e-01  1.050052e-01 -1.986922e-01  1.545149e-01
-1.86207e+00  3.10345e+00       2.571e+11  8.186173e-01  9.282774e-02 -4.550658e-01  1.813827e-01
-1.44828e+00  3.10345e+00       4.915e+11  7.077411e-01  8.182073e-02 -6.059342e-01  2.922589e-01
-1.03448e+00  3.10345e+00       7.337e+11  5.404287e-01  8.705359e-02 -6.990652e-01  4.595713e-01
-6.20690e-01  3.10345e+00       7.886e+11  2.868989e-01  9.273034e-02 -6.801860e-01  7.131011e-01
-2.06897e-01  3.10345e+00       7.027e+11 -5.045637e-03  1.006694e-01 -3.409701e-01  9.949544e-01
 2.06897e-01  3.10345e+00       7.054e+11 -6.265937e-03  1.111889e-01  3.103653e-01  9.937341e-01
 6.20690e-01  3.10345e+00       8.099e+11  2.908235e-01  1.036676e-01  6.670433e-01  7.091765e-01
 1.03448e+00  3.10345e+00       7.911e+11  5.513826e-01  7.975640e-02  6.852952e-01  4.486174e-01
 1.44828e+00  3.10345e+00       5.809e+11  7.271070e-01  5.833809e-02  5.721068e-01  2.728930e-01
 1.86207e+00  3.10345e+00       3.606e+11  8.490803e-01  6.023971e-02  3.946568e-01  1.509197e-01
 2.27586e+00  3.10345e+00       2.563e+11  9.105268e-01  7.707119e-02  1.492238e-01  8.947325e-02
 2.68966e+00  3.10345e+00       2.543e+11  9.148011e-01  4.850014e-02 -1.016352e-01  8.519886e-02
 3.10345e+00  3.10345e+00       2.860e+11  9.067832e-01 -1.241568e-02 -2.133927e-01  9.321680e-02
 3.51724e+00  3.10345e+00       3.596e+11  9.198469e-01 -5.670610e-02 -2.369239e-01  8.015306e-02
 3.93103e+00  3.10345e+00       5.156e+11  9.293806e-01 -5.802948e-02 -2.725735e-01  7.061935e-02
 4.34483e+00  3.10345e+00       6.123e+11  8.975198e-01 -4.604293e-02 -3.360272e-01  1.024802e-01
 4.75862e+00  3.10345e+00       5.431e+11  7.930399e-01 -4.102727e-02 -4.579145e-01  2.069601e-01
 5.17241e+00  3.10345e+00       4.272e+11  6.072409e-01 -3.513735e-02 -6.439484e-01  3.927591e-01
 5.58621e+00  3.10345e+00       3.876e+11  3.773072e-01 -1.310218e-02 -7.944692e-01  6.226928e-01
 6.00000e+00  3.10345e+00       5.053e+11  9.705030e-02 -9.576133e-03 -8.763031e-01  9.029497e-01
-6.00000e+00  3.51724e+00       7.952e+11  6.992926e-02  2.197774e-02  9.107833e-01  9.300707e-01
-5.58621e+00  3.51724e+00       5.319e+11  2.186719e-01  6.891215e-02  8.662192e-01  7.813281e-01
-5.17241e+00  3.51724e+00       4.124e+11  3.931467e-01  5.643108e-02  7.689879e-01  6.068533e-01
-4.75862e+00  3.51724e+00       4.674e+11  6.248959e-01 -1.438874e-02  5.665474e-01  3.751041e-01
-4.34483e+00  3.51724e+00       5.725e+11  8.065959e-01 -4.830962e-02  3.653096e-01  1.934041e-01
-3.93103e+00  3.51724e+00       5.702e+11  9.054069e-01 -6.310703e-02  2.293200e-01  9.459312e-02
-3.51724e+00  3.51724e+00       4.694e+11  9.402620e-01 -7.116069e-02  1.739959e-01  5.973805e-02
-3.10345e+00  3.51724e+00       3.623e+11  9.170748e-01 -5.679209e-02  2.003259e-01  8.292525e-02
-2.68966e+00  3.51724e+00       2.587e+11  8.484592e-01 -3.811715e-02  2.322877e-01  1.515408e-01
-2.27586e+00  3.51724e+00       1.576e+11  7.568469e-01  1.418668e-02  1.546304e-01  2.431531e-01
-1.86207e+00  3.51724e+00       9.815e+10  6.785764e-01  1.986691e-01 -1.298066e-01  3.214236e-01
-1.44828e+00  3.51724e+00       8.369e+10  6.044714e-01  3.377184e-01 -4.501306e-01  3.955286e-01
-1.03448e+00  3.51724e+00       8.084e+10  4.344365e-01  3.450448e-01 -5.764901e-01  5.655635e-01
-6.20690e-01  3.51724e+00       7.186e+10  1.809696e-01  3.743029e-01 -4.200676e-01  8.190304e-01
-2.06897e-01  3.51724e+00       6.943e+10  6.517291e-02  4.121573e-01  1.006223e-01  9.348271e-01
 2.06897e-01  3.51724e+00       8.517e+10  2.164708e-01  3.529871e-01  5.656571e-01  7.835292e-01
 6.20690e-01  3.51724e+00       1.071e+11  3.831838e-01  2.534894e-01  7.210842e-01  6.168162e-01
 1.03448e+00  3.51724e+00       1.175e+11  5.074468e-01  1.977377e-01  6.799754e-01  4.925532e-01
 1.44828e+00  3.51724e+00       1.293e+11  6.766273e-01  1.928483e-01  4.456427e-01  3.233727e-01
 1.86207e+00  3.51724e+00       1.770e+11  8.434956e-01  1.411492e-01  1.297991e-01  1.565044e-01
 2.27586e+00  3.51724e+00       2.479e+11  9.033423e-01  5.125311e-02 -5.301628e-02  9.665771e-02
 2.68966e+00  3.51724e+00       2.890e+11  9.082016e-01 -1.617305e-02 -1.059445e-01  9.179842e-02
 3.10345e+00  3.51724e+00       3.559e+11  9.283748e-01 -5.464973e-02 -1.109900e-01  7.162518e-02
 3.51724e+00  3.51724e+00       5.346e+11  9.532960e-01 -5.657502e-02 -1.548333e-01  4.670403e-02
 3.93103e+00  3.51724e+00       6.809e+11  9.401710e-01 -4.645591e-02 -2.230398e-01  5.982898e-02
 4.34483e+00  3.51724e+00       6.350e+11  8.663392e-01 -4.269264e-02 -3.395150e-01  1.336608e-01
 4.75862e+00  3.51724e+00       5.036e+11  7.112685e-01 -4.141489e-02 -5.374894e-01  2.887315e-01
 5.17241e+00  3.51724e+00       4.287e+11  5.240567e-01 -1.998575e-02 -7.251419e-01  4.759433e-01
 5.58621e+00  3.51724e+00       4.886e+11  2.938456e-01 -2.455385e-03 -8.389507e-01  7.061544e-01
 6.00000e+00  3.51724e+00       7.569e+11  6.065427e-02 -1.460755e-02 -9.132606e-01  9.393457e-01
-6.00000e+00  3.93103e+00       1.160e+12  1.045933e-01  2.602629e-03  9.332820e-01  8.954067e-01
-5.58621e+00  3.93103e+00       8.230e+11  2.376368e-01  4.385104e-02  8.856821e-01  7.623632e-01
-5.17241e+00  3.93103e+00       5.462e+11  3.666387e-01  8.299730e-02  8.282863e-01  6.333613e-01
-4.75862e+00  3.93103e+00       4.480e+11  5.157075e-01  4.194852e-02  7.031706e-01  4.842925e-01
-4.34483e+00  3.93103e+00       5.269e+11  7.146967e-01 -2.683475e-02  4.650921e-01  2.853033e-01
-3.93103e+00  3.93103e+00       6.322e+11  8.620615e-01 -5.219770e-02  2.384313e-01  1.379385e-01
-3.51724e+00  3.93103e+00       6.169e+11  9.373153e-01 -6.423225e-02  8.191138e-02  6.268466e-02
-3.10345e+00  3.93103e+00       5.072e+11  9.638880e-01 -7.081657e-02  6.110893e-03  3.611200e-02
-2.68966e+00  3.93103e+00       4.052e+11  9.512045e-01 -4.503774e-02  2.353475e-02  4.879548e-02
-2.27586e+00  3.93103e+00       3.220e+11  8.928125e-01 -2.157243e-02  9.288543e-02  1.071875e-01
-1.86207e+00  3.93103e+00       2.205e+11  7.771137e-01 -4.126861e-02  1.443261e-01  2.228863e-01
-1.44828e+00  3.93103e+00       1.266e+11  5.740279e-01  3.008026e-02  1.240974e-01  4.259721e-01
-1.03448e+00  3.93103e+00       8.070e+10  3.195316e-01  4.122698e-01  3.958536e-03  6.804684e-01
-6.20690e-01  3.93103e+00       6.686e+10  1.630307e-01  7.783487e-01 -6.027680e-02  8.369693e-01
-2.06897e-01  3.93103e+00       6.259e+10  1.168150e-01  8.733998e-01  7.801096e-02  8.831850e-01
 2.06897e-01  3.93103e+00       6.867e+10  2.078387e-01  7.853366e-01  3.186379e-01  7.921613e-01
 6.20690e-01  3.93103e+00       9.287e+10  4.514246e-01  5.630127e-01  4.004430e-01  5.485754e-01
 1.03448e+00  3.93103e+00       1.468e+11  7.238422e-01  2.744369e-01  2.845842e-01  2.761578e-01
 1.44828e+00  3.93103e+00       2.253e+11  8.628737e-01  7.403125e-02  1.470764e-01  1.371263e-01
 1.86207e+00  3.93103e+00       2.703e+11  8.780390e-01 -8.257079e-03  7.600705e-02  1.219610e-01
 2.27586e+00  3.93103e+00       2.707e+11  8.598994e-01 -3.264975e-02  7.954294e-02  1.401006e-01
 2.68966e+00  3.93103e+00       3.547e+11  9.106018e-01 -4.846746e-02  8.067597e-02  8.939821e-02
 3.10345e+00  3.93103e+00       5.763e+11  9.633717e-01 -5.039813e-02  1.328937e-02  3.662828e-02
 3.51724e+00  3.93103e+00       7.419e+11  9.666070e-01 -4.440555e-02 -6.886134e-02  3.339300e-02
 3.93103e+00  3.93103e+00       6.930e+11  9.153001e-01 -4.456127e-02 -1.965200e-01  8.469992e-02
 4.34483e+00  3.93103e+00       5.544e+11  7.894375e-01 -4.851361e-02 -4.184225e-01  2.105625e-01
 4.75862e+00  3.93103e+00       4.694e+11  6.380436e-01 -3.040996e-02 -6.375788e-01  3.619564e-01
 5.17241e+00  3.93103e+00       4.889e+11  4.691476e-01 -1.550675e-03 -7.698718e-01  5.308524e-01
 5.58621e+00  3.93103e+00       7.192e+11  2.422081e-01 -8.554898e-03 -8.767818e-01  7.577919e-01
 6.00000e+00  3.93103e+00       1.144e+12  7.956537e-02 -1.661781e-02 -9.425389e-01  9.204346e-01
-6.00000e+00  4.34483e+00       1.542e+12  1.630204e-01 -8.611468e-03  9.464652e-01  8.369796e-01
-5.58621e+00  4.34483e+00       1.244e+12  2.743848e-01  1.254889e-02  8.976642e-01  7.256152e-01
-5.17241e+00  4.34483e+00       8.598e+11  3.988424e-01  5.726791e-02  8.344135e-01  6.011576e-01
-4.75862e+00  4.34483e+00       5.599e+11  4.980218e-01  8.917063e-02  7.687389e-01  5.019782e-01
-4.34483e+00  4.34483e+00       4.604e+11  6.129092e-01  3.743193e-02  6.317341e-01  3.870908e-01
-3.93103e+00  4.34483e+00       5.402e+11  7.707330e-01 -3.182711e-02  3.640823e-01  2.292670e-01
-3.51724e+00  4.34483e+00       6.512e+11  8.834695e-01 -5.516248e-02  9.193251e-02  1.165305e-01
-3.10345e+00  4.34483e+00       6.533e+11  9.297140e-01 -6.345616e-02 -1.083810e-01  7.028601e-02
-2.68966e+00  4.34483e+00       5.474e+11  9.349961e-01 -7.693667e-02 -2.370273e-01  6.500393e-02
-2.27586e+00  4.34483e+00       4.285e+11  9.254537e-01 -6.161224e-02 -2.894130e-01  7.454633e-02
-1.86207e+00  4.34483e+00       3.564e+11  9.077053e-01  1.467967e-02 -2.684300e-01  9.229468e-02
-1.44828e+00  4.34483e+00       3.351e+11  8.835807e-01  6.044202e-02 -1.814859e-01  1.164193e-01
-1.03448e+00  4.34483e+00       3.122e+11  8.392729e-01 -4.070049e-03 -1.511227e-02  1.607271e-01
-6.20690e-01  4.34483e+00       2.660e+11  7.430057e-01 -1.232779e-01  2.309913e-01  2.569943e-01
-2.06897e-01  4.34483e+00       2.403e+11  6.565088e-01 -1.956506e-01  4.307544e-01  3.434912e-01
 2.06897e-01  4.34483e+00       2.468e+11  6.752586e-01 -1.945731e-01  4.165884e-01  3.247414e-01
 6.20690e-01  4.34483e+00       2.474e+11  7.066155e-01 -1.558383e-01  2.505842e-01  2.933845e-01
 1.03448e+00  4.34483e+00       2.164e+11  6.425060e-01 -6.109339e-02  9.557715e-02  3.574940e-01
 1.44828e+00  4.34483e+00       1.842e+11  5.461579e-01  5.199941e-02  1.429799e-01  4.538421e-01
 1.86207e+00  4.34483e+00       2.276e+11  6.670202e-01  2.202271e-02  3.378543e-01  3.329798e-01
 2.27586e+00  4.34483e+00       4.109e+11  8.537692e-01 -3.798807e-02  3.322798e-01  1.462308e-01
 2.68966e+00  4.34483e+00       6.624e+11  9.351987e-01 -4.516152e-02  2.387326e-01  6.480131e-02
 3.10345e+00  4.34483e+00       7.745e+11  9.568115e-01 -4.360002e-02  1.349653e-01  4.318851e-02
 3.51724e+00  4.34483e+00       6.819e+11  9.275954e-01 -5.003962e-02 -2.783303e-02  7.240463e-02
 3.93103e+00  4.34483e+00       5.495e+11  8.338143e-01 -5.802753e-02 -2.980877e-01  1.661857e-01
 4.34483e+00  4.34483e+00       4.855e+11  7.243694e-01 -3.693239e-02 -5.426975e-01  2.756306e-01
 4.75862e+00  4.34483e+00       5.011e+11  6.126187e-01 -9.177646e-04 -6.768049e-01  3.873813e-01
 5.17241e+00  4.34483e+00       6.981e+11  4.223031e-01 -4.880352e-03 -8.053568e-01  5.776969e-01
 5.58621e+00  4.34483e+00       1.153e+12  2.482998e-01 -1.732751e-02 -9.079248e-01  7.517002e-01
 6.00000e+00  4.34483e+00       1.597e+12  1.433678e-01 -1.161852e-02 -9.561234e-01  8.566322e-01
-6.00000e+00  4.75862e+00       1.817e+12  2.379088e-01 -1.143318e-02  9.458818e-01  7.620912e-01
-5.58621e+00  4.75862e+00       1.689e+12  3.279078e-01 -6.439372e-03  9.013617e-01  6.720922e-01
-5.17241e+00  4.75862e+00       1.335e+12  4.394766e-01  1.789017e-02  8.308248e-01  5.605234e-01
-4.75862e+00  4.75862e+00       9.145e+11  5.516174e-01  6.624026e-02  7.487012e-01  4.483826e-01
-4.34483e+00  4.75862e+00       5.792e+11  6.254664e-01  1.013353e-01  6.791635e-01  3.745336e-01
-3.93103e+00  4.75862e+00       4.451e+11  6.935637e-01  5.057368e-02  5.670915e-01  3.064363e-01
-3.51724e+00  4.75862e+00       4.884e+11  7.919124e-01 -2.904958e-02  3.036253e-01  2.080876e-01
-3.10345e+00  4.75862e+00       5.906e+11  8.551179e-01 -6.217625e-02 -3.603349e-02  1.448821e-01
-2.68966e+00  4.75862e+00       6.382e+11  8.516417e-01 -6.406612e-02 -3.129659e-01  1.483583e-01
-2.27586e+00  4.75862e+00       5.776e+11  7.902302e-01 -7.210877e-02 -5.117136e-01  2.097698e-01
-1.86207e+00  4.75862e+00       4.638e+11  6.935776e-01 -9.638578e-02 -6.577105e-01  3.064224e-01
-1.44828e+00  4.75862e+00       3.535e+11  5.793130e-01 -8.748423e-02 -7.617025e-01  4.206870e-01
-1.03448e+00  4.75862e+00       2.786e+11  4.565226e-01 -3.927004e-02 -8.360332e-01  5.434774e-01
-6.20690e-01  4.75862e+00       2.268e+11  3.414233e-01 -3.345636e-02 -8.610361e-01  6.585767e-01
-2.06897e-01  4.75862e+00       1.733e+11  1.668936e-01 -8.435961e-02 -8.005031e-01  8.331064e-01
 2.06897e-01  4.75862e+00       1.377e+11 -1.411249e-01 -1.130323e-01 -5.289206e-01  8.588751e-01
 6.20690e-01  4.75862e+00       1.424e+11 -2.909514e-01 -5.028073e-02  3.182378e-02  7.090486e-01
 1.03448e+00  4.75862e+00       2.067e+11  4.802169e-02 -8.796808e-03  5.403121e-01  9.519783e-01
 1.44828e+00  4.75862e+00       3.587e+11  4.592932e-01 -3.355648e-02  6.927968e-01  5.407068e-01
 1.86207e+00  4.75862e+00       5.665e+11  6.856325e-01 -4.881983e-02  6.345784e-01  3.143675e-01
 2.27586e+00  4.75862e+00       7.073e+11  8.065813e-01 -4.853797e-02  5.189828e-01  1.934187e-01
 2.68966e+00  4.75862e+00       6.845e+11  8.706089e-01 -5.360177e-02  3.735150e-01  1.293911e-01
 3.10345e+00  4.75862e+00       5.641e+11  8.821219e-01 -6.992698e-02  1.294285e-01  1.178781e-01
 3.51724e+00  4.75862e+00       4.844e+11  8.424977e-01 -7.553084e-02 -2.100918e-01  1.575023e-01
 3.93103e+00  4.75862e+00       4.684e+11  7.921777e-01 -3.756116e-02 -4.424417e-01  2.078223e-01
 4.34483e+00  4.75862e+00       5.017e+11  7.297297e-01  5.792677e-03 -5.554900e-01  2.702703e-01
 4.75862e+00  4.75862e+00       6.910e+11  5.808994e-01 -2.037248e-03 -7.004415e-01  4.191006e-01
 5.17241e+00  4.75862e+00       1.165e+12  4.153019e-01 -1.852510e-02 -8.415879e-01  5.846981e-01
 5.58621e+00  4.75862e+00       1.723e+12  3.072479e-01 -1.382997e-02 -9.158924e-01  6.927521e-01
 6.00000e+00  4.75862e+00       1.929e+12  2.290732e-01 -1.620500e-03 -9.516468e-01  7.709268e-01
-6.00000e+00  5.17241e+00       1.924e+12  3.258991e-01 -8.571896e-03  9.287224e-01  6.741009e-01
-5.58621e+00  5.17241e+00       1.992e+12  3.975682e-01 -1.062421e-02  8.901279e-01  6.024318e-01
-5.17241e+00  5.17241e+00       1.810e+12  4.898081e-01 -4.664458e-03  8.239272e-01  5.101919e-01
-4.75862e+00  5.17241e+00       1.445e+12  5.963055e-01  2.028934e-02  7.279711e-01  4.036945e-01
-4.34483e+00  5.17241e+00       1.013e+12  6.956815e-01  6.913489e-02  6.222471e-01  3.043185e-01
-3.93103e+00  5.17241e+00       6.266e+11  7.497876e-01  1.156467e-01  5.446105e-01  2.502124e-01
-3.51724e+00  5.17241e+00       4.202e+11  7.754161e-01  8.786252e-02  4.783597e-01  2.245839e-01
-3.10345e+00  5.17241e+00       3.954e+11  8.175783e-01 -1.784414e-03  3.159466e-01  1.824217e-01
-2.68966e+00  5.17241e+00       4.331e+11  8.084929e-01 -6.785959e-02 -8.241269e-03  1.915071e-01
-2.27586e+00  5.17241e+00       4.851e+11  7.003410e-01 -9.581898e-02 -4.099170e-01  2.996590e-01
-1.86207e+00  5.17241e+00       5.112e+11  5.222318e-01 -7.980097e-02 -6.939951e-01  4.777682e-01
-1.44828e+00  5.17241e+00       4.526e+11  2.821865e-01 -5.262827e-02 -8.385984e-01  7.178135e-01
-1.03448e+00  5.17241e+00       3.515e+11 -4.787387e-02 -6.152206e-02 -8.663322e-01  9.521261e-01
-6.20690e-01  5.17241e+00       2.866e+11 -4.232503e-01 -1.183250e-01 -7.040307e-01  5.767497e-01
-2.06897e-01  5.17241e+00       2.693e+11 -6.815631e-01 -1.642160e-01 -3.223865e-01  3.184369e-01
 2.06897e-01  5.17241e+00       2.828e+11 -6.654587e-01 -1.498147e-01  1.875271e-01  3.345413e-01
 6.20690e-01  5.17241e+00       3.389e+11 -3.371559e-01 -9.329983e-02  6.406489e-01  6.628441e-01
 1.03448e+00  5.17241e+00       4.400e+11  6.404581e-02 -5.694627e-02  8.449947e-01  9.359542e-01
 1.44828e+00  5.17241e+00       5.165e+11  3.456705e-01 -5.686671e-02  8.548308e-01  6.543295e-01
 1.86207e+00  5.17241e+00       5.013e+11  5.313612e-01 -7.610635e-02  7.616590e-01  4.686388e-01
 2.27586e+00  5.17241e+00       4.283e+11  6.775745e-01 -1.037515e-01  5.336970e-01  3.224255e-01
 2.68966e+00  5.17241e+00       3.853e+11  7.940501e-01 -1.225142e-01  1.464775e-01  2.059499e-01
 3.10345e+00  5.17241e+00       3.996e+11  8.436710e-01 -8.917483e-02 -1.759904e-01  1.563290e-01
 3.51724e+00  5.17241e+00       4.355e+11  8.512728e-01 -1.557575e-02 -3.126110e-01  1.487272e-01
 3.93103e+00  5.17241e+00       4.935e+11  8.244659e-01  2.042624e-02 -3.917092e-01  1.755341e-01
 4.34483e+00  5.17241e+00       6.951e+11  7.107238e-01 -3.466412e-03 -5.639895e-01  2.892762e-01
 4.75862e+00  5.17241e+00       1.191e+12  5.689151e-01 -2.071517e-02 -7.446109e-01  4.310849e-01
 5.17241e+00  5.17241e+00       1.822e+12  4.684049e-01 -1.346371e-02 -8.448798e-01  5.315951e-01
 5.58621e+00  5.17241e+00       2.145e+12  3.919445e-01 -6.639142e-05 -8.979671e-01  6.080555e-01
 6.00000e+00  5.17241e+00       1.989e+12  3.209213e-01  7.055227e-03 -9.311368e-01  6.790787e-01
-6.00000e+00  5.58621e+00       1.861e+12  4.342969e-01 -5.642750e-03  8.874599e-01  5.657031e-01
-5.58621e+00  5.58621e+00       2.121e+12  4.818242e-01 -7.773671e-03  8.595492e-01  5.181758e-01
-5.17241e+00  5.58621e+00       2.096e+12  5.512896e-01 -9.608975e-03  8.047461e-01  4.487104e-01
-4.75862e+00  5.58621e+00       1.893e+12  6.389966e-01 -4.238858e-03  7.149247e-01  3.610034e-01
-4.34483e+00  5.58621e+00       1.564e+12  7.325901e-01  1.713577e-02  5.904921e-01  2.674099e-01
-3.93103e+00  5.58621e+00       1.163e+12  8.170325e-01  6.143431e-02  4.507720e-01  1.829675e-01
-3.51724e+00  5.58621e+00       7.452e+11  8.605822e-01  1.201643e-01  3.442354e-01  1.394178e-01
-3.10345e+00  5.58621e+00       4.342e+11  8.530994e-01  1.463468e-01  2.932922e-01  1.469006e-01
-2.68966e+00  5.58621e+00       3.223e+11  8.592089e-01  7.630104e-02  2.312645e-01  1.407911e-01
-2.27586e+00  5.58621e+00       3.166e+11  8.823349e-01 -1.134080e-02  1.080738e-01  1.176651e-01
-1.86207e+00  5.58621e+00       2.941e+11  8.231702e-01 -9.343313e-02 -8.931551e-02  1.768298e-01
-1.44828e+00  5.58621e+00       2.514e+11  5.967516e-01 -1.656724e-01 -3.605304e-01  4.032484e-01
-1.03448e+00  5.58621e+00       2.221e+11  1.138533e-01 -2.122875e-01 -5.422116e-01  8.861467e-01
-6.20690e-01  5.58621e+00       2.263e+11 -4.426465e-01 -2.774747e-01 -4.548352e-01  5.573535e-01
-2.06897e-01  5.58621e+00       2.492e+11 -7.224393e-01 -3.259534e-01 -1.575639e-01  2.775607e-01
 2.06897e-01  5.58621e+00       2.512e+11 -7.472810e-01 -3.232960e-01  1.863303e-01  2.527190e-01
 6.20690e-01  5.58621e+00       2.178e+11 -5.987645e-01 -2.876312e-01  4.699774e-01  4.012355e-01
 1.03448e+00  5.58621e+00       1.801e+11 -2.231176e-01 -2.666813e-01  5.811994e-01  7.768824e-01
 1.44828e+00  5.58621e+00       1.852e+11  3.178471e-01 -2.803443e-01  4.405303e-01  6.821529e-01
 1.86207e+00  5.58621e+00       2.314e+11  6.525659e-01 -2.473240e-01  2.064152e-01  3.474341e-01
 2.27586e+00  5.58621e+00       2.881e+11  7.881670e-01 -1.465053e-01  1.419178e-02  2.118330e-01
 2.68966e+00  5.58621e+00       3.515e+11  8.545788e-01 -2.140305e-02 -7.301331e-02  1.454212e-01
 3.10345e+00  5.58621e+00       4.078e+11  8.891224e-01  4.446175e-02 -8.940822e-02  1.108776e-01
 3.51724e+00  5.58621e+00       4.845e+11  8.812527e-01  2.725145e-02 -1.753153e-01  1.187473e-01
 3.93103e+00  5.58621e+00       7.271e+11  8.044234e-01 -1.474752e-02 -4.083441e-01  1.955766e-01
 4.34483e+00  5.58621e+00       1.263e+12  7.028155e-01 -2.320221e-02 -6.217461e-01  2.971845e-01
 4.75862e+00  5.58621e+00       1.927e+12  6.213103e-01 -1.000208e-02 -7.420087e-01  3.786897e-01
 5.17241e+00  5.58621e+00       2.308e+12  5.523467e-01  4.330860e-03 -8.112238e-01  4.476533e-01
 5.58621e+00  5.58621e+00       2.211e+12  4.845122e-01  9.298053e-03 -8.590708e-01  5.154878e-01
 6.00000e+00  5.58621e+00       1.852e+12  4.194142e-01  7.069683e-03 -8.931686e-01  5.805858e-01
-6.00000e+00  6.00000e+00       1.568e+12  5.519481e-01 -5.383743e-03  8.182247e-01  4.480519e-01
-5.58621e+00  6.00000e+00       2.072e+12  5.937615e-01 -4.890474e-03  7.915540e-01  4.062385e-01
-5.17241e+00  6.00000e+00       2.263e+12  6.338063e-01 -6.892828e-03  7.577098e-01  3.661937e-01
-4.75862e+00  6.00000e+00       2.131e+12  6.913972e-01 -8.300373e-03  6.924484e-01  3.086028e-01
-4.34483e+00  6.00000e+00       1.900e+12  7.658799e-01 -4.178304e-03  5.800977e-01  2.341201e-01
-3.93103e+00  6.00000e+00       1.635e+12  8.367397e-01  1.060828e-02  4.273369e-01  1.632603e-01
-3.51724e+00  6.00000e+00       1.319e+12  8.931332e-01  4.254938e-02  2.462229e-01  1.068668e-01
-3.10345e+00  6.00000e+00       9.568e+11  9.212895e-01  9.578445e-02  7.679588e-02  7.871053e-02
-2.68966e+00  6.00000e+00       5.917e+11  9.046650e-01  1.645070e-01 -2.380593e-02  9.533499e-02
-2.27586e+00  6.00000e+00       3.300e+11  8.331280e-01  2.114264e-01 -2.045601e-02  1.668720e-01
-1.86207e+00  6.00000e+00       2.155e+11  7.454151e-01  1.589547e-01 -1.957106e-02  2.545849e-01
-1.44828e+00  6.00000e+00       2.129e+11  7.453081e-01  3.639246e-02 -2.080182e-01  2.546919e-01
-1.03448e+00  6.00000e+00       2.523e+11  7.767327e-01  2.513644e-03 -3.879646e-01  2.232673e-01
-6.20690e-01  6.00000e+00       2.640e+11  7.920535e-01  3.411355e-02 -4.538465e-01  2.079465e-01
-2.06897e-01  6.00000e+00       2.366e+11  7.823216e-01  5.444095e-02 -4.585868e-01  2.176784e-01
 2.06897e-01  6.00000e+00       2.027e+11  6.963971e-01  1.554343e-02 -4.577185e-01  3.036029e-01
 6.20690e-01  6.00000e+00       1.839e+11  5.396609e-01 -8.642894e-02 -4.056319e-01  4.603391e-01
 1.03448e+00  6.00000e+00       1.915e+11  4.990346e-01 -1.274252e-01 -1.989408e-01  5.009654e-01
 1.44828e+00  6.00000e+00       2.365e+11  6.388807e-01  6.828079e-04  6.077536e-02  3.611193e-01
 1.86207e+00  6.00000e+00       2.964e+11  7.514031e-01  1.131639e-01  2.162551e-01  2.485969e-01
 2.27586e+00  6.00000e+00       3.321e+11  7.904579e-01  1.136934e-01  2.818369e-01  2.095421e-01
 2.68966e+00  6.00000e+00       3.713e+11  8.298988e-01  5.419865e-02  2.498515e-01  1.701012e-01
 3.10345e+00  6.00000e+00       4.971e+11  8.746893e-01 -7.087309e-03  4.513190e-02  1.253107e-01
 3.51724e+00  6.00000e+00       8.210e+11  8.641549e-01 -2.998930e-02 -2.531128e-01  1.358451e-01
 3.93103e+00  6.00000e+00       1.397e+12  8.144451e-01 -1.948208e-02 -4.759739e-01  1.855549e-01
 4.34483e+00  6.00000e+00       2.046e+12  7.603781e-01 -2.166513e-04 -6.054492e-01  2.396219e-01
 4.75862e+00  6.00000e+00       2.423e+12  7.044142e-01  1.184238e-02 -6.872628e-01  2.955858e-01
 5.17241e+00  6.00000e+00       2.349e+12  6.438403e-01  1.134830e-02 -7.491867e-01  3.561597e-01
 5.58621e+00  6.00000e+00       2.026e+12  5.816122e-01  5.675054e-03 -7.978525e-01  4.183878e-01
 6.00000e+00  6.00000e+00       1.693e+12  5.273482e-01  8.421921e-03 -8.315622e-01  4.726518e-01
