 EB(GeV)    EMITTANCEx EMITTANCEy SIZEx(m)   SIZEy(m)   DIVx(rad)  DIVy(rad)
 1.500e+00  5.941e-09  5.941e-11  1.840e-04  1.299e-05  3.228e-05  4.574e-06
 betax      alphax     betay      alphay     eta        deta       E_spread  
 5.700e+00  0.000e+00  2.840e+00  0.000e+00  0.000e+00  0.000e+00  1.000e-03
 Ibeam(A) 
  2.000e-01


           x            y       F.Density            PL            PC          PL45        1-|PL|
          mm           mm  ph/s/mm^2/0.1%             -             -             -             -
-6.00000e+00 -6.00000e+00       1.274e+12  6.054773e-01 -3.953886e-03 -7.665526e-01  3.945227e-01
-5.58621e+00 -6.00000e+00       1.837e+12  6.589769e-01 -4.101270e-04 -7.282352e-01  3.410231e-01
-5.17241e+00 -6.00000e+00       2.427e+12  6.952477e-01 -8.235222e-04 -6.989890e-01  3.047523e-01
-4.75862e+00 -6.00000e+00       2.572e+12  7.290185e-01 -1.739231e-03 -6.591898e-01  2.709815e-01
-4.34483e+00 -6.00000e+00       2.230e+12  7.755521e-01 -9.668014e-03 -5.832577e-01  2.244479e-01
-3.93103e+00 -6.00000e+00       1.788e+12  8.349923e-01 -2.061385e-02 -4.454635e-01  1.650077e-01
-3.51724e+00 -6.00000e+00       1.479e+12  8.883832e-01 -2.430092e-02 -2.502613e-01  1.116168e-01
-3.10345e+00 -6.00000e+00       1.220e+12  9.158013e-01 -2.860436e-02 -4.816697e-02  8.419869e-02
-2.68966e+00 -6.00000e+00       8.844e+11  9.082684e-01 -4.951789e-02  1.110721e-01  9.173163e-02
-2.27586e+00 -6.00000e+00       5.340e+11  8.641408e-01 -8.779423e-02  1.985028e-01  1.358592e-01
-1.86207e+00 -6.00000e+00       3.122e+11  7.751903e-01 -1.576993e-01  1.685700e-01  2.248097e-01
-1.44828e+00 -6.00000e+00       2.216e+11  6.508094e-01 -2.865599e-01  7.734994e-02  3.491906e-01
-1.03448e+00 -6.00000e+00       1.964e+11  6.112919e-01 -3.164426e-01  6.823963e-02  3.887081e-01
-6.20690e-01 -6.00000e+00       1.900e+11  6.704251e-01 -1.297770e-01  9.392121e-02  3.295749e-01
-2.06897e-01 -6.00000e+00       1.853e+11  7.009483e-01  8.723572e-02  1.119077e-01  2.990517e-01
 2.06897e-01 -6.00000e+00       1.877e+11  6.728874e-01  7.555423e-02  9.508704e-02  3.271126e-01
 6.20690e-01 -6.00000e+00       2.104e+11  6.145182e-01 -1.642779e-01 -3.114532e-02  3.854818e-01
 1.03448e+00 -6.00000e+00       2.521e+11  5.813089e-01 -3.055084e-01 -2.217749e-01  4.186911e-01
 1.44828e+00 -6.00000e+00       2.854e+11  6.045155e-01 -2.095349e-01 -3.466476e-01  3.954845e-01
 1.86207e+00 -6.00000e+00       3.096e+11  6.651796e-01 -2.913371e-02 -3.883911e-01  3.348204e-01
 2.27586e+00 -6.00000e+00       3.666e+11  7.597554e-01  6.235054e-02 -3.552556e-01  2.402446e-01
 2.68966e+00 -6.00000e+00       4.880e+11  8.501674e-01  7.099279e-02 -2.063785e-01  1.498326e-01
 3.10345e+00 -6.00000e+00       7.605e+11  8.918488e-01  4.400869e-02  5.450595e-02  1.081512e-01
 3.51724e+00 -6.00000e+00       1.290e+12  8.797582e-01  1.160590e-02  2.963451e-01  1.202418e-01
 3.93103e+00 -6.00000e+00       1.951e+12  8.423597e-01 -5.190424e-03  4.571375e-01  1.576403e-01
 4.34483e+00 -6.00000e+00       2.409e+12  7.897909e-01 -8.934646e-03  5.700113e-01  2.102091e-01
 4.75862e+00 -6.00000e+00       2.563e+12  7.266260e-01 -7.730298e-03  6.603926e-01  2.733740e-01
 5.17241e+00 -6.00000e+00       2.501e+12  6.711477e-01 -1.262644e-02  7.211625e-01  3.288523e-01
 5.58621e+00 -6.00000e+00       2.167e+12  6.277002e-01 -2.764408e-02  7.564855e-01  3.722998e-01
 6.00000e+00 -6.00000e+00       1.572e+12  5.896232e-01 -3.902244e-02  7.820211e-01  4.103768e-01
-6.00000e+00 -5.58621e+00       1.697e+12  5.035773e-01  9.515518e-03 -8.441780e-01  4.964227e-01
-5.58621e+00 -5.58621e+00       2.295e+12  5.469432e-01  4.357898e-03 -8.209079e-01  4.530568e-01
-5.17241e+00 -5.58621e+00       2.465e+12  5.875040e-01 -1.270504e-03 -7.878003e-01  4.124960e-01
-4.75862e+00 -5.58621e+00       2.181e+12  6.488698e-01 -8.266225e-03 -7.191768e-01  3.511302e-01
-4.34483e+00 -5.58621e+00       1.792e+12  7.340274e-01 -1.414561e-02 -5.961873e-01  2.659726e-01
-3.93103e+00 -5.58621e+00       1.452e+12  8.222124e-01 -2.253978e-02 -4.366851e-01  1.777876e-01
-3.51724e+00 -5.58621e+00       1.076e+12  8.823039e-01 -4.687188e-02 -2.947038e-01  1.176961e-01
-3.10345e+00 -5.58621e+00       6.669e+11  8.951766e-01 -9.049257e-02 -2.040366e-01  1.048234e-01
-2.68966e+00 -5.58621e+00       3.977e+11  8.624642e-01 -1.189123e-01 -1.489580e-01  1.375358e-01
-2.27586e+00 -5.58621e+00       3.216e+11  8.410174e-01 -7.231199e-02 -4.943946e-02  1.589826e-01
-1.86207e+00 -5.58621e+00       3.103e+11  8.146007e-01 -1.136636e-02  5.808668e-02  1.853993e-01
-1.44828e+00 -5.58621e+00       2.606e+11  6.850044e-01  6.728770e-02  1.766037e-01  3.149956e-01
-1.03448e+00 -5.58621e+00       2.001e+11  4.526032e-01  1.840752e-01  3.953445e-01  5.473968e-01
-6.20690e-01 -5.58621e+00       1.595e+11  2.648021e-01  2.244289e-01  5.785298e-01  7.351979e-01
-2.06897e-01 -5.58621e+00       1.294e+11  1.302391e-01  1.885556e-01  5.269624e-01  8.697609e-01
 2.06897e-01 -5.58621e+00       1.202e+11  1.507312e-02  2.069753e-01  1.759538e-01  9.849269e-01
 6.20690e-01 -5.58621e+00       1.529e+11  1.084495e-01  2.581973e-01 -2.714718e-01  8.915505e-01
 1.03448e+00 -5.58621e+00       2.172e+11  3.612946e-01  2.366417e-01 -4.367012e-01  6.387054e-01
 1.44828e+00 -5.58621e+00       2.646e+11  5.696944e-01  1.843530e-01 -3.480617e-01  4.303056e-01
 1.86207e+00 -5.58621e+00       2.882e+11  6.978813e-01  1.106348e-01 -1.680656e-01  3.021187e-01
 2.27586e+00 -5.58621e+00       3.328e+11  7.905368e-01  1.209367e-02 -5.359803e-02  2.094632e-01
 2.68966e+00 -5.58621e+00       3.998e+11  8.602737e-01 -2.024688e-02 -1.787682e-02  1.397263e-01
 3.10345e+00 -5.58621e+00       4.845e+11  8.938435e-01  1.380376e-02  4.727926e-02  1.061565e-01
 3.51724e+00 -5.58621e+00       6.739e+11  8.719886e-01  3.356427e-02  2.323385e-01  1.280114e-01
 3.93103e+00 -5.58621e+00       1.126e+12  8.012575e-01  2.086736e-02  4.627927e-01  1.987425e-01
 4.34483e+00 -5.58621e+00       1.809e+12  7.264880e-01  5.157626e-03  6.203835e-01  2.735120e-01
 4.75862e+00 -5.58621e+00       2.346e+12  6.563841e-01 -2.807260e-03  7.186274e-01  3.436159e-01
 5.17241e+00 -5.58621e+00       2.462e+12  5.842176e-01 -4.746250e-03  7.897673e-01  4.157824e-01
 5.58621e+00 -5.58621e+00       2.240e+12  5.185494e-01 -6.221185e-03  8.393073e-01  4.814506e-01
 6.00000e+00 -5.58621e+00       1.827e+12  4.682811e-01 -1.250258e-02  8.679063e-01  5.317189e-01
-6.00000e+00 -5.17241e+00       1.878e+12  3.762109e-01 -6.823260e-03 -9.124409e-01  6.237891e-01
-5.58621e+00 -5.17241e+00       2.147e+12  4.300746e-01 -6.052160e-03 -8.832752e-01  5.699254e-01
-5.17241e+00 -5.17241e+00       2.054e+12  5.053303e-01 -6.641980e-03 -8.265869e-01  4.946697e-01
-4.75862e+00 -5.17241e+00       1.727e+12  6.037442e-01 -1.025691e-02 -7.304723e-01  3.962558e-01
-4.34483e+00 -5.17241e+00       1.340e+12  7.094093e-01 -2.627560e-02 -6.075103e-01  2.905907e-01
-3.93103e+00 -5.17241e+00       9.219e+11  7.846251e-01 -6.208740e-02 -5.016298e-01  2.153749e-01
-3.51724e+00 -5.17241e+00       5.667e+11  8.109141e-01 -9.448313e-02 -4.268124e-01  1.890859e-01
-3.10345e+00 -5.17241e+00       4.078e+11  8.237584e-01 -6.603230e-02 -3.338546e-01  1.762416e-01
-2.68966e+00 -5.17241e+00       3.722e+11  8.308737e-01 -3.519200e-03 -1.707911e-01  1.691263e-01
-2.27586e+00 -5.17241e+00       3.532e+11  7.482580e-01  5.389548e-02  1.358093e-01  2.517420e-01
-1.86207e+00 -5.17241e+00       3.702e+11  5.199214e-01  1.090490e-01  5.477468e-01  4.800786e-01
-1.44828e+00 -5.17241e+00       4.185e+11  2.249724e-01  1.314208e-01  7.887865e-01  7.750276e-01
-1.03448e+00 -5.17241e+00       4.325e+11 -1.158920e-01  1.179911e-01  7.856104e-01  8.841080e-01
-6.20690e-01 -5.17241e+00       4.121e+11 -4.927733e-01  1.010288e-01  5.422975e-01  5.072267e-01
-2.06897e-01 -5.17241e+00       4.024e+11 -7.250326e-01  1.003279e-01  9.556523e-02  2.749674e-01
 2.06897e-01 -5.17241e+00       4.098e+11 -6.810669e-01  1.066874e-01 -3.751940e-01  3.189331e-01
 6.20690e-01 -5.17241e+00       4.148e+11 -4.323966e-01  1.124060e-01 -7.102364e-01  5.676034e-01
 1.03448e+00 -5.17241e+00       4.110e+11 -9.599938e-02  1.108887e-01 -8.630693e-01  9.040006e-01
 1.44828e+00 -5.17241e+00       4.009e+11  2.345574e-01  8.942848e-02 -8.359238e-01  7.654426e-01
 1.86207e+00 -5.17241e+00       3.862e+11  5.287058e-01  6.532993e-02 -6.237081e-01  4.712942e-01
 2.27586e+00 -5.17241e+00       3.909e+11  7.529918e-01  7.400476e-02 -2.833933e-01  2.470082e-01
 2.68966e+00 -5.17241e+00       4.117e+11  8.459116e-01  7.650403e-02  6.421054e-03  1.540884e-01
 3.10345e+00 -5.17241e+00       4.372e+11  8.629827e-01  3.523474e-02  1.823850e-01  1.370173e-01
 3.51724e+00 -5.17241e+00       4.934e+11  8.619350e-01  6.479213e-03  2.817146e-01  1.380650e-01
 3.93103e+00 -5.17241e+00       6.448e+11  8.095024e-01  1.498566e-02  4.179370e-01  1.904976e-01
 4.34483e+00 -5.17241e+00       1.042e+12  6.961034e-01  1.739100e-02  6.099413e-01  3.038966e-01
 4.75862e+00 -5.17241e+00       1.687e+12  5.909534e-01  7.541810e-03  7.483194e-01  4.090466e-01
 5.17241e+00 -5.17241e+00       2.214e+12  5.066970e-01 -1.609738e-03  8.304256e-01  4.933030e-01
 5.58621e+00 -5.17241e+00       2.331e+12  4.321997e-01 -3.828034e-03  8.837179e-01  5.678003e-01
 6.00000e+00 -5.17241e+00       2.134e+12  3.709969e-01 -1.518998e-03  9.164680e-01  6.290031e-01
-6.00000e+00 -4.75862e+00       2.046e+12  2.880111e-01  2.511108e-03 -9.386495e-01  7.119889e-01
-5.58621e+00 -4.75862e+00       1.973e+12  3.544795e-01 -2.667826e-03 -9.021788e-01  6.455205e-01
-5.17241e+00 -4.75862e+00       1.637e+12  4.544724e-01 -9.135652e-03 -8.323481e-01  5.455276e-01
-4.75862e+00 -4.75862e+00       1.234e+12  5.713601e-01 -2.837276e-02 -7.386579e-01  4.286399e-01
-4.34483e+00 -4.75862e+00       8.302e+11  6.602262e-01 -6.525897e-02 -6.538334e-01  3.397738e-01
-3.93103e+00 -4.75862e+00       5.375e+11  7.095073e-01 -8.192280e-02 -5.755922e-01  2.904927e-01
-3.51724e+00 -4.75862e+00       4.414e+11  7.630439e-01 -3.186461e-02 -4.230936e-01  2.369561e-01
-3.10345e+00 -4.75862e+00       4.741e+11  8.155084e-01  3.152070e-02 -1.102327e-01  1.844916e-01
-2.68966e+00 -4.75862e+00       5.683e+11  8.165904e-01  6.499137e-02  2.603538e-01  1.834096e-01
-2.27586e+00 -4.75862e+00       6.272e+11  7.533528e-01  7.184741e-02  5.165222e-01  2.466472e-01
-1.86207e+00 -4.75862e+00       5.682e+11  6.200264e-01  8.937634e-02  6.861968e-01  3.799736e-01
-1.44828e+00 -4.75862e+00       4.551e+11  4.057380e-01  1.362245e-01  8.101702e-01  5.942620e-01
-1.03448e+00 -4.75862e+00       3.354e+11  1.533048e-01  1.625286e-01  8.607123e-01  8.466952e-01
-6.20690e-01 -4.75862e+00       2.132e+11 -1.141566e-01  1.186600e-01  7.817977e-01  8.858434e-01
-2.06897e-01 -4.75862e+00       1.369e+11 -3.619422e-01  4.753402e-03  3.656282e-01  6.380578e-01
 2.06897e-01 -4.75862e+00       1.458e+11 -3.025022e-01 -3.835554e-02 -4.052292e-01  6.974978e-01
 6.20690e-01 -4.75862e+00       2.436e+11 -2.692391e-02  2.849896e-02 -8.131731e-01  9.730761e-01
 1.03448e+00 -4.75862e+00       3.976e+11  2.182180e-01  7.206094e-02 -8.811563e-01  7.817820e-01
 1.44828e+00 -4.75862e+00       5.550e+11  4.468442e-01  7.167118e-02 -8.164006e-01  5.531558e-01
 1.86207e+00 -4.75862e+00       6.665e+11  6.358916e-01  5.553360e-02 -7.030947e-01  3.641084e-01
 2.27586e+00 -4.75862e+00       6.696e+11  7.609305e-01  4.509656e-02 -5.568182e-01  2.390695e-01
 2.68966e+00 -4.75862e+00       5.906e+11  8.396820e-01  4.207750e-02 -3.142398e-01  1.603180e-01
 3.10345e+00 -4.75862e+00       5.260e+11  8.667583e-01  5.001776e-02  2.077251e-02  1.332417e-01
 3.51724e+00 -4.75862e+00       4.981e+11  8.416648e-01  4.506810e-02  2.929638e-01  1.583352e-01
 3.93103e+00 -4.75862e+00       5.103e+11  7.973236e-01  1.757423e-02  4.463529e-01  2.026764e-01
 4.34483e+00 -4.75862e+00       6.326e+11  7.092263e-01  8.849057e-03  5.772118e-01  2.907737e-01
 4.75862e+00 -4.75862e+00       1.005e+12  5.625998e-01  1.307732e-02  7.363201e-01  4.374002e-01
 5.17241e+00 -4.75862e+00       1.613e+12  4.399924e-01  9.607855e-03  8.472573e-01  5.600076e-01
 5.58621e+00 -4.75862e+00       2.060e+12  3.516384e-01  3.374168e-03  9.072412e-01  6.483616e-01
 6.00000e+00 -4.75862e+00       2.035e+12  2.761219e-01 -1.434405e-03  9.424288e-01  7.238781e-01
-6.00000e+00 -4.34483e+00       1.794e+12  2.002813e-01 -3.201628e-04 -9.501933e-01  7.997187e-01
-5.58621e+00 -4.34483e+00       1.533e+12  2.952920e-01 -7.444490e-03 -9.028462e-01  7.047080e-01
-5.17241e+00 -4.34483e+00       1.153e+12  4.187329e-01 -2.637086e-02 -8.323396e-01  5.812671e-01
-4.75862e+00 -4.34483e+00       7.814e+11  5.256229e-01 -6.150092e-02 -7.611217e-01  4.743771e-01
-4.34483e+00 -4.34483e+00       5.295e+11  6.037447e-01 -7.215421e-02 -6.756628e-01  3.962553e-01
-3.93103e+00 -4.34483e+00       4.800e+11  7.145419e-01 -1.627866e-02 -4.743836e-01  2.854581e-01
-3.51724e+00 -4.34483e+00       5.772e+11  8.393030e-01  3.772482e-02 -1.585658e-01  1.606970e-01
-3.10345e+00 -4.34483e+00       6.853e+11  9.027241e-01  5.993752e-02  1.086197e-01  9.727592e-02
-2.68966e+00 -4.34483e+00       6.636e+11  9.023383e-01  7.926747e-02  2.886066e-01  9.766174e-02
-2.27586e+00 -4.34483e+00       5.282e+11  8.650005e-01  1.124178e-01  4.207840e-01  1.349995e-01
-1.86207e+00 -4.34483e+00       3.858e+11  8.143752e-01  1.271876e-01  5.079561e-01  1.856248e-01
-1.44828e+00 -4.34483e+00       2.896e+11  7.542249e-01  5.394216e-02  5.407110e-01  2.457751e-01
-1.03448e+00 -4.34483e+00       2.581e+11  6.730570e-01 -1.235265e-01  5.536438e-01  3.269430e-01
-6.20690e-01 -4.34483e+00       2.757e+11  5.897479e-01 -2.438471e-01  5.899133e-01  4.102521e-01
-2.06897e-01 -4.34483e+00       2.813e+11  4.974149e-01 -2.722265e-01  6.166825e-01  5.025851e-01
 2.06897e-01 -4.34483e+00       2.456e+11  3.711222e-01 -3.005362e-01  5.749201e-01  6.288778e-01
 6.20690e-01 -4.34483e+00       1.946e+11  2.611916e-01 -3.245976e-01  3.662299e-01  7.388084e-01
 1.03448e+00 -4.34483e+00       1.722e+11  3.142297e-01 -1.934522e-01 -9.429139e-02  6.857703e-01
 1.44828e+00 -4.34483e+00       2.284e+11  5.561692e-01  1.920198e-02 -4.737619e-01  4.438308e-01
 1.86207e+00 -4.34483e+00       4.017e+11  7.669417e-01  6.613937e-02 -4.930308e-01  2.330583e-01
 2.27586e+00 -4.34483e+00       6.469e+11  8.759940e-01  5.172398e-02 -4.016364e-01  1.240060e-01
 2.68966e+00 -4.34483e+00       7.978e+11  9.238931e-01  3.952496e-02 -3.002023e-01  7.610693e-02
 3.10345e+00 -4.34483e+00       7.550e+11  9.321198e-01  3.286468e-02 -1.517117e-01  6.788024e-02
 3.51724e+00 -4.34483e+00       6.289e+11  8.908847e-01  3.540924e-02  1.019916e-01  1.091153e-01
 3.93103e+00 -4.34483e+00       5.403e+11  8.071290e-01  3.772940e-02  3.838891e-01  1.928710e-01
 4.34483e+00 -4.34483e+00       5.171e+11  7.155542e-01  1.970896e-02  5.682959e-01  2.844458e-01
 4.75862e+00 -4.34483e+00       6.272e+11  5.828437e-01  7.519756e-03  7.019935e-01  4.171563e-01
 5.17241e+00 -4.34483e+00       9.937e+11  4.090086e-01  1.055136e-02  8.327406e-01  5.909914e-01
 5.58621e+00 -4.34483e+00       1.535e+12  2.810768e-01  8.691297e-03  9.140781e-01  7.189232e-01
 6.00000e+00 -4.34483e+00       1.844e+12  1.943722e-01  3.003805e-03  9.542063e-01  8.056278e-01
-6.00000e+00 -3.93103e+00       1.418e+12  1.351465e-01 -2.987166e-03 -9.437389e-01  8.648535e-01
-5.58621e+00 -3.93103e+00       1.088e+12  2.570037e-01 -2.026939e-02 -8.924576e-01  7.429963e-01
-5.17241e+00 -3.93103e+00       7.507e+11  3.862246e-01 -5.566406e-02 -8.319993e-01  6.137754e-01
-4.75862e+00 -3.93103e+00       5.216e+11  4.949451e-01 -6.996590e-02 -7.512663e-01  5.050549e-01
-4.34483e+00 -3.93103e+00       4.854e+11  6.503587e-01 -1.651264e-02 -5.538444e-01  3.496413e-01
-3.93103e+00 -3.93103e+00       5.980e+11  8.215895e-01  3.558049e-02 -2.783180e-01  1.784105e-01
-3.51724e+00 -3.93103e+00       6.873e+11  9.193591e-01  6.007680e-02 -6.682415e-02  8.064087e-02
-3.10345e+00 -3.93103e+00       6.281e+11  9.549389e-01  8.376473e-02  6.852251e-02  4.506112e-02
-2.68966e+00 -3.93103e+00       4.970e+11  9.601372e-01  9.519010e-02  1.352187e-01  3.986280e-02
-2.27586e+00 -3.93103e+00       4.099e+11  9.473876e-01  4.885919e-02  1.109627e-01  5.261242e-02
-1.86207e+00 -3.93103e+00       3.546e+11  9.027530e-01 -8.738958e-03  1.767011e-02  9.724697e-02
-1.44828e+00 -3.93103e+00       2.613e+11  7.975323e-01 -1.814123e-02 -9.960154e-02  2.024677e-01
-1.03448e+00 -3.93103e+00       1.530e+11  6.155589e-01 -1.965025e-02 -2.390298e-01  3.844411e-01
-6.20690e-01 -3.93103e+00       9.431e+10  4.920985e-01 -1.263525e-01 -4.010111e-01  5.079015e-01
-2.06897e-01 -3.93103e+00       8.807e+10  6.004447e-01 -2.806038e-01 -4.816979e-01  3.995553e-01
 2.06897e-01 -3.93103e+00       1.142e+11  7.473821e-01 -2.606338e-01 -4.461288e-01  2.526179e-01
 6.20690e-01 -3.93103e+00       1.714e+11  8.327413e-01 -1.501363e-01 -3.552828e-01  1.672587e-01
 1.03448e+00 -3.93103e+00       2.401e+11  8.542178e-01 -7.340731e-02 -2.446277e-01  1.457822e-01
 1.44828e+00 -3.93103e+00       2.615e+11  8.206760e-01 -2.933249e-02 -1.521263e-01  1.793240e-01
 1.86207e+00 -3.93103e+00       2.475e+11  7.788329e-01  1.183120e-02 -1.431078e-01  2.211671e-01
 2.27586e+00 -3.93103e+00       3.190e+11  8.530409e-01  5.351005e-02 -1.853128e-01  1.469591e-01
 2.68966e+00 -3.93103e+00       5.374e+11  9.440018e-01  5.676019e-02 -1.420559e-01  5.599823e-02
 3.10345e+00 -3.93103e+00       7.608e+11  9.726658e-01  4.272147e-02 -6.715487e-02  2.733419e-02
 3.51724e+00 -3.93103e+00       7.885e+11  9.562493e-01  3.167572e-02  3.883269e-02  4.375069e-02
 3.93103e+00 -3.93103e+00       6.596e+11  8.812757e-01  3.006215e-02  2.334755e-01  1.187243e-01
 4.34483e+00 -3.93103e+00       5.392e+11  7.539757e-01  3.127444e-02  4.843131e-01  2.460243e-01
 4.75862e+00 -3.93103e+00       4.997e+11  6.160447e-01  1.599629e-02  6.673542e-01  3.839553e-01
 5.17241e+00 -3.93103e+00       6.236e+11  4.314984e-01  5.482004e-03  7.967539e-01  5.685016e-01
 5.58621e+00 -3.93103e+00       1.000e+12  2.432789e-01  8.900951e-03  8.982442e-01  7.567211e-01
 6.00000e+00 -3.93103e+00       1.445e+12  1.243132e-01  7.559636e-03  9.513642e-01  8.756868e-01
-6.00000e+00 -3.51724e+00       1.028e+12  9.550526e-02 -1.043935e-02 -9.249674e-01  9.044947e-01
-5.58621e+00 -3.51724e+00       7.265e+11  2.351462e-01 -4.190474e-02 -8.774608e-01  7.648538e-01
-5.17241e+00 -3.51724e+00       5.032e+11  3.726579e-01 -7.019786e-02 -8.102117e-01  6.273421e-01
-4.75862e+00 -3.51724e+00       4.518e+11  5.562156e-01 -2.983852e-02 -6.448633e-01  4.437844e-01
-4.34483e+00 -3.51724e+00       5.534e+11  7.639837e-01  2.790644e-02 -4.021800e-01  2.360163e-01
-3.93103e+00 -3.51724e+00       6.412e+11  8.923668e-01  5.700593e-02 -2.159698e-01  1.076332e-01
-3.51724e+00 -3.51724e+00       5.891e+11  9.495811e-01  7.950080e-02 -1.067146e-01  5.041887e-02
-3.10345e+00 -3.51724e+00       4.722e+11  9.600325e-01  8.220962e-02 -8.045238e-02  3.996750e-02
-2.68966e+00 -3.51724e+00       3.735e+11  9.264746e-01  4.397048e-02 -1.277092e-01  7.352539e-02
-2.27586e+00 -3.51724e+00       2.644e+11  8.468724e-01 -6.959212e-03 -1.619012e-01  1.531276e-01
-1.86207e+00 -3.51724e+00       1.547e+11  7.125347e-01 -1.278518e-01 -7.485313e-02  2.874653e-01
-1.44828e+00 -3.51724e+00       9.298e+10  5.642136e-01 -4.076558e-01  1.725216e-01  4.357864e-01
-1.03448e+00 -3.51724e+00       6.977e+10  4.521802e-01 -6.377860e-01  3.511899e-01  5.478198e-01
-6.20690e-01 -3.51724e+00       6.322e+10  2.847511e-01 -7.348328e-01  3.427497e-01  7.152489e-01
-2.06897e-01 -3.51724e+00       6.407e+10  1.143384e-01 -7.776741e-01  1.837990e-01  8.856616e-01
 2.06897e-01 -3.51724e+00       6.621e+10  1.036329e-01 -7.584691e-01 -6.251889e-02  8.963671e-01
 6.20690e-01 -3.51724e+00       7.607e+10  3.470479e-01 -6.479723e-01 -2.597609e-01  6.529521e-01
 1.03448e+00 -3.51724e+00       1.108e+11  6.653440e-01 -4.771392e-01 -2.744492e-01  3.346560e-01
 1.44828e+00 -3.51724e+00       1.774e+11  8.392306e-01 -3.031180e-01 -1.602875e-01  1.607694e-01
 1.86207e+00 -3.51724e+00       2.491e+11  8.967785e-01 -1.533272e-01 -3.711742e-02  1.032215e-01
 2.27586e+00 -3.51724e+00       2.825e+11  8.970922e-01 -3.995680e-02  2.323281e-02  1.029078e-01
 2.68966e+00 -3.51724e+00       3.237e+11  9.100066e-01  4.139041e-02  2.094835e-02  8.999337e-02
 3.10345e+00 -3.51724e+00       4.868e+11  9.548933e-01  6.067729e-02  4.588024e-02  4.510673e-02
 3.51724e+00 -3.51724e+00       6.975e+11  9.683455e-01  4.566342e-02  1.043721e-01  3.165447e-02
 3.93103e+00 -3.51724e+00       7.392e+11  9.357295e-01  3.191062e-02  1.946761e-01  6.427047e-02
 4.34483e+00 -3.51724e+00       6.153e+11  8.352996e-01  2.813101e-02  3.650247e-01  1.647004e-01
 4.75862e+00 -3.51724e+00       4.922e+11  6.752852e-01  2.561696e-02  5.866091e-01  3.247148e-01
 5.17241e+00 -3.51724e+00       4.703e+11  4.888592e-01  9.449384e-03  7.525957e-01  5.111408e-01
 5.58621e+00 -3.51724e+00       6.415e+11  2.606844e-01  5.282599e-03  8.641675e-01  7.393156e-01
 6.00000e+00 -3.51724e+00       1.008e+12  8.364004e-02  1.008888e-02  9.324093e-01  9.163600e-01
-6.00000e+00 -3.10345e+00       7.048e+11  8.410679e-02 -2.553197e-02 -8.981771e-01  9.158932e-01
-5.58621e+00 -3.10345e+00       4.871e+11  2.420987e-01 -6.346248e-02 -8.487638e-01  7.579013e-01
-5.17241e+00 -3.10345e+00       4.012e+11  4.360065e-01 -4.951136e-02 -7.286658e-01  5.639935e-01
-4.75862e+00 -3.10345e+00       4.724e+11  6.753904e-01  1.351458e-02 -5.134756e-01  3.246096e-01
-4.34483e+00 -3.10345e+00       5.722e+11  8.398063e-01  5.021953e-02 -3.338134e-01  1.601937e-01
-3.93103e+00 -3.10345e+00       5.512e+11  9.186174e-01  7.311573e-02 -2.299903e-01  8.138257e-02
-3.51724e+00 -3.10345e+00       4.443e+11  9.354838e-01  8.032553e-02 -2.065359e-01  6.451618e-02
-3.10345e+00 -3.10345e+00       3.350e+11  9.003804e-01  5.201085e-02 -2.383462e-01  9.961961e-02
-2.68966e+00 -3.10345e+00       2.246e+11  8.389310e-01 -7.497312e-03 -2.138788e-01  1.610690e-01
-2.27586e+00 -3.10345e+00       1.392e+11  7.915920e-01 -1.359305e-01 -1.359867e-02  2.084080e-01
-1.86207e+00 -3.10345e+00       1.065e+11  7.812570e-01 -2.672225e-01  2.807988e-01  2.187430e-01
-1.44828e+00 -3.10345e+00       1.071e+11  7.136264e-01 -2.424826e-01  4.660813e-01  2.863736e-01
-1.03448e+00 -3.10345e+00       1.252e+11  4.958409e-01 -1.604786e-01  5.707968e-01  5.041591e-01
-6.20690e-01 -3.10345e+00       1.523e+11  1.643874e-01 -1.291824e-01  5.236460e-01  8.356126e-01
-2.06897e-01 -3.10345e+00       1.704e+11 -1.173248e-01 -1.187629e-01  2.139905e-01  8.826752e-01
 2.06897e-01 -3.10345e+00       1.762e+11 -1.151466e-01 -7.945677e-02 -2.357344e-01  8.848534e-01
 6.20690e-01 -3.10345e+00       1.774e+11  2.091309e-01 -4.593045e-02 -4.916655e-01  7.908691e-01
 1.03448e+00 -3.10345e+00       1.797e+11  5.846646e-01 -7.954244e-02 -4.859538e-01  4.153354e-01
 1.44828e+00 -3.10345e+00       1.826e+11  7.934920e-01 -1.513826e-01 -3.881902e-01  2.065080e-01
 1.86207e+00 -3.10345e+00       1.940e+11  8.770594e-01 -1.897375e-01 -2.128934e-01  1.229406e-01
 2.27586e+00 -3.10345e+00       2.329e+11  9.104588e-01 -1.445869e-01  7.070184e-03  8.954120e-02
 2.68966e+00 -3.10345e+00       2.757e+11  9.126108e-01 -5.202491e-02  1.284782e-01  8.738923e-02
 3.10345e+00 -3.10345e+00       3.281e+11  9.218419e-01  3.471242e-02  1.539402e-01  7.815815e-02
 3.51724e+00 -3.10345e+00       4.742e+11  9.473966e-01  6.000329e-02  1.756017e-01  5.260343e-02
 3.93103e+00 -3.10345e+00       6.450e+11  9.454426e-01  4.524394e-02  2.250761e-01  5.455741e-02
 4.34483e+00 -3.10345e+00       6.517e+11  8.929519e-01  3.120320e-02  3.146096e-01  1.070481e-01
 4.75862e+00 -3.10345e+00       5.245e+11  7.632015e-01  2.655129e-02  4.819382e-01  2.367985e-01
 5.17241e+00 -3.10345e+00       4.217e+11  5.708358e-01  1.823828e-02  6.797314e-01  4.291642e-01
 5.58621e+00 -3.10345e+00       4.458e+11  3.299118e-01  3.647888e-03  8.175026e-01  6.700882e-01
 6.00000e+00 -3.10345e+00       6.613e+11  8.702280e-02  7.194573e-03  8.996388e-01  9.129772e-01
-6.00000e+00 -2.68966e+00       4.726e+11  1.008648e-01 -3.819274e-02 -8.656472e-01  8.991352e-01
-5.58621e+00 -2.68966e+00       3.532e+11  3.003347e-01 -5.948451e-02 -7.896454e-01  6.996653e-01
-5.17241e+00 -2.68966e+00       3.763e+11  5.604774e-01 -9.172077e-03 -6.110412e-01  4.395226e-01
-4.75862e+00 -2.68966e+00       4.806e+11  7.696662e-01  3.789690e-02 -4.270236e-01  2.303338e-01
-4.34483e+00 -2.68966e+00       5.083e+11  8.786880e-01  6.266069e-02 -3.133874e-01  1.213120e-01
-3.93103e+00 -2.68966e+00       4.260e+11  9.141451e-01  7.702333e-02 -2.745267e-01  8.585491e-02
-3.51724e+00 -2.68966e+00       3.178e+11  8.915119e-01  6.304872e-02 -2.921843e-01  1.084881e-01
-3.10345e+00 -2.68966e+00       2.186e+11  8.518892e-01  1.159824e-02 -2.585807e-01  1.481108e-01
-2.68966e+00 -2.68966e+00       1.700e+11  8.677959e-01 -7.538102e-02 -2.976071e-02  1.322041e-01
-2.27586e+00 -2.68966e+00       2.652e+11  9.095003e-01 -8.309683e-02  2.566155e-01  9.049967e-02
-1.86207e+00 -2.68966e+00       5.895e+11  8.837429e-01 -4.806570e-02  3.993197e-01  1.162571e-01
-1.44828e+00 -2.68966e+00       1.009e+12  8.265024e-01 -3.041180e-02  4.968913e-01  1.734976e-01
-1.03448e+00 -2.68966e+00       1.128e+12  7.360811e-01 -5.931036e-03  5.816440e-01  2.639189e-01
-6.20690e-01 -2.68966e+00       8.514e+11  5.806726e-01  5.111977e-02  6.055520e-01  4.193274e-01
-2.06897e-01 -2.68966e+00       5.680e+11  3.780147e-01  1.310139e-01  2.941606e-01  6.219853e-01
 2.06897e-01 -2.68966e+00       6.356e+11  4.561788e-01  7.464626e-02 -3.759756e-01  5.438212e-01
 6.20690e-01 -2.68966e+00       1.075e+12  6.827001e-01 -2.469298e-02 -5.666212e-01  3.172999e-01
 1.03448e+00 -2.68966e+00       1.482e+12  8.051121e-01 -5.670573e-02 -5.204763e-01  1.948879e-01
 1.44828e+00 -2.68966e+00       1.353e+12  8.678675e-01 -5.730612e-02 -4.473794e-01  1.321325e-01
 1.86207e+00 -2.68966e+00       8.229e+11  9.077199e-01 -5.388043e-02 -3.609782e-01  9.228007e-02
 2.27586e+00 -2.68966e+00       4.135e+11  9.358262e-01 -7.190866e-02 -2.115392e-01  6.417375e-02
 2.68966e+00 -2.68966e+00       2.774e+11  9.357128e-01 -8.669908e-02  3.052107e-02  6.428723e-02
 3.10345e+00 -2.68966e+00       2.744e+11  9.173016e-01 -2.926901e-02  1.910839e-01  8.269840e-02
 3.51724e+00 -2.68966e+00       3.328e+11  9.220915e-01  4.280906e-02  2.322877e-01  7.790849e-02
 3.93103e+00 -2.68966e+00       4.757e+11  9.353945e-01  5.672713e-02  2.574070e-01  6.460550e-02
 4.34483e+00 -2.68966e+00       5.905e+11  9.159224e-01  4.080774e-02  3.077959e-01  8.407765e-02
 4.75862e+00 -2.68966e+00       5.431e+11  8.360411e-01  2.934893e-02  4.100137e-01  1.639589e-01
 5.17241e+00 -2.68966e+00       4.192e+11  6.729654e-01  2.493931e-02  5.830429e-01  3.270346e-01
 5.58621e+00 -2.68966e+00       3.591e+11  4.386676e-01  1.162592e-02  7.530652e-01  5.613324e-01
 6.00000e+00 -2.68966e+00       4.447e+11  1.504512e-01  4.157326e-03  8.564715e-01  8.495488e-01
-6.00000e+00 -2.27586e+00       3.787e+11  2.321007e-01 -1.309634e-01 -8.381996e-01  7.678993e-01
-5.58621e+00 -2.27586e+00       3.220e+11  4.380229e-01 -9.832291e-02 -7.219330e-01  5.619771e-01
-5.17241e+00 -2.27586e+00       3.759e+11  6.885417e-01 -1.273448e-02 -5.137362e-01  3.114583e-01
-4.75862e+00 -2.27586e+00       4.493e+11  8.420006e-01  3.705742e-02 -3.715613e-01  1.579994e-01
-4.34483e+00 -2.27586e+00       4.184e+11  8.997642e-01  6.568227e-02 -3.118069e-01  1.002358e-01
-3.93103e+00 -2.27586e+00       3.189e+11  8.961618e-01  7.009321e-02 -3.116183e-01  1.038382e-01
-3.51724e+00 -2.27586e+00       2.290e+11  8.697248e-01  3.486118e-02 -2.918214e-01  1.302752e-01
-3.10345e+00 -2.27586e+00       2.279e+11  9.128455e-01 -2.257004e-02 -9.288277e-02  8.715451e-02
-2.68966e+00 -2.27586e+00       5.147e+11  9.752179e-01 -1.757568e-02  8.917656e-02  2.478212e-02
-2.27586e+00 -2.27586e+00       1.216e+12  9.828620e-01  2.667257e-03  1.453015e-01  1.713805e-02
-1.86207e+00 -2.27586e+00       1.817e+12  9.785579e-01  1.639946e-02  1.777350e-01  2.144212e-02
-1.44828e+00 -2.27586e+00       1.583e+12  9.709097e-01  3.167738e-02  2.031959e-01  2.909029e-02
-1.03448e+00 -2.27586e+00       8.207e+11  9.549520e-01  5.385541e-02  2.209380e-01  4.504796e-02
-6.20690e-01 -2.27586e+00       2.960e+11  9.050163e-01  9.354050e-02  2.200918e-01  9.498375e-02
-2.06897e-01 -2.27586e+00       1.320e+11  8.073709e-01  1.405704e-01  1.298093e-01  1.926291e-01
 2.06897e-01 -2.27586e+00       1.406e+11  8.301345e-01  7.508000e-02 -7.776492e-02  1.698655e-01
 6.20690e-01 -2.27586e+00       3.267e+11  9.289673e-01  1.674023e-03 -1.827542e-01  7.103270e-02
 1.03448e+00 -2.27586e+00       8.996e+11  9.679597e-01 -1.475087e-02 -1.885349e-01  3.204026e-02
 1.44828e+00 -2.27586e+00       1.781e+12  9.788674e-01 -2.328724e-02 -1.749958e-01  2.113258e-02
 1.86207e+00 -2.27586e+00       2.141e+12  9.837046e-01 -2.925246e-02 -1.560377e-01  1.629538e-02
 2.27586e+00 -2.27586e+00       1.523e+12  9.863248e-01 -3.335568e-02 -1.298486e-01  1.367521e-02
 2.68966e+00 -2.27586e+00       7.161e+11  9.829178e-01 -4.249467e-02 -7.195516e-02  1.708219e-02
 3.10345e+00 -2.27586e+00       3.434e+11  9.556775e-01 -4.857166e-02  8.323279e-02  4.432245e-02
 3.51724e+00 -2.27586e+00       2.797e+11  9.228176e-01  2.130926e-03  2.325666e-01  7.718240e-02
 3.93103e+00 -2.27586e+00       3.495e+11  9.259126e-01  5.281788e-02  2.733068e-01  7.408740e-02
 4.34483e+00 -2.27586e+00       4.758e+11  9.275574e-01  4.987445e-02  2.987438e-01  7.244259e-02
 4.75862e+00 -2.27586e+00       4.975e+11  8.902854e-01  3.187304e-02  3.497666e-01  1.097146e-01
 5.17241e+00 -2.27586e+00       3.815e+11  7.704148e-01  1.567845e-02  4.682288e-01  2.295852e-01
 5.58621e+00 -2.27586e+00       2.727e+11  5.264861e-01 -8.781068e-03  6.609620e-01  4.735139e-01
 6.00000e+00 -2.27586e+00       2.776e+11  1.982931e-01 -1.796191e-02  8.092552e-01  8.017069e-01
-6.00000e+00 -1.86207e+00       2.331e+11  2.561067e-01  3.297141e-02 -7.846295e-01  7.438933e-01
-5.58621e+00 -1.86207e+00       2.548e+11  5.902536e-01  1.692051e-02 -5.872404e-01  4.097464e-01
-5.17241e+00 -1.86207e+00       3.602e+11  7.976320e-01  3.623691e-02 -4.208406e-01  2.023680e-01
-4.75862e+00 -1.86207e+00       4.028e+11  8.817480e-01  5.938631e-02 -3.348217e-01  1.182520e-01
-4.34483e+00 -1.86207e+00       3.336e+11  9.060935e-01  7.156170e-02 -3.040380e-01  9.390650e-02
-3.93103e+00 -1.86207e+00       2.434e+11  8.933586e-01  5.402223e-02 -2.991487e-01  1.066414e-01
-3.51724e+00 -1.86207e+00       2.363e+11  9.187302e-01  8.036044e-03 -1.808031e-01  8.126984e-02
-3.10345e+00 -1.86207e+00       5.373e+11  9.818932e-01 -1.284377e-03 -3.256381e-02  1.810676e-02
-2.68966e+00 -1.86207e+00       1.335e+12  9.964643e-01  9.879290e-03  6.459327e-03  3.535682e-03
-2.27586e+00 -1.86207e+00       2.043e+12  9.978317e-01  1.712934e-02  2.321020e-02  2.168328e-03
-1.86207e+00 -1.86207e+00       1.773e+12  9.969312e-01  2.455386e-02  3.601967e-02  3.068814e-03
-1.44828e+00 -1.86207e+00       9.441e+11  9.935534e-01  3.560636e-02  4.335256e-02  6.446579e-03
-1.03448e+00 -1.86207e+00       4.219e+11  9.832264e-01  3.985638e-02  3.268729e-02  1.677355e-02
-6.20690e-01 -1.86207e+00       2.392e+11  9.610342e-01  2.311172e-02  1.266794e-02  3.896583e-02
-2.06897e-01 -1.86207e+00       1.774e+11  9.355697e-01  1.549058e-02  1.218912e-02  6.443033e-02
 2.06897e-01 -1.86207e+00       1.627e+11  9.299195e-01 -5.838354e-03  2.431382e-02  7.008055e-02
 6.20690e-01 -1.86207e+00       1.850e+11  9.474209e-01 -3.339065e-02  3.712502e-02  5.257909e-02
 1.03448e+00 -1.86207e+00       3.331e+11  9.757178e-01 -2.262129e-02  6.841209e-03  2.428217e-02
 1.44828e+00 -1.86207e+00       8.872e+11  9.923343e-01 -1.620920e-02 -2.089803e-02  7.665696e-03
 1.86207e+00 -1.86207e+00       1.853e+12  9.970202e-01 -1.919185e-02 -2.307431e-02  2.979758e-03
 2.27586e+00 -1.86207e+00       2.288e+12  9.981007e-01 -2.250642e-02 -1.737454e-02  1.899347e-03
 2.68966e+00 -1.86207e+00       1.611e+12  9.972757e-01 -2.586755e-02 -5.206979e-03  2.724284e-03
 3.10345e+00 -1.86207e+00       7.252e+11  9.891633e-01 -3.148126e-02  3.451702e-02  1.083672e-02
 3.51724e+00 -1.86207e+00       3.319e+11  9.571089e-01 -2.206963e-02  1.534244e-01  4.289106e-02
 3.93103e+00 -1.86207e+00       2.840e+11  9.314970e-01  3.094873e-02  2.564369e-01  6.850304e-02
 4.34483e+00 -1.86207e+00       3.794e+11  9.324002e-01  5.271684e-02  2.874876e-01  6.759979e-02
 4.75862e+00 -1.86207e+00       4.625e+11  9.162118e-01  4.149971e-02  3.233984e-01  8.378819e-02
 5.17241e+00 -1.86207e+00       4.064e+11  8.532810e-01  3.387138e-02  3.988035e-01  1.467190e-01
 5.58621e+00 -1.86207e+00       2.898e+11  6.928520e-01  3.379638e-02  5.497341e-01  3.071480e-01
 6.00000e+00 -1.86207e+00       2.469e+11  3.922829e-01  1.454618e-02  7.379642e-01  6.077171e-01
-6.00000e+00 -1.44828e+00       1.933e+11  5.380119e-01 -1.412960e-01 -5.914423e-01  4.619881e-01
-5.58621e+00 -1.44828e+00       2.580e+11  7.278694e-01 -1.558665e-02 -4.566556e-01  2.721306e-01
-5.17241e+00 -1.44828e+00       3.372e+11  8.533440e-01  4.126636e-02 -3.361871e-01  1.466560e-01
-4.75862e+00 -1.44828e+00       3.319e+11  9.143825e-01  5.178668e-02 -2.722129e-01  8.561752e-02
-4.34483e+00 -1.44828e+00       2.609e+11  9.256328e-01  4.969264e-02 -2.654420e-01  7.436717e-02
-3.93103e+00 -1.44828e+00       2.173e+11  9.247260e-01  2.954735e-02 -2.336618e-01  7.527399e-02
-3.51724e+00 -1.44828e+00       3.859e+11  9.721129e-01  4.816432e-03 -1.063677e-01  2.788710e-02
-3.10345e+00 -1.44828e+00       1.058e+12  9.943973e-01  8.270935e-03 -5.832608e-02  5.602672e-03
-2.68966e+00 -1.44828e+00       1.950e+12  9.978314e-01  1.306976e-02 -4.590784e-02  2.168642e-03
-2.27586e+00 -1.44828e+00       2.029e+12  9.982316e-01  1.715017e-02 -3.867474e-02  1.768359e-03
-1.86207e+00 -1.44828e+00       1.289e+12  9.971470e-01  2.554577e-02 -3.446177e-02  2.852977e-03
-1.44828e+00 -1.44828e+00       8.361e+11  9.944071e-01  4.270134e-02 -3.310494e-02  5.592928e-03
-1.03448e+00 -1.44828e+00       1.092e+12  9.951186e-01  4.218363e-02 -2.733126e-02  4.881435e-03
-6.20690e-01 -1.44828e+00       1.645e+12  9.971082e-01  2.580769e-02 -1.403374e-02  2.891781e-03
-2.06897e-01 -1.44828e+00       1.962e+12  9.978458e-01  1.199018e-02  8.668326e-03  2.154247e-03
 2.06897e-01 -1.44828e+00       1.831e+12  9.971715e-01  8.418525e-03  3.737558e-02  2.828525e-03
 6.20690e-01 -1.44828e+00       1.336e+12  9.951111e-01  1.487126e-02  6.283628e-02  4.888880e-03
 1.03448e+00 -1.44828e+00       7.728e+11  9.914729e-01  2.060674e-02  7.663548e-02  8.527123e-03
 1.44828e+00 -1.44828e+00       5.953e+11  9.904798e-01  3.267771e-03  6.182374e-02  9.520241e-03
 1.86207e+00 -1.44828e+00       1.153e+12  9.958362e-01 -1.266146e-02  4.158878e-02  4.163821e-03
 2.27586e+00 -1.44828e+00       2.071e+12  9.978988e-01 -1.613505e-02  3.915488e-02  2.101215e-03
 2.68966e+00 -1.44828e+00       2.159e+12  9.980767e-01 -1.846048e-02  4.194649e-02  1.923285e-03
 3.10345e+00 -1.44828e+00       1.281e+12  9.961275e-01 -2.128746e-02  5.230254e-02  3.872516e-03
 3.51724e+00 -1.44828e+00       5.250e+11  9.844872e-01 -2.192139e-02  9.644320e-02  1.551279e-02
 3.93103e+00 -1.44828e+00       2.794e+11  9.574492e-01  6.002841e-03  1.935843e-01  4.255082e-02
 4.34483e+00 -1.44828e+00       2.993e+11  9.493095e-01  3.953420e-02  2.426972e-01  5.069047e-02
 4.75862e+00 -1.44828e+00       3.897e+11  9.402238e-01  3.748966e-02  2.732775e-01  5.977625e-02
 5.17241e+00 -1.44828e+00       3.948e+11  8.998354e-01  2.494443e-02  3.372750e-01  1.001646e-01
 5.58621e+00 -1.44828e+00       3.004e+11  8.127538e-01  1.146394e-02  4.541741e-01  1.872462e-01
 6.00000e+00 -1.44828e+00       2.124e+11  6.648840e-01 -1.273354e-03  5.782990e-01  3.351160e-01
-6.00000e+00 -1.03448e+00       1.329e+11  6.984237e-01  1.830730e-02 -4.757357e-01  3.015763e-01
-5.58621e+00 -1.03448e+00       2.244e+11  8.749119e-01  3.135016e-03 -3.253555e-01  1.250881e-01
-5.17241e+00 -1.03448e+00       3.144e+11  9.344193e-01  1.831508e-02 -2.556316e-01  6.558070e-02
-4.75862e+00 -1.03448e+00       3.034e+11  9.526019e-01  3.904391e-02 -2.268892e-01  4.739810e-02
-4.34483e+00 -1.03448e+00       2.298e+11  9.505752e-01  4.454014e-02 -2.173466e-01  4.942479e-02
-3.93103e+00 -1.03448e+00       2.424e+11  9.629402e-01  1.700012e-02 -1.546252e-01  3.705985e-02
-3.51724e+00 -1.03448e+00       6.150e+11  9.901068e-01  6.252175e-03 -8.309815e-02  9.893230e-03
-3.10345e+00 -1.03448e+00       1.493e+12  9.965656e-01  9.532683e-03 -6.696113e-02  3.434390e-03
-2.68966e+00 -1.03448e+00       2.128e+12  9.975607e-01  1.196246e-02 -6.186307e-02  2.439311e-03
-2.27586e+00 -1.03448e+00       1.761e+12  9.974116e-01  1.525447e-02 -5.997739e-02  2.588359e-03
-1.86207e+00 -1.03448e+00       1.174e+12  9.963259e-01  2.052955e-02 -6.273587e-02  3.674123e-03
-1.44828e+00 -1.03448e+00       1.181e+12  9.958080e-01  1.558275e-02 -6.620220e-02  4.192007e-03
-1.03448e+00 -1.03448e+00       1.366e+12  9.961118e-01  2.986017e-03 -6.332883e-02  3.888170e-03
-6.20690e-01 -1.03448e+00       1.263e+12  9.961993e-01 -3.504369e-03 -5.238986e-02  3.800698e-03
-2.06897e-01 -1.03448e+00       1.085e+12  9.961927e-01 -1.123700e-04 -2.936078e-02  3.807342e-03
 2.06897e-01 -1.03448e+00       1.019e+12  9.958007e-01 -2.133186e-03  9.315395e-03  4.199334e-03
 6.20690e-01 -1.03448e+00       1.017e+12  9.945315e-01 -1.068866e-02  5.798337e-02  5.468545e-03
 1.03448e+00 -1.03448e+00       9.340e+11  9.930632e-01 -1.067269e-02  9.089152e-02  6.936778e-03
 1.44828e+00 -1.03448e+00       7.269e+11  9.921743e-01 -5.793300e-03  9.560952e-02  7.825707e-03
 1.86207e+00 -1.03448e+00       8.475e+11  9.946742e-01 -7.631516e-03  6.849074e-02  5.325802e-03
 2.27586e+00 -1.03448e+00       1.627e+12  9.973314e-01 -1.113140e-02  5.397682e-02  2.668649e-03
 2.68966e+00 -1.03448e+00       2.219e+12  9.980044e-01 -1.293866e-02  5.259530e-02  1.995568e-03
 3.10345e+00 -1.03448e+00       1.702e+12  9.976451e-01 -1.450571e-02  5.555806e-02  2.354944e-03
 3.51724e+00 -1.03448e+00       7.853e+11  9.943306e-01 -1.532996e-02  7.100276e-02  5.669405e-03
 3.93103e+00 -1.03448e+00       3.311e+11  9.810937e-01 -2.029661e-03  1.271298e-01  1.890635e-02
 4.34483e+00 -1.03448e+00       2.752e+11  9.703781e-01  2.987162e-02  1.828466e-01  2.962186e-02
 4.75862e+00 -1.03448e+00       3.449e+11  9.689776e-01  3.101403e-02  2.008986e-01  3.102243e-02
 5.17241e+00 -1.03448e+00       3.513e+11  9.566109e-01  2.207697e-02  2.283189e-01  4.338909e-02
 5.58621e+00 -1.03448e+00       2.582e+11  9.131387e-01  2.243588e-02  2.964983e-01  8.686128e-02
 6.00000e+00 -1.03448e+00       1.708e+11  7.950649e-01  1.748540e-02  4.444963e-01  2.049351e-01
-6.00000e+00 -6.20690e-01       1.494e+11  8.586883e-01 -3.048053e-02 -3.705827e-01  1.413117e-01
-5.58621e+00 -6.20690e-01       2.173e+11  9.410668e-01 -2.429554e-03 -2.126312e-01  5.893316e-02
-5.17241e+00 -6.20690e-01       2.762e+11  9.732480e-01  5.960779e-03 -1.485261e-01  2.675203e-02
-4.75862e+00 -6.20690e-01       2.569e+11  9.816224e-01  1.028269e-02 -1.373215e-01  1.837763e-02
-4.34483e+00 -6.20690e-01       2.074e+11  9.800091e-01  1.350126e-02 -1.370007e-01  1.999090e-02
-3.93103e+00 -6.20690e-01       2.908e+11  9.879354e-01  5.500410e-03 -9.076813e-02  1.206455e-02
-3.51724e+00 -6.20690e-01       8.165e+11  9.964416e-01  5.170067e-03 -6.013304e-02  3.558416e-03
-3.10345e+00 -6.20690e-01       1.739e+12  9.981230e-01  7.314437e-03 -5.403564e-02  1.876962e-03
-2.68966e+00 -6.20690e-01       2.109e+12  9.983167e-01  8.543455e-03 -5.267382e-02  1.683308e-03
-2.27586e+00 -6.20690e-01       1.599e+12  9.979898e-01  9.874684e-03 -5.465004e-02  2.010161e-03
-1.86207e+00 -6.20690e-01       1.268e+12  9.975336e-01  8.708083e-03 -5.795256e-02  2.466414e-03
-1.44828e+00 -6.20690e-01       1.756e+12  9.980237e-01  4.072447e-03 -5.072638e-02  1.976336e-03
-1.03448e+00 -6.20690e-01       3.496e+12  9.989124e-01  2.953743e-03 -3.527341e-02  1.087606e-03
-6.20690e-01 -6.20690e-01       7.077e+12  9.994613e-01  2.034444e-03 -2.298788e-02  5.387141e-04
-2.06897e-01 -6.20690e-01       1.061e+13  9.997089e-01  2.181190e-04 -1.413010e-02  2.911302e-04
 2.06897e-01 -6.20690e-01       1.048e+13  9.997998e-01 -1.417953e-03 -6.157962e-03  2.001972e-04
 6.20690e-01 -6.20690e-01       6.772e+12  9.996981e-01 -2.856571e-03  2.867654e-03  3.019493e-04
 1.03448e+00 -6.20690e-01       3.057e+12  9.990671e-01 -4.876930e-03  1.870987e-02  9.329399e-04
 1.44828e+00 -6.20690e-01       1.235e+12  9.974415e-01 -6.883103e-03  4.694821e-02  2.558503e-03
 1.86207e+00 -6.20690e-01       8.135e+11  9.967538e-01 -6.493240e-03  5.661282e-02  3.246236e-03
 2.27586e+00 -6.20690e-01       1.332e+12  9.982879e-01 -7.153413e-03  4.188297e-02  1.712067e-03
 2.68966e+00 -6.20690e-01       2.086e+12  9.989259e-01 -8.236152e-03  3.805857e-02  1.074143e-03
 3.10345e+00 -6.20690e-01       1.901e+12  9.989682e-01 -9.041800e-03  3.855565e-02  1.031832e-03
 3.51724e+00 -6.20690e-01       9.941e+11  9.982191e-01 -9.247326e-03  4.408597e-02  1.780862e-03
 3.93103e+00 -6.20690e-01       3.944e+11  9.945523e-01 -3.911738e-03  6.783163e-02  5.447661e-03
 4.34483e+00 -6.20690e-01       2.512e+11  9.898005e-01  1.216680e-02  1.016997e-01  1.019946e-02
 4.75862e+00 -6.20690e-01       2.902e+11  9.893168e-01  1.575957e-02  1.131510e-01  1.068319e-02
 5.17241e+00 -6.20690e-01       3.131e+11  9.847941e-01  1.253453e-02  1.286569e-01  1.520592e-02
 5.58621e+00 -6.20690e-01       2.337e+11  9.653679e-01  5.280900e-03  1.747084e-01  3.463211e-02
 6.00000e+00 -6.20690e-01       1.361e+11  9.005799e-01 -1.780882e-02  2.967737e-01  9.942015e-02
-6.00000e+00 -2.06897e-01       1.508e+11  9.788667e-01 -2.453651e-02 -1.438608e-01  2.113330e-02
-5.58621e+00 -2.06897e-01       2.214e+11  9.904550e-01 -1.455564e-03 -8.550512e-02  9.544973e-03
-5.17241e+00 -2.06897e-01       2.683e+11  9.953538e-01  3.180868e-03 -5.944377e-02  4.646158e-03
-4.75862e+00 -2.06897e-01       2.368e+11  9.967643e-01  2.904689e-04 -5.396092e-02  3.235661e-03
-4.34483e+00 -2.06897e-01       1.963e+11  9.965550e-01 -2.903793e-03 -5.367714e-02  3.444983e-03
-3.93103e+00 -2.06897e-01       3.258e+11  9.980279e-01 -1.614287e-03 -3.718725e-02  1.972077e-03
-3.51724e+00 -2.06897e-01       9.281e+11  9.992515e-01  1.778706e-03 -2.828675e-02  7.484682e-04
-3.10345e+00 -2.06897e-01       1.837e+12  9.994848e-01  3.189311e-03 -2.675006e-02  5.151579e-04
-2.68966e+00 -2.06897e-01       2.069e+12  9.994330e-01  3.453683e-03 -2.773440e-02  5.670212e-04
-2.27586e+00 -2.06897e-01       1.554e+12  9.992370e-01  2.270644e-03 -3.117958e-02  7.629850e-04
-1.86207e+00 -2.06897e-01       1.488e+12  9.992875e-01 -2.028376e-03 -3.101381e-02  7.124754e-04
-1.44828e+00 -2.06897e-01       2.935e+12  9.996307e-01 -4.511996e-03 -2.332306e-02  3.693463e-04
-1.03448e+00 -2.06897e-01       7.583e+12  9.997947e-01 -4.792959e-03 -1.728265e-02  2.052767e-04
-6.20690e-01 -2.06897e-01       1.605e+13  9.998627e-01 -5.105435e-03 -1.324838e-02  1.372884e-04
-2.06897e-01 -2.06897e-01       2.350e+13  9.999050e-01 -5.419551e-03 -9.795445e-03  9.495110e-05
 2.06897e-01 -2.06897e-01       2.324e+13  9.999317e-01 -5.605666e-03 -6.695692e-03  6.825860e-05
 6.20690e-01 -2.06897e-01       1.548e+13  9.999360e-01 -5.729846e-03 -3.925424e-03  6.395471e-05
 1.03448e+00 -2.06897e-01       6.969e+12  9.998842e-01 -5.968028e-03 -3.387804e-04  1.157938e-04
 1.44828e+00 -2.06897e-01       2.340e+12  9.996664e-01 -6.205722e-03  7.962016e-03  3.335595e-04
 1.86207e+00 -2.06897e-01       9.705e+11  9.993131e-01 -4.826448e-03  1.796934e-02  6.868911e-04
 2.27586e+00 -2.06897e-01       1.219e+12  9.995845e-01 -3.559676e-03  1.116931e-02  4.154775e-04
 2.68966e+00 -2.06897e-01       1.986e+12  9.998269e-01 -3.797184e-03  7.830169e-03  1.731018e-04
 3.10345e+00 -2.06897e-01       1.968e+12  9.998866e-01 -3.776899e-03  7.710950e-03  1.134157e-04
 3.51724e+00 -2.06897e-01       1.105e+12  9.998230e-01 -3.078184e-03  9.107153e-03  1.769508e-04
 3.93103e+00 -2.06897e-01       4.365e+11  9.994465e-01 -5.158128e-04  1.433281e-02  5.534730e-04
 4.34483e+00 -2.06897e-01       2.464e+11  9.988220e-01  3.512976e-03  2.156949e-02  1.177968e-03
 4.75862e+00 -2.06897e-01       2.823e+11  9.987065e-01  5.077236e-03  2.557414e-02  1.293480e-03
 5.17241e+00 -2.06897e-01       3.233e+11  9.982805e-01  5.316098e-03  3.319360e-02  1.719452e-03
 5.58621e+00 -2.06897e-01       2.540e+11  9.965050e-01  2.824606e-03  4.879592e-02  3.494970e-03
 6.00000e+00 -2.06897e-01       1.494e+11  9.908455e-01 -5.402201e-03  7.847936e-02  9.154536e-03
-6.00000e+00  2.06897e-01       1.500e+11  9.874817e-01 -1.088357e-04  9.123818e-02  1.251834e-02
-5.58621e+00  2.06897e-01       2.209e+11  9.941772e-01 -1.355952e-02  5.376858e-02  5.822776e-03
-5.17241e+00  2.06897e-01       2.677e+11  9.969464e-01 -1.584751e-02  3.650290e-02  3.053639e-03
-4.75862e+00  2.06897e-01       2.358e+11  9.978571e-01 -1.687134e-02  3.231008e-02  2.142853e-03
-4.34483e+00  2.06897e-01       1.952e+11  9.981478e-01 -1.693686e-02  3.116356e-02  1.852235e-03
-3.93103e+00  2.06897e-01       3.255e+11  9.991677e-01 -7.995616e-03  1.529412e-02  8.323127e-04
-3.51724e+00  2.06897e-01       9.309e+11  9.997444e-01 -2.536505e-03  7.898883e-03  2.556148e-04
-3.10345e+00  2.06897e-01       1.845e+12  9.998332e-01 -1.529641e-03  6.121353e-03  1.668044e-04
-2.68966e+00  2.06897e-01       2.084e+12  9.997967e-01 -2.122969e-03  3.546726e-03  2.032538e-04
-2.27586e+00  2.06897e-01       1.575e+12  9.996913e-01 -5.377552e-03 -4.006461e-04  3.086650e-04
-1.86207e+00  2.06897e-01       1.515e+12  9.996869e-01 -1.089344e-02  5.035753e-05  3.130957e-04
-1.44828e+00  2.06897e-01       2.959e+12  9.998215e-01 -1.148156e-02  1.014280e-03  1.785172e-04
-1.03448e+00  2.06897e-01       7.589e+12  9.998945e-01 -9.832447e-03 -1.746247e-03  1.055363e-04
-6.20690e-01  2.06897e-01       1.603e+13  9.999194e-01 -8.105211e-03 -4.372310e-03  8.058610e-05
-2.06897e-01  2.06897e-01       2.347e+13  9.999182e-01 -6.644352e-03 -7.116863e-03  8.184945e-05
 2.06897e-01  2.06897e-01       2.321e+13  9.998945e-01 -5.619643e-03 -1.030568e-02  1.055132e-04
 6.20690e-01  2.06897e-01       1.545e+13  9.998496e-01 -5.040967e-03 -1.374663e-02  1.503822e-04
 1.03448e+00  2.06897e-01       6.963e+12  9.997879e-01 -4.727350e-03 -1.697387e-02  2.121245e-04
 1.44828e+00  2.06897e-01       2.354e+12  9.997185e-01 -3.966201e-03 -1.905950e-02  2.815311e-04
 1.86207e+00  2.06897e-01       9.851e+11  9.995831e-01 -1.342222e-03 -2.132767e-02  4.168574e-04
 2.27586e+00  2.06897e-01       1.225e+12  9.994768e-01  9.756804e-05 -2.647723e-02  5.231943e-04
 2.68966e+00  2.06897e-01       1.987e+12  9.995235e-01  3.244702e-04 -2.770704e-02  4.764849e-04
 3.10345e+00  2.06897e-01       1.968e+12  9.995379e-01  1.164572e-03 -2.788632e-02  4.621401e-04
 3.51724e+00  2.06897e-01       1.105e+12  9.993849e-01  2.871725e-03 -2.940711e-02  6.151063e-04
 3.93103e+00  2.06897e-01       4.375e+11  9.984983e-01  4.278284e-03 -3.883412e-02  1.501701e-03
 4.34483e+00  2.06897e-01       2.476e+11  9.967534e-01 -3.525022e-03 -6.061700e-02  3.246573e-03
 4.75862e+00  2.06897e-01       2.839e+11  9.962810e-01 -9.237439e-03 -6.978584e-02  3.718982e-03
 5.17241e+00  2.06897e-01       3.251e+11  9.953464e-01 -6.079131e-03 -7.490279e-02  4.653558e-03
 5.58621e+00  2.06897e-01       2.556e+11  9.914419e-01 -6.954842e-04 -9.430277e-02  8.558064e-03
 6.00000e+00  2.06897e-01       1.509e+11  9.806201e-01  5.103711e-03 -1.423974e-01  1.937987e-02
-6.00000e+00  6.20690e-01       1.463e+11  8.818062e-01  7.589031e-04  3.267318e-01  1.181938e-01
-5.58621e+00  6.20690e-01       2.146e+11  9.500619e-01 -1.621203e-02  1.832302e-01  4.993805e-02
-5.17241e+00  6.20690e-01       2.732e+11  9.764995e-01 -1.739968e-02  1.270733e-01  2.350051e-02
-4.75862e+00  6.20690e-01       2.535e+11  9.838038e-01 -2.351478e-02  1.183614e-01  1.619615e-02
-4.34483e+00  6.20690e-01       2.043e+11  9.838234e-01 -3.161445e-02  1.173876e-01  1.617660e-02
-3.93103e+00  6.20690e-01       2.904e+11  9.914223e-01 -1.704912e-02  6.964184e-02  8.577721e-03
-3.51724e+00  6.20690e-01       8.240e+11  9.978823e-01 -7.064720e-03  4.045012e-02  2.117700e-03
-3.10345e+00  6.20690e-01       1.760e+12  9.990228e-01 -6.209614e-03  3.463833e-02  9.772094e-04
-2.68966e+00  6.20690e-01       2.147e+12  9.991836e-01 -7.366599e-03  3.079343e-02  8.163862e-04
-2.27586e+00  6.20690e-01       1.657e+12  9.990422e-01 -1.170613e-02  2.665288e-02  9.577707e-04
-1.86207e+00  6.20690e-01       1.350e+12  9.985824e-01 -1.855466e-02  2.844668e-02  1.417642e-03
-1.44828e+00  6.20690e-01       1.847e+12  9.985466e-01 -1.869608e-02  2.853990e-02  1.453389e-03
-1.03448e+00  6.20690e-01       3.540e+12  9.990968e-01 -1.773292e-02  1.436089e-02  9.031872e-04
-6.20690e-01  6.20690e-01       7.034e+12  9.995254e-01 -1.626006e-02  1.543476e-03  4.746106e-04
-2.06897e-01  6.20690e-01       1.049e+13  9.996655e-01 -1.368649e-02 -7.026304e-03  3.345368e-04
 2.06897e-01  6.20690e-01       1.035e+13  9.996306e-01 -1.139113e-02 -1.494346e-02  3.693858e-04
 6.20690e-01  6.20690e-01       6.693e+12  9.994519e-01 -9.514200e-03 -2.364721e-02  5.481375e-04
 1.03448e+00  6.20690e-01       3.071e+12  9.990442e-01 -6.643477e-03 -3.491219e-02  9.558118e-04
 1.44828e+00  6.20690e-01       1.298e+12  9.982940e-01 -1.335119e-03 -4.951041e-02  1.706048e-03
 1.86207e+00  6.20690e-01       8.572e+11  9.976807e-01  3.150105e-03 -5.891471e-02  2.319316e-03
 2.27586e+00  6.20690e-01       1.345e+12  9.979191e-01  3.739274e-03 -5.828685e-02  2.080938e-03
 2.68966e+00  6.20690e-01       2.085e+12  9.981402e-01  4.504867e-03 -5.723055e-02  1.859787e-03
 3.10345e+00  6.20690e-01       1.897e+12  9.980677e-01  6.213422e-03 -5.777015e-02  1.932275e-03
 3.51724e+00  6.20690e-01       9.933e+11  9.969855e-01  8.850617e-03 -6.371139e-02  3.014502e-03
 3.93103e+00  6.20690e-01       3.970e+11  9.915888e-01  6.682741e-03 -9.297329e-02  8.411224e-03
 4.34483e+00  6.20690e-01       2.545e+11  9.838263e-01 -1.586975e-02 -1.399837e-01  1.617373e-02
 4.75862e+00  6.20690e-01       2.936e+11  9.821713e-01 -2.393882e-02 -1.558247e-01  1.782874e-02
 5.17241e+00  6.20690e-01       3.173e+11  9.757820e-01 -1.645562e-02 -1.707668e-01  2.421797e-02
 5.58621e+00  6.20690e-01       2.377e+11  9.499739e-01 -7.246586e-03 -2.196737e-01  5.002609e-02
 6.00000e+00  6.20690e-01       1.394e+11  8.697980e-01  7.180072e-03 -3.531618e-01  1.302020e-01
-6.00000e+00  1.03448e+00       1.312e+11  7.088039e-01 -4.405258e-02  4.501050e-01  2.911961e-01
-5.58621e+00  1.03448e+00       2.239e+11  8.777630e-01 -1.512909e-02  3.048467e-01  1.222370e-01
-5.17241e+00  1.03448e+00       3.137e+11  9.363020e-01 -2.288467e-02  2.405965e-01  6.369798e-02
-4.75862e+00  1.03448e+00       3.004e+11  9.548042e-01 -4.677235e-02  2.136410e-01  4.519583e-02
-4.34483e+00  1.03448e+00       2.245e+11  9.549628e-01 -5.984777e-02  2.021308e-01  4.503720e-02
-3.93103e+00  1.03448e+00       2.379e+11  9.685177e-01 -3.176566e-02  1.354225e-01  3.148233e-02
-3.51724e+00  1.03448e+00       6.199e+11  9.924897e-01 -1.092068e-02  6.443858e-02  7.510278e-03
-3.10345e+00  1.03448e+00       1.520e+12  9.976895e-01 -1.000590e-02  4.934033e-02  2.310470e-03
-2.68966e+00  1.03448e+00       2.185e+12  9.984485e-01 -1.177934e-02  4.333031e-02  1.551530e-03
-2.27586e+00  1.03448e+00       1.849e+12  9.983483e-01 -1.648378e-02  3.790045e-02  1.651750e-03
-1.86207e+00  1.03448e+00       1.304e+12  9.973407e-01 -2.604533e-02  3.866203e-02  2.659253e-03
-1.44828e+00  1.03448e+00       1.367e+12  9.963478e-01 -2.515475e-02  5.160794e-02  3.652186e-03
-1.03448e+00  1.03448e+00       1.575e+12  9.960937e-01 -1.250554e-02  5.651402e-02  3.906285e-03
-6.20690e-01  1.03448e+00       1.408e+12  9.957451e-01 -4.273228e-03  4.473734e-02  4.254881e-03
-2.06897e-01  1.03448e+00       1.138e+12  9.954962e-01 -7.820123e-03  1.303827e-02  4.503842e-03
 2.06897e-01  1.03448e+00       1.071e+12  9.958581e-01 -6.417752e-03 -2.484036e-02  4.141874e-03
 6.20690e-01  1.03448e+00       1.160e+12  9.961214e-01  4.529672e-03 -5.434293e-02  3.878614e-03
 1.03448e+00  1.03448e+00       1.126e+12  9.957541e-01  7.770893e-03 -7.263266e-02  4.245868e-03
 1.44828e+00  1.03448e+00       8.617e+11  9.950030e-01  5.633148e-03 -8.139139e-02  4.997007e-03
 1.86207e+00  1.03448e+00       9.008e+11  9.954585e-01  5.293309e-03 -7.725760e-02  4.541475e-03
 2.27586e+00  1.03448e+00       1.636e+12  9.967204e-01  6.382618e-03 -7.091620e-02  3.279583e-03
 2.68966e+00  1.03448e+00       2.213e+12  9.970916e-01  8.231387e-03 -6.984375e-02  2.908360e-03
 3.10345e+00  1.03448e+00       1.695e+12  9.965742e-01  1.092601e-02 -7.261408e-02  3.425752e-03
 3.51724e+00  1.03448e+00       7.850e+11  9.924546e-01  1.441113e-02 -8.925567e-02  7.545436e-03
 3.93103e+00  1.03448e+00       3.359e+11  9.759673e-01  4.108074e-03 -1.533019e-01  2.403269e-02
 4.34483e+00  1.03448e+00       2.807e+11  9.620888e-01 -3.429842e-02 -2.173925e-01  3.791120e-02
 4.75862e+00  1.03448e+00       3.493e+11  9.590595e-01 -4.240878e-02 -2.351964e-01  4.094052e-02
 5.17241e+00  1.03448e+00       3.547e+11  9.420830e-01 -3.620435e-02 -2.640969e-01  5.791702e-02
 5.58621e+00  1.03448e+00       2.610e+11  8.876885e-01 -4.431985e-02 -3.388810e-01  1.123115e-01
 6.00000e+00  1.03448e+00       1.738e+11  7.528722e-01 -5.309598e-02 -4.935633e-01  2.471278e-01
-6.00000e+00  1.44828e+00       1.872e+11  5.514298e-01  1.245269e-01  5.633317e-01  4.485702e-01
-5.58621e+00  1.44828e+00       2.553e+11  7.369767e-01 -1.702895e-03  4.388851e-01  2.630233e-01
-5.17241e+00  1.44828e+00       3.346e+11  8.574798e-01 -5.222141e-02  3.246932e-01  1.425202e-01
-4.75862e+00  1.44828e+00       3.275e+11  9.161836e-01 -6.086944e-02  2.611523e-01  8.381641e-02
-4.34483e+00  1.44828e+00       2.546e+11  9.281765e-01 -6.141481e-02  2.535699e-01  7.182353e-02
-3.93103e+00  1.44828e+00       2.105e+11  9.294092e-01 -4.569332e-02  2.199460e-01  7.059085e-02
-3.51724e+00  1.44828e+00       3.858e+11  9.755030e-01 -1.518361e-02  8.898321e-02  2.449697e-02
-3.10345e+00  1.44828e+00       1.080e+12  9.954938e-01 -1.182706e-02  4.226009e-02  4.506219e-03
-2.68966e+00  1.44828e+00       2.010e+12  9.983377e-01 -1.475879e-02  3.022992e-02  1.662261e-03
-2.27586e+00  1.44828e+00       2.129e+12  9.985172e-01 -1.940289e-02  2.212731e-02  1.482826e-03
-1.86207e+00  1.44828e+00       1.429e+12  9.973613e-01 -2.947927e-02  1.652388e-02  2.638662e-03
-1.44828e+00  1.44828e+00       1.031e+12  9.949294e-01 -4.607116e-02  2.097357e-02  5.070559e-03
-1.03448e+00  1.44828e+00       1.391e+12  9.953890e-01 -4.478595e-02  2.919172e-02  4.610983e-03
-6.20690e-01  1.44828e+00       2.095e+12  9.971617e-01 -2.861619e-02  2.491293e-02  2.838268e-03
-2.06897e-01  1.44828e+00       2.520e+12  9.981660e-01 -1.396387e-02  8.248964e-03  1.834007e-03
 2.06897e-01  1.44828e+00       2.376e+12  9.981050e-01 -8.462580e-03 -1.665005e-02  1.895027e-03
 6.20690e-01  1.44828e+00       1.741e+12  9.968574e-01 -1.209815e-02 -4.213182e-02  3.142604e-03
 1.03448e+00  1.44828e+00       9.921e+11  9.941876e-01 -1.607836e-02 -6.334646e-02  5.812440e-03
 1.44828e+00  1.44828e+00       6.829e+11  9.924521e-01 -4.813219e-03 -7.039624e-02  7.547859e-03
 1.86207e+00  1.44828e+00       1.178e+12  9.959138e-01  6.521216e-03 -5.684370e-02  4.086229e-03
 2.27586e+00  1.44828e+00       2.068e+12  9.975441e-01  1.002170e-02 -5.248057e-02  2.455934e-03
 2.68966e+00  1.44828e+00       2.147e+12  9.975859e-01  1.317441e-02 -5.455147e-02  2.414128e-03
 3.10345e+00  1.44828e+00       1.275e+12  9.952829e-01  1.722494e-02 -6.515784e-02  4.717139e-03
 3.51724e+00  1.44828e+00       5.296e+11  9.816618e-01  1.967622e-02 -1.130840e-01  1.833823e-02
 3.93103e+00  1.44828e+00       2.871e+11  9.501985e-01 -8.412804e-03 -2.206774e-01  4.980155e-02
 4.34483e+00  1.44828e+00       3.070e+11  9.393756e-01 -4.510049e-02 -2.765989e-01  6.062438e-02
 4.75862e+00  1.44828e+00       3.997e+11  9.286678e-01 -4.309319e-02 -3.063848e-01  7.133222e-02
 5.17241e+00  1.44828e+00       4.057e+11  8.835570e-01 -3.001308e-02 -3.697566e-01  1.164430e-01
 5.58621e+00  1.44828e+00       3.108e+11  7.877193e-01 -1.813148e-02 -4.902580e-01  2.122807e-01
 6.00000e+00  1.44828e+00       2.231e+11  6.386152e-01 -7.684696e-03 -6.135335e-01  3.613848e-01
-6.00000e+00  1.86207e+00       2.273e+11  2.788811e-01 -3.875398e-02  7.744764e-01  7.211189e-01
-5.58621e+00  1.86207e+00       2.535e+11  6.021496e-01 -2.278155e-02  5.756584e-01  3.978504e-01
-5.17241e+00  1.86207e+00       3.605e+11  8.007086e-01 -3.525496e-02  4.139372e-01  1.992914e-01
-4.75862e+00  1.86207e+00       3.995e+11  8.823923e-01 -5.772354e-02  3.297998e-01  1.176077e-01
-4.34483e+00  1.86207e+00       3.258e+11  9.061777e-01 -7.608009e-02  2.987081e-01  9.382232e-02
-3.93103e+00  1.86207e+00       2.330e+11  8.939821e-01 -6.807102e-02  2.940030e-01  1.060179e-01
-3.51724e+00  1.86207e+00       2.296e+11  9.215674e-01 -2.544003e-02  1.691797e-01  7.843265e-02
-3.10345e+00  1.86207e+00       5.481e+11  9.832734e-01 -6.843150e-03  1.781859e-02  1.672657e-02
-2.68966e+00  1.86207e+00       1.385e+12  9.963574e-01 -1.306395e-02 -2.002473e-02  3.642645e-03
-2.27586e+00  1.86207e+00       2.138e+12  9.972858e-01 -2.004285e-02 -3.621250e-02  2.714197e-03
-1.86207e+00  1.86207e+00       1.908e+12  9.961500e-01 -2.973907e-02 -4.774348e-02  3.850040e-03
-1.44828e+00  1.86207e+00       1.128e+12  9.931950e-01 -4.340308e-02 -4.731700e-02  6.804990e-03
-1.03448e+00  1.86207e+00       6.251e+11  9.868951e-01 -4.331084e-02 -2.264429e-02  1.310494e-02
-6.20690e-01  1.86207e+00       4.028e+11  9.747122e-01 -1.864100e-02 -8.500485e-03  2.528781e-02
-2.06897e-01  1.86207e+00       2.923e+11  9.584273e-01  9.266934e-04 -3.218747e-02  4.157266e-02
 2.06897e-01  1.86207e+00       2.626e+11  9.547712e-01  2.127944e-02 -6.084739e-02  4.522882e-02
 6.20690e-01  1.86207e+00       2.916e+11  9.665238e-01  3.404482e-02 -7.379544e-02  3.347624e-02
 1.03448e+00  1.86207e+00       4.217e+11  9.816842e-01  1.424405e-02 -4.594604e-02  1.831584e-02
 1.44828e+00  1.86207e+00       9.230e+11  9.932617e-01  4.742656e-03  1.000787e-03  6.738278e-03
 1.86207e+00  1.86207e+00       1.841e+12  9.973907e-01  9.923203e-03  1.346312e-02  2.609321e-03
 2.27586e+00  1.86207e+00       2.255e+12  9.983507e-01  1.482985e-02  9.702733e-03  1.649254e-03
 2.68966e+00  1.86207e+00       1.586e+12  9.973282e-01  1.911528e-02 -2.838897e-03  2.671816e-03
 3.10345e+00  1.86207e+00       7.204e+11  9.880740e-01  2.514091e-02 -4.519451e-02  1.192602e-02
 3.51724e+00  1.86207e+00       3.389e+11  9.525311e-01  1.553224e-02 -1.723896e-01  4.746891e-02
 3.93103e+00  1.86207e+00       2.932e+11  9.240528e-01 -3.588165e-02 -2.831030e-01  7.594718e-02
 4.34483e+00  1.86207e+00       3.887e+11  9.234247e-01 -5.909718e-02 -3.148042e-01  7.657525e-02
 4.75862e+00  1.86207e+00       4.709e+11  9.049006e-01 -5.032928e-02 -3.478891e-01  9.509944e-02
 5.17241e+00  1.86207e+00       4.103e+11  8.351292e-01 -4.628740e-02 -4.227286e-01  1.648708e-01
 5.58621e+00  1.86207e+00       2.910e+11  6.627543e-01 -5.155819e-02 -5.754425e-01  3.372457e-01
 6.00000e+00  1.86207e+00       2.499e+11  3.567723e-01 -3.283679e-02 -7.589557e-01  6.432277e-01
-6.00000e+00  2.27586e+00       3.578e+11  2.444006e-01  1.361244e-01  8.220393e-01  7.555994e-01
-5.58621e+00  2.27586e+00       3.097e+11  4.528174e-01  8.897818e-02  7.021921e-01  5.471826e-01
-5.17241e+00  2.27586e+00       3.718e+11  6.948623e-01  2.689027e-03  5.015058e-01  3.051377e-01
-4.75862e+00  2.27586e+00       4.458e+11  8.427283e-01 -3.834214e-02  3.654406e-01  1.572717e-01
-4.34483e+00  2.27586e+00       4.118e+11  8.990109e-01 -6.564881e-02  3.079630e-01  1.009891e-01
-3.93103e+00  2.27586e+00       3.090e+11  8.948482e-01 -7.631526e-02  3.084821e-01  1.051518e-01
-3.51724e+00  2.27586e+00       2.182e+11  8.674490e-01 -5.200010e-02  2.904225e-01  1.325510e-01
-3.10345e+00  2.27586e+00       2.232e+11  9.133400e-01  1.309928e-03  8.378616e-02  8.666000e-02
-2.68966e+00  2.27586e+00       5.326e+11  9.752193e-01  5.397084e-03 -9.910401e-02  2.478074e-02
-2.27586e+00  2.27586e+00       1.282e+12  9.819201e-01 -1.006480e-02 -1.530024e-01  1.807988e-02
-1.86207e+00  2.27586e+00       1.929e+12  9.772441e-01 -2.378762e-02 -1.847891e-01  2.275591e-02
-1.44828e+00  2.27586e+00       1.693e+12  9.693771e-01 -4.226921e-02 -2.127027e-01  3.062291e-02
-1.03448e+00  2.27586e+00       9.271e+11  9.564639e-01 -7.498477e-02 -2.373030e-01  4.353605e-02
-6.20690e-01  2.27586e+00       4.479e+11  9.368506e-01 -1.353230e-01 -2.432496e-01  6.314935e-02
-2.06897e-01  2.27586e+00       3.134e+11  9.226836e-01 -1.868699e-01 -2.145373e-01  7.731645e-02
 2.06897e-01  2.27586e+00       2.750e+11  9.160784e-01 -1.805222e-01 -1.403736e-01  8.392162e-02
 6.20690e-01  2.27586e+00       3.751e+11  9.379506e-01 -8.407765e-02  6.290960e-02  6.204941e-02
 1.03448e+00  2.27586e+00       8.883e+11  9.669233e-01 -1.242659e-02  1.738962e-01  3.307674e-02
 1.44828e+00  2.27586e+00       1.735e+12  9.780624e-01  9.377205e-03  1.778032e-01  2.193756e-02
 1.86207e+00  2.27586e+00       2.076e+12  9.832881e-01  1.819966e-02  1.591236e-01  1.671187e-02
 2.27586e+00  2.27586e+00       1.477e+12  9.862478e-01  2.323252e-02  1.307980e-01  1.375220e-02
 2.68966e+00  2.27586e+00       7.035e+11  9.826204e-01  3.107185e-02  6.925559e-02  1.737961e-02
 3.10345e+00  2.27586e+00       3.490e+11  9.534721e-01  3.314211e-02 -9.438115e-02  4.652792e-02
 3.51724e+00  2.27586e+00       2.898e+11  9.192200e-01 -1.223371e-02 -2.510773e-01  8.077997e-02
 3.93103e+00  2.27586e+00       3.576e+11  9.204409e-01 -5.753639e-02 -2.946913e-01  7.955913e-02
 4.34483e+00  2.27586e+00       4.840e+11  9.200759e-01 -5.571429e-02 -3.195867e-01  7.992412e-02
 4.75862e+00  2.27586e+00       5.064e+11  8.790261e-01 -3.935091e-02 -3.709986e-01  1.209739e-01
 5.17241e+00  2.27586e+00       3.903e+11  7.526237e-01 -2.398216e-02 -4.921595e-01  2.473763e-01
 5.58621e+00  2.27586e+00       2.827e+11  5.138394e-01  3.089415e-03 -6.794123e-01  4.861606e-01
 6.00000e+00  2.27586e+00       2.844e+11  2.022508e-01  1.400278e-02 -8.097815e-01  7.977492e-01
-6.00000e+00  2.68966e+00       4.573e+11  1.077545e-01  3.950089e-02  8.615049e-01  8.922455e-01
-5.58621e+00  2.68966e+00       3.416e+11  3.107305e-01  5.526409e-02  7.823491e-01  6.892695e-01
-5.17241e+00  2.68966e+00       3.762e+11  5.678198e-01 -2.534231e-03  6.064356e-01  4.321802e-01
-4.75862e+00  2.68966e+00       4.842e+11  7.701558e-01 -4.287570e-02  4.266506e-01  2.298442e-01
-4.34483e+00  2.68966e+00       5.064e+11  8.769796e-01 -6.163787e-02  3.137372e-01  1.230204e-01
-3.93103e+00  2.68966e+00       4.176e+11  9.113397e-01 -7.493910e-02  2.759129e-01  8.866026e-02
-3.51724e+00  2.68966e+00       3.051e+11  8.865224e-01 -6.756826e-02  2.958436e-01  1.134776e-01
-3.10345e+00  2.68966e+00       2.064e+11  8.435558e-01 -3.044691e-02  2.671836e-01  1.564442e-01
-2.68966e+00  2.68966e+00       1.641e+11  8.633470e-01  4.621059e-02  3.045558e-02  1.366530e-01
-2.27586e+00  2.68966e+00       2.730e+11  9.105038e-01  5.942951e-02 -2.635732e-01  8.949621e-02
-1.86207e+00  2.68966e+00       6.280e+11  8.871148e-01  2.955535e-02 -4.018630e-01  1.128852e-01
-1.44828e+00  2.68966e+00       1.106e+12  8.349174e-01  6.907014e-03 -4.925168e-01  1.650826e-01
-1.03448e+00  2.68966e+00       1.269e+12  7.532761e-01 -2.925226e-02 -5.700191e-01  2.467239e-01
-6.20690e-01  2.68966e+00       9.708e+11  6.093731e-01 -1.037964e-01 -5.957078e-01  3.906269e-01
-2.06897e-01  2.68966e+00       6.247e+11  3.948246e-01 -2.113226e-01 -3.255272e-01  6.051754e-01
 2.06897e-01  2.68966e+00       6.282e+11  4.107806e-01 -1.657385e-01  3.515517e-01  5.892194e-01
 6.20690e-01  2.68966e+00       1.003e+12  6.380585e-01 -3.216168e-02  5.903489e-01  3.619415e-01
 1.03448e+00  2.68966e+00       1.365e+12  7.777320e-01  2.300865e-02  5.489230e-01  2.222680e-01
 1.44828e+00  2.68966e+00       1.252e+12  8.526471e-01  3.493840e-02  4.682099e-01  1.473529e-01
 1.86207e+00  2.68966e+00       7.749e+11  9.009613e-01  3.631043e-02  3.729689e-01  9.903866e-02
 2.27586e+00  2.68966e+00       4.021e+11  9.335065e-01  5.005688e-02  2.186423e-01  6.649348e-02
 2.68966e+00  2.68966e+00       2.805e+11  9.337369e-01  5.637870e-02 -3.155155e-02  6.626313e-02
 3.10345e+00  2.68966e+00       2.841e+11  9.164125e-01  8.823840e-03 -2.020281e-01  8.358746e-02
 3.51724e+00  2.68966e+00       3.403e+11  9.202053e-01 -4.890432e-02 -2.473228e-01  7.979467e-02
 3.93103e+00  2.68966e+00       4.825e+11  9.311120e-01 -6.102746e-02 -2.736976e-01  6.888804e-02
 4.34483e+00  2.68966e+00       6.013e+11  9.094047e-01 -4.761648e-02 -3.240144e-01  9.059530e-02
 4.75862e+00  2.68966e+00       5.512e+11  8.254494e-01 -3.899166e-02 -4.261537e-01  1.745506e-01
 5.17241e+00  2.68966e+00       4.246e+11  6.578377e-01 -3.507650e-02 -6.005360e-01  3.421623e-01
 5.58621e+00  2.68966e+00       3.647e+11  4.304590e-01 -1.809369e-02 -7.633597e-01  5.695410e-01
 6.00000e+00  2.68966e+00       4.504e+11  1.455593e-01 -1.089652e-02 -8.583715e-01  8.544407e-01
-6.00000e+00  3.10345e+00       6.902e+11  8.723992e-02  2.609136e-02  8.959187e-01  9.127601e-01
-5.58621e+00  3.10345e+00       4.670e+11  2.475305e-01  6.860099e-02  8.434434e-01  7.524695e-01
-5.17241e+00  3.10345e+00       3.934e+11  4.440133e-01  4.238920e-02  7.236995e-01  5.559867e-01
-4.75862e+00  3.10345e+00       4.775e+11  6.772373e-01 -2.206001e-02  5.146853e-01  3.227627e-01
-4.34483e+00  3.10345e+00       5.760e+11  8.376005e-01 -5.067597e-02  3.373025e-01  1.623995e-01
-3.93103e+00  3.10345e+00       5.472e+11  9.161344e-01 -6.759377e-02  2.337878e-01  8.386556e-02
-3.51724e+00  3.10345e+00       4.344e+11  9.316533e-01 -7.396772e-02  2.127184e-01  6.834670e-02
-3.10345e+00  3.10345e+00       3.209e+11  8.925549e-01 -5.571311e-02  2.472279e-01  1.074451e-01
-2.68966e+00  3.10345e+00       2.117e+11  8.263042e-01 -1.665598e-02  2.296381e-01  1.736958e-01
-2.27586e+00  3.10345e+00       1.316e+11  7.814526e-01  9.430423e-02  3.139460e-02  2.185474e-01
-1.86207e+00  3.10345e+00       1.065e+11  7.838692e-01  2.161283e-01 -2.900475e-01  2.161308e-01
-1.44828e+00  3.10345e+00       1.100e+11  7.198498e-01  2.054741e-01 -5.011689e-01  2.801502e-01
-1.03448e+00  3.10345e+00       1.179e+11  4.856530e-01  1.667252e-01 -6.240081e-01  5.143470e-01
-6.20690e-01  3.10345e+00       1.320e+11  1.076236e-01  1.595735e-01 -5.762753e-01  8.923764e-01
-2.06897e-01  3.10345e+00       1.464e+11 -1.894098e-01  1.476299e-01 -2.367900e-01  8.105902e-01
 2.06897e-01  3.10345e+00       1.548e+11 -1.546973e-01  1.006509e-01  2.453984e-01  8.453027e-01
 6.20690e-01  3.10345e+00       1.616e+11  2.104351e-01  6.484790e-02  5.269796e-01  7.895649e-01
 1.03448e+00  3.10345e+00       1.709e+11  5.853810e-01  8.076791e-02  5.416107e-01  4.146190e-01
 1.44828e+00  3.10345e+00       1.753e+11  7.729683e-01  1.143318e-01  4.557570e-01  2.270317e-01
 1.86207e+00  3.10345e+00       1.849e+11  8.562008e-01  1.300891e-01  2.605219e-01  1.437992e-01
 2.27586e+00  3.10345e+00       2.303e+11  9.035722e-01  9.002250e-02  9.906364e-04  9.642784e-02
 2.68966e+00  3.10345e+00       2.836e+11  9.143103e-01  2.041831e-02 -1.335541e-01  8.568972e-02
 3.10345e+00  3.10345e+00       3.334e+11  9.236537e-01 -4.176485e-02 -1.606278e-01  7.634631e-02
 3.51724e+00  3.10345e+00       4.754e+11  9.459740e-01 -6.144292e-02 -1.849820e-01  5.402596e-02
 3.93103e+00  3.10345e+00       6.532e+11  9.421012e-01 -4.997348e-02 -2.368344e-01  5.789879e-02
 4.34483e+00  3.10345e+00       6.596e+11  8.874841e-01 -4.038334e-02 -3.259993e-01  1.125159e-01
 4.75862e+00  3.10345e+00       5.267e+11  7.528286e-01 -3.830208e-02 -4.955958e-01  2.471714e-01
 5.17241e+00  3.10345e+00       4.249e+11  5.635816e-01 -2.555993e-02 -6.914715e-01  4.364184e-01
 5.58621e+00  3.10345e+00       4.479e+11  3.316878e-01 -6.324780e-03 -8.187144e-01  6.683122e-01
 6.00000e+00  3.10345e+00       6.640e+11  8.328399e-02 -1.389275e-02 -8.990137e-01  9.167160e-01
-6.00000e+00  3.51724e+00       1.022e+12  9.868349e-02  6.056825e-03  9.241763e-01  9.013165e-01
-5.58621e+00  3.51724e+00       7.051e+11  2.369832e-01  4.816257e-02  8.746442e-01  7.630168e-01
-5.17241e+00  3.51724e+00       4.823e+11  3.774619e-01  7.469631e-02  8.062662e-01  6.225381e-01
-4.75862e+00  3.51724e+00       4.510e+11  5.613728e-01  1.938916e-02  6.444471e-01  4.386272e-01
-4.34483e+00  3.51724e+00       5.648e+11  7.627395e-01 -3.536223e-02  4.083412e-01  2.372605e-01
-3.93103e+00  3.51724e+00       6.466e+11  8.894709e-01 -5.573455e-02  2.216776e-01  1.105291e-01
-3.51724e+00  3.51724e+00       5.862e+11  9.478153e-01 -7.070252e-02  1.132549e-01  5.218470e-02
-3.10345e+00  3.51724e+00       4.644e+11  9.569695e-01 -7.029205e-02  9.301855e-02  4.303051e-02
-2.68966e+00  3.51724e+00       3.604e+11  9.175836e-01 -4.354290e-02  1.431796e-01  8.241636e-02
-2.27586e+00  3.51724e+00       2.515e+11  8.309678e-01 -2.119239e-02  1.781760e-01  1.690322e-01
-1.86207e+00  3.51724e+00       1.462e+11  6.989112e-01  6.565481e-02  9.814347e-02  3.010888e-01
-1.44828e+00  3.51724e+00       8.777e+10  5.689726e-01  3.381918e-01 -1.548373e-01  4.310274e-01
-1.03448e+00  3.51724e+00       6.759e+10  4.737208e-01  5.503988e-01 -4.016350e-01  5.262792e-01
-6.20690e-01  3.51724e+00       6.139e+10  2.927216e-01  5.648097e-01 -5.137742e-01  7.072784e-01
-2.06897e-01  3.51724e+00       5.851e+10  4.687341e-02  5.375016e-01 -4.539022e-01  9.531266e-01
 2.06897e-01  3.51724e+00       5.664e+10 -6.052793e-02  5.309960e-01 -1.928275e-01  9.394721e-01
 6.20690e-01  3.51724e+00       6.320e+10  1.699411e-01  5.182501e-01  1.430838e-01  8.300589e-01
 1.03448e+00  3.51724e+00       9.240e+10  5.622322e-01  4.145273e-01  2.773005e-01  4.377678e-01
 1.44828e+00  3.51724e+00       1.591e+11  8.077502e-01  2.331282e-01  1.715348e-01  1.922498e-01
 1.86207e+00  3.51724e+00       2.469e+11  8.948722e-01  8.852837e-02  3.653730e-02  1.051278e-01
 2.27586e+00  3.51724e+00       2.920e+11  9.037534e-01  5.459455e-03 -2.155616e-02  9.624658e-02
 2.68966e+00  3.51724e+00       3.227e+11  9.125656e-01 -4.578856e-02 -1.696640e-02  8.743444e-02
 3.10345e+00  3.51724e+00       4.790e+11  9.538726e-01 -5.973577e-02 -4.721984e-02  4.612741e-02
 3.51724e+00  3.51724e+00       7.020e+11  9.667892e-01 -4.947031e-02 -1.112267e-01  3.321083e-02
 3.93103e+00  3.51724e+00       7.460e+11  9.336470e-01 -4.153124e-02 -2.010689e-01  6.635295e-02
 4.34483e+00  3.51724e+00       6.118e+11  8.291303e-01 -4.203010e-02 -3.734026e-01  1.708697e-01
 4.75862e+00  3.51724e+00       4.895e+11  6.681422e-01 -3.522728e-02 -5.988503e-01  3.318578e-01
 5.17241e+00  3.51724e+00       4.690e+11  4.936687e-01 -9.677260e-03 -7.538708e-01  5.063313e-01
 5.58621e+00  3.51724e+00       6.370e+11  2.627197e-01 -7.658628e-03 -8.612174e-01  7.372803e-01
 6.00000e+00  3.51724e+00       1.009e+12  7.876415e-02 -1.761962e-02 -9.322615e-01  9.212359e-01
-6.00000e+00  3.93103e+00       1.413e+12  1.401015e-01 -6.659095e-03  9.429472e-01  8.598985e-01
-5.58621e+00  3.93103e+00       1.082e+12  2.563723e-01  1.942766e-02  8.928429e-01  7.436277e-01
-5.17241e+00  3.93103e+00       7.199e+11  3.843269e-01  6.575431e-02  8.303610e-01  6.156731e-01
-4.75862e+00  3.93103e+00       4.995e+11  4.968128e-01  7.430064e-02  7.501722e-01  5.031872e-01
-4.34483e+00  3.93103e+00       4.909e+11  6.536371e-01  5.497427e-03  5.587460e-01  3.463629e-01
-3.93103e+00  3.93103e+00       6.151e+11  8.193660e-01 -4.250714e-02  2.896136e-01  1.806340e-01
-3.51724e+00  3.93103e+00       6.946e+11  9.167199e-01 -5.804864e-02  7.429389e-02  8.328011e-02
-3.10345e+00  3.93103e+00       6.279e+11  9.556498e-01 -7.234669e-02 -6.126806e-02  4.435018e-02
-2.68966e+00  3.93103e+00       4.968e+11  9.637639e-01 -7.383847e-02 -1.161032e-01  3.623613e-02
-2.27586e+00  3.93103e+00       4.047e+11  9.472119e-01 -3.091347e-02 -8.107464e-02  5.278812e-02
-1.86207e+00  3.93103e+00       3.427e+11  8.892305e-01 -1.969354e-03  1.438064e-02  1.107695e-01
-1.44828e+00  3.93103e+00       2.511e+11  7.662500e-01 -4.015774e-02  1.289238e-01  2.337500e-01
-1.03448e+00  3.93103e+00       1.482e+11  5.699667e-01 -9.353496e-02  2.570301e-01  4.300333e-01
-6.20690e-01  3.93103e+00       8.950e+10  4.332608e-01 -7.149576e-03  4.056920e-01  5.667392e-01
-2.06897e-01  3.93103e+00       7.995e+10  5.380710e-01  1.941176e-01  4.903159e-01  4.619290e-01
 2.06897e-01  3.93103e+00       1.071e+11  7.165431e-01  1.933992e-01  4.557738e-01  2.834569e-01
 6.20690e-01  3.93103e+00       1.739e+11  8.270838e-01  7.552133e-02  3.678830e-01  1.729162e-01
 1.03448e+00  3.93103e+00       2.557e+11  8.592497e-01  7.922496e-04  2.666548e-01  1.407503e-01
 1.44828e+00  3.93103e+00       2.799e+11  8.322837e-01 -2.542591e-02  1.803463e-01  1.677163e-01
 1.86207e+00  3.93103e+00       2.485e+11  7.814902e-01 -2.670478e-02  1.658278e-01  2.185098e-01
 2.27586e+00  3.93103e+00       2.981e+11  8.408965e-01 -4.230440e-02  2.020374e-01  1.591035e-01
 2.68966e+00  3.93103e+00       5.194e+11  9.390936e-01 -5.186235e-02  1.457545e-01  6.090642e-02
 3.10345e+00  3.93103e+00       7.646e+11  9.712280e-01 -4.565032e-02  6.393889e-02  2.877196e-02
 3.51724e+00  3.93103e+00       7.931e+11  9.558178e-01 -4.217098e-02 -4.000694e-02  4.418218e-02
 3.93103e+00  3.93103e+00       6.468e+11  8.771616e-01 -4.701415e-02 -2.359461e-01  1.228384e-01
 4.34483e+00  3.93103e+00       5.266e+11  7.466261e-01 -4.387927e-02 -4.964650e-01  2.533739e-01
 4.75862e+00  3.93103e+00       4.940e+11  6.208341e-01 -1.472629e-02 -6.692916e-01  3.791659e-01
 5.17241e+00  3.93103e+00       6.169e+11  4.386971e-01 -3.004564e-03 -7.911328e-01  5.613029e-01
 5.58621e+00  3.93103e+00       9.979e+11  2.418215e-01 -1.565515e-02 -8.972576e-01  7.581785e-01
 6.00000e+00  3.93103e+00       1.453e+12  1.211765e-01 -1.558945e-02 -9.520470e-01  8.788235e-01
-6.00000e+00  4.34483e+00       1.754e+12  2.047602e-01 -1.127050e-02  9.485335e-01  7.952398e-01
-5.58621e+00  4.34483e+00       1.548e+12  2.981623e-01 -1.358163e-03  9.028796e-01  7.018377e-01
-5.17241e+00  4.34483e+00       1.144e+12  4.164288e-01  3.103295e-02  8.328491e-01  5.835712e-01
-4.75862e+00  4.34483e+00       7.465e+11  5.258821e-01  7.875944e-02  7.589293e-01  4.741179e-01
-4.34483e+00  4.34483e+00       5.096e+11  6.049583e-01  7.874628e-02  6.798787e-01  3.950417e-01
-3.93103e+00  4.34483e+00       4.893e+11  7.165178e-01  3.829481e-03  4.867354e-01  2.834822e-01
-3.51724e+00  4.34483e+00       6.006e+11  8.381378e-01 -4.699680e-02  1.763213e-01  1.618622e-01
-3.10345e+00  4.34483e+00       6.973e+11  9.000426e-01 -5.998513e-02 -9.822709e-02  9.995744e-02
-2.68966e+00  4.34483e+00       6.648e+11  9.031350e-01 -6.987715e-02 -2.868715e-01  9.686500e-02
-2.27586e+00  4.34483e+00       5.346e+11  8.774033e-01 -8.906182e-02 -4.109763e-01  1.225967e-01
-1.86207e+00  4.34483e+00       3.992e+11  8.472302e-01 -7.984994e-02 -4.740444e-01  1.527698e-01
-1.44828e+00  4.34483e+00       3.009e+11  8.004322e-01  6.729384e-03 -4.901021e-01  1.995678e-01
-1.03448e+00  4.34483e+00       2.620e+11  7.076858e-01  1.648392e-01 -5.138442e-01  2.923142e-01
-6.20690e-01  4.34483e+00       2.755e+11  6.178557e-01  2.639092e-01 -5.618321e-01  3.821443e-01
-2.06897e-01  4.34483e+00       2.815e+11  5.384623e-01  2.850487e-01 -5.861779e-01  4.615377e-01
 2.06897e-01  4.34483e+00       2.462e+11  4.163979e-01  3.163194e-01 -5.466164e-01  5.836021e-01
 6.20690e-01  4.34483e+00       1.890e+11  2.662565e-01  3.631202e-01 -3.709045e-01  7.337435e-01
 1.03448e+00  4.34483e+00       1.507e+11  2.241153e-01  2.802082e-01  4.263847e-02  7.758847e-01
 1.44828e+00  4.34483e+00       1.915e+11  4.691949e-01  4.194919e-02  4.655125e-01  5.308051e-01
 1.86207e+00  4.34483e+00       3.678e+11  7.373866e-01 -4.504076e-02  4.990899e-01  2.626134e-01
 2.27586e+00  4.34483e+00       6.378e+11  8.673627e-01 -4.805037e-02  4.022867e-01  1.326373e-01
 2.68966e+00  4.34483e+00       8.092e+11  9.221792e-01 -4.459286e-02  2.989638e-01  7.782083e-02
 3.10345e+00  4.34483e+00       7.510e+11  9.312973e-01 -4.785208e-02  1.583984e-01  6.870273e-02
 3.51724e+00  4.34483e+00       6.005e+11  8.843278e-01 -5.869691e-02 -1.003235e-01  1.156722e-01
 3.93103e+00  4.34483e+00       5.181e+11  7.987597e-01 -5.346826e-02 -3.998234e-01  2.012403e-01
 4.34483e+00  4.34483e+00       5.046e+11  7.220437e-01 -1.663590e-02 -5.684264e-01  2.779563e-01
 4.75862e+00  4.34483e+00       6.071e+11  5.933043e-01  8.422753e-04 -6.901860e-01  4.066957e-01
 5.17241e+00  4.34483e+00       9.736e+11  4.073432e-01 -1.396726e-02 -8.302166e-01  5.926568e-01
 5.58621e+00  4.34483e+00       1.533e+12  2.758859e-01 -1.666395e-02 -9.161871e-01  7.241141e-01
 6.00000e+00  4.34483e+00       1.852e+12  1.922776e-01 -7.030324e-03 -9.552462e-01  8.077224e-01
-6.00000e+00  4.75862e+00       1.936e+12  2.838289e-01 -1.023016e-02  9.389258e-01  7.161711e-01
-5.58621e+00  4.75862e+00       1.950e+12  3.598075e-01 -9.661771e-03  8.996659e-01  6.401925e-01
-5.17241e+00  4.75862e+00       1.670e+12  4.574611e-01  2.866918e-03  8.322954e-01  5.425389e-01
-4.75862e+00  4.75862e+00       1.231e+12  5.700794e-01  3.824705e-02  7.398116e-01  4.299206e-01
-4.34483e+00  4.75862e+00       7.975e+11  6.609036e-01  8.825326e-02  6.528045e-01  3.390964e-01
-3.93103e+00  4.75862e+00       5.149e+11  7.085533e-01  9.526763e-02  5.859327e-01  2.914467e-01
-3.51724e+00  4.75862e+00       4.451e+11  7.649314e-01  2.074234e-02  4.461026e-01  2.350686e-01
-3.10345e+00  4.75862e+00       5.005e+11  8.214925e-01 -4.688591e-02  1.370721e-01  1.785075e-01
-2.68966e+00  4.75862e+00       5.916e+11  8.191311e-01 -7.155439e-02 -2.355937e-01  1.808689e-01
-2.27586e+00  4.75862e+00       6.301e+11  7.485887e-01 -6.762030e-02 -5.108851e-01  2.514113e-01
-1.86207e+00  4.75862e+00       5.648e+11  6.136972e-01 -7.636219e-02 -6.984882e-01  3.863028e-01
-1.44828e+00  4.75862e+00       4.605e+11  4.260553e-01 -1.169601e-01 -8.286692e-01  5.739447e-01
-1.03448e+00  4.75862e+00       3.442e+11  2.212092e-01 -1.437233e-01 -8.823874e-01  7.787908e-01
-6.20690e-01  4.75862e+00       2.197e+11 -2.886413e-02 -1.083414e-01 -8.243875e-01  9.711359e-01
-2.06897e-01  4.75862e+00       1.407e+11 -3.424467e-01  3.597513e-04 -4.755007e-01  6.575533e-01
 2.06897e-01  4.75862e+00       1.402e+11 -4.089173e-01  4.246785e-02  2.547161e-01  5.910827e-01
 6.20690e-01  4.75862e+00       2.234e+11 -1.391067e-01 -3.351304e-02  7.483220e-01  8.608933e-01
 1.03448e+00  4.75862e+00       3.768e+11  1.606133e-01 -7.612750e-02  8.617588e-01  8.393867e-01
 1.44828e+00  4.75862e+00       5.569e+11  4.307364e-01 -7.059466e-02  8.043267e-01  5.692636e-01
 1.86207e+00  4.75862e+00       6.876e+11  6.367483e-01 -5.698752e-02  6.940127e-01  3.632517e-01
 2.27586e+00  4.75862e+00       6.757e+11  7.605028e-01 -5.809552e-02  5.632566e-01  2.394972e-01
 2.68966e+00  4.75862e+00       5.577e+11  8.282953e-01 -7.275046e-02  3.362705e-01  1.717047e-01
 3.10345e+00  4.75862e+00       4.787e+11  8.500859e-01 -8.556563e-02 -3.063523e-02  1.499141e-01
 3.51724e+00  4.75862e+00       4.725e+11  8.345435e-01 -6.008380e-02 -3.182882e-01  1.654565e-01
 3.93103e+00  4.75862e+00       4.952e+11  8.068112e-01 -8.039633e-03 -4.411248e-01  1.931888e-01
 4.34483e+00  4.75862e+00       6.027e+11  7.213149e-01  5.557001e-03 -5.568510e-01  2.786851e-01
 4.75862e+00  4.75862e+00       9.645e+11  5.614302e-01 -1.438415e-02 -7.309248e-01  4.385698e-01
 5.17241e+00  4.75862e+00       1.586e+12  4.326140e-01 -1.762848e-02 -8.510556e-01  5.673860e-01
 5.58621e+00  4.75862e+00       2.061e+12  3.473063e-01 -7.154407e-03 -9.103990e-01  6.526937e-01
 6.00000e+00  4.75862e+00       2.028e+12  2.761403e-01  2.945259e-03 -9.426169e-01  7.238597e-01
-6.00000e+00  5.17241e+00       1.939e+12  3.779846e-01 -7.393063e-03  9.109675e-01  6.220154e-01
-5.58621e+00  5.17241e+00       2.155e+12  4.345407e-01 -9.319440e-03  8.795974e-01  5.654593e-01
-5.17241e+00  5.17241e+00       2.087e+12  5.132590e-01 -8.284099e-03  8.209719e-01  4.867410e-01
-4.75862e+00  5.17241e+00       1.789e+12  6.080028e-01  4.389594e-03  7.291594e-01  3.919972e-01
-4.34483e+00  5.17241e+00       1.356e+12  7.093264e-01  3.845778e-02  6.098007e-01  2.906736e-01
-3.93103e+00  5.17241e+00       8.980e+11  7.855102e-01  9.108011e-02  5.002640e-01  2.144898e-01
-3.51724e+00  5.17241e+00       5.425e+11  8.107025e-01  1.227209e-01  4.347999e-01  1.892975e-01
-3.10345e+00  5.17241e+00       3.961e+11  8.268688e-01  6.818253e-02  3.712094e-01  1.731312e-01
-2.68966e+00  5.17241e+00       3.817e+11  8.492344e-01 -1.568247e-02  2.160202e-01  1.507656e-01
-2.27586e+00  5.17241e+00       3.804e+11  7.797506e-01 -8.339629e-02 -9.571771e-02  2.202494e-01
-1.86207e+00  5.17241e+00       3.968e+11  5.515638e-01 -1.296221e-01 -5.107405e-01  4.484362e-01
-1.44828e+00  5.17241e+00       4.325e+11  2.355386e-01 -1.237431e-01 -7.680889e-01  7.644614e-01
-1.03448e+00  5.17241e+00       4.341e+11 -1.229286e-01 -8.184435e-02 -7.671013e-01  8.770714e-01
-6.20690e-01  5.17241e+00       4.052e+11 -5.024066e-01 -5.423472e-02 -5.016381e-01  4.975934e-01
-2.06897e-01  5.17241e+00       3.947e+11 -7.135292e-01 -6.197352e-02 -2.532879e-02  2.864708e-01
 2.06897e-01  5.17241e+00       4.107e+11 -6.303286e-01 -7.346924e-02  4.488524e-01  3.696714e-01
 6.20690e-01  5.17241e+00       4.265e+11 -3.662602e-01 -7.655085e-02  7.604141e-01  6.337398e-01
 1.03448e+00  5.17241e+00       4.210e+11 -6.576787e-02 -8.835689e-02  8.930183e-01  9.342321e-01
 1.44828e+00  5.17241e+00       3.862e+11  2.004374e-01 -1.120184e-01  8.713604e-01  7.995626e-01
 1.86207e+00  5.17241e+00       3.369e+11  4.596187e-01 -1.358723e-01  6.586278e-01  5.403813e-01
 2.27586e+00  5.17241e+00       3.280e+11  7.104545e-01 -1.490519e-01  2.566790e-01  2.895455e-01
 2.68966e+00  5.17241e+00       3.707e+11  8.347574e-01 -1.151173e-01 -6.630890e-02  1.652426e-01
 3.10345e+00  5.17241e+00       4.233e+11  8.682197e-01 -3.525933e-02 -2.054027e-01  1.317803e-01
 3.51724e+00  5.17241e+00       4.746e+11  8.732818e-01  1.920816e-02 -2.594229e-01  1.267182e-01
 3.93103e+00  5.17241e+00       6.044e+11  8.177452e-01  7.008840e-03 -3.882667e-01  1.822548e-01
 4.34483e+00  5.17241e+00       9.872e+11  6.925398e-01 -1.872443e-02 -6.046064e-01  3.074602e-01
 4.75862e+00  5.17241e+00       1.651e+12  5.820005e-01 -1.805521e-02 -7.561935e-01  4.179995e-01
 5.17241e+00  5.17241e+00       2.222e+12  5.026355e-01 -5.131970e-03 -8.355673e-01  4.973645e-01
 5.58621e+00  5.17241e+00       2.295e+12  4.330455e-01  5.096277e-03 -8.829250e-01  5.669545e-01
 6.00000e+00  5.17241e+00       1.951e+12  3.657477e-01  7.189249e-03 -9.155400e-01  6.342523e-01
-6.00000e+00  5.58621e+00       1.742e+12  4.886742e-01 -6.394386e-03  8.572576e-01  5.113258e-01
-5.58621e+00  5.58621e+00       2.185e+12  5.295514e-01 -6.516028e-03  8.337004e-01  4.704486e-01
-5.17241e+00  5.58621e+00       2.292e+12  5.815661e-01 -8.210461e-03  7.913652e-01  4.184339e-01
-4.75862e+00  5.58621e+00       2.153e+12  6.555354e-01 -7.094410e-03  7.132636e-01  3.444646e-01
-4.34483e+00  5.58621e+00       1.878e+12  7.392407e-01  3.242383e-03  5.956847e-01  2.607593e-01
-3.93103e+00  5.58621e+00       1.503e+12  8.210353e-01  3.088950e-02  4.442866e-01  1.789647e-01
-3.51724e+00  5.58621e+00       1.072e+12  8.821715e-01  7.978255e-02  2.939571e-01  1.178285e-01
-3.10345e+00  5.58621e+00       6.555e+11  8.961668e-01  1.385486e-01  1.980704e-01  1.038332e-01
-2.68966e+00  5.58621e+00       3.843e+11  8.641011e-01  1.547467e-01  1.661269e-01  1.358989e-01
-2.27586e+00  5.58621e+00       3.055e+11  8.633937e-01  7.739928e-02  1.043606e-01  1.366063e-01
-1.86207e+00  5.58621e+00       3.040e+11  8.851938e-01  1.747516e-03  6.728205e-03  1.148062e-01
-1.44828e+00  5.58621e+00       2.641e+11  8.213702e-01 -9.090710e-02 -1.152710e-01  1.786298e-01
-1.03448e+00  5.58621e+00       2.081e+11  6.265379e-01 -2.561562e-01 -3.434432e-01  3.734621e-01
-6.20690e-01  5.58621e+00       1.741e+11  3.911987e-01 -3.871370e-01 -5.544198e-01  6.088013e-01
-2.06897e-01  5.58621e+00       1.473e+11  1.852401e-01 -4.442995e-01 -5.657641e-01  8.147599e-01
 2.06897e-01  5.58621e+00       1.300e+11  2.408292e-02 -5.025169e-01 -3.324419e-01  9.759171e-01
 6.20690e-01  5.58621e+00       1.389e+11  6.997735e-02 -5.133709e-01  4.730935e-02  9.300227e-01
 1.03448e+00  5.58621e+00       1.728e+11  3.330646e-01 -4.133278e-01  2.454020e-01  6.669354e-01
 1.44828e+00  5.58621e+00       2.147e+11  5.862075e-01 -2.854634e-01  1.785216e-01  4.137925e-01
 1.86207e+00  5.58621e+00       2.649e+11  7.361090e-01 -1.521667e-01  4.940251e-02  2.638910e-01
 2.27586e+00  5.58621e+00       3.321e+11  8.218365e-01 -1.212908e-02  1.619669e-02  1.781635e-01
 2.68966e+00  5.58621e+00       3.913e+11  8.707733e-01  5.762999e-02  3.956118e-02  1.292267e-01
 3.10345e+00  5.58621e+00       4.531e+11  8.930446e-01  3.837360e-02  3.450211e-03  1.069554e-01
 3.51724e+00  5.58621e+00       6.266e+11  8.704304e-01 -8.820604e-03 -1.989256e-01  1.295696e-01
 3.93103e+00  5.58621e+00       1.063e+12  7.951239e-01 -2.579667e-02 -4.609307e-01  2.048761e-01
 4.34483e+00  5.58621e+00       1.754e+12  7.171061e-01 -1.538043e-02 -6.326881e-01  2.828939e-01
 4.75862e+00  5.58621e+00       2.354e+12  6.518386e-01  6.126340e-04 -7.277950e-01  3.481614e-01
 5.17241e+00  5.58621e+00       2.484e+12  5.884213e-01  9.167288e-03 -7.898261e-01  4.115787e-01
 5.58621e+00  5.58621e+00       2.183e+12  5.235932e-01  7.826036e-03 -8.365488e-01  4.764068e-01
 6.00000e+00  5.58621e+00       1.781e+12  4.655626e-01  7.288847e-03 -8.685670e-01  5.344374e-01
-6.00000e+00  6.00000e+00       1.368e+12  5.955441e-01 -5.756627e-03  7.828602e-01  4.044559e-01
-5.58621e+00  6.00000e+00       1.942e+12  6.434418e-01 -5.727473e-03  7.493078e-01  3.565582e-01
-5.17241e+00  6.00000e+00       2.370e+12  6.795954e-01 -5.893765e-03  7.186977e-01  3.204046e-01
-4.75862e+00  6.00000e+00       2.374e+12  7.197392e-01 -7.031334e-03  6.724686e-01  2.802608e-01
-4.34483e+00  6.00000e+00       2.130e+12  7.780164e-01 -5.388541e-03  5.825145e-01  2.219836e-01
-3.93103e+00  6.00000e+00       1.870e+12  8.420612e-01  1.964128e-03  4.409292e-01  1.579388e-01
-3.51724e+00  6.00000e+00       1.590e+12  8.909099e-01  1.953188e-02  2.601158e-01  1.090901e-01
-3.10345e+00  6.00000e+00       1.260e+12  9.163782e-01  5.280700e-02  5.651427e-02  8.362183e-02
-2.68966e+00  6.00000e+00       8.933e+11  9.086625e-01  1.063889e-01 -1.217846e-01  9.133746e-02
-2.27586e+00  6.00000e+00       5.496e+11  8.632851e-01  1.748790e-01 -2.223684e-01  1.367149e-01
-1.86207e+00  6.00000e+00       3.246e+11  7.777282e-01  2.357687e-01 -1.862738e-01  2.222718e-01
-1.44828e+00  6.00000e+00       2.155e+11  6.473592e-01  2.936606e-01 -4.819488e-02  3.526408e-01
-1.03448e+00  6.00000e+00       1.741e+11  5.849349e-01  3.047105e-01  1.828439e-02  4.150651e-01
-6.20690e-01  6.00000e+00       1.638e+11  6.696201e-01  1.572061e-01  6.816531e-03  3.303799e-01
-2.06897e-01  6.00000e+00       1.638e+11  7.542849e-01 -2.818080e-02 -1.239212e-02  2.457151e-01
 2.06897e-01  6.00000e+00       1.752e+11  7.585284e-01 -1.439141e-02  1.888582e-02  2.414716e-01
 6.20690e-01  6.00000e+00       2.088e+11  7.026641e-01  1.807473e-01  1.535082e-01  2.973359e-01
 1.03448e+00  6.00000e+00       2.570e+11  6.500626e-01  2.883101e-01  3.128152e-01  3.499374e-01
 1.44828e+00  6.00000e+00       2.854e+11  6.292182e-01  2.359059e-01  4.054171e-01  3.707818e-01
 1.86207e+00  6.00000e+00       2.966e+11  6.371083e-01  1.284326e-01  4.484617e-01  3.628917e-01
 2.27586e+00  6.00000e+00       3.414e+11  7.158988e-01  4.578106e-02  4.302793e-01  2.841012e-01
 2.68966e+00  6.00000e+00       4.580e+11  8.269690e-01 -8.642951e-03  2.670798e-01  1.730310e-01
 3.10345e+00  6.00000e+00       7.154e+11  8.818915e-01 -3.251072e-02 -2.949163e-02  1.181085e-01
 3.51724e+00  6.00000e+00       1.212e+12  8.703666e-01 -2.469162e-02 -3.070140e-01  1.296334e-01
 3.93103e+00  6.00000e+00       1.896e+12  8.336489e-01 -3.724238e-03 -4.799712e-01  1.663511e-01
 4.34483e+00  6.00000e+00       2.460e+12  7.887650e-01  1.151095e-02 -5.824002e-01  2.112350e-01
 4.75862e+00  6.00000e+00       2.587e+12  7.358638e-01  1.369549e-02 -6.571176e-01  2.641362e-01
 5.17241e+00  6.00000e+00       2.317e+12  6.770946e-01  6.939729e-03 -7.186372e-01  3.229054e-01
 5.58621e+00  6.00000e+00       1.976e+12  6.204278e-01  5.659053e-03 -7.649194e-01  3.795722e-01
 6.00000e+00  6.00000e+00       1.595e+12  5.774361e-01  1.354588e-02 -7.948243e-01  4.225639e-01
