 EB(GeV)    EMITTANCEx EMITTANCEy SIZEx(m)   SIZEy(m)   DIVx(rad)  DIVy(rad)
 1.500e+00  5.941e-09  5.941e-11  1.840e-04  1.299e-05  3.228e-05  4.574e-06
 betax      alphax     betay      alphay     eta        deta       E_spread  
 5.700e+00  0.000e+00  2.840e+00  0.000e+00  0.000e+00  0.000e+00  1.000e-03
 Ibeam(A) 
  2.000e-01


           x            y       F.Density            PL            PC          PL45        1-|PL|
          mm           mm  ph/s/mm^2/0.1%             -             -             -             -
-6.00000e+00 -6.00000e+00       1.447e+12  5.634372e-01  1.107355e-02 -7.992545e-01  4.365628e-01
-5.58621e+00 -6.00000e+00       2.041e+12  6.191371e-01  6.031813e-03 -7.635895e-01  3.808629e-01
-5.17241e+00 -6.00000e+00       2.458e+12  6.567074e-01  2.157922e-03 -7.331440e-01  3.432926e-01
-4.75862e+00 -6.00000e+00       2.336e+12  6.983266e-01 -3.682531e-03 -6.834605e-01  3.016734e-01
-4.34483e+00 -6.00000e+00       1.921e+12  7.596530e-01 -1.294782e-02 -5.845707e-01  2.403470e-01
-3.93103e+00 -6.00000e+00       1.565e+12  8.326714e-01 -1.924315e-02 -4.235535e-01  1.673286e-01
-3.51724e+00 -6.00000e+00       1.303e+12  8.930235e-01 -2.437232e-02 -2.342915e-01  1.069765e-01
-3.10345e+00 -6.00000e+00       9.974e+11  9.215288e-01 -4.493330e-02 -7.191965e-02  7.847116e-02
-2.68966e+00 -6.00000e+00       6.313e+11  9.087703e-01 -9.001005e-02  2.794730e-02  9.122967e-02
-2.27586e+00 -6.00000e+00       3.548e+11  8.414899e-01 -1.535041e-01  3.703230e-02  1.585101e-01
-1.86207e+00 -6.00000e+00       2.340e+11  7.299420e-01 -1.679794e-01  3.271095e-02  2.700580e-01
-1.44828e+00 -6.00000e+00       2.206e+11  6.463008e-01 -4.657828e-02  2.199503e-01  3.536992e-01
-1.03448e+00 -6.00000e+00       2.463e+11  5.854947e-01  2.740192e-02  4.740278e-01  4.145053e-01
-6.20690e-01 -6.00000e+00       2.538e+11  5.326726e-01 -3.579133e-02  6.209393e-01  4.673274e-01
-2.06897e-01 -6.00000e+00       2.293e+11  4.686304e-01 -1.268119e-01  6.479155e-01  5.313696e-01
 2.06897e-01 -6.00000e+00       1.980e+11  3.346078e-01 -1.108967e-01  5.679866e-01  6.653922e-01
 6.20690e-01 -6.00000e+00       1.843e+11  2.054583e-01  3.643660e-02  3.544546e-01  7.945417e-01
 1.03448e+00 -6.00000e+00       1.991e+11  3.061834e-01  8.835823e-02  7.356860e-02  6.938166e-01
 1.44828e+00 -6.00000e+00       2.456e+11  5.529931e-01 -4.669039e-02 -1.299952e-01  4.470069e-01
 1.86207e+00 -6.00000e+00       3.017e+11  7.117940e-01 -1.091794e-01 -2.307642e-01  2.882060e-01
 2.27586e+00 -6.00000e+00       3.443e+11  7.875337e-01 -3.809890e-02 -2.559998e-01  2.124663e-01
 2.68966e+00 -6.00000e+00       4.053e+11  8.480356e-01  3.794273e-02 -1.895389e-01  1.519644e-01
 3.10345e+00 -6.00000e+00       5.609e+11  8.864760e-01  5.411740e-02  9.523196e-03  1.135240e-01
 3.51724e+00 -6.00000e+00       9.323e+11  8.723060e-01  2.996100e-02  2.670064e-01  1.276940e-01
 3.93103e+00 -6.00000e+00       1.541e+12  8.266225e-01  5.646902e-03  4.587084e-01  1.733775e-01
 4.34483e+00 -6.00000e+00       2.121e+12  7.711683e-01 -5.603739e-03  5.833408e-01  2.288317e-01
 4.75862e+00 -6.00000e+00       2.386e+12  7.053104e-01 -7.220068e-03  6.769872e-01  2.946896e-01
 5.17241e+00 -6.00000e+00       2.348e+12  6.374599e-01 -5.185569e-03  7.483457e-01  3.625401e-01
 5.58621e+00 -6.00000e+00       2.111e+12  5.824005e-01 -6.904583e-03  7.932493e-01  4.175995e-01
 6.00000e+00 -6.00000e+00       1.706e+12  5.411848e-01 -1.335343e-02  8.198759e-01  4.588152e-01
-6.00000e+00 -5.58621e+00       1.858e+12  4.598316e-01  5.970794e-03 -8.712618e-01  5.401684e-01
-5.58621e+00 -5.58621e+00       2.278e+12  5.013345e-01  1.896100e-03 -8.483060e-01  4.986655e-01
-5.17241e+00 -5.58621e+00       2.228e+12  5.537849e-01 -3.149760e-03 -8.047921e-01  4.462151e-01
-4.75862e+00 -5.58621e+00       1.890e+12  6.333331e-01 -8.864027e-03 -7.185406e-01  3.666669e-01
-4.34483e+00 -5.58621e+00       1.543e+12  7.324839e-01 -1.537862e-02 -5.850955e-01  2.675161e-01
-3.93103e+00 -5.58621e+00       1.205e+12  8.200672e-01 -3.427032e-02 -4.431309e-01  1.799328e-01
-3.51724e+00 -5.58621e+00       8.092e+11  8.648717e-01 -7.452837e-02 -3.378588e-01  1.351283e-01
-3.10345e+00 -5.58621e+00       4.765e+11  8.590950e-01 -1.136539e-01 -2.704867e-01  1.409050e-01
-2.68966e+00 -5.58621e+00       3.406e+11  8.462822e-01 -8.436431e-02 -1.777326e-01  1.537178e-01
-2.27586e+00 -5.58621e+00       3.187e+11  8.440331e-01 -1.684512e-02 -4.878010e-02  1.559669e-01
-1.86207e+00 -5.58621e+00       2.818e+11  7.781900e-01  4.473216e-02  1.125406e-01  2.218100e-01
-1.44828e+00 -5.58621e+00       2.259e+11  5.832127e-01  8.549572e-02  3.307194e-01  4.167873e-01
-1.03448e+00 -5.58621e+00       1.876e+11  1.401286e-01  8.130396e-02  4.784961e-01  8.598714e-01
-6.20690e-01 -5.58621e+00       1.843e+11 -4.489943e-01  1.085008e-01  3.915145e-01  5.510057e-01
-2.06897e-01 -5.58621e+00       2.042e+11 -7.580148e-01  1.506643e-01  1.001277e-01  2.419852e-01
 2.06897e-01 -5.58621e+00       2.123e+11 -7.449368e-01  1.304858e-01 -2.426680e-01  2.550632e-01
 6.20690e-01 -5.58621e+00       1.967e+11 -4.918674e-01  6.575981e-02 -5.133801e-01  5.081326e-01
 1.03448e+00 -5.58621e+00       1.896e+11 -1.070152e-03  5.760231e-02 -5.901086e-01  9.989298e-01
 1.44828e+00 -5.58621e+00       2.289e+11  4.739502e-01  1.243716e-01 -4.653944e-01  5.260498e-01
 1.86207e+00 -5.58621e+00       2.860e+11  6.958788e-01  1.422776e-01 -2.824493e-01  3.041212e-01
 2.27586e+00 -5.58621e+00       3.220e+11  7.848363e-01  8.940281e-02 -9.418247e-02  2.151637e-01
 2.68966e+00 -5.58621e+00       3.656e+11  8.428328e-01  9.182139e-03  3.546197e-02  1.571672e-01
 3.10345e+00 -5.58621e+00       4.290e+11  8.822027e-01 -1.075036e-02  1.008466e-01  1.177973e-01
 3.51724e+00 -5.58621e+00       5.365e+11  8.753595e-01  1.773974e-02  2.171100e-01  1.246405e-01
 3.93103e+00 -5.58621e+00       8.227e+11  8.037718e-01  2.699136e-02  4.318924e-01  1.962282e-01
 4.34483e+00 -5.58621e+00       1.392e+12  7.127816e-01  1.377886e-02  6.169402e-01  2.872184e-01
 4.75862e+00 -5.58621e+00       2.015e+12  6.337143e-01  1.866202e-03  7.291088e-01  3.662857e-01
 5.17241e+00 -5.58621e+00       2.311e+12  5.575199e-01 -3.675034e-03  8.039114e-01  4.424801e-01
 5.58621e+00 -5.58621e+00       2.225e+12  4.835969e-01 -4.668932e-03  8.579803e-01  5.164031e-01
 6.00000e+00 -5.58621e+00       1.917e+12  4.244342e-01 -7.131742e-03  8.910371e-01  5.755658e-01
-6.00000e+00 -5.17241e+00       1.848e+12  3.304051e-01 -4.093514e-05 -9.285704e-01  6.695949e-01
-5.58621e+00 -5.17241e+00       2.019e+12  3.968919e-01 -1.392433e-03 -8.931781e-01  6.031081e-01
-5.17241e+00 -5.17241e+00       1.815e+12  4.855850e-01 -4.317625e-03 -8.278497e-01  5.144150e-01
-4.75862e+00 -5.17241e+00       1.459e+12  5.954802e-01 -1.371880e-02 -7.267746e-01  4.045198e-01
-4.34483e+00 -5.17241e+00       1.074e+12  6.986159e-01 -4.324636e-02 -6.173985e-01  3.013841e-01
-3.93103e+00 -5.17241e+00       6.909e+11  7.563059e-01 -8.484968e-02 -5.346566e-01  2.436941e-01
-3.51724e+00 -5.17241e+00       4.492e+11  7.806335e-01 -8.642597e-02 -4.528411e-01  2.193665e-01
-3.10345e+00 -5.17241e+00       3.861e+11  8.116446e-01 -2.405218e-02 -2.986400e-01  1.883554e-01
-2.68966e+00 -5.17241e+00       3.930e+11  7.972871e-01  4.097400e-02 -1.245649e-03  2.027129e-01
-2.27586e+00 -5.17241e+00       4.383e+11  6.851984e-01  8.779791e-02  4.088981e-01  3.148016e-01
-1.86207e+00 -5.17241e+00       4.953e+11  5.070766e-01  9.387144e-02  7.030759e-01  4.929234e-01
-1.44828e+00 -5.17241e+00       4.764e+11  2.808246e-01  7.169208e-02  8.449878e-01  7.191754e-01
-1.03448e+00 -5.17241e+00       3.801e+11 -8.365793e-03  5.791153e-02  8.842652e-01  9.916342e-01
-6.20690e-01 -5.17241e+00       2.835e+11 -3.399856e-01  8.177058e-02  7.678914e-01  6.600144e-01
-2.06897e-01 -5.17241e+00       2.352e+11 -6.110054e-01  1.218522e-01  3.834488e-01  3.889946e-01
 2.06897e-01 -5.17241e+00       2.480e+11 -6.012437e-01  1.082675e-01 -2.161122e-01  3.987563e-01
 6.20690e-01 -5.17241e+00       3.267e+11 -2.927724e-01  6.362758e-02 -6.901608e-01  7.072276e-01
 1.03448e+00 -5.17241e+00       4.367e+11  4.233060e-02  5.180412e-02 -8.706858e-01  9.576694e-01
 1.44828e+00 -5.17241e+00       5.001e+11  3.044862e-01  6.150906e-02 -8.659944e-01  6.955138e-01
 1.86207e+00 -5.17241e+00       4.905e+11  5.227793e-01  6.448144e-02 -7.393009e-01  4.772207e-01
 2.27586e+00 -5.17241e+00       4.524e+11  7.079258e-01  6.139513e-02 -4.751357e-01  2.920742e-01
 2.68966e+00 -5.17241e+00       4.324e+11  8.259593e-01  6.992036e-02 -1.271021e-01  1.740407e-01
 3.10345e+00 -5.17241e+00       4.328e+11  8.563981e-01  5.777945e-02  1.478039e-01  1.436019e-01
 3.51724e+00 -5.17241e+00       4.544e+11  8.479123e-01  1.698844e-02  3.024177e-01  1.520877e-01
 3.93103e+00 -5.17241e+00       5.318e+11  8.109996e-01  5.069148e-03  4.152357e-01  1.890004e-01
 4.34483e+00 -5.17241e+00       7.777e+11  7.033613e-01  1.630857e-02  5.862207e-01  2.966387e-01
 4.75862e+00 -5.17241e+00       1.301e+12  5.788709e-01  1.385797e-02  7.426551e-01  4.211291e-01
 5.17241e+00 -5.17241e+00       1.877e+12  4.816060e-01  3.398540e-03  8.354105e-01  5.183940e-01
 5.58621e+00 -5.17241e+00       2.109e+12  3.991296e-01 -3.475632e-03  8.927724e-01  6.008704e-01
 6.00000e+00 -5.17241e+00       1.939e+12  3.271600e-01  5.260887e-04  9.293904e-01  6.728400e-01
-6.00000e+00 -4.75862e+00       1.913e+12  2.434421e-01  7.754713e-04 -9.465575e-01  7.565579e-01
-5.58621e+00 -4.75862e+00       1.717e+12  3.264332e-01 -3.514843e-03 -9.029590e-01  6.735668e-01
-5.17241e+00 -4.75862e+00       1.364e+12  4.419008e-01 -1.431346e-02 -8.293369e-01  5.580992e-01
-4.75862e+00 -4.75862e+00       9.818e+11  5.563316e-01 -4.495796e-02 -7.461847e-01  4.436684e-01
-4.34483e+00 -4.75862e+00       6.372e+11  6.310997e-01 -8.146029e-02 -6.728393e-01  3.689003e-01
-3.93103e+00 -4.75862e+00       4.578e+11  6.932913e-01 -6.230427e-02 -5.608042e-01  3.067087e-01
-3.51724e+00 -4.75862e+00       4.586e+11  7.824418e-01  7.822951e-03 -3.080262e-01  2.175582e-01
-3.10345e+00 -4.75862e+00       5.518e+11  8.480836e-01  5.390361e-02  4.070956e-02  1.519164e-01
-2.68966e+00 -4.75862e+00       6.299e+11  8.485705e-01  6.778736e-02  3.194131e-01  1.514295e-01
-2.27586e+00 -4.75862e+00       5.931e+11  7.842990e-01  8.241773e-02  5.113835e-01  2.157010e-01
-1.86207e+00 -4.75862e+00       4.750e+11  6.660607e-01  1.186937e-01  6.642243e-01  3.339393e-01
-1.44828e+00 -4.75862e+00       3.479e+11  5.075708e-01  1.454715e-01  7.802551e-01  4.924292e-01
-1.03448e+00 -4.75862e+00       2.577e+11  2.846615e-01  1.493933e-01  8.531082e-01  7.153385e-01
-6.20690e-01 -4.75862e+00       2.169e+11  1.204011e-02  1.809176e-01  8.316505e-01  9.879599e-01
-2.06897e-01 -4.75862e+00       1.911e+11 -2.631895e-01  2.425138e-01  6.452800e-01  7.368105e-01
 2.06897e-01 -4.75862e+00       1.707e+11 -4.706996e-01  2.660808e-01  2.483075e-01  5.293004e-01
 6.20690e-01 -4.75862e+00       1.765e+11 -3.521028e-01  1.889493e-01 -2.742987e-01  6.478972e-01
 1.03448e+00 -4.75862e+00       2.469e+11  1.384323e-01  8.824295e-02 -6.428148e-01  8.615677e-01
 1.44828e+00 -4.75862e+00       4.070e+11  5.153276e-01  5.949617e-02 -7.165362e-01  4.846724e-01
 1.86207e+00 -4.75862e+00       5.945e+11  6.968667e-01  5.397378e-02 -6.475910e-01  3.031333e-01
 2.27586e+00 -4.75862e+00       6.996e+11  8.025885e-01  4.585889e-02 -5.302147e-01  1.974115e-01
 2.68966e+00 -4.75862e+00       6.734e+11  8.663474e-01  4.042700e-02 -3.643552e-01  1.336526e-01
 3.10345e+00 -4.75862e+00       5.829e+11  8.849134e-01  4.313002e-02 -9.899634e-02  1.150866e-01
 3.51724e+00 -4.75862e+00       5.148e+11  8.518981e-01  4.779817e-02  2.136125e-01  1.481019e-01
 3.93103e+00 -4.75862e+00       4.875e+11  7.934770e-01  2.873560e-02  4.338862e-01  2.065230e-01
 4.34483e+00 -4.75862e+00       5.320e+11  7.152051e-01  6.658886e-03  5.692887e-01  2.847949e-01
 4.75862e+00 -4.75862e+00       7.586e+11  5.710876e-01  1.043877e-02  7.169062e-01  4.289124e-01
 5.17241e+00 -4.75862e+00       1.257e+12  4.226590e-01  1.260816e-02  8.428416e-01  5.773410e-01
 5.58621e+00 -4.75862e+00       1.787e+12  3.192101e-01  6.906409e-03  9.119451e-01  6.807899e-01
 6.00000e+00 -4.75862e+00       1.952e+12  2.376806e-01  6.371529e-04  9.492703e-01  7.623194e-01
-6.00000e+00 -4.34483e+00       1.584e+12  1.635396e-01 -8.564218e-04 -9.486199e-01  8.364604e-01
-5.58621e+00 -4.34483e+00       1.279e+12  2.745952e-01 -1.071639e-02 -8.989279e-01  7.254048e-01
-5.17241e+00 -4.34483e+00       9.188e+11  4.007659e-01 -4.036783e-02 -8.346600e-01  5.992341e-01
-4.75862e+00 -4.34483e+00       6.104e+11  5.003691e-01 -7.581553e-02 -7.673196e-01  4.996309e-01
-4.34483e+00 -4.34483e+00       4.677e+11  6.067183e-01 -5.186687e-02 -6.360660e-01  3.932817e-01
-3.93103e+00 -4.34483e+00       5.124e+11  7.617448e-01  1.613834e-02 -3.676330e-01  2.382552e-01
-3.51724e+00 -4.34483e+00       6.303e+11  8.807151e-01  5.217771e-02 -8.584508e-02  1.192849e-01
-3.10345e+00 -4.34483e+00       6.618e+11  9.270152e-01  7.016727e-02  1.160858e-01  7.298482e-02
-2.68966e+00 -4.34483e+00       5.634e+11  9.252551e-01  9.625223e-02  2.562610e-01  7.474488e-02
-2.27586e+00 -4.34483e+00       4.337e+11  9.046297e-01  1.053338e-01  3.396771e-01  9.537031e-02
-1.86207e+00 -4.34483e+00       3.546e+11  8.831052e-01  3.472781e-02  3.512307e-01  1.168948e-01
-1.44828e+00 -4.34483e+00       3.410e+11  8.733395e-01 -5.989192e-02  2.952682e-01  1.266605e-01
-1.03448e+00 -4.34483e+00       3.369e+11  8.729005e-01 -5.833786e-02  1.739995e-01  1.270995e-01
-6.20690e-01 -4.34483e+00       2.974e+11  8.560821e-01  1.171005e-02 -2.371493e-02  1.439179e-01
-2.06897e-01 -4.34483e+00       2.580e+11  8.228385e-01  7.174257e-02 -2.117235e-01  1.771615e-01
 2.06897e-01 -4.34483e+00       2.422e+11  7.962202e-01  8.815912e-02 -2.126909e-01  2.037798e-01
 6.20690e-01 -4.34483e+00       2.249e+11  7.251069e-01  6.306746e-02 -6.312371e-02  2.748931e-01
 1.03448e+00 -4.34483e+00       1.958e+11  5.753512e-01 -1.702315e-02  2.087868e-02  4.246488e-01
 1.44828e+00 -4.34483e+00       1.906e+11  5.273927e-01 -5.621126e-02 -1.536287e-01  4.726073e-01
 1.86207e+00 -4.34483e+00       2.706e+11  7.150892e-01  2.216783e-02 -3.528652e-01  2.849108e-01
 2.27586e+00 -4.34483e+00       4.684e+11  8.738460e-01  5.522520e-02 -3.340555e-01  1.261540e-01
 2.68966e+00 -4.34483e+00       6.932e+11  9.389597e-01  4.654300e-02 -2.474685e-01  6.104029e-02
 3.10345e+00 -4.34483e+00       7.717e+11  9.546278e-01  3.645761e-02 -1.402227e-01  4.537223e-02
 3.51724e+00 -4.34483e+00       6.834e+11  9.233577e-01  3.370451e-02  3.918100e-02  7.664228e-02
 3.93103e+00 -4.34483e+00       5.658e+11  8.351870e-01  3.746555e-02  3.059708e-01  1.648130e-01
 4.34483e+00 -4.34483e+00       4.989e+11  7.243451e-01  2.705765e-02  5.392599e-01  2.756549e-01
 4.75862e+00 -4.34483e+00       5.270e+11  5.971378e-01  6.893657e-03  6.874583e-01  4.028622e-01
 5.17241e+00 -4.34483e+00       7.604e+11  4.146734e-01  8.235372e-03  8.170099e-01  5.853266e-01
 5.58621e+00 -4.34483e+00       1.232e+12  2.580729e-01  1.134138e-02  9.092710e-01  7.419271e-01
 6.00000e+00 -4.34483e+00       1.646e+12  1.565988e-01  6.823182e-03  9.547229e-01  8.434012e-01
-6.00000e+00 -3.93103e+00       1.196e+12  1.063833e-01 -5.668529e-03 -9.356223e-01  8.936167e-01
-5.58621e+00 -3.93103e+00       8.753e+11  2.383165e-01 -3.106125e-02 -8.889134e-01  7.616835e-01
-5.17241e+00 -3.93103e+00       5.924e+11  3.636571e-01 -6.888584e-02 -8.319925e-01  6.363429e-01
-4.75862e+00 -3.93103e+00       4.580e+11  5.048651e-01 -5.416840e-02 -7.110256e-01  4.951349e-01
-4.34483e+00 -3.93103e+00       5.080e+11  7.055587e-01  1.228333e-02 -4.688268e-01  2.944413e-01
-3.93103e+00 -3.93103e+00       6.218e+11  8.605985e-01  5.001146e-02 -2.331030e-01  1.394015e-01
-3.51724e+00 -3.93103e+00       6.307e+11  9.369829e-01  7.169735e-02 -7.147096e-02  6.301712e-02
-3.10345e+00 -3.93103e+00       5.269e+11  9.639006e-01  8.923581e-02  1.941210e-02  3.609943e-02
-2.68966e+00 -3.93103e+00       4.248e+11  9.584452e-01  6.616443e-02  2.119047e-02  4.155485e-02
-2.27586e+00 -3.93103e+00       3.499e+11  9.161752e-01  1.449513e-02 -4.615258e-02  8.382484e-02
-1.86207e+00 -3.93103e+00       2.506e+11  8.197593e-01 -9.915372e-03 -1.147390e-01  1.802407e-01
-1.44828e+00 -3.93103e+00       1.479e+11  6.260270e-01 -1.042944e-01 -1.373012e-01  3.739730e-01
-1.03448e+00 -3.93103e+00       9.898e+10  3.582946e-01 -4.775784e-01 -8.193298e-02  6.417054e-01
-6.20690e-01 -3.93103e+00       9.201e+10  2.119187e-01 -8.156778e-01 -5.703695e-02  7.880813e-01
-2.06897e-01 -3.93103e+00       9.610e+10  2.113213e-01 -8.839977e-01 -1.658025e-01  7.886787e-01
 2.06897e-01 -3.93103e+00       1.106e+11  3.492509e-01 -7.859285e-01 -3.185342e-01  6.507491e-01
 6.20690e-01 -3.93103e+00       1.404e+11  5.693894e-01 -5.881715e-01 -3.541488e-01  4.306106e-01
 1.03448e+00 -3.93103e+00       1.860e+11  7.702260e-01 -3.355060e-01 -2.630283e-01  2.297740e-01
 1.44828e+00 -3.93103e+00       2.379e+11  8.652444e-01 -1.352095e-01 -1.438614e-01  1.347556e-01
 1.86207e+00 -3.93103e+00       2.587e+11  8.596946e-01 -3.316934e-02 -7.629924e-02  1.403054e-01
 2.27586e+00 -3.93103e+00       2.711e+11  8.504972e-01  2.462834e-02 -8.516401e-02  1.495028e-01
 2.68966e+00 -3.93103e+00       3.884e+11  9.190057e-01  5.605980e-02 -8.208868e-02  8.099432e-02
 3.10345e+00 -3.93103e+00       6.119e+11  9.677489e-01  5.139947e-02 -2.120621e-02  3.225110e-02
 3.51724e+00 -3.93103e+00       7.487e+11  9.669441e-01  3.837494e-02  5.973421e-02  3.305591e-02
 3.93103e+00 -3.93103e+00       6.905e+11  9.124351e-01  3.160216e-02  1.972414e-01  8.756490e-02
 4.34483e+00 -3.93103e+00       5.595e+11  7.894060e-01  3.210526e-02  4.208023e-01  2.105940e-01
 4.75862e+00 -3.93103e+00       4.774e+11  6.351789e-01  2.174250e-02  6.365840e-01  3.648211e-01
 5.17241e+00 -3.93103e+00       5.162e+11  4.539389e-01  4.960423e-03  7.792318e-01  5.460611e-01
 5.58621e+00 -3.93103e+00       7.756e+11  2.417668e-01  8.341914e-03  8.841298e-01  7.582332e-01
 6.00000e+00 -3.93103e+00       1.199e+12  9.261132e-02  1.095276e-02  9.440479e-01  9.073887e-01
-6.00000e+00 -3.51724e+00       8.376e+11  7.261547e-02 -1.906843e-02 -9.136803e-01  9.273845e-01
-5.58621e+00 -3.51724e+00       5.772e+11  2.181373e-01 -5.819784e-02 -8.713022e-01  7.818627e-01
-5.17241e+00 -3.51724e+00       4.315e+11  3.806075e-01 -6.404139e-02 -7.799575e-01  6.193925e-01
-4.75862e+00 -3.51724e+00       4.581e+11  6.117361e-01 -1.325502e-03 -5.745410e-01  3.882639e-01
-4.34483e+00 -3.51724e+00       5.660e+11  8.040639e-01  4.426218e-02 -3.627399e-01  1.959361e-01
-3.93103e+00 -3.51724e+00       5.846e+11  9.069843e-01  6.837807e-02 -2.204660e-01  9.301566e-02
-3.51724e+00 -3.51724e+00       4.931e+11  9.461404e-01  8.306469e-02 -1.542461e-01  5.385957e-02
-3.10345e+00 -3.51724e+00       3.894e+11  9.320169e-01  6.443399e-02 -1.716987e-01  6.798311e-02
-2.68966e+00 -3.51724e+00       2.882e+11  8.729054e-01  2.267518e-02 -2.066417e-01  1.270946e-01
-2.27586e+00 -3.51724e+00       1.802e+11  7.815156e-01 -5.199075e-02 -1.394985e-01  2.184844e-01
-1.86207e+00 -3.51724e+00       1.088e+11  6.815769e-01 -2.467849e-01  1.160832e-01  3.184231e-01
-1.44828e+00 -3.51724e+00       8.300e+10  5.868295e-01 -4.381347e-01  3.895831e-01  4.131705e-01
-1.03448e+00 -3.51724e+00       7.409e+10  4.283731e-01 -4.776496e-01  4.585073e-01  5.716269e-01
-6.20690e-01 -3.51724e+00       6.669e+10  2.404135e-01 -4.389240e-01  2.292766e-01  7.595865e-01
-2.06897e-01 -3.51724e+00       6.873e+10  2.194753e-01 -3.599867e-01 -2.656180e-01  7.805247e-01
 2.06897e-01 -3.51724e+00       8.576e+10  3.602327e-01 -3.026353e-01 -6.025426e-01  6.397673e-01
 6.20690e-01 -3.51724e+00       1.056e+11  4.765561e-01 -2.930491e-01 -6.819815e-01  5.234439e-01
 1.03448e+00 -3.51724e+00       1.186e+11  5.869399e-01 -3.114887e-01 -5.906122e-01  4.130601e-01
 1.44828e+00 -3.51724e+00       1.422e+11  7.489742e-01 -3.021409e-01 -3.426870e-01  2.510258e-01
 1.86207e+00 -3.51724e+00       1.963e+11  8.724094e-01 -2.124302e-01 -8.980871e-02  1.275906e-01
 2.27586e+00 -3.51724e+00       2.534e+11  9.048679e-01 -9.805350e-02  5.182709e-02  9.513213e-02
 2.68966e+00 -3.51724e+00       2.859e+11  9.035402e-01 -6.422209e-04  9.275109e-02  9.645981e-02
 3.10345e+00 -3.51724e+00       3.715e+11  9.311424e-01  5.556673e-02  9.908583e-02  6.885763e-02
 3.51724e+00 -3.51724e+00       5.590e+11  9.574553e-01  5.500939e-02  1.421603e-01  4.254469e-02
 3.93103e+00 -3.51724e+00       6.864e+11  9.424502e-01  3.956682e-02  2.107980e-01  5.754984e-02
 4.34483e+00 -3.51724e+00       6.306e+11  8.662647e-01  3.056465e-02  3.347588e-01  1.337353e-01
 4.75862e+00 -3.51724e+00       5.026e+11  7.128147e-01  2.774847e-02  5.350502e-01  2.871853e-01
 5.17241e+00 -3.51724e+00       4.328e+11  5.189632e-01  1.394012e-02  7.241271e-01  4.810368e-01
 5.58621e+00 -3.51724e+00       5.104e+11  2.828211e-01  3.133450e-03  8.448551e-01  7.171789e-01
 6.00000e+00 -3.51724e+00       7.936e+11  6.566933e-02  9.793910e-03  9.174690e-01  9.343307e-01
-6.00000e+00 -3.10345e+00       5.554e+11  5.897614e-02 -3.646987e-02 -8.830790e-01  9.410239e-01
-5.58621e+00 -3.10345e+00       3.971e+11  2.376806e-01 -6.863058e-02 -8.248783e-01  7.623194e-01
-5.17241e+00 -3.10345e+00       3.857e+11  4.853527e-01 -2.472938e-02 -6.673289e-01  5.146473e-01
-4.75862e+00 -3.10345e+00       4.824e+11  7.215230e-01  3.172075e-02 -4.691648e-01  2.784770e-01
-4.34483e+00 -3.10345e+00       5.310e+11  8.572743e-01  6.028899e-02 -3.303673e-01  1.427257e-01
-3.93103e+00 -3.10345e+00       4.636e+11  9.132209e-01  7.794121e-02 -2.645692e-01  8.677913e-02
-3.51724e+00 -3.10345e+00       3.590e+11  9.040763e-01  7.042991e-02 -2.731885e-01  9.592369e-02
-3.10345e+00 -3.10345e+00       2.566e+11  8.544603e-01  3.238184e-02 -2.819742e-01  1.455397e-01
-2.68966e+00 -3.10345e+00       1.673e+11  8.165257e-01 -4.811640e-02 -1.524748e-01  1.834743e-01
-2.27586e+00 -3.10345e+00       1.362e+11  8.323628e-01 -1.520168e-01  1.611919e-01  1.676372e-01
-1.86207e+00 -3.10345e+00       1.955e+11  8.012892e-01 -1.388831e-01  4.341439e-01  1.987108e-01
-1.44828e+00 -3.10345e+00       3.559e+11  6.682757e-01 -1.233852e-01  6.000911e-01  3.317243e-01
-1.03448e+00 -3.10345e+00       5.415e+11  4.618883e-01 -1.599412e-01  6.804954e-01  5.381117e-01
-6.20690e-01 -3.10345e+00       6.191e+11  1.752459e-01 -2.252651e-01  5.869393e-01  8.247541e-01
-2.06897e-01 -3.10345e+00       6.244e+11 -5.878331e-02 -2.821599e-01  1.353240e-01  9.412167e-01
 2.06897e-01 -3.10345e+00       7.012e+11  5.223983e-02 -2.612157e-01 -4.533524e-01  9.477602e-01
 6.20690e-01 -3.10345e+00       7.999e+11  3.463868e-01 -1.865293e-01 -6.982024e-01  6.536132e-01
 1.03448e+00 -3.10345e+00       7.306e+11  5.759493e-01 -1.176425e-01 -6.824520e-01  4.240507e-01
 1.44828e+00 -3.10345e+00       5.071e+11  7.373561e-01 -7.735251e-02 -5.551026e-01  2.626439e-01
 1.86207e+00 -3.10345e+00       3.178e+11  8.568771e-01 -9.003659e-02 -3.557685e-01  1.431229e-01
 2.27586e+00 -3.10345e+00       2.451e+11  9.149299e-01 -1.239525e-01 -1.035269e-01  8.507008e-02
 2.68966e+00 -3.10345e+00       2.517e+11  9.155617e-01 -8.567571e-02  1.115406e-01  8.443830e-02
 3.10345e+00 -3.10345e+00       2.827e+11  9.074654e-01 -1.198330e-03  1.982874e-01  9.253463e-02
 3.51724e+00 -3.10345e+00       3.691e+11  9.249518e-01  5.555528e-02  2.177283e-01  7.504819e-02
 3.93103e+00 -3.10345e+00       5.300e+11  9.355377e-01  5.433493e-02  2.541542e-01  6.446232e-02
 4.34483e+00 -3.10345e+00       6.119e+11  9.026759e-01  3.824090e-02  3.200907e-01  9.732412e-02
 4.75862e+00 -3.10345e+00       5.349e+11  7.971734e-01  2.912791e-02  4.482400e-01  2.028266e-01
 5.17241e+00 -3.10345e+00       4.213e+11  6.108462e-01  2.233767e-02  6.376417e-01  3.891538e-01
 5.58621e+00 -3.10345e+00       3.905e+11  3.729700e-01  6.092927e-03  7.927723e-01  6.270300e-01
 6.00000e+00 -3.10345e+00       5.213e+11  9.856782e-02  4.668712e-03  8.786682e-01  9.014322e-01
-6.00000e+00 -2.68966e+00       4.462e+11  1.408471e-01 -9.029283e-02 -8.823584e-01  8.591529e-01
-5.58621e+00 -2.68966e+00       3.533e+11  3.486251e-01 -6.991094e-02 -7.822389e-01  6.513749e-01
-5.17241e+00 -2.68966e+00       3.926e+11  6.224574e-01  4.515719e-03 -5.749182e-01  3.775426e-01
-4.75862e+00 -2.68966e+00       4.671e+11  7.990888e-01  5.051107e-02 -4.173345e-01  2.009112e-01
-4.34483e+00 -2.68966e+00       4.397e+11  8.775801e-01  7.353228e-02 -3.357485e-01  1.224199e-01
-3.93103e+00 -2.68966e+00       3.436e+11  8.876678e-01  7.550271e-02 -3.237676e-01  1.123322e-01
-3.51724e+00 -2.68966e+00       2.483e+11  8.535006e-01  4.651355e-02 -3.265547e-01  1.464994e-01
-3.10345e+00 -2.68966e+00       1.917e+11  8.575202e-01 -1.680792e-02 -1.799622e-01  1.424798e-01
-2.68966e+00 -2.68966e+00       2.932e+11  9.381062e-01 -4.665976e-02  1.047038e-01  6.189379e-02
-2.27586e+00 -2.68966e+00       7.252e+11  9.576237e-01 -2.112436e-02  2.277287e-01  4.237629e-02
-1.86207e+00 -2.68966e+00       1.364e+12  9.456933e-01 -2.001841e-03  2.874027e-01  5.430673e-02
-1.44828e+00 -2.68966e+00       1.588e+12  9.262067e-01  2.003103e-02  3.342861e-01  7.379330e-02
-1.03448e+00 -2.68966e+00       1.136e+12  8.991474e-01  5.550327e-02  3.628358e-01  1.008526e-01
-6.20690e-01 -2.68966e+00       5.506e+11  8.603734e-01  1.006366e-01  3.197952e-01  1.396266e-01
-2.06897e-01 -2.68966e+00       2.688e+11  8.255794e-01  1.007752e-01  5.686198e-02  1.744206e-01
 2.06897e-01 -2.68966e+00       2.914e+11  8.554946e-01  4.770705e-02 -2.697905e-01  1.445054e-01
 6.20690e-01 -2.68966e+00       6.194e+11  8.973677e-01  1.680323e-02 -3.501493e-01  1.026323e-01
 1.03448e+00 -2.68966e+00       1.287e+12  9.237846e-01 -1.393918e-02 -3.374262e-01  7.621541e-02
 1.44828e+00 -2.68966e+00       1.860e+12  9.424015e-01 -3.283548e-02 -3.022619e-01  5.759852e-02
 1.86207e+00 -2.68966e+00       1.678e+12  9.561009e-01 -3.981451e-02 -2.598876e-01  4.389905e-02
 2.27586e+00 -2.68966e+00       9.641e+11  9.655812e-01 -4.473787e-02 -2.006576e-01  3.441880e-02
 2.68966e+00 -2.68966e+00       4.462e+11  9.619952e-01 -6.071770e-02 -7.038548e-02  3.800483e-02
 3.10345e+00 -2.68966e+00       2.823e+11  9.281472e-01 -5.140945e-02  1.482056e-01  7.185277e-02
 3.51724e+00 -2.68966e+00       2.822e+11  9.060090e-01  1.679004e-02  2.620198e-01  9.399104e-02
 3.93103e+00 -2.68966e+00       3.754e+11  9.162738e-01  5.831586e-02  2.911882e-01  8.372620e-02
 4.34483e+00 -2.68966e+00       5.084e+11  9.113189e-01  5.126993e-02  3.286004e-01  8.868108e-02
 4.75862e+00 -2.68966e+00       5.217e+11  8.580567e-01  3.746346e-02  3.959896e-01  1.419433e-01
 5.17241e+00 -2.68966e+00       4.033e+11  7.150121e-01  2.945152e-02  5.266540e-01  2.849879e-01
 5.58621e+00 -2.68966e+00       3.022e+11  4.431016e-01  1.155940e-02  7.132412e-01  5.568984e-01
 6.00000e+00 -2.68966e+00       3.318e+11  1.034103e-01 -1.799710e-03  8.453312e-01  8.965897e-01
-6.00000e+00 -2.27586e+00       2.888e+11  1.532707e-01  5.717378e-03 -8.331024e-01  8.467293e-01
-5.58621e+00 -2.27586e+00       2.855e+11  4.870605e-01  8.901962e-03 -6.552989e-01  5.129395e-01
-5.17241e+00 -2.27586e+00       3.768e+11  7.328048e-01  4.047480e-02 -4.801989e-01  2.671952e-01
-4.75862e+00 -2.27586e+00       4.118e+11  8.435379e-01  6.569068e-02 -3.811008e-01  1.564621e-01
-4.34483e+00 -2.27586e+00       3.425e+11  8.804086e-01  7.788699e-02 -3.427487e-01  1.195914e-01
-3.93103e+00 -2.27586e+00       2.518e+11  8.647060e-01  6.333450e-02 -3.432437e-01  1.352940e-01
-3.51724e+00 -2.27586e+00       2.162e+11  8.777014e-01  1.605640e-02 -2.370730e-01  1.222986e-01
-3.10345e+00 -2.27586e+00       4.102e+11  9.654442e-01 -8.196130e-03 -3.104229e-02  3.455576e-02
-2.68966e+00 -2.27586e+00       1.066e+12  9.925776e-01  4.072125e-03  3.662449e-02  7.422410e-03
-2.27586e+00 -2.27586e+00       1.842e+12  9.946150e-01  1.400858e-02  6.274631e-02  5.384958e-03
-1.86207e+00 -2.27586e+00       1.830e+12  9.924474e-01  2.428257e-02  8.288856e-02  7.552583e-03
-1.44828e+00 -2.27586e+00       1.082e+12  9.867275e-01  4.145948e-02  1.001588e-01  1.327251e-02
-1.03448e+00 -2.27586e+00       4.922e+11  9.754496e-01  6.279615e-02  1.012777e-01  2.455045e-02
-6.20690e-01 -2.27586e+00       2.898e+11  9.673761e-01  3.812437e-02  6.690761e-02  3.262385e-02
-2.06897e-01 -2.27586e+00       2.328e+11  9.649408e-01 -2.532678e-02  4.905134e-02  3.505920e-02
 2.06897e-01 -2.27586e+00       2.089e+11  9.593648e-01 -4.984175e-02  5.891631e-02  4.063523e-02
 6.20690e-01 -2.27586e+00       2.299e+11  9.574237e-01 -2.375432e-02  2.726176e-02  4.257634e-02
 1.03448e+00 -2.27586e+00       4.414e+11  9.751093e-01 -1.144182e-02 -4.938563e-02  2.489072e-02
 1.44828e+00 -2.27586e+00       1.105e+12  9.895599e-01 -1.839746e-02 -7.074901e-02  1.044008e-02
 1.86207e+00 -2.27586e+00       1.986e+12  9.943655e-01 -2.392223e-02 -6.520277e-02  5.634514e-03
 2.27586e+00 -2.27586e+00       2.109e+12  9.957111e-01 -2.776183e-02 -5.272307e-02  4.288944e-03
 2.68966e+00 -2.27586e+00       1.316e+12  9.941769e-01 -3.222248e-02 -2.930548e-02  5.823149e-03
 3.10345e+00 -2.27586e+00       5.721e+11  9.794984e-01 -4.015962e-02  4.091482e-02  2.050164e-02
 3.51724e+00 -2.27586e+00       2.978e+11  9.334638e-01 -2.243636e-02  2.008089e-01  6.653619e-02
 3.93103e+00 -2.27586e+00       2.871e+11  9.089505e-01  3.794154e-02  2.985867e-01  9.104946e-02
 4.34483e+00 -2.27586e+00       3.908e+11  9.112495e-01  5.692403e-02  3.305551e-01  8.875052e-02
 4.75862e+00 -2.27586e+00       4.732e+11  8.867948e-01  4.476657e-02  3.745054e-01  1.132052e-01
 5.17241e+00 -2.27586e+00       4.184e+11  8.014135e-01  3.668182e-02  4.609248e-01  1.985865e-01
 5.58621e+00 -2.27586e+00       3.081e+11  6.011235e-01  3.411917e-02  6.177475e-01  3.988765e-01
 6.00000e+00 -2.27586e+00       2.779e+11  2.564372e-01  1.434560e-02  7.889030e-01  7.435628e-01
-6.00000e+00 -1.86207e+00       1.829e+11  3.822443e-01 -6.538897e-02 -6.079539e-01  6.177557e-01
-5.58621e+00 -1.86207e+00       2.684e+11  6.466844e-01  1.545148e-02 -5.120016e-01  3.533156e-01
-5.17241e+00 -1.86207e+00       3.523e+11  7.962743e-01  5.795347e-02 -4.074321e-01  2.037257e-01
-4.75862e+00 -1.86207e+00       3.375e+11  8.721333e-01  6.926278e-02 -3.392468e-01  1.278667e-01
-4.34483e+00 -1.86207e+00       2.611e+11  8.872828e-01  6.381182e-02 -3.267708e-01  1.127172e-01
-3.93103e+00 -1.86207e+00       2.145e+11  8.864565e-01  3.627731e-02 -2.868051e-01  1.135435e-01
-3.51724e+00 -1.86207e+00       3.631e+11  9.564853e-01  5.466049e-03 -1.285702e-01  4.351473e-02
-3.10345e+00 -1.86207e+00       9.869e+11  9.916315e-01  8.537258e-03 -6.397921e-02  8.368486e-03
-2.68966e+00 -1.86207e+00       1.857e+12  9.971024e-01  1.435985e-02 -4.660157e-02  2.897626e-03
-2.27586e+00 -1.86207e+00       1.986e+12  9.977827e-01  1.976766e-02 -3.558204e-02  2.217295e-03
-1.86207e+00 -1.86207e+00       1.279e+12  9.963861e-01  3.019439e-02 -2.672745e-02  3.613885e-03
-1.44828e+00 -1.86207e+00       7.605e+11  9.917063e-01  5.369409e-02 -2.046897e-02  8.293715e-03
-1.03448e+00 -1.86207e+00       8.827e+11  9.910756e-01  6.685298e-02 -1.495963e-02  8.924359e-03
-6.20690e-01 -1.86207e+00       1.341e+12  9.943489e-01  5.619497e-02 -3.913500e-03  5.651079e-03
-2.06897e-01 -1.86207e+00       1.650e+12  9.959550e-01  4.391134e-02  1.701573e-02  4.045031e-03
 2.06897e-01 -1.86207e+00       1.533e+12  9.950417e-01  4.039969e-02  4.496634e-02  4.958338e-03
 6.20690e-01 -1.86207e+00       1.069e+12  9.912662e-01  4.529630e-02  7.144498e-02  8.733779e-03
 1.03448e+00 -1.86207e+00       6.047e+11  9.843914e-01  4.250210e-02  8.573946e-02  1.560863e-02
 1.44828e+00 -1.86207e+00       5.541e+11  9.855023e-01  3.711537e-03  6.279587e-02  1.449771e-02
 1.86207e+00 -1.86207e+00       1.182e+12  9.944553e-01 -1.612345e-02  4.221303e-02  5.544727e-03
 2.27586e+00 -1.86207e+00       2.059e+12  9.971966e-01 -1.982494e-02  4.112564e-02  2.803414e-03
 2.68966e+00 -1.86207e+00       2.071e+12  9.972386e-01 -2.253396e-02  4.620349e-02  2.761367e-03
 3.10345e+00 -1.86207e+00       1.202e+12  9.938026e-01 -2.624618e-02  6.210463e-02  6.197407e-03
 3.51724e+00 -1.86207e+00       4.964e+11  9.744612e-01 -2.723425e-02  1.236840e-01  2.553875e-02
 3.93103e+00 -1.86207e+00       2.746e+11  9.321561e-01  8.170685e-03  2.474118e-01  6.784386e-02
 4.34483e+00 -1.86207e+00       3.011e+11  9.198194e-01  5.018237e-02  3.068541e-01  8.018063e-02
 4.75862e+00 -1.86207e+00       3.982e+11  9.072130e-01  4.858071e-02  3.434103e-01  9.278703e-02
 5.17241e+00 -1.86207e+00       4.139e+11  8.532800e-01  3.605098e-02  4.134562e-01  1.467200e-01
 5.58621e+00 -1.86207e+00       3.293e+11  7.428940e-01  2.895796e-02  5.342289e-01  2.571060e-01
 6.00000e+00 -1.86207e+00       2.474e+11  5.725155e-01  2.015838e-02  6.609949e-01  4.274845e-01
-6.00000e+00 -1.44828e+00       1.965e+11  5.101601e-01 -6.092010e-02 -6.416116e-01  4.898399e-01
-5.58621e+00 -1.44828e+00       2.472e+11  7.621173e-01 -5.138649e-03 -4.230969e-01  2.378827e-01
-5.17241e+00 -1.44828e+00       3.003e+11  8.838139e-01  1.779401e-02 -3.141591e-01  1.161861e-01
-4.75862e+00 -1.44828e+00       2.790e+11  9.197358e-01  3.501129e-02 -2.883995e-01  8.026422e-02
-4.34483e+00 -1.44828e+00       2.196e+11  9.139543e-01  4.554454e-02 -2.861472e-01  8.604571e-02
-3.93103e+00 -1.44828e+00       2.568e+11  9.406531e-01  2.077891e-02 -1.960540e-01  5.934690e-02
-3.51724e+00 -1.44828e+00       6.705e+11  9.843276e-01  9.488842e-03 -1.112188e-01  1.567245e-02
-3.10345e+00 -1.44828e+00       1.544e+12  9.939262e-01  1.254916e-02 -9.226870e-02  6.073773e-03
-2.68966e+00 -1.44828e+00       2.072e+12  9.955130e-01  1.552138e-02 -8.506414e-02  4.487036e-03
-2.27586e+00 -1.44828e+00       1.648e+12  9.953524e-01  2.084976e-02 -8.114039e-02  4.647625e-03
-1.86207e+00 -1.44828e+00       1.137e+12  9.935870e-01  2.970524e-02 -8.309155e-02  6.412963e-03
-1.44828e+00 -1.44828e+00       1.205e+12  9.926629e-01  2.514503e-02 -8.639551e-02  7.337050e-03
-1.03448e+00 -1.44828e+00       1.450e+12  9.936014e-01  1.388093e-02 -7.615793e-02  6.398571e-03
-6.20690e-01 -1.44828e+00       1.607e+12  9.953157e-01  1.434706e-02 -4.890212e-02  4.684291e-03
-2.06897e-01 -1.44828e+00       1.754e+12  9.968009e-01  2.128195e-02 -1.788763e-02  3.199147e-03
 2.06897e-01 -1.44828e+00       1.668e+12  9.966407e-01  1.909944e-02  1.294779e-02  3.359336e-03
 6.20690e-01 -1.44828e+00       1.327e+12  9.938263e-01  7.615921e-03  5.979698e-02  6.173706e-03
 1.03448e+00 -1.44828e+00       9.889e+11  9.890917e-01 -4.250776e-04  1.122041e-01  1.090829e-02
 1.44828e+00 -1.44828e+00       7.143e+11  9.857495e-01 -3.227603e-04  1.322358e-01  1.425046e-02
 1.86207e+00 -1.44828e+00       7.816e+11  9.894123e-01 -7.636000e-03  1.029983e-01  1.058767e-02
 2.27586e+00 -1.44828e+00       1.495e+12  9.943711e-01 -1.415120e-02  8.268956e-02  5.628898e-03
 2.68966e+00 -1.44828e+00       2.140e+12  9.956388e-01 -1.648701e-02  8.062388e-02  4.361248e-03
 3.10345e+00 -1.44828e+00       1.739e+12  9.950264e-01 -1.866358e-02  8.458166e-02  4.973597e-03
 3.51724e+00 -1.44828e+00       8.401e+11  9.894741e-01 -2.085512e-02  1.037578e-01  1.052589e-02
 3.93103e+00 -1.44828e+00       3.475e+11  9.662726e-01 -8.635903e-03  1.742696e-01  3.372739e-02
 4.34483e+00 -1.44828e+00       2.588e+11  9.441222e-01  3.131044e-02  2.514588e-01  5.587782e-02
 4.75862e+00 -1.44828e+00       3.117e+11  9.423420e-01  3.785815e-02  2.738956e-01  5.765799e-02
 5.17241e+00 -1.44828e+00       3.318e+11  9.187415e-01  2.623476e-02  3.062336e-01  8.125849e-02
 5.58621e+00 -1.44828e+00       2.555e+11  8.288903e-01  1.129604e-02  3.947751e-01  1.711097e-01
 6.00000e+00 -1.44828e+00       1.700e+11  5.892350e-01 -1.938628e-02  5.801337e-01  4.107650e-01
-6.00000e+00 -1.03448e+00       1.624e+11  7.637901e-01 -5.456162e-02 -4.123088e-01  2.362099e-01
-5.58621e+00 -1.03448e+00       2.527e+11  8.704174e-01  2.616571e-02 -3.272075e-01  1.295826e-01
-5.17241e+00 -1.03448e+00       2.898e+11  9.223437e-01  5.396448e-02 -2.620461e-01  7.765628e-02
-4.75862e+00 -1.03448e+00       2.383e+11  9.414387e-01  5.549853e-02 -2.315638e-01  5.856134e-02
-4.34483e+00 -1.03448e+00       1.955e+11  9.455504e-01  3.330661e-02 -2.115331e-01  5.444960e-02
-3.93103e+00 -1.03448e+00       3.540e+11  9.761888e-01  9.897823e-03 -1.332366e-01  2.381121e-02
-3.51724e+00 -1.03448e+00       9.887e+11  9.921798e-01  9.208051e-03 -9.986335e-02  7.820235e-03
-3.10345e+00 -1.03448e+00       1.843e+12  9.949911e-01  1.116519e-02 -9.263434e-02  5.008895e-03
-2.68966e+00 -1.03448e+00       1.969e+12  9.953402e-01  1.318591e-02 -9.025437e-02  4.659802e-03
-2.27586e+00 -1.03448e+00       1.473e+12  9.946808e-01  1.674274e-02 -9.147274e-02  5.319217e-03
-1.86207e+00 -1.03448e+00       1.594e+12  9.945434e-01  1.556475e-02 -8.757190e-02  5.456619e-03
-1.44828e+00 -1.03448e+00       3.616e+12  9.966429e-01  9.009175e-03 -6.668502e-02  3.357093e-03
-1.03448e+00 -1.03448e+00       9.595e+12  9.982539e-01  3.856594e-03 -4.711949e-02  1.746108e-03
-6.20690e-01 -1.03448e+00       1.975e+13  9.990493e-01 -6.859833e-04 -3.105692e-02  9.506933e-04
-2.06897e-01 -1.03448e+00       2.825e+13  9.994526e-01 -4.249701e-03 -1.483883e-02  5.474468e-04
 2.06897e-01 -1.03448e+00       2.791e+13  9.995777e-01 -6.525608e-03  1.714532e-03  4.223156e-04
 6.20690e-01 -1.03448e+00       1.897e+13  9.994218e-01 -7.681875e-03  1.760529e-02  5.782462e-04
 1.03448e+00 -1.03448e+00       8.780e+12  9.987996e-01 -8.144332e-03  3.393603e-02  1.200425e-03
 1.44828e+00 -1.03448e+00       2.904e+12  9.968062e-01 -8.189308e-03  5.795342e-02  3.193834e-03
 1.86207e+00 -1.03448e+00       1.030e+12  9.927952e-01 -7.963229e-03  9.202586e-02  7.204759e-03
 2.27586e+00 -1.03448e+00       1.126e+12  9.940014e-01 -1.024175e-02  8.825352e-02  5.998636e-03
 2.68966e+00 -1.03448e+00       1.881e+12  9.958511e-01 -1.221202e-02  8.060064e-02  4.148928e-03
 3.10345e+00 -1.03448e+00       1.965e+12  9.961018e-01 -1.366392e-02  8.048602e-02  3.898151e-03
 3.51724e+00 -1.03448e+00       1.162e+12  9.946696e-01 -1.497823e-02  8.673180e-02  5.330357e-03
 3.93103e+00 -1.03448e+00       4.663e+11  9.864990e-01 -1.153570e-02  1.168434e-01  1.350104e-02
 4.34483e+00 -1.03448e+00       2.515e+11  9.686419e-01  1.661047e-02  1.842159e-01  3.135813e-02
 4.75862e+00 -1.03448e+00       2.882e+11  9.615301e-01  3.629196e-02  2.211396e-01  3.846988e-02
 5.17241e+00 -1.03448e+00       3.425e+11  9.486651e-01  2.919794e-02  2.533897e-01  5.133485e-02
 5.58621e+00 -1.03448e+00       2.956e+11  9.128355e-01  1.921159e-02  3.181599e-01  8.716446e-02
 6.00000e+00 -1.03448e+00       2.034e+11  8.457008e-01  1.439089e-02  4.117906e-01  1.542992e-01
-6.00000e+00 -6.20690e-01       1.286e+11  9.136090e-01 -1.001172e-02 -2.486200e-01  8.639096e-02
-5.58621e+00 -6.20690e-01       2.230e+11  9.599507e-01 -3.386736e-03 -1.936215e-01  4.004929e-02
-5.17241e+00 -6.20690e-01       2.636e+11  9.745183e-01  1.164961e-02 -1.687454e-01  2.548173e-02
-4.75862e+00 -6.20690e-01       2.218e+11  9.770310e-01  2.441984e-02 -1.578499e-01  2.296897e-02
-4.34483e+00 -6.20690e-01       2.042e+11  9.789060e-01  1.759069e-02 -1.321590e-01  2.109404e-02
-3.93103e+00 -6.20690e-01       4.584e+11  9.918839e-01  5.790532e-03 -8.525401e-02  8.116142e-03
-3.51724e+00 -6.20690e-01       1.210e+12  9.964944e-01  6.690569e-03 -7.231090e-02  3.505649e-03
-3.10345e+00 -6.20690e-01       1.948e+12  9.972291e-01  7.914460e-03 -6.982528e-02  2.770940e-03
-2.68966e+00 -6.20690e-01       1.860e+12  9.971134e-01  8.800948e-03 -7.061688e-02  2.886557e-03
-2.27586e+00 -6.20690e-01       1.648e+12  9.968374e-01  7.922183e-03 -7.147441e-02  3.162558e-03
-1.86207e+00 -6.20690e-01       3.401e+12  9.977528e-01  2.392434e-03 -5.980828e-02  2.247220e-03
-1.44828e+00 -6.20690e-01       1.072e+13  9.986224e-01 -1.689201e-03 -4.732017e-02  1.377616e-03
-1.03448e+00 -6.20690e-01       2.692e+13  9.991054e-01 -4.525215e-03 -3.697003e-02  8.946239e-04
-6.20690e-01 -6.20690e-01       4.787e+13  9.994480e-01 -6.624144e-03 -2.556438e-02  5.520224e-04
-2.06897e-01 -6.20690e-01       6.229e+13  9.996789e-01 -7.999404e-03 -1.243377e-02  3.211368e-04
 2.06897e-01 -6.20690e-01       6.182e+13  9.997595e-01 -8.832621e-03  1.283515e-03  2.404852e-04
 6.20690e-01 -6.20690e-01       4.667e+13  9.996895e-01 -9.374310e-03  1.380321e-02  3.104944e-04
 1.03448e+00 -6.20690e-01       2.553e+13  9.995008e-01 -9.762270e-03  2.424972e-02  4.991636e-04
 1.44828e+00 -6.20690e-01       9.595e+12  9.991269e-01 -1.000889e-02  3.389485e-02  8.730676e-04
 1.86207e+00 -6.20690e-01       2.619e+12  9.981358e-01 -9.766854e-03  4.762611e-02  1.864180e-03
 2.27586e+00 -6.20690e-01       1.149e+12  9.970322e-01 -8.058726e-03  6.058734e-02  2.967775e-03
 2.68966e+00 -6.20690e-01       1.643e+12  9.978930e-01 -7.890992e-03  5.554540e-02  2.106993e-03
 3.10345e+00 -6.20690e-01       1.986e+12  9.982307e-01 -8.447390e-03  5.400031e-02  1.769259e-03
 3.51724e+00 -6.20690e-01       1.362e+12  9.979591e-01 -8.795076e-03  5.604374e-02  2.040854e-03
 3.93103e+00 -6.20690e-01       5.821e+11  9.958487e-01 -6.662419e-03  6.815280e-02  4.151343e-03
 4.34483e+00 -6.20690e-01       2.696e+11  9.897680e-01  8.396174e-03  1.027107e-01  1.023198e-02
 4.75862e+00 -6.20690e-01       2.586e+11  9.872548e-01  1.886072e-02  1.243520e-01  1.274520e-02
 5.17241e+00 -6.20690e-01       2.918e+11  9.852712e-01  1.260643e-02  1.363341e-01  1.472880e-02
 5.58621e+00 -6.20690e-01       2.496e+11  9.755083e-01  9.662095e-03  1.627226e-01  2.449170e-02
 6.00000e+00 -6.20690e-01       1.629e+11  9.453521e-01  9.413166e-03  2.265975e-01  5.464792e-02
-6.00000e+00 -2.06897e-01       1.230e+11  9.860749e-01 -1.121134e-02 -1.032781e-01  1.392512e-02
-5.58621e+00 -2.06897e-01       2.068e+11  9.943645e-01 -6.622840e-03 -6.966472e-02  5.635463e-03
-5.17241e+00 -2.06897e-01       2.400e+11  9.965614e-01 -3.126113e-03 -6.044964e-02  3.438632e-03
-4.75862e+00 -2.06897e-01       2.055e+11  9.965979e-01 -9.007782e-04 -5.961721e-02  3.402107e-03
-4.34483e+00 -2.06897e-01       2.123e+11  9.967170e-01 -7.712414e-04 -5.108185e-02  3.283004e-03
-3.93103e+00 -2.06897e-01       5.215e+11  9.985689e-01  9.515231e-04 -3.654323e-02  1.431127e-03
-3.51724e+00 -2.06897e-01       1.314e+12  9.992173e-01  2.968230e-03 -3.282066e-02  7.826966e-04
-3.10345e+00 -2.06897e-01       1.970e+12  9.992734e-01  3.578530e-03 -3.294312e-02  7.266440e-04
-2.68966e+00 -2.06897e-01       1.826e+12  9.991182e-01  2.739268e-03 -3.560020e-02  8.818060e-04
-2.27586e+00 -2.06897e-01       1.968e+12  9.991356e-01 -1.431164e-03 -3.553470e-02  8.643598e-04
-1.86207e+00 -2.06897e-01       5.256e+12  9.995139e-01 -4.621373e-03 -2.756430e-02  4.861266e-04
-1.44828e+00 -2.06897e-01       1.633e+13  9.996880e-01 -5.381435e-03 -2.229131e-02  3.119536e-04
-1.03448e+00 -2.06897e-01       3.713e+13  9.997814e-01 -5.736878e-03 -1.811685e-02  2.186153e-04
-6.20690e-01 -2.06897e-01       5.994e+13  9.998579e-01 -5.895765e-03 -1.348902e-02  1.421322e-04
-2.06897e-01 -2.06897e-01       7.364e+13  9.999179e-01 -5.933677e-03 -8.214841e-03  8.205351e-05
 2.06897e-01 -2.06897e-01       7.327e+13  9.999512e-01 -5.969735e-03 -2.858216e-03  4.876851e-05
 6.20690e-01 -2.06897e-01       5.883e+13  9.999567e-01 -6.050668e-03  1.734446e-03  4.333144e-05
 1.03448e+00 -2.06897e-01       3.560e+13  9.999417e-01 -6.131671e-03  5.184004e-03  5.829017e-05
 1.44828e+00 -2.06897e-01       1.498e+13  9.998999e-01 -6.152047e-03  7.943929e-03  1.001324e-04
 1.86207e+00 -2.06897e-01       4.317e+12  9.997641e-01 -5.947606e-03  1.171270e-02  2.358800e-04
 2.27586e+00 -2.06897e-01       1.380e+12  9.994783e-01 -4.753834e-03  1.666257e-02  5.217005e-04
 2.68966e+00 -2.06897e-01       1.545e+12  9.996498e-01 -3.990995e-03  1.376647e-02  3.501535e-04
 3.10345e+00 -2.06897e-01       1.967e+12  9.997968e-01 -3.901479e-03  1.248344e-02  2.031547e-04
 3.51724e+00 -2.06897e-01       1.456e+12  9.998024e-01 -3.422565e-03  1.294212e-02  1.976416e-04
 3.93103e+00 -2.06897e-01       6.508e+11  9.995961e-01 -1.645615e-03  1.567939e-02  4.039147e-04
 4.34483e+00 -2.06897e-01       2.796e+11  9.989836e-01  2.279308e-03  2.251982e-02  1.016436e-03
 4.75862e+00 -2.06897e-01       2.361e+11  9.987461e-01  1.776734e-03  2.621383e-02  1.253941e-03
 5.17241e+00 -2.06897e-01       2.657e+11  9.986679e-01  3.909883e-04  2.867443e-02  1.332134e-03
 5.58621e+00 -2.06897e-01       2.314e+11  9.977591e-01  4.044412e-04  3.526721e-02  2.240854e-03
 6.00000e+00 -2.06897e-01       1.423e+11  9.939001e-01 -6.249816e-03  5.674257e-02  6.099896e-03
-6.00000e+00  2.06897e-01       1.226e+11  9.893238e-01 -1.917364e-02  6.675801e-02  1.067619e-02
-5.58621e+00  2.06897e-01       2.065e+11  9.953947e-01 -6.493784e-03  4.431847e-02  4.605319e-03
-5.17241e+00  2.06897e-01       2.396e+11  9.972141e-01 -7.088219e-03  4.020384e-02  2.785875e-03
-4.75862e+00  2.06897e-01       2.048e+11  9.976963e-01 -1.561790e-02  4.028368e-02  2.303665e-03
-4.34483e+00  2.06897e-01       2.117e+11  9.983470e-01 -1.589297e-02  2.939557e-02  1.653048e-03
-3.93103e+00  2.06897e-01       5.223e+11  9.994590e-01 -5.360293e-03  1.470704e-02  5.409697e-04
-3.51724e+00  2.06897e-01       1.318e+12  9.997441e-01 -1.919788e-03  1.165763e-02  2.558836e-04
-3.10345e+00  2.06897e-01       1.979e+12  9.997643e-01 -1.526379e-03  9.688925e-03  2.357352e-04
-2.68966e+00  2.06897e-01       1.841e+12  9.997141e-01 -3.596357e-03  5.929353e-03  2.859182e-04
-2.27586e+00  2.06897e-01       1.989e+12  9.997290e-01 -9.061049e-03  4.259956e-03  2.710099e-04
-1.86207e+00  2.06897e-01       5.279e+12  9.998495e-01 -9.620460e-03  6.808285e-03  1.504695e-04
-1.44828e+00  2.06897e-01       1.635e+13  9.999101e-01 -7.507212e-03  6.427581e-03  8.993023e-05
-1.03448e+00  2.06897e-01       3.713e+13  9.999447e-01 -5.664049e-03  4.449776e-03  5.533364e-05
-6.20690e-01  2.06897e-01       5.995e+13  9.999645e-01 -4.260140e-03  1.231662e-03  3.549536e-05
-2.06897e-01  2.06897e-01       7.368e+13  9.999627e-01 -3.333924e-03 -3.217857e-03  3.732515e-05
 2.06897e-01  2.06897e-01       7.334e+13  9.999313e-01 -2.774529e-03 -8.423241e-03  6.867267e-05
 6.20690e-01  2.06897e-01       5.890e+13  9.998724e-01 -2.352484e-03 -1.356984e-02  1.276055e-04
 1.03448e+00  2.06897e-01       3.564e+13  9.997952e-01 -1.921230e-03 -1.813679e-02  2.048267e-04
 1.44828e+00  2.06897e-01       1.500e+13  9.997059e-01 -1.442564e-03 -2.203439e-02  2.941192e-04
 1.86207e+00  2.06897e-01       4.331e+12  9.995940e-01 -7.909643e-04 -2.534894e-02  4.060310e-04
 2.27586e+00  2.06897e-01       1.389e+12  9.993744e-01  1.175610e-04 -2.983208e-02  6.256436e-04
 2.68966e+00  2.06897e-01       1.548e+12  9.992931e-01  8.916215e-05 -3.348691e-02  7.069295e-04
 3.10345e+00  2.06897e-01       1.966e+12  9.993402e-01  6.139071e-04 -3.368039e-02  6.597904e-04
 3.51724e+00  2.06897e-01       1.455e+12  9.992932e-01  1.928637e-03 -3.411912e-02  7.068353e-04
 3.93103e+00  2.06897e-01       6.512e+11  9.988181e-01  3.761784e-03 -3.855342e-02  1.181878e-03
 4.34483e+00  2.06897e-01       2.805e+11  9.971490e-01 -8.406040e-04 -5.580212e-02  2.850958e-03
 4.75862e+00  2.06897e-01       2.368e+11  9.958747e-01 -1.260463e-02 -7.086161e-02  4.125298e-03
 5.17241e+00  2.06897e-01       2.665e+11  9.951347e-01 -1.207115e-02 -7.552784e-02  4.865347e-03
 5.58621e+00  2.06897e-01       2.324e+11  9.924257e-01 -1.103025e-02 -8.534720e-02  7.574285e-03
 6.00000e+00  2.06897e-01       1.433e+11  9.834037e-01 -1.803236e-02 -1.183048e-01  1.659630e-02
-6.00000e+00  6.20690e-01       1.284e+11  9.151627e-01 -1.165105e-02  2.186270e-01  8.483726e-02
-5.58621e+00  6.20690e-01       2.229e+11  9.611274e-01 -3.578834e-03  1.727214e-01  3.887256e-02
-5.17241e+00  6.20690e-01       2.627e+11  9.760982e-01 -1.747216e-02  1.524345e-01  2.390180e-02
-4.75862e+00  6.20690e-01       2.198e+11  9.798421e-01 -3.800205e-02  1.415190e-01  2.015785e-02
-4.34483e+00  6.20690e-01       2.022e+11  9.835719e-01 -3.495363e-02  1.120574e-01  1.642807e-02
-3.93103e+00  6.20690e-01       4.602e+11  9.946049e-01 -1.184984e-02  6.424520e-02  5.395121e-03
-3.51724e+00  6.20690e-01       1.222e+12  9.979538e-01 -6.410452e-03  5.215039e-02  2.046180e-03
-3.10345e+00  6.20690e-01       1.975e+12  9.984935e-01 -6.121342e-03  4.828146e-02  1.506483e-03
-2.68966e+00  6.20690e-01       1.905e+12  9.985837e-01 -8.763271e-03  4.389820e-02  1.416344e-03
-2.27586e+00  6.20690e-01       1.712e+12  9.984693e-01 -1.561763e-02  4.050576e-02  1.530655e-03
-1.86207e+00  6.20690e-01       3.478e+12  9.987387e-01 -1.608265e-02  3.749318e-02  1.261282e-03
-1.44828e+00  6.20690e-01       1.078e+13  9.992278e-01 -1.144206e-02  3.053258e-02  7.721798e-04
-1.03448e+00  6.20690e-01       2.696e+13  9.995411e-01 -7.304113e-03  2.254805e-02  4.589302e-04
-6.20690e-01  6.20690e-01       4.793e+13  9.997312e-01 -4.011246e-03  1.263203e-02  2.687705e-04
-2.06897e-01  6.20690e-01       6.242e+13  9.997975e-01 -1.682797e-03  3.598771e-04  2.024852e-04
 2.06897e-01  6.20690e-01       6.200e+13  9.997039e-01 -1.750098e-04 -1.319537e-02  2.961326e-04
 6.20690e-01  6.20690e-01       4.681e+13  9.994549e-01  8.583494e-04 -2.628235e-02  5.450641e-04
 1.03448e+00  6.20690e-01       2.559e+13  9.990946e-01  1.694647e-03 -3.784702e-02  9.054489e-04
 1.44828e+00  6.20690e-01       9.636e+12  9.986264e-01  2.557396e-03 -4.830020e-02  1.373641e-03
 1.86207e+00  6.20690e-01       2.663e+12  9.978614e-01  3.891771e-03 -6.019668e-02  2.138629e-03
 2.27586e+00  6.20690e-01       1.175e+12  9.967987e-01  4.595522e-03 -7.383268e-02  3.201306e-03
 2.68966e+00  6.20690e-01       1.650e+12  9.969050e-01  3.962076e-03 -7.468214e-02  3.095038e-03
 3.10345e+00  6.20690e-01       1.985e+12  9.970368e-01  5.060582e-03 -7.384783e-02  2.963189e-03
 3.51724e+00  6.20690e-01       1.362e+12  9.966021e-01  7.275378e-03 -7.585975e-02  3.397865e-03
 3.93103e+00  6.20690e-01       5.837e+11  9.935617e-01  8.781172e-03 -9.038440e-02  6.438276e-03
 4.34483e+00  6.20690e-01       2.718e+11  9.843493e-01 -7.497533e-03 -1.364445e-01  1.565072e-02
 4.75862e+00  6.20690e-01       2.597e+11  9.793904e-01 -3.031414e-02 -1.661543e-01  2.060962e-02
 5.17241e+00  6.20690e-01       2.923e+11  9.751278e-01 -2.829413e-02 -1.793936e-01  2.487220e-02
 5.58621e+00  6.20690e-01       2.506e+11  9.594720e-01 -2.887881e-02 -2.113855e-01  4.052795e-02
 6.00000e+00  6.20690e-01       1.647e+11  9.173321e-01 -4.415133e-02 -2.866136e-01  8.266795e-02
-6.00000e+00  1.03448e+00       1.618e+11  7.726008e-01  3.969275e-02  3.848581e-01  2.273992e-01
-5.58621e+00  1.03448e+00       2.525e+11  8.761632e-01 -3.254608e-02  3.123793e-01  1.238368e-01
-5.17241e+00  1.03448e+00       2.876e+11  9.258861e-01 -6.108243e-02  2.511537e-01  7.411390e-02
-4.75862e+00  1.03448e+00       2.342e+11  9.447938e-01 -6.933473e-02  2.186396e-01  5.520617e-02
-4.34483e+00  1.03448e+00       1.909e+11  9.514365e-01 -5.199543e-02  1.943956e-01  4.856350e-02
-3.93103e+00  1.03448e+00       3.535e+11  9.807057e-01 -1.960971e-02  1.136625e-01  1.929434e-02
-3.51724e+00  1.03448e+00       1.003e+12  9.943086e-01 -1.103950e-02  8.119416e-02  5.691385e-03
-3.10345e+00  1.03448e+00       1.883e+12  9.965759e-01 -1.063717e-02  7.361089e-02  3.424128e-03
-2.68966e+00  1.03448e+00       2.039e+12  9.969867e-01 -1.308791e-02  6.827531e-02  3.013341e-03
-2.27586e+00  1.03448e+00       1.580e+12  9.966083e-01 -2.034848e-02  6.478932e-02  3.391708e-03
-1.86207e+00  1.03448e+00       1.738e+12  9.960211e-01 -2.515257e-02  6.399814e-02  3.978912e-03
-1.44828e+00  1.03448e+00       3.752e+12  9.973676e-01 -2.096372e-02  4.803253e-02  2.632417e-03
-1.03448e+00  1.03448e+00       9.658e+12  9.987594e-01 -1.602600e-02  2.958329e-02  1.240560e-03
-6.20690e-01  1.03448e+00       1.974e+13  9.993794e-01 -1.092106e-02  1.483893e-02  6.206082e-04
-2.06897e-01  1.03448e+00       2.823e+13  9.995601e-01 -6.523521e-03 -3.466273e-04  4.399427e-04
 2.06897e-01  1.03448e+00       2.787e+13  9.994311e-01 -3.440474e-03 -1.671251e-02  5.689139e-04
 6.20690e-01  1.03448e+00       1.892e+13  9.990096e-01 -1.553338e-03 -3.328278e-02  9.903573e-04
 1.03448e+00  1.03448e+00       8.786e+12  9.982020e-01 -1.122412e-04 -5.039550e-02  1.797960e-03
 1.44828e+00  1.03448e+00       2.988e+12  9.965083e-01  2.421553e-03 -7.223627e-02  3.491663e-03
 1.86207e+00  1.03448e+00       1.111e+12  9.936189e-01  6.708801e-03 -9.961686e-02  6.381079e-03
 2.27586e+00  1.03448e+00       1.158e+12  9.935550e-01  7.457965e-03 -1.034266e-01  6.444982e-03
 2.68966e+00  1.03448e+00       1.882e+12  9.945347e-01  8.062351e-03 -9.876558e-02  5.465344e-03
 3.10345e+00  1.03448e+00       1.958e+12  9.945837e-01  1.024900e-02 -9.847407e-02  5.416306e-03
 3.51724e+00  1.03448e+00       1.159e+12  9.927673e-01  1.347522e-02 -1.048803e-01  7.232676e-03
 3.93103e+00  1.03448e+00       4.701e+11  9.825001e-01  1.302848e-02 -1.391796e-01  1.749987e-02
 4.34483e+00  1.03448e+00       2.582e+11  9.600177e-01 -1.697472e-02 -2.188603e-01  3.998231e-02
 4.75862e+00  1.03448e+00       2.966e+11  9.511320e-01 -4.315228e-02 -2.586009e-01  4.886800e-02
 5.17241e+00  1.03448e+00       3.506e+11  9.357313e-01 -3.922584e-02 -2.881152e-01  6.426873e-02
 5.58621e+00  1.03448e+00       3.019e+11  8.919443e-01 -3.291096e-02 -3.566211e-01  1.080557e-01
 6.00000e+00  1.03448e+00       2.095e+11  8.136633e-01 -3.431789e-02 -4.602838e-01  1.863367e-01
-6.00000e+00  1.44828e+00       1.905e+11  5.387193e-01  3.991791e-02  6.152105e-01  4.612807e-01
-5.58621e+00  1.44828e+00       2.431e+11  7.725547e-01 -1.207886e-02  4.032171e-01  2.274453e-01
-5.17241e+00  1.44828e+00       2.951e+11  8.860755e-01 -2.472164e-02  2.997696e-01  1.139245e-01
-4.75862e+00  1.44828e+00       2.719e+11  9.208010e-01 -4.098178e-02  2.773931e-01  7.919905e-02
-4.34483e+00  1.44828e+00       2.117e+11  9.170847e-01 -5.843948e-02  2.768647e-01  8.291531e-02
-3.93103e+00  1.44828e+00       2.534e+11  9.462326e-01 -3.486354e-02  1.805758e-01  5.376737e-02
-3.51724e+00  1.44828e+00       6.844e+11  9.870637e-01 -1.516683e-02  9.440305e-02  1.293633e-02
-3.10345e+00  1.44828e+00       1.590e+12  9.953728e-01 -1.430725e-02  7.609258e-02  4.627240e-03
-2.68966e+00  1.44828e+00       2.155e+12  9.966874e-01 -1.664832e-02  6.826391e-02  3.312631e-03
-2.27586e+00  1.44828e+00       1.776e+12  9.965258e-01 -2.316786e-02  6.244616e-02  3.474208e-03
-1.86207e+00  1.44828e+00       1.329e+12  9.947145e-01 -3.328213e-02  6.664787e-02  5.285489e-03
-1.44828e+00  1.44828e+00       1.477e+12  9.931250e-01 -2.783980e-02  7.880381e-02  6.874978e-03
-1.03448e+00  1.44828e+00       1.744e+12  9.932207e-01 -1.403038e-02  7.148136e-02  6.779278e-03
-6.20690e-01  1.44828e+00       1.801e+12  9.942665e-01 -1.195483e-02  3.637499e-02  5.733548e-03
-2.06897e-01  1.44828e+00       1.816e+12  9.955046e-01 -2.050966e-02 -8.348254e-03  4.495409e-03
 2.06897e-01  1.44828e+00       1.721e+12  9.956454e-01 -1.830203e-02 -4.262064e-02  4.354564e-03
 6.20690e-01  1.44828e+00       1.503e+12  9.942714e-01 -2.246489e-03 -7.504493e-02  5.728570e-03
 1.03448e+00  1.44828e+00       1.251e+12  9.920218e-01  9.056302e-03 -1.037475e-01  7.978228e-03
 1.44828e+00  1.44828e+00       9.132e+11  9.897462e-01  9.144892e-03 -1.198016e-01  1.025377e-02
 1.86207e+00  1.44828e+00       8.655e+11  9.904159e-01  7.514123e-03 -1.131636e-01  9.584070e-03
 2.27586e+00  1.44828e+00       1.513e+12  9.935218e-01  8.313844e-03 -9.914747e-02  6.478184e-03
 2.68966e+00  1.44828e+00       2.135e+12  9.944848e-01  1.060237e-02 -9.626765e-02  5.515208e-03
 3.10345e+00  1.44828e+00       1.732e+12  9.937015e-01  1.387078e-02 -9.981914e-02  6.298542e-03
 3.51724e+00  1.44828e+00       8.399e+11  9.872612e-01  1.762181e-02 -1.200896e-01  1.273881e-02
 3.93103e+00  1.44828e+00       3.528e+11  9.603926e-01  5.989623e-03 -1.973501e-01  3.960740e-02
 4.34483e+00  1.44828e+00       2.647e+11  9.337421e-01 -3.817027e-02 -2.834032e-01  6.625791e-02
 4.75862e+00  1.44828e+00       3.182e+11  9.296024e-01 -4.639870e-02 -3.082477e-01  7.039760e-02
 5.17241e+00  1.44828e+00       3.410e+11  9.021627e-01 -3.165786e-02 -3.413195e-01  9.783731e-02
 5.58621e+00  1.44828e+00       2.652e+11  8.045849e-01 -1.506430e-02 -4.307825e-01  1.954151e-01
 6.00000e+00  1.44828e+00       1.786e+11  5.601594e-01  1.306421e-02 -6.104558e-01  4.398406e-01
-6.00000e+00  1.86207e+00       1.802e+11  3.860173e-01  4.673241e-02  5.992124e-01  6.139827e-01
-5.58621e+00  1.86207e+00       2.692e+11  6.511691e-01 -2.770888e-02  5.067746e-01  3.488309e-01
-5.17241e+00  1.86207e+00       3.521e+11  7.985333e-01 -6.443134e-02  4.031747e-01  2.014667e-01
-4.75862e+00  1.86207e+00       3.333e+11  8.727626e-01 -7.579906e-02  3.332987e-01  1.272374e-01
-4.34483e+00  1.86207e+00       2.537e+11  8.883323e-01 -7.520346e-02  3.193010e-01  1.116677e-01
-3.93103e+00  1.86207e+00       2.072e+11  8.897967e-01 -5.521964e-02  2.779066e-01  1.102033e-01
-3.51724e+00  1.86207e+00       3.661e+11  9.603873e-01 -1.897896e-02  1.141961e-01  3.961268e-02
-3.10345e+00  1.86207e+00       1.019e+12  9.928443e-01 -1.383879e-02  5.020484e-02  7.155749e-03
-2.68966e+00  1.86207e+00       1.933e+12  9.975560e-01 -1.729136e-02  3.324727e-02  2.444042e-03
-2.27586e+00  1.86207e+00       2.110e+12  9.979349e-01 -2.309945e-02  2.249178e-02  2.065143e-03
-1.86207e+00  1.86207e+00       1.455e+12  9.963966e-01 -3.457012e-02  1.626356e-02  3.603399e-03
-1.44828e+00  1.86207e+00       9.973e+11  9.926670e-01 -5.288361e-02  2.055295e-02  7.332991e-03
-1.03448e+00  1.86207e+00       1.221e+12  9.926165e-01 -5.884377e-02  2.561434e-02  7.383451e-03
-6.20690e-01  1.86207e+00       1.843e+12  9.953766e-01 -4.781692e-02  1.965256e-02  4.623353e-03
-2.06897e-01  1.86207e+00       2.279e+12  9.970102e-01 -3.497241e-02  2.420836e-03  2.989783e-03
 2.06897e-01  1.86207e+00       2.138e+12  9.967686e-01 -2.917670e-02 -2.378201e-02  3.231380e-03
 6.20690e-01  1.86207e+00       1.502e+12  9.941943e-01 -3.052469e-02 -5.318362e-02  5.805682e-03
 1.03448e+00  1.86207e+00       8.345e+11  9.886845e-01 -2.764818e-02 -8.158249e-02  1.131553e-02
 1.44828e+00  1.86207e+00       6.483e+11  9.870844e-01 -4.725525e-03 -8.422261e-02  1.291557e-02
 1.86207e+00  1.86207e+00       1.208e+12  9.941871e-01  7.785181e-03 -5.888347e-02  5.812892e-03
 2.27586e+00  1.86207e+00       2.052e+12  9.968779e-01  1.156610e-02 -5.240179e-02  3.122144e-03
 2.68966e+00  1.86207e+00       2.054e+12  9.968609e-01  1.526489e-02 -5.618113e-02  3.139097e-03
 3.10345e+00  1.86207e+00       1.194e+12  9.930001e-01  1.999136e-02 -7.262340e-02  6.999880e-03
 3.51724e+00  1.86207e+00       5.009e+11  9.713951e-01  2.184268e-02 -1.389382e-01  2.860488e-02
 3.93103e+00  1.86207e+00       2.830e+11  9.247598e-01 -1.201091e-02 -2.725134e-01  7.524020e-02
 4.34483e+00  1.86207e+00       3.093e+11  9.094045e-01 -5.385653e-02 -3.373511e-01  9.059547e-02
 4.75862e+00  1.86207e+00       4.076e+11  8.948657e-01 -5.398370e-02 -3.722809e-01  1.051343e-01
 5.17241e+00  1.86207e+00       4.223e+11  8.362739e-01 -4.461308e-02 -4.403720e-01  1.637261e-01
 5.58621e+00  1.86207e+00       3.363e+11  7.170464e-01 -4.322447e-02 -5.629784e-01  2.829536e-01
 6.00000e+00  1.86207e+00       2.556e+11  5.438469e-01 -3.750349e-02 -6.887009e-01  4.561531e-01
-6.00000e+00  2.27586e+00       2.792e+11  1.731253e-01 -3.985435e-03  8.266877e-01  8.268747e-01
-5.58621e+00  2.27586e+00       2.821e+11  4.993890e-01 -1.297846e-02  6.476780e-01  5.006110e-01
-5.17241e+00  2.27586e+00       3.765e+11  7.351453e-01 -4.019224e-02  4.776566e-01  2.648547e-01
-4.75862e+00  2.27586e+00       4.087e+11  8.427310e-01 -6.351138e-02  3.803390e-01  1.572690e-01
-4.34483e+00  2.27586e+00       3.354e+11  8.786233e-01 -7.885714e-02  3.413827e-01  1.213767e-01
-3.93103e+00  2.27586e+00       2.421e+11  8.626655e-01 -7.239725e-02  3.422234e-01  1.373345e-01
-3.51724e+00  2.27586e+00       2.093e+11  8.778137e-01 -3.474491e-02  2.314943e-01  1.221863e-01
-3.10345e+00  2.27586e+00       4.201e+11  9.670634e-01 -5.557721e-03  1.970636e-02  3.293658e-02
-2.68966e+00  2.27586e+00       1.115e+12  9.924507e-01 -1.133987e-02 -4.615535e-02  7.549265e-03
-2.27586e+00  2.27586e+00       1.940e+12  9.939775e-01 -2.004414e-02 -7.152398e-02  6.022479e-03
-1.86207e+00  2.27586e+00       1.968e+12  9.917711e-01 -3.184061e-02 -9.064296e-02  8.228854e-03
-1.44828e+00  2.27586e+00       1.284e+12  9.877076e-01 -5.135499e-02 -9.827605e-02  1.229245e-02
-1.03448e+00  2.27586e+00       7.733e+11  9.840046e-01 -6.437631e-02 -6.758648e-02  1.599540e-02
-6.20690e-01  2.27586e+00       5.915e+11  9.838556e-01 -3.353527e-02 -2.011388e-02  1.614444e-02
-2.06897e-01  2.27586e+00       5.026e+11  9.833910e-01  1.722625e-02 -1.304040e-02  1.660897e-02
 2.06897e-01  2.27586e+00       4.468e+11  9.806211e-01  3.665001e-02 -4.396665e-02  1.937894e-02
 6.20690e-01  2.27586e+00       4.220e+11  9.759342e-01  1.157950e-02 -6.591039e-02  2.406577e-02
 1.03448e+00  2.27586e+00       5.472e+11  9.787560e-01 -1.025811e-02 -8.767777e-03  2.124401e-02
 1.44828e+00  2.27586e+00       1.127e+12  9.894558e-01  8.650998e-04  5.267901e-02  1.054425e-02
 1.86207e+00  2.27586e+00       1.957e+12  9.944691e-01  1.127335e-02  6.084493e-02  5.530896e-03
 2.27586e+00  2.27586e+00       2.063e+12  9.959313e-01  1.712439e-02  5.024988e-02  4.068745e-03
 2.68966e+00  2.27586e+00       1.289e+12  9.942136e-01  2.245317e-02  2.584277e-02  5.786359e-03
 3.10345e+00  2.27586e+00       5.699e+11  9.778357e-01  2.925129e-02 -4.929655e-02  2.216433e-02
 3.51724e+00  2.27586e+00       3.074e+11  9.284021e-01  1.027926e-02 -2.196455e-01  7.159788e-02
 3.93103e+00  2.27586e+00       2.977e+11  9.020474e-01 -4.444982e-02 -3.229610e-01  9.795260e-02
 4.34483e+00  2.27586e+00       4.007e+11  9.030327e-01 -6.288983e-02 -3.534889e-01  9.696728e-02
 4.75862e+00  2.27586e+00       4.818e+11  8.766772e-01 -5.317933e-02 -3.939642e-01  1.233228e-01
 5.17241e+00  2.27586e+00       4.213e+11  7.857013e-01 -4.835126e-02 -4.789646e-01  2.142987e-01
 5.58621e+00  2.27586e+00       3.077e+11  5.770532e-01 -4.817821e-02 -6.361405e-01  4.229468e-01
 6.00000e+00  2.27586e+00       2.787e+11  2.327849e-01 -2.613770e-02 -8.000381e-01  7.672151e-01
-6.00000e+00  2.68966e+00       4.224e+11  1.522639e-01  1.028573e-01  8.710574e-01  8.477361e-01
-5.58621e+00  2.68966e+00       3.400e+11  3.642806e-01  7.009761e-02  7.673897e-01  6.357194e-01
-5.17241e+00  2.68966e+00       3.913e+11  6.300598e-01 -8.636845e-03  5.667468e-01  3.699402e-01
-4.75862e+00  2.68966e+00       4.676e+11  7.998322e-01 -4.855734e-02  4.155224e-01  2.001678e-01
-4.34483e+00  2.68966e+00       4.352e+11  8.758859e-01 -6.982343e-02  3.356430e-01  1.241141e-01
-3.93103e+00  2.68966e+00       3.335e+11  8.837966e-01 -7.639145e-02  3.248360e-01  1.162034e-01
-3.51724e+00  2.68966e+00       2.357e+11  8.460057e-01 -6.024285e-02  3.324248e-01  1.539943e-01
-3.10345e+00  2.68966e+00       1.836e+11  8.514396e-01 -1.031947e-02  1.832837e-01  1.485604e-01
-2.68966e+00  2.68966e+00       3.023e+11  9.390044e-01  2.386757e-02 -1.102798e-01  6.099557e-02
-2.27586e+00  2.68966e+00       7.740e+11  9.584382e-01  5.772721e-03 -2.293304e-01  4.156179e-02
-1.86207e+00  2.68966e+00       1.469e+12  9.465671e-01 -1.311871e-02 -2.859814e-01  5.343285e-02
-1.44828e+00  2.68966e+00       1.710e+12  9.263758e-01 -3.737612e-02 -3.327782e-01  7.362416e-02
-1.03448e+00  2.68966e+00       1.201e+12  8.955879e-01 -7.472845e-02 -3.718183e-01  1.044121e-01
-6.20690e-01  2.68966e+00       5.512e+11  8.440385e-01 -1.214349e-01 -3.745242e-01  1.559615e-01
-2.06897e-01  2.68966e+00       2.424e+11  7.810954e-01 -1.225425e-01 -1.894951e-01  2.189046e-01
 2.06897e-01  2.68966e+00       2.621e+11  8.199788e-01 -6.013799e-02  2.186479e-01  1.800212e-01
 6.20690e-01  2.68966e+00       5.940e+11  8.834782e-01 -3.264887e-02  3.620234e-01  1.165218e-01
 1.03448e+00  2.68966e+00       1.244e+12  9.160537e-01 -6.296200e-03  3.566747e-01  8.394626e-02
 1.44828e+00  2.68966e+00       1.778e+12  9.369002e-01  1.317288e-02  3.188197e-01  6.309984e-02
 1.86207e+00  2.68966e+00       1.594e+12  9.525267e-01  2.317388e-02  2.716202e-01  4.747331e-02
 2.27586e+00  2.68966e+00       9.238e+11  9.638784e-01  3.029615e-02  2.066482e-01  3.612161e-02
 2.68966e+00  2.68966e+00       4.403e+11  9.608254e-01  4.230221e-02  6.939589e-02  3.917455e-02
 3.10345e+00  2.68966e+00       2.902e+11  9.261942e-01  2.838902e-02 -1.579740e-01  7.380578e-02
 3.51724e+00  2.68966e+00       2.927e+11  9.036823e-01 -2.775812e-02 -2.776650e-01  9.631770e-02
 3.93103e+00  2.68966e+00       3.839e+11  9.117398e-01 -6.153734e-02 -3.089433e-01  8.826016e-02
 4.34483e+00  2.68966e+00       5.183e+11  9.049113e-01 -5.567949e-02 -3.456210e-01  9.508872e-02
 4.75862e+00  2.68966e+00       5.287e+11  8.488436e-01 -4.470287e-02 -4.114403e-01  1.511564e-01
 5.17241e+00  2.68966e+00       4.048e+11  6.996866e-01 -3.828053e-02 -5.431482e-01  3.003134e-01
 5.58621e+00  2.68966e+00       3.027e+11  4.313584e-01 -1.630308e-02 -7.254780e-01  5.686416e-01
 6.00000e+00  2.68966e+00       3.291e+11  1.030485e-01 -9.975169e-04 -8.430793e-01  8.969515e-01
-6.00000e+00  3.10345e+00       5.395e+11  6.186948e-02  3.910399e-02  8.802199e-01  9.381305e-01
-5.58621e+00  3.10345e+00       3.825e+11  2.451650e-01  6.786780e-02  8.197963e-01  7.548350e-01
-5.17241e+00  3.10345e+00       3.845e+11  4.922961e-01  1.246935e-02  6.650869e-01  5.077039e-01
-4.75862e+00  3.10345e+00       4.871e+11  7.204775e-01 -3.748791e-02  4.722700e-01  2.795225e-01
-4.34483e+00  3.10345e+00       5.298e+11  8.540845e-01 -5.747967e-02  3.338228e-01  1.459155e-01
-3.93103e+00  3.10345e+00       4.556e+11  9.095011e-01 -7.142911e-02  2.688432e-01  9.049887e-02
-3.51724e+00  3.10345e+00       3.461e+11  8.978223e-01 -6.912324e-02  2.800030e-01  1.021777e-01
-3.10345e+00  3.10345e+00       2.421e+11  8.434002e-01 -4.803823e-02  2.950855e-01  1.565998e-01
-2.68966e+00  3.10345e+00       1.570e+11  8.040923e-01  1.250050e-02  1.715769e-01  1.959077e-01
-2.27586e+00  3.10345e+00       1.352e+11  8.328296e-01  1.114382e-01 -1.606531e-01  1.671704e-01
-1.86207e+00  3.10345e+00       2.059e+11  8.115129e-01  1.105543e-01 -4.417369e-01  1.884871e-01
-1.44828e+00  3.10345e+00       3.796e+11  6.871910e-01  9.832794e-02 -6.112381e-01  3.128090e-01
-1.03448e+00  3.10345e+00       5.887e+11  4.979309e-01  1.136370e-01 -7.065978e-01  5.020691e-01
-6.20690e-01  3.10345e+00       6.785e+11  2.283016e-01  1.388931e-01 -6.685342e-01  7.716984e-01
-2.06897e-01  3.10345e+00       6.479e+11 -5.503997e-02  1.651377e-01 -3.114920e-01  9.449600e-01
 2.06897e-01  3.10345e+00       6.580e+11 -4.693861e-02  1.657906e-01  3.139591e-01  9.530614e-01
 6.20690e-01  3.10345e+00       7.142e+11  2.454230e-01  1.298087e-01  6.672713e-01  7.545770e-01
 1.03448e+00  3.10345e+00       6.547e+11  5.192871e-01  8.639482e-02  6.916194e-01  4.807129e-01
 1.44828e+00  3.10345e+00       4.692e+11  7.160226e-01  5.980075e-02  5.686220e-01  2.839774e-01
 1.86207e+00  3.10345e+00       3.058e+11  8.492874e-01  6.740211e-02  3.774806e-01  1.507126e-01
 2.27586e+00  3.10345e+00       2.413e+11  9.086528e-01  8.273816e-02  1.234662e-01  9.134720e-02
 2.68966e+00  3.10345e+00       2.562e+11  9.133438e-01  4.578073e-02 -1.133927e-01  8.665617e-02
 3.10345e+00  3.10345e+00       2.921e+11  9.085577e-01 -1.668288e-02 -2.080782e-01  9.144234e-02
 3.51724e+00  3.10345e+00       3.739e+11  9.241433e-01 -5.790292e-02 -2.284737e-01  7.585666e-02
 3.93103e+00  3.10345e+00       5.366e+11  9.322083e-01 -5.669284e-02 -2.664406e-01  6.779166e-02
 4.34483e+00  3.10345e+00       6.223e+11  8.973015e-01 -4.487717e-02 -3.326547e-01  1.026985e-01
 4.75862e+00  3.10345e+00       5.409e+11  7.877776e-01 -4.014779e-02 -4.614133e-01  2.122224e-01
 5.17241e+00  3.10345e+00       4.260e+11  6.000223e-01 -3.247924e-02 -6.517920e-01  3.999777e-01
 5.58621e+00  3.10345e+00       3.951e+11  3.731994e-01 -9.497486e-03 -7.979638e-01  6.268006e-01
 6.00000e+00  3.10345e+00       5.251e+11  9.810010e-02 -8.692325e-03 -8.781921e-01  9.018999e-01
-6.00000e+00  3.51724e+00       8.269e+11  7.403782e-02  1.938547e-02  9.127134e-01  9.259622e-01
-5.58621e+00  3.51724e+00       5.541e+11  2.208508e-01  6.657073e-02  8.678726e-01  7.791492e-01
-5.17241e+00  3.51724e+00       4.188e+11  3.876543e-01  6.125321e-02  7.765969e-01  6.123457e-01
-4.75862e+00  3.51724e+00       4.637e+11  6.148127e-01 -9.414794e-03  5.773189e-01  3.851873e-01
-4.34483e+00  3.51724e+00       5.742e+11  8.009994e-01 -4.653814e-02  3.696636e-01  1.990006e-01
-3.93103e+00  3.51724e+00       5.842e+11  9.038526e-01 -6.203850e-02  2.265535e-01  9.614740e-02
-3.51724e+00  3.51724e+00       4.863e+11  9.428327e-01 -7.151528e-02  1.631955e-01  5.716728e-02
-3.10345e+00  3.51724e+00       3.772e+11  9.249433e-01 -5.842961e-02  1.846239e-01  7.505672e-02
-2.68966e+00  3.51724e+00       2.739e+11  8.594917e-01 -3.883641e-02  2.230783e-01  1.405083e-01
-2.27586e+00  3.51724e+00       1.691e+11  7.652439e-01  4.479768e-03  1.672773e-01  2.347561e-01
-1.86207e+00  3.51724e+00       1.017e+11  6.742898e-01  1.819337e-01 -8.728490e-02  3.257102e-01
-1.44828e+00  3.51724e+00       8.183e+10  5.953831e-01  3.535902e-01 -4.179978e-01  4.046169e-01
-1.03448e+00  3.51724e+00       7.914e+10  4.243558e-01  3.660243e-01 -5.698154e-01  5.756442e-01
-6.20690e-01  3.51724e+00       7.254e+10  1.470052e-01  3.740209e-01 -4.370894e-01  8.529948e-01
-2.06897e-01  3.51724e+00       6.943e+10 -3.743079e-02  3.934699e-01  7.518142e-02  9.625692e-01
 2.06897e-01  3.51724e+00       8.040e+10  6.444157e-02  3.341218e-01  5.812266e-01  9.355584e-01
 6.20690e-01  3.51724e+00       9.573e+10  2.482396e-01  2.436159e-01  7.531355e-01  7.517604e-01
 1.03448e+00  3.51724e+00       1.046e+11  4.321197e-01  2.094149e-01  6.752646e-01  5.678803e-01
 1.44828e+00  3.51724e+00       1.248e+11  6.727174e-01  2.103215e-01  3.964498e-01  3.272826e-01
 1.86207e+00  3.51724e+00       1.839e+11  8.528984e-01  1.389709e-01  1.008171e-01  1.471016e-01
 2.27586e+00  3.51724e+00       2.565e+11  9.054422e-01  4.520102e-02 -5.419684e-02  9.455782e-02
 2.68966e+00  3.51724e+00       2.938e+11  9.088941e-01 -2.018683e-02 -9.415888e-02  9.110595e-02
 3.10345e+00  3.51724e+00       3.697e+11  9.323444e-01 -5.584667e-02 -9.987632e-02  6.765556e-02
 3.51724e+00  3.51724e+00       5.593e+11  9.561356e-01 -5.544936e-02 -1.478568e-01  4.386441e-02
 3.93103e+00  3.51724e+00       6.953e+11  9.401861e-01 -4.539712e-02 -2.184872e-01  5.981393e-02
 4.34483e+00  3.51724e+00       6.336e+11  8.618129e-01 -4.231806e-02 -3.421109e-01  1.381871e-01
 4.75862e+00  3.51724e+00       5.006e+11  7.040783e-01 -4.045009e-02 -5.466804e-01  2.959217e-01
 5.17241e+00  3.51724e+00       4.327e+11  5.190712e-01 -1.772468e-02 -7.306202e-01  4.809288e-01
 5.58621e+00  3.51724e+00       5.071e+11  2.884467e-01 -2.710328e-03 -8.422075e-01  7.115533e-01
 6.00000e+00  3.51724e+00       7.920e+11  6.240627e-02 -1.533885e-02 -9.162145e-01  9.375937e-01
-6.00000e+00  3.93103e+00       1.198e+12  1.093904e-01 -2.879791e-04  9.355823e-01  8.906096e-01
-5.58621e+00  3.93103e+00       8.587e+11  2.380422e-01  3.730407e-02  8.880367e-01  7.619578e-01
-5.17241e+00  3.93103e+00       5.654e+11  3.657175e-01  7.986339e-02  8.298645e-01  6.342825e-01
-4.75862e+00  3.93103e+00       4.501e+11  5.095953e-01  4.816097e-02  7.119419e-01  4.904047e-01
-4.34483e+00  3.93103e+00       5.208e+11  7.059594e-01 -2.302070e-02  4.772553e-01  2.940406e-01
-3.93103e+00  3.93103e+00       6.338e+11  8.569031e-01 -5.146775e-02  2.432803e-01  1.430969e-01
-3.51724e+00  3.93103e+00       6.319e+11  9.350590e-01 -6.363453e-02  7.860260e-02  6.494105e-02
-3.10345e+00  3.93103e+00       5.244e+11  9.639682e-01 -7.221987e-02 -6.797789e-03  3.603184e-02
-2.68966e+00  3.93103e+00       4.182e+11  9.559417e-01 -4.900081e-02  1.113790e-03  4.405833e-02
-2.27586e+00  3.93103e+00       3.370e+11  9.042719e-01 -1.913032e-02  7.089698e-02  9.572808e-02
-1.86207e+00  3.93103e+00       2.389e+11  7.968693e-01 -3.766128e-02  1.350870e-01  2.031307e-01
-1.44828e+00  3.93103e+00       1.394e+11  6.042055e-01 -5.704746e-03  1.470153e-01  3.957945e-01
-1.03448e+00  3.93103e+00       8.652e+10  3.394111e-01  3.342694e-01  6.883853e-02  6.605889e-01
-6.20690e-01  3.93103e+00       7.285e+10  1.570345e-01  7.492347e-01  5.248809e-04  8.429655e-01
-2.06897e-01  3.93103e+00       7.110e+10  9.612670e-02  8.828266e-01  9.483498e-02  9.038733e-01
 2.06897e-01  3.93103e+00       7.780e+10  1.919039e-01  7.977434e-01  2.909639e-01  8.080961e-01
 6.20690e-01  3.93103e+00       1.031e+11  4.693309e-01  5.422702e-01  3.611713e-01  5.306691e-01
 1.03448e+00  3.93103e+00       1.611e+11  7.504971e-01  2.364072e-01  2.602571e-01  2.495029e-01
 1.44828e+00  3.93103e+00       2.391e+11  8.696891e-01  5.225943e-02  1.451334e-01  1.303109e-01
 1.86207e+00  3.93103e+00       2.724e+11  8.703726e-01 -1.503795e-02  8.727401e-02  1.296274e-01
 2.27586e+00  3.93103e+00       2.706e+11  8.534458e-01 -3.428496e-02  9.865208e-02  1.465542e-01
 2.68966e+00  3.93103e+00       3.725e+11  9.149021e-01 -4.961069e-02  9.200870e-02  8.509791e-02
 3.10345e+00  3.93103e+00       6.055e+11  9.656713e-01 -4.992183e-02  2.052864e-02  3.432867e-02
 3.51724e+00  3.93103e+00       7.561e+11  9.660429e-01 -4.395040e-02 -6.343502e-02  3.395714e-02
 3.93103e+00  3.93103e+00       6.885e+11  9.107369e-01 -4.481817e-02 -1.991207e-01  8.926307e-02
 4.34483e+00  3.93103e+00       5.485e+11  7.822085e-01 -4.807558e-02 -4.296475e-01  2.177915e-01
 4.75862e+00  3.93103e+00       4.714e+11  6.341974e-01 -2.745863e-02 -6.446538e-01  3.658026e-01
 5.17241e+00  3.93103e+00       5.077e+11  4.642160e-01 -1.015889e-03 -7.741679e-01  5.357840e-01
 5.58621e+00  3.93103e+00       7.632e+11  2.421871e-01 -1.060350e-02 -8.807620e-01  7.578129e-01
 6.00000e+00  3.93103e+00       1.196e+12  8.718195e-02 -1.787769e-02 -9.443791e-01  9.128181e-01
-6.00000e+00  4.34483e+00       1.577e+12  1.687288e-01 -9.936837e-03  9.475480e-01  8.312712e-01
-5.58621e+00  4.34483e+00       1.289e+12  2.759706e-01  8.459040e-03  8.994079e-01  7.240294e-01
-5.17241e+00  4.34483e+00       8.966e+11  3.999209e-01  5.221197e-02  8.342076e-01  6.000791e-01
-4.75862e+00  4.34483e+00       5.811e+11  5.014652e-01  8.973723e-02  7.676397e-01  4.985348e-01
-4.34483e+00  4.34483e+00       4.626e+11  6.090780e-01  4.513356e-02  6.425755e-01  3.909220e-01
-3.93103e+00  4.34483e+00       5.311e+11  7.620110e-01 -2.785429e-02  3.815736e-01  2.379890e-01
-3.51724e+00  4.34483e+00       6.477e+11  8.774000e-01 -5.456067e-02  1.005504e-01  1.226000e-01
-3.10345e+00  4.34483e+00       6.650e+11  9.256499e-01 -6.271464e-02 -1.096840e-01  7.435009e-02
-2.68966e+00  4.34483e+00       5.653e+11  9.303147e-01 -7.701283e-02 -2.476745e-01  6.968534e-02
-2.27586e+00  4.34483e+00       4.408e+11  9.193657e-01 -7.003502e-02 -3.124454e-01  8.063433e-02
-1.86207e+00  4.34483e+00       3.585e+11  9.015109e-01  2.466078e-03 -3.070451e-01  9.848909e-02
-1.44828e+00  4.34483e+00       3.355e+11  8.822546e-01  6.987707e-02 -2.432232e-01  1.177454e-01
-1.03448e+00  4.34483e+00       3.285e+11  8.653530e-01  2.651666e-02 -1.080710e-01  1.346470e-01
-6.20690e-01  4.34483e+00       2.950e+11  8.244559e-01 -9.255873e-02  1.025022e-01  1.755441e-01
-2.06897e-01  4.34483e+00       2.641e+11  7.721175e-01 -1.909789e-01  2.875771e-01  2.278825e-01
 2.06897e-01  4.34483e+00       2.551e+11  7.558856e-01 -2.070603e-01  2.815585e-01  2.441144e-01
 6.20690e-01  4.34483e+00       2.401e+11  7.205835e-01 -1.494901e-01  1.272114e-01  2.794165e-01
 1.03448e+00  4.34483e+00       2.029e+11  5.978139e-01 -2.159363e-02  1.790840e-02  4.021861e-01
 1.44828e+00  4.34483e+00       1.779e+11  5.061364e-01  8.158813e-02  1.548149e-01  4.938636e-01
 1.86207e+00  4.34483e+00       2.397e+11  6.749489e-01  1.451024e-02  3.690103e-01  3.250511e-01
 2.27586e+00  4.34483e+00       4.418e+11  8.589044e-01 -4.124732e-02  3.440501e-01  1.410956e-01
 2.68966e+00  4.34483e+00       6.912e+11  9.346442e-01 -4.505266e-02  2.478908e-01  6.535575e-02
 3.10345e+00  4.34483e+00       7.791e+11  9.540531e-01 -4.387488e-02  1.409673e-01  4.594693e-02
 3.51724e+00  4.34483e+00       6.708e+11  9.217346e-01 -5.125217e-02 -3.366009e-02  7.826540e-02
 3.93103e+00  4.34483e+00       5.425e+11  8.268951e-01 -5.815106e-02 -3.139676e-01  1.731049e-01
 4.34483e+00  4.34483e+00       4.860e+11  7.227187e-01 -3.384219e-02 -5.494181e-01  2.772813e-01
 4.75862e+00  4.34483e+00       5.131e+11  6.099624e-01  6.832859e-04 -6.789794e-01  3.900376e-01
 5.17241e+00  4.34483e+00       7.370e+11  4.189097e-01 -6.554504e-03 -8.099695e-01  5.810903e-01
 5.58621e+00  4.34483e+00       1.216e+12  2.525982e-01 -1.819451e-02 -9.098219e-01  7.474018e-01
 6.00000e+00  4.34483e+00       1.646e+12  1.519883e-01 -1.211597e-02 -9.562074e-01  8.480117e-01
-6.00000e+00  4.75862e+00       1.839e+12  2.444191e-01 -1.136344e-02  9.453000e-01  7.555809e-01
-5.58621e+00  4.75862e+00       1.731e+12  3.322098e-01 -7.281844e-03  9.015381e-01  6.677902e-01
-5.17241e+00  4.75862e+00       1.384e+12  4.418790e-01  1.508091e-02  8.310630e-01  5.581210e-01
-4.75862e+00  4.75862e+00       9.582e+11  5.550496e-01  6.195346e-02  7.467704e-01  4.449504e-01
-4.34483e+00  4.75862e+00       6.059e+11  6.309991e-01  1.012446e-01  6.758359e-01  3.690009e-01
-3.93103e+00  4.75862e+00       4.496e+11  6.930807e-01  5.899187e-02  5.755900e-01  3.069193e-01
-3.51724e+00  4.75862e+00       4.784e+11  7.858757e-01 -2.312915e-02  3.281315e-01  2.141243e-01
-3.10345e+00  4.75862e+00       5.785e+11  8.493424e-01 -6.153033e-02 -1.628076e-02  1.506576e-01
-2.68966e+00  4.75862e+00       6.388e+11  8.465835e-01 -6.493173e-02 -3.074403e-01  1.534165e-01
-2.27586e+00  4.75862e+00       5.910e+11  7.834380e-01 -7.008888e-02 -5.145692e-01  2.165620e-01
-1.86207e+00  4.75862e+00       4.798e+11  6.801205e-01 -9.586360e-02 -6.669563e-01  3.198795e-01
-1.44828e+00  4.75862e+00       3.627e+11  5.525046e-01 -9.633775e-02 -7.747513e-01  4.474954e-01
-1.03448e+00  4.75862e+00       2.791e+11  3.903244e-01 -3.892844e-02 -8.577999e-01  6.096756e-01
-6.20690e-01  4.75862e+00       2.356e+11  2.127573e-01  1.903574e-03 -8.949259e-01  7.872427e-01
-2.06897e-01  4.75862e+00       1.978e+11 -5.602170e-03 -1.034453e-02 -8.321306e-01  9.943978e-01
 2.06897e-01  4.75862e+00       1.652e+11 -2.831589e-01 -1.439798e-02 -5.510486e-01  7.168411e-01
 6.20690e-01  4.75862e+00       1.645e+11 -3.334981e-01  1.960568e-02  3.089078e-02  6.665019e-01
 1.03448e+00  4.75862e+00       2.301e+11  7.198386e-02  7.503928e-03  5.672253e-01  9.280161e-01
 1.44828e+00  4.75862e+00       3.899e+11  4.694438e-01 -3.690166e-02  7.128968e-01  5.305562e-01
 1.86207e+00  4.75862e+00       5.938e+11  6.811800e-01 -5.078969e-02  6.463442e-01  3.188200e-01
 2.27586e+00  4.75862e+00       7.139e+11  8.005501e-01 -4.949102e-02  5.273339e-01  1.994499e-01
 2.68966e+00  4.75862e+00       6.701e+11  8.644970e-01 -5.583903e-02  3.746614e-01  1.355030e-01
 3.10345e+00  4.75862e+00       5.484e+11  8.758554e-01 -7.282938e-02  1.117385e-01  1.241446e-01
 3.51724e+00  4.75862e+00       4.797e+11  8.389540e-01 -7.481107e-02 -2.310098e-01  1.610460e-01
 3.93103e+00  4.75862e+00       4.708e+11  7.936256e-01 -3.297406e-02 -4.459670e-01  2.063744e-01
 4.34483e+00  4.75862e+00       5.124e+11  7.295541e-01  7.109925e-03 -5.546045e-01  2.704459e-01
 4.75862e+00  4.75862e+00       7.242e+11  5.770036e-01 -4.185378e-03 -7.051166e-01  4.229964e-01
 5.17241e+00  4.75862e+00       1.224e+12  4.167655e-01 -1.883739e-02 -8.438754e-01  5.832345e-01
 5.58621e+00  4.75862e+00       1.778e+12  3.129699e-01 -1.291143e-02 -9.154851e-01  6.870301e-01
 6.00000e+00  4.75862e+00       1.951e+12  2.362629e-01 -8.513448e-04 -9.504043e-01  7.637371e-01
-6.00000e+00  5.17241e+00       1.931e+12  3.334454e-01 -8.300111e-03  9.265554e-01  6.665546e-01
-5.58621e+00  5.17241e+00       2.020e+12  4.027153e-01 -1.049715e-02  8.890555e-01  5.972847e-01
-5.17241e+00  5.17241e+00       1.853e+12  4.929943e-01 -5.519280e-03  8.238005e-01  5.070057e-01
-4.75862e+00  5.17241e+00       1.496e+12  5.979163e-01  1.731757e-02  7.279750e-01  4.020837e-01
-4.34483e+00  5.17241e+00       1.062e+12  6.985431e-01  6.422953e-02  6.193688e-01  3.014569e-01
-3.93103e+00  5.17241e+00       6.613e+11  7.560915e-01  1.135565e-01  5.374240e-01  2.439085e-01
-3.51724e+00  5.17241e+00       4.315e+11  7.791873e-01  9.622212e-02  4.757925e-01  2.208127e-01
-3.10345e+00  5.17241e+00       3.914e+11  8.185753e-01  8.095581e-03  3.339863e-01  1.814247e-01
-2.68966e+00  5.17241e+00       4.210e+11  8.138643e-01 -6.231823e-02  3.350401e-02  1.861357e-01
-2.27586e+00  5.17241e+00       4.673e+11  7.039169e-01 -9.846374e-02 -3.744325e-01  2.960831e-01
-1.86207e+00  5.17241e+00       5.039e+11  5.149933e-01 -8.808054e-02 -6.825490e-01  4.850067e-01
-1.44828e+00  5.17241e+00       4.651e+11  2.686066e-01 -5.643081e-02 -8.348696e-01  7.313934e-01
-1.03448e+00  5.17241e+00       3.662e+11 -5.547214e-02 -4.739894e-02 -8.652687e-01  9.445279e-01
-6.20690e-01  5.17241e+00       2.840e+11 -4.214548e-01 -7.966284e-02 -7.164936e-01  5.785452e-01
-2.06897e-01  5.17241e+00       2.517e+11 -6.785188e-01 -1.133224e-01 -3.155675e-01  3.214812e-01
 2.06897e-01  5.17241e+00       2.704e+11 -6.314977e-01 -1.004358e-01  2.472174e-01  3.685023e-01
 6.20690e-01  5.17241e+00       3.464e+11 -2.915159e-01 -6.462552e-02  6.929253e-01  7.084841e-01
 1.03448e+00  5.17241e+00       4.537e+11  7.014833e-02 -5.140414e-02  8.662001e-01  9.298517e-01
 1.44828e+00  5.17241e+00       5.119e+11  3.291696e-01 -6.135698e-02  8.659022e-01  6.708304e-01
 1.86207e+00  5.17241e+00       4.792e+11  5.152861e-01 -8.350652e-02  7.625011e-01  4.847139e-01
 2.27586e+00  5.17241e+00       4.074e+11  6.731639e-01 -1.113700e-01  5.072012e-01  3.268361e-01
 2.68966e+00  5.17241e+00       3.778e+11  7.977353e-01 -1.251167e-01  1.072733e-01  2.022647e-01
 3.10345e+00  5.17241e+00       4.015e+11  8.470417e-01 -8.296556e-02 -1.896178e-01  1.529583e-01
 3.51724e+00  5.17241e+00       4.403e+11  8.550038e-01 -8.638060e-03 -3.070633e-01  1.449962e-01
 3.93103e+00  5.17241e+00       5.054e+11  8.247700e-01  2.006477e-02 -3.884414e-01  1.752300e-01
 4.34483e+00  5.17241e+00       7.304e+11  7.072134e-01 -6.454675e-03 -5.700091e-01  2.927866e-01
 4.75862e+00  5.17241e+00       1.254e+12  5.698638e-01 -2.082788e-02 -7.474070e-01  4.301362e-01
 5.17241e+00  5.17241e+00       1.886e+12  4.732431e-01 -1.224125e-02 -8.440425e-01  5.267569e-01
 5.58621e+00  5.17241e+00       2.176e+12  3.981863e-01  9.121423e-04 -8.959068e-01  6.018137e-01
 6.00000e+00  5.17241e+00       1.988e+12  3.277490e-01  7.173003e-03 -9.288169e-01  6.722510e-01
-6.00000e+00  5.58621e+00       1.849e+12  4.426385e-01 -5.713077e-03  8.832720e-01  5.573615e-01
-5.58621e+00  5.58621e+00       2.136e+12  4.885837e-01 -7.523609e-03  8.563725e-01  5.114163e-01
-5.17241e+00  5.58621e+00       2.127e+12  5.553564e-01 -9.479731e-03  8.033398e-01  4.446436e-01
-4.75862e+00  5.58621e+00       1.934e+12  6.412545e-01 -5.000945e-03  7.149219e-01  3.587455e-01
-4.34483e+00  5.58621e+00       1.613e+12  7.333953e-01  1.435780e-02  5.910812e-01  2.666047e-01
-3.93103e+00  5.58621e+00       1.214e+12  8.182496e-01  5.611035e-02  4.483788e-01  1.817504e-01
-3.51724e+00  5.58621e+00       7.908e+11  8.654516e-01  1.145411e-01  3.347055e-01  1.345484e-01
-3.10345e+00  5.58621e+00       4.591e+11  8.595530e-01  1.494659e-01  2.797477e-01  1.404470e-01
-2.68966e+00  5.58621e+00       3.252e+11  8.574566e-01  9.020664e-02  2.261629e-01  1.425434e-01
-2.27586e+00  5.58621e+00       3.148e+11  8.841980e-01  1.198524e-03  1.143187e-01  1.158020e-01
-1.86207e+00  5.58621e+00       2.946e+11  8.433934e-01 -8.156515e-02 -6.044956e-02  1.566066e-01
-1.44828e+00  5.58621e+00       2.483e+11  6.656048e-01 -1.616034e-01 -3.155362e-01  3.343952e-01
-1.03448e+00  5.58621e+00       2.064e+11  2.630932e-01 -1.962462e-01 -5.100370e-01  7.369068e-01
-6.20690e-01  5.58621e+00       1.887e+11 -3.203723e-01 -2.339159e-01 -4.509437e-01  6.796277e-01
-2.06897e-01  5.58621e+00       1.949e+11 -6.982180e-01 -2.846726e-01 -1.574094e-01  3.017820e-01
 2.06897e-01  5.58621e+00       1.927e+11 -7.562876e-01 -2.899643e-01  1.742472e-01  2.437124e-01
 6.20690e-01  5.58621e+00       1.681e+11 -5.789389e-01 -2.638222e-01  4.304957e-01  4.210611e-01
 1.03448e+00  5.58621e+00       1.531e+11 -1.184992e-01 -2.739072e-01  5.072285e-01  8.815008e-01
 1.44828e+00  5.58621e+00       1.811e+11  4.024387e-01 -2.945516e-01  3.747696e-01  5.975613e-01
 1.86207e+00  5.58621e+00       2.354e+11  6.754851e-01 -2.429750e-01  1.733318e-01  3.245149e-01
 2.27586e+00  5.58621e+00       2.936e+11  7.944063e-01 -1.294505e-01  3.782839e-03  2.055937e-01
 2.68966e+00  5.58621e+00       3.581e+11  8.585236e-01 -5.891049e-03 -6.201226e-02  1.414764e-01
 3.10345e+00  5.58621e+00       4.134e+11  8.910526e-01  4.785981e-02 -7.325435e-02  1.089474e-01
 3.51724e+00  5.58621e+00       4.993e+11  8.800784e-01  2.200350e-02 -1.742383e-01  1.199216e-01
 3.93103e+00  5.58621e+00       7.685e+11  8.021485e-01 -1.779383e-02 -4.169206e-01  1.978515e-01
 4.34483e+00  5.58621e+00       1.332e+12  7.041812e-01 -2.256513e-02 -6.246418e-01  2.958188e-01
 4.75862e+00  5.58621e+00       1.995e+12  6.256622e-01 -8.381896e-03 -7.405345e-01  3.743378e-01
 5.17241e+00  5.58621e+00       2.344e+12  5.578315e-01  5.343015e-03 -8.083186e-01  4.421685e-01
 5.58621e+00  5.58621e+00       2.211e+12  4.904471e-01  9.229571e-03 -8.558399e-01  5.095529e-01
 6.00000e+00  5.58621e+00       1.842e+12  4.262674e-01  6.900874e-03 -8.895113e-01  5.737326e-01
-6.00000e+00  6.00000e+00       1.538e+12  5.590023e-01 -5.508564e-03  8.128884e-01  4.409977e-01
-5.58621e+00  6.00000e+00       2.061e+12  6.015063e-01 -4.930895e-03  7.855695e-01  3.984937e-01
-5.17241e+00  6.00000e+00       2.286e+12  6.403640e-01 -6.597369e-03  7.527090e-01  3.596360e-01
-4.75862e+00  6.00000e+00       2.167e+12  6.949704e-01 -8.075179e-03  6.905308e-01  3.050296e-01
-4.34483e+00  6.00000e+00       1.934e+12  7.674389e-01 -4.543942e-03  5.808763e-01  2.325611e-01
-3.93103e+00  6.00000e+00       1.673e+12  8.372769e-01  8.729206e-03  4.293044e-01  1.627231e-01
-3.51724e+00  6.00000e+00       1.362e+12  8.925867e-01  3.811628e-02  2.471712e-01  1.074133e-01
-3.10345e+00  6.00000e+00       1.004e+12  9.213199e-01  8.831386e-02  7.044662e-02  7.868009e-02
-2.68966e+00  6.00000e+00       6.348e+11  9.078301e-01  1.562689e-01 -4.328714e-02  9.216991e-02
-2.27586e+00  6.00000e+00       3.568e+11  8.413259e-01  2.126700e-01 -5.003179e-02  1.586741e-01
-1.86207e+00  6.00000e+00       2.213e+11  7.408495e-01  1.879216e-01 -1.360305e-02  2.591505e-01
-1.44828e+00  6.00000e+00       1.984e+11  7.065050e-01  5.550294e-02 -1.648669e-01  2.934950e-01
-1.03448e+00  6.00000e+00       2.321e+11  7.162957e-01 -2.415789e-02 -3.964705e-01  2.837043e-01
-6.20690e-01  6.00000e+00       2.578e+11  7.025946e-01 -7.245793e-03 -5.300296e-01  2.974054e-01
-2.06897e-01  6.00000e+00       2.463e+11  6.553723e-01  1.836823e-02 -5.801609e-01  3.446277e-01
 2.06897e-01  6.00000e+00       2.152e+11  5.478011e-01 -2.181885e-02 -5.688582e-01  4.521989e-01
 6.20690e-01  6.00000e+00       1.926e+11  4.317039e-01 -1.247524e-01 -4.387919e-01  5.682961e-01
 1.03448e+00  6.00000e+00       2.007e+11  4.854216e-01 -1.196470e-01 -1.553030e-01  5.145784e-01
 1.44828e+00  6.00000e+00       2.484e+11  6.570167e-01  4.147527e-02  1.139318e-01  3.429833e-01
 1.86207e+00  6.00000e+00       3.025e+11  7.489333e-01  1.328206e-01  2.557334e-01  2.510667e-01
 2.27586e+00  6.00000e+00       3.320e+11  7.788604e-01  1.103620e-01  3.107298e-01  2.211396e-01
 2.68966e+00  6.00000e+00       3.780e+11  8.262779e-01  4.372216e-02  2.600104e-01  1.737221e-01
 3.10345e+00  6.00000e+00       5.220e+11  8.753945e-01 -1.336155e-02  3.567835e-02  1.246055e-01
 3.51724e+00  6.00000e+00       8.724e+11  8.645488e-01 -3.043445e-02 -2.627905e-01  1.354512e-01
 3.93103e+00  6.00000e+00       1.470e+12  8.167605e-01 -1.743065e-02 -4.780574e-01  1.832395e-01
 4.34483e+00  6.00000e+00       2.113e+12  7.645225e-01  1.818335e-03 -6.027851e-01  2.354775e-01
 4.75862e+00  6.00000e+00       2.458e+12  7.092449e-01  1.255994e-02 -6.830923e-01  2.907551e-01
 5.17241e+00  6.00000e+00       2.348e+12  6.489268e-01  1.081634e-02 -7.448977e-01  3.510732e-01
 5.58621e+00  6.00000e+00       2.018e+12  5.873189e-01  5.369012e-03 -7.931848e-01  4.126811e-01
 6.00000e+00  6.00000e+00       1.682e+12  5.346007e-01  9.093118e-03 -8.260557e-01  4.653993e-01
