 EB(GeV)    EMITTANCEx EMITTANCEy SIZEx(m)   SIZEy(m)   DIVx(rad)  DIVy(rad)
 1.500e+00  5.941e-09  5.941e-11  1.840e-04  1.299e-05  3.228e-05  4.574e-06
 betax      alphax     betay      alphay     eta        deta       E_spread  
 5.700e+00  0.000e+00  2.840e+00  0.000e+00  0.000e+00  0.000e+00  1.000e-03
 Ibeam(A) 
  2.000e-01


           x            y       F.Density            PL            PC          PL45        1-|PL|
          mm           mm  ph/s/mm^2/0.1%             -             -             -             -
-6.00000e+00 -6.00000e+00       1.911e+12  4.047368e-01  2.084579e-03 -8.947351e-01  5.952632e-01
-5.58621e+00 -6.00000e+00       1.908e+12  4.570172e-01  1.762789e-04 -8.607098e-01  5.429828e-01
-5.17241e+00 -6.00000e+00       1.634e+12  5.379891e-01 -3.518704e-03 -7.922257e-01  4.620109e-01
-4.75862e+00 -6.00000e+00       1.345e+12  6.456304e-01 -9.356160e-03 -6.813163e-01  3.543696e-01
-4.34483e+00 -6.00000e+00       1.098e+12  7.504594e-01 -2.796934e-02 -5.538621e-01  2.495406e-01
-3.93103e+00 -6.00000e+00       7.903e+11  8.148966e-01 -7.128729e-02 -4.515377e-01  1.851034e-01
-3.51724e+00 -6.00000e+00       4.709e+11  8.252560e-01 -1.212893e-01 -3.808304e-01  1.747440e-01
-3.10345e+00 -6.00000e+00       3.054e+11  8.238940e-01 -1.045679e-01 -2.806931e-01  1.761060e-01
-2.68966e+00 -6.00000e+00       2.828e+11  8.458485e-01 -2.354331e-02 -1.224615e-01  1.541515e-01
-2.27586e+00 -6.00000e+00       2.804e+11  7.909678e-01  5.280474e-02  8.697356e-02  2.090322e-01
-1.86207e+00 -6.00000e+00       2.690e+11  5.552611e-01  1.180371e-01  3.935578e-01  4.447389e-01
-1.44828e+00 -6.00000e+00       2.801e+11  1.209339e-01  1.715256e-01  6.753209e-01  8.790661e-01
-1.03448e+00 -6.00000e+00       3.119e+11 -2.865081e-01  2.074116e-01  7.471691e-01  7.134919e-01
-6.20690e-01 -6.00000e+00       3.222e+11 -5.649328e-01  2.004727e-01  5.907160e-01  4.350672e-01
-2.06897e-01 -6.00000e+00       3.066e+11 -7.342979e-01  1.698101e-01  2.180413e-01  2.657021e-01
 2.06897e-01 -6.00000e+00       3.060e+11 -7.013956e-01  1.567401e-01 -2.849114e-01  2.986044e-01
 6.20690e-01 -6.00000e+00       3.306e+11 -4.661223e-01  1.595826e-01 -6.707834e-01  5.338777e-01
 1.03448e+00 -6.00000e+00       3.367e+11 -1.772428e-01  1.470715e-01 -8.330409e-01  8.227572e-01
 1.44828e+00 -6.00000e+00       2.993e+11  1.326136e-01  1.292587e-01 -7.913625e-01  8.673864e-01
 1.86207e+00 -6.00000e+00       2.694e+11  4.796390e-01  1.402411e-01 -5.460714e-01  5.203610e-01
 2.27586e+00 -6.00000e+00       2.754e+11  7.141384e-01  1.371643e-01 -2.502616e-01  2.858616e-01
 2.68966e+00 -6.00000e+00       2.954e+11  8.082771e-01  6.777319e-02 -2.228507e-02  1.917229e-01
 3.10345e+00 -6.00000e+00       3.353e+11  8.560887e-01 -1.222657e-02  1.201742e-01  1.439113e-01
 3.51724e+00 -6.00000e+00       3.861e+11  8.699042e-01 -2.379096e-02  2.077048e-01  1.300958e-01
 3.93103e+00 -6.00000e+00       4.915e+11  8.211675e-01  1.376536e-02  3.600559e-01  1.788325e-01
 4.34483e+00 -6.00000e+00       7.965e+11  7.211108e-01  2.694694e-02  5.673045e-01  2.788892e-01
 4.75862e+00 -6.00000e+00       1.313e+12  6.258700e-01  1.403011e-02  7.109452e-01  3.741300e-01
 5.17241e+00 -6.00000e+00       1.766e+12  5.419244e-01  1.219850e-03  7.990819e-01  4.580756e-01
 5.58621e+00 -6.00000e+00       1.928e+12  4.572939e-01 -5.163191e-03  8.617399e-01  5.427061e-01
 6.00000e+00 -6.00000e+00       1.844e+12  3.792324e-01 -5.977485e-03  9.046032e-01  6.207676e-01
-6.00000e+00 -5.58621e+00       1.785e+12  2.857456e-01  1.200355e-03 -9.350436e-01  7.142544e-01
-5.58621e+00 -5.58621e+00       1.571e+12  3.729370e-01 -1.242024e-03 -8.856455e-01  6.270630e-01
-5.17241e+00 -5.58621e+00       1.289e+12  4.908472e-01 -8.941705e-03 -8.041878e-01  5.091528e-01
-4.75862e+00 -5.58621e+00       1.001e+12  6.061340e-01 -3.596448e-02 -7.119870e-01  3.938660e-01
-4.34483e+00 -5.58621e+00       6.746e+11  6.779969e-01 -8.342266e-02 -6.355566e-01  3.220031e-01
-3.93103e+00 -5.58621e+00       4.216e+11  7.161935e-01 -1.035466e-01 -5.524111e-01  2.838065e-01
-3.51724e+00 -5.58621e+00       3.478e+11  7.753380e-01 -3.819498e-02 -3.821070e-01  2.246620e-01
-3.10345e+00 -5.58621e+00       3.820e+11  8.121830e-01  4.002992e-02 -8.393008e-02  1.878170e-01
-2.68966e+00 -5.58621e+00       4.432e+11  7.803741e-01  8.225379e-02  2.802564e-01  2.196259e-01
-2.27586e+00 -5.58621e+00       4.683e+11  6.940366e-01  8.279090e-02  5.564438e-01  3.059634e-01
-1.86207e+00 -5.58621e+00       4.104e+11  5.339604e-01  7.373393e-02  7.311328e-01  4.660396e-01
-1.44828e+00 -5.58621e+00       3.401e+11  2.295117e-01  1.151894e-01  8.424320e-01  7.704883e-01
-1.03448e+00 -5.58621e+00       3.221e+11 -1.473429e-01  1.937798e-01  8.264392e-01  8.526571e-01
-6.20690e-01 -5.58621e+00       3.161e+11 -4.614600e-01  2.363173e-01  6.321745e-01  5.385400e-01
-2.06897e-01 -5.58621e+00       3.007e+11 -6.725627e-01  2.402918e-01  2.246504e-01  3.274373e-01
 2.06897e-01 -5.58621e+00       3.074e+11 -6.730653e-01  2.210847e-01 -2.989292e-01  3.269347e-01
 6.20690e-01 -5.58621e+00       3.373e+11 -4.649906e-01  1.900310e-01 -6.761870e-01  5.350094e-01
 1.03448e+00 -5.58621e+00       3.624e+11 -1.428536e-01  1.418700e-01 -8.424064e-01  8.571464e-01
 1.44828e+00 -5.58621e+00       3.936e+11  2.370974e-01  8.333571e-02 -8.460204e-01  7.629026e-01
 1.86207e+00 -5.58621e+00       4.459e+11  5.411152e-01  5.570558e-02 -7.434690e-01  4.588848e-01
 2.27586e+00 -5.58621e+00       4.756e+11  7.151479e-01  5.911152e-02 -5.821719e-01  2.848521e-01
 2.68966e+00 -5.58621e+00       4.495e+11  8.095199e-01  7.027246e-02 -3.406813e-01  1.904801e-01
 3.10345e+00 -5.58621e+00       4.049e+11  8.472849e-01  7.489230e-02 -2.454307e-02  1.527151e-01
 3.51724e+00 -5.58621e+00       3.852e+11  8.373415e-01  4.207029e-02  2.449797e-01  1.626585e-01
 3.93103e+00 -5.58621e+00       4.029e+11  8.072065e-01 -4.400918e-03  4.011787e-01  1.927935e-01
 4.34483e+00 -5.58621e+00       4.836e+11  7.311894e-01 -2.127486e-03  5.337974e-01  2.688106e-01
 4.75862e+00 -5.58621e+00       7.433e+11  5.906104e-01  1.855102e-02  7.043485e-01  4.093896e-01
 5.17241e+00 -5.58621e+00       1.226e+12  4.649631e-01  1.592607e-02  8.274109e-01  5.350369e-01
 5.58621e+00 -5.58621e+00       1.670e+12  3.690468e-01  5.339651e-03  8.954205e-01  6.309532e-01
 6.00000e+00 -5.58621e+00       1.808e+12  2.813767e-01 -2.272851e-03  9.374374e-01  7.186233e-01
-6.00000e+00 -5.17241e+00       1.488e+12  1.962300e-01  7.831706e-04 -9.430087e-01  8.037700e-01
-5.58621e+00 -5.17241e+00       1.215e+12  3.142729e-01 -7.475668e-03 -8.892638e-01  6.857271e-01
-5.17241e+00 -5.17241e+00       9.156e+11  4.385847e-01 -3.789111e-02 -8.232254e-01  5.614153e-01
-4.75862e+00 -5.17241e+00       6.124e+11  5.267293e-01 -8.313497e-02 -7.600380e-01  4.732707e-01
-4.34483e+00 -5.17241e+00       4.200e+11  6.066774e-01 -7.992150e-02 -6.548979e-01  3.933226e-01
-3.93103e+00 -5.17241e+00       4.099e+11  7.352264e-01 -2.107865e-03 -4.179132e-01  2.647736e-01
-3.51724e+00 -5.17241e+00       4.945e+11  8.439793e-01  5.318060e-02 -1.109577e-01  1.560207e-01
-3.10345e+00 -5.17241e+00       5.469e+11  8.871981e-01  6.962727e-02  1.499443e-01  1.128019e-01
-2.68966e+00 -5.17241e+00       5.044e+11  8.654770e-01  8.213216e-02  3.519582e-01  1.345230e-01
-2.27586e+00 -5.17241e+00       4.167e+11  7.981048e-01  1.105796e-01  5.157356e-01  2.018952e-01
-1.86207e+00 -5.17241e+00       3.353e+11  7.232262e-01  1.213791e-01  6.144365e-01  2.767738e-01
-1.44828e+00 -5.17241e+00       2.642e+11  6.550206e-01  8.249603e-02  6.159180e-01  3.449794e-01
-1.03448e+00 -5.17241e+00       2.008e+11  5.506877e-01 -7.397147e-02  5.026142e-01  4.493123e-01
-6.20690e-01 -5.17241e+00       1.685e+11  3.803919e-01 -4.068752e-01  3.340141e-01  6.196081e-01
-2.06897e-01 -5.17241e+00       1.688e+11  2.573234e-01 -6.520032e-01  2.196260e-01  7.426766e-01
 2.06897e-01 -5.17241e+00       1.668e+11  2.346086e-01 -6.686189e-01  8.203431e-02  7.653914e-01
 6.20690e-01 -5.17241e+00       1.551e+11  2.675581e-01 -4.661350e-01 -1.632885e-01  7.324419e-01
 1.03448e+00 -5.17241e+00       1.627e+11  3.107453e-01 -1.220994e-01 -4.724628e-01  6.892547e-01
 1.44828e+00 -5.17241e+00       2.281e+11  4.559424e-01  5.215314e-02 -6.338782e-01  5.440576e-01
 1.86207e+00 -5.17241e+00       3.654e+11  6.661071e-01  6.173572e-02 -6.025068e-01  3.338929e-01
 2.27586e+00 -5.17241e+00       5.162e+11  8.070848e-01  5.183692e-02 -5.042018e-01  1.929152e-01
 2.68966e+00 -5.17241e+00       5.935e+11  8.845148e-01  4.514901e-02 -3.731746e-01  1.154852e-01
 3.10345e+00 -5.17241e+00       5.797e+11  9.147411e-01  4.587368e-02 -1.936620e-01  8.525887e-02
 3.51724e+00 -5.17241e+00       5.129e+11  8.886596e-01  5.277291e-02  5.610875e-02  1.113404e-01
 3.93103e+00 -5.17241e+00       4.475e+11  8.136233e-01  4.611779e-02  3.329546e-01  1.863767e-01
 4.34483e+00 -5.17241e+00       4.225e+11  7.258780e-01  1.169279e-02  5.344762e-01  2.741220e-01
 4.75862e+00 -5.17241e+00       4.797e+11  6.077654e-01 -3.177171e-03  6.732880e-01  3.922346e-01
 5.17241e+00 -5.17241e+00       7.233e+11  4.329537e-01  1.288645e-02  8.124873e-01  5.670463e-01
 5.58621e+00 -5.17241e+00       1.176e+12  2.899993e-01  1.552217e-02  9.050079e-01  7.100007e-01
 6.00000e+00 -5.17241e+00       1.563e+12  1.892089e-01  7.077244e-03  9.506516e-01  8.107911e-01
-6.00000e+00 -4.75862e+00       1.144e+12  1.281176e-01 -4.322151e-03 -9.356021e-01  8.718824e-01
-5.58621e+00 -4.75862e+00       8.544e+11  2.582459e-01 -3.306743e-02 -8.924105e-01  7.417541e-01
-5.17241e+00 -4.75862e+00       5.789e+11  3.681663e-01 -7.737250e-02 -8.406085e-01  6.318337e-01
-4.75862e+00 -4.75862e+00       4.233e+11  4.934154e-01 -6.784233e-02 -7.281804e-01  5.065846e-01
-4.34483e+00 -4.75862e+00       4.443e+11  6.846623e-01  8.368613e-03 -4.920441e-01  3.153377e-01
-3.93103e+00 -4.75862e+00       5.356e+11  8.392729e-01  5.311414e-02 -2.389758e-01  1.607271e-01
-3.51724e+00 -4.75862e+00       5.538e+11  9.195930e-01  7.015957e-02 -3.986626e-02  8.040696e-02
-3.10345e+00 -4.75862e+00       4.800e+11  9.460323e-01  8.666200e-02  1.054682e-01  5.396765e-02
-2.68966e+00 -4.75862e+00       3.920e+11  9.417675e-01  7.538190e-02  1.760854e-01  5.823255e-02
-2.27586e+00 -4.75862e+00       3.321e+11  9.177355e-01  2.576265e-04  1.596043e-01  8.226449e-02
-1.86207e+00 -4.75862e+00       2.843e+11  8.680839e-01 -4.797191e-02  9.396538e-02  1.319161e-01
-1.44828e+00 -4.75862e+00       2.133e+11  7.626835e-01  2.385877e-02  1.854295e-02  2.373165e-01
-1.03448e+00 -4.75862e+00       1.367e+11  5.905825e-01  1.853909e-01 -6.021559e-02  4.094175e-01
-6.20690e-01 -4.75862e+00       9.280e+10  5.077317e-01  2.857974e-01 -1.982077e-01  4.922683e-01
-2.06897e-01 -4.75862e+00       8.335e+10  6.260833e-01  2.251118e-01 -3.778596e-01  3.739167e-01
 2.06897e-01 -4.75862e+00       9.806e+10  7.323418e-01  1.565747e-01 -4.536299e-01  2.676582e-01
 6.20690e-01 -4.75862e+00       1.333e+11  7.595414e-01  1.357658e-01 -4.195034e-01  2.404586e-01
 1.03448e+00 -4.75862e+00       1.727e+11  7.537391e-01  1.080901e-01 -3.188402e-01  2.462609e-01
 1.44828e+00 -4.75862e+00       1.885e+11  7.112185e-01  4.141842e-02 -2.095793e-01  2.887815e-01
 1.86207e+00 -4.75862e+00       1.978e+11  6.889072e-01 -3.058185e-02 -1.931019e-01  3.110928e-01
 2.27586e+00 -4.75862e+00       2.665e+11  7.974129e-01 -2.527438e-03 -2.382925e-01  2.025871e-01
 2.68966e+00 -4.75862e+00       4.245e+11  9.136383e-01  4.071795e-02 -1.982978e-01  8.636173e-02
 3.10345e+00 -4.75862e+00       5.858e+11  9.603433e-01  4.435475e-02 -1.095341e-01  3.965673e-02
 3.51724e+00 -4.75862e+00       6.311e+11  9.552340e-01  4.031702e-02  1.015010e-02  4.476603e-02
 3.93103e+00 -4.75862e+00       5.658e+11  8.914979e-01  4.243543e-02  1.957349e-01  1.085021e-01
 4.34483e+00 -4.75862e+00       4.765e+11  7.686912e-01  4.014547e-02  4.376507e-01  2.313088e-01
 4.75862e+00 -4.75862e+00       4.263e+11  6.277460e-01  1.452793e-02  6.413255e-01  3.722540e-01
 5.17241e+00 -4.75862e+00       4.756e+11  4.578378e-01 -2.083368e-03  7.787920e-01  5.421622e-01
 5.58621e+00 -4.75862e+00       7.230e+11  2.538520e-01  1.108665e-02  8.861342e-01  7.461480e-01
 6.00000e+00 -4.75862e+00       1.137e+12  1.067364e-01  1.428327e-02  9.457937e-01  8.932636e-01
-6.00000e+00 -4.34483e+00       8.089e+11  7.169997e-02 -2.432352e-02 -9.218651e-01  9.283000e-01
-5.58621e+00 -4.34483e+00       5.574e+11  2.021848e-01 -6.902051e-02 -8.869434e-01  7.978152e-01
-5.17241e+00 -4.34483e+00       4.136e+11  3.601061e-01 -6.830244e-02 -7.925115e-01  6.398939e-01
-4.75862e+00 -4.34483e+00       4.344e+11  5.962813e-01  4.566301e-03 -5.875179e-01  4.037187e-01
-4.34483e+00 -4.34483e+00       5.182e+11  7.876807e-01  5.084804e-02 -3.761448e-01  2.123193e-01
-3.93103e+00 -4.34483e+00       5.215e+11  8.964152e-01  7.002850e-02 -2.158506e-01  1.035848e-01
-3.51724e+00 -4.34483e+00       4.427e+11  9.443503e-01  7.873031e-02 -1.174698e-01  5.564972e-02
-3.10345e+00 -4.34483e+00       3.605e+11  9.409457e-01  5.382204e-02 -1.054350e-01  5.905426e-02
-2.68966e+00 -4.34483e+00       2.871e+11  8.933114e-01  1.974619e-02 -1.436913e-01  1.066886e-01
-2.27586e+00 -4.34483e+00       1.993e+11  8.022565e-01  1.314990e-02 -1.448941e-01  1.977435e-01
-1.86207e+00 -4.34483e+00       1.193e+11  6.431786e-01 -8.124174e-02 -3.167976e-02  3.568214e-01
-1.44828e+00 -4.34483e+00       7.470e+10  4.483050e-01 -3.606637e-01  1.910177e-01  5.516950e-01
-1.03448e+00 -4.34483e+00       5.737e+10  3.174720e-01 -5.760905e-01  3.465949e-01  6.825280e-01
-6.20690e-01 -4.34483e+00       5.325e+10  1.764384e-01 -6.115880e-01  3.589222e-01  8.235616e-01
-2.06897e-01 -4.34483e+00       5.322e+10  1.044818e-03 -5.877934e-01  2.344039e-01  9.989552e-01
 2.06897e-01 -4.34483e+00       5.619e+10  1.405750e-02 -5.552257e-01 -9.535854e-03  9.859425e-01
 6.20690e-01 -4.34483e+00       7.045e+10  3.412665e-01 -4.935341e-01 -2.233238e-01  6.587335e-01
 1.03448e+00 -4.34483e+00       1.040e+11  6.730565e-01 -3.927263e-01 -2.834462e-01  3.269435e-01
 1.44828e+00 -4.34483e+00       1.522e+11  8.331891e-01 -2.641074e-01 -2.127905e-01  1.668109e-01
 1.86207e+00 -4.34483e+00       1.983e+11  8.865584e-01 -1.225188e-01 -8.522991e-02  1.134416e-01
 2.27586e+00 -4.34483e+00       2.247e+11  8.803301e-01 -2.290928e-02  4.606297e-03  1.196699e-01
 2.68966e+00 -4.34483e+00       2.532e+11  8.774951e-01  2.054753e-02  1.959311e-02  1.225049e-01
 3.10345e+00 -4.34483e+00       3.575e+11  9.268407e-01  4.370920e-02  4.121072e-02  7.315934e-02
 3.51724e+00 -4.34483e+00       5.223e+11  9.574786e-01  4.717989e-02  1.067330e-01  4.252139e-02
 3.93103e+00 -4.34483e+00       6.065e+11  9.374938e-01  4.107261e-02  1.971728e-01  6.250625e-02
 4.34483e+00 -4.34483e+00       5.572e+11  8.507109e-01  3.905162e-02  3.431638e-01  1.492891e-01
 4.75862e+00 -4.34483e+00       4.620e+11  6.921648e-01  3.464133e-02  5.493494e-01  3.078352e-01
 5.17241e+00 -4.34483e+00       4.070e+11  5.042397e-01  1.103380e-02  7.334091e-01  4.957603e-01
 5.58621e+00 -4.34483e+00       4.708e+11  2.797708e-01 -9.613217e-04  8.515653e-01  7.202292e-01
 6.00000e+00 -4.34483e+00       7.334e+11  6.079696e-02  1.184490e-02  9.217558e-01  9.392030e-01
-6.00000e+00 -3.93103e+00       5.359e+11  2.910739e-02 -6.081895e-02 -8.974205e-01  9.708926e-01
-5.58621e+00 -3.93103e+00       3.921e+11  2.046679e-01 -7.972643e-02 -8.386327e-01  7.953321e-01
-5.17241e+00 -3.93103e+00       3.930e+11  4.700262e-01 -1.221945e-02 -6.771070e-01  5.299738e-01
-4.75862e+00 -3.93103e+00       4.690e+11  7.017113e-01  4.448630e-02 -4.947443e-01  2.982887e-01
-4.34483e+00 -3.93103e+00       4.782e+11  8.382657e-01  6.744366e-02 -3.576587e-01  1.617343e-01
-3.93103e+00 -3.93103e+00       4.052e+11  8.997652e-01  7.558718e-02 -2.819359e-01  1.002348e-01
-3.51724e+00 -3.93103e+00       3.213e+11  8.913135e-01  5.947556e-02 -2.827164e-01  1.086865e-01
-3.10345e+00 -3.93103e+00       2.394e+11  8.378534e-01  3.540036e-02 -2.934862e-01  1.621466e-01
-2.68966e+00 -3.93103e+00       1.577e+11  7.796097e-01 -1.073940e-02 -1.873435e-01  2.203903e-01
-2.27586e+00 -3.93103e+00       1.105e+11  7.453343e-01 -1.348929e-01  1.242099e-01  2.546657e-01
-1.86207e+00 -3.93103e+00       1.142e+11  6.905866e-01 -1.885790e-01  4.622013e-01  3.094134e-01
-1.44828e+00 -3.93103e+00       1.600e+11  5.349453e-01 -1.642519e-01  6.597565e-01  4.650547e-01
-1.03448e+00 -3.93103e+00       2.359e+11  2.822458e-01 -2.069634e-01  7.232892e-01  7.177542e-01
-6.20690e-01 -3.93103e+00       3.091e+11 -2.696446e-02 -3.005212e-01  5.899775e-01  9.730355e-01
-2.06897e-01 -3.93103e+00       3.505e+11 -2.637382e-01 -3.652480e-01  1.927283e-01  7.362618e-01
 2.06897e-01 -3.93103e+00       3.678e+11 -2.236642e-01 -3.272567e-01 -3.221863e-01  7.763358e-01
 6.20690e-01 -3.93103e+00       3.679e+11  9.947994e-02 -2.097283e-01 -6.198914e-01  9.005201e-01
 1.03448e+00 -3.93103e+00       3.469e+11  4.889484e-01 -1.146237e-01 -6.055847e-01  5.110516e-01
 1.44828e+00 -3.93103e+00       3.037e+11  7.548302e-01 -9.432035e-02 -4.571287e-01  2.451698e-01
 1.86207e+00 -3.93103e+00       2.476e+11  8.707366e-01 -1.204091e-01 -2.913677e-01  1.292634e-01
 2.27586e+00 -3.93103e+00       2.184e+11  9.064756e-01 -1.247089e-01 -6.446088e-02  9.352441e-02
 2.68966e+00 -3.93103e+00       2.280e+11  9.010743e-01 -6.192743e-02  1.317508e-01  9.892570e-02
 3.10345e+00 -3.93103e+00       2.532e+11  8.886683e-01  1.107701e-02  2.010708e-01  1.113317e-01
 3.51724e+00 -3.93103e+00       3.305e+11  9.091411e-01  5.000460e-02  2.202233e-01  9.085894e-02
 3.93103e+00 -3.93103e+00       4.706e+11  9.232168e-01  5.204267e-02  2.684206e-01  7.678324e-02
 4.34483e+00 -3.93103e+00       5.507e+11  8.881293e-01  4.304374e-02  3.445550e-01  1.118707e-01
 4.75862e+00 -3.93103e+00       5.037e+11  7.767883e-01  3.781877e-02  4.720096e-01  2.232117e-01
 5.17241e+00 -3.93103e+00       4.111e+11  5.837050e-01  2.807452e-02  6.517181e-01  4.162950e-01
 5.58621e+00 -3.93103e+00       3.701e+11  3.473056e-01  2.222383e-03  8.052460e-01  6.526944e-01
 6.00000e+00 -3.93103e+00       4.685e+11  7.690323e-02 -1.092733e-03  8.857251e-01  9.230968e-01
-6.00000e+00 -3.51724e+00       4.099e+11  2.927685e-02 -4.259442e-02 -8.933222e-01  9.707231e-01
-5.58621e+00 -3.51724e+00       3.505e+11  2.970068e-01 -2.454113e-03 -7.694090e-01  7.029932e-01
-5.17241e+00 -3.51724e+00       4.049e+11  5.798891e-01  4.803207e-02 -5.960744e-01  4.201109e-01
-4.75862e+00 -3.51724e+00       4.296e+11  7.553527e-01  6.685744e-02 -4.646746e-01  2.446473e-01
-4.34483e+00 -3.51724e+00       3.718e+11  8.420453e-01  7.424239e-02 -3.909275e-01  1.579547e-01
-3.93103e+00 -3.51724e+00       2.907e+11  8.431713e-01  6.829249e-02 -3.860002e-01  1.568287e-01
-3.51724e+00 -3.51724e+00       2.157e+11  8.020868e-01  4.634813e-02 -3.739053e-01  1.979132e-01
-3.10345e+00 -3.51724e+00       1.742e+11  8.228077e-01 -6.687046e-03 -1.793522e-01  1.771923e-01
-2.68966e+00 -3.51724e+00       2.725e+11  9.191918e-01 -4.951438e-02  1.414499e-01  8.080824e-02
-2.27586e+00 -3.51724e+00       6.445e+11  9.363043e-01 -4.129295e-02  2.793772e-01  6.369573e-02
-1.86207e+00 -3.51724e+00       1.181e+12  9.141920e-01 -2.871570e-02  3.524807e-01  8.580800e-02
-1.44828e+00 -3.51724e+00       1.385e+12  8.764801e-01 -3.002902e-03  4.134482e-01  1.235199e-01
-1.03448e+00 -3.51724e+00       1.034e+12  8.150824e-01  4.957821e-02  4.473832e-01  1.849176e-01
-6.20690e-01 -3.51724e+00       5.563e+11  7.134811e-01  1.260960e-01  3.551991e-01  2.865189e-01
-2.06897e-01 -3.51724e+00       3.324e+11  6.282599e-01  1.492071e-01 -4.951305e-02  3.717401e-01
 2.06897e-01 -3.51724e+00       3.722e+11  6.910139e-01  9.042805e-02 -4.277774e-01  3.089861e-01
 6.20690e-01 -3.51724e+00       6.404e+11  7.810982e-01  3.672127e-02 -5.071842e-01  2.189018e-01
 1.03448e+00 -3.51724e+00       1.118e+12  8.422458e-01 -1.347888e-02 -4.757694e-01  1.577542e-01
 1.44828e+00 -3.51724e+00       1.492e+12  8.859744e-01 -4.309068e-02 -4.131242e-01  1.140256e-01
 1.86207e+00 -3.51724e+00       1.341e+12  9.192186e-01 -5.223591e-02 -3.359568e-01  8.078142e-02
 2.27586e+00 -3.51724e+00       8.230e+11  9.444833e-01 -5.546450e-02 -2.330259e-01  5.551668e-02
 2.68966e+00 -3.51724e+00       4.199e+11  9.503074e-01 -6.658309e-02 -6.412275e-02  4.969257e-02
 3.10345e+00 -3.51724e+00       2.674e+11  9.112550e-01 -5.281447e-02  1.734373e-01  8.874499e-02
 3.51724e+00 -3.51724e+00       2.518e+11  8.720073e-01  1.074457e-02  3.088462e-01  1.279927e-01
 3.93103e+00 -3.51724e+00       3.167e+11  8.790681e-01  5.431337e-02  3.427582e-01  1.209319e-01
 4.34483e+00 -3.51724e+00       4.333e+11  8.780043e-01  5.465379e-02  3.853850e-01  1.219957e-01
 4.75862e+00 -3.51724e+00       4.897e+11  8.184754e-01  4.536948e-02  4.606671e-01  1.815246e-01
 5.17241e+00 -3.51724e+00       4.394e+11  6.730590e-01  4.287788e-02  5.852240e-01  3.269410e-01
 5.58621e+00 -3.51724e+00       3.584e+11  4.378326e-01  3.701667e-02  7.386008e-01  5.621674e-01
 6.00000e+00 -3.51724e+00       3.497e+11  1.182648e-01  2.159090e-02  8.489789e-01  8.817352e-01
-6.00000e+00 -3.10345e+00       3.072e+11  1.089530e-01 -4.934373e-02 -8.237184e-01  8.910470e-01
-5.58621e+00 -3.10345e+00       3.289e+11  4.498764e-01  1.365201e-02 -6.722280e-01  5.501236e-01
-5.17241e+00 -3.10345e+00       3.786e+11  6.709474e-01  5.841206e-02 -5.453169e-01  3.290526e-01
-4.75862e+00 -3.10345e+00       3.481e+11  7.814147e-01  7.710990e-02 -4.654446e-01  2.185853e-01
-4.34483e+00 -3.10345e+00       2.722e+11  8.066240e-01  7.656437e-02 -4.428336e-01  1.933760e-01
-3.93103e+00 -3.10345e+00       2.101e+11  7.857493e-01  5.748562e-02 -4.201069e-01  2.142507e-01
-3.51724e+00 -3.10345e+00       2.338e+11  8.677508e-01  1.287182e-02 -2.187701e-01  1.322492e-01
-3.10345e+00 -3.10345e+00       5.458e+11  9.722446e-01 -5.331618e-03 -3.486884e-02  2.775536e-02
-2.68966e+00 -3.10345e+00       1.240e+12  9.922925e-01  9.489367e-04  1.945220e-02  7.707501e-03
-2.27586e+00 -3.10345e+00       1.754e+12  9.922477e-01  1.061830e-02  5.131839e-02  7.752252e-03
-1.86207e+00 -3.10345e+00       1.458e+12  9.862054e-01  2.778443e-02  8.282182e-02  1.379455e-02
-1.44828e+00 -3.10345e+00       8.010e+11  9.722198e-01  5.874201e-02  1.115966e-01  2.778015e-02
-1.03448e+00 -3.10345e+00       4.322e+11  9.535577e-01  7.670651e-02  1.058517e-01  4.644225e-02
-6.20690e-01 -3.10345e+00       3.258e+11  9.432257e-01  2.874653e-02  8.539664e-02  5.677426e-02
-2.06897e-01 -3.10345e+00       2.869e+11  9.329996e-01 -2.874055e-02  1.090323e-01  6.700035e-02
 2.06897e-01 -3.10345e+00       2.589e+11  9.233136e-01 -4.892085e-02  1.319438e-01  7.668638e-02
 6.20690e-01 -3.10345e+00       2.582e+11  9.260801e-01 -2.926975e-02  8.830600e-02  7.391992e-02
 1.03448e+00 -3.10345e+00       3.797e+11  9.535344e-01 -1.221875e-02 -1.938528e-02  4.646562e-02
 1.44828e+00 -3.10345e+00       8.227e+11  9.806239e-01 -2.022966e-02 -6.735672e-02  1.937614e-02
 1.86207e+00 -3.10345e+00       1.555e+12  9.909012e-01 -2.657599e-02 -6.336136e-02  9.098784e-03
 2.27586e+00 -3.10345e+00       1.905e+12  9.937082e-01 -3.041684e-02 -4.466891e-02  6.291830e-03
 2.68966e+00 -3.10345e+00       1.422e+12  9.922946e-01 -3.469259e-02 -1.233490e-02  7.705427e-03
 3.10345e+00 -3.10345e+00       7.030e+11  9.779920e-01 -4.195919e-02  5.837503e-02  2.200797e-02
 3.51724e+00 -3.10345e+00       3.304e+11  9.202240e-01 -3.450097e-02  2.223234e-01  7.977603e-02
 3.93103e+00 -3.10345e+00       2.521e+11  8.549974e-01  2.299800e-02  3.759537e-01  1.450026e-01
 4.34483e+00 -3.10345e+00       3.096e+11  8.499450e-01  6.063684e-02  4.233234e-01  1.500550e-01
 4.75862e+00 -3.10345e+00       4.032e+11  8.317458e-01  5.643953e-02  4.660517e-01  1.682542e-01
 5.17241e+00 -3.10345e+00       4.122e+11  7.481350e-01  4.635107e-02  5.357023e-01  2.518650e-01
 5.58621e+00 -3.10345e+00       3.323e+11  5.561004e-01  3.937614e-02  6.509327e-01  4.438996e-01
 6.00000e+00 -3.10345e+00       2.714e+11  2.205350e-01  2.099919e-02  7.834161e-01  7.794650e-01
-6.00000e+00 -2.68966e+00       2.446e+11  2.628737e-01 -2.658589e-03 -7.168035e-01  7.371263e-01
-5.58621e+00 -2.68966e+00       3.061e+11  5.734711e-01  3.723663e-02 -5.979558e-01  4.265289e-01
-5.17241e+00 -2.68966e+00       3.221e+11  7.234695e-01  6.981193e-02 -5.155004e-01  2.765305e-01
-4.75862e+00 -2.68966e+00       2.641e+11  7.810656e-01  8.362651e-02 -4.726837e-01  2.189344e-01
-4.34483e+00 -2.68966e+00       2.059e+11  7.794229e-01  7.057477e-02 -4.512047e-01  2.205771e-01
-3.93103e+00 -2.68966e+00       2.504e+11  8.622327e-01  3.019767e-02 -3.030729e-01  1.377673e-01
-3.51724e+00 -2.68966e+00       6.229e+11  9.636463e-01  1.002422e-02 -1.683314e-01  3.635368e-02
-3.10345e+00 -2.68966e+00       1.384e+12  9.864634e-01  1.122020e-02 -1.317525e-01  1.353661e-02
-2.68966e+00 -2.68966e+00       1.853e+12  9.907945e-01  1.650321e-02 -1.129131e-01  9.205526e-03
-2.27586e+00 -2.68966e+00       1.506e+12  9.914008e-01  2.839514e-02 -9.611717e-02  8.599247e-03
-1.86207e+00 -2.68966e+00       1.056e+12  9.889997e-01  5.038710e-02 -8.879318e-02  1.100028e-02
-1.44828e+00 -2.68966e+00       1.182e+12  9.876709e-01  5.573008e-02 -9.790552e-02  1.232913e-02
-1.03448e+00 -2.68966e+00       1.638e+12  9.897795e-01  3.701240e-02 -9.157173e-02  1.022053e-02
-6.20690e-01 -2.68966e+00       1.919e+12  9.925675e-01  1.351469e-02 -5.844381e-02  7.432526e-03
-2.06897e-01 -2.68966e+00       1.918e+12  9.940805e-01 -3.448611e-03 -9.468436e-04  5.919454e-03
 2.06897e-01 -2.68966e+00       1.783e+12  9.921091e-01 -6.738235e-03  6.599868e-02  7.890934e-03
 6.20690e-01 -2.68966e+00       1.533e+12  9.861315e-01  3.380279e-03  1.251779e-01  1.386846e-02
 1.03448e+00 -2.68966e+00       1.104e+12  9.769879e-01  2.017206e-02  1.696864e-01  2.301210e-02
 1.44828e+00 -2.68966e+00       7.005e+11  9.679925e-01  2.472558e-02  1.857173e-01  3.200749e-02
 1.86207e+00 -2.68966e+00       7.730e+11  9.771257e-01 -7.150784e-03  1.398233e-01  2.287432e-02
 2.27586e+00 -2.68966e+00       1.431e+12  9.879429e-01 -2.241431e-02  1.153999e-01  1.205712e-02
 2.68966e+00 -2.68966e+00       1.931e+12  9.899123e-01 -2.549290e-02  1.176152e-01  1.008765e-02
 3.10345e+00 -2.68966e+00       1.536e+12  9.868089e-01 -2.885212e-02  1.318747e-01  1.319109e-02
 3.51724e+00 -2.68966e+00       7.620e+11  9.699310e-01 -3.336079e-02  1.749559e-01  3.006896e-02
 3.93103e+00 -2.68966e+00       3.318e+11  9.076105e-01 -1.843424e-02  2.969007e-01  9.238954e-02
 4.34483e+00 -2.68966e+00       2.463e+11  8.408707e-01  4.084944e-02  4.257491e-01  1.591293e-01
 4.75862e+00 -2.68966e+00       3.066e+11  8.296801e-01  6.435525e-02  4.701994e-01  1.703199e-01
 5.17241e+00 -2.68966e+00       3.604e+11  7.879625e-01  5.427305e-02  5.138119e-01  2.120375e-01
 5.58621e+00 -2.68966e+00       3.221e+11  6.600601e-01  4.490688e-02  5.919609e-01  3.399399e-01
 6.00000e+00 -2.68966e+00       2.500e+11  3.860149e-01  3.631261e-02  7.126057e-01  6.139851e-01
-6.00000e+00 -2.27586e+00       2.251e+11  4.431788e-01  1.510276e-02 -6.150157e-01  5.568212e-01
-5.58621e+00 -2.27586e+00       2.806e+11  6.455077e-01  6.832437e-02 -5.453867e-01  3.544923e-01
-5.17241e+00 -2.27586e+00       2.569e+11  7.514188e-01  8.923740e-02 -4.815838e-01  2.485812e-01
-4.75862e+00 -2.27586e+00       1.998e+11  7.818589e-01  8.098092e-02 -4.547847e-01  2.181411e-01
-4.34483e+00 -2.27586e+00       2.142e+11  8.343794e-01  4.665369e-02 -3.723643e-01  1.656206e-01
-3.93103e+00 -2.27586e+00       5.043e+11  9.401149e-01  1.870823e-02 -2.496415e-01  5.988507e-02
-3.51724e+00 -2.27586e+00       1.214e+12  9.715529e-01  1.482649e-02 -2.134881e-01  2.844710e-02
-3.10345e+00 -2.27586e+00       1.804e+12  9.778821e-01  1.702790e-02 -2.003925e-01  2.211792e-02
-2.68966e+00 -2.27586e+00       1.671e+12  9.795461e-01  2.407601e-02 -1.915422e-01  2.045394e-02
-2.27586e+00 -2.27586e+00       1.541e+12  9.793691e-01  3.301874e-02 -1.859113e-01  2.063094e-02
-1.86207e+00 -2.27586e+00       2.912e+12  9.833490e-01  2.477439e-02 -1.653186e-01  1.665096e-02
-1.44828e+00 -2.27586e+00       8.013e+12  9.891694e-01  1.302987e-02 -1.334013e-01  1.083065e-02
-1.03448e+00 -2.27586e+00       1.915e+13  9.930880e-01  4.264077e-03 -1.024783e-01  6.912018e-03
-6.20690e-01 -2.27586e+00       3.400e+13  9.958106e-01 -2.929031e-03 -6.809483e-02  4.189407e-03
-2.06897e-01 -2.27586e+00       4.460e+13  9.974743e-01 -8.379882e-03 -2.815596e-02  2.525699e-03
 2.06897e-01 -2.27586e+00       4.413e+13  9.976919e-01 -1.200984e-02  1.454910e-02  2.308113e-03
 6.20690e-01 -2.27586e+00       3.276e+13  9.963370e-01 -1.419443e-02  5.569755e-02  3.662964e-03
 1.03448e+00 -2.27586e+00       1.763e+13  9.934821e-01 -1.526831e-02  9.364989e-02  6.517905e-03
 1.44828e+00 -2.27586e+00       6.712e+12  9.883053e-01 -1.478391e-02  1.327785e-01  1.169471e-02
 1.86207e+00 -2.27586e+00       2.006e+12  9.776659e-01 -1.122828e-02  1.835957e-01  2.233415e-02
 2.27586e+00 -2.27586e+00       1.019e+12  9.694276e-01 -1.274831e-02  2.158560e-01  3.057241e-02
 2.68966e+00 -2.27586e+00       1.475e+12  9.758631e-01 -1.942987e-02  2.009834e-01  2.413693e-02
 3.10345e+00 -2.27586e+00       1.832e+12  9.776618e-01 -2.194987e-02  1.988155e-01  2.233816e-02
 3.51724e+00 -2.27586e+00       1.338e+12  9.738393e-01 -2.510935e-02  2.085827e-01  2.616072e-02
 3.93103e+00 -2.27586e+00       6.134e+11  9.523670e-01 -2.634037e-02  2.487046e-01  4.763295e-02
 4.34483e+00 -2.27586e+00       2.736e+11  8.849890e-01  3.089023e-03  3.600918e-01  1.150110e-01
 4.75862e+00 -2.27586e+00       2.399e+11  8.359793e-01  5.619080e-02  4.531623e-01  1.640207e-01
 5.17241e+00 -2.27586e+00       3.006e+11  8.099383e-01  6.134101e-02  4.945782e-01  1.900617e-01
 5.58621e+00 -2.27586e+00       3.101e+11  7.261553e-01  4.874621e-02  5.568585e-01  2.738447e-01
 6.00000e+00 -2.27586e+00       2.518e+11  5.554891e-01  3.813583e-02  6.588562e-01  4.445109e-01
-6.00000e+00 -1.86207e+00       2.087e+11  5.401815e-01  4.194005e-02 -5.341982e-01  4.598185e-01
-5.58621e+00 -1.86207e+00       2.237e+11  7.309865e-01  6.957962e-02 -4.396264e-01  2.690135e-01
-5.17241e+00 -1.86207e+00       1.929e+11  8.078796e-01  5.635788e-02 -4.120296e-01  1.921204e-01
-4.75862e+00 -1.86207e+00       1.750e+11  8.282415e-01  4.827690e-02 -3.986328e-01  1.717585e-01
-4.34483e+00 -1.86207e+00       3.231e+11  9.125005e-01  2.821767e-02 -2.972125e-01  8.749947e-02
-3.93103e+00 -1.86207e+00       8.655e+11  9.600815e-01  1.789376e-02 -2.475509e-01  3.991851e-02
-3.51724e+00 -1.86207e+00       1.581e+12  9.699203e-01  1.699073e-02 -2.352601e-01  3.007966e-02
-3.10345e+00 -1.86207e+00       1.788e+12  9.720582e-01  1.962539e-02 -2.297304e-01  2.794181e-02
-2.68966e+00 -1.86207e+00       2.035e+12  9.729175e-01  2.225612e-02 -2.241374e-01  2.708248e-02
-2.27586e+00 -1.86207e+00       5.050e+12  9.764642e-01  1.275465e-02 -2.095279e-01  2.353583e-02
-1.86207e+00 -1.86207e+00       1.493e+13  9.803836e-01  2.536574e-03 -1.918538e-01  1.961641e-02
-1.44828e+00 -1.86207e+00       3.188e+13  9.841436e-01 -5.029948e-03 -1.706906e-01  1.585644e-02
-1.03448e+00 -1.86207e+00       4.665e+13  9.882852e-01 -1.023896e-02 -1.416642e-01  1.171481e-02
-6.20690e-01 -1.86207e+00       5.081e+13  9.926858e-01 -1.247662e-02 -9.944199e-02  7.314221e-03
-2.06897e-01 -1.86207e+00       4.874e+13  9.961433e-01 -1.171226e-02 -3.897404e-02  3.856700e-03
 2.06897e-01 -1.86207e+00       4.920e+13  9.965524e-01 -1.055107e-02  3.107338e-02  3.447579e-03
 6.20690e-01 -1.86207e+00       5.168e+13  9.938995e-01 -1.197047e-02  8.872578e-02  6.100457e-03
 1.03448e+00 -1.86207e+00       4.676e+13  9.901451e-01 -1.531035e-02  1.284838e-01  9.854856e-03
 1.44828e+00 -1.86207e+00       3.079e+13  9.862966e-01 -1.894351e-02  1.569259e-01  1.370336e-02
 1.86207e+00 -1.86207e+00       1.342e+13  9.821933e-01 -2.187512e-02  1.803235e-01  1.780666e-02
 2.27586e+00 -1.86207e+00       3.930e+12  9.762793e-01 -2.284891e-02  2.057597e-01  2.372066e-02
 2.68966e+00 -1.86207e+00       1.446e+12  9.691423e-01 -1.950922e-02  2.316097e-01  3.085768e-02
 3.10345e+00 -1.86207e+00       1.593e+12  9.711881e-01 -1.826089e-02  2.284660e-01  2.881187e-02
 3.51724e+00 -1.86207e+00       1.615e+12  9.717220e-01 -1.986026e-02  2.276052e-01  2.827796e-02
 3.93103e+00 -1.86207e+00       9.690e+11  9.655985e-01 -2.211610e-02  2.392408e-01  3.440147e-02
 4.34483e+00 -1.86207e+00       3.988e+11  9.356554e-01 -1.456027e-02  2.888745e-01  6.434461e-02
 4.75862e+00 -1.86207e+00       2.137e+11  8.772155e-01  2.939567e-02  3.859734e-01  1.227845e-01
 5.17241e+00 -1.86207e+00       2.289e+11  8.510985e-01  5.502952e-02  4.387890e-01  1.489015e-01
 5.58621e+00 -1.86207e+00       2.596e+11  7.968027e-01  4.931852e-02  4.832525e-01  2.031973e-01
 6.00000e+00 -1.86207e+00       2.215e+11  6.476858e-01  2.883454e-02  5.673529e-01  3.523142e-01
-6.00000e+00 -1.44828e+00       1.764e+11  7.515620e-01 -2.156730e-02 -4.404473e-01  2.484380e-01
-5.58621e+00 -1.44828e+00       1.996e+11  8.313982e-01  1.628835e-02 -4.170383e-01  1.686018e-01
-5.17241e+00 -1.44828e+00       1.718e+11  8.549899e-01  5.679598e-02 -3.917052e-01  1.450101e-01
-4.75862e+00 -1.44828e+00       1.928e+11  8.901516e-01  5.130146e-02 -3.223346e-01  1.098484e-01
-4.34483e+00 -1.44828e+00       4.838e+11  9.515420e-01  2.203157e-02 -2.500099e-01  4.845805e-02
-3.93103e+00 -1.44828e+00       1.149e+12  9.694823e-01  1.624410e-02 -2.315008e-01  3.051766e-02
-3.51724e+00 -1.44828e+00       1.686e+12  9.729037e-01  1.587586e-02 -2.266686e-01  2.709629e-02
-3.10345e+00 -1.44828e+00       1.974e+12  9.734311e-01  1.603127e-02 -2.248340e-01  2.656892e-02
-2.68966e+00 -1.44828e+00       4.175e+12  9.748891e-01  9.104678e-03 -2.188586e-01  2.511094e-02
-2.27586e+00 -1.44828e+00       1.195e+13  9.771828e-01  4.112978e-04 -2.094469e-01  2.281722e-02
-1.86207e+00 -1.44828e+00       2.412e+13  9.794802e-01 -6.168682e-03 -1.984975e-01  2.051979e-02
-1.44828e+00 -1.44828e+00       2.998e+13  9.820371e-01 -1.115967e-02 -1.848487e-01  1.796290e-02
-1.03448e+00 -1.44828e+00       2.299e+13  9.849468e-01 -1.446886e-02 -1.674619e-01  1.505322e-02
-6.20690e-01 -1.44828e+00       1.144e+13  9.883243e-01 -1.547666e-02 -1.419465e-01  1.167569e-02
-2.06897e-01 -1.44828e+00       4.790e+12  9.923938e-01 -9.684095e-03 -7.248394e-02  7.606156e-03
 2.06897e-01 -1.44828e+00       5.001e+12  9.927176e-01  4.369322e-03  7.871227e-02  7.282430e-03
 6.20690e-01 -1.44828e+00       1.226e+13  9.895730e-01  2.197237e-03  1.361624e-01  1.042697e-02
 1.03448e+00 -1.44828e+00       2.435e+13  9.869315e-01 -4.488323e-03  1.566932e-01  1.306853e-02
 1.44828e+00 -1.44828e+00       3.080e+13  9.844922e-01 -1.081002e-02  1.717175e-01  1.550778e-02
 1.86207e+00 -1.44828e+00       2.356e+13  9.821017e-01 -1.622684e-02  1.847343e-01  1.789830e-02
 2.27586e+00 -1.44828e+00       1.071e+13  9.794753e-01 -2.054056e-02  1.972367e-01  2.052468e-02
 2.68966e+00 -1.44828e+00       3.222e+12  9.756905e-01 -2.256225e-02  2.120955e-01  2.430945e-02
 3.10345e+00 -1.44828e+00       1.522e+12  9.732597e-01 -1.815142e-02  2.208002e-01  2.674029e-02
 3.51724e+00 -1.44828e+00       1.587e+12  9.748069e-01 -1.618700e-02  2.165867e-01  2.519306e-02
 3.93103e+00 -1.44828e+00       1.213e+12  9.735307e-01 -1.729606e-02  2.188492e-01  2.646926e-02
 4.34483e+00 -1.44828e+00       5.670e+11  9.622733e-01 -1.496907e-02  2.398909e-01  3.772668e-02
 4.75862e+00 -1.44828e+00       2.435e+11  9.248448e-01  1.499138e-02  3.080081e-01  7.515520e-02
 5.17241e+00 -1.44828e+00       1.980e+11  8.974614e-01  4.768653e-02  3.656715e-01  1.025386e-01
 5.58621e+00 -1.44828e+00       2.118e+11  8.774152e-01  3.757242e-02  3.935800e-01  1.225848e-01
 6.00000e+00 -1.44828e+00       1.853e+11  8.091004e-01  3.246377e-02  4.441384e-01  1.908996e-01
-6.00000e+00 -1.03448e+00       1.568e+11  8.300752e-01  6.492568e-02 -3.089860e-01  1.699248e-01
-5.58621e+00 -1.03448e+00       1.574e+11  8.989562e-01  4.544909e-02 -2.631210e-01  1.010438e-01
-5.17241e+00 -1.03448e+00       1.387e+11  9.153306e-01  2.576114e-02 -2.694216e-01  8.466944e-02
-4.75862e+00 -1.03448e+00       2.277e+11  9.470910e-01  1.940755e-02 -2.338629e-01  5.290901e-02
-4.34483e+00 -1.03448e+00       6.391e+11  9.738802e-01  1.506199e-02 -1.993005e-01  2.611983e-02
-3.93103e+00 -1.03448e+00       1.310e+12  9.800800e-01  1.321893e-02 -1.914419e-01  1.991999e-02
-3.51724e+00 -1.03448e+00       1.738e+12  9.810083e-01  1.225121e-02 -1.905033e-01  1.899166e-02
-3.10345e+00 -1.03448e+00       2.631e+12  9.811371e-01  8.119076e-03 -1.900997e-01  1.886287e-02
-2.68966e+00 -1.03448e+00       6.989e+12  9.822124e-01  7.202266e-04 -1.853880e-01  1.778765e-02
-2.27586e+00 -1.03448e+00       1.598e+13  9.833848e-01 -4.926389e-03 -1.795145e-01  1.661523e-02
-1.86207e+00 -1.03448e+00       2.237e+13  9.846287e-01 -9.297953e-03 -1.724153e-01  1.537126e-02
-1.44828e+00 -1.03448e+00       1.845e+13  9.862002e-01 -1.254665e-02 -1.622291e-01  1.379978e-02
-1.03448e+00 -1.03448e+00       9.832e+12  9.889791e-01 -1.343449e-02 -1.395951e-01  1.102093e-02
-6.20690e-01 -1.03448e+00       5.197e+12  9.945554e-01 -8.175534e-03 -8.023853e-02  5.444614e-03
-2.06897e-01 -1.03448e+00       4.442e+12  9.985134e-01 -2.210989e-03 -1.748596e-02  1.486638e-03
 2.06897e-01 -1.03448e+00       4.533e+12  9.984354e-01 -1.372678e-03  2.391142e-02  1.564635e-03
 6.20690e-01 -1.03448e+00       5.536e+12  9.947881e-01 -6.649768e-04  8.151937e-02  5.211936e-03
 1.03448e+00 -1.03448e+00       1.067e+13  9.903106e-01 -1.573998e-03  1.317724e-01  9.689420e-03
 1.44828e+00 -1.03448e+00       1.964e+13  9.882262e-01 -5.885892e-03  1.500383e-01  1.177385e-02
 1.86207e+00 -1.03448e+00       2.283e+13  9.869622e-01 -1.070141e-02  1.585971e-01  1.303785e-02
 2.27586e+00 -1.03448e+00       1.524e+13  9.857639e-01 -1.497327e-02  1.655289e-01  1.423606e-02
 2.68966e+00 -1.03448e+00       5.931e+12  9.842622e-01 -1.821689e-02  1.729369e-01  1.573778e-02
 3.10345e+00 -1.03448e+00       1.971e+12  9.825517e-01 -1.763351e-02  1.795820e-01  1.744834e-02
 3.51724e+00 -1.03448e+00       1.507e+12  9.833382e-01 -1.342482e-02  1.758941e-01  1.666179e-02
 3.93103e+00 -1.03448e+00       1.321e+12  9.835812e-01 -1.308963e-02  1.744947e-01  1.641879e-02
 4.34483e+00 -1.03448e+00       7.138e+11  9.801649e-01 -1.283496e-02  1.824084e-01  1.983510e-02
 4.75862e+00 -1.03448e+00       2.793e+11  9.648293e-01 -2.151257e-03  2.166528e-01  3.517071e-02
 5.17241e+00 -1.03448e+00       1.716e+11  9.416914e-01  2.975341e-02  2.737843e-01  5.830865e-02
 5.58621e+00 -1.03448e+00       1.937e+11  9.268870e-01  4.232913e-02  3.026206e-01  7.311299e-02
 6.00000e+00 -1.03448e+00       1.816e+11  8.815376e-01  3.780815e-02  3.407484e-01  1.184624e-01
-6.00000e+00 -6.20690e-01       1.608e+11  9.246603e-01  4.435505e-02 -2.488516e-01  7.533967e-02
-5.58621e+00 -6.20690e-01       1.568e+11  9.514973e-01  5.635222e-02 -2.031033e-01  4.850266e-02
-5.17241e+00 -6.20690e-01       1.388e+11  9.624041e-01  4.088040e-02 -1.766754e-01  3.759592e-02
-4.75862e+00 -6.20690e-01       2.658e+11  9.797583e-01  1.429399e-02 -1.473402e-01  2.024171e-02
-4.34483e+00 -6.20690e-01       7.427e+11  9.889942e-01  9.089993e-03 -1.330892e-01  1.100576e-02
-3.93103e+00 -6.20690e-01       1.383e+12  9.908102e-01  8.399550e-03 -1.305114e-01  9.189756e-03
-3.51724e+00 -6.20690e-01       1.822e+12  9.908257e-01  6.362303e-03 -1.318715e-01  9.174312e-03
-3.10345e+00 -6.20690e-01       3.384e+12  9.910189e-01  9.332935e-04 -1.310717e-01  8.981143e-03
-2.68966e+00 -6.20690e-01       8.873e+12  9.916587e-01 -3.548498e-03 -1.269883e-01  8.341306e-03
-2.27586e+00 -6.20690e-01       1.665e+13  9.921952e-01 -6.523067e-03 -1.229483e-01  7.804778e-03
-1.86207e+00 -6.20690e-01       1.836e+13  9.927686e-01 -8.785107e-03 -1.179988e-01  7.231362e-03
-1.44828e+00 -6.20690e-01       1.209e+13  9.936537e-01 -9.900267e-03 -1.091178e-01  6.346329e-03
-1.03448e+00 -6.20690e-01       5.883e+12  9.955422e-01 -7.437101e-03 -8.627409e-02  4.457838e-03
-6.20690e-01 -6.20690e-01       3.457e+12  9.981446e-01 -3.426455e-05 -4.630955e-02  1.855437e-03
-2.06897e-01 -6.20690e-01       2.896e+12  9.993350e-01  5.231864e-03 -1.065078e-02  6.649612e-04
 2.06897e-01 -6.20690e-01       3.063e+12  9.992715e-01  5.302016e-03  2.040616e-02  7.285124e-04
 6.20690e-01 -6.20690e-01       3.907e+12  9.982288e-01  1.896807e-03  4.917111e-02  1.771241e-03
 1.03448e+00 -6.20690e-01       6.635e+12  9.962777e-01 -1.593041e-03  7.998725e-02  3.722350e-03
 1.44828e+00 -6.20690e-01       1.323e+13  9.949322e-01 -4.644631e-03  9.770514e-02  5.067782e-03
 1.86207e+00 -6.20690e-01       1.927e+13  9.943187e-01 -7.631620e-03  1.044668e-01  5.681307e-03
 2.27586e+00 -6.20690e-01       1.644e+13  9.938897e-01 -1.031675e-02  1.083642e-01  6.110257e-03
 2.68966e+00 -6.20690e-01       7.931e+12  9.934145e-01 -1.246492e-02  1.119544e-01  6.585532e-03
 3.10345e+00 -6.20690e-01       2.616e+12  9.928164e-01 -1.304108e-02  1.151640e-01  7.183624e-03
 3.51724e+00 -6.20690e-01       1.488e+12  9.930617e-01 -1.002478e-02  1.121586e-01  6.938335e-03
 3.93103e+00 -6.20690e-01       1.341e+12  9.934524e-01 -8.680776e-03  1.096435e-01  6.547577e-03
 4.34483e+00 -6.20690e-01       8.041e+11  9.926239e-01 -7.957355e-03  1.126324e-01  7.376124e-03
 4.75862e+00 -6.20690e-01       3.253e+11  9.878169e-01 -6.579407e-04  1.296882e-01  1.218307e-02
 5.17241e+00 -6.20690e-01       1.837e+11  9.780467e-01  2.344470e-02  1.660211e-01  2.195331e-02
 5.58621e+00 -6.20690e-01       1.931e+11  9.710906e-01  2.896405e-02  1.888382e-01  2.890943e-02
 6.00000e+00 -6.20690e-01       1.776e+11  9.544842e-01  1.808490e-02  2.208977e-01  4.551582e-02
-6.00000e+00 -2.06897e-01       1.518e+11  9.903692e-01  3.102033e-03 -9.673241e-02  9.630826e-03
-5.58621e+00 -2.06897e-01       1.501e+11  9.931140e-01  8.787951e-03 -8.227375e-02  6.885972e-03
-5.17241e+00 -2.06897e-01       1.411e+11  9.942194e-01  6.121692e-03 -7.114283e-02  5.780631e-03
-4.75862e+00 -2.06897e-01       2.910e+11  9.965936e-01  3.096098e-03 -5.940654e-02  3.406412e-03
-4.34483e+00 -2.06897e-01       7.930e+11  9.979430e-01  3.898947e-03 -5.473535e-02  2.057000e-03
-3.93103e+00 -2.06897e-01       1.412e+12  9.981605e-01  3.806080e-03 -5.480917e-02  1.839549e-03
-3.51724e+00 -2.06897e-01       1.898e+12  9.980614e-01  6.511822e-04 -5.694981e-02  1.938633e-03
-3.10345e+00 -2.06897e-01       3.839e+12  9.982739e-01 -4.121088e-03 -5.486788e-02  1.726114e-03
-2.68966e+00 -2.06897e-01       9.642e+12  9.985454e-01 -5.633886e-03 -5.110705e-02  1.454568e-03
-2.27586e+00 -2.06897e-01       1.631e+13  9.986947e-01 -6.045197e-03 -4.849802e-02  1.305263e-03
-1.86207e+00 -2.06897e-01       1.604e+13  9.988215e-01 -6.163935e-03 -4.585959e-02  1.178488e-03
-1.44828e+00 -2.06897e-01       9.553e+12  9.989974e-01 -5.694513e-03 -4.167785e-02  1.002575e-03
-1.03448e+00 -2.06897e-01       4.348e+12  9.993113e-01 -3.596643e-03 -3.303408e-02  6.887458e-04
-6.20690e-01 -2.06897e-01       2.200e+12  9.996705e-01 -2.162374e-04 -2.057407e-02  3.295275e-04
-2.06897e-01 -2.06897e-01       1.428e+12  9.998673e-01  1.495662e-03 -5.766851e-03  1.327213e-04
 2.06897e-01 -2.06897e-01       1.584e+12  9.998515e-01 -5.410720e-05  1.117728e-02  1.485082e-04
 6.20690e-01 -2.06897e-01       2.645e+12  9.997179e-01 -2.432391e-03  2.035091e-02  2.821245e-04
 1.03448e+00 -2.06897e-01       5.075e+12  9.995465e-01 -4.299362e-03  2.693685e-02  4.534792e-04
 1.44828e+00 -2.06897e-01       1.066e+13  9.994135e-01 -5.554434e-03  3.126263e-02  5.865115e-04
 1.86207e+00 -2.06897e-01       1.713e+13  9.993472e-01 -6.289197e-03  3.308673e-02  6.527659e-04
 2.27586e+00 -2.06897e-01       1.641e+13  9.993029e-01 -6.710281e-03  3.405985e-02  6.971006e-04
 2.68966e+00 -2.06897e-01       8.840e+12  9.992477e-01 -6.821261e-03  3.488887e-02  7.523014e-04
 3.10345e+00 -2.06897e-01       3.040e+12  9.991554e-01 -6.402769e-03  3.514476e-02  8.446084e-04
 3.51724e+00 -2.06897e-01       1.505e+12  9.991956e-01 -5.071294e-03  3.185760e-02  8.043522e-04
 3.93103e+00 -2.06897e-01       1.335e+12  9.993233e-01 -3.941640e-03  2.993392e-02  6.767121e-04
 4.34483e+00 -2.06897e-01       8.442e+11  9.992636e-01 -2.581859e-03  3.057421e-02  7.364052e-04
 4.75862e+00 -2.06897e-01       3.518e+11  9.987884e-01  9.805865e-04  3.385707e-02  1.211614e-03
 5.17241e+00 -2.06897e-01       1.829e+11  9.979303e-01  5.016916e-03  4.036424e-02  2.069732e-03
 5.58621e+00 -2.06897e-01       1.747e+11  9.975124e-01  1.084543e-03  4.653712e-02  2.487595e-03
 6.00000e+00 -2.06897e-01       1.604e+11  9.965855e-01 -3.245135e-03  5.521473e-02  3.414472e-03
-6.00000e+00  2.06897e-01       1.517e+11  9.924901e-01 -7.497939e-03  7.451448e-02  7.509895e-03
-5.58621e+00  2.06897e-01       1.498e+11  9.947666e-01 -2.270610e-02  6.521511e-02  5.233358e-03
-5.17241e+00  2.06897e-01       1.407e+11  9.964447e-01 -2.811291e-02  4.935620e-02  3.555349e-03
-4.75862e+00  2.06897e-01       2.911e+11  9.985172e-01 -1.113535e-02  3.278243e-02  1.482771e-03
-4.34483e+00  2.06897e-01       7.944e+11  9.991996e-01 -2.945660e-03  2.877035e-02  8.004492e-04
-3.93103e+00  2.06897e-01       1.416e+12  9.993172e-01 -1.766803e-03  2.678797e-02  6.827537e-04
-3.51724e+00  2.06897e-01       1.904e+12  9.993619e-01 -5.016095e-03  2.441263e-02  6.380550e-04
-3.10345e+00  2.06897e-01       3.844e+12  9.993775e-01 -8.335737e-03  2.756634e-02  6.225343e-04
-2.68966e+00  2.06897e-01       9.629e+12  9.993586e-01 -6.965534e-03  3.125778e-02  6.413938e-04
-2.27586e+00  2.06897e-01       1.627e+13  9.993525e-01 -4.857506e-03  3.253650e-02  6.474605e-04
-1.86207e+00  2.06897e-01       1.600e+13  9.993665e-01 -2.947048e-03  3.252773e-02  6.335107e-04
-1.44828e+00  2.06897e-01       9.512e+12  9.994261e-01 -1.402005e-03  3.051473e-02  5.738852e-04
-1.03448e+00  2.06897e-01       4.298e+12  9.996007e-01 -8.647723e-04  2.341269e-02  3.992696e-04
-6.20690e-01  2.06897e-01       2.148e+12  9.998302e-01 -2.351809e-03  1.250445e-02  1.698464e-04
-2.06897e-01  2.06897e-01       1.384e+12  9.999162e-01 -6.567346e-03  2.091884e-03  8.384995e-05
 2.06897e-01  2.06897e-01       1.540e+12  9.998274e-01 -1.036705e-02 -9.662329e-03  1.726099e-04
 6.20690e-01  2.06897e-01       2.596e+12  9.996402e-01 -9.673689e-03 -1.914806e-02  3.598442e-04
 1.03448e+00  2.06897e-01       5.035e+12  9.993061e-01 -8.479837e-03 -3.100363e-02  6.939365e-04
 1.44828e+00  2.06897e-01       1.065e+13  9.990208e-01 -7.259831e-03 -4.022709e-02  9.792121e-04
 1.86207e+00  2.06897e-01       1.715e+13  9.988888e-01 -5.443483e-03 -4.412646e-02  1.111156e-03
 2.27586e+00  2.06897e-01       1.645e+13  9.988065e-01 -3.345277e-03 -4.612448e-02  1.193476e-03
 2.68966e+00  2.06897e-01       8.865e+12  9.987157e-01 -1.111109e-03 -4.781888e-02  1.284322e-03
 3.10345e+00  2.06897e-01       3.051e+12  9.985383e-01  9.018138e-04 -5.042466e-02  1.461672e-03
 3.51724e+00  2.06897e-01       1.508e+12  9.982984e-01  6.562751e-04 -5.436880e-02  1.701629e-03
 3.93103e+00  2.06897e-01       1.335e+12  9.982971e-01  8.813953e-04 -5.480159e-02  1.702879e-03
 4.34483e+00  2.06897e-01       8.445e+11  9.981051e-01  2.681522e-03 -5.580519e-02  1.894882e-03
 4.75862e+00  2.06897e-01       3.526e+11  9.968934e-01  2.972952e-03 -6.459004e-02  3.106556e-03
 5.17241e+00  2.06897e-01       1.837e+11  9.941495e-01 -1.049996e-02 -8.599134e-02  5.850486e-03
 5.58621e+00  2.06897e-01       1.752e+11  9.921899e-01 -2.100499e-02 -9.668354e-02  7.810058e-03
 6.00000e+00  2.06897e-01       1.610e+11  9.884313e-01 -1.827701e-02 -1.106281e-01  1.156873e-02
-6.00000e+00  6.20690e-01       1.597e+11  9.327955e-01 -5.301607e-02  2.315796e-01  6.720448e-02
-5.58621e+00  6.20690e-01       1.554e+11  9.562919e-01 -7.226685e-02  1.877449e-01  4.370812e-02
-5.17241e+00  6.20690e-01       1.374e+11  9.685747e-01 -6.458728e-02  1.549949e-01  3.142525e-02
-4.75862e+00  6.20690e-01       2.662e+11  9.854510e-01 -2.472410e-02  1.213817e-01  1.454896e-02
-4.34483e+00  6.20690e-01       7.489e+11  9.925635e-01 -9.319637e-03  1.082946e-01  7.436509e-03
-3.93103e+00  6.20690e-01       1.399e+12  9.939629e-01 -6.569273e-03  1.043177e-01  6.037109e-03
-3.51724e+00  6.20690e-01       1.848e+12  9.943602e-01 -9.377623e-03  1.012443e-01  5.639771e-03
-3.10345e+00  6.20690e-01       3.410e+12  9.941657e-01 -1.250127e-02  1.039345e-01  5.834306e-03
-2.68966e+00  6.20690e-01       8.856e+12  9.939469e-01 -8.948581e-03  1.074412e-01  6.053098e-03
-2.27586e+00  6.20690e-01       1.656e+13  9.940247e-01 -4.449416e-03  1.073882e-01  5.975345e-03
-1.86207e+00  6.20690e-01       1.824e+13  9.942866e-01 -5.133456e-04  1.050123e-01  5.713425e-03
-1.44828e+00  6.20690e-01       1.198e+13  9.948567e-01  2.428178e-03  9.833190e-02  5.143332e-03
-1.03448e+00  6.20690e-01       5.742e+12  9.963199e-01  2.325311e-03  7.742628e-02  3.680087e-03
-6.20690e-01  6.20690e-01       3.258e+12  9.985053e-01 -3.482229e-03  3.823859e-02  1.494659e-03
-2.06897e-01  6.20690e-01       2.678e+12  9.994238e-01 -1.040062e-02  4.154074e-03  5.762069e-04
 2.06897e-01  6.20690e-01       2.847e+12  9.991484e-01 -1.329824e-02 -2.432356e-02  8.516122e-04
 6.20690e-01  6.20690e-01       3.713e+12  9.978154e-01 -1.189852e-02 -5.328026e-02  2.184649e-03
 1.03448e+00  6.20690e-01       6.514e+12  9.953715e-01 -1.030966e-02 -8.773777e-02  4.628484e-03
 1.44828e+00  6.20690e-01       1.322e+13  9.937566e-01 -7.548451e-03 -1.077842e-01  6.243394e-03
 1.86207e+00  6.20690e-01       1.935e+13  9.930405e-01 -3.450159e-03 -1.154931e-01  6.959484e-03
 2.27586e+00  6.20690e-01       1.654e+13  9.925271e-01  9.320871e-04 -1.200718e-01  7.472926e-03
 2.68966e+00  6.20690e-01       7.998e+12  9.919572e-01  5.277176e-03 -1.244239e-01  8.042762e-03
 3.10345e+00  6.20690e-01       2.646e+12  9.910755e-01  8.260446e-03 -1.303764e-01  8.924481e-03
 3.51724e+00  6.20690e-01       1.499e+12  9.905547e-01  5.612580e-03 -1.341006e-01  9.445300e-03
 3.93103e+00  6.20690e-01       1.345e+12  9.906798e-01  5.367414e-03 -1.329242e-01  9.320168e-03
 4.34483e+00  6.20690e-01       8.071e+11  9.894134e-01  7.618322e-03 -1.364248e-01  1.058660e-02
 4.75862e+00  6.20690e-01       3.284e+11  9.821797e-01  4.262475e-03 -1.604734e-01  1.782029e-02
 5.17241e+00  6.20690e-01       1.865e+11  9.673524e-01 -2.534323e-02 -2.124669e-01  3.264756e-02
 5.58621e+00  6.20690e-01       1.955e+11  9.576550e-01 -4.058449e-02 -2.355214e-01  4.234497e-02
 6.00000e+00  6.20690e-01       1.800e+11  9.347232e-01 -3.138255e-02 -2.673644e-01  6.527684e-02
-6.00000e+00  1.03448e+00       1.550e+11  8.414272e-01 -8.375099e-02  2.877629e-01  1.585728e-01
-5.58621e+00  1.03448e+00       1.553e+11  9.041171e-01 -6.225199e-02  2.425014e-01  9.588286e-02
-5.17241e+00  1.03448e+00       1.358e+11  9.223717e-01 -4.710114e-02  2.469958e-01  7.762834e-02
-4.75862e+00  1.03448e+00       2.268e+11  9.555728e-01 -3.288968e-02  2.101737e-01  4.442718e-02
-4.34483e+00  1.03448e+00       6.466e+11  9.793297e-01 -1.756776e-02  1.764669e-01  2.067027e-02
-3.93103e+00  1.03448e+00       1.332e+12  9.844831e-01 -1.225770e-02  1.682630e-01  1.551690e-02
-3.51724e+00  1.03448e+00       1.778e+12  9.857190e-01 -1.335297e-02  1.639542e-01  1.428100e-02
-3.10345e+00  1.03448e+00       2.685e+12  9.857676e-01 -1.703822e-02  1.637665e-01  1.423241e-02
-2.68966e+00  1.03448e+00       7.002e+12  9.855739e-01 -1.262765e-02  1.662997e-01  1.442615e-02
-2.27586e+00  1.03448e+00       1.586e+13  9.860039e-01 -6.066950e-03  1.646445e-01  1.399610e-02
-1.86207e+00  1.03448e+00       2.216e+13  9.868057e-01 -3.360463e-04  1.599836e-01  1.319432e-02
-1.44828e+00  1.03448e+00       1.827e+13  9.879900e-01  4.338157e-03  1.517511e-01  1.200998e-02
-1.03448e+00  1.03448e+00       9.684e+12  9.902508e-01  6.846390e-03  1.312737e-01  9.749226e-03
-6.20690e-01  1.03448e+00       4.937e+12  9.950526e-01  3.495491e-03  7.345317e-02  4.947366e-03
-2.06897e-01  1.03448e+00       4.064e+12  9.985939e-01 -2.074958e-03  8.597572e-03  1.406085e-03
 2.06897e-01  1.03448e+00       4.163e+12  9.980730e-01 -3.996023e-03 -3.377664e-02  1.926980e-03
 6.20690e-01  1.03448e+00       5.299e+12  9.935679e-01 -8.162300e-03 -9.306749e-02  6.432123e-03
 1.03448e+00  1.03448e+00       1.061e+13  9.886718e-01 -9.881658e-03 -1.426411e-01  1.132820e-02
 1.44828e+00  1.03448e+00       1.973e+13  9.865329e-01 -5.299464e-03 -1.603690e-01  1.346709e-02
 1.86207e+00  1.03448e+00       2.301e+13  9.852018e-01  8.039408e-04 -1.690634e-01  1.479818e-02
 2.27586e+00  1.03448e+00       1.540e+13  9.838947e-01  6.887384e-03 -1.764042e-01  1.610530e-02
 2.68966e+00  1.03448e+00       6.028e+12  9.822436e-01  1.264982e-02 -1.845890e-01  1.775639e-02
 3.10345e+00  1.03448e+00       2.010e+12  9.798627e-01  1.410762e-02 -1.954206e-01  2.013730e-02
 3.51724e+00  1.03448e+00       1.521e+12  9.796264e-01  8.767263e-03 -1.971055e-01  2.037358e-02
 3.93103e+00  1.03448e+00       1.327e+12  9.796246e-01  9.382284e-03 -1.958651e-01  2.037537e-02
 4.34483e+00  1.03448e+00       7.180e+11  9.752421e-01  1.162922e-02 -2.047379e-01  2.475787e-02
 4.75862e+00  1.03448e+00       2.837e+11  9.550356e-01  2.535118e-03 -2.479024e-01  4.496438e-02
 5.17241e+00  1.03448e+00       1.772e+11  9.240084e-01 -3.187061e-02 -3.219395e-01  7.599161e-02
 5.58621e+00  1.03448e+00       2.008e+11  9.069567e-01 -4.352809e-02 -3.507414e-01  9.304327e-02
 6.00000e+00  1.03448e+00       1.886e+11  8.563558e-01 -3.745226e-02 -3.841801e-01  1.436442e-01
-6.00000e+00  1.44828e+00       1.752e+11  7.527990e-01  2.365438e-02  4.248765e-01  2.472010e-01
-5.58621e+00  1.44828e+00       1.970e+11  8.333168e-01 -1.398003e-02  4.069701e-01  1.666832e-01
-5.17241e+00  1.44828e+00       1.683e+11  8.589063e-01 -6.596536e-02  3.828887e-01  1.410937e-01
-4.75862e+00  1.44828e+00       1.918e+11  8.994765e-01 -6.748315e-02  3.055252e-01  1.005235e-01
-4.34483e+00  1.44828e+00       4.923e+11  9.586169e-01 -2.770014e-02  2.297238e-01  4.138307e-02
-3.93103e+00  1.44828e+00       1.174e+12  9.743943e-01 -1.618789e-02  2.117569e-01  2.560568e-02
-3.51724e+00  1.44828e+00       1.737e+12  9.775718e-01 -1.534581e-02  2.055449e-01  2.242824e-02
-3.10345e+00  1.44828e+00       2.060e+12  9.784522e-01 -2.024413e-02  2.012260e-01  2.154777e-02
-2.68966e+00  1.44828e+00       4.269e+12  9.788983e-01 -1.927043e-02  1.995936e-01  2.110174e-02
-2.27586e+00  1.44828e+00       1.192e+13  9.801661e-01 -1.120377e-02  1.948712e-01  1.983394e-02
-1.86207e+00  1.44828e+00       2.386e+13  9.819070e-01 -3.751287e-03  1.864343e-01  1.809302e-02
-1.44828e+00  1.44828e+00       2.963e+13  9.840533e-01  2.353745e-03  1.744393e-01  1.594675e-02
-1.03448e+00  1.44828e+00       2.283e+13  9.866226e-01  6.667576e-03  1.580438e-01  1.337738e-02
-6.20690e-01  1.44828e+00       1.151e+13  9.896801e-01  8.165711e-03  1.324065e-01  1.031988e-02
-2.06897e-01  1.44828e+00       4.943e+12  9.929885e-01  1.432010e-03  6.120509e-02  7.011524e-03
 2.06897e-01  1.44828e+00       5.149e+12  9.917179e-01 -1.510257e-02 -8.868226e-02  8.282104e-03
 6.20690e-01  1.44828e+00       1.240e+13  9.881053e-01 -1.337332e-02 -1.458691e-01  1.189470e-02
 1.03448e+00  1.44828e+00       2.451e+13  9.853718e-01 -6.001532e-03 -1.660781e-01  1.462815e-02
 1.44828e+00  1.44828e+00       3.102e+13  9.828298e-01  1.297640e-03 -1.810618e-01  1.717024e-02
 1.86207e+00  1.44828e+00       2.379e+13  9.802799e-01  8.039206e-03 -1.943625e-01  1.972014e-02
 2.27586e+00  1.44828e+00       1.088e+13  9.774518e-01  1.442977e-02 -2.074237e-01  2.254816e-02
 2.68966e+00  1.44828e+00       3.315e+12  9.733289e-01  1.971094e-02 -2.238782e-01  2.667109e-02
 3.10345e+00  1.44828e+00       1.557e+12  9.697680e-01  1.535193e-02 -2.378449e-01  3.023196e-02
 3.51724e+00  1.44828e+00       1.598e+12  9.708384e-01  1.163097e-02 -2.348813e-01  2.916165e-02
 3.93103e+00  1.44828e+00       1.219e+12  9.692857e-01  1.387014e-02 -2.368088e-01  3.071430e-02
 4.34483e+00  1.44828e+00       5.736e+11  9.560523e-01  1.407875e-02 -2.604044e-01  4.394765e-02
 4.75862e+00  1.44828e+00       2.507e+11  9.123658e-01 -1.582416e-02 -3.379991e-01  8.763421e-02
 5.17241e+00  1.44828e+00       2.037e+11  8.787463e-01 -5.614272e-02 -4.012881e-01  1.212537e-01
 5.58621e+00  1.44828e+00       2.165e+11  8.529601e-01 -4.778482e-02 -4.287531e-01  1.470399e-01
 6.00000e+00  1.44828e+00       1.899e+11  7.734673e-01 -4.382846e-02 -4.807187e-01  2.265327e-01
-6.00000e+00  1.86207e+00       2.063e+11  5.495492e-01 -6.013894e-02  5.268423e-01  4.504508e-01
-5.58621e+00  1.86207e+00       2.206e+11  7.315399e-01 -8.025405e-02  4.329808e-01  2.684601e-01
-5.17241e+00  1.86207e+00       1.878e+11  8.081273e-01 -6.688094e-02  4.020498e-01  1.918727e-01
-4.75862e+00  1.86207e+00       1.698e+11  8.342459e-01 -6.577021e-02  3.850953e-01  1.657541e-01
-4.34483e+00  1.86207e+00       3.260e+11  9.210375e-01 -4.067504e-02  2.798711e-01  7.896245e-02
-3.93103e+00  1.86207e+00       8.884e+11  9.649292e-01 -2.181969e-02  2.316254e-01  3.507080e-02
-3.51724e+00  1.86207e+00       1.635e+12  9.736609e-01 -1.781716e-02  2.195579e-01  2.633913e-02
-3.10345e+00  1.86207e+00       1.891e+12  9.757683e-01 -2.056096e-02  2.127842e-01  2.423170e-02
-2.68966e+00  1.86207e+00       2.203e+12  9.764283e-01 -2.608981e-02  2.073745e-01  2.357167e-02
-2.27586e+00  1.86207e+00       5.232e+12  9.791043e-01 -2.087576e-02  1.959072e-01  2.089566e-02
-1.86207e+00  1.86207e+00       1.496e+13  9.825680e-01 -1.218038e-02  1.801116e-01  1.743196e-02
-1.44828e+00  1.86207e+00       3.156e+13  9.859188e-01 -4.512542e-03  1.605748e-01  1.408117e-02
-1.03448e+00  1.86207e+00       4.605e+13  9.896290e-01  1.371653e-03  1.328213e-01  1.037098e-02
-6.20690e-01  1.86207e+00       5.020e+13  9.935694e-01  4.216232e-03  9.125754e-02  6.430648e-03
-2.06897e-01  1.86207e+00       4.832e+13  9.964824e-01  3.566499e-03  3.086312e-02  3.517582e-03
 2.06897e-01  1.86207e+00       4.900e+13  9.963103e-01  2.119005e-03 -3.927234e-02  3.689682e-03
 6.20690e-01  1.86207e+00       5.169e+13  9.931995e-01  3.432466e-03 -9.687184e-02  6.800511e-03
 1.03448e+00  1.86207e+00       4.697e+13  9.891045e-01  7.123377e-03 -1.366924e-01  1.089554e-02
 1.44828e+00  1.86207e+00       3.106e+13  9.849293e-01  1.167574e-02 -1.655787e-01  1.507068e-02
 1.86207e+00  1.86207e+00       1.366e+13  9.804545e-01  1.661441e-02 -1.898977e-01  1.954546e-02
 2.27586e+00  1.86207e+00       4.096e+12  9.741408e-01  2.185289e-02 -2.169684e-01  2.585923e-02
 2.68966e+00  1.86207e+00       1.522e+12  9.663074e-01  2.036585e-02 -2.465765e-01  3.369263e-02
 3.10345e+00  1.86207e+00       1.611e+12  9.678123e-01  1.355287e-02 -2.443961e-01  3.218768e-02
 3.51724e+00  1.86207e+00       1.614e+12  9.684068e-01  1.447421e-02 -2.421374e-01  3.159316e-02
 3.93103e+00  1.86207e+00       9.698e+11  9.614871e-01  1.768830e-02 -2.543188e-01  3.851293e-02
 4.34483e+00  1.86207e+00       4.055e+11  9.274296e-01  1.059199e-02 -3.106845e-01  7.257038e-02
 4.75862e+00  1.86207e+00       2.223e+11  8.615674e-01 -3.330605e-02 -4.208200e-01  1.384326e-01
 5.17241e+00  1.86207e+00       2.388e+11  8.309300e-01 -5.771157e-02 -4.766147e-01  1.690700e-01
 5.58621e+00  1.86207e+00       2.709e+11  7.731407e-01 -5.269990e-02 -5.170039e-01  2.268593e-01
 6.00000e+00  1.86207e+00       2.324e+11  6.185813e-01 -3.491119e-02 -5.970645e-01  3.814187e-01
-6.00000e+00  2.27586e+00       2.254e+11  4.472511e-01 -1.744744e-02  6.164884e-01  5.527489e-01
-5.58621e+00  2.27586e+00       2.798e+11  6.466971e-01 -6.564414e-02  5.475389e-01  3.533029e-01
-5.17241e+00  2.27586e+00       2.530e+11  7.502282e-01 -8.947946e-02  4.812190e-01  2.497718e-01
-4.75862e+00  2.27586e+00       1.932e+11  7.803955e-01 -9.253015e-02  4.506604e-01  2.196045e-01
-4.34483e+00  2.27586e+00       2.112e+11  8.396395e-01 -6.650851e-02  3.609513e-01  1.603605e-01
-3.93103e+00  2.27586e+00       5.196e+11  9.452743e-01 -3.013935e-02  2.363616e-01  5.472571e-02
-3.51724e+00  2.27586e+00       1.262e+12  9.744336e-01 -2.002240e-02  2.014192e-01  2.556640e-02
-3.10345e+00  2.27586e+00       1.898e+12  9.800714e-01 -2.000899e-02  1.891276e-01  1.992857e-02
-2.68966e+00  2.27586e+00       1.844e+12  9.810604e-01 -2.597157e-02  1.825970e-01  1.893962e-02
-2.27586e+00  2.27586e+00       1.824e+12  9.797320e-01 -3.183868e-02  1.822826e-01  2.026803e-02
-1.86207e+00  2.27586e+00       3.282e+12  9.833712e-01 -2.518813e-02  1.609474e-01  1.662881e-02
-1.44828e+00  2.27586e+00       8.333e+12  9.899543e-01 -1.867058e-02  1.237149e-01  1.004568e-02
-1.03448e+00  2.27586e+00       1.927e+13  9.940823e-01 -1.286394e-02  9.148465e-02  5.917700e-03
-6.20690e-01  2.27586e+00       3.394e+13  9.965158e-01 -6.388617e-03  5.820024e-02  3.484231e-03
-2.06897e-01  2.27586e+00       4.450e+13  9.977760e-01 -7.381239e-04  1.936282e-02  2.224011e-03
 2.06897e-01  2.27586e+00       4.412e+13  9.975807e-01  3.360716e-03 -2.297708e-02  2.419334e-03
 6.20690e-01  2.27586e+00       3.285e+13  9.957740e-01  6.338688e-03 -6.463394e-02  4.226022e-03
 1.03448e+00  2.27586e+00       1.782e+13  9.923345e-01  9.286274e-03 -1.041833e-01  7.665540e-03
 1.44828e+00  2.27586e+00       7.007e+12  9.863738e-01  1.367564e-02 -1.462626e-01  1.362616e-02
 1.86207e+00  2.27586e+00       2.272e+12  9.754403e-01  1.976147e-02 -1.993032e-01  2.455967e-02
 2.27586e+00  2.27586e+00       1.151e+12  9.669667e-01  1.957292e-02 -2.333090e-01  3.303327e-02
 2.68966e+00  2.27586e+00       1.507e+12  9.730467e-01  1.401926e-02 -2.163073e-01  2.695327e-02
 3.10345e+00  2.27586e+00       1.827e+12  9.754523e-01  1.425158e-02 -2.104543e-01  2.454770e-02
 3.51724e+00  2.27586e+00       1.331e+12  9.716264e-01  1.775840e-02 -2.190333e-01  2.837356e-02
 3.93103e+00  2.27586e+00       6.167e+11  9.483367e-01  1.920629e-02 -2.616628e-01  5.166329e-02
 4.34483e+00  2.27586e+00       2.831e+11  8.761988e-01 -9.997371e-03 -3.822043e-01  1.238012e-01
 4.75862e+00  2.27586e+00       2.500e+11  8.234392e-01 -6.094325e-02 -4.799990e-01  1.765608e-01
 5.17241e+00  2.27586e+00       3.099e+11  7.950373e-01 -6.787068e-02 -5.175453e-01  2.049627e-01
 5.58621e+00  2.27586e+00       3.167e+11  7.065533e-01 -5.894856e-02 -5.751525e-01  2.934467e-01
 6.00000e+00  2.27586e+00       2.564e+11  5.268283e-01 -5.233772e-02 -6.769120e-01  4.731717e-01
-6.00000e+00  2.68966e+00       2.410e+11  2.767263e-01  4.459057e-03  7.119908e-01  7.232737e-01
-5.58621e+00  2.68966e+00       3.056e+11  5.749439e-01 -3.153488e-02  5.982857e-01  4.250561e-01
-5.17241e+00  2.68966e+00       3.190e+11  7.202606e-01 -6.163181e-02  5.184686e-01  2.797394e-01
-4.75862e+00  2.68966e+00       2.570e+11  7.752545e-01 -8.170159e-02  4.754312e-01  2.247455e-01
-4.34483e+00  2.68966e+00       1.972e+11  7.723857e-01 -8.501166e-02  4.526094e-01  2.276143e-01
-3.93103e+00  2.68966e+00       2.512e+11  8.648060e-01 -5.208565e-02  2.942951e-01  1.351940e-01
-3.51724e+00  2.68966e+00       6.530e+11  9.658684e-01 -2.243978e-02  1.606368e-01  3.413156e-02
-3.10345e+00  2.68966e+00       1.457e+12  9.873861e-01 -1.865200e-02  1.251931e-01  1.261388e-02
-2.68966e+00  2.68966e+00       1.981e+12  9.912552e-01 -2.234690e-02  1.077745e-01  8.744814e-03
-2.27586e+00  2.68966e+00       1.728e+12  9.911826e-01 -3.179044e-02  9.779757e-02  8.817374e-03
-1.86207e+00  2.68966e+00       1.409e+12  9.880237e-01 -4.293957e-02  1.069181e-01  1.197630e-02
-1.44828e+00  2.68966e+00       1.714e+12  9.865881e-01 -3.599930e-02  1.215176e-01  1.341190e-02
-1.03448e+00  2.68966e+00       2.386e+12  9.883997e-01 -1.302187e-02  1.121336e-01  1.160027e-02
-6.20690e-01  2.68966e+00       2.806e+12  9.909969e-01  1.387634e-02  7.676083e-02  9.003133e-03
-2.06897e-01  2.68966e+00       2.834e+12  9.929261e-01  3.457495e-02  1.797058e-02  7.073880e-03
 2.06897e-01  2.68966e+00       2.702e+12  9.924536e-01  4.027088e-02 -4.802944e-02  7.546445e-03
 6.20690e-01  2.68966e+00       2.403e+12  9.889672e-01  3.177495e-02 -1.039792e-01  1.103284e-02
 1.03448e+00  2.68966e+00       1.770e+12  9.825510e-01  1.774068e-02 -1.491128e-01  1.744905e-02
 1.44828e+00  2.68966e+00       1.064e+12  9.733585e-01  8.356977e-03 -1.839791e-01  2.664148e-02
 1.86207e+00  2.68966e+00       9.071e+11  9.744524e-01  1.140459e-02 -1.665780e-01  2.554760e-02
 2.27586e+00  2.68966e+00       1.458e+12  9.855867e-01  1.309091e-02 -1.298704e-01  1.441327e-02
 2.68966e+00  2.68966e+00       1.917e+12  9.889952e-01  1.411796e-02 -1.243091e-01  1.100475e-02
 3.10345e+00  2.68966e+00       1.516e+12  9.862947e-01  1.789716e-02 -1.362758e-01  1.370531e-02
 3.51724e+00  2.68966e+00       7.578e+11  9.682894e-01  2.264396e-02 -1.811167e-01  3.171058e-02
 3.93103e+00  2.68966e+00       3.405e+11  9.019943e-01  6.866741e-03 -3.122704e-01  9.800571e-02
 4.34483e+00  2.68966e+00       2.578e+11  8.328538e-01 -4.624205e-02 -4.474663e-01  1.671462e-01
 4.75862e+00  2.68966e+00       3.171e+11  8.200508e-01 -6.610755e-02 -4.899708e-01  1.799492e-01
 5.17241e+00  2.68966e+00       3.690e+11  7.768770e-01 -5.781321e-02 -5.296121e-01  2.231230e-01
 5.58621e+00  2.68966e+00       3.268e+11  6.451156e-01 -5.212402e-02 -6.055904e-01  3.548844e-01
 6.00000e+00  2.68966e+00       2.518e+11  3.698335e-01 -4.577497e-02 -7.249428e-01  6.301665e-01
-6.00000e+00  3.10345e+00       2.954e+11  1.278209e-01  5.715490e-02  8.156361e-01  8.721791e-01
-5.58621e+00  3.10345e+00       3.279e+11  4.580476e-01 -1.206015e-02  6.711493e-01  5.419524e-01
-5.17241e+00  3.10345e+00       3.785e+11  6.689747e-01 -5.115835e-02  5.499280e-01  3.310253e-01
-4.75862e+00  3.10345e+00       3.434e+11  7.762841e-01 -6.827003e-02  4.703329e-01  2.237159e-01
-4.34483e+00  3.10345e+00       2.627e+11  7.988745e-01 -7.570675e-02  4.480042e-01  2.011255e-01
-3.93103e+00  3.10345e+00       1.999e+11  7.759792e-01 -7.609356e-02  4.273016e-01  2.240208e-01
-3.51724e+00  3.10345e+00       2.372e+11  8.699478e-01 -4.018024e-02  2.149037e-01  1.300522e-01
-3.10345e+00  3.10345e+00       5.861e+11  9.738385e-01 -1.228646e-02  3.525396e-02  2.616151e-02
-2.68966e+00  3.10345e+00       1.328e+12  9.923120e-01 -1.428771e-02 -1.818767e-02  7.687971e-03
-2.27586e+00  3.10345e+00       1.883e+12  9.920164e-01 -2.318578e-02 -5.021941e-02  7.983581e-03
-1.86207e+00  3.10345e+00       1.660e+12  9.873441e-01 -3.763481e-02 -7.528762e-02  1.265591e-02
-1.44828e+00  3.10345e+00       1.123e+12  9.810240e-01 -5.502924e-02 -7.144317e-02  1.897605e-02
-1.03448e+00  3.10345e+00       8.215e+11  9.769559e-01 -5.075197e-02 -2.687677e-02  2.304407e-02
-6.20690e-01  3.10345e+00       6.812e+11  9.728228e-01 -1.118405e-02 -1.070211e-02  2.717716e-02
-2.06897e-01  3.10345e+00       5.839e+11  9.660737e-01  3.341653e-02 -5.056856e-02  3.392631e-02
 2.06897e-01  3.10345e+00       5.234e+11  9.595615e-01  5.055852e-02 -1.041339e-01  4.043852e-02
 6.20690e-01  3.10345e+00       4.892e+11  9.537507e-01  3.477661e-02 -1.305284e-01  4.624931e-02
 1.03448e+00  3.10345e+00       5.373e+11  9.550805e-01  1.115266e-02 -8.298140e-02  4.491954e-02
 1.44828e+00  3.10345e+00       8.927e+11  9.742823e-01  8.204394e-03  1.704404e-02  2.571773e-02
 1.86207e+00  3.10345e+00       1.560e+12  9.882458e-01  1.075113e-02  5.368536e-02  1.175421e-02
 2.27586e+00  3.10345e+00       1.865e+12  9.929908e-01  1.395087e-02  4.707952e-02  7.009197e-03
 2.68966e+00  3.10345e+00       1.379e+12  9.922066e-01  1.997601e-02  1.714566e-02  7.793392e-03
 3.10345e+00  3.10345e+00       6.891e+11  9.771988e-01  2.806312e-02 -5.681566e-02  2.280121e-02
 3.51724e+00  3.10345e+00       3.367e+11  9.164752e-01  1.634311e-02 -2.321506e-01  8.352475e-02
 3.93103e+00  3.10345e+00       2.639e+11  8.508122e-01 -3.456381e-02 -3.928716e-01  1.491878e-01
 4.34483e+00  3.10345e+00       3.202e+11  8.444178e-01 -6.233644e-02 -4.398183e-01  1.555822e-01
 4.75862e+00  3.10345e+00       4.132e+11  8.248291e-01 -5.869564e-02 -4.801124e-01  1.751709e-01
 5.17241e+00  3.10345e+00       4.182e+11  7.393435e-01 -5.299808e-02 -5.471209e-01  2.606565e-01
 5.58621e+00  3.10345e+00       3.327e+11  5.440507e-01 -4.926338e-02 -6.617095e-01  4.559493e-01
 6.00000e+00  3.10345e+00       2.689e+11  2.168116e-01 -2.536532e-02 -7.905519e-01  7.831884e-01
-6.00000e+00  3.51724e+00       3.904e+11  4.703323e-02  6.178451e-02  8.888339e-01  9.529668e-01
-5.58621e+00  3.51724e+00       3.483e+11  3.160082e-01  3.549609e-03  7.692886e-01  6.839918e-01
-5.17241e+00  3.51724e+00       4.109e+11  5.813635e-01 -4.798974e-02  6.040633e-01  4.186365e-01
-4.75862e+00  3.51724e+00       4.299e+11  7.497055e-01 -5.984022e-02  4.728193e-01  2.502945e-01
-4.34483e+00  3.51724e+00       3.651e+11  8.350665e-01 -6.351811e-02  3.978374e-01  1.649335e-01
-3.93103e+00  3.51724e+00       2.787e+11  8.323441e-01 -6.709968e-02  3.960437e-01  1.676559e-01
-3.51724e+00  3.51724e+00       2.024e+11  7.845249e-01 -6.917487e-02  3.914512e-01  2.154751e-01
-3.10345e+00  3.51724e+00       1.716e+11  8.162077e-01 -3.181951e-02  1.847826e-01  1.837923e-01
-2.68966e+00  3.51724e+00       3.013e+11  9.270544e-01  1.966181e-02 -1.322355e-01  7.294561e-02
-2.27586e+00  3.51724e+00       7.231e+11  9.441888e-01  1.420816e-02 -2.599700e-01  5.581118e-02
-1.86207e+00  3.51724e+00       1.301e+12  9.215020e-01 -5.533667e-03 -3.316749e-01  7.849796e-02
-1.44828e+00  3.51724e+00       1.500e+12  8.812076e-01 -3.821991e-02 -3.922723e-01  1.187924e-01
-1.03448e+00  3.51724e+00       1.103e+12  8.121343e-01 -8.414487e-02 -4.284383e-01  1.878657e-01
-6.20690e-01  3.51724e+00       5.948e+11  6.968740e-01 -1.046463e-01 -3.524914e-01  3.031260e-01
-2.06897e-01  3.51724e+00       3.736e+11  6.137279e-01 -1.793107e-02 -7.500891e-03  3.862721e-01
 2.06897e-01  3.51724e+00       4.283e+11  6.875652e-01  2.278240e-02  3.477514e-01  3.124348e-01
 6.20690e-01  3.51724e+00       6.998e+11  7.764150e-01 -1.990720e-02  4.806190e-01  2.235850e-01
 1.03448e+00  3.51724e+00       1.130e+12  8.317992e-01 -2.319788e-02  4.880096e-01  1.682008e-01
 1.44828e+00  3.51724e+00       1.425e+12  8.729931e-01 -1.045362e-03  4.401204e-01  1.270069e-01
 1.86207e+00  3.51724e+00       1.249e+12  9.083753e-01  1.910445e-02  3.631536e-01  9.162474e-02
 2.27586e+00  3.51724e+00       7.728e+11  9.380985e-01  3.487865e-02  2.536987e-01  6.190148e-02
 2.68966e+00  3.51724e+00       4.086e+11  9.471324e-01  4.588997e-02  7.615014e-02  5.286763e-02
 3.10345e+00  3.51724e+00       2.724e+11  9.089510e-01  2.053689e-02 -1.760269e-01  9.104902e-02
 3.51724e+00  3.51724e+00       2.620e+11  8.716864e-01 -3.219751e-02 -3.204827e-01  1.283136e-01
 3.93103e+00  3.51724e+00       3.242e+11  8.776972e-01 -5.775599e-02 -3.537640e-01  1.223028e-01
 4.34483e+00  3.51724e+00       4.415e+11  8.741116e-01 -5.489345e-02 -3.962117e-01  1.258884e-01
 4.75862e+00  3.51724e+00       4.989e+11  8.133704e-01 -5.059793e-02 -4.705439e-01  1.866296e-01
 5.17241e+00  3.51724e+00       4.406e+11  6.668616e-01 -5.418107e-02 -5.922119e-01  3.331384e-01
 5.58621e+00  3.51724e+00       3.510e+11  4.331787e-01 -4.625489e-02 -7.440750e-01  5.668213e-01
 6.00000e+00  3.51724e+00       3.350e+11  1.218417e-01 -1.983876e-02 -8.479640e-01  8.781583e-01
-6.00000e+00  3.93103e+00       5.142e+11  2.534426e-02  7.017651e-02  8.957763e-01  9.746557e-01
-5.58621e+00  3.93103e+00       3.773e+11  2.098318e-01  7.835355e-02  8.369708e-01  7.901682e-01
-5.17241e+00  3.93103e+00       3.962e+11  4.740027e-01  1.203921e-03  6.811761e-01  5.259973e-01
-4.75862e+00  3.93103e+00       4.762e+11  6.964135e-01 -4.428555e-02  5.047629e-01  3.035865e-01
-4.34483e+00  3.93103e+00       4.776e+11  8.319980e-01 -5.600671e-02  3.669641e-01  1.680020e-01
-3.93103e+00  3.93103e+00       3.983e+11  8.932995e-01 -5.949532e-02  2.921095e-01  1.067005e-01
-3.51724e+00  3.93103e+00       3.089e+11  8.804663e-01 -5.421139e-02  2.975776e-01  1.195337e-01
-3.10345e+00  3.93103e+00       2.239e+11  8.191357e-01 -5.898904e-02  3.187474e-01  1.808643e-01
-2.68966e+00  3.93103e+00       1.455e+11  7.561296e-01 -4.475768e-02  2.242980e-01  2.438704e-01
-2.27586e+00  3.93103e+00       1.104e+11  7.458586e-01  8.123762e-02 -1.210430e-01  2.541414e-01
-1.86207e+00  3.93103e+00       1.363e+11  7.410155e-01  1.558550e-01 -4.697915e-01  2.589845e-01
-1.44828e+00  3.93103e+00       1.999e+11  6.313174e-01  1.524542e-01 -6.512613e-01  3.686826e-01
-1.03448e+00  3.93103e+00       2.769e+11  4.049170e-01  1.794292e-01 -7.420148e-01  5.950830e-01
-6.20690e-01  3.93103e+00       3.400e+11  9.176025e-02  2.370575e-01 -6.858891e-01  9.082397e-01
-2.06897e-01  3.93103e+00       3.591e+11 -2.075176e-01  2.838795e-01 -3.853207e-01  7.924824e-01
 2.06897e-01  3.93103e+00       3.442e+11 -2.838145e-01  2.719693e-01  1.260775e-01  7.161855e-01
 6.20690e-01  3.93103e+00       3.224e+11 -8.085789e-03  2.010126e-01  5.377049e-01  9.919142e-01
 1.03448e+00  3.93103e+00       3.045e+11  4.221661e-01  1.390738e-01  6.177523e-01  5.778339e-01
 1.44828e+00  3.93103e+00       2.793e+11  7.190741e-01  1.168046e-01  5.057701e-01  2.809259e-01
 1.86207e+00  3.93103e+00       2.354e+11  8.443507e-01  1.083057e-01  3.445666e-01  1.556493e-01
 2.27586e+00  3.93103e+00       2.115e+11  8.922583e-01  7.726310e-02  9.021747e-02  1.077417e-01
 2.68966e+00  3.93103e+00       2.311e+11  8.986366e-01  1.003264e-02 -1.351262e-01  1.013634e-01
 3.10345e+00  3.93103e+00       2.619e+11  8.921064e-01 -3.718623e-02 -2.086404e-01  1.078936e-01
 3.51724e+00  3.93103e+00       3.336e+11  9.110105e-01 -5.144102e-02 -2.235172e-01  8.898949e-02
 3.93103e+00  3.93103e+00       4.741e+11  9.223811e-01 -4.963423e-02 -2.729666e-01  7.761890e-02
 4.34483e+00  3.93103e+00       5.581e+11  8.859515e-01 -4.648261e-02 -3.507947e-01  1.140485e-01
 4.75862e+00  3.93103e+00       5.060e+11  7.725784e-01 -4.942432e-02 -4.783035e-01  2.274216e-01
 5.17241e+00  3.93103e+00       4.103e+11  5.774895e-01 -4.135788e-02 -6.612729e-01  4.225105e-01
 5.58621e+00  3.93103e+00       3.698e+11  3.547773e-01 -4.073858e-03 -8.098885e-01  6.452227e-01
 6.00000e+00  3.93103e+00       4.654e+11  8.734170e-02  4.371742e-03 -8.837117e-01  9.126583e-01
-6.00000e+00  4.34483e+00       7.983e+11  6.795390e-02  3.149658e-02  9.228856e-01  9.320461e-01
-5.58621e+00  4.34483e+00       5.312e+11  2.009485e-01  8.216978e-02  8.871705e-01  7.990515e-01
-5.17241e+00  4.34483e+00       4.031e+11  3.663010e-01  6.375711e-02  7.938605e-01  6.336990e-01
-4.75862e+00  4.34483e+00       4.449e+11  5.976360e-01 -1.540149e-02  5.966457e-01  4.023640e-01
-4.34483e+00  4.34483e+00       5.291e+11  7.813621e-01 -4.917260e-02  3.904931e-01  2.186379e-01
-3.93103e+00  4.34483e+00       5.218e+11  8.912994e-01 -5.608162e-02  2.273925e-01  1.087006e-01
-3.51724e+00  4.34483e+00       4.382e+11  9.406920e-01 -5.654428e-02  1.308454e-01  5.930796e-02
-3.10345e+00  4.34483e+00       3.513e+11  9.339864e-01 -3.790862e-02  1.257765e-01  6.601365e-02
-2.68966e+00  4.34483e+00       2.727e+11  8.790721e-01 -3.301471e-02  1.698211e-01  1.209279e-01
-2.27586e+00  4.34483e+00       1.861e+11  7.830928e-01 -7.467866e-02  1.813138e-01  2.169072e-01
-1.86207e+00  4.34483e+00       1.083e+11  6.269725e-01 -2.920674e-02  9.411588e-02  3.730275e-01
-1.44828e+00  4.34483e+00       6.535e+10  4.314274e-01  2.701280e-01 -1.354013e-01  5.685726e-01
-1.03448e+00  4.34483e+00       5.187e+10  3.181706e-01  4.995282e-01 -3.785527e-01  6.818294e-01
-6.20690e-01  4.34483e+00       4.935e+10  1.945595e-01  4.327780e-01 -4.894358e-01  8.054405e-01
-2.06897e-01  4.34483e+00       4.787e+10 -1.254135e-02  2.978522e-01 -4.304088e-01  9.874586e-01
 2.06897e-01  4.34483e+00       4.922e+10 -5.521727e-02  2.621128e-01 -1.752153e-01  9.447827e-01
 6.20690e-01  4.34483e+00       6.160e+10  2.570873e-01  3.318530e-01  1.314987e-01  7.429127e-01
 1.03448e+00  4.34483e+00       8.980e+10  6.062509e-01  3.289953e-01  2.783577e-01  3.937491e-01
 1.44828e+00  4.34483e+00       1.341e+11  8.018648e-01  1.950217e-01  2.247536e-01  1.981352e-01
 1.86207e+00  4.34483e+00       1.914e+11  8.808751e-01  3.736802e-02  7.962376e-02  1.191249e-01
 2.27586e+00  4.34483e+00       2.331e+11  8.863458e-01 -3.851271e-02 -1.111826e-02  1.136542e-01
 2.68966e+00  4.34483e+00       2.571e+11  8.832402e-01 -4.100651e-02 -1.759801e-02  1.167598e-01
 3.10345e+00  4.34483e+00       3.503e+11  9.272452e-01 -3.836603e-02 -3.294913e-02  7.275480e-02
 3.51724e+00  4.34483e+00       5.200e+11  9.567447e-01 -4.225561e-02 -1.047755e-01  4.325527e-02
 3.93103e+00  4.34483e+00       6.113e+11  9.370241e-01 -4.406531e-02 -1.989019e-01  6.297595e-02
 4.34483e+00  4.34483e+00       5.547e+11  8.494265e-01 -5.216372e-02 -3.446110e-01  1.505735e-01
 4.75862e+00  4.34483e+00       4.539e+11  6.867974e-01 -5.156686e-02 -5.566525e-01  3.132026e-01
 5.17241e+00  4.34483e+00       4.007e+11  5.092053e-01 -1.534669e-02 -7.384861e-01  4.907947e-01
 5.58621e+00  4.34483e+00       4.597e+11  2.939048e-01  7.549389e-03 -8.469001e-01  7.060952e-01
 6.00000e+00  4.34483e+00       7.209e+11  6.131650e-02 -1.255390e-02 -9.194937e-01  9.386835e-01
-6.00000e+00  4.75862e+00       1.159e+12  1.287782e-01  2.067352e-03  9.378678e-01  8.712218e-01
-5.58621e+00  4.75862e+00       8.392e+11  2.537571e-01  4.536516e-02  8.952296e-01  7.462429e-01
-5.17241e+00  4.75862e+00       5.494e+11  3.666252e-01  9.341210e-02  8.431838e-01  6.333748e-01
-4.75862e+00  4.75862e+00       4.149e+11  4.974623e-01  6.184487e-02  7.326953e-01  5.025377e-01
-4.34483e+00  4.75862e+00       4.606e+11  6.858313e-01 -2.063231e-02  5.048066e-01  3.141687e-01
-3.93103e+00  4.75862e+00       5.521e+11  8.339898e-01 -5.257295e-02  2.581394e-01  1.660102e-01
-3.51724e+00  4.75862e+00       5.563e+11  9.160365e-01 -5.669446e-02  5.303557e-02  8.396351e-02
-3.10345e+00  4.75862e+00       4.792e+11  9.471194e-01 -5.996017e-02 -9.312338e-02  5.288065e-02
-2.68966e+00  4.75862e+00       3.926e+11  9.461488e-01 -4.027462e-02 -1.510468e-01  5.385123e-02
-2.27586e+00  4.75862e+00       3.258e+11  9.201126e-01  1.930087e-02 -1.223366e-01  7.988743e-02
-1.86207e+00  4.75862e+00       2.713e+11  8.594510e-01  2.387885e-02 -5.054288e-02  1.405490e-01
-1.44828e+00  4.75862e+00       2.062e+11  7.392331e-01 -1.088409e-01  2.418537e-02  2.607669e-01
-1.03448e+00  4.75862e+00       1.388e+11  5.621744e-01 -3.180300e-01  9.708165e-02  4.378256e-01
-6.20690e-01  4.75862e+00       9.678e+10  4.688372e-01 -4.189380e-01  2.402233e-01  5.311628e-01
-2.06897e-01  4.75862e+00       8.588e+10  5.662412e-01 -3.264084e-01  4.387958e-01  4.337588e-01
 2.06897e-01  4.75862e+00       1.036e+11  6.899767e-01 -2.360753e-01  5.087109e-01  3.100233e-01
 6.20690e-01  4.75862e+00       1.470e+11  7.449304e-01 -2.245115e-01  4.482229e-01  2.550696e-01
 1.03448e+00  4.75862e+00       1.925e+11  7.570443e-01 -2.090323e-01  3.339281e-01  2.429557e-01
 1.44828e+00  4.75862e+00       2.038e+11  7.272725e-01 -1.327962e-01  2.203582e-01  2.727275e-01
 1.86207e+00  4.75862e+00       1.962e+11  6.938559e-01 -7.065967e-03  2.023386e-01  3.061441e-01
 2.27586e+00  4.75862e+00       2.481e+11  7.835600e-01  1.932901e-02  2.606375e-01  2.164400e-01
 2.68966e+00  4.75862e+00       4.067e+11  9.049917e-01 -2.408957e-02  2.148379e-01  9.500826e-02
 3.10345e+00  4.75862e+00       5.835e+11  9.569866e-01 -3.857207e-02  1.146577e-01  4.301343e-02
 3.51724e+00  4.75862e+00       6.335e+11  9.551241e-01 -4.528873e-02 -7.043438e-03  4.487592e-02
 3.93103e+00  4.75862e+00       5.546e+11  8.906022e-01 -6.001180e-02 -1.910256e-01  1.093978e-01
 4.34483e+00  4.75862e+00       4.591e+11  7.620362e-01 -6.187041e-02 -4.442758e-01  2.379638e-01
 4.75862e+00  4.75862e+00       4.144e+11  6.309359e-01 -2.018606e-02 -6.478059e-01  3.690641e-01
 5.17241e+00  4.75862e+00       4.589e+11  4.746017e-01  1.235557e-02 -7.710244e-01  5.253983e-01
 5.58621e+00  4.75862e+00       6.991e+11  2.567746e-01 -8.339500e-03 -8.820113e-01  7.432254e-01
 6.00000e+00  4.75862e+00       1.126e+12  1.009021e-01 -1.935291e-02 -9.472394e-01  8.990979e-01
-6.00000e+00  5.17241e+00       1.493e+12  2.023681e-01 -1.159732e-02  9.433940e-01  7.976319e-01
-5.58621e+00  5.17241e+00       1.241e+12  3.139974e-01  7.313125e-03  8.937020e-01  6.860026e-01
-5.17241e+00  5.17241e+00       9.000e+11  4.337629e-01  5.436624e-02  8.283808e-01  5.662371e-01
-4.75862e+00  5.17241e+00       5.804e+11  5.243710e-01  1.041142e-01  7.650215e-01  4.756290e-01
-4.34483e+00  5.17241e+00       4.089e+11  6.069692e-01  7.651498e-02  6.652943e-01  3.930308e-01
-3.93103e+00  5.17241e+00       4.279e+11  7.386022e-01 -1.453786e-02  4.333133e-01  2.613978e-01
-3.51724e+00  5.17241e+00       5.205e+11  8.434260e-01 -5.757025e-02  1.368286e-01  1.565740e-01
-3.10345e+00  5.17241e+00       5.553e+11  8.852383e-01 -6.084259e-02 -1.302784e-01  1.147617e-01
-2.68966e+00  5.17241e+00       5.020e+11  8.665854e-01 -6.061925e-02 -3.454414e-01  1.334146e-01
-2.27586e+00  5.17241e+00       4.206e+11  8.099883e-01 -7.242530e-02 -5.047816e-01  1.900117e-01
-1.86207e+00  5.17241e+00       3.482e+11  7.561305e-01 -5.545732e-02 -5.846063e-01  2.438695e-01
-1.44828e+00  5.17241e+00       2.780e+11  7.141707e-01  5.464606e-03 -5.744588e-01  2.858293e-01
-1.03448e+00  5.17241e+00       2.047e+11  6.142065e-01  1.368473e-01 -4.781517e-01  3.857935e-01
-6.20690e-01  5.17241e+00       1.604e+11  3.867411e-01  4.102164e-01 -3.422528e-01  6.132589e-01
-2.06897e-01  5.17241e+00       1.531e+11  1.959653e-01  6.351611e-01 -2.354609e-01  8.040347e-01
 2.06897e-01  5.17241e+00       1.474e+11  1.395821e-01  6.666557e-01 -9.514606e-02  8.604179e-01
 6.20690e-01  5.17241e+00       1.314e+11  1.464297e-01  5.163623e-01  1.308076e-01  8.535703e-01
 1.03448e+00  5.17241e+00       1.348e+11  1.846897e-01  2.238793e-01  4.289957e-01  8.153103e-01
 1.44828e+00  5.17241e+00       2.015e+11  3.772132e-01  3.625771e-02  6.210395e-01  6.227868e-01
 1.86207e+00  5.17241e+00       3.463e+11  6.284504e-01 -2.135357e-02  6.110368e-01  3.715496e-01
 2.27586e+00  5.17241e+00       5.107e+11  7.917417e-01 -3.937241e-02  5.107536e-01  2.082583e-01
 2.68966e+00  5.17241e+00       5.978e+11  8.807178e-01 -4.436723e-02  3.758531e-01  1.192822e-01
 3.10345e+00  5.17241e+00       5.726e+11  9.137041e-01 -5.824435e-02  2.042963e-01  8.629593e-02
 3.51724e+00  5.17241e+00       4.866e+11  8.825756e-01 -8.126911e-02 -4.610754e-02  1.174244e-01
 3.93103e+00  5.17241e+00       4.211e+11  8.028195e-01 -7.363803e-02 -3.450794e-01  1.971805e-01
 4.34483e+00  5.17241e+00       4.063e+11  7.295997e-01 -1.467640e-02 -5.418733e-01  2.704003e-01
 4.75862e+00  5.17241e+00       4.576e+11  6.258426e-01  1.967404e-02 -6.606308e-01  3.741574e-01
 5.17241e+00  5.17241e+00       6.892e+11  4.370724e-01 -6.346990e-03 -8.066185e-01  5.629276e-01
 5.58621e+00  5.17241e+00       1.151e+12  2.832307e-01 -2.054405e-02 -9.082551e-01  7.167693e-01
 6.00000e+00  5.17241e+00       1.566e+12  1.843358e-01 -1.089139e-02 -9.547361e-01  8.156642e-01
-6.00000e+00  5.58621e+00       1.700e+12  2.849030e-01 -1.207295e-02  9.366048e-01  7.150970e-01
-5.58621e+00  5.58621e+00       1.589e+12  3.805687e-01 -1.051972e-02  8.868311e-01  6.194313e-01
-5.17241e+00  5.58621e+00       1.332e+12  4.910469e-01  9.364595e-03  8.116379e-01  5.089531e-01
-4.75862e+00  5.58621e+00       9.941e+11  6.017333e-01  5.571925e-02  7.201255e-01  3.982667e-01
-4.34483e+00  5.58621e+00       6.432e+11  6.757942e-01  1.122281e-01  6.416107e-01  3.242058e-01
-3.93103e+00  5.58621e+00       4.022e+11  7.131932e-01  1.123783e-01  5.715299e-01  2.868068e-01
-3.51724e+00  5.58621e+00       3.536e+11  7.785300e-01  1.807930e-02  4.065682e-01  2.214700e-01
-3.10345e+00  5.58621e+00       4.124e+11  8.226571e-01 -5.630641e-02  1.081907e-01  1.773429e-01
-2.68966e+00  5.58621e+00       4.713e+11  7.938628e-01 -8.284375e-02 -2.436879e-01  2.061372e-01
-2.27586e+00  5.58621e+00       4.710e+11  6.997098e-01 -7.016968e-02 -5.304428e-01  3.002902e-01
-1.86207e+00  5.58621e+00       4.008e+11  5.189225e-01 -4.910166e-02 -7.305887e-01  4.810775e-01
-1.44828e+00  5.58621e+00       3.397e+11  2.139903e-01 -7.733272e-02 -8.680069e-01  7.860097e-01
-1.03448e+00  5.58621e+00       3.280e+11 -1.017677e-01 -1.495193e-01 -8.837346e-01  8.982323e-01
-6.20690e-01  5.58621e+00       3.127e+11 -3.655152e-01 -2.100866e-01 -7.418490e-01  6.344848e-01
-2.06897e-01  5.58621e+00       2.825e+11 -5.983695e-01 -2.452820e-01 -3.840947e-01  4.016305e-01
 2.06897e-01  5.58621e+00       2.811e+11 -6.709400e-01 -2.368308e-01  1.566682e-01  3.290600e-01
 6.20690e-01  5.58621e+00       3.180e+11 -4.939882e-01 -1.880113e-01  5.974040e-01  5.060118e-01
 1.03448e+00  5.58621e+00       3.626e+11 -1.586032e-01 -1.241902e-01  8.089430e-01  8.413968e-01
 1.44828e+00  5.58621e+00       4.065e+11  2.353846e-01 -6.778169e-02  8.327909e-01  7.646154e-01
 1.86207e+00  5.58621e+00       4.534e+11  5.444058e-01 -4.888527e-02  7.418568e-01  4.555942e-01
 2.27586e+00  5.58621e+00       4.649e+11  7.115395e-01 -6.887140e-02  5.974147e-01  2.884605e-01
 2.68966e+00  5.58621e+00       4.175e+11  7.927536e-01 -1.071960e-01  3.651403e-01  2.072464e-01
 3.10345e+00  5.58621e+00       3.650e+11  8.254290e-01 -1.253994e-01  1.883185e-02  1.745710e-01
 3.51724e+00  5.58621e+00       3.583e+11  8.260817e-01 -6.934343e-02 -2.736790e-01  1.739183e-01
 3.93103e+00  5.58621e+00       3.863e+11  8.158439e-01  1.283247e-02 -4.025372e-01  1.841561e-01
 4.34483e+00  5.58621e+00       4.551e+11  7.485392e-01  2.838338e-02 -5.123539e-01  2.514608e-01
 4.75862e+00  5.58621e+00       6.985e+11  5.924821e-01 -9.325833e-03 -6.991967e-01  4.075179e-01
 5.17241e+00  5.58621e+00       1.190e+12  4.563734e-01 -2.111321e-02 -8.354331e-01  5.436266e-01
 5.58621e+00  5.58621e+00       1.673e+12  3.628946e-01 -9.490487e-03 -9.035825e-01  6.371054e-01
 6.00000e+00  5.58621e+00       1.829e+12  2.843685e-01  4.468949e-03 -9.413269e-01  7.156315e-01
-6.00000e+00  6.00000e+00       1.792e+12  3.867362e-01 -6.177801e-03  9.109027e-01  6.132638e-01
-5.58621e+00  6.00000e+00       1.797e+12  4.548695e-01 -1.145021e-02  8.702191e-01  5.451305e-01
-5.17241e+00  6.00000e+00       1.650e+12  5.471022e-01 -1.019492e-02  7.977857e-01  4.528978e-01
-4.75862e+00  6.00000e+00       1.414e+12  6.482428e-01  6.519716e-03  6.944700e-01  3.517572e-01
-4.34483e+00  6.00000e+00       1.116e+12  7.464099e-01  4.755465e-02  5.693356e-01  2.535901e-01
-3.93103e+00  6.00000e+00       7.694e+11  8.129253e-01  1.085340e-01  4.584726e-01  1.870747e-01
-3.51724e+00  6.00000e+00       4.497e+11  8.242919e-01  1.537337e-01  3.938577e-01  1.757081e-01
-3.10345e+00  6.00000e+00       2.913e+11  8.288210e-01  1.037376e-01  3.269013e-01  1.711790e-01
-2.68966e+00  6.00000e+00       2.834e+11  8.644305e-01 -1.789963e-04  1.755994e-01  1.355695e-01
-2.27586e+00  6.00000e+00       3.036e+11  8.157935e-01 -8.308412e-02 -5.901438e-02  1.842065e-01
-1.86207e+00  6.00000e+00       3.044e+11  6.008856e-01 -1.434813e-01 -3.764146e-01  3.991144e-01
-1.44828e+00  6.00000e+00       3.050e+11  1.941341e-01 -1.725106e-01 -6.599557e-01  8.058659e-01
-1.03448e+00  6.00000e+00       3.177e+11 -2.380752e-01 -1.772352e-01 -7.529419e-01  7.619248e-01
-6.20690e-01  6.00000e+00       3.189e+11 -5.480542e-01 -1.387911e-01 -6.128332e-01  4.519458e-01
-2.06897e-01  6.00000e+00       3.018e+11 -7.358641e-01 -8.043163e-02 -2.472524e-01  2.641359e-01
 2.06897e-01  6.00000e+00       2.998e+11 -7.226874e-01 -6.724253e-02  2.569861e-01  2.773126e-01
 6.20690e-01  6.00000e+00       3.203e+11 -5.058260e-01 -1.071621e-01  6.520650e-01  4.941740e-01
 1.03448e+00  6.00000e+00       3.200e+11 -2.312907e-01 -1.498906e-01  8.272320e-01  7.687093e-01
 1.44828e+00  6.00000e+00       2.757e+11  6.393011e-02 -1.933675e-01  7.982877e-01  9.360699e-01
 1.86207e+00  6.00000e+00       2.363e+11  4.088962e-01 -2.487892e-01  5.442365e-01  5.911038e-01
 2.27586e+00  6.00000e+00       2.347e+11  6.714869e-01 -2.365253e-01  1.992044e-01  3.285131e-01
 2.68966e+00  6.00000e+00       2.644e+11  7.981067e-01 -1.176513e-01 -4.779915e-02  2.018933e-01
 3.10345e+00  6.00000e+00       3.203e+11  8.629225e-01  9.801806e-03 -1.434761e-01  1.370775e-01
 3.51724e+00  6.00000e+00       3.693e+11  8.816871e-01  5.796721e-02 -1.825654e-01  1.183129e-01
 3.93103e+00  6.00000e+00       4.552e+11  8.306922e-01  2.354463e-02 -3.303030e-01  1.693078e-01
 4.34483e+00  6.00000e+00       7.426e+11  7.175722e-01 -1.925787e-02 -5.720958e-01  2.824278e-01
 4.75862e+00  6.00000e+00       1.267e+12  6.156760e-01 -2.036739e-02 -7.310670e-01  3.843240e-01
 5.17241e+00  6.00000e+00       1.773e+12  5.351401e-01 -4.386433e-03 -8.173361e-01  4.648599e-01
 5.58621e+00  6.00000e+00       1.974e+12  4.619512e-01  8.932322e-03 -8.715169e-01  5.380488e-01
 6.00000e+00  6.00000e+00       1.830e+12  3.911302e-01  1.063697e-02 -9.088277e-01  6.088698e-01
