 EB(GeV)    EMITTANCEx EMITTANCEy SIZEx(m)   SIZEy(m)   DIVx(rad)  DIVy(rad)
 1.500e+00  5.941e-09  5.941e-11  1.840e-04  1.299e-05  3.228e-05  4.574e-06
 betax      alphax     betay      alphay     eta        deta       E_spread  
 5.700e+00  0.000e+00  2.840e+00  0.000e+00  0.000e+00  0.000e+00  1.000e-03
 Ibeam(A) 
  2.000e-01


           x            y       F.Density            PL            PC          PL45        1-|PL|
          mm           mm  ph/s/mm^2/0.1%             -             -             -             -
-6.00000e+00 -6.00000e+00       1.644e+12  5.267252e-01  7.040425e-03 -8.272805e-01  4.732748e-01
-5.58621e+00 -6.00000e+00       2.175e+12  5.711333e-01  2.797153e-03 -8.014871e-01  4.288667e-01
-5.17241e+00 -6.00000e+00       2.294e+12  6.109744e-01 -5.052821e-04 -7.668160e-01  3.890256e-01
-4.75862e+00 -6.00000e+00       1.996e+12  6.698220e-01 -6.690589e-03 -6.969323e-01  3.301780e-01
-4.34483e+00 -6.00000e+00       1.626e+12  7.515231e-01 -1.339442e-02 -5.715591e-01  2.484769e-01
-3.93103e+00 -6.00000e+00       1.350e+12  8.360750e-01 -1.953199e-02 -4.046286e-01  1.639250e-01
-3.51724e+00 -6.00000e+00       1.071e+12  8.955602e-01 -3.929012e-02 -2.470437e-01  1.044398e-01
-3.10345e+00 -6.00000e+00       7.127e+11  9.113945e-01 -8.456591e-02 -1.402429e-01  8.860553e-02
-2.68966e+00 -6.00000e+00       4.017e+11  8.700300e-01 -1.401776e-01 -9.726148e-02  1.299700e-01
-2.27586e+00 -6.00000e+00       2.636e+11  8.015012e-01 -1.290899e-01 -2.871009e-02  1.984988e-01
-1.86207e+00 -6.00000e+00       2.587e+11  7.961341e-01 -6.136221e-02  1.293633e-01  2.038659e-01
-1.44828e+00 -6.00000e+00       2.614e+11  7.719187e-01 -3.327638e-02  1.796115e-01  2.280813e-01
-1.03448e+00 -6.00000e+00       2.124e+11  5.903027e-01  5.520999e-02  1.027242e-01  4.096973e-01
-6.20690e-01 -6.00000e+00       1.634e+11  1.574987e-01  2.975196e-01 -7.254774e-03  8.425013e-01
-2.06897e-01 -6.00000e+00       1.536e+11 -2.002764e-01  4.876623e-01 -1.355214e-01  7.997236e-01
 2.06897e-01 -6.00000e+00       1.702e+11 -1.404360e-01  4.606010e-01 -3.344399e-01  8.595640e-01
 6.20690e-01 -6.00000e+00       1.910e+11  1.600002e-01  3.277060e-01 -4.358043e-01  8.399998e-01
 1.03448e+00 -6.00000e+00       1.986e+11  4.179153e-01  1.987176e-01 -3.392217e-01  5.820847e-01
 1.44828e+00 -6.00000e+00       2.050e+11  5.447440e-01  1.056593e-01 -1.779509e-01  4.552560e-01
 1.86207e+00 -6.00000e+00       2.455e+11  6.646872e-01  2.867916e-03 -1.172048e-01  3.353128e-01
 2.27586e+00 -6.00000e+00       3.124e+11  7.869198e-01 -6.026011e-02 -1.204860e-01  2.130802e-01
 2.68966e+00 -6.00000e+00       3.671e+11  8.550226e-01 -3.200820e-02 -1.066006e-01  1.449774e-01
 3.10345e+00 -6.00000e+00       4.390e+11  8.845307e-01  2.576687e-02 -5.452744e-03  1.154693e-01
 3.51724e+00 -6.00000e+00       6.447e+11  8.700511e-01  4.136343e-02  2.202251e-01  1.299489e-01
 3.93103e+00 -6.00000e+00       1.103e+12  8.144385e-01  2.127902e-02  4.452477e-01  1.855615e-01
 4.34483e+00 -6.00000e+00       1.716e+12  7.498168e-01  3.019707e-03  5.928932e-01  2.501832e-01
 4.75862e+00 -6.00000e+00       2.154e+12  6.815822e-01 -5.376736e-03  6.924671e-01  3.184178e-01
 5.17241e+00 -6.00000e+00       2.262e+12  6.075098e-01 -6.546738e-03  7.686439e-01  3.924902e-01
 5.58621e+00 -6.00000e+00       2.126e+12  5.411803e-01 -6.635287e-03  8.209610e-01  4.588197e-01
 6.00000e+00 -6.00000e+00       1.815e+12  4.907130e-01 -1.104092e-02  8.514940e-01  5.092870e-01
-6.00000e+00 -5.58621e+00       1.968e+12  4.069651e-01  3.453782e-03 -8.980199e-01  5.930349e-01
-5.58621e+00 -5.58621e+00       2.145e+12  4.535625e-01 -7.162619e-05 -8.706043e-01  5.464375e-01
-5.17241e+00 -5.58621e+00       1.930e+12  5.242858e-01 -4.452857e-03 -8.129750e-01  4.757142e-01
-4.75862e+00 -5.58621e+00       1.595e+12  6.239826e-01 -9.518990e-03 -7.110768e-01  3.760174e-01
-4.34483e+00 -5.58621e+00       1.278e+12  7.305397e-01 -2.385172e-02 -5.822276e-01  2.694603e-01
-3.93103e+00 -5.58621e+00       9.191e+11  8.045266e-01 -5.983834e-02 -4.719386e-01  1.954734e-01
-3.51724e+00 -5.58621e+00       5.599e+11  8.265866e-01 -1.048346e-01 -3.960252e-01  1.734134e-01
-3.10345e+00 -5.58621e+00       3.667e+11  8.278614e-01 -9.496605e-02 -3.077630e-01  1.721386e-01
-2.68966e+00 -5.58621e+00       3.278e+11  8.437316e-01 -2.533497e-02 -1.669574e-01  1.562684e-01
-2.27586e+00 -5.58621e+00       3.110e+11  7.931345e-01  3.958887e-02  4.353921e-02  2.068655e-01
-1.86207e+00 -5.58621e+00       2.931e+11  5.668709e-01  1.040511e-01  3.846198e-01  4.331291e-01
-1.44828e+00 -5.58621e+00       3.107e+11  1.774942e-01  1.645325e-01  7.061578e-01  8.225058e-01
-1.03448e+00 -5.58621e+00       3.415e+11 -1.785542e-01  1.907077e-01  7.927645e-01  8.214458e-01
-6.20690e-01 -5.58621e+00       3.350e+11 -4.707869e-01  1.699146e-01  6.351789e-01  5.292131e-01
-2.06897e-01 -5.58621e+00       3.043e+11 -6.885612e-01  1.343560e-01  2.406210e-01  3.114388e-01
 2.06897e-01 -5.58621e+00       2.957e+11 -6.843952e-01  1.279058e-01 -2.830346e-01  3.156048e-01
 6.20690e-01 -5.58621e+00       3.201e+11 -4.424595e-01  1.423974e-01 -6.786650e-01  5.575405e-01
 1.03448e+00 -5.58621e+00       3.419e+11 -1.339538e-01  1.342651e-01 -8.399618e-01  8.660462e-01
 1.44828e+00 -5.58621e+00       3.267e+11  1.842006e-01  1.049916e-01 -7.901480e-01  8.157994e-01
 1.86207e+00 -5.58621e+00       3.101e+11  5.257774e-01  1.001838e-01 -5.319877e-01  4.742226e-01
 2.27586e+00 -5.58621e+00       3.257e+11  7.531698e-01  1.094163e-01 -2.181967e-01  2.468302e-01
 2.68966e+00 -5.58621e+00       3.508e+11  8.321431e-01  6.923495e-02  1.214950e-02  1.678569e-01
 3.10345e+00 -5.58621e+00       3.891e+11  8.625223e-01  4.931651e-03  1.493490e-01  1.374777e-01
 3.51724e+00 -5.58621e+00       4.513e+11  8.688919e-01 -6.175325e-03  2.386949e-01  1.311081e-01
 3.93103e+00 -5.58621e+00       6.009e+11  8.131945e-01  1.878172e-02  3.973405e-01  1.868055e-01
 4.34483e+00 -5.58621e+00       9.899e+11  7.066478e-01  2.167743e-02  5.992062e-01  2.933522e-01
 4.75862e+00 -5.58621e+00       1.593e+12  6.103744e-01  9.528397e-03  7.348215e-01  3.896256e-01
 5.17241e+00 -5.58621e+00       2.060e+12  5.280910e-01 -2.511549e-04  8.164931e-01  4.719090e-01
 5.58621e+00 -5.58621e+00       2.147e+12  4.480001e-01 -4.375873e-03  8.732821e-01  5.519999e-01
 6.00000e+00 -5.58621e+00       1.945e+12  3.777486e-01 -5.426007e-03  9.108729e-01  6.222514e-01
-6.00000e+00 -5.17241e+00       1.951e+12  2.906010e-01  7.600206e-04 -9.377791e-01  7.093990e-01
-5.58621e+00 -5.17241e+00       1.828e+12  3.645462e-01 -2.457892e-03 -8.968558e-01  6.354538e-01
-5.17241e+00 -5.17241e+00       1.520e+12  4.710928e-01 -7.780111e-03 -8.222345e-01  5.289072e-01
-4.75862e+00 -5.17241e+00       1.175e+12  5.889218e-01 -2.756829e-02 -7.261802e-01  4.110782e-01
-4.34483e+00 -5.17241e+00       8.050e+11  6.743033e-01 -6.851289e-02 -6.413232e-01  3.256967e-01
-3.93103e+00 -5.17241e+00       5.069e+11  7.178057e-01 -9.464829e-02 -5.648135e-01  2.821943e-01
-3.51724e+00 -5.17241e+00       3.962e+11  7.666261e-01 -4.614021e-02 -4.246435e-01  2.333739e-01
-3.10345e+00 -5.17241e+00       4.136e+11  8.093424e-01  2.692188e-02 -1.438167e-01  1.906576e-01
-2.68966e+00 -5.17241e+00       4.811e+11  7.921093e-01  7.196420e-02  2.362750e-01  2.078907e-01
-2.27586e+00 -5.17241e+00       5.360e+11  7.132304e-01  7.834944e-02  5.315993e-01  2.867696e-01
-1.86207e+00 -5.17241e+00       4.980e+11  5.667036e-01  7.608820e-02  7.133330e-01  4.332964e-01
-1.44828e+00 -5.17241e+00       4.137e+11  3.007247e-01  1.178499e-01  8.282378e-01  6.992753e-01
-1.03448e+00 -5.17241e+00       3.652e+11 -6.031140e-02  1.898456e-01  8.270101e-01  9.396886e-01
-6.20690e-01 -5.17241e+00       3.327e+11 -3.988452e-01  2.181221e-01  6.412478e-01  6.011548e-01
-2.06897e-01 -5.17241e+00       3.029e+11 -6.299377e-01  2.009770e-01  2.103359e-01  3.700623e-01
 2.06897e-01 -5.17241e+00       3.118e+11 -6.137342e-01  1.770653e-01 -3.512342e-01  3.862658e-01
 6.20690e-01 -5.17241e+00       3.602e+11 -3.722588e-01  1.610061e-01 -7.250567e-01  6.277412e-01
 1.03448e+00 -5.17241e+00       4.184e+11 -3.240666e-02  1.272323e-01 -8.593734e-01  9.675933e-01
 1.44828e+00 -5.17241e+00       4.878e+11  3.206170e-01  7.939027e-02 -8.372999e-01  6.793830e-01
 1.86207e+00 -5.17241e+00       5.485e+11  5.738941e-01  5.515015e-02 -7.346194e-01  4.261059e-01
 2.27586e+00 -5.17241e+00       5.465e+11  7.261272e-01  5.254617e-02 -5.691354e-01  2.738728e-01
 2.68966e+00 -5.17241e+00       4.967e+11  8.206108e-01  5.723607e-02 -2.985252e-01  1.793892e-01
 3.10345e+00 -5.17241e+00       4.551e+11  8.557521e-01  6.287206e-02  3.313525e-02  1.442479e-01
 3.51724e+00 -5.17241e+00       4.406e+11  8.394293e-01  3.993540e-02  2.837964e-01  1.605707e-01
 3.93103e+00 -5.17241e+00       4.646e+11  8.032551e-01  5.060987e-03  4.251671e-01  1.967449e-01
 4.34483e+00 -5.17241e+00       5.852e+11  7.161768e-01  6.744466e-03  5.622435e-01  2.838232e-01
 4.75862e+00 -5.17241e+00       9.360e+11  5.730912e-01  1.637616e-02  7.284101e-01  4.269088e-01
 5.17241e+00 -5.17241e+00       1.503e+12  4.537454e-01  1.101709e-02  8.403356e-01  5.462546e-01
 5.58621e+00 -5.17241e+00       1.933e+12  3.633903e-01  2.675303e-03  9.021913e-01  6.366097e-01
 6.00000e+00 -5.17241e+00       1.968e+12  2.829739e-01 -2.245069e-03  9.402562e-01  7.170261e-01
-6.00000e+00 -4.75862e+00       1.701e+12  1.993464e-01  1.360866e-05 -9.488914e-01  8.006536e-01
-5.58621e+00 -4.75862e+00       1.432e+12  3.026296e-01 -5.567053e-03 -8.993545e-01  6.973704e-01
-5.17241e+00 -4.75862e+00       1.087e+12  4.276301e-01 -2.674417e-02 -8.291898e-01  5.723699e-01
-4.75862e+00 -4.75862e+00       7.397e+11  5.294854e-01 -6.758988e-02 -7.599536e-01  4.705146e-01
-4.34483e+00 -4.75862e+00       4.937e+11  6.035765e-01 -8.128250e-02 -6.745448e-01  3.964235e-01
-3.93103e+00 -4.75862e+00       4.406e+11  7.124545e-01 -1.933722e-02 -4.752559e-01  2.875455e-01
-3.51724e+00 -4.75862e+00       5.224e+11  8.298890e-01  4.117747e-02 -1.609024e-01  1.701110e-01
-3.10345e+00 -4.75862e+00       6.129e+11  8.875899e-01  6.360078e-02  1.216426e-01  1.124101e-01
-2.68966e+00 -4.75862e+00       5.984e+11  8.784777e-01  7.743102e-02  3.242250e-01  1.215223e-01
-2.27586e+00 -4.75862e+00       4.932e+11  8.227809e-01  1.080346e-01  4.815862e-01  1.772191e-01
-1.86207e+00 -4.75862e+00       3.779e+11  7.503602e-01  1.331034e-01  5.912029e-01  2.496398e-01
-1.44828e+00 -4.75862e+00       2.834e+11  6.794376e-01  1.111846e-01  6.248178e-01  3.205624e-01
-1.03448e+00 -4.75862e+00       2.107e+11  5.877753e-01 -2.554576e-02  5.591823e-01  4.122247e-01
-6.20690e-01 -4.75862e+00       1.750e+11  4.436497e-01 -3.260662e-01  4.381701e-01  5.563503e-01
-2.06897e-01 -4.75862e+00       1.719e+11  3.170867e-01 -5.590350e-01  3.468765e-01  6.829133e-01
 2.06897e-01 -4.75862e+00       1.652e+11  2.632817e-01 -5.898264e-01  2.112276e-01  7.367183e-01
 6.20690e-01 -4.75862e+00       1.506e+11  2.669664e-01 -4.037543e-01 -7.891376e-02  7.330336e-01
 1.03448e+00 -4.75862e+00       1.638e+11  3.280139e-01 -7.183994e-02 -4.628002e-01  6.719861e-01
 1.44828e+00 -4.75862e+00       2.487e+11  5.153634e-01  7.304124e-02 -6.233096e-01  4.846366e-01
 1.86207e+00 -4.75862e+00       4.223e+11  7.198272e-01  6.609218e-02 -5.687986e-01  2.801728e-01
 2.27586e+00 -4.75862e+00       6.144e+11  8.397711e-01  5.025259e-02 -4.669657e-01  1.602289e-01
 2.68966e+00 -4.75862e+00       7.017e+11  8.997937e-01  4.149496e-02 -3.462934e-01  1.002063e-01
 3.10345e+00 -4.75862e+00       6.540e+11  9.167198e-01  3.941379e-02 -1.687121e-01  8.328023e-02
 3.51724e+00 -4.75862e+00       5.587e+11  8.810055e-01  4.451163e-02  1.015995e-01  1.189945e-01
 3.93103e+00 -4.75862e+00       4.908e+11  8.038039e-01  3.979864e-02  3.789577e-01  1.961961e-01
 4.34483e+00 -4.75862e+00       4.760e+11  7.176263e-01  1.305885e-02  5.590734e-01  2.823737e-01
 4.75862e+00 -4.75862e+00       5.783e+11  5.881914e-01  4.220742e-03  6.953342e-01  4.118086e-01
 5.17241e+00 -4.75862e+00       9.179e+11  4.159154e-01  1.287488e-02  8.294855e-01  5.840846e-01
 5.58621e+00 -4.75862e+00       1.437e+12  2.865600e-01  1.111791e-02  9.120642e-01  7.134400e-01
 6.00000e+00 -4.75862e+00       1.770e+12  1.948155e-01  4.042473e-03  9.534088e-01  8.051845e-01
-6.00000e+00 -4.34483e+00       1.336e+12  1.292624e-01 -2.493373e-03 -9.421949e-01  8.707376e-01
-5.58621e+00 -4.34483e+00       1.020e+12  2.555770e-01 -2.133318e-02 -8.943144e-01  7.444230e-01
-5.17241e+00 -4.34483e+00       7.015e+11  3.768127e-01 -6.121272e-02 -8.389272e-01  6.231873e-01
-4.75862e+00 -4.34483e+00       4.863e+11  4.847161e-01 -7.477888e-02 -7.533894e-01  5.152839e-01
-4.34483e+00 -4.34483e+00       4.606e+11  6.501033e-01 -1.289812e-02 -5.464537e-01  3.498967e-01
-3.93103e+00 -4.34483e+00       5.631e+11  8.189149e-01  4.138993e-02 -2.729687e-01  1.810851e-01
-3.51724e+00 -4.34483e+00       6.308e+11  9.137895e-01  6.369355e-02 -5.577487e-02  8.621047e-02
-3.10345e+00 -4.34483e+00       5.722e+11  9.473155e-01  8.433012e-02  9.463273e-02  5.268446e-02
-2.68966e+00 -4.34483e+00       4.591e+11  9.490594e-01  9.286220e-02  1.785404e-01  5.094061e-02
-2.27586e+00 -4.34483e+00       3.802e+11  9.350841e-01  3.852425e-02  1.728023e-01  6.491595e-02
-1.86207e+00 -4.34483e+00       3.356e+11  8.985481e-01 -2.856908e-02  9.324264e-02  1.014519e-01
-1.44828e+00 -4.34483e+00       2.667e+11  8.083151e-01 -1.629634e-02 -2.060656e-02  1.916849e-01
-1.03448e+00 -4.34483e+00       1.723e+11  6.270596e-01  6.518398e-02 -1.564029e-01  3.729404e-01
-6.20690e-01 -4.34483e+00       1.086e+11  4.500000e-01  1.418732e-01 -3.161216e-01  5.500000e-01
-2.06897e-01 -4.34483e+00       9.333e+10  5.139935e-01  1.237107e-01 -4.629419e-01  4.860065e-01
 2.06897e-01 -4.34483e+00       1.179e+11  6.760255e-01  6.046050e-02 -4.944650e-01  3.239745e-01
 6.20690e-01 -4.34483e+00       1.715e+11  7.621022e-01  2.808975e-02 -4.113468e-01  2.378978e-01
 1.03448e+00 -4.34483e+00       2.183e+11  7.803381e-01  1.779207e-02 -2.808048e-01  2.196619e-01
 1.44828e+00 -4.34483e+00       2.214e+11  7.360570e-01 -1.670292e-04 -1.737346e-01  2.639430e-01
 1.86207e+00 -4.34483e+00       2.209e+11  7.142018e-01 -8.522974e-03 -1.866620e-01  2.857982e-01
 2.27586e+00 -4.34483e+00       3.115e+11  8.327084e-01  3.363225e-02 -2.344068e-01  1.672916e-01
 2.68966e+00 -4.34483e+00       5.144e+11  9.341697e-01  5.097586e-02 -1.821946e-01  6.583028e-02
 3.10345e+00 -4.34483e+00       6.969e+11  9.668934e-01  4.285024e-02 -9.681466e-02  3.310657e-02
 3.51724e+00 -4.34483e+00       7.128e+11  9.518028e-01  3.542581e-02  2.293622e-02  4.819717e-02
 3.93103e+00 -4.34483e+00       6.071e+11  8.768185e-01  3.596182e-02  2.269766e-01  1.231815e-01
 4.34483e+00 -4.34483e+00       5.056e+11  7.504085e-01  3.361211e-02  4.790296e-01  2.495915e-01
 4.75862e+00 -4.34483e+00       4.697e+11  6.136247e-01  1.253312e-02  6.655068e-01  3.863753e-01
 5.17241e+00 -4.34483e+00       5.762e+11  4.339976e-01  3.696108e-03  7.960428e-01  5.660024e-01
 5.58621e+00 -4.34483e+00       9.201e+11  2.428909e-01  1.157049e-02  8.976025e-01  7.571091e-01
 6.00000e+00 -4.34483e+00       1.366e+12  1.160508e-01  1.052738e-02  9.509727e-01  8.839492e-01
-6.00000e+00 -3.93103e+00       9.647e+11  7.997660e-02 -1.344914e-02 -9.248308e-01  9.200234e-01
-5.58621e+00 -3.93103e+00       6.759e+11  2.173031e-01 -5.073078e-02 -8.849388e-01  7.826969e-01
-5.17241e+00 -3.93103e+00       4.724e+11  3.532624e-01 -7.439055e-02 -8.151523e-01  6.467376e-01
-4.75862e+00 -3.93103e+00       4.416e+11  5.553063e-01 -2.062640e-02 -6.350147e-01  4.446937e-01
-4.34483e+00 -3.93103e+00       5.389e+11  7.642200e-01  3.687778e-02 -3.983896e-01  2.357800e-01
-3.93103e+00 -3.93103e+00       5.967e+11  8.894151e-01  6.280390e-02 -2.165006e-01  1.105849e-01
-3.51724e+00 -3.93103e+00       5.330e+11  9.467504e-01  8.128451e-02 -1.027770e-01  5.324964e-02
-3.10345e+00 -3.93103e+00       4.306e+11  9.561853e-01  7.521425e-02 -7.307327e-02  4.381469e-02
-2.68966e+00 -3.93103e+00       3.461e+11  9.207012e-01  3.427137e-02 -1.177799e-01  7.929884e-02
-2.27586e+00 -3.93103e+00       2.492e+11  8.386935e-01  2.820713e-03 -1.531511e-01  1.613065e-01
-1.86207e+00 -3.93103e+00       1.491e+11  6.913484e-01 -8.323969e-02 -8.525731e-02  3.086516e-01
-1.44828e+00 -3.93103e+00       8.925e+10  5.025012e-01 -3.606428e-01  1.275295e-01  4.974988e-01
-1.03448e+00 -3.93103e+00       6.436e+10  3.845552e-01 -6.355168e-01  2.968005e-01  6.154448e-01
-6.20690e-01 -3.93103e+00       5.598e+10  3.060864e-01 -7.385572e-01  2.961314e-01  6.939136e-01
-2.06897e-01 -3.93103e+00       5.673e+10  2.322905e-01 -7.575478e-01  1.800979e-01  7.677095e-01
 2.06897e-01 -3.93103e+00       6.197e+10  2.770210e-01 -7.157423e-01 -2.092033e-02  7.229790e-01
 6.20690e-01 -3.93103e+00       7.796e+10  4.978048e-01 -5.948064e-01 -2.256609e-01  5.021952e-01
 1.03448e+00 -3.93103e+00       1.164e+11  7.221489e-01 -4.381311e-01 -2.770432e-01  2.778511e-01
 1.44828e+00 -3.93103e+00       1.758e+11  8.462992e-01 -2.727819e-01 -1.805290e-01  1.537008e-01
 1.86207e+00 -3.93103e+00       2.323e+11  8.905051e-01 -1.237222e-01 -5.572503e-02  1.094949e-01
 2.27586e+00 -3.93103e+00       2.573e+11  8.826240e-01 -2.436460e-02  6.520733e-03  1.173760e-01
 2.68966e+00 -3.93103e+00       2.968e+11  8.945802e-01  3.559350e-02  4.235852e-03  1.054198e-01
 3.10345e+00 -3.93103e+00       4.445e+11  9.468261e-01  5.524550e-02  3.394162e-02  5.317388e-02
 3.51724e+00 -3.93103e+00       6.345e+11  9.653029e-01  4.653577e-02  9.968255e-02  3.469711e-02
 3.93103e+00 -3.93103e+00       6.841e+11  9.339743e-01  3.589911e-02  1.945205e-01  6.602566e-02
 4.34483e+00 -3.93103e+00       5.869e+11  8.331527e-01  3.285166e-02  3.629485e-01  1.668473e-01
 4.75862e+00 -3.93103e+00       4.773e+11  6.700805e-01  2.780320e-02  5.835452e-01  3.299195e-01
 5.17241e+00 -3.93103e+00       4.453e+11  4.841364e-01  7.998203e-03  7.538479e-01  5.158636e-01
 5.58621e+00 -3.93103e+00       5.811e+11  2.557150e-01  4.198426e-03  8.643307e-01  7.442850e-01
 6.00000e+00 -3.93103e+00       9.253e+11  6.470413e-02  1.188616e-02  9.310666e-01  9.352959e-01
-6.00000e+00 -3.51724e+00       6.535e+11  5.073586e-02 -3.603683e-02 -9.009000e-01  9.492641e-01
-5.58621e+00 -3.51724e+00       4.540e+11  2.071700e-01 -7.354022e-02 -8.557686e-01  7.928300e-01
-5.17241e+00 -3.51724e+00       3.968e+11  4.261901e-01 -4.024160e-02 -7.197066e-01  5.738099e-01
-4.75862e+00 -3.51724e+00       4.754e+11  6.750002e-01  2.511583e-02 -5.107550e-01  3.249998e-01
-4.34483e+00 -3.51724e+00       5.419e+11  8.342092e-01  5.756100e-02 -3.453167e-01  1.657908e-01
-3.93103e+00 -3.51724e+00       4.945e+11  9.110918e-01  7.634295e-02 -2.474097e-01  8.890818e-02
-3.51724e+00 -3.51724e+00       3.959e+11  9.223258e-01  7.429399e-02 -2.305047e-01  7.767424e-02
-3.10345e+00 -3.51724e+00       3.005e+11  8.792165e-01  4.391390e-02 -2.605529e-01  1.207835e-01
-2.68966e+00 -3.51724e+00       2.009e+11  8.127643e-01 -5.838566e-03 -2.194087e-01  1.872357e-01
-2.27586e+00 -3.51724e+00       1.260e+11  7.605513e-01 -1.313249e-01  6.705392e-03  2.394487e-01
-1.86207e+00 -3.51724e+00       9.943e+10  7.302709e-01 -2.560863e-01  3.219287e-01  2.697291e-01
-1.44828e+00 -3.51724e+00       1.024e+11  6.244406e-01 -2.205974e-01  5.214901e-01  3.755594e-01
-1.03448e+00 -3.51724e+00       1.211e+11  3.757977e-01 -1.467815e-01  6.162650e-01  6.242023e-01
-6.20690e-01 -3.51724e+00       1.489e+11  3.837613e-02 -1.348671e-01  5.340966e-01  9.616239e-01
-2.06897e-01 -3.51724e+00       1.713e+11 -2.125392e-01 -1.369105e-01  1.898004e-01  7.874608e-01
 2.06897e-01 -3.51724e+00       1.862e+11 -1.407911e-01 -9.739192e-02 -2.651048e-01  8.592089e-01
 6.20690e-01 -3.51724e+00       1.998e+11  2.382037e-01 -5.643424e-02 -5.019876e-01  7.617963e-01
 1.03448e+00 -3.51724e+00       2.091e+11  6.078390e-01 -7.399307e-02 -4.914316e-01  3.921610e-01
 1.44828e+00 -3.51724e+00       2.039e+11  7.955672e-01 -1.304464e-01 -4.030114e-01  2.044328e-01
 1.86207e+00 -3.51724e+00       1.971e+11  8.704441e-01 -1.735646e-01 -2.353991e-01  1.295559e-01
 2.27586e+00 -3.51724e+00       2.197e+11  9.039234e-01 -1.398025e-01 -1.772095e-03  9.607662e-02
 2.68966e+00 -3.51724e+00       2.547e+11  9.035720e-01 -5.263072e-02  1.368056e-01  9.642800e-02
 3.10345e+00 -3.51724e+00       2.966e+11  9.067303e-01  2.784558e-02  1.680331e-01  9.326972e-02
 3.51724e+00 -3.51724e+00       4.174e+11  9.343688e-01  5.848779e-02  1.894532e-01  6.563120e-02
 3.93103e+00 -3.51724e+00       5.795e+11  9.375543e-01  4.914285e-02  2.417696e-01  6.244574e-02
 4.34483e+00 -3.51724e+00       6.155e+11  8.880693e-01  3.647239e-02  3.279916e-01  1.119307e-01
 4.75862e+00 -3.51724e+00       5.179e+11  7.585386e-01  3.092225e-02  4.842701e-01  2.414614e-01
 5.17241e+00 -3.51724e+00       4.182e+11  5.605148e-01  2.061967e-02  6.799366e-01  4.394852e-01
 5.58621e+00 -3.51724e+00       4.167e+11  3.211124e-01  2.335820e-03  8.206402e-01  6.788876e-01
 6.00000e+00 -3.51724e+00       5.953e+11  6.404622e-02  6.447351e-03  8.971568e-01  9.359538e-01
-6.00000e+00 -3.10345e+00       5.105e+11  7.120695e-02 -3.913101e-02 -9.106187e-01  9.287930e-01
-5.58621e+00 -3.10345e+00       3.795e+11  2.675735e-01 -2.429776e-02 -8.235980e-01  7.324265e-01
-5.17241e+00 -3.10345e+00       4.017e+11  5.523851e-01  2.977726e-02 -6.219180e-01  4.476149e-01
-4.75862e+00 -3.10345e+00       4.757e+11  7.555368e-01  5.993738e-02 -4.496288e-01  2.444632e-01
-4.34483e+00 -3.10345e+00       4.575e+11  8.610129e-01  7.359686e-02 -3.462499e-01  1.389871e-01
-3.93103e+00 -3.10345e+00       3.687e+11  8.891707e-01  7.707260e-02 -3.190794e-01  1.108293e-01
-3.51724e+00 -3.10345e+00       2.744e+11  8.548746e-01  5.637583e-02 -3.355135e-01  1.451254e-01
-3.10345e+00 -3.10345e+00       1.918e+11  8.209123e-01  5.165623e-03 -2.606222e-01  1.790877e-01
-2.68966e+00 -3.10345e+00       1.765e+11  8.682192e-01 -7.124420e-02  3.595865e-02  1.317808e-01
-2.27586e+00 -3.10345e+00       3.386e+11  9.079930e-01 -6.685993e-02  2.960670e-01  9.200703e-02
-1.86207e+00 -3.10345e+00       7.444e+11  8.794808e-01 -4.625371e-02  4.143864e-01  1.205192e-01
-1.44828e+00 -3.10345e+00       1.163e+12  8.255301e-01 -3.115279e-02  5.019500e-01  1.744699e-01
-1.03448e+00 -3.10345e+00       1.177e+12  7.424623e-01  4.511088e-03  5.768556e-01  2.575377e-01
-6.20690e-01 -3.10345e+00       8.153e+11  6.044021e-01  9.094216e-02  5.871855e-01  3.955979e-01
-2.06897e-01 -3.10345e+00       5.067e+11  4.217215e-01  2.208899e-01  2.845119e-01  5.782785e-01
 2.06897e-01 -3.10345e+00       5.303e+11  4.601688e-01  1.691147e-01 -3.680950e-01  5.398312e-01
 6.20690e-01 -3.10345e+00       9.112e+11  6.620528e-01  1.527530e-02 -5.805380e-01  3.379472e-01
 1.03448e+00 -3.10345e+00       1.378e+12  7.868199e-01 -4.862105e-02 -5.386614e-01  2.131801e-01
 1.44828e+00 -3.10345e+00       1.425e+12  8.559403e-01 -6.082913e-02 -4.607999e-01  1.440597e-01
 1.86207e+00 -3.10345e+00       9.759e+11  9.010648e-01 -5.756257e-02 -3.699516e-01  9.893524e-02
 2.27586e+00 -3.10345e+00       5.065e+11  9.329729e-01 -6.548776e-02 -2.326068e-01  6.702708e-02
 2.68966e+00 -3.10345e+00       2.956e+11  9.347336e-01 -8.269297e-02  1.008818e-03  6.526640e-02
 3.10345e+00 -3.10345e+00       2.587e+11  9.050953e-01 -4.013884e-02  2.046726e-01  9.490465e-02
 3.51724e+00 -3.10345e+00       2.932e+11  8.982681e-01  3.346127e-02  2.677590e-01  1.017319e-01
 3.93103e+00 -3.10345e+00       4.071e+11  9.139992e-01  6.008553e-02  2.930283e-01  8.600076e-02
 4.34483e+00 -3.10345e+00       5.352e+11  8.989486e-01  4.925759e-02  3.443314e-01  1.010514e-01
 4.75862e+00 -3.10345e+00       5.389e+11  8.226968e-01  3.990144e-02  4.371557e-01  1.773032e-01
 5.17241e+00 -3.10345e+00       4.368e+11  6.587132e-01  4.021130e-02  5.893534e-01  3.412868e-01
 5.58621e+00 -3.10345e+00       3.571e+11  3.932041e-01  3.166939e-02  7.611573e-01  6.067959e-01
 6.00000e+00 -3.10345e+00       4.125e+11  6.876639e-02  1.805758e-02  8.714197e-01  9.312336e-01
-6.00000e+00 -2.68966e+00       3.377e+11  8.639960e-02 -1.594864e-02 -8.612949e-01  9.136004e-01
-5.58621e+00 -2.68966e+00       3.128e+11  4.040918e-01  3.407736e-03 -7.055170e-01  5.959082e-01
-5.17241e+00 -2.68966e+00       3.913e+11  6.722928e-01  4.492396e-02 -5.290492e-01  3.277072e-01
-4.75862e+00 -2.68966e+00       4.210e+11  8.081299e-01  6.916881e-02 -4.172971e-01  1.918701e-01
-4.34483e+00 -2.68966e+00       3.543e+11  8.616416e-01  7.873863e-02 -3.682158e-01  1.383584e-01
-3.93103e+00 -2.68966e+00       2.653e+11  8.476995e-01  6.690653e-02 -3.716267e-01  1.523005e-01
-3.51724e+00 -2.68966e+00       2.062e+11  8.380853e-01  2.521775e-02 -2.972053e-01  1.619147e-01
-3.10345e+00 -2.68966e+00       2.931e+11  9.333933e-01 -1.768350e-02 -4.413925e-02  6.660665e-02
-2.68966e+00 -2.68966e+00       7.539e+11  9.831311e-01 -7.741838e-03  7.927576e-02  1.686894e-02
-2.27586e+00 -2.68966e+00       1.511e+12  9.863710e-01  5.601061e-03  1.214883e-01  1.362902e-02
-1.86207e+00 -2.68966e+00       1.805e+12  9.812822e-01  1.871316e-02  1.519025e-01  1.871780e-02
-1.44828e+00 -2.68966e+00       1.258e+12  9.703194e-01  3.949372e-02  1.801599e-01  2.968061e-02
-1.03448e+00 -2.68966e+00       5.749e+11  9.449128e-01  8.172671e-02  2.070056e-01  5.508720e-02
-6.20690e-01 -2.68966e+00       2.741e+11  9.067597e-01  1.514821e-01  2.014337e-01  9.324031e-02
-2.06897e-01 -2.68966e+00       2.109e+11  8.960517e-01  1.781142e-01  1.371820e-01  1.039483e-01
 2.06897e-01 -2.68966e+00       1.997e+11  8.953833e-01  1.467488e-01  4.151871e-02  1.046167e-01
 6.20690e-01 -2.68966e+00       2.690e+11  9.207748e-01  5.503729e-02 -9.611279e-02  7.922523e-02
 1.03448e+00 -2.68966e+00       6.213e+11  9.627593e-01 -6.804742e-03 -1.549497e-01  3.724068e-02
 1.44828e+00 -2.68966e+00       1.379e+12  9.800196e-01 -2.214033e-02 -1.505808e-01  1.998043e-02
 1.86207e+00 -2.68966e+00       2.018e+12  9.860162e-01 -2.866710e-02 -1.332981e-01  1.398375e-02
 2.27586e+00 -2.68966e+00       1.772e+12  9.886634e-01 -3.298970e-02 -1.080865e-01  1.133659e-02
 2.68966e+00 -2.68966e+00       9.686e+11  9.865264e-01 -3.930958e-02 -6.145161e-02  1.347357e-02
 3.10345e+00 -2.68966e+00       4.296e+11  9.617357e-01 -4.839417e-02  6.286541e-02  3.826432e-02
 3.51724e+00 -2.68966e+00       2.731e+11  9.067441e-01 -1.509403e-02  2.517839e-01  9.325592e-02
 3.93103e+00 -2.68966e+00       2.956e+11  8.913122e-01  4.708172e-02  3.273876e-01  1.086878e-01
 4.34483e+00 -2.68966e+00       4.066e+11  8.945432e-01  5.956001e-02  3.598271e-01  1.054568e-01
 4.75862e+00 -2.68966e+00       4.845e+11  8.595665e-01  4.681683e-02  4.138358e-01  1.404335e-01
 5.17241e+00 -2.68966e+00       4.306e+11  7.523458e-01  3.925412e-02  5.129148e-01  2.476542e-01
 5.58621e+00 -2.68966e+00       3.281e+11  5.281815e-01  3.480555e-02  6.705975e-01  4.718185e-01
 6.00000e+00 -2.68966e+00       3.091e+11  1.744056e-01  1.643300e-02  8.183711e-01  8.255944e-01
-6.00000e+00 -2.27586e+00       2.110e+11  2.256976e-01  1.049807e-02 -7.009043e-01  7.743024e-01
-5.58621e+00 -2.27586e+00       2.855e+11  5.671914e-01  3.349954e-02 -5.756053e-01  4.328086e-01
-5.17241e+00 -2.27586e+00       3.640e+11  7.474170e-01  6.354492e-02 -4.646346e-01  2.525830e-01
-4.75862e+00 -2.27586e+00       3.437e+11  8.354940e-01  7.698695e-02 -3.930212e-01  1.645060e-01
-4.34483e+00 -2.27586e+00       2.655e+11  8.528183e-01  7.268882e-02 -3.775868e-01  1.471817e-01
-3.93103e+00 -2.27586e+00       2.126e+11  8.475825e-01  4.409928e-02 -3.385290e-01  1.524175e-01
-3.51724e+00 -2.27586e+00       3.233e+11  9.350604e-01  5.921809e-03 -1.526697e-01  6.493956e-02
-3.10345e+00 -2.27586e+00       8.648e+11  9.880502e-01  6.033074e-03 -6.096869e-02  1.194982e-02
-2.68966e+00 -2.27586e+00       1.710e+12  9.964481e-01  1.272347e-02 -3.575470e-02  3.551900e-03
-2.27586e+00 -2.27586e+00       1.951e+12  9.973059e-01  1.953459e-02 -1.944521e-02  2.694148e-03
-1.86207e+00 -2.27586e+00       1.316e+12  9.954927e-01  3.158348e-02 -4.608377e-03  4.507273e-03
-1.44828e+00 -2.27586e+00       7.012e+11  9.890861e-01  5.691209e-02  8.616679e-03  1.091389e-02
-1.03448e+00 -2.27586e+00       6.072e+11  9.834366e-01  8.971205e-02  1.939516e-02  1.656335e-02
-6.20690e-01 -2.27586e+00       8.451e+11  9.853482e-01  1.011674e-01  2.901937e-02  1.465184e-02
-2.06897e-01 -2.27586e+00       1.050e+12  9.867124e-01  9.982349e-02  4.290149e-02  1.328757e-02
 2.06897e-01 -2.27586e+00       9.629e+11  9.844043e-01  9.870123e-02  6.356540e-02  1.559567e-02
 6.20690e-01 -2.27586e+00       6.451e+11  9.770269e-01  9.578309e-02  8.656381e-02  2.297315e-02
 1.03448e+00 -2.27586e+00       4.027e+11  9.684717e-01  5.961217e-02  9.051305e-02  3.152828e-02
 1.44828e+00 -2.27586e+00       5.576e+11  9.823129e-01 -5.109204e-03  4.423472e-02  1.768714e-02
 1.86207e+00 -2.27586e+00       1.282e+12  9.941244e-01 -1.985529e-02  2.622956e-02  5.875628e-03
 2.27586e+00 -2.27586e+00       2.064e+12  9.969583e-01 -2.305470e-02  2.847863e-02  3.041662e-03
 2.68966e+00 -2.27586e+00       1.925e+12  9.965892e-01 -2.605899e-02  3.804785e-02  3.410776e-03
 3.10345e+00 -2.27586e+00       1.063e+12  9.907762e-01 -3.078483e-02  6.385416e-02  9.223794e-03
 3.51724e+00 -2.27586e+00       4.450e+11  9.608213e-01 -3.166637e-02  1.516119e-01  3.917875e-02
 3.93103e+00 -2.27586e+00       2.668e+11  9.046398e-01  1.055146e-02  2.979235e-01  9.536022e-02
 4.34483e+00 -2.27586e+00       3.031e+11  8.916002e-01  5.541926e-02  3.586945e-01  1.083998e-01
 4.75862e+00 -2.27586e+00       4.007e+11  8.771117e-01  5.364446e-02  3.974984e-01  1.228883e-01
 5.17241e+00 -2.27586e+00       4.170e+11  8.119036e-01  4.230100e-02  4.679004e-01  1.880964e-01
 5.58621e+00 -2.27586e+00       3.367e+11  6.691211e-01  3.919209e-02  5.902199e-01  3.308789e-01
 6.00000e+00 -2.27586e+00       2.675e+11  4.240610e-01  2.988234e-02  7.321741e-01  5.759390e-01
-6.00000e+00 -1.86207e+00       2.155e+11  4.266633e-01 -9.278361e-02 -6.283711e-01  5.733367e-01
-5.58621e+00 -1.86207e+00       2.782e+11  6.652401e-01  2.519173e-02 -4.915328e-01  3.347599e-01
-5.17241e+00 -1.86207e+00       3.079e+11  8.104729e-01  5.741724e-02 -3.886513e-01  1.895271e-01
-4.75862e+00 -1.86207e+00       2.659e+11  8.687186e-01  5.898049e-02 -3.521401e-01  1.312814e-01
-4.34483e+00 -1.86207e+00       2.104e+11  8.677301e-01  5.325341e-02 -3.475826e-01  1.322699e-01
-3.93103e+00 -1.86207e+00       2.625e+11  9.161972e-01  2.318723e-02 -2.339620e-01  8.380276e-02
-3.51724e+00 -1.86207e+00       6.875e+11  9.778756e-01  1.095556e-02 -1.358513e-01  2.212444e-02
-3.10345e+00 -1.86207e+00       1.536e+12  9.910720e-01  1.384518e-02 -1.128275e-01  8.927992e-03
-2.68966e+00 -1.86207e+00       2.007e+12  9.934378e-01  1.761920e-02 -1.027000e-01  6.562172e-03
-2.27586e+00 -1.86207e+00       1.578e+12  9.934476e-01  2.527299e-02 -9.561512e-02  6.552358e-03
-1.86207e+00 -1.86207e+00       1.113e+12  9.912804e-01  3.829355e-02 -9.550215e-02  8.719553e-03
-1.44828e+00 -1.86207e+00       1.225e+12  9.903496e-01  3.489266e-02 -9.850187e-02  9.650412e-03
-1.03448e+00 -1.86207e+00       1.526e+12  9.920459e-01  2.122740e-02 -8.338147e-02  7.954145e-03
-6.20690e-01 -1.86207e+00       1.736e+12  9.944300e-01  1.774227e-02 -4.643433e-02  5.570005e-03
-2.06897e-01 -1.86207e+00       1.882e+12  9.958901e-01  2.219835e-02 -5.435335e-03  4.109912e-03
 2.06897e-01 -1.86207e+00       1.769e+12  9.951370e-01  2.072446e-02  3.347060e-02  4.863039e-03
 6.20690e-01 -1.86207e+00       1.399e+12  9.912057e-01  1.238002e-02  8.533147e-02  8.794291e-03
 1.03448e+00 -1.86207e+00       1.016e+12  9.846805e-01  8.058433e-03  1.403466e-01  1.531946e-02
 1.44828e+00 -1.86207e+00       7.066e+11  9.792712e-01  8.569683e-03  1.628573e-01  2.072883e-02
 1.86207e+00 -1.86207e+00       7.527e+11  9.838831e-01 -5.732994e-03  1.295926e-01  1.611685e-02
 2.27586e+00 -1.86207e+00       1.433e+12  9.911503e-01 -1.637100e-02  1.052447e-01  8.849726e-03
 2.68966e+00 -1.86207e+00       2.071e+12  9.930070e-01 -1.931765e-02  1.030035e-01  6.993025e-03
 3.10345e+00 -1.86207e+00       1.717e+12  9.920114e-01 -2.197322e-02  1.084980e-01  7.988584e-03
 3.51724e+00 -1.86207e+00       8.487e+11  9.837720e-01 -2.501741e-02  1.323014e-01  1.622799e-02
 3.93103e+00 -1.86207e+00       3.509e+11  9.490944e-01 -1.280004e-02  2.167671e-01  5.090558e-02
 4.34483e+00 -1.86207e+00       2.508e+11  9.105206e-01  3.514999e-02  3.172084e-01  8.947935e-02
 4.75862e+00 -1.86207e+00       3.088e+11  9.020079e-01  4.993903e-02  3.549515e-01  9.799214e-02
 5.17241e+00 -1.86207e+00       3.572e+11  8.625427e-01  3.843431e-02  4.045310e-01  1.374573e-01
 5.58621e+00 -1.86207e+00       3.096e+11  7.545482e-01  2.154183e-02  5.058609e-01  2.454518e-01
 6.00000e+00 -1.86207e+00       2.256e+11  5.686722e-01 -1.525583e-03  6.414372e-01  4.313278e-01
-6.00000e+00 -1.44828e+00       1.632e+11  6.134243e-01  1.507989e-04 -5.165908e-01  3.865757e-01
-5.58621e+00 -1.44828e+00       2.404e+11  8.196711e-01  2.047387e-03 -3.890315e-01  1.803289e-01
-5.17241e+00 -1.44828e+00       2.713e+11  8.890556e-01  2.530087e-02 -3.409222e-01  1.109444e-01
-4.75862e+00 -1.44828e+00       2.279e+11  9.009683e-01  5.192113e-02 -3.258842e-01  9.903171e-02
-4.34483e+00 -1.44828e+00       2.036e+11  9.071193e-01  4.391353e-02 -2.806578e-01  9.288065e-02
-3.93103e+00 -1.44828e+00       4.169e+11  9.636279e-01  1.494030e-02 -1.749465e-01  3.637207e-02
-3.51724e+00 -1.44828e+00       1.110e+12  9.862257e-01  1.246624e-02 -1.407331e-01  1.377426e-02
-3.10345e+00 -1.44828e+00       1.870e+12  9.901778e-01  1.427197e-02 -1.322369e-01  9.822214e-03
-2.68966e+00 -1.44828e+00       1.846e+12  9.907459e-01  1.755414e-02 -1.284592e-01  9.254057e-03
-2.27586e+00 -1.44828e+00       1.462e+12  9.899215e-01  2.347109e-02 -1.272691e-01  1.007852e-02
-1.86207e+00 -1.44828e+00       2.167e+12  9.912874e-01  2.004226e-02 -1.136231e-01  8.712604e-03
-1.44828e+00 -1.44828e+00       6.003e+12  9.947913e-01  1.050632e-02 -8.807028e-02  5.208665e-03
-1.03448e+00 -1.44828e+00       1.574e+13  9.969264e-01  2.981945e-03 -6.609622e-02  3.073614e-03
-6.20690e-01 -1.44828e+00       3.021e+13  9.981736e-01 -3.054563e-03 -4.392859e-02  1.826421e-03
-2.06897e-01 -1.44828e+00       4.128e+13  9.988900e-01 -7.451508e-03 -1.900239e-02  1.109973e-03
 2.06897e-01 -1.44828e+00       4.083e+13  9.990353e-01 -1.023677e-02  7.287036e-03  9.647317e-04
 6.20690e-01 -1.44828e+00       2.911e+13  9.985923e-01 -1.176008e-02  3.233551e-02  1.407674e-03
 1.03448e+00 -1.44828e+00       1.453e+13  9.975219e-01 -1.231415e-02  5.546495e-02  2.478055e-03
 1.44828e+00 -1.44828e+00       5.025e+12  9.950784e-01 -1.170837e-02  8.143066e-02  4.921578e-03
 1.86207e+00 -1.44828e+00       1.466e+12  9.890952e-01 -9.347102e-03  1.205757e-01  1.090478e-02
 2.27586e+00 -1.44828e+00       1.038e+12  9.871284e-01 -1.125984e-02  1.354397e-01  1.287163e-02
 2.68966e+00 -1.44828e+00       1.699e+12  9.904928e-01 -1.467166e-02  1.250277e-01  9.507247e-03
 3.10345e+00 -1.44828e+00       1.946e+12  9.911734e-01 -1.664128e-02  1.239324e-01  8.826596e-03
 3.51724e+00 -1.44828e+00       1.265e+12  9.890495e-01 -1.880640e-02  1.307749e-01  1.095048e-02
 3.93103e+00 -1.44828e+00       5.317e+11  9.761994e-01 -1.663272e-02  1.648507e-01  2.380056e-02
 4.34483e+00 -1.44828e+00       2.605e+11  9.431875e-01  1.661485e-02  2.507533e-01  5.681250e-02
 4.75862e+00 -1.44828e+00       2.602e+11  9.315084e-01  4.486817e-02  2.966833e-01  6.849156e-02
 5.17241e+00 -1.44828e+00       2.971e+11  9.212150e-01  3.540751e-02  3.188577e-01  7.878501e-02
 5.58621e+00 -1.44828e+00       2.582e+11  8.684721e-01  2.847878e-02  3.689806e-01  1.315279e-01
 6.00000e+00 -1.44828e+00       1.759e+11  7.027741e-01  2.429492e-02  4.948687e-01  2.972259e-01
-6.00000e+00 -1.03448e+00       1.792e+11  7.565995e-01 -1.139891e-02 -4.228581e-01  2.434005e-01
-5.58621e+00 -1.03448e+00       2.328e+11  8.741998e-01  4.864732e-02 -3.012862e-01  1.258002e-01
-5.17241e+00 -1.03448e+00       2.271e+11  9.252718e-01  5.025669e-02 -2.442565e-01  7.472821e-02
-4.75862e+00 -1.03448e+00       1.832e+11  9.365737e-01  3.533592e-02 -2.377209e-01  6.342626e-02
-4.34483e+00 -1.03448e+00       2.266e+11  9.554185e-01  1.770210e-02 -1.933735e-01  4.458151e-02
-3.93103e+00 -1.03448e+00       6.075e+11  9.837943e-01  1.094830e-02 -1.379433e-01  1.620571e-02
-3.51724e+00 -1.03448e+00       1.409e+12  9.908225e-01  1.136814e-02 -1.249662e-01  9.177532e-03
-3.10345e+00 -1.03448e+00       1.925e+12  9.919885e-01  1.246774e-02 -1.216993e-01  8.011454e-03
-2.68966e+00 -1.03448e+00       1.755e+12  9.918198e-01  1.429060e-02 -1.212534e-01  8.180178e-03
-2.27586e+00 -1.03448e+00       2.402e+12  9.924598e-01  1.123870e-02 -1.139687e-01  7.540151e-03
-1.86207e+00 -1.03448e+00       7.326e+12  9.945468e-01  3.122280e-03 -9.810402e-02  5.453156e-03
-1.44828e+00 -1.03448e+00       2.113e+13  9.960067e-01 -2.591639e-03 -8.385522e-02  3.993282e-03
-1.03448e+00 -1.03448e+00       4.307e+13  9.971907e-01 -6.610423e-03 -6.750593e-02  2.809272e-03
-6.20690e-01 -1.03448e+00       6.331e+13  9.982647e-01 -9.158936e-03 -4.618410e-02  1.735310e-03
-2.06897e-01 -1.03448e+00       7.364e+13  9.990264e-01 -1.045837e-02 -1.942974e-02  9.736017e-04
 2.06897e-01 -1.03448e+00       7.346e+13  9.991775e-01 -1.124451e-02  9.595226e-03  8.224568e-04
 6.20690e-01 -1.03448e+00       6.254e+13  9.987067e-01 -1.223553e-02  3.561545e-02  1.293326e-03
 1.03448e+00 -1.03448e+00       4.163e+13  9.978887e-01 -1.348187e-02  5.604905e-02  2.111290e-03
 1.44828e+00 -1.03448e+00       1.957e+13  9.968908e-01 -1.463752e-02  7.199238e-02  3.109151e-03
 1.86207e+00 -1.03448e+00       6.171e+12  9.953904e-01 -1.520333e-02  8.735138e-02  4.609586e-03
 2.27586e+00 -1.03448e+00       1.701e+12  9.923876e-01 -1.375393e-02  1.084219e-01  7.612377e-03
 2.68966e+00 -1.03448e+00       1.415e+12  9.921146e-01 -1.186701e-02  1.133458e-01  7.885411e-03
 3.10345e+00 -1.03448e+00       1.877e+12  9.932030e-01 -1.262536e-02  1.096131e-01  6.797042e-03
 3.51724e+00 -1.03448e+00       1.525e+12  9.928843e-01 -1.374733e-02  1.110221e-01  7.115684e-03
 3.93103e+00 -1.03448e+00       7.313e+11  9.890023e-01 -1.353821e-02  1.237977e-01  1.099768e-02
 4.34483e+00 -1.03448e+00       2.949e+11  9.737486e-01  5.168819e-04  1.710175e-01  2.625137e-02
 4.75862e+00 -1.03448e+00       2.252e+11  9.586223e-01  3.142913e-02  2.257022e-01  4.137774e-02
 5.17241e+00 -1.03448e+00       2.770e+11  9.493419e-01  3.634745e-02  2.530527e-01  5.065812e-02
 5.58621e+00 -1.03448e+00       2.711e+11  9.168170e-01  2.528735e-02  3.018371e-01  8.318295e-02
 6.00000e+00 -1.03448e+00       1.902e+11  8.323949e-01  2.374474e-03  4.033311e-01  1.676051e-01
-6.00000e+00 -6.20690e-01       1.625e+11  9.210975e-01 -1.615821e-02 -2.544132e-01  7.890246e-02
-5.58621e+00 -6.20690e-01       2.301e+11  9.543175e-01  2.247697e-02 -2.103924e-01  4.568250e-02
-5.17241e+00 -6.20690e-01       2.222e+11  9.683842e-01  3.746872e-02 -1.788927e-01  3.161584e-02
-4.75862e+00 -6.20690e-01       1.770e+11  9.718602e-01  3.292123e-02 -1.600704e-01  2.813975e-02
-4.34483e+00 -6.20690e-01       2.651e+11  9.836862e-01  1.127798e-02 -1.188990e-01  1.631380e-02
-3.93103e+00 -6.20690e-01       7.565e+11  9.935247e-01  7.168815e-03 -9.391252e-02  6.475347e-03
-3.51724e+00 -6.20690e-01       1.561e+12  9.955173e-01  7.980546e-03 -8.894350e-02  4.482744e-03
-3.10345e+00 -6.20690e-01       1.902e+12  9.957002e-01  8.348462e-03 -8.873368e-02  4.299835e-03
-2.68966e+00 -6.20690e-01       1.947e+12  9.955619e-01  6.808121e-03 -8.903370e-02  4.438106e-03
-2.27586e+00 -6.20690e-01       4.324e+12  9.964090e-01  9.366962e-04 -8.044987e-02  3.591022e-03
-1.86207e+00 -6.20690e-01       1.373e+13  9.972315e-01 -3.164526e-03 -7.140472e-02  2.768465e-03
-1.44828e+00 -6.20690e-01       3.190e+13  9.978121e-01 -5.668015e-03 -6.299207e-02  2.187895e-03
-1.03448e+00 -6.20690e-01       4.984e+13  9.983825e-01 -7.144267e-03 -5.240050e-02  1.617485e-03
-6.20690e-01 -6.20690e-01       5.669e+13  9.989744e-01 -7.505762e-03 -3.750148e-02  1.025583e-03
-2.06897e-01 -6.20690e-01       5.547e+13  9.994594e-01 -6.960849e-03 -1.646106e-02  5.405720e-04
 2.06897e-01 -6.20690e-01       5.579e+13  9.995816e-01 -6.645206e-03  7.838792e-03  4.183777e-04
 6.20690e-01 -6.20690e-01       5.710e+13  9.993231e-01 -7.458015e-03  2.779158e-02  6.769316e-04
 1.03448e+00 -6.20690e-01       4.941e+13  9.989218e-01 -8.890683e-03  4.136974e-02  1.078202e-03
 1.44828e+00 -6.20690e-01       3.056e+13  9.985072e-01 -1.029398e-02  5.081474e-02  1.492814e-03
 1.86207e+00 -6.20690e-01       1.233e+13  9.980366e-01 -1.134680e-02  5.848275e-02  1.963410e-03
 2.27586e+00 -6.20690e-01       3.382e+12  9.972081e-01 -1.150380e-02  6.743029e-02  2.791926e-03
 2.68966e+00 -6.20690e-01       1.453e+12  9.964414e-01 -9.233930e-03  7.430801e-02  3.558627e-03
 3.10345e+00 -6.20690e-01       1.754e+12  9.969944e-01 -8.466786e-03  7.135691e-02  3.005640e-03
 3.51724e+00 -6.20690e-01       1.634e+12  9.970981e-01 -8.768684e-03  7.102678e-02  2.901856e-03
 3.93103e+00 -6.20690e-01       8.803e+11  9.961649e-01 -8.388374e-03  7.581706e-02  3.835103e-03
 4.34483e+00 -6.20690e-01       3.476e+11  9.915095e-01 -5.347194e-04  9.791251e-02  8.490513e-03
 4.75862e+00 -6.20690e-01       2.274e+11  9.846488e-01  2.069160e-02  1.341808e-01  1.535118e-02
 5.17241e+00 -6.20690e-01       2.625e+11  9.814766e-01  2.180826e-02  1.530274e-01  1.852337e-02
 5.58621e+00 -6.20690e-01       2.577e+11  9.724843e-01  1.289858e-02  1.809368e-01  2.751567e-02
 6.00000e+00 -6.20690e-01       1.899e+11  9.515912e-01  7.954156e-03  2.312465e-01  4.840883e-02
-6.00000e+00 -2.06897e-01       1.456e+11  9.910159e-01 -1.158958e-02 -9.033312e-02  8.984055e-03
-5.58621e+00 -2.06897e-01       2.136e+11  9.944640e-01 -9.944502e-04 -7.646984e-02  5.536032e-03
-5.17241e+00 -2.06897e-01       2.101e+11  9.957296e-01  3.441032e-03 -6.833349e-02  4.270420e-03
-4.75862e+00 -2.06897e-01       1.765e+11  9.957349e-01  2.606981e-03 -6.232932e-02  4.265076e-03
-4.34483e+00 -2.06897e-01       2.947e+11  9.973409e-01  3.347713e-04 -4.769978e-02  2.659072e-03
-3.93103e+00 -2.06897e-01       8.361e+11  9.987414e-01  2.345704e-03 -4.011502e-02  1.258620e-03
-3.51724e+00 -2.06897e-01       1.622e+12  9.990098e-01  3.460104e-03 -3.908211e-02  9.901676e-04
-3.10345e+00 -2.06897e-01       1.895e+12  9.989193e-01  2.917165e-03 -4.090278e-02  1.080749e-03
-2.68966e+00 -2.06897e-01       2.196e+12  9.988823e-01 -1.019289e-03 -4.177354e-02  1.117673e-03
-2.27586e+00 -2.06897e-01       5.755e+12  9.992439e-01 -4.709233e-03 -3.547865e-02  7.560779e-04
-1.86207e+00 -2.06897e-01       1.714e+13  9.994464e-01 -5.506591e-03 -3.089082e-02  5.535565e-04
-1.44828e+00 -2.06897e-01       3.489e+13  9.995618e-01 -5.699862e-03 -2.734624e-02  4.381857e-04
-1.03448e+00 -2.06897e-01       4.667e+13  9.996676e-01 -5.593308e-03 -2.329595e-02  3.323941e-04
-6.20690e-01 -2.06897e-01       4.487e+13  9.997779e-01 -5.195840e-03 -1.775728e-02  2.221124e-04
-2.06897e-01 -2.06897e-01       3.837e+13  9.998816e-01 -4.684944e-03 -9.403033e-03  1.183959e-04
 2.06897e-01 -2.06897e-01       3.882e+13  9.999313e-01 -4.621405e-03  6.681331e-04  6.873480e-05
 6.20690e-01 -2.06897e-01       4.578e+13  9.999147e-01 -5.112323e-03  7.994566e-03  8.532217e-05
 1.03448e+00 -2.06897e-01       4.694e+13  9.998763e-01 -5.664989e-03  1.222711e-02  1.237426e-04
 1.44828e+00 -2.06897e-01       3.398e+13  9.998357e-01 -6.058263e-03  1.486632e-02  1.642780e-04
 1.86207e+00 -2.06897e-01       1.577e+13  9.997838e-01 -6.230442e-03  1.685687e-02  2.162021e-04
 2.27586e+00 -2.06897e-01       4.707e+12  9.996644e-01 -6.022450e-03  1.915982e-02  3.355734e-04
 2.68966e+00 -2.06897e-01       1.613e+12  9.994793e-01 -4.891013e-03  2.050100e-02  5.207055e-04
 3.10345e+00 -2.06897e-01       1.684e+12  9.996254e-01 -4.114971e-03  1.809416e-02  3.745590e-04
 3.51724e+00 -2.06897e-01       1.661e+12  9.997090e-01 -3.671492e-03  1.766609e-02  2.910333e-04
 3.93103e+00 -2.06897e-01       9.538e+11  9.996321e-01 -2.581260e-03  1.878432e-02  3.678727e-04
 4.34483e+00 -2.06897e-01       3.814e+11  9.991755e-01  9.447766e-04  2.321587e-02  8.245096e-04
 4.75862e+00 -2.06897e-01       2.239e+11  9.985760e-01  4.090356e-03  3.026265e-02  1.424035e-03
 5.17241e+00 -2.06897e-01       2.379e+11  9.985122e-01 -4.083649e-05  3.469636e-02  1.487835e-03
 5.58621e+00 -2.06897e-01       2.327e+11  9.980952e-01 -3.458851e-03  4.048522e-02  1.904762e-03
 6.00000e+00 -2.06897e-01       1.717e+11  9.968005e-01 -6.658443e-03  5.086055e-02  3.199454e-03
-6.00000e+00  2.06897e-01       1.457e+11  9.911079e-01  5.826518e-04  5.949745e-02  8.892061e-03
-5.58621e+00  2.06897e-01       2.135e+11  9.951112e-01 -3.605295e-03  5.596614e-02  4.888759e-03
-5.17241e+00  2.06897e-01       2.096e+11  9.966551e-01 -1.467536e-02  5.129385e-02  3.344933e-03
-4.75862e+00  2.06897e-01       1.758e+11  9.973946e-01 -2.243486e-02  4.247694e-02  2.605371e-03
-4.34483e+00  2.06897e-01       2.947e+11  9.988391e-01 -1.089538e-02  2.423765e-02  1.160876e-03
-3.93103e+00  2.06897e-01       8.384e+11  9.995546e-01 -3.008225e-03  1.763657e-02  4.454105e-04
-3.51724e+00  2.06897e-01       1.628e+12  9.996671e-01 -1.328060e-03  1.583003e-02  3.329128e-04
-3.10345e+00  2.06897e-01       1.906e+12  9.996623e-01 -2.435791e-03  1.273426e-02  3.377384e-04
-2.68966e+00  2.06897e-01       2.213e+12  9.996831e-01 -7.401197e-03  1.051339e-02  3.168995e-04
-2.27586e+00  2.06897e-01       5.773e+12  9.997657e-01 -8.866254e-03  1.393848e-02  2.343282e-04
-1.86207e+00  2.06897e-01       1.714e+13  9.998129e-01 -6.909439e-03  1.493877e-02  1.871331e-04
-1.44828e+00  2.06897e-01       3.486e+13  9.998517e-01 -5.075139e-03  1.396297e-02  1.483318e-04
-1.03448e+00  2.06897e-01       4.662e+13  9.998913e-01 -3.709231e-03  1.171049e-02  1.087246e-04
-6.20690e-01  2.06897e-01       4.484e+13  9.999271e-01 -3.081969e-03  7.626719e-03  7.291932e-05
-2.06897e-01  2.06897e-01       3.836e+13  9.999362e-01 -3.513136e-03  2.728070e-04  6.380420e-05
 2.06897e-01  2.06897e-01       3.884e+13  9.998822e-01 -4.309697e-03 -9.648026e-03  1.177946e-04
 6.20690e-01  2.06897e-01       4.583e+13  9.997871e-01 -4.142337e-03 -1.756796e-02  2.129136e-04
 1.03448e+00  2.06897e-01       4.701e+13  9.996895e-01 -3.252878e-03 -2.275351e-02  3.105213e-04
 1.44828e+00  2.06897e-01       3.405e+13  9.995939e-01 -2.150028e-03 -2.658005e-02  4.061318e-04
 1.86207e+00  2.06897e-01       1.580e+13  9.994946e-01 -9.756330e-04 -2.975291e-02  5.054344e-04
 2.27586e+00  2.06897e-01       4.723e+12  9.993631e-01  2.910808e-04 -3.278781e-02  6.369110e-04
 2.68966e+00  2.06897e-01       1.620e+12  9.991095e-01  6.777198e-04 -3.763958e-02  8.904643e-04
 3.10345e+00  2.06897e-01       1.686e+12  9.990639e-01  1.609806e-04 -3.989652e-02  9.361335e-04
 3.51724e+00  2.06897e-01       1.661e+12  9.990897e-01  1.073737e-03 -3.979019e-02  9.103383e-04
 3.93103e+00  2.06897e-01       9.544e+11  9.988903e-01  2.867579e-03 -4.133083e-02  1.109652e-03
 4.34483e+00  2.06897e-01       3.826e+11  9.977634e-01  2.923182e-03 -5.160484e-02  2.236606e-03
 4.75862e+00  2.06897e-01       2.250e+11  9.957421e-01 -9.818649e-03 -7.245682e-02  4.257851e-03
 5.17241e+00  2.06897e-01       2.388e+11  9.947470e-01 -1.753883e-02 -8.089371e-02  5.252996e-03
 5.58621e+00  2.06897e-01       2.335e+11  9.925876e-01 -1.673605e-02 -9.132858e-02  7.412439e-03
 6.00000e+00  2.06897e-01       1.726e+11  9.875957e-01 -2.356220e-02 -1.152211e-01  1.240431e-02
-6.00000e+00  6.20690e-01       1.624e+11  9.251304e-01  7.993411e-03  2.263131e-01  7.486961e-02
-5.58621e+00  6.20690e-01       2.297e+11  9.576505e-01 -2.619881e-02  1.933418e-01  4.234948e-02
-5.17241e+00  6.20690e-01       2.208e+11  9.712995e-01 -4.801391e-02  1.642660e-01  2.870046e-02
-4.75862e+00  6.20690e-01       1.752e+11  9.764430e-01 -5.258518e-02  1.413858e-01  2.355696e-02
-4.34483e+00  6.20690e-01       2.647e+11  9.882166e-01 -2.364365e-02  9.628713e-02  1.178343e-02
-3.93103e+00  6.20690e-01       7.618e+11  9.958770e-01 -8.976168e-03  7.238383e-02  4.123018e-03
-3.51724e+00  6.20690e-01       1.578e+12  9.972950e-01 -6.474596e-03  6.708679e-02  2.704951e-03
-3.10345e+00  6.20690e-01       1.934e+12  9.976182e-01 -7.570920e-03  6.295496e-02  2.381818e-03
-2.68966e+00  6.20690e-01       2.000e+12  9.977506e-01 -1.300015e-02  5.857628e-02  2.249384e-03
-2.27586e+00  6.20690e-01       4.389e+12  9.979224e-01 -1.386923e-02  5.799738e-02  2.077570e-03
-1.86207e+00  6.20690e-01       1.377e+13  9.982478e-01 -9.317089e-03  5.525270e-02  1.752232e-03
-1.44828e+00  6.20690e-01       3.187e+13  9.985990e-01 -5.375552e-03  4.959027e-02  1.401041e-03
-1.03448e+00  6.20690e-01       4.974e+13  9.989797e-01 -2.543257e-03  4.079082e-02  1.020307e-03
-6.20690e-01  6.20690e-01       5.659e+13  9.993649e-01 -1.176089e-03  2.722288e-02  6.351483e-04
-2.06897e-01  6.20690e-01       5.543e+13  9.996087e-01 -1.390660e-03  7.016487e-03  3.913040e-04
 2.06897e-01  6.20690e-01       5.584e+13  9.994799e-01 -1.950374e-03 -1.710528e-02  5.200780e-04
 6.20690e-01  6.20690e-01       5.726e+13  9.990100e-01 -1.263742e-03 -3.748976e-02  9.900216e-04
 1.03448e+00  6.20690e-01       4.961e+13  9.984325e-01  4.745030e-04 -5.192368e-02  1.567472e-03
 1.44828e+00  6.20690e-01       3.071e+13  9.978548e-01  2.551725e-03 -6.250272e-02  2.145191e-03
 1.86207e+00  6.20690e-01       1.241e+13  9.972584e-01  4.692609e-03 -7.123995e-02  2.741569e-03
 2.27586e+00  6.20690e-01       3.424e+12  9.964304e-01  6.688489e-03 -8.079943e-02  3.569635e-03
 2.68966e+00  6.20690e-01       1.470e+12  9.953535e-01  5.469218e-03 -9.205441e-02  4.646514e-03
 3.10345e+00  6.20690e-01       1.759e+12  9.954437e-01  4.386653e-03 -9.240059e-02  4.556339e-03
 3.51724e+00  6.20690e-01       1.636e+12  9.954210e-01  5.997694e-03 -9.201917e-02  4.578989e-03
 3.93103e+00  6.20690e-01       8.820e+11  9.940755e-01  8.498224e-03 -9.741586e-02  5.924477e-03
 4.34483e+00  6.20690e-01       3.506e+11  9.872627e-01  4.276798e-03 -1.266631e-01  1.273731e-02
 4.75862e+00  6.20690e-01       2.306e+11  9.768051e-01 -2.412447e-02 -1.761306e-01  2.319488e-02
 5.17241e+00  6.20690e-01       2.649e+11  9.717253e-01 -3.477375e-02 -1.953325e-01  2.827474e-02
 5.58621e+00  6.20690e-01       2.598e+11  9.580224e-01 -2.970468e-02 -2.254722e-01  4.197759e-02
 6.00000e+00  6.20690e-01       1.924e+11  9.273641e-01 -3.217426e-02 -2.885334e-01  7.263591e-02
-6.00000e+00  1.03448e+00       1.769e+11  7.769704e-01 -9.539720e-03  3.964454e-01  2.230296e-01
-5.58621e+00  1.03448e+00       2.313e+11  8.831077e-01 -6.327089e-02  2.840461e-01  1.168923e-01
-5.17241e+00  1.03448e+00       2.246e+11  9.294195e-01 -6.504581e-02  2.279062e-01  7.058046e-02
-4.75862e+00  1.03448e+00       1.794e+11  9.414695e-01 -5.542043e-02  2.196031e-01  5.853053e-02
-4.34483e+00  1.03448e+00       2.239e+11  9.617757e-01 -3.415504e-02  1.732839e-01  3.822434e-02
-3.93103e+00  1.03448e+00       6.139e+11  9.873854e-01 -1.542950e-02  1.180648e-01  1.261458e-02
-3.51724e+00  1.03448e+00       1.434e+12  9.932374e-01 -1.103839e-02  1.054307e-01  6.762575e-03
-3.10345e+00  1.03448e+00       1.977e+12  9.943503e-01 -1.148372e-02  1.000698e-01  5.649748e-03
-2.68966e+00  1.03448e+00       1.841e+12  9.946006e-01 -1.669239e-02  9.468476e-02  5.399420e-03
-2.27586e+00  1.03448e+00       2.521e+12  9.948288e-01 -2.128963e-02  8.968977e-02  5.171187e-03
-1.86207e+00  1.03448e+00       7.443e+12  9.960028e-01 -1.534758e-02  8.105436e-02  3.997225e-03
-1.44828e+00  1.03448e+00       2.118e+13  9.970796e-01 -8.892462e-03  7.000202e-02  2.920404e-03
-1.03448e+00  1.03448e+00       4.305e+13  9.979901e-01 -3.780037e-03  5.555438e-02  2.009881e-03
-6.20690e-01  1.03448e+00       6.328e+13  9.987832e-01 -2.364368e-04  3.554174e-02  1.216802e-03
-2.06897e-01  1.03448e+00       7.371e+13  9.992434e-01  1.721106e-03  9.535198e-03  7.565547e-04
 2.06897e-01  1.03448e+00       7.369e+13  9.990885e-01  2.835659e-03 -1.932311e-02  9.115463e-04
 6.20690e-01  1.03448e+00       6.286e+13  9.983267e-01  4.071025e-03 -4.571922e-02  1.673277e-03
 1.03448e+00  1.03448e+00       4.189e+13  9.972312e-01  5.707151e-03 -6.701625e-02  2.768752e-03
 1.44828e+00  1.03448e+00       1.972e+13  9.959774e-01  7.600033e-03 -8.414212e-02  4.022637e-03
 1.86207e+00  1.03448e+00       6.270e+12  9.943640e-01  9.785046e-03 -1.003371e-01  5.636046e-03
 2.27586e+00  1.03448e+00       1.760e+12  9.915312e-01  1.117410e-02 -1.219338e-01  8.468840e-03
 2.68966e+00  1.03448e+00       1.436e+12  9.904680e-01  7.827846e-03 -1.315790e-01  9.532021e-03
 3.10345e+00  1.03448e+00       1.880e+12  9.911344e-01  7.922717e-03 -1.287008e-01  8.865607e-03
 3.51724e+00  1.03448e+00       1.525e+12  9.906335e-01  1.035826e-02 -1.297772e-01  9.366527e-03
 3.93103e+00  1.03448e+00       7.329e+11  9.857777e-01  1.283994e-02 -1.438690e-01  1.422226e-02
 4.34483e+00  1.03448e+00       2.986e+11  9.662742e-01  6.078527e-04 -2.006852e-01  3.372576e-02
 4.75862e+00  1.03448e+00       2.298e+11  9.462747e-01 -3.455070e-02 -2.683740e-01  5.372534e-02
 5.17241e+00  1.03448e+00       2.829e+11  9.355659e-01 -4.023823e-02 -2.943287e-01  6.443413e-02
 5.58621e+00  1.03448e+00       2.777e+11  8.983110e-01 -2.809341e-02 -3.406887e-01  1.016890e-01
 6.00000e+00  1.03448e+00       1.971e+11  8.029984e-01 -5.581827e-03 -4.459864e-01  1.970016e-01
-6.00000e+00  1.44828e+00       1.610e+11  6.271313e-01 -1.350911e-02  4.937594e-01  3.728687e-01
-5.58621e+00  1.44828e+00       2.387e+11  8.236947e-01 -3.599544e-03  3.713817e-01  1.763053e-01
-5.17241e+00  1.44828e+00       2.681e+11  8.911718e-01 -2.482099e-02  3.284190e-01  1.088282e-01
-4.75862e+00  1.44828e+00       2.226e+11  9.042482e-01 -6.046964e-02  3.156744e-01  9.575175e-02
-4.34483e+00  1.44828e+00       1.989e+11  9.141690e-01 -6.221250e-02  2.666535e-01  8.583097e-02
-3.93103e+00  1.44828e+00       4.213e+11  9.691247e-01 -2.488195e-02  1.566911e-01  3.087532e-02
-3.51724e+00  1.44828e+00       1.136e+12  9.890172e-01 -1.516178e-02  1.232907e-01  1.098283e-02
-3.10345e+00  1.44828e+00       1.929e+12  9.923847e-01 -1.490998e-02  1.143990e-01  7.615349e-03
-2.68966e+00  1.44828e+00       1.948e+12  9.930418e-01 -1.876530e-02  1.081504e-01  6.958162e-03
-2.27586e+00  1.44828e+00       1.625e+12  9.923288e-01 -2.716726e-02  1.052844e-01  7.671243e-03
-1.86207e+00  1.44828e+00       2.381e+12  9.927707e-01 -2.711708e-02  9.649616e-02  7.229339e-03
-1.44828e+00  1.44828e+00       6.197e+12  9.957435e-01 -2.022300e-02  7.265638e-02  4.256518e-03
-1.03448e+00  1.44828e+00       1.585e+13  9.977099e-01 -1.362714e-02  5.147388e-02  2.290077e-03
-6.20690e-01  1.44828e+00       3.029e+13  9.986958e-01 -7.313874e-03  3.076190e-02  1.304232e-03
-2.06897e-01  1.44828e+00       4.140e+13  9.990991e-01 -2.210479e-03  6.929076e-03  9.009369e-04
 2.06897e-01  1.44828e+00       4.096e+13  9.989087e-01  1.287253e-03 -1.905553e-02  1.091305e-03
 6.20690e-01  1.44828e+00       2.920e+13  9.981060e-01  3.511577e-03 -4.469259e-02  1.893976e-03
 1.03448e+00  1.44828e+00       1.461e+13  9.966685e-01  5.220054e-03 -6.917928e-02  3.331505e-03
 1.44828e+00  1.44828e+00       5.157e+12  9.940507e-01  7.592748e-03 -9.629262e-02  5.949261e-03
 1.86207e+00  1.44828e+00       1.594e+12  9.888294e-01  1.134413e-02 -1.332570e-01  1.117058e-02
 2.27586e+00  1.44828e+00       1.099e+12  9.863517e-01  1.060385e-02 -1.506867e-01  1.364830e-02
 2.68966e+00  1.44828e+00       1.713e+12  9.886873e-01  9.330136e-03 -1.420263e-01  1.131274e-02
 3.10345e+00  1.44828e+00       1.945e+12  9.891999e-01  1.131496e-02 -1.401051e-01  1.080010e-02
 3.51724e+00  1.44828e+00       1.265e+12  9.867421e-01  1.485349e-02 -1.467395e-01  1.325795e-02
 3.93103e+00  1.44828e+00       5.371e+11  9.718328e-01  1.490549e-02 -1.838711e-01  2.816725e-02
 4.34483e+00  1.44828e+00       2.676e+11  9.334380e-01 -1.867204e-02 -2.797785e-01  6.656202e-02
 4.75862e+00  1.44828e+00       2.653e+11  9.177216e-01 -5.272531e-02 -3.313590e-01  8.227836e-02
 5.17241e+00  1.44828e+00       3.013e+11  9.037765e-01 -4.469046e-02 -3.538731e-01  9.622348e-02
 5.58621e+00  1.44828e+00       2.628e+11  8.428548e-01 -3.842027e-02 -4.057886e-01  1.571452e-01
 6.00000e+00  1.44828e+00       1.805e+11  6.642717e-01 -4.068285e-02 -5.320651e-01  3.357283e-01
-6.00000e+00  1.86207e+00       2.106e+11  4.410229e-01  7.339345e-02  6.136641e-01  5.589771e-01
-5.58621e+00  1.86207e+00       2.760e+11  6.712839e-01 -3.965524e-02  4.849570e-01  3.287161e-01
-5.17241e+00  1.86207e+00       3.042e+11  8.112853e-01 -6.457530e-02  3.827475e-01  1.887147e-01
-4.75862e+00  1.86207e+00       2.600e+11  8.687545e-01 -6.524439e-02  3.445707e-01  1.312455e-01
-4.34483e+00  1.86207e+00       2.032e+11  8.697322e-01 -6.657764e-02  3.401178e-01  1.302678e-01
-3.93103e+00  1.86207e+00       2.600e+11  9.214703e-01 -3.923113e-02  2.207606e-01  7.852967e-02
-3.51724e+00  1.86207e+00       7.056e+11  9.807289e-01 -1.808655e-02  1.213449e-01  1.927108e-02
-3.10345e+00  1.86207e+00       1.592e+12  9.926247e-01 -1.658568e-02  9.890573e-02  7.375323e-03
-2.68966e+00  1.86207e+00       2.110e+12  9.946380e-01 -1.951949e-02  8.877812e-02  5.362045e-03
-2.27586e+00  1.86207e+00       1.743e+12  9.944355e-01 -2.754177e-02  8.226187e-02  5.564539e-03
-1.86207e+00  1.86207e+00       1.366e+12  9.919331e-01 -3.775199e-02  8.873633e-02  8.066862e-03
-1.44828e+00  1.86207e+00       1.590e+12  9.902436e-01 -2.913902e-02  9.999091e-02  9.756421e-03
-1.03448e+00  1.86207e+00       1.948e+12  9.909989e-01 -1.109807e-02  8.599370e-02  9.001087e-03
-6.20690e-01  1.86207e+00       2.076e+12  9.927606e-01 -3.136018e-03  4.067086e-02  7.239395e-03
-2.06897e-01  1.86207e+00       2.095e+12  9.940870e-01 -6.629074e-03 -1.508639e-02  5.913024e-03
 2.06897e-01  1.86207e+00       1.977e+12  9.936604e-01 -3.467483e-03 -5.919953e-02  6.339554e-03
 6.20690e-01  1.86207e+00       1.727e+12  9.914060e-01  9.269179e-03 -9.779866e-02  8.594038e-03
 1.03448e+00  1.86207e+00       1.401e+12  9.880534e-01  1.524779e-02 -1.303489e-01  1.194658e-02
 1.44828e+00  1.86207e+00       9.787e+11  9.842376e-01  1.169518e-02 -1.505145e-01  1.576239e-02
 1.86207e+00  1.86207e+00       8.652e+11  9.847362e-01  9.466126e-03 -1.421249e-01  1.526381e-02
 2.27586e+00  1.86207e+00       1.455e+12  9.900519e-01  1.069910e-02 -1.207405e-01  9.948057e-03
 2.68966e+00  1.86207e+00       2.062e+12  9.918150e-01  1.303180e-02 -1.160023e-01  8.184959e-03
 3.10345e+00  1.86207e+00       1.704e+12  9.906618e-01  1.655308e-02 -1.207264e-01  9.338224e-03
 3.51724e+00  1.86207e+00       8.476e+11  9.812614e-01  2.064334e-02 -1.460214e-01  1.873865e-02
 3.93103e+00  1.86207e+00       3.584e+11  9.421936e-01  9.126829e-03 -2.384993e-01  5.780641e-02
 4.34483e+00  1.86207e+00       2.599e+11  8.987904e-01 -3.907105e-02 -3.482895e-01  1.012096e-01
 4.75862e+00  1.86207e+00       3.195e+11  8.878945e-01 -5.528226e-02 -3.875419e-01  1.121055e-01
 5.17241e+00  1.86207e+00       3.704e+11  8.454472e-01 -4.434702e-02 -4.349891e-01  1.545528e-01
 5.58621e+00  1.86207e+00       3.224e+11  7.314808e-01 -2.865397e-02 -5.348258e-01  2.685192e-01
 6.00000e+00  1.86207e+00       2.379e+11  5.447014e-01 -5.430150e-03 -6.683349e-01  4.552986e-01
-6.00000e+00  2.27586e+00       2.089e+11  2.373642e-01 -1.692995e-02  7.007538e-01  7.626358e-01
-5.58621e+00  2.27586e+00       2.877e+11  5.723773e-01 -3.690908e-02  5.763364e-01  4.276227e-01
-5.17241e+00  2.27586e+00       3.646e+11  7.478061e-01 -6.355218e-02  4.663826e-01  2.521939e-01
-4.75862e+00  2.27586e+00       3.387e+11  8.335559e-01 -7.875232e-02  3.933152e-01  1.664441e-01
-4.34483e+00  2.27586e+00       2.561e+11  8.499025e-01 -8.174079e-02  3.766935e-01  1.500975e-01
-3.93103e+00  2.27586e+00       2.034e+11  8.460793e-01 -6.439498e-02  3.358151e-01  1.539207e-01
-3.51724e+00  2.27586e+00       3.261e+11  9.384403e-01 -2.389936e-02  1.407359e-01  6.155968e-02
-3.10345e+00  2.27586e+00       8.996e+11  9.891882e-01 -1.505662e-02  5.037719e-02  1.081176e-02
-2.68966e+00  2.27586e+00       1.791e+12  9.967411e-01 -1.888804e-02  2.631151e-02  3.258876e-03
-2.27586e+00  2.27586e+00       2.085e+12  9.972958e-01 -2.582211e-02  1.141221e-02  2.704232e-03
-1.86207e+00  2.27586e+00       1.517e+12  9.954524e-01 -3.810643e-02  2.809990e-03  4.547583e-03
-1.44828e+00  2.27586e+00       9.667e+11  9.908404e-01 -5.445108e-02  7.299315e-03  9.159573e-03
-1.03448e+00  2.27586e+00       9.322e+11  9.884304e-01 -6.756102e-02  6.987804e-03  1.156964e-02
-6.20690e-01  2.27586e+00       1.272e+12  9.904660e-01 -7.283195e-02 -6.298858e-03  9.534007e-03
-2.06897e-01  2.27586e+00       1.569e+12  9.917787e-01 -7.026306e-02 -2.305112e-02  8.221336e-03
 2.06897e-01  2.27586e+00       1.451e+12  9.904208e-01 -6.634662e-02 -4.699997e-02  9.579194e-03
 6.20690e-01  2.27586e+00       9.867e+11  9.852587e-01 -5.972630e-02 -7.933208e-02  1.474127e-02
 1.03448e+00  2.27586e+00       5.908e+11  9.769745e-01 -3.485749e-02 -1.112370e-01  2.302552e-02
 1.44828e+00  2.27586e+00       6.403e+11  9.821887e-01  2.656425e-04 -8.263420e-02  1.781130e-02
 1.86207e+00  2.27586e+00       1.299e+12  9.932641e-01  9.187084e-03 -4.342478e-02  6.735877e-03
 2.27586e+00  2.27586e+00       2.045e+12  9.966708e-01  1.309801e-02 -3.720230e-02  3.329161e-03
 2.68966e+00  2.27586e+00       1.896e+12  9.964046e-01  1.730374e-02 -4.496935e-02  3.595356e-03
 3.10345e+00  2.27586e+00       1.051e+12  9.900221e-01  2.286122e-02 -7.159371e-02  9.977904e-03
 3.51724e+00  2.27586e+00       4.500e+11  9.570982e-01  2.296816e-02 -1.654649e-01  4.290176e-02
 3.93103e+00  2.27586e+00       2.774e+11  8.971420e-01 -1.783820e-02 -3.206331e-01  1.028580e-01
 4.34483e+00  2.27586e+00       3.135e+11  8.817230e-01 -6.006552e-02 -3.844499e-01  1.182770e-01
 4.75862e+00  2.27586e+00       4.112e+11  8.656478e-01 -5.974854e-02 -4.206100e-01  1.343522e-01
 5.17241e+00  2.27586e+00       4.244e+11  7.965147e-01 -5.132952e-02 -4.878750e-01  2.034853e-01
 5.58621e+00  2.27586e+00       3.399e+11  6.450398e-01 -5.210365e-02 -6.107394e-01  3.549602e-01
 6.00000e+00  2.27586e+00       2.712e+11  3.965097e-01 -4.336664e-02 -7.510552e-01  6.034903e-01
-6.00000e+00  2.68966e+00       3.253e+11  1.060673e-01  2.635101e-02  8.557099e-01  8.939327e-01
-5.58621e+00  2.68966e+00       3.099e+11  4.192102e-01 -3.609035e-03  7.005016e-01  5.807898e-01
-5.17241e+00  2.68966e+00       3.928e+11  6.745314e-01 -4.340853e-02  5.306127e-01  3.254686e-01
-4.75862e+00  2.68966e+00       4.182e+11  8.056064e-01 -6.492043e-02  4.204466e-01  1.943936e-01
-4.34483e+00  2.68966e+00       3.456e+11  8.570760e-01 -7.648085e-02  3.709408e-01  1.429240e-01
-3.93103e+00  2.68966e+00       2.531e+11  8.406662e-01 -7.433118e-02  3.765772e-01  1.593338e-01
-3.51724e+00  2.68966e+00       1.963e+11  8.313885e-01 -4.807230e-02  3.013959e-01  1.686115e-01
-3.10345e+00  2.68966e+00       3.000e+11  9.349986e-01 -4.926109e-03  3.744665e-02  6.500141e-02
-2.68966e+00  2.68966e+00       8.008e+11  9.834329e-01 -5.464378e-03 -8.294591e-02  1.656709e-02
-2.27586e+00  2.68966e+00       1.609e+12  9.859957e-01 -1.617409e-02 -1.243347e-01  1.400432e-02
-1.86207e+00  2.68966e+00       1.933e+12  9.807534e-01 -2.986743e-02 -1.554191e-01  1.924661e-02
-1.44828e+00  2.68966e+00       1.420e+12  9.720453e-01 -5.193464e-02 -1.819243e-01  2.795473e-02
-1.03448e+00  2.68966e+00       8.321e+11  9.633961e-01 -8.711998e-02 -1.818029e-01  3.660385e-02
-6.20690e-01  2.68966e+00       6.342e+11  9.651766e-01 -1.126250e-01 -1.343475e-01  3.482339e-02
-2.06897e-01  2.68966e+00       5.950e+11  9.678976e-01 -1.132704e-01 -1.043487e-01  3.210244e-02
 2.06897e-01  2.68966e+00       5.145e+11  9.605823e-01 -1.097188e-01 -1.046511e-01  3.941768e-02
 6.20690e-01  2.68966e+00       4.533e+11  9.491605e-01 -8.697362e-02 -5.867959e-02  5.083945e-02
 1.03448e+00  2.68966e+00       6.835e+11  9.620379e-01 -2.671248e-02  8.549535e-02  3.796208e-02
 1.44828e+00  2.68966e+00       1.370e+12  9.782461e-01  3.069154e-03  1.422529e-01  2.175387e-02
 1.86207e+00  2.68966e+00       1.967e+12  9.851015e-01  1.344015e-02  1.369956e-01  1.489848e-02
 2.27586e+00  2.68966e+00       1.715e+12  9.882054e-01  1.983597e-02  1.123857e-01  1.179459e-02
 2.68966e+00  2.68966e+00       9.425e+11  9.861823e-01  2.715619e-02  6.326065e-02  1.381768e-02
 3.10345e+00  2.68966e+00       4.296e+11  9.599828e-01  3.283460e-02 -6.830024e-02  4.001723e-02
 3.51724e+00  2.68966e+00       2.828e+11  9.037725e-01  1.824780e-04 -2.663505e-01  9.622749e-02
 3.93103e+00  2.68966e+00       3.050e+11  8.867520e-01 -5.146496e-02 -3.464518e-01  1.132480e-01
 4.34483e+00  2.68966e+00       4.156e+11  8.876568e-01 -6.232731e-02 -3.785844e-01  1.123432e-01
 4.75862e+00  2.68966e+00       4.934e+11  8.508095e-01 -5.296964e-02 -4.296018e-01  1.491905e-01
 5.17241e+00  2.68966e+00       4.334e+11  7.393459e-01 -4.985201e-02 -5.261065e-01  2.606541e-01
 5.58621e+00  2.68966e+00       3.263e+11  5.107999e-01 -4.698705e-02 -6.826304e-01  4.892001e-01
 6.00000e+00  2.68966e+00       3.060e+11  1.614748e-01 -2.462758e-02 -8.227952e-01  8.385252e-01
-6.00000e+00  3.10345e+00       4.871e+11  8.479202e-02  5.886006e-02  9.046458e-01  9.152080e-01
-5.58621e+00  3.10345e+00       3.686e+11  2.879916e-01  3.254905e-02  8.165252e-01  7.120084e-01
-5.17241e+00  3.10345e+00       4.054e+11  5.619827e-01 -3.122912e-02  6.223872e-01  4.380173e-01
-4.75862e+00  3.10345e+00       4.799e+11  7.542485e-01 -5.810082e-02  4.550296e-01  2.457515e-01
-4.34483e+00  3.10345e+00       4.542e+11  8.568599e-01 -6.758217e-02  3.509889e-01  1.431401e-01
-3.93103e+00  3.10345e+00       3.590e+11  8.831441e-01 -7.236144e-02  3.243346e-01  1.168559e-01
-3.51724e+00  3.10345e+00       2.608e+11  8.444380e-01 -6.488846e-02  3.452913e-01  1.555620e-01
-3.10345e+00  3.10345e+00       1.802e+11  8.068995e-01 -3.430050e-02  2.755803e-01  1.931005e-01
-2.68966e+00  3.10345e+00       1.771e+11  8.673921e-01  3.620023e-02 -3.764261e-02  1.326079e-01
-2.27586e+00  3.10345e+00       3.669e+11  9.142036e-01  4.131905e-02 -2.931680e-01  8.579644e-02
-1.86207e+00  3.10345e+00       8.207e+11  8.887589e-01  2.050021e-02 -4.038446e-01  1.112411e-01
-1.44828e+00  3.10345e+00       1.293e+12  8.388252e-01 -4.711841e-03 -4.847677e-01  1.611748e-01
-1.03448e+00  3.10345e+00       1.316e+12  7.599889e-01 -5.432268e-02 -5.521619e-01  2.400111e-01
-6.20690e-01  3.10345e+00       9.056e+11  6.224838e-01 -1.548190e-01 -5.536836e-01  3.775162e-01
-2.06897e-01  3.10345e+00       5.491e+11  4.261399e-01 -2.968187e-01 -2.451169e-01  5.738601e-01
 2.06897e-01  3.10345e+00       5.441e+11  4.334223e-01 -2.555766e-01  4.009729e-01  5.665777e-01
 6.20690e-01  3.10345e+00       8.788e+11  6.253520e-01 -8.986456e-02  6.176740e-01  3.746480e-01
 1.03448e+00  3.10345e+00       1.283e+12  7.569390e-01 -3.856728e-03  5.759639e-01  2.430610e-01
 1.44828e+00  3.10345e+00       1.313e+12  8.357678e-01  2.642281e-02  4.911794e-01  1.642322e-01
 1.86207e+00  3.10345e+00       9.081e+11  8.900746e-01  3.556264e-02  3.903819e-01  1.099254e-01
 2.27586e+00  3.10345e+00       4.856e+11  9.285020e-01  4.615265e-02  2.457766e-01  7.149799e-02
 2.68966e+00  3.10345e+00       2.950e+11  9.321325e-01  5.191026e-02  3.575758e-03  6.786750e-02
 3.10345e+00  3.10345e+00       2.674e+11  9.041315e-01  1.111978e-02 -2.132381e-01  9.586851e-02
 3.51724e+00  3.10345e+00       3.026e+11  8.976091e-01 -4.301389e-02 -2.808674e-01  1.023909e-01
 3.93103e+00  3.10345e+00       4.141e+11  9.106052e-01 -6.140361e-02 -3.069849e-01  8.939485e-02
 4.34483e+00  3.10345e+00       5.457e+11  8.936578e-01 -5.301981e-02 -3.581931e-01  1.063422e-01
 4.75862e+00  3.10345e+00       5.453e+11  8.163011e-01 -4.840449e-02 -4.476034e-01  1.836989e-01
 5.17241e+00  3.10345e+00       4.325e+11  6.492059e-01 -5.086799e-02 -5.977268e-01  3.507941e-01
 5.58621e+00  3.10345e+00       3.463e+11  3.862488e-01 -3.646721e-02 -7.656374e-01  6.137512e-01
 6.00000e+00  3.10345e+00       3.958e+11  6.322725e-02 -1.995044e-02 -8.671532e-01  9.367728e-01
-6.00000e+00  3.51724e+00       6.363e+11  5.065045e-02  4.121992e-02  8.990837e-01  9.493495e-01
-5.58621e+00  3.51724e+00       4.342e+11  2.117911e-01  7.849656e-02  8.520017e-01  7.882089e-01
-5.17241e+00  3.51724e+00       3.934e+11  4.339074e-01  2.964250e-02  7.183293e-01  5.660926e-01
-4.75862e+00  3.51724e+00       4.831e+11  6.742332e-01 -3.211259e-02  5.166185e-01  3.257668e-01
-4.34483e+00  3.51724e+00       5.448e+11  8.300683e-01 -5.428439e-02  3.520962e-01  1.699317e-01
-3.93103e+00  3.51724e+00       4.895e+11  9.070760e-01 -6.620438e-02  2.542548e-01  9.292404e-02
-3.51724e+00  3.51724e+00       3.852e+11  9.160199e-01 -6.575335e-02  2.405312e-01  8.398011e-02
-3.10345e+00  3.51724e+00       2.858e+11  8.673384e-01 -5.214269e-02  2.756377e-01  1.326616e-01
-2.68966e+00  3.51724e+00       1.874e+11  7.950234e-01 -3.044893e-02  2.463426e-01  2.049766e-01
-2.27586e+00  3.51724e+00       1.181e+11  7.468797e-01  7.762420e-02  1.874208e-02  2.531203e-01
-1.86207e+00  3.51724e+00       1.022e+11  7.386863e-01  2.040173e-01 -3.402344e-01  2.613137e-01
-1.44828e+00  3.51724e+00       1.137e+11  6.528980e-01  1.978562e-01 -5.696415e-01  3.471020e-01
-1.03448e+00  3.51724e+00       1.264e+11  4.098438e-01  1.778896e-01 -6.919261e-01  5.901562e-01
-6.20690e-01  3.51724e+00       1.403e+11  3.618015e-02  1.924870e-01 -6.336071e-01  9.638198e-01
-2.06897e-01  3.51724e+00       1.530e+11 -2.598553e-01  1.976303e-01 -2.808521e-01  7.401447e-01
 2.06897e-01  3.51724e+00       1.628e+11 -2.040781e-01  1.577701e-01  2.269626e-01  7.959219e-01
 6.20690e-01  3.51724e+00       1.773e+11  2.008841e-01  1.154032e-01  5.306818e-01  7.991159e-01
 1.03448e+00  3.51724e+00       1.941e+11  5.832467e-01  1.101239e-01  5.549238e-01  4.167533e-01
 1.44828e+00  3.51724e+00       1.942e+11  7.632593e-01  1.187708e-01  4.754475e-01  2.367407e-01
 1.86207e+00  3.51724e+00       1.869e+11  8.430777e-01  1.222126e-01  2.890722e-01  1.569223e-01
 2.27586e+00  3.51724e+00       2.146e+11  8.939115e-01  7.999032e-02  1.306017e-02  1.060885e-01
 2.68966e+00  3.51724e+00       2.613e+11  9.047568e-01  1.120804e-02 -1.420852e-01  9.524324e-02
 3.10345e+00  3.51724e+00       3.031e+11  9.098573e-01 -4.020275e-02 -1.734741e-01  9.014272e-02
 3.51724e+00  3.51724e+00       4.182e+11  9.341597e-01 -5.830954e-02 -1.951007e-01  6.584029e-02
 3.93103e+00  3.51724e+00       5.859e+11  9.351416e-01 -5.127761e-02 -2.504729e-01  6.485838e-02
 4.34483e+00  3.51724e+00       6.235e+11  8.842294e-01 -4.449937e-02 -3.367016e-01  1.157706e-01
 4.75862e+00  3.51724e+00       5.192e+11  7.507512e-01 -4.381560e-02 -4.942584e-01  2.492488e-01
 5.17241e+00  3.51724e+00       4.191e+11  5.545111e-01 -2.955049e-02 -6.906832e-01  4.454889e-01
 5.58621e+00  3.51724e+00       4.166e+11  3.279936e-01 -2.058865e-03 -8.215155e-01  6.720064e-01
 6.00000e+00  3.51724e+00       5.936e+11  6.556620e-02 -8.614509e-03 -8.949773e-01  9.344338e-01
-6.00000e+00  3.93103e+00       9.607e+11  8.011701e-02  1.311655e-02  9.251393e-01  9.198830e-01
-5.58621e+00  3.93103e+00       6.515e+11  2.167419e-01  6.124100e-02  8.834591e-01  7.832581e-01
-5.17241e+00  3.93103e+00       4.533e+11  3.574930e-01  7.791642e-02  8.137525e-01  6.425070e-01
-4.75862e+00  3.93103e+00       4.451e+11  5.599069e-01  9.232916e-03  6.385028e-01  4.400931e-01
-4.34483e+00  3.93103e+00       5.517e+11  7.611942e-01 -4.152097e-02  4.086369e-01  2.388058e-01
-3.93103e+00  3.93103e+00       6.008e+11  8.854380e-01 -5.709111e-02  2.251678e-01  1.145620e-01
-3.51724e+00  3.93103e+00       5.299e+11  9.444587e-01 -6.687359e-02  1.121078e-01  5.554132e-02
-3.10345e+00  3.93103e+00       4.232e+11  9.521711e-01 -5.894265e-02  8.936629e-02  4.782886e-02
-2.68966e+00  3.93103e+00       3.329e+11  9.099575e-01 -3.484656e-02  1.382295e-01  9.004252e-02
-2.27586e+00  3.93103e+00       2.359e+11  8.206936e-01 -4.033173e-02  1.760602e-01  1.793064e-01
-1.86207e+00  3.93103e+00       1.393e+11  6.766378e-01 -6.861446e-04  1.209498e-01  3.233622e-01
-1.44828e+00  3.93103e+00       8.118e+10  5.005121e-01  2.724214e-01 -8.382312e-02  4.994879e-01
-1.03448e+00  3.93103e+00       5.968e+10  3.944452e-01  5.831023e-01 -3.142496e-01  6.055548e-01
-6.20690e-01  3.93103e+00       5.407e+10  3.151108e-01  6.424927e-01 -4.282201e-01  6.848892e-01
-2.06897e-01  3.93103e+00       5.353e+10  2.034955e-01  6.028715e-01 -4.034680e-01  7.965045e-01
 2.06897e-01  3.93103e+00       5.613e+10  1.916313e-01  5.797385e-01 -1.867983e-01  8.083687e-01
 6.20690e-01  3.93103e+00       6.798e+10  3.874613e-01  5.359257e-01  1.346222e-01  6.125387e-01
 1.03448e+00  3.93103e+00       9.828e+10  6.436486e-01  3.991228e-01  2.823220e-01  3.563514e-01
 1.44828e+00  3.93103e+00       1.570e+11  8.196242e-01  1.989668e-01  1.888825e-01  1.803758e-01
 1.86207e+00  3.93103e+00       2.305e+11  8.898163e-01  4.949530e-02  5.276124e-02  1.101837e-01
 2.27586e+00  3.93103e+00       2.673e+11  8.904894e-01 -1.750409e-02 -5.328081e-03  1.095106e-01
 2.68966e+00  3.93103e+00       2.959e+11  8.975358e-01 -4.169077e-02  2.372101e-03  1.024642e-01
 3.10345e+00  3.93103e+00       4.356e+11  9.457722e-01 -5.108210e-02 -3.018124e-02  5.422780e-02
 3.51724e+00  3.93103e+00       6.366e+11  9.639937e-01 -4.715356e-02 -1.028243e-01  3.600630e-02
 3.93103e+00  3.93103e+00       6.900e+11  9.328618e-01 -4.385915e-02 -1.981314e-01  6.713815e-02
 4.34483e+00  3.93103e+00       5.821e+11  8.289811e-01 -4.776962e-02 -3.675586e-01  1.710189e-01
 4.75862e+00  3.93103e+00       4.710e+11  6.637509e-01 -4.023014e-02 -5.939508e-01  3.362491e-01
 5.17241e+00  3.93103e+00       4.406e+11  4.914071e-01 -7.725377e-03 -7.550523e-01  5.085929e-01
 5.58621e+00  3.93103e+00       5.714e+11  2.625604e-01 -2.421743e-03 -8.596061e-01  7.374396e-01
 6.00000e+00  3.93103e+00       9.194e+11  6.118643e-02 -1.741581e-02 -9.300984e-01  9.388136e-01
-6.00000e+00  4.34483e+00       1.346e+12  1.331397e-01 -5.024678e-03  9.423995e-01  8.668603e-01
-5.58621e+00  4.34483e+00       1.014e+12  2.541684e-01  2.638598e-02  8.951258e-01  7.458316e-01
-5.17241e+00  4.34483e+00       6.715e+11  3.763391e-01  7.655161e-02  8.384469e-01  6.236609e-01
-4.75862e+00  4.34483e+00       4.686e+11  4.873910e-01  7.774321e-02  7.556795e-01  5.126090e-01
-4.34483e+00  4.34483e+00       4.701e+11  6.530198e-01  2.810623e-04  5.548312e-01  3.469802e-01
-3.93103e+00  4.34483e+00       5.821e+11  8.157602e-01 -4.648797e-02  2.881653e-01  1.842398e-01
-3.51724e+00  4.34483e+00       6.378e+11  9.105393e-01 -5.801925e-02  6.657159e-02  8.946072e-02
-3.10345e+00  4.34483e+00       5.720e+11  9.482266e-01 -6.761700e-02 -8.576085e-02  5.177335e-02
-2.68966e+00  4.34483e+00       4.605e+11  9.541853e-01 -6.471707e-02 -1.575481e-01  4.581469e-02
-2.27586e+00  4.34483e+00       3.772e+11  9.386598e-01 -1.380546e-02 -1.384514e-01  6.134021e-02
-1.86207e+00  4.34483e+00       3.241e+11  8.900884e-01  2.174334e-02 -5.395151e-02  1.099116e-01
-1.44828e+00  4.34483e+00       2.564e+11  7.812110e-01 -4.373266e-02  5.960837e-02  2.187890e-01
-1.03448e+00  4.34483e+00       1.706e+11  5.877650e-01 -1.854031e-01  1.855277e-01  4.122350e-01
-6.20690e-01  4.34483e+00       1.117e+11  4.203220e-01 -2.843979e-01  3.349904e-01  5.796780e-01
-2.06897e-01  4.34483e+00       9.782e+10  4.938886e-01 -2.295923e-01  4.872929e-01  5.061114e-01
 2.06897e-01  4.34483e+00       1.256e+11  6.650472e-01 -1.453301e-01  5.201000e-01  3.349528e-01
 6.20690e-01  4.34483e+00       1.859e+11  7.595381e-01 -1.213199e-01  4.353819e-01  2.404619e-01
 1.03448e+00  4.34483e+00       2.382e+11  7.856562e-01 -1.108199e-01  3.079516e-01  2.143438e-01
 1.44828e+00  4.34483e+00       2.358e+11  7.496810e-01 -6.831466e-02  1.997142e-01  2.503190e-01
 1.86207e+00  4.34483e+00       2.158e+11  7.109343e-01 -4.073361e-03  2.041639e-01  2.890657e-01
 2.27586e+00  4.34483e+00       2.884e+11  8.167879e-01 -1.553204e-02  2.540503e-01  1.832121e-01
 2.68966e+00  4.34483e+00       4.972e+11  9.274671e-01 -4.178262e-02  1.901933e-01  7.253295e-02
 3.10345e+00  4.34483e+00       6.997e+11  9.648506e-01 -4.332058e-02  9.652155e-02  3.514936e-02
 3.51724e+00  4.34483e+00       7.153e+11  9.517508e-01 -4.527912e-02 -2.155513e-02  4.824922e-02
 3.93103e+00  4.34483e+00       5.924e+11  8.735091e-01 -5.490263e-02 -2.265035e-01  1.264909e-01
 4.34483e+00  4.34483e+00       4.903e+11  7.433671e-01 -4.965182e-02 -4.902840e-01  2.566329e-01
 4.75862e+00  4.34483e+00       4.599e+11  6.208369e-01 -1.192849e-02 -6.668184e-01  3.791631e-01
 5.17241e+00  4.34483e+00       5.591e+11  4.456034e-01  2.837912e-03 -7.871045e-01  5.543966e-01
 5.58621e+00  4.34483e+00       9.013e+11  2.408481e-01 -1.496369e-02 -8.953988e-01  7.591519e-01
 6.00000e+00  4.34483e+00       1.363e+12  1.105758e-01 -1.695055e-02 -9.521993e-01  8.894242e-01
-6.00000e+00  4.75862e+00       1.677e+12  2.045572e-01 -1.172235e-02  9.474615e-01  7.954428e-01
-5.58621e+00  4.75862e+00       1.458e+12  3.057759e-01 -2.257407e-04  9.000592e-01  6.942241e-01
-5.17241e+00  4.75862e+00       1.081e+12  4.252712e-01  3.622462e-02  8.313802e-01  5.747288e-01
-4.75862e+00  4.75862e+00       7.068e+11  5.286875e-01  8.773789e-02  7.611876e-01  4.713125e-01
-4.34483e+00  4.75862e+00       4.746e+11  6.033724e-01  8.709451e-02  6.824270e-01  3.966276e-01
-3.93103e+00  4.75862e+00       4.511e+11  7.150433e-01  4.890021e-03  4.890929e-01  2.849567e-01
-3.51724e+00  4.75862e+00       5.485e+11  8.299014e-01 -5.002505e-02  1.824576e-01  1.700986e-01
-3.10345e+00  4.75862e+00       6.264e+11  8.852861e-01 -6.137047e-02 -1.050569e-01  1.147139e-01
-2.68966e+00  4.75862e+00       5.979e+11  8.784312e-01 -6.470835e-02 -3.204799e-01  1.215688e-01
-2.27586e+00  4.75862e+00       4.970e+11  8.334117e-01 -8.169684e-02 -4.758757e-01  1.665883e-01
-1.86207e+00  4.75862e+00       3.916e+11  7.846271e-01 -8.024782e-02 -5.650485e-01  2.153729e-01
-1.44828e+00  4.75862e+00       2.993e+11  7.436779e-01 -2.882717e-02 -5.770532e-01  2.563221e-01
-1.03448e+00  4.75862e+00       2.186e+11  6.564466e-01  1.003486e-01 -5.148190e-01  3.435534e-01
-6.20690e-01  4.75862e+00       1.728e+11  4.540892e-01  3.561040e-01 -4.240915e-01  5.459108e-01
-2.06897e-01  4.75862e+00       1.637e+11  2.606237e-01  5.673644e-01 -3.502578e-01  7.393763e-01
 2.06897e-01  4.75862e+00       1.531e+11  1.720099e-01  6.117279e-01 -2.250439e-01  8.279901e-01
 6.20690e-01  4.75862e+00       1.309e+11  1.428302e-01  4.822455e-01  2.329446e-02  8.571698e-01
 1.03448e+00  4.75862e+00       1.340e+11  1.929483e-01  1.819746e-01  3.995693e-01  8.070517e-01
 1.44828e+00  4.75862e+00       2.154e+11  4.397826e-01 -3.556512e-03  6.093536e-01  5.602174e-01
 1.86207e+00  4.75862e+00       3.985e+11  6.896689e-01 -4.039846e-02  5.743926e-01  3.103311e-01
 2.27586e+00  4.75862e+00       6.116e+11  8.294649e-01 -4.482728e-02  4.691512e-01  1.705351e-01
 2.68966e+00  4.75862e+00       7.106e+11  8.978325e-01 -4.576603e-02  3.472781e-01  1.021675e-01
 3.10345e+00  4.75862e+00       6.446e+11  9.152636e-01 -5.601081e-02  1.794311e-01  8.473642e-02
 3.51724e+00  4.75862e+00       5.280e+11  8.730160e-01 -7.197713e-02 -9.824881e-02  1.269840e-01
 3.93103e+00  4.75862e+00       4.668e+11  7.949138e-01 -5.856118e-02 -3.954424e-01  2.050862e-01
 4.34483e+00  4.75862e+00       4.618e+11  7.257178e-01 -9.094792e-03 -5.591723e-01  2.742822e-01
 4.75862e+00  4.75862e+00       5.537e+11  6.021863e-01  8.131141e-03 -6.807007e-01  3.978137e-01
 5.17241e+00  4.75862e+00       8.857e+11  4.149323e-01 -1.364502e-02 -8.256815e-01  5.850677e-01
 5.58621e+00  4.75862e+00       1.421e+12  2.796319e-01 -1.802494e-02 -9.148460e-01  7.203681e-01
 6.00000e+00  4.75862e+00       1.775e+12  1.914507e-01 -6.940484e-03 -9.555894e-01  8.085493e-01
-6.00000e+00  5.17241e+00       1.858e+12  2.879019e-01 -1.021372e-02  9.378615e-01  7.120981e-01
-5.58621e+00  5.17241e+00       1.823e+12  3.716228e-01 -1.045037e-02  8.943378e-01  6.283772e-01
-5.17241e+00  5.17241e+00       1.565e+12  4.740804e-01  2.739918e-03  8.239231e-01  5.259196e-01
-4.75862e+00  5.17241e+00       1.177e+12  5.864248e-01  4.033377e-02  7.304496e-01  4.135752e-01
-4.34483e+00  5.17241e+00       7.739e+11  6.736814e-01  9.482086e-02  6.431190e-01  3.263186e-01
-3.93103e+00  5.17241e+00       4.829e+11  7.158658e-01  1.107933e-01  5.773283e-01  2.841342e-01
-3.51724e+00  5.17241e+00       3.965e+11  7.681181e-01  3.365601e-02  4.502301e-01  2.318819e-01
-3.10345e+00  5.17241e+00       4.398e+11  8.180491e-01 -4.489417e-02  1.698093e-01  1.819509e-01
-2.68966e+00  5.17241e+00       5.105e+11  8.016422e-01 -7.904266e-02 -2.042814e-01  1.983578e-01
-2.27586e+00  5.17241e+00       5.431e+11  7.148357e-01 -7.283667e-02 -5.127215e-01  2.851643e-01
-1.86207e+00  5.17241e+00       4.901e+11  5.528206e-01 -5.989623e-02 -7.177948e-01  4.471794e-01
-1.44828e+00  5.17241e+00       4.129e+11  2.884160e-01 -9.126270e-02 -8.553562e-01  7.115840e-01
-1.03448e+00  5.17241e+00       3.719e+11 -1.719959e-02 -1.548943e-01 -8.836322e-01  9.828004e-01
-6.20690e-01  5.17241e+00       3.309e+11 -3.038878e-01 -1.954908e-01 -7.535922e-01  6.961122e-01
-2.06897e-01  5.17241e+00       2.854e+11 -5.617811e-01 -2.064204e-01 -3.809051e-01  4.382189e-01
 2.06897e-01  5.17241e+00       2.839e+11 -6.281305e-01 -1.931177e-01  2.028507e-01  3.718695e-01
 6.20690e-01  5.17241e+00       3.375e+11 -4.148270e-01 -1.624938e-01  6.485709e-01  5.851730e-01
 1.03448e+00  5.17241e+00       4.166e+11 -5.419566e-02 -1.161660e-01  8.275816e-01  9.458043e-01
 1.44828e+00  5.17241e+00       5.042e+11  3.191923e-01 -7.059024e-02  8.220902e-01  6.808077e-01
 1.86207e+00  5.17241e+00       5.639e+11  5.791299e-01 -5.507325e-02  7.297775e-01  4.208701e-01
 2.27586e+00  5.17241e+00       5.379e+11  7.220869e-01 -6.909174e-02  5.853001e-01  2.779131e-01
 2.68966e+00  5.17241e+00       4.571e+11  8.023657e-01 -9.675471e-02  3.217149e-01  1.976343e-01
 3.10345e+00  5.17241e+00       4.104e+11  8.359495e-01 -1.053816e-01 -5.027130e-02  1.640505e-01
 3.51724e+00  5.17241e+00       4.167e+11  8.331955e-01 -5.548162e-02 -3.106532e-01  1.668045e-01
 3.93103e+00  5.17241e+00       4.479e+11  8.146522e-01  8.723900e-03 -4.176235e-01  1.853478e-01
 4.34483e+00  5.17241e+00       5.521e+11  7.295299e-01  1.297180e-02 -5.397928e-01  2.704701e-01
 4.75862e+00  5.17241e+00       8.911e+11  5.713597e-01 -1.547994e-02 -7.239183e-01  4.286403e-01
 5.17241e+00  5.17241e+00       1.473e+12  4.455650e-01 -1.871333e-02 -8.457462e-01  5.544350e-01
 5.58621e+00  5.17241e+00       1.938e+12  3.589176e-01 -6.170709e-03 -9.067147e-01  6.410824e-01
 6.00000e+00  5.17241e+00       1.964e+12  2.846659e-01  5.074848e-03 -9.409753e-01  7.153341e-01
-6.00000e+00  5.58621e+00       1.888e+12  3.897167e-01 -6.093697e-03  9.076695e-01  6.102833e-01
-5.58621e+00  5.58621e+00       2.017e+12  4.485269e-01 -9.602642e-03  8.733698e-01  5.514731e-01
-5.17241e+00  5.58621e+00       1.918e+12  5.316909e-01 -9.579502e-03  8.098830e-01  4.683091e-01
-4.75862e+00  5.58621e+00       1.663e+12  6.284149e-01  2.531009e-03  7.138212e-01  3.715851e-01
-4.34483e+00  5.58621e+00       1.304e+12  7.281038e-01  3.653931e-02  5.903181e-01  2.718962e-01
-3.93103e+00  5.58621e+00       8.994e+11  8.037083e-01  9.222517e-02  4.733015e-01  1.962917e-01
-3.51724e+00  5.58621e+00       5.366e+11  8.263220e-01  1.390540e-01  4.015766e-01  1.736780e-01
-3.10345e+00  5.58621e+00       3.510e+11  8.305108e-01  1.017367e-01  3.455378e-01  1.694892e-01
-2.68966e+00  5.58621e+00       3.277e+11  8.622131e-01  5.882535e-03  2.193488e-01  1.377869e-01
-2.27586e+00  5.58621e+00       3.327e+11  8.252042e-01 -7.210674e-02 -8.445098e-03  1.747958e-01
-1.86207e+00  5.58621e+00       3.246e+11  6.160368e-01 -1.380365e-01 -3.575101e-01  3.839632e-01
-1.44828e+00  5.58621e+00       3.333e+11  2.292946e-01 -1.748259e-01 -6.828044e-01  7.707054e-01
-1.03448e+00  5.58621e+00       3.517e+11 -1.576417e-01 -1.622716e-01 -7.841729e-01  8.423583e-01
-6.20690e-01  5.58621e+00       3.411e+11 -4.698115e-01 -9.787380e-02 -6.278286e-01  5.301885e-01
-2.06897e-01  5.58621e+00       3.105e+11 -6.896323e-01 -2.600423e-02 -2.229921e-01  3.103677e-01
 2.06897e-01  5.58621e+00       3.019e+11 -6.879020e-01 -1.655169e-02  3.037695e-01  3.120980e-01
 6.20690e-01  5.58621e+00       3.226e+11 -4.656820e-01 -7.328693e-02  6.895302e-01  5.343180e-01
 1.03448e+00  5.58621e+00       3.315e+11 -1.893533e-01 -1.337171e-01  8.483801e-01  8.106467e-01
 1.44828e+00  5.58621e+00       2.961e+11  9.887548e-02 -1.747982e-01  8.070149e-01  9.011245e-01
 1.86207e+00  5.58621e+00       2.616e+11  4.483477e-01 -2.081427e-01  5.282177e-01  5.516523e-01
 2.27586e+00  5.58621e+00       2.748e+11  7.192046e-01 -1.955257e-01  1.579852e-01  2.807954e-01
 2.68966e+00  5.58621e+00       3.207e+11  8.277777e-01 -1.053835e-01 -7.752803e-02  1.722223e-01
 3.10345e+00  5.58621e+00       3.770e+11  8.711363e-01  1.051426e-03 -1.646821e-01  1.288637e-01
 3.51724e+00  5.58621e+00       4.301e+11  8.803308e-01  4.099512e-02 -2.089343e-01  1.196692e-01
 3.93103e+00  5.58621e+00       5.585e+11  8.200756e-01  8.352951e-03 -3.675821e-01  1.799244e-01
 4.34483e+00  5.58621e+00       9.338e+11  7.020240e-01 -2.166647e-02 -5.977369e-01  2.979760e-01
 4.75862e+00  5.58621e+00       1.551e+12  6.008174e-01 -1.796851e-02 -7.453612e-01  3.991826e-01
 5.17241e+00  5.58621e+00       2.071e+12  5.231903e-01 -2.650065e-03 -8.248493e-01  4.768097e-01
 5.58621e+00  5.58621e+00       2.168e+12  4.523952e-01  7.977147e-03 -8.745963e-01  5.476048e-01
 6.00000e+00  5.58621e+00       1.898e+12  3.835237e-01  8.392430e-03 -9.092836e-01  6.164763e-01
-6.00000e+00  6.00000e+00       1.710e+12  5.110613e-01 -4.429101e-03  8.469212e-01  4.889387e-01
-5.58621e+00  6.00000e+00       2.081e+12  5.517057e-01 -5.266293e-03  8.218099e-01  4.482943e-01
-5.17241e+00  6.00000e+00       2.117e+12  6.022003e-01 -8.603424e-03  7.791270e-01  3.977997e-01
-4.75862e+00  6.00000e+00       1.946e+12  6.757985e-01 -8.685167e-03  6.976977e-01  3.242015e-01
-4.34483e+00  6.00000e+00       1.711e+12  7.587181e-01  2.079888e-04  5.748838e-01  2.412819e-01
-3.93103e+00  6.00000e+00       1.422e+12  8.356409e-01  2.543123e-02  4.185894e-01  1.643591e-01
-3.51724e+00  6.00000e+00       1.080e+12  8.941368e-01  7.248422e-02  2.530940e-01  1.058632e-01
-3.10345e+00  6.00000e+00       7.053e+11  9.107909e-01  1.377610e-01  1.326726e-01  8.920911e-02
-2.68966e+00  6.00000e+00       3.948e+11  8.707714e-01  1.879750e-01  9.337024e-02  1.292286e-01
-2.27586e+00  6.00000e+00       2.487e+11  8.188195e-01  1.418973e-01  6.294936e-02  1.811805e-01
-1.86207e+00  6.00000e+00       2.422e+11  8.553781e-01  5.059193e-02 -6.579359e-02  1.446219e-01
-1.44828e+00  6.00000e+00       2.544e+11  8.853906e-01  1.440425e-02 -1.360373e-01  1.146094e-01
-1.03448e+00  6.00000e+00       2.069e+11  8.121461e-01 -6.450379e-02 -1.292960e-01  1.878539e-01
-6.20690e-01  6.00000e+00       1.448e+11  5.285622e-01 -3.014297e-01 -1.106023e-01  4.714378e-01
-2.06897e-01  6.00000e+00       1.194e+11  1.527499e-01 -5.725835e-01 -6.257906e-02  8.472501e-01
 2.06897e-01  6.00000e+00       1.215e+11  8.276808e-02 -6.072035e-01  8.684756e-02  9.172319e-01
 6.20690e-01  6.00000e+00       1.338e+11  3.012568e-01 -4.620855e-01  1.742105e-01  6.987432e-01
 1.03448e+00  6.00000e+00       1.514e+11  5.198266e-01 -3.030142e-01  7.957052e-02  4.801734e-01
 1.44828e+00  6.00000e+00       1.808e+11  6.237163e-01 -1.789134e-01 -1.035344e-02  3.762837e-01
 1.86207e+00  6.00000e+00       2.394e+11  7.266869e-01 -3.275691e-02  3.963190e-02  2.733131e-01
 2.27586e+00  6.00000e+00       3.105e+11  8.159719e-01  7.261168e-02  1.179414e-01  1.840281e-01
 2.68966e+00  6.00000e+00       3.543e+11  8.564210e-01  8.727213e-02  1.508541e-01  1.435790e-01
 3.10345e+00  6.00000e+00       4.087e+11  8.780007e-01  3.693781e-02  6.496403e-02  1.219993e-01
 3.51724e+00  6.00000e+00       5.969e+11  8.653577e-01 -1.677942e-02 -1.946455e-01  1.346423e-01
 3.93103e+00  6.00000e+00       1.038e+12  8.061035e-01 -2.685030e-02 -4.553589e-01  1.938965e-01
 4.34483e+00  6.00000e+00       1.669e+12  7.399711e-01 -1.171657e-02 -6.142200e-01  2.600289e-01
 4.75862e+00  6.00000e+00       2.185e+12  6.783304e-01  5.359878e-03 -7.074267e-01  3.216696e-01
 5.17241e+00  6.00000e+00       2.308e+12  6.156124e-01  1.231016e-02 -7.715293e-01  3.843876e-01
 5.58621e+00  6.00000e+00       2.066e+12  5.507897e-01  8.412386e-03 -8.206217e-01  4.492103e-01
 6.00000e+00  6.00000e+00       1.741e+12  4.898686e-01  6.053210e-03 -8.560246e-01  5.101314e-01
