 EB(GeV)    EMITTANCEx EMITTANCEy SIZEx(m)   SIZEy(m)   DIVx(rad)  DIVy(rad)
 1.500e+00  5.941e-09  5.941e-11  1.840e-04  1.299e-05  3.228e-05  4.574e-06
 betax      alphax     betay      alphay     eta        deta       E_spread  
 5.700e+00  0.000e+00  2.840e+00  0.000e+00  0.000e+00  0.000e+00  1.000e-03
 Ibeam(A) 
  2.000e-01


           x            y       F.Density            PL            PC          PL45        1-|PL|
          mm           mm  ph/s/mm^2/0.1%             -             -             -             -
-6.00000e+00 -6.00000e+00       1.528e+12  5.489197e-01  9.940059e-03 -8.106656e-01  4.510803e-01
-5.58621e+00 -6.00000e+00       2.115e+12  5.998598e-01  4.873732e-03 -7.797472e-01  4.001402e-01
-5.17241e+00 -6.00000e+00       2.409e+12  6.371993e-01  1.129719e-03 -7.486036e-01  3.628007e-01
-4.75862e+00 -6.00000e+00       2.194e+12  6.850959e-01 -5.101286e-03 -6.912217e-01  3.149041e-01
-4.34483e+00 -6.00000e+00       1.789e+12  7.549888e-01 -1.346772e-02 -5.803875e-01  2.450112e-01
-3.93103e+00 -6.00000e+00       1.472e+12  8.336881e-01 -1.860274e-02 -4.138717e-01  1.663119e-01
-3.51724e+00 -6.00000e+00       1.212e+12  8.951471e-01 -2.831635e-02 -2.352985e-01  1.048529e-01
-3.10345e+00 -6.00000e+00       8.788e+11  9.205209e-01 -5.919518e-02 -9.561297e-02  7.947912e-02
-2.68966e+00 -6.00000e+00       5.235e+11  8.979179e-01 -1.143417e-01 -2.514890e-02  1.020821e-01
-2.27586e+00 -6.00000e+00       2.992e+11  8.160639e-01 -1.611462e-01 -1.928572e-02  1.839361e-01
-1.86207e+00 -6.00000e+00       2.344e+11  7.378544e-01 -1.062620e-01  9.176616e-02  2.621456e-01
-1.44828e+00 -6.00000e+00       2.551e+11  7.322603e-01 -3.913997e-02  2.959138e-01  2.677397e-01
-1.03448e+00 -6.00000e+00       2.665e+11  7.510039e-01 -7.167151e-02  3.505501e-01  2.489961e-01
-6.20690e-01 -6.00000e+00       2.321e+11  7.719334e-01 -1.212694e-01  2.056079e-01  2.280666e-01
-2.06897e-01 -6.00000e+00       1.905e+11  7.752804e-01 -1.081035e-01 -3.734634e-02  2.247196e-01
 2.06897e-01 -6.00000e+00       1.712e+11  7.301228e-01 -6.713435e-02 -1.194854e-01  2.698772e-01
 6.20690e-01 -6.00000e+00       1.672e+11  5.945329e-01 -2.365624e-02 -1.633282e-02  4.054671e-01
 1.03448e+00 -6.00000e+00       1.771e+11  4.533763e-01  4.554896e-02  2.194436e-02  5.466237e-01
 1.44828e+00 -6.00000e+00       2.155e+11  5.201244e-01  1.788219e-02 -7.342322e-02  4.798756e-01
 1.86207e+00 -6.00000e+00       2.796e+11  6.905543e-01 -7.271170e-02 -1.621711e-01  3.094457e-01
 2.27586e+00 -6.00000e+00       3.359e+11  7.948787e-01 -6.551598e-02 -1.964251e-01  2.051213e-01
 2.68966e+00 -6.00000e+00       3.855e+11  8.514214e-01  6.614068e-03 -1.618030e-01  1.485786e-01
 3.10345e+00 -6.00000e+00       4.980e+11  8.849378e-01  4.808273e-02 -3.675390e-03  1.150622e-01
 3.51724e+00 -6.00000e+00       7.956e+11  8.706044e-01  3.709744e-02  2.483765e-01  1.293956e-01
 3.93103e+00 -6.00000e+00       1.350e+12  8.206225e-01  1.208737e-02  4.552080e-01  1.793775e-01
 4.34483e+00 -6.00000e+00       1.959e+12  7.620748e-01 -2.542426e-03  5.882718e-01  2.379252e-01
 4.75862e+00 -6.00000e+00       2.299e+12  6.954738e-01 -6.915879e-03  6.838398e-01  3.045262e-01
 5.17241e+00 -6.00000e+00       2.317e+12  6.243497e-01 -5.641991e-03  7.577205e-01  3.756503e-01
 5.58621e+00 -6.00000e+00       2.118e+12  5.643610e-01 -6.022717e-03  8.059696e-01  4.356390e-01
 6.00000e+00 -6.00000e+00       1.756e+12  5.195204e-01 -1.152202e-02  8.339770e-01  4.804796e-01
-6.00000e+00 -5.58621e+00       1.928e+12  4.392587e-01  5.764670e-03 -8.824532e-01  5.607413e-01
-5.58621e+00 -5.58621e+00       2.246e+12  4.810258e-01  1.348068e-03 -8.586035e-01  5.189742e-01
-5.17241e+00 -5.58621e+00       2.107e+12  5.402816e-01 -3.818589e-03 -8.094743e-01  4.597184e-01
-4.75862e+00 -5.58621e+00       1.761e+12  6.285889e-01 -9.040037e-03 -7.157392e-01  3.714111e-01
-4.34483e+00 -5.58621e+00       1.431e+12  7.322319e-01 -1.771804e-02 -5.821167e-01  2.677681e-01
-3.93103e+00 -5.58621e+00       1.085e+12  8.156627e-01 -4.355139e-02 -4.527256e-01  1.843373e-01
-3.51724e+00 -5.58621e+00       6.947e+11  8.507280e-01 -8.883674e-02 -3.626062e-01  1.492720e-01
-3.10345e+00 -5.58621e+00       4.176e+11  8.427097e-01 -1.123685e-01 -2.923453e-01  1.572903e-01
-2.68966e+00 -5.58621e+00       3.319e+11  8.462017e-01 -5.967246e-02 -1.791087e-01  1.537983e-01
-2.27586e+00 -5.58621e+00       3.137e+11  8.353095e-01  6.551597e-03 -3.214490e-02  1.646905e-01
-1.86207e+00 -5.58621e+00       2.734e+11  7.192251e-01  6.412562e-02  1.850596e-01  2.807749e-01
-1.44828e+00 -5.58621e+00       2.395e+11  3.755686e-01  1.134621e-01  4.695353e-01  6.244314e-01
-1.03448e+00 -5.58621e+00       2.473e+11 -1.593565e-01  1.845062e-01  6.293805e-01  8.406435e-01
-6.20690e-01 -5.58621e+00       2.855e+11 -5.547133e-01  2.574030e-01  5.174105e-01  4.452867e-01
-2.06897e-01 -5.58621e+00       3.149e+11 -7.294034e-01  2.836797e-01  1.953477e-01  2.705966e-01
 2.06897e-01 -5.58621e+00       3.212e+11 -7.174099e-01  2.620037e-01 -2.200808e-01  2.825901e-01
 6.20690e-01 -5.58621e+00       3.047e+11 -5.311472e-01  1.993459e-01 -5.672448e-01  4.688528e-01
 1.03448e+00 -5.58621e+00       2.681e+11 -1.916855e-01  1.215957e-01 -7.184898e-01  8.083145e-01
 1.44828e+00 -5.58621e+00       2.514e+11  2.824130e-01  9.812766e-02 -6.071672e-01  7.175870e-01
 1.86207e+00 -5.58621e+00       2.829e+11  6.433287e-01  1.249251e-01 -3.556553e-01  3.566713e-01
 2.27586e+00 -5.58621e+00       3.214e+11  7.825208e-01  1.077692e-01 -1.318852e-01  2.174792e-01
 2.68966e+00 -5.58621e+00       3.562e+11  8.373362e-01  3.587958e-02  3.625560e-02  1.626638e-01
 3.10345e+00 -5.58621e+00       4.096e+11  8.739365e-01 -1.043395e-02  1.262099e-01  1.260635e-01
 3.51724e+00 -5.58621e+00       4.940e+11  8.742999e-01  6.345497e-03  2.218838e-01  1.257001e-01
 3.93103e+00 -5.58621e+00       7.150e+11  8.073323e-01  2.583324e-02  4.160096e-01  1.926677e-01
 4.34483e+00 -5.58621e+00       1.211e+12  7.087202e-01  1.767828e-02  6.114071e-01  2.912798e-01
 4.75862e+00 -5.58621e+00       1.842e+12  6.233656e-01  4.922080e-03  7.325664e-01  3.766344e-01
 5.17241e+00 -5.58621e+00       2.217e+12  5.451754e-01 -2.384631e-03  8.095936e-01  4.548246e-01
 5.58621e+00 -5.58621e+00       2.197e+12  4.682831e-01 -4.486908e-03  8.648745e-01  5.317169e-01
 6.00000e+00 -5.58621e+00       1.922e+12  4.041190e-01 -6.351527e-03  8.999515e-01  5.958810e-01
-6.00000e+00 -5.17241e+00       2.017e+12  3.218687e-01  2.017022e-03 -9.296195e-01  6.781313e-01
-5.58621e+00 -5.17241e+00       1.985e+12  3.846032e-01 -2.088783e-03 -8.941127e-01  6.153968e-01
-5.17241e+00 -5.17241e+00       1.691e+12  4.797229e-01 -6.613986e-03 -8.243175e-01  5.202771e-01
-4.75862e+00 -5.17241e+00       1.338e+12  5.953925e-01 -1.939997e-02 -7.238803e-01  4.046075e-01
-4.34483e+00 -5.17241e+00       9.586e+11  6.908805e-01 -5.313086e-02 -6.265982e-01  3.091195e-01
-3.93103e+00 -5.17241e+00       6.029e+11  7.394298e-01 -9.183541e-02 -5.503636e-01  2.605702e-01
-3.51724e+00 -5.17241e+00       4.176e+11  7.714415e-01 -7.286370e-02 -4.510530e-01  2.285585e-01
-3.10345e+00 -5.17241e+00       3.903e+11  8.080671e-01 -2.150519e-03 -2.484086e-01  1.919329e-01
-2.68966e+00 -5.17241e+00       4.239e+11  7.875816e-01  5.875501e-02  1.089125e-01  2.124184e-01
-2.27586e+00 -5.17241e+00       4.902e+11  6.887377e-01  8.709097e-02  4.860359e-01  3.112623e-01
-1.86207e+00 -5.17241e+00       5.157e+11  5.393500e-01  7.857557e-02  7.176030e-01  4.606500e-01
-1.44828e+00 -5.17241e+00       4.429e+11  3.249219e-01  7.201593e-02  8.395383e-01  6.750781e-01
-1.03448e+00 -5.17241e+00       3.472e+11 -1.631017e-03  1.231331e-01  8.455717e-01  9.983690e-01
-6.20690e-01 -5.17241e+00       3.057e+11 -3.938800e-01  2.232794e-01  6.399824e-01  6.061200e-01
-2.06897e-01 -5.17241e+00       3.050e+11 -6.609068e-01  2.802563e-01  2.541852e-01  3.390932e-01
 2.06897e-01 -5.17241e+00       3.102e+11 -6.834036e-01  2.643913e-01 -1.948110e-01  3.165964e-01
 6.20690e-01 -5.17241e+00       3.312e+11 -4.134210e-01  1.829028e-01 -6.024499e-01  5.865790e-01
 1.03448e+00 -5.17241e+00       4.032e+11  1.442438e-02  9.248085e-02 -8.239856e-01  9.855756e-01
 1.44828e+00 -5.17241e+00       4.957e+11  3.402687e-01  5.846021e-02 -8.435937e-01  6.597313e-01
 1.86207e+00 -5.17241e+00       5.280e+11  5.501713e-01  5.731636e-02 -7.457213e-01  4.498287e-01
 2.27586e+00 -5.17241e+00       4.944e+11  7.087583e-01  5.777078e-02 -5.333596e-01  2.912417e-01
 2.68966e+00 -5.17241e+00       4.544e+11  8.191888e-01  6.413395e-02 -2.048940e-01  1.808112e-01
 3.10345e+00 -5.17241e+00       4.381e+11  8.547648e-01  6.233532e-02  1.084819e-01  1.452352e-01
 3.51724e+00 -5.17241e+00       4.451e+11  8.428907e-01  2.640595e-02  3.019273e-01  1.571093e-01
 3.93103e+00 -5.17241e+00       4.979e+11  8.085809e-01  2.812763e-03  4.193656e-01  1.914191e-01
 4.34483e+00 -5.17241e+00       6.835e+11  7.086910e-01  1.313722e-02  5.746837e-01  2.913090e-01
 4.75862e+00 -5.17241e+00       1.135e+12  5.734283e-01  1.586444e-02  7.392083e-01  4.265717e-01
 5.17241e+00 -5.17241e+00       1.735e+12  4.683537e-01  7.811903e-03  8.397265e-01  5.316463e-01
 5.58621e+00 -5.17241e+00       2.078e+12  3.837317e-01  4.991990e-04  8.977230e-01  6.162683e-01
 6.00000e+00 -5.17241e+00       2.003e+12  3.067997e-01 -3.040207e-03  9.348640e-01  6.932003e-01
-6.00000e+00 -4.75862e+00       1.816e+12  2.228613e-01 -2.053009e-04 -9.484713e-01  7.771387e-01
-5.58621e+00 -4.75862e+00       1.590e+12  3.154631e-01 -4.402922e-03 -9.015944e-01  6.845369e-01
-5.17241e+00 -4.75862e+00       1.244e+12  4.369719e-01 -1.887390e-02 -8.282712e-01  5.630281e-01
-4.75862e+00 -4.75862e+00       8.750e+11  5.466927e-01 -5.427002e-02 -7.516994e-01  4.533073e-01
-4.34483e+00 -4.75862e+00       5.672e+11  6.171994e-01 -8.440821e-02 -6.781199e-01  3.828006e-01
-3.93103e+00 -4.75862e+00       4.419e+11  6.957902e-01 -4.575826e-02 -5.337016e-01  3.042098e-01
-3.51724e+00 -4.75862e+00       4.821e+11  8.006492e-01  2.417105e-02 -2.424190e-01  1.993508e-01
-3.10345e+00 -4.75862e+00       5.856e+11  8.656036e-01  5.918355e-02  8.551152e-02  1.343964e-01
-2.68966e+00 -4.75862e+00       6.287e+11  8.619994e-01  7.029951e-02  3.259814e-01  1.380006e-01
-2.27586e+00 -4.75862e+00       5.538e+11  7.987696e-01  9.266668e-02  5.026274e-01  2.012304e-01
-1.86207e+00 -4.75862e+00       4.298e+11  6.950733e-01  1.291189e-01  6.452779e-01  3.049267e-01
-1.44828e+00 -4.75862e+00       3.210e+11  5.693207e-01  1.498091e-01  7.482800e-01  4.306793e-01
-1.03448e+00 -4.75862e+00       2.453e+11  4.401922e-01  1.714721e-01  7.854139e-01  5.598078e-01
-6.20690e-01 -4.75862e+00       1.804e+11  3.290727e-01  2.212747e-01  6.993995e-01  6.709273e-01
-2.06897e-01 -4.75862e+00       1.268e+11  2.042573e-01  2.839114e-01  4.099093e-01  7.957427e-01
 2.06897e-01 -4.75862e+00       1.089e+11  1.324211e-02  3.279435e-01 -6.088408e-02  9.867579e-01
 6.20690e-01 -4.75862e+00       1.302e+11 -8.843562e-02  2.902064e-01 -4.578398e-01  9.115644e-01
 1.03448e+00 -4.75862e+00       1.950e+11  1.371723e-01  1.687184e-01 -6.620932e-01  8.628277e-01
 1.44828e+00 -4.75862e+00       3.318e+11  4.942623e-01  8.207995e-02 -6.839167e-01  5.057377e-01
 1.86207e+00 -4.75862e+00       5.276e+11  7.113985e-01  5.659831e-02 -6.124567e-01  2.886015e-01
 2.27586e+00 -4.75862e+00       6.787e+11  8.209085e-01  4.676049e-02 -5.059833e-01  1.790915e-01
 2.68966e+00 -4.75862e+00       6.969e+11  8.810367e-01  4.046963e-02 -3.635726e-01  1.189633e-01
 3.10345e+00 -4.75862e+00       6.147e+11  8.978229e-01  4.101287e-02 -1.382586e-01  1.021771e-01
 3.51724e+00 -4.75862e+00       5.304e+11  8.621961e-01  4.680290e-02  1.659628e-01  1.378039e-01
 3.93103e+00 -4.75862e+00       4.856e+11  7.953888e-01  3.405491e-02  4.164613e-01  2.046112e-01
 4.34483e+00 -4.75862e+00       5.027e+11  7.163867e-01  8.149523e-03  5.663180e-01  2.836133e-01
 4.75862e+00 -4.75862e+00       6.706e+11  5.778554e-01  7.962803e-03  7.071440e-01  4.221446e-01
 5.17241e+00 -4.75862e+00       1.102e+12  4.173092e-01  1.302581e-02  8.385244e-01  5.826908e-01
 5.58621e+00 -4.75862e+00       1.643e+12  3.043560e-01  8.532090e-03  9.131524e-01  6.956440e-01
 6.00000e+00 -4.75862e+00       1.891e+12  2.197813e-01  2.206966e-03  9.517060e-01  7.802187e-01
-6.00000e+00 -4.34483e+00       1.480e+12  1.481324e-01 -1.402079e-03 -9.463914e-01  8.518676e-01
-5.58621e+00 -4.34483e+00       1.166e+12  2.666656e-01 -1.437319e-02 -8.966706e-01  7.333344e-01
-5.17241e+00 -4.34483e+00       8.217e+11  3.917518e-01 -4.898447e-02 -8.362925e-01  6.082482e-01
-4.75862e+00 -4.34483e+00       5.498e+11  4.909828e-01 -7.826476e-02 -7.654706e-01  5.090172e-01
-4.34483e+00 -4.34483e+00       4.579e+11  6.201286e-01 -3.631656e-02 -6.025798e-01  3.798714e-01
-3.93103e+00 -4.34483e+00       5.347e+11  7.866444e-01  2.839820e-02 -3.223540e-01  2.133556e-01
-3.51724e+00 -4.34483e+00       6.396e+11  8.962369e-01  5.729757e-02 -6.780229e-02  1.037631e-01
-3.10345e+00 -4.34483e+00       6.292e+11  9.361167e-01  7.644324e-02  1.108211e-01  6.388331e-02
-2.68966e+00 -4.34483e+00       5.157e+11  9.359192e-01  1.001645e-01  2.307733e-01  6.408078e-02
-2.27586e+00 -4.34483e+00       4.064e+11  9.219049e-01  8.173542e-02  2.795590e-01  7.809511e-02
-1.86207e+00 -4.34483e+00       3.556e+11  9.051149e-01 -5.820889e-03  2.431367e-01  9.488507e-02
-1.44828e+00 -4.34483e+00       3.341e+11  8.768690e-01 -5.614036e-02  1.338291e-01  1.231310e-01
-1.03448e+00 -4.34483e+00       2.801e+11  7.943889e-01 -2.615993e-02 -5.205713e-02  2.056111e-01
-6.20690e-01 -4.34483e+00       2.131e+11  6.242137e-01  1.241989e-02 -3.165380e-01  3.757863e-01
-2.06897e-01 -4.34483e+00       1.895e+11  5.126882e-01 -4.135493e-04 -5.136687e-01  4.873118e-01
 2.06897e-01 -4.34483e+00       2.098e+11  5.915656e-01 -1.162766e-02 -4.954652e-01  4.084344e-01
 6.20690e-01 -4.34483e+00       2.327e+11  6.911437e-01  5.008319e-03 -3.394317e-01  3.088563e-01
 1.03448e+00 -4.34483e+00       2.226e+11  6.835747e-01  2.881100e-03 -1.653669e-01  3.164253e-01
 1.44828e+00 -4.34483e+00       1.998e+11  6.107056e-01 -3.101900e-02 -1.312489e-01  3.892944e-01
 1.86207e+00 -4.34483e+00       2.366e+11  6.934971e-01 -1.025510e-04 -2.709965e-01  3.065029e-01
 2.27586e+00 -4.34483e+00       3.926e+11  8.599317e-01  4.898112e-02 -2.957536e-01  1.400683e-01
 2.68966e+00 -4.34483e+00       6.211e+11  9.402436e-01  4.943211e-02 -2.205829e-01  5.975643e-02
 3.10345e+00 -4.34483e+00       7.520e+11  9.616659e-01  3.889723e-02 -1.244135e-01  3.833406e-02
 3.51724e+00 -4.34483e+00       7.023e+11  9.369044e-01  3.399862e-02  2.593610e-02  6.309556e-02
 3.93103e+00 -4.34483e+00       5.826e+11  8.523072e-01  3.682968e-02  2.693989e-01  1.476928e-01
 4.34483e+00 -4.34483e+00       4.989e+11  7.330540e-01  3.032773e-02  5.170817e-01  2.669460e-01
 4.75862e+00 -4.34483e+00       4.969e+11  6.040259e-01  8.540210e-03  6.794799e-01  3.959741e-01
 5.17241e+00 -4.34483e+00       6.723e+11  4.214459e-01  6.431858e-03  8.082730e-01  5.785541e-01
 5.58621e+00 -4.34483e+00       1.094e+12  2.498068e-01  1.189672e-02  9.051616e-01  7.501932e-01
 6.00000e+00 -4.34483e+00       1.532e+12  1.388565e-01  8.488720e-03  9.537606e-01  8.611435e-01
-6.00000e+00 -3.93103e+00       1.097e+12  9.457940e-02 -8.146507e-03 -9.312601e-01  9.054206e-01
-5.58621e+00 -3.93103e+00       7.867e+11  2.299088e-01 -3.870276e-02 -8.872978e-01  7.700912e-01
-5.17241e+00 -3.93103e+00       5.351e+11  3.567717e-01 -7.340371e-02 -8.278417e-01  6.432283e-01
-4.75862e+00 -3.93103e+00       4.456e+11  5.217221e-01 -4.138583e-02 -6.817401e-01  4.782779e-01
-4.34483e+00 -3.93103e+00       5.226e+11  7.315197e-01  2.362949e-02 -4.350233e-01  2.684803e-01
-3.93103e+00 -3.93103e+00       6.182e+11  8.743651e-01  5.553055e-02 -2.222709e-01  1.256349e-01
-3.51724e+00 -3.93103e+00       5.916e+11  9.424693e-01  7.660581e-02 -8.090270e-02  5.753073e-02
-3.10345e+00 -3.93103e+00       4.840e+11  9.637575e-01  8.585873e-02 -1.471136e-02  3.624250e-02
-2.68966e+00 -3.93103e+00       3.933e+11  9.472359e-01  5.054628e-02 -3.886426e-02  5.276409e-02
-2.27586e+00 -3.93103e+00       3.095e+11  8.877331e-01  8.719765e-03 -1.031549e-01  1.122669e-01
-1.86207e+00 -3.93103e+00       2.022e+11  7.644204e-01 -2.664526e-02 -1.297926e-01  2.355796e-01
-1.44828e+00 -3.93103e+00       1.176e+11  5.414092e-01 -2.212211e-01 -4.656474e-02  4.585908e-01
-1.03448e+00 -3.93103e+00       8.092e+10  3.193198e-01 -5.976680e-01  1.073646e-01  6.806802e-01
-6.20690e-01 -3.93103e+00       6.330e+10  2.294026e-01 -8.013782e-01  1.158939e-01  7.705974e-01
-2.06897e-01 -3.93103e+00       5.476e+10  2.729795e-01 -7.976519e-01 -1.005142e-01  7.270205e-01
 2.06897e-01 -3.93103e+00       6.592e+10  4.326214e-01 -6.931906e-01 -3.511754e-01  5.673786e-01
 6.20690e-01 -3.93103e+00       1.010e+11  6.017893e-01 -5.651706e-01 -4.031167e-01  3.982107e-01
 1.03448e+00 -3.93103e+00       1.540e+11  7.520425e-01 -3.942697e-01 -3.071703e-01  2.479575e-01
 1.44828e+00 -3.93103e+00       2.139e+11  8.556979e-01 -2.027087e-01 -1.631010e-01  1.443021e-01
 1.86207e+00 -3.93103e+00       2.528e+11  8.785521e-01 -6.825367e-02 -6.076441e-02  1.214479e-01
 2.27586e+00 -3.93103e+00       2.642e+11  8.634602e-01  6.511810e-03 -4.097534e-02  1.365398e-01
 2.68966e+00 -3.93103e+00       3.404e+11  9.065244e-01  5.023812e-02 -4.845001e-02  9.347558e-02
 3.10345e+00 -3.93103e+00       5.378e+11  9.608818e-01  5.426503e-02  1.109577e-03  3.911823e-02
 3.51724e+00 -3.93103e+00       7.080e+11  9.680361e-01  4.178576e-02  7.500734e-02  3.196387e-02
 3.93103e+00 -3.93103e+00       6.947e+11  9.234212e-01  3.297799e-02  1.916876e-01  7.657880e-02
 4.34483e+00 -3.93103e+00       5.718e+11  8.080748e-01  3.223949e-02  3.934181e-01  1.919252e-01
 4.75862e+00 -3.93103e+00       4.750e+11  6.482103e-01  2.461703e-02  6.160839e-01  3.517897e-01
 5.17241e+00 -3.93103e+00       4.802e+11  4.663641e-01  5.942475e-03  7.692590e-01  5.336359e-01
 5.58621e+00 -3.93103e+00       6.849e+11  2.452428e-01  7.109449e-03  8.760499e-01  7.547572e-01
 6.00000e+00 -3.93103e+00       1.081e+12  7.908368e-02  1.176757e-02  9.392169e-01  9.209163e-01
-6.00000e+00 -3.51724e+00       7.581e+11  6.329127e-02 -2.491659e-02 -9.090981e-01  9.367087e-01
-5.58621e+00 -3.51724e+00       5.206e+11  2.118397e-01 -6.494658e-02 -8.672579e-01  7.881603e-01
-5.17241e+00 -3.51724e+00       4.122e+11  3.956511e-01 -5.507052e-02 -7.576580e-01  6.043489e-01
-4.75862e+00 -3.51724e+00       4.661e+11  6.397470e-01  1.132616e-02 -5.447716e-01  3.602530e-01
-4.34483e+00 -3.51724e+00       5.615e+11  8.187015e-01  5.040385e-02 -3.522666e-01  1.812985e-01
-3.93103e+00 -3.51724e+00       5.488e+11  9.106062e-01  7.230655e-02 -2.288906e-01  8.939380e-02
-3.51724e+00 -3.51724e+00       4.508e+11  9.391577e-01  8.050182e-02 -1.840580e-01  6.084233e-02
-3.10345e+00 -3.51724e+00       3.517e+11  9.119713e-01  5.505748e-02 -2.127831e-01  8.802875e-02
-2.68966e+00 -3.51724e+00       2.490e+11  8.456443e-01  1.236157e-02 -2.234833e-01  1.543557e-01
-2.27586e+00 -3.51724e+00       1.518e+11  7.626590e-01 -8.480064e-02 -9.119000e-02  2.373410e-01
-1.86207e+00 -3.51724e+00       9.966e+10  6.945039e-01 -2.781408e-01  2.110041e-01  3.054961e-01
-1.44828e+00 -3.51724e+00       8.355e+10  6.165861e-01 -3.739521e-01  4.360879e-01  3.834139e-01
-1.03448e+00 -3.51724e+00       7.502e+10  4.766966e-01 -3.255209e-01  4.558063e-01  5.233034e-01
-6.20690e-01 -3.51724e+00       7.055e+10  3.515484e-01 -2.147319e-01  2.526312e-01  6.484516e-01
-2.06897e-01 -3.51724e+00       7.984e+10  3.811756e-01 -1.302839e-01 -6.702511e-02  6.188244e-01
 2.06897e-01 -3.51724e+00       1.035e+11  5.250774e-01 -1.234063e-01 -3.245404e-01  4.749226e-01
 6.20690e-01 -3.51724e+00       1.325e+11  6.511334e-01 -1.567086e-01 -4.749128e-01  3.488666e-01
 1.03448e+00 -3.51724e+00       1.501e+11  7.175641e-01 -1.981439e-01 -5.163705e-01  2.824359e-01
 1.44828e+00 -3.51724e+00       1.570e+11  7.785952e-01 -2.358896e-01 -4.068323e-01  2.214048e-01
 1.86207e+00 -3.51724e+00       1.849e+11  8.625687e-01 -2.139265e-01 -1.557948e-01  1.374313e-01
 2.27586e+00 -3.51724e+00       2.361e+11  9.038062e-01 -1.216896e-01  4.274080e-02  9.619379e-02
 2.68966e+00 -3.51724e+00       2.727e+11  9.032668e-01 -2.349569e-02  1.184550e-01  9.673325e-02
 3.10345e+00 -3.51724e+00       3.343e+11  9.201143e-01  4.599646e-02  1.276339e-01  7.988569e-02
 3.51724e+00 -3.51724e+00       4.957e+11  9.491737e-01  5.752555e-02  1.610388e-01  5.082633e-02
 3.93103e+00 -3.51724e+00       6.464e+11  9.419781e-01  4.356648e-02  2.226283e-01  5.802188e-02
 4.34483e+00 -3.51724e+00       6.298e+11  8.772432e-01  3.291599e-02  3.288930e-01  1.227568e-01
 4.75862e+00 -3.51724e+00       5.100e+11  7.323431e-01  2.934748e-02  5.119347e-01  2.676569e-01
 5.17241e+00 -3.51724e+00       4.241e+11  5.355392e-01  1.718435e-02  7.067000e-01  4.644608e-01
 5.58621e+00 -3.51724e+00       4.644e+11  2.965812e-01  2.919500e-03  8.351080e-01  7.034188e-01
 6.00000e+00 -3.51724e+00       7.039e+11  6.080903e-02  9.118823e-03  9.095534e-01  9.391910e-01
-6.00000e+00 -3.10345e+00       5.157e+11  6.075916e-02 -4.572315e-02 -8.845715e-01  9.392408e-01
-5.58621e+00 -3.10345e+00       3.787e+11  2.502338e-01 -6.460624e-02 -8.176083e-01  7.497662e-01
-5.17241e+00 -3.10345e+00       3.898e+11  5.163616e-01 -8.877816e-03 -6.432965e-01  4.836384e-01
-4.75862e+00 -3.10345e+00       4.831e+11  7.394789e-01  4.157494e-02 -4.573349e-01  2.605211e-01
-4.34483e+00 -3.10345e+00       5.029e+11  8.610858e-01  6.628670e-02 -3.350113e-01  1.389142e-01
-3.93103e+00 -3.10345e+00       4.226e+11  9.052929e-01  7.921358e-02 -2.860676e-01  9.470714e-02
-3.51724e+00 -3.10345e+00       3.218e+11  8.841619e-01  6.512600e-02 -3.024190e-01  1.158381e-01
-3.10345e+00 -3.10345e+00       2.248e+11  8.352601e-01  2.200185e-02 -2.850753e-01  1.647399e-01
-2.68966e+00 -3.10345e+00       1.562e+11  8.255676e-01 -6.610581e-02 -8.815029e-02  1.744324e-01
-2.27586e+00 -3.10345e+00       1.775e+11  8.632496e-01 -1.200412e-01  2.485518e-01  1.367504e-01
-1.86207e+00 -3.10345e+00       3.497e+11  8.252427e-01 -9.141579e-02  4.589999e-01  1.747573e-01
-1.44828e+00 -3.10345e+00       6.528e+11  7.275307e-01 -8.852540e-02  5.863346e-01  2.724693e-01
-1.03448e+00 -3.10345e+00       8.642e+11  5.748381e-01 -1.003086e-01  6.740838e-01  4.251619e-01
-6.20690e-01 -3.10345e+00       8.070e+11  3.296646e-01 -1.105168e-01  6.503687e-01  6.703354e-01
-2.06897e-01 -3.10345e+00       6.685e+11  6.488797e-02 -1.210334e-01  2.513017e-01  9.351120e-01
 2.06897e-01 -3.10345e+00       7.429e+11  1.623661e-01 -1.351396e-01 -4.184382e-01  8.376339e-01
 6.20690e-01 -3.10345e+00       1.012e+12  4.673267e-01 -1.298267e-01 -6.645106e-01  5.326733e-01
 1.03448e+00 -3.10345e+00       1.126e+12  6.669944e-01 -1.061013e-01 -6.361975e-01  3.330056e-01
 1.44828e+00 -3.10345e+00       8.807e+11  7.834577e-01 -7.885554e-02 -5.383844e-01  2.165423e-01
 1.86207e+00 -3.10345e+00       5.164e+11  8.653351e-01 -6.940774e-02 -3.946912e-01  1.346649e-01
 2.27586e+00 -3.10345e+00       3.046e+11  9.184202e-01 -9.604607e-02 -1.743071e-01  8.157979e-02
 2.68966e+00 -3.10345e+00       2.537e+11  9.207651e-01 -9.144221e-02  7.757598e-02  7.923494e-02
 3.10345e+00 -3.10345e+00       2.686e+11  9.039347e-01 -1.925298e-02  2.099794e-01  9.606534e-02
 3.51724e+00 -3.10345e+00       3.325e+11  9.132108e-01  4.834761e-02  2.400449e-01  8.678920e-02
 3.93103e+00 -3.10345e+00       4.764e+11  9.276094e-01  5.774938e-02  2.705307e-01  7.239060e-02
 4.34483e+00 -3.10345e+00       5.834e+11  9.031275e-01  4.256635e-02  3.285199e-01  9.687253e-02
 4.75862e+00 -3.10345e+00       5.366e+11  8.108129e-01  3.233920e-02  4.385976e-01  1.891871e-01
 5.17241e+00 -3.10345e+00       4.219e+11  6.312094e-01  2.666253e-02  6.146499e-01  3.687906e-01
 5.58621e+00 -3.10345e+00       3.677e+11  3.845849e-01  1.015630e-02  7.794992e-01  6.154151e-01
 6.00000e+00 -3.10345e+00       4.637e+11  9.451761e-02  4.420151e-03  8.718842e-01  9.054824e-01
-6.00000e+00 -2.68966e+00       3.030e+11  1.150703e-01 -1.329047e-01 -7.736514e-01  8.849297e-01
-5.58621e+00 -2.68966e+00       2.996e+11  3.760899e-01 -8.544843e-02 -6.860081e-01  6.239101e-01
-5.17241e+00 -2.68966e+00       3.816e+11  6.372547e-01  3.140581e-03 -5.302358e-01  3.627453e-01
-4.75862e+00 -2.68966e+00       4.420e+11  8.060705e-01  4.458561e-02 -4.034158e-01  1.939295e-01
-4.34483e+00 -2.68966e+00       4.018e+11  8.776256e-01  6.879868e-02 -3.430593e-01  1.223744e-01
-3.93103e+00 -2.68966e+00       3.092e+11  8.734641e-01  7.255279e-02 -3.449172e-01  1.265359e-01
-3.51724e+00 -2.68966e+00       2.238e+11  8.405351e-01  3.982477e-02 -3.254336e-01  1.594649e-01
-3.10345e+00 -2.68966e+00       2.100e+11  8.852426e-01 -2.163710e-02 -1.132251e-01  1.147574e-01
-2.68966e+00 -2.68966e+00       4.413e+11  9.632493e-01 -2.679269e-02  1.104717e-01  3.675073e-02
-2.27586e+00 -2.68966e+00       1.056e+12  9.727877e-01 -6.960332e-03  1.847174e-01  2.721229e-02
-1.86207e+00 -2.68966e+00       1.661e+12  9.648480e-01  8.361567e-03  2.273750e-01  3.515197e-02
-1.44828e+00 -2.68966e+00       1.550e+12  9.513575e-01  2.809916e-02  2.612408e-01  4.864247e-02
-1.03448e+00 -2.68966e+00       8.699e+11  9.264896e-01  5.633317e-02  2.810624e-01  7.351040e-02
-6.20690e-01 -2.68966e+00       3.309e+11  8.618395e-01  8.306321e-02  2.518247e-01  1.381605e-01
-2.06897e-01 -2.68966e+00       1.434e+11  7.436580e-01  5.088627e-02  5.026610e-02  2.563420e-01
 2.06897e-01 -2.68966e+00       1.687e+11  8.028748e-01 -1.559476e-02 -2.038107e-01  1.971252e-01
 6.20690e-01 -2.68966e+00       4.015e+11  9.118285e-01 -1.535086e-02 -2.623197e-01  8.817148e-02
 1.03448e+00 -2.68966e+00       9.873e+11  9.499673e-01 -1.716823e-02 -2.560654e-01  5.003269e-02
 1.44828e+00 -2.68966e+00       1.754e+12  9.637789e-01 -2.756413e-02 -2.343274e-01  3.622112e-02
 1.86207e+00 -2.68966e+00       1.947e+12  9.720104e-01 -3.481500e-02 -2.047826e-01  2.798964e-02
 2.27586e+00 -2.68966e+00       1.322e+12  9.774487e-01 -3.914336e-02 -1.640985e-01  2.255130e-02
 2.68966e+00 -2.68966e+00       6.229e+11  9.743843e-01 -4.953667e-02 -8.037625e-02  2.561575e-02
 3.10345e+00 -2.68966e+00       3.186e+11  9.407437e-01 -5.359372e-02  1.092586e-01  5.925633e-02
 3.51724e+00 -2.68966e+00       2.703e+11  9.021962e-01  2.204923e-03  2.662618e-01  9.780379e-02
 3.93103e+00 -2.68966e+00       3.363e+11  9.066033e-01  5.492574e-02  3.057263e-01  9.339674e-02
 4.34483e+00 -2.68966e+00       4.578e+11  9.083255e-01  5.288224e-02  3.353013e-01  9.167453e-02
 4.75862e+00 -2.68966e+00       4.968e+11  8.598202e-01  3.461737e-02  3.979784e-01  1.401798e-01
 5.17241e+00 -2.68966e+00       4.173e+11  7.257072e-01  1.924144e-02  5.294408e-01  2.742928e-01
 5.58621e+00 -2.68966e+00       3.276e+11  5.249913e-01  4.196189e-04  6.983077e-01  4.750087e-01
 6.00000e+00 -2.68966e+00       3.133e+11  2.737215e-01 -1.211423e-02  7.996245e-01  7.262785e-01
-6.00000e+00 -2.27586e+00       2.871e+11  2.375797e-01 -1.483778e-01 -7.847404e-01  7.624203e-01
-5.58621e+00 -2.27586e+00       2.967e+11  5.054806e-01 -5.323859e-02 -6.254262e-01  4.945194e-01
-5.17241e+00 -2.27586e+00       3.633e+11  7.385863e-01  1.779929e-02 -4.604895e-01  2.614137e-01
-4.75862e+00 -2.27586e+00       3.771e+11  8.514876e-01  4.959448e-02 -3.755264e-01  1.485124e-01
-4.34483e+00 -2.27586e+00       3.102e+11  8.753393e-01  6.957975e-02 -3.575228e-01  1.246607e-01
-3.93103e+00 -2.27586e+00       2.311e+11  8.534190e-01  5.784362e-02 -3.511030e-01  1.465810e-01
-3.51724e+00 -2.27586e+00       2.409e+11  8.992267e-01  1.003554e-02 -1.961785e-01  1.007733e-01
-3.10345e+00 -2.27586e+00       5.709e+11  9.791353e-01 -6.602312e-04 -3.566611e-02  2.086465e-02
-2.68966e+00 -2.27586e+00       1.360e+12  9.955406e-01  9.188944e-03  6.734895e-03  4.459350e-03
-2.27586e+00 -2.27586e+00       1.975e+12  9.968338e-01  1.707162e-02  2.714361e-02  3.166158e-03
-1.86207e+00 -2.27586e+00       1.639e+12  9.950288e-01  2.732960e-02  4.413963e-02  4.971192e-03
-1.44828e+00 -2.27586e+00       8.572e+11  9.892467e-01  4.437035e-02  5.707174e-02  1.075335e-02
-1.03448e+00 -2.27586e+00       4.009e+11  9.755863e-01  5.738910e-02  5.660502e-02  2.441368e-02
-6.20690e-01 -2.27586e+00       2.535e+11  9.548083e-01  5.413649e-02  6.210371e-02  4.519168e-02
-2.06897e-01 -2.27586e+00       2.054e+11  9.340773e-01  6.204948e-02  9.020360e-02  6.592270e-02
 2.06897e-01 -2.27586e+00       1.826e+11  9.248248e-01  4.691371e-02  1.045833e-01  7.517519e-02
 6.20690e-01 -2.27586e+00       1.883e+11  9.357598e-01  4.817042e-04  8.350453e-02  6.424020e-02
 1.03448e+00 -2.27586e+00       3.172e+11  9.671990e-01 -1.751191e-02  1.465591e-02  3.280101e-02
 1.44828e+00 -2.27586e+00       8.166e+11  9.890330e-01 -1.881931e-02 -2.358157e-02  1.096700e-02
 1.86207e+00 -2.27586e+00       1.716e+12  9.956971e-01 -2.203809e-02 -2.552875e-02  4.302887e-03
 2.27586e+00 -2.27586e+00       2.188e+12  9.972608e-01 -2.528342e-02 -1.750133e-02  2.739196e-03
 2.68966e+00 -2.27586e+00       1.611e+12  9.962141e-01 -2.889116e-02 -1.462573e-03  3.785909e-03
 3.10345e+00 -2.27586e+00       7.535e+11  9.862303e-01 -3.536432e-02  4.410771e-02  1.376974e-02
 3.51724e+00 -2.27586e+00       3.386e+11  9.445416e-01 -2.820175e-02  1.771290e-01  5.545841e-02
 3.93103e+00 -2.27586e+00       2.710e+11  9.046462e-01  2.885033e-02  3.032681e-01  9.535381e-02
 4.34483e+00 -2.27586e+00       3.457e+11  9.072027e-01  5.681501e-02  3.362212e-01  9.279733e-02
 4.75862e+00 -2.27586e+00       4.234e+11  8.912608e-01  4.290975e-02  3.691117e-01  1.087392e-01
 5.17241e+00 -2.27586e+00       3.887e+11  8.093685e-01  2.424830e-02  4.460340e-01  1.906315e-01
 5.58621e+00 -2.27586e+00       2.879e+11  6.163223e-01  1.211443e-03  5.974288e-01  3.836777e-01
 6.00000e+00 -2.27586e+00       2.326e+11  3.121299e-01 -2.428530e-02  7.499345e-01  6.878701e-01
-6.00000e+00 -1.86207e+00       2.017e+11  3.427214e-01  5.078078e-03 -7.078200e-01  6.572786e-01
-5.58621e+00 -1.86207e+00       2.629e+11  6.762443e-01  1.024660e-02 -5.136296e-01  3.237557e-01
-5.17241e+00 -1.86207e+00       3.365e+11  8.259734e-01  3.630016e-02 -4.050549e-01  1.740266e-01
-4.75862e+00 -1.86207e+00       3.172e+11  8.771391e-01  6.383965e-02 -3.581016e-01  1.228609e-01
-4.34483e+00 -1.86207e+00       2.405e+11  8.756395e-01  6.962244e-02 -3.470237e-01  1.243605e-01
-3.93103e+00 -1.86207e+00       2.213e+11  8.924665e-01  3.272700e-02 -2.692640e-01  1.075335e-01
-3.51724e+00 -1.86207e+00       4.762e+11  9.686413e-01  7.467051e-03 -1.257881e-01  3.135874e-02
-3.10345e+00 -1.86207e+00       1.229e+12  9.922908e-01  1.113293e-02 -8.434942e-02  7.709224e-03
-2.68966e+00 -1.86207e+00       1.983e+12  9.959998e-01  1.570761e-02 -7.089618e-02  4.000238e-03
-2.27586e+00 -1.86207e+00       1.824e+12  9.964372e-01  2.164718e-02 -6.147620e-02  3.562771e-03
-1.86207e+00 -1.86207e+00       1.139e+12  9.946785e-01  3.539515e-02 -5.481197e-02  5.321507e-03
-1.44828e+00 -1.86207e+00       9.447e+11  9.922009e-01  4.992441e-02 -5.491839e-02  7.799082e-03
-1.03448e+00 -1.86207e+00       1.305e+12  9.938582e-01  3.742077e-02 -5.272263e-02  6.141772e-03
-6.20690e-01 -1.86207e+00       1.651e+12  9.960291e-01  1.440038e-02 -3.581695e-02  3.970929e-03
-2.06897e-01 -1.86207e+00       1.690e+12  9.968135e-01 -4.907946e-03  1.407377e-03  3.186527e-03
 2.06897e-01 -1.86207e+00       1.556e+12  9.954015e-01 -9.083172e-03  5.228272e-02  4.598540e-03
 6.20690e-01 -1.86207e+00       1.296e+12  9.919386e-01  2.655895e-03  9.517966e-02  8.061380e-03
 1.03448e+00 -1.86207e+00       8.768e+11  9.868321e-01  1.743908e-02  1.191337e-01  1.316789e-02
 1.44828e+00 -1.86207e+00       6.029e+11  9.834744e-01  1.188446e-02  1.102033e-01  1.652560e-02
 1.86207e+00 -1.86207e+00       9.455e+11  9.910215e-01 -1.213283e-02  7.576638e-02  8.978457e-03
 2.27586e+00 -1.86207e+00       1.811e+12  9.952981e-01 -1.854645e-02  6.821796e-02  4.701900e-03
 2.68966e+00 -1.86207e+00       2.143e+12  9.959124e-01 -2.118773e-02  7.071412e-02  4.087574e-03
 3.10345e+00 -1.86207e+00       1.440e+12  9.937041e-01 -2.443408e-02  8.102952e-02  6.295930e-03
 3.51724e+00 -1.86207e+00       6.245e+11  9.799908e-01 -2.716660e-02  1.223653e-01  2.000916e-02
 3.93103e+00 -1.86207e+00       2.944e+11  9.374402e-01 -1.992408e-03  2.363232e-01  6.255977e-02
 4.34483e+00 -1.86207e+00       2.811e+11  9.150392e-01  4.745607e-02  3.150517e-01  8.496082e-02
 4.75862e+00 -1.86207e+00       3.615e+11  9.110162e-01  4.978565e-02  3.416785e-01  8.898384e-02
 5.17241e+00 -1.86207e+00       3.705e+11  8.738057e-01  3.657568e-02  3.852488e-01  1.261943e-01
 5.58621e+00 -1.86207e+00       2.812e+11  7.527617e-01  3.248519e-02  4.859431e-01  2.472383e-01
 6.00000e+00 -1.86207e+00       2.065e+11  4.627531e-01  1.991002e-02  6.685131e-01  5.372469e-01
-6.00000e+00 -1.44828e+00       1.881e+11  5.894195e-01 -7.108124e-02 -5.350853e-01  4.105805e-01
-5.58621e+00 -1.44828e+00       2.662e+11  7.668917e-01  3.507253e-02 -4.204461e-01  2.331083e-01
-5.17241e+00 -1.44828e+00       2.981e+11  8.643509e-01  6.508940e-02 -3.321189e-01  1.356491e-01
-4.75862e+00 -1.44828e+00       2.496e+11  9.029176e-01  6.183635e-02 -2.959183e-01  9.708237e-02
-4.34483e+00 -1.44828e+00       2.006e+11  9.068434e-01  4.300497e-02 -2.826380e-01  9.315661e-02
-3.93103e+00 -1.44828e+00       3.068e+11  9.522715e-01  1.584365e-02 -1.812601e-01  4.772847e-02
-3.51724e+00 -1.44828e+00       8.494e+11  9.862263e-01  1.119522e-02 -1.224890e-01  1.377368e-02
-3.10345e+00 -1.44828e+00       1.724e+12  9.926434e-01  1.350060e-02 -1.093889e-01  7.356646e-03
-2.68966e+00 -1.44828e+00       2.007e+12  9.937759e-01  1.622429e-02 -1.035942e-01  6.224120e-03
-2.27586e+00 -1.44828e+00       1.498e+12  9.932859e-01  2.217687e-02 -1.013114e-01  6.714095e-03
-1.86207e+00 -1.44828e+00       1.234e+12  9.917448e-01  2.730173e-02 -1.027665e-01  8.255200e-03
-1.44828e+00 -1.44828e+00       1.791e+12  9.930562e-01  2.112101e-02 -8.904454e-02  6.943836e-03
-1.03448e+00 -1.44828e+00       3.578e+12  9.963204e-01  1.655119e-02 -5.877708e-02  3.679581e-03
-6.20690e-01 -1.44828e+00       7.051e+12  9.983300e-01  1.299797e-02 -3.416080e-02  1.670043e-03
-2.06897e-01 -1.44828e+00       1.034e+13  9.991220e-01  8.714312e-03 -1.532378e-02  8.779975e-04
 2.06897e-01 -1.44828e+00       1.015e+13  9.992736e-01  5.172756e-03  2.896466e-03  7.264348e-04
 6.20690e-01 -1.44828e+00       6.591e+12  9.986735e-01  2.675834e-03  2.375585e-02  1.326539e-03
 1.03448e+00 -1.44828e+00       2.995e+12  9.961132e-01  5.644721e-04  5.597492e-02  3.886810e-03
 1.44828e+00 -1.44828e+00       1.193e+12  9.896859e-01 -9.672535e-04  1.076876e-01  1.031409e-02
 1.86207e+00 -1.44828e+00       7.589e+11  9.862280e-01 -5.718587e-03  1.289526e-01  1.377200e-02
 2.27586e+00 -1.44828e+00       1.239e+12  9.915694e-01 -1.324749e-02  1.058379e-01  8.430598e-03
 2.68966e+00 -1.44828e+00       1.988e+12  9.937519e-01 -1.592877e-02  9.977162e-02  6.248113e-03
 3.10345e+00 -1.44828e+00       1.875e+12  9.936554e-01 -1.784379e-02  1.015078e-01  6.344620e-03
 3.51724e+00 -1.44828e+00       1.018e+12  9.899429e-01 -1.990280e-02  1.137648e-01  1.005711e-02
 3.93103e+00 -1.44828e+00       4.073e+11  9.714965e-01 -1.361387e-02  1.658080e-01  2.850350e-02
 4.34483e+00 -1.44828e+00       2.478e+11  9.409025e-01  2.525398e-02  2.553069e-01  5.909754e-02
 4.75862e+00 -1.44828e+00       2.969e+11  9.308219e-01  4.660348e-02  2.973332e-01  6.917811e-02
 5.17241e+00 -1.44828e+00       3.531e+11  9.049145e-01  3.845407e-02  3.408499e-01  9.508551e-02
 5.58621e+00 -1.44828e+00       3.073e+11  8.350206e-01  2.404369e-02  4.278625e-01  1.649794e-01
 6.00000e+00 -1.44828e+00       2.171e+11  7.106110e-01  9.329630e-03  5.475240e-01  2.893890e-01
-6.00000e+00 -1.03448e+00       1.414e+11  7.751602e-01 -1.043885e-03 -3.933774e-01  2.248398e-01
-5.58621e+00 -1.03448e+00       2.290e+11  8.980816e-01 -1.954834e-03 -2.984299e-01  1.019184e-01
-5.17241e+00 -1.03448e+00       2.654e+11  9.366860e-01  1.826299e-02 -2.615558e-01  6.331398e-02
-4.75862e+00 -1.03448e+00       2.235e+11  9.431889e-01  4.060188e-02 -2.480895e-01  5.681110e-02
-4.34483e+00 -1.03448e+00       2.047e+11  9.481660e-01  3.356796e-02 -2.095788e-01  5.183401e-02
-3.93103e+00 -1.03448e+00       4.452e+11  9.802513e-01  1.161288e-02 -1.328402e-01  1.974871e-02
-3.51724e+00 -1.03448e+00       1.176e+12  9.918776e-01  1.041856e-02 -1.102582e-01  8.122353e-03
-3.10345e+00 -1.03448e+00       1.917e+12  9.938510e-01  1.174293e-02 -1.049503e-01  6.148966e-03
-2.68966e+00 -1.03448e+00       1.845e+12  9.939480e-01  1.379753e-02 -1.036567e-01  6.051994e-03
-2.27586e+00 -1.03448e+00       1.559e+12  9.934143e-01  1.607488e-02 -1.033835e-01  6.585749e-03
-1.86207e+00 -1.03448e+00       2.884e+12  9.949056e-01  1.019210e-02 -8.888532e-02  5.094380e-03
-1.44828e+00 -1.03448e+00       8.836e+12  9.968928e-01  3.041840e-03 -7.015708e-02  3.107246e-03
-1.03448e+00 -1.03448e+00       2.269e+13  9.980446e-01 -2.224094e-03 -5.408725e-02  1.955362e-03
-6.20690e-01 -1.03448e+00       4.154e+13  9.988145e-01 -6.250572e-03 -3.648087e-02  1.185530e-03
-2.06897e-01 -1.03448e+00       5.504e+13  9.992969e-01 -9.033062e-03 -1.620626e-02  7.030660e-04
 2.06897e-01 -1.03448e+00       5.457e+13  9.994165e-01 -1.076118e-02  5.103780e-03  5.835172e-04
 6.20690e-01 -1.03448e+00       4.036e+13  9.991719e-01 -1.177912e-02  2.491983e-02  8.280986e-04
 1.03448e+00 -1.03448e+00       2.134e+13  9.986192e-01 -1.232323e-02  4.208401e-02  1.380762e-03
 1.44828e+00 -1.03448e+00       7.756e+12  9.975443e-01 -1.240724e-02  5.884969e-02  2.455708e-03
 1.86207e+00 -1.03448e+00       2.127e+12  9.948390e-01 -1.157368e-02  8.297766e-02  5.161005e-03
 2.27586e+00 -1.03448e+00       1.089e+12  9.925551e-01 -1.056398e-02  1.014640e-01  7.444926e-03
 2.68966e+00 -1.03448e+00       1.657e+12  9.944655e-01 -1.173739e-02  9.415564e-02  5.534485e-03
 3.10345e+00 -1.03448e+00       1.973e+12  9.950597e-01 -1.301602e-02  9.242262e-02  4.940328e-03
 3.51724e+00 -1.03448e+00       1.333e+12  9.941558e-01 -1.436002e-02  9.623500e-02  5.844242e-03
 3.93103e+00 -1.03448e+00       5.674e+11  9.879853e-01 -1.239831e-02  1.178957e-01  1.201472e-02
 4.34483e+00 -1.03448e+00       2.667e+11  9.706290e-01  1.197703e-02  1.785481e-01  2.937101e-02
 4.75862e+00 -1.03448e+00       2.573e+11  9.635227e-01  3.271722e-02  2.150990e-01  3.647732e-02
 5.17241e+00 -1.03448e+00       2.915e+11  9.580241e-01  2.468421e-02  2.329370e-01  4.197592e-02
 5.58621e+00 -1.03448e+00       2.512e+11  9.298834e-01  2.009598e-02  2.732105e-01  7.011664e-02
 6.00000e+00 -1.03448e+00       1.663e+11  8.398569e-01  1.912830e-02  3.766826e-01  1.601431e-01
-6.00000e+00 -6.20690e-01       1.480e+11  8.884832e-01 -4.933293e-03 -2.889847e-01  1.115168e-01
-5.58621e+00 -6.20690e-01       2.111e+11  9.524372e-01  1.177716e-02 -1.816720e-01  4.756277e-02
-5.17241e+00 -6.20690e-01       2.239e+11  9.737424e-01  9.409767e-03 -1.506194e-01  2.625760e-02
-4.75862e+00 -6.20690e-01       1.887e+11  9.763708e-01  8.950664e-03 -1.534996e-01  2.362916e-02
-4.34483e+00 -6.20690e-01       2.206e+11  9.813397e-01  7.881949e-03 -1.269061e-01  1.866033e-02
-3.93103e+00 -6.20690e-01       5.763e+11  9.930044e-01  6.019802e-03 -8.817101e-02  6.995593e-03
-3.51724e+00 -6.20690e-01       1.383e+12  9.961797e-01  7.265079e-03 -7.919734e-02  3.820310e-03
-3.10345e+00 -6.20690e-01       1.959e+12  9.966420e-01  8.179906e-03 -7.770638e-02  3.358041e-03
-2.68966e+00 -6.20690e-01       1.790e+12  9.964248e-01  8.549717e-03 -7.905403e-02  3.575224e-03
-2.27586e+00 -6.20690e-01       2.252e+12  9.966578e-01  4.949247e-03 -7.507996e-02  3.342190e-03
-1.86207e+00 -6.20690e-01       6.683e+12  9.977275e-01 -5.941938e-04 -6.276722e-02  2.272528e-03
-1.44828e+00 -6.20690e-01       1.987e+13  9.983881e-01 -3.907443e-03 -5.293080e-02  1.611894e-03
-1.03448e+00 -6.20690e-01       4.197e+13  9.988718e-01 -6.165816e-03 -4.262105e-02  1.128235e-03
-6.20690e-01 -6.20690e-01       6.348e+13  9.992984e-01 -7.575200e-03 -2.962294e-02  7.015688e-04
-2.06897e-01 -6.20690e-01       7.503e+13  9.996092e-01 -8.296205e-03 -1.361827e-02  3.908183e-04
 2.06897e-01 -6.20690e-01       7.478e+13  9.997019e-01 -8.764869e-03  3.547598e-03  2.980911e-04
 6.20690e-01 -6.20690e-01       6.256e+13  9.995717e-01 -9.351146e-03  1.886151e-02  4.282875e-04
 1.03448e+00 -6.20690e-01       4.047e+13  9.993119e-01 -1.004593e-02  3.083681e-02  6.880551e-04
 1.44828e+00 -6.20690e-01       1.838e+13  9.989674e-01 -1.065647e-02  4.020396e-02  1.032555e-03
 1.86207e+00 -6.20690e-01       5.612e+12  9.983570e-01 -1.090611e-02  4.976111e-02  1.642992e-03
 2.27586e+00 -6.20690e-01       1.593e+12  9.970846e-01 -9.697337e-03  6.311433e-02  2.915411e-03
 2.68966e+00 -6.20690e-01       1.464e+12  9.972685e-01 -8.134337e-03  6.358997e-02  2.731507e-03
 3.10345e+00 -6.20690e-01       1.919e+12  9.977796e-01 -8.389351e-03  6.095814e-02  2.220421e-03
 3.51724e+00 -6.20690e-01       1.506e+12  9.976780e-01 -8.701394e-03  6.188952e-02  2.322007e-03
 3.93103e+00 -6.20690e-01       7.014e+11  9.961851e-01 -7.635798e-03  7.004881e-02  3.814878e-03
 4.34483e+00 -6.20690e-01       2.856e+11  9.907424e-01  1.769189e-03  9.803735e-02  9.257610e-03
 4.75862e+00 -6.20690e-01       2.209e+11  9.866025e-01  1.580585e-02  1.247066e-01  1.339754e-02
 5.17241e+00 -6.20690e-01       2.612e+11  9.842634e-01  1.780499e-02  1.375674e-01  1.573660e-02
 5.58621e+00 -6.20690e-01       2.417e+11  9.721615e-01  1.476536e-02  1.646127e-01  2.783853e-02
 6.00000e+00 -6.20690e-01       1.526e+11  9.285950e-01 -2.601121e-04  2.416930e-01  7.140502e-02
-6.00000e+00 -2.06897e-01       1.532e+11  9.824247e-01 -7.874556e-03 -1.162026e-01  1.757531e-02
-5.58621e+00 -2.06897e-01       2.147e+11  9.920350e-01  6.409200e-03 -7.451152e-02  7.964988e-03
-5.17241e+00 -2.06897e-01       2.163e+11  9.954656e-01  4.568757e-03 -5.933453e-02  4.534423e-03
-4.75862e+00 -2.06897e-01       1.763e+11  9.958604e-01 -1.452242e-03 -5.903538e-02  4.139608e-03
-4.34483e+00 -2.06897e-01       2.318e+11  9.968780e-01 -2.451211e-03 -4.947354e-02  3.121999e-03
-3.93103e+00 -2.06897e-01       6.457e+11  9.986842e-01  1.396921e-03 -3.789046e-02  1.315808e-03
-3.51724e+00 -2.06897e-01       1.468e+12  9.991431e-01  3.196301e-03 -3.545292e-02  8.569079e-04
-3.10345e+00 -2.06897e-01       1.951e+12  9.991343e-01  3.433933e-03 -3.627541e-02  8.656627e-04
-2.68966e+00 -2.06897e-01       1.826e+12  9.989773e-01  1.481610e-03 -3.898931e-02  1.022664e-03
-2.27586e+00 -2.06897e-01       2.985e+12  9.992072e-01 -3.371288e-03 -3.502126e-02  7.927517e-04
-1.86207e+00 -2.06897e-01       9.605e+12  9.995144e-01 -5.192841e-03 -2.829879e-02  4.855614e-04
-1.44828e+00 -2.06897e-01       2.600e+13  9.996485e-01 -5.630251e-03 -2.407565e-02  3.514971e-04
-1.03448e+00 -2.06897e-01       4.841e+13  9.997464e-01 -5.766118e-03 -1.989576e-02  2.535605e-04
-6.20690e-01 -2.06897e-01       6.514e+13  9.998376e-01 -5.687612e-03 -1.473696e-02  1.623861e-04
-2.06897e-01 -2.06897e-01       7.151e+13  9.999122e-01 -5.536157e-03 -8.358043e-03  8.775244e-05
 2.06897e-01 -2.06897e-01       7.153e+13  9.999497e-01 -5.534322e-03 -1.595129e-03  5.027661e-05
 6.20690e-01 -2.06897e-01       6.481e+13  9.999478e-01 -5.734348e-03  4.041851e-03  5.224648e-05
 1.03448e+00 -2.06897e-01       4.728e+13  9.999244e-01 -5.980324e-03  7.992768e-03  7.560785e-05
 1.44828e+00 -2.06897e-01       2.448e+13  9.998880e-01 -6.132183e-03  1.072095e-02  1.119542e-04
 1.86207e+00 -2.06897e-01       8.376e+12  9.998098e-01 -6.082566e-03  1.328757e-02  1.901677e-04
 2.27586e+00 -2.06897e-01       2.213e+12  9.995871e-01 -5.393924e-03  1.715926e-02  4.129486e-04
 2.68966e+00 -2.06897e-01       1.427e+12  9.995551e-01 -4.171360e-03  1.668377e-02  4.448850e-04
 3.10345e+00 -2.06897e-01       1.863e+12  9.997360e-01 -3.953506e-03  1.475197e-02  2.640362e-04
 3.51724e+00 -2.06897e-01       1.571e+12  9.997726e-01 -3.530661e-03  1.485894e-02  2.274174e-04
 3.93103e+00 -2.06897e-01       7.724e+11  9.996276e-01 -2.156871e-03  1.672467e-02  3.724121e-04
 4.34483e+00 -2.06897e-01       3.041e+11  9.990122e-01  1.723965e-03  2.227556e-02  9.878482e-04
 4.75862e+00 -2.06897e-01       2.194e+11  9.984136e-01  6.212972e-03  2.807738e-02  1.586394e-03
 5.17241e+00 -2.06897e-01       2.671e+11  9.981843e-01  7.226492e-03  3.437368e-02  1.815679e-03
 5.58621e+00 -2.06897e-01       2.550e+11  9.969301e-01  5.868110e-03  4.586621e-02  3.069912e-03
 6.00000e+00 -2.06897e-01       1.655e+11  9.924858e-01  4.062305e-04  6.825094e-02  7.514197e-03
-6.00000e+00  2.06897e-01       1.527e+11  9.892275e-01 -1.196798e-02  7.537576e-02  1.077255e-02
-5.58621e+00  2.06897e-01       2.143e+11  9.948813e-01 -1.957845e-02  4.864449e-02  5.118683e-03
-5.17241e+00  2.06897e-01       2.157e+11  9.968998e-01 -2.011735e-02  3.706322e-02  3.100234e-03
-4.75862e+00  2.06897e-01       1.756e+11  9.975081e-01 -1.995613e-02  3.533526e-02  2.491924e-03
-4.34483e+00  2.06897e-01       2.314e+11  9.985691e-01 -1.253528e-02  2.576235e-02  1.430913e-03
-3.93103e+00  2.06897e-01       6.473e+11  9.995280e-01 -4.044503e-03  1.587924e-02  4.720413e-04
-3.51724e+00  2.06897e-01       1.473e+12  9.997187e-01 -1.597911e-03  1.360587e-02  2.812548e-04
-3.10345e+00  2.06897e-01       1.962e+12  9.997216e-01 -1.711737e-03  1.117630e-02  2.784114e-04
-2.68966e+00  2.06897e-01       1.842e+12  9.996901e-01 -5.097753e-03  7.261235e-03  3.098851e-04
-2.27586e+00  2.06897e-01       3.007e+12  9.997677e-01 -9.570079e-03  8.303592e-03  2.323028e-04
-1.86207e+00  2.06897e-01       9.624e+12  9.998525e-01 -8.315617e-03  1.034378e-02  1.474987e-04
-1.44828e+00  2.06897e-01       2.601e+13  9.998978e-01 -6.294297e-03  9.572058e-03  1.021768e-04
-1.03448e+00  2.06897e-01       4.840e+13  9.999337e-01 -4.678464e-03  7.329730e-03  6.629385e-05
-6.20690e-01  2.06897e-01       6.513e+13  9.999595e-01 -3.592396e-03  3.567230e-03  4.051048e-05
-2.06897e-01  2.06897e-01       7.152e+13  9.999612e-01 -3.101107e-03 -1.932103e-03  3.876868e-05
 2.06897e-01  2.06897e-01       7.157e+13  9.999240e-01 -2.943367e-03 -8.494545e-03  7.598927e-05
 6.20690e-01  2.06897e-01       6.488e+13  9.998531e-01 -2.667668e-03 -1.463009e-02  1.469182e-04
 1.03448e+00  2.06897e-01       4.734e+13  9.997663e-01 -2.135726e-03 -1.961736e-02  2.336919e-04
 1.44828e+00  2.06897e-01       2.452e+13  9.996728e-01 -1.444557e-03 -2.363856e-02  3.272082e-04
 1.86207e+00  2.06897e-01       8.395e+12  9.995677e-01 -6.259935e-04 -2.701623e-02  4.323270e-04
 2.27586e+00  2.06897e-01       2.223e+12  9.993875e-01  3.326465e-04 -3.078302e-02  6.124798e-04
 2.68966e+00  2.06897e-01       1.431e+12  9.991899e-01  1.822556e-04 -3.568840e-02  8.100666e-04
 3.10345e+00  2.06897e-01       1.863e+12  9.992313e-01  3.930757e-04 -3.629327e-02  7.686543e-04
 3.51724e+00  2.06897e-01       1.571e+12  9.992208e-01  1.560859e-03 -3.639966e-02  7.791688e-04
 3.93103e+00  2.06897e-01       7.729e+11  9.988847e-01  3.430872e-03 -3.923902e-02  1.115289e-03
 4.34483e+00  2.06897e-01       3.050e+11  9.973525e-01  2.295181e-03 -5.382062e-02  2.647483e-03
 4.75862e+00  2.06897e-01       2.206e+11  9.955788e-01 -7.484890e-03 -7.506256e-02  4.421196e-03
 5.17241e+00  2.06897e-01       2.685e+11  9.950606e-01 -9.188386e-03 -8.032992e-02  4.939381e-03
 5.58621e+00  2.06897e-01       2.564e+11  9.924931e-01 -5.310495e-03 -9.023846e-02  7.506892e-03
 6.00000e+00  2.06897e-01       1.669e+11  9.837974e-01  1.164615e-03 -1.238755e-01  1.620262e-02
-6.00000e+00  6.20690e-01       1.458e+11  9.064561e-01 -2.196950e-02  2.526374e-01  9.354388e-02
-5.58621e+00  6.20690e-01       2.090e+11  9.590818e-01 -2.770936e-02  1.559296e-01  4.091815e-02
-5.17241e+00  6.20690e-01       2.216e+11  9.767954e-01 -2.354700e-02  1.286139e-01  2.320463e-02
-4.75862e+00  6.20690e-01       1.857e+11  9.800189e-01 -2.862282e-02  1.323083e-01  1.998107e-02
-4.34483e+00  6.20690e-01       2.180e+11  9.858808e-01 -2.511069e-02  1.052137e-01  1.411921e-02
-3.93103e+00  6.20690e-01       5.782e+11  9.954478e-01 -1.042175e-02  6.705138e-02  4.552150e-03
-3.51724e+00  6.20690e-01       1.396e+12  9.977357e-01 -6.468166e-03  5.856155e-02  2.264282e-03
-3.10345e+00  6.20690e-01       1.986e+12  9.981445e-01 -6.601724e-03  5.474143e-02  1.855526e-03
-2.68966e+00  6.20690e-01       1.838e+12  9.982438e-01 -1.045700e-02  4.994121e-02  1.756221e-03
-2.27586e+00  6.20690e-01       2.320e+12  9.982984e-01 -1.588638e-02  4.707487e-02  1.701628e-03
-1.86207e+00  6.20690e-01       6.754e+12  9.986830e-01 -1.271721e-02  4.400659e-02  1.316968e-03
-1.44828e+00  6.20690e-01       1.992e+13  9.990637e-01 -8.219767e-03  3.807988e-02  9.362712e-04
-1.03448e+00  6.20690e-01       4.200e+13  9.993740e-01 -4.643419e-03  2.978814e-02  6.259941e-04
-6.20690e-01  6.20690e-01       6.351e+13  9.996252e-01 -2.105987e-03  1.816477e-02  3.747596e-04
-2.06897e-01  6.20690e-01       7.513e+13  9.997455e-01 -6.209047e-04  2.979673e-03  2.544604e-04
 2.06897e-01  6.20690e-01       7.497e+13  9.996430e-01  2.426177e-04 -1.400569e-02  3.569578e-04
 6.20690e-01  6.20690e-01       6.278e+13  9.993242e-01  1.090342e-03 -2.978968e-02  6.758346e-04
 1.03448e+00  6.20690e-01       4.063e+13  9.988836e-01  2.144807e-03 -4.277754e-02  1.116385e-03
 1.44828e+00  6.20690e-01       1.846e+13  9.983843e-01  3.347250e-03 -5.335638e-02  1.615739e-03
 1.86207e+00  6.20690e-01       5.665e+12  9.977566e-01  4.741068e-03 -6.326993e-02  2.243372e-03
 2.27586e+00  6.20690e-01       1.624e+12  9.966579e-01  5.726285e-03 -7.644448e-02  3.342088e-03
 2.68966e+00  6.20690e-01       1.474e+12  9.962238e-01  4.237917e-03 -8.268442e-02  3.776185e-03
 3.10345e+00  6.20690e-01       1.919e+12  9.964210e-01  4.785174e-03 -8.158743e-02  3.578975e-03
 3.51724e+00  6.20690e-01       1.505e+12  9.961724e-01  6.767753e-03 -8.252145e-02  3.827559e-03
 3.93103e+00  6.20690e-01       7.030e+11  9.939915e-01  8.956810e-03 -9.221222e-02  6.008517e-03
 4.34483e+00  6.20690e-01       2.891e+11  9.856861e-01  5.232886e-04 -1.298760e-01  1.431386e-02
 4.75862e+00  6.20690e-01       2.249e+11  9.783493e-01 -2.055776e-02 -1.700198e-01  2.165066e-02
 5.17241e+00  6.20690e-01       2.660e+11  9.748791e-01 -2.070115e-02 -1.834909e-01  2.512086e-02
 5.58621e+00  6.20690e-01       2.467e+11  9.591140e-01 -1.345873e-02 -2.092270e-01  4.088597e-02
 6.00000e+00  6.20690e-01       1.567e+11  9.040183e-01  5.444075e-04 -2.920396e-01  9.598171e-02
-6.00000e+00  1.03448e+00       1.402e+11  7.820289e-01 -1.863963e-02  3.665984e-01  2.179711e-01
-5.58621e+00  1.03448e+00       2.278e+11  9.006096e-01 -2.798191e-03  2.783684e-01  9.939038e-02
-5.17241e+00  1.03448e+00       2.632e+11  9.389313e-01 -2.086221e-02  2.461609e-01  6.106868e-02
-4.75862e+00  1.03448e+00       2.198e+11  9.468575e-01 -5.088616e-02  2.334794e-01  5.314250e-02
-4.34483e+00  1.03448e+00       2.009e+11  9.544704e-01 -4.975812e-02  1.908343e-01  4.552963e-02
-3.93103e+00  1.03448e+00       4.474e+11  9.844161e-01 -1.847709e-02  1.121170e-01  1.558392e-02
-3.51724e+00  1.03448e+00       1.194e+12  9.941403e-01 -1.112128e-02  9.086098e-02  5.859734e-03
-3.10345e+00  1.03448e+00       1.961e+12  9.957525e-01 -1.092188e-02  8.480274e-02  4.247510e-03
-2.68966e+00  1.03448e+00       1.921e+12  9.960618e-01 -1.433100e-02  7.950836e-02  3.938225e-03
-2.27586e+00  1.03448e+00       1.674e+12  9.957310e-01 -2.214409e-02  7.572825e-02  4.268991e-03
-1.86207e+00  1.03448e+00       3.023e+12  9.963392e-01 -2.182210e-02  6.797276e-02  3.660808e-03
-1.44828e+00  1.03448e+00       8.943e+12  9.978002e-01 -1.530347e-02  5.360914e-02  2.199836e-03
-1.03448e+00  1.03448e+00       2.274e+13  9.987152e-01 -9.292012e-03  3.968147e-02  1.284771e-03
-6.20690e-01  1.03448e+00       4.160e+13  9.992508e-01 -4.265109e-03  2.368142e-02  7.491598e-04
-2.06897e-01  1.03448e+00       5.519e+13  9.994799e-01 -5.767890e-04  4.392431e-03  5.201109e-04
 2.06897e-01  1.03448e+00       5.476e+13  9.993334e-01  1.845510e-03 -1.668073e-02  6.665745e-04
 6.20690e-01  1.03448e+00       4.048e+13  9.988129e-01  3.428385e-03 -3.704225e-02  1.187085e-03
 1.03448e+00  1.03448e+00       2.141e+13  9.979903e-01  4.630419e-03 -5.534890e-02  2.009682e-03
 1.44828e+00  1.03448e+00       7.828e+12  9.967704e-01  5.964436e-03 -7.297975e-02  3.229605e-03
 1.86207e+00  1.03448e+00       2.209e+12  9.944628e-01  8.082068e-03 -9.540362e-02  5.537190e-03
 2.27586e+00  1.03448e+00       1.134e+12  9.920970e-01  8.026384e-03 -1.155976e-01  7.902969e-03
 2.68966e+00  1.03448e+00       1.668e+12  9.929420e-01  6.835158e-03 -1.127512e-01  7.058002e-03
 3.10345e+00  1.03448e+00       1.972e+12  9.932952e-01  8.477480e-03 -1.110149e-01  6.704796e-03
 3.51724e+00  1.03448e+00       1.331e+12  9.921393e-01  1.147646e-02 -1.147137e-01  7.860738e-03
 3.93103e+00  1.03448e+00       5.694e+11  9.844178e-01  1.253527e-02 -1.392943e-01  1.558221e-02
 4.34483e+00  1.03448e+00       2.706e+11  9.622051e-01 -1.254995e-02 -2.115423e-01  3.779490e-02
 4.75862e+00  1.03448e+00       2.601e+11  9.513854e-01 -4.270781e-02 -2.552968e-01  4.861457e-02
 5.17241e+00  1.03448e+00       2.939e+11  9.427190e-01 -3.773018e-02 -2.735379e-01  5.728102e-02
 5.58621e+00  1.03448e+00       2.543e+11  9.067769e-01 -3.608301e-02 -3.167747e-01  9.322315e-02
 6.00000e+00  1.03448e+00       1.698e+11  8.017042e-01 -4.868496e-02 -4.250539e-01  1.982958e-01
-6.00000e+00  1.44828e+00       1.846e+11  6.018442e-01  5.532190e-02  5.161669e-01  3.981558e-01
-5.58621e+00  1.44828e+00       2.641e+11  7.739847e-01 -4.563195e-02  4.107815e-01  2.260153e-01
-5.17241e+00  1.44828e+00       2.944e+11  8.673373e-01 -7.438799e-02  3.240037e-01  1.326627e-01
-4.75862e+00  1.44828e+00       2.439e+11  9.048537e-01 -7.488433e-02  2.858621e-01  9.514633e-02
-4.34483e+00  1.44828e+00       1.942e+11  9.110363e-01 -6.077224e-02  2.711214e-01  8.896369e-02
-3.93103e+00  1.44828e+00       3.050e+11  9.574753e-01 -2.808229e-02  1.646508e-01  4.252470e-02
-3.51724e+00  1.44828e+00       8.643e+11  9.887996e-01 -1.481592e-02  1.056133e-01  1.120036e-02
-3.10345e+00  1.44828e+00       1.768e+12  9.943569e-01 -1.412440e-02  9.274223e-02  5.643051e-03
-2.68966e+00  1.44828e+00       2.090e+12  9.953393e-01 -1.684524e-02  8.575697e-02  4.660664e-03
-2.27586e+00  1.44828e+00       1.637e+12  9.948689e-01 -2.478888e-02  8.178615e-02  5.131080e-03
-1.86207e+00  1.44828e+00       1.444e+12  9.929657e-01 -3.158406e-02  8.691223e-02  7.034334e-03
-1.44828e+00  1.44828e+00       2.043e+12  9.933659e-01 -2.581680e-02  7.745362e-02  6.634129e-03
-1.03448e+00  1.44828e+00       3.762e+12  9.963426e-01 -2.342579e-02  4.296218e-02  3.657403e-03
-6.20690e-01  1.44828e+00       7.078e+12  9.983930e-01 -2.246818e-02  1.437368e-02  1.607048e-03
-2.06897e-01  1.44828e+00       1.023e+13  9.990075e-01 -1.890374e-02 -5.037823e-03  9.924684e-04
 2.06897e-01  1.44828e+00       1.001e+13  9.988482e-01 -1.482731e-02 -2.335809e-02  1.151842e-03
 6.20690e-01  1.44828e+00       6.545e+12  9.979485e-01 -1.054853e-02 -4.458780e-02  2.051464e-03
 1.03448e+00  1.44828e+00       3.115e+12  9.955422e-01 -3.714779e-03 -7.469384e-02  4.457764e-03
 1.44828e+00  1.44828e+00       1.376e+12  9.908810e-01  5.509357e-03 -1.147701e-01  9.118988e-03
 1.86207e+00  1.44828e+00       8.720e+11  9.878321e-01  9.575427e-03 -1.347399e-01  1.216786e-02
 2.27586e+00  1.44828e+00       1.275e+12  9.907291e-01  9.182117e-03 -1.211863e-01  9.270862e-03
 2.68966e+00  1.44828e+00       1.990e+12  9.924044e-01  1.071027e-02 -1.148061e-01  7.595645e-03
 3.10345e+00  1.44828e+00       1.870e+12  9.921456e-01  1.366657e-02 -1.160037e-01  7.854388e-03
 3.51724e+00  1.44828e+00       1.018e+12  9.877434e-01  1.748305e-02 -1.291761e-01  1.225663e-02
 3.93103e+00  1.44828e+00       4.133e+11  9.660618e-01  1.298870e-02 -1.875291e-01  3.393824e-02
 4.34483e+00  1.44828e+00       2.557e+11  9.303152e-01 -2.720231e-02 -2.885079e-01  6.968477e-02
 4.75862e+00  1.44828e+00       3.062e+11  9.186442e-01 -5.068650e-02 -3.316981e-01  8.135583e-02
 5.17241e+00  1.44828e+00       3.630e+11  8.903403e-01 -4.346073e-02 -3.714292e-01  1.096597e-01
 5.58621e+00  1.44828e+00       3.159e+11  8.126005e-01 -3.167268e-02 -4.589919e-01  1.873995e-01
 6.00000e+00  1.44828e+00       2.259e+11  6.799303e-01 -2.078444e-02 -5.831182e-01  3.200697e-01
-6.00000e+00  1.86207e+00       1.964e+11  3.629006e-01 -1.329737e-02  6.940486e-01  6.370994e-01
-5.58621e+00  1.86207e+00       2.608e+11  6.838314e-01 -1.380497e-02  5.006835e-01  3.161686e-01
-5.17241e+00  1.86207e+00       3.344e+11  8.286041e-01 -3.401692e-02  3.964032e-01  1.713959e-01
-4.75862e+00  1.86207e+00       3.124e+11  8.787355e-01 -6.465402e-02  3.508080e-01  1.212645e-01
-4.34483e+00  1.86207e+00       2.331e+11  8.781738e-01 -8.067361e-02  3.382488e-01  1.218262e-01
-3.93103e+00  1.86207e+00       2.158e+11  8.978358e-01 -5.164416e-02  2.552090e-01  1.021642e-01
-3.51724e+00  1.86207e+00       4.854e+11  9.722585e-01 -1.832419e-02  1.099667e-01  2.774145e-02
-3.10345e+00  1.86207e+00       1.273e+12  9.936194e-01 -1.550689e-02  7.017220e-02  6.380603e-03
-2.68966e+00  1.86207e+00       2.072e+12  9.967725e-01 -1.838530e-02  5.713154e-02  3.227524e-03
-2.27586e+00  1.86207e+00       1.964e+12  9.969617e-01 -2.473479e-02  4.795128e-02  3.038256e-03
-1.86207e+00  1.86207e+00       1.344e+12  9.950857e-01 -3.804051e-02  4.556213e-02  4.914251e-03
-1.44828e+00  1.86207e+00       1.250e+12  9.927327e-01 -4.651927e-02  5.818477e-02  7.267306e-03
-1.03448e+00  1.86207e+00       1.770e+12  9.938010e-01 -3.126543e-02  6.508013e-02  6.198988e-03
-6.20690e-01  1.86207e+00       2.276e+12  9.956480e-01 -6.966400e-03  5.402020e-02  4.351972e-03
-2.06897e-01  1.86207e+00       2.397e+12  9.968777e-01  1.394145e-02  2.289834e-02  3.122309e-03
 2.06897e-01  1.86207e+00       2.261e+12  9.967708e-01  2.025978e-02 -2.238756e-02  3.229248e-03
 6.20690e-01  1.86207e+00       1.893e+12  9.949116e-01  1.174302e-02 -6.466508e-02  5.088437e-03
 1.03448e+00  1.86207e+00       1.261e+12  9.911540e-01 -2.066341e-04 -9.667753e-02  8.845969e-03
 1.44828e+00  1.86207e+00       7.765e+11  9.867689e-01 -2.265360e-03 -1.135896e-01  1.323114e-02
 1.86207e+00  1.86207e+00       9.971e+11  9.907729e-01  6.923796e-03 -9.326183e-02  9.227065e-03
 2.27586e+00  1.86207e+00       1.812e+12  9.947215e-01  1.091886e-02 -8.047011e-02  5.278533e-03
 2.68966e+00  1.86207e+00       2.127e+12  9.953179e-01  1.421906e-02 -8.085493e-02  4.682082e-03
 3.10345e+00  1.86207e+00       1.428e+12  9.928047e-01  1.845043e-02 -9.126930e-02  7.195336e-03
 3.51724e+00  1.86207e+00       6.261e+11  9.772058e-01  2.184716e-02 -1.366080e-01  2.279424e-02
 3.93103e+00  1.86207e+00       3.022e+11  9.299457e-01 -3.570374e-03 -2.611647e-01  7.005433e-02
 4.34483e+00  1.86207e+00       2.881e+11  9.044285e-01 -5.434222e-02 -3.445947e-01  9.557150e-02
 4.75862e+00  1.86207e+00       3.666e+11  8.987623e-01 -5.870924e-02 -3.685794e-01  1.012377e-01
 5.17241e+00  1.86207e+00       3.746e+11  8.571779e-01 -4.620442e-02 -4.105225e-01  1.428221e-01
 5.58621e+00  1.86207e+00       2.843e+11  7.267218e-01 -4.455691e-02 -5.116440e-01  2.732782e-01
 6.00000e+00  1.86207e+00       2.093e+11  4.283567e-01 -3.477018e-02 -6.895664e-01  5.716433e-01
-6.00000e+00  2.27586e+00       2.732e+11  2.532958e-01  1.429863e-01  7.663635e-01  7.467042e-01
-5.58621e+00  2.27586e+00       2.916e+11  5.182805e-01  3.615992e-02  6.094912e-01  4.817195e-01
-5.17241e+00  2.27586e+00       3.610e+11  7.415249e-01 -2.441750e-02  4.510643e-01  2.584751e-01
-4.75862e+00  2.27586e+00       3.715e+11  8.510771e-01 -4.824677e-02  3.695822e-01  1.489229e-01
-4.34483e+00  2.27586e+00       3.006e+11  8.745007e-01 -7.068690e-02  3.537337e-01  1.254993e-01
-3.93103e+00  2.27586e+00       2.200e+11  8.526075e-01 -7.038233e-02  3.484156e-01  1.473925e-01
-3.51724e+00  2.27586e+00       2.369e+11  9.024632e-01 -2.905594e-02  1.851057e-01  9.753680e-02
-3.10345e+00  2.27586e+00       5.917e+11  9.806270e-01 -9.727835e-03  2.510234e-02  1.937304e-02
-2.68966e+00  2.27586e+00       1.426e+12  9.954984e-01 -1.461231e-02 -1.573462e-02  4.501639e-03
-2.27586e+00  2.27586e+00       2.088e+12  9.964078e-01 -2.208328e-02 -3.562352e-02  3.592205e-03
-1.86207e+00  2.27586e+00       1.804e+12  9.946411e-01 -3.384895e-02 -4.977874e-02  5.358907e-03
-1.44828e+00  2.27586e+00       1.091e+12  9.905261e-01 -4.935030e-02 -4.735299e-02  9.473885e-03
-1.03448e+00  2.27586e+00       6.611e+11  9.838385e-01 -4.781930e-02 -2.155224e-02  1.616153e-02
-6.20690e-01  2.27586e+00       4.729e+11  9.742270e-01 -2.739343e-02 -2.418324e-02  2.577300e-02
-2.06897e-01  2.27586e+00       3.761e+11  9.628691e-01 -1.864842e-02 -7.056879e-02  3.713087e-02
 2.06897e-01  2.27586e+00       3.326e+11  9.576109e-01 -4.184765e-03 -1.100063e-01  4.238912e-02
 6.20690e-01  2.27586e+00       3.312e+11  9.616010e-01  1.759413e-02 -1.191199e-01  3.839903e-02
 1.03448e+00  2.27586e+00       4.268e+11  9.734384e-01  1.141668e-02 -7.500589e-02  2.656159e-02
 1.44828e+00  2.27586e+00       8.618e+11  9.886948e-01  4.817160e-03 -5.134666e-03  1.130525e-02
 1.86207e+00  2.27586e+00       1.706e+12  9.956352e-01  1.013885e-02  1.649498e-02  4.364817e-03
 2.27586e+00  2.27586e+00       2.150e+12  9.974315e-01  1.554174e-02  1.300805e-02  2.568536e-03
 2.68966e+00  2.27586e+00       1.580e+12  9.963342e-01  2.044894e-02 -2.763198e-03  3.665805e-03
 3.10345e+00  2.27586e+00       7.473e+11  9.853148e-01  2.666722e-02 -5.121372e-02  1.468517e-02
 3.51724e+00  2.27586e+00       3.477e+11  9.404039e-01  1.767946e-02 -1.933684e-01  5.959607e-02
 3.93103e+00  2.27586e+00       2.825e+11  8.983915e-01 -3.442302e-02 -3.256059e-01  1.016085e-01
 4.34483e+00  2.27586e+00       3.550e+11  8.987158e-01 -6.069554e-02 -3.592790e-01  1.012842e-01
 4.75862e+00  2.27586e+00       4.340e+11  8.795995e-01 -4.854843e-02 -3.919094e-01  1.204005e-01
 5.17241e+00  2.27586e+00       4.010e+11  7.918903e-01 -3.234587e-02 -4.703403e-01  2.081097e-01
 5.58621e+00  2.27586e+00       3.011e+11  5.965968e-01 -1.082671e-02 -6.217639e-01  4.034032e-01
 6.00000e+00  2.27586e+00       2.445e+11  3.120950e-01  1.847101e-02 -7.622739e-01  6.879050e-01
-6.00000e+00  2.68966e+00       2.903e+11  1.108350e-01  1.213780e-01  7.660006e-01  8.891650e-01
-5.58621e+00  2.68966e+00       2.948e+11  3.790778e-01  6.304749e-02  6.802637e-01  6.209222e-01
-5.17241e+00  2.68966e+00       3.827e+11  6.362974e-01 -1.766362e-02  5.289315e-01  3.637026e-01
-4.75862e+00  2.68966e+00       4.401e+11  8.029714e-01 -4.659818e-02  4.030055e-01  1.970286e-01
-4.34483e+00  2.68966e+00       3.947e+11  8.743877e-01 -6.581995e-02  3.436487e-01  1.256123e-01
-3.93103e+00  2.68966e+00       2.980e+11  8.683256e-01 -7.509388e-02  3.484506e-01  1.316744e-01
-3.51724e+00  2.68966e+00       2.121e+11  8.318422e-01 -5.721782e-02  3.335856e-01  1.681578e-01
-3.10345e+00  2.68966e+00       2.064e+11  8.828654e-01 -5.061813e-03  1.100802e-01  1.171346e-01
-2.68966e+00  2.68966e+00       4.632e+11  9.639695e-01  8.157899e-03 -1.157577e-01  3.603048e-02
-2.27586e+00  2.68966e+00       1.127e+12  9.728539e-01 -6.826813e-03 -1.870053e-01  2.714609e-02
-1.86207e+00  2.68966e+00       1.775e+12  9.645085e-01 -2.258696e-02 -2.287571e-01  3.549146e-02
-1.44828e+00  2.68966e+00       1.658e+12  9.504056e-01 -4.419488e-02 -2.661853e-01  4.959436e-02
-1.03448e+00  2.68966e+00       9.567e+11  9.276050e-01 -7.548338e-02 -3.017499e-01  7.239497e-02
-6.20690e-01  2.68966e+00       4.385e+11  8.927628e-01 -1.139221e-01 -3.267795e-01  1.072372e-01
-2.06897e-01  2.68966e+00       2.662e+11  8.646977e-01 -1.353366e-01 -3.049419e-01  1.353023e-01
 2.06897e-01  2.68966e+00       2.507e+11  8.656631e-01 -1.037357e-01 -1.426891e-01  1.343369e-01
 6.20690e-01  2.68966e+00       4.241e+11  9.106818e-01 -3.676373e-02  1.443515e-01  8.931822e-02
 1.03448e+00  2.68966e+00       9.720e+11  9.455501e-01 -5.678282e-03  2.478371e-01  5.444990e-02
 1.44828e+00  2.68966e+00       1.701e+12  9.607254e-01  9.049104e-03  2.439048e-01  3.927463e-02
 1.86207e+00  2.68966e+00       1.870e+12  9.698727e-01  1.834901e-02  2.148127e-01  3.012725e-02
 2.27586e+00  2.68966e+00       1.269e+12  9.762012e-01  2.489507e-02  1.713070e-01  2.379875e-02
 2.68966e+00  2.68966e+00       6.082e+11  9.734447e-01  3.448681e-02  8.291201e-02  2.655531e-02
 3.10345e+00  2.68966e+00       3.235e+11  9.386328e-01  3.271054e-02 -1.164896e-01  6.136720e-02
 3.51724e+00  2.68966e+00       2.806e+11  8.998851e-01 -1.621289e-02 -2.815920e-01  1.001149e-01
 3.93103e+00  2.68966e+00       3.443e+11  9.021514e-01 -5.909337e-02 -3.239663e-01  9.784861e-02
 4.34483e+00  2.68966e+00       4.665e+11  9.009703e-01 -5.668537e-02 -3.541420e-01  9.902975e-02
 4.75862e+00  2.68966e+00       5.090e+11  8.485770e-01 -4.137328e-02 -4.180153e-01  1.514230e-01
 5.17241e+00  2.68966e+00       4.313e+11  7.095795e-01 -2.957053e-02 -5.513411e-01  2.904205e-01
 5.58621e+00  2.68966e+00       3.444e+11  5.133684e-01 -9.782563e-03 -7.173743e-01  4.866316e-01
 6.00000e+00  2.68966e+00       3.298e+11  2.767067e-01  9.291460e-03 -8.086173e-01  7.232933e-01
-6.00000e+00  3.10345e+00       4.973e+11  6.528155e-02  5.204763e-02  8.804715e-01  9.347184e-01
-5.58621e+00  3.10345e+00       3.653e+11  2.605417e-01  6.391986e-02  8.115545e-01  7.394583e-01
-5.17241e+00  3.10345e+00       3.905e+11  5.232606e-01 -1.452431e-03  6.416656e-01  4.767394e-01
-4.75862e+00  3.10345e+00       4.875e+11  7.380052e-01 -4.465358e-02  4.609221e-01  2.619948e-01
-4.34483e+00  3.10345e+00       5.007e+11  8.576491e-01 -6.186449e-02  3.388415e-01  1.423509e-01
-3.93103e+00  3.10345e+00       4.138e+11  9.008835e-01 -7.277234e-02  2.908296e-01  9.911651e-02
-3.51724e+00  3.10345e+00       3.082e+11  8.765588e-01 -6.729578e-02  3.102708e-01  1.234412e-01
-3.10345e+00  3.10345e+00       2.108e+11  8.223664e-01 -4.378211e-02  3.008134e-01  1.776336e-01
-2.68966e+00  3.10345e+00       1.485e+11  8.159732e-01  2.863917e-02  9.986813e-02  1.840268e-01
-2.27586e+00  3.10345e+00       1.841e+11  8.678890e-01  8.655945e-02 -2.527138e-01  1.321110e-01
-1.86207e+00  3.10345e+00       3.791e+11  8.369442e-01  6.645554e-02 -4.581675e-01  1.630558e-01
-1.44828e+00  3.10345e+00       7.210e+11  7.488253e-01  5.354338e-02 -5.814434e-01  2.511747e-01
-1.03448e+00  3.10345e+00       9.772e+11  6.137333e-01  3.838858e-02 -6.710609e-01  3.862667e-01
-6.20690e-01  3.10345e+00       9.219e+11  3.912220e-01  4.045155e-03 -6.777017e-01  6.087780e-01
-2.06897e-01  3.10345e+00       7.250e+11  9.800697e-02 -3.773350e-02 -3.681014e-01  9.019930e-01
 2.06897e-01  3.10345e+00       7.137e+11  8.338755e-02 -1.497276e-02  3.184803e-01  9.166125e-01
 6.20690e-01  3.10345e+00       9.107e+11  3.784129e-01  4.031308e-02  6.645640e-01  6.215871e-01
 1.03448e+00  3.10345e+00       1.007e+12  6.124108e-01  5.738438e-02  6.639123e-01  3.875892e-01
 1.44828e+00  3.10345e+00       8.015e+11  7.563347e-01  5.202090e-02  5.614241e-01  2.436653e-01
 1.86207e+00  3.10345e+00       4.865e+11  8.552790e-01  5.116809e-02  4.110982e-01  1.447210e-01
 2.27586e+00  3.10345e+00       2.977e+11  9.139141e-01  6.697426e-02  1.911229e-01  8.608594e-02
 2.68966e+00  3.10345e+00       2.564e+11  9.181735e-01  5.242942e-02 -7.512778e-02  8.182647e-02
 3.10345e+00  3.10345e+00       2.779e+11  9.044275e-01 -4.352053e-03 -2.188599e-01  9.557246e-02
 3.51724e+00  3.10345e+00       3.387e+11  9.126059e-01 -5.321504e-02 -2.510855e-01  8.739412e-02
 3.93103e+00  3.10345e+00       4.819e+11  9.242170e-01 -5.987667e-02 -2.829801e-01  7.578298e-02
 4.34483e+00  3.10345e+00       5.931e+11  8.976854e-01 -4.842359e-02 -3.415469e-01  1.023146e-01
 4.75862e+00  3.10345e+00       5.427e+11  8.020945e-01 -4.272769e-02 -4.512672e-01  1.979055e-01
 5.17241e+00  3.10345e+00       4.245e+11  6.192723e-01 -3.754459e-02 -6.286898e-01  3.807277e-01
 5.58621e+00  3.10345e+00       3.699e+11  3.824698e-01 -1.432443e-02 -7.866177e-01  6.175302e-01
 6.00000e+00  3.10345e+00       4.642e+11  9.508793e-02 -7.565064e-03 -8.712281e-01  9.049121e-01
-6.00000e+00  3.51724e+00       7.445e+11  6.409603e-02  2.751548e-02  9.078505e-01  9.359040e-01
-5.58621e+00  3.51724e+00       4.982e+11  2.152118e-01  7.291072e-02  8.635909e-01  7.847882e-01
-5.17241e+00  3.51724e+00       4.036e+11  4.033723e-01  4.879298e-02  7.547661e-01  5.966277e-01
-4.75862e+00  3.51724e+00       4.734e+11  6.412409e-01 -2.085021e-02  5.488872e-01  3.587591e-01
-4.34483e+00  3.51724e+00       5.676e+11  8.150912e-01 -5.050353e-02  3.590178e-01  1.849088e-01
-3.93103e+00  3.51724e+00       5.462e+11  9.072072e-01 -6.435550e-02  2.350095e-01  9.279284e-02
-3.51724e+00  3.51724e+00       4.422e+11  9.347027e-01 -6.973006e-02  1.932882e-01  6.529728e-02
-3.10345e+00  3.51724e+00       3.380e+11  9.029026e-01 -5.470508e-02  2.257765e-01  9.709745e-02
-2.68966e+00  3.51724e+00       2.347e+11  8.305640e-01 -3.771425e-02  2.432716e-01  1.694360e-01
-2.27586e+00  3.51724e+00       1.414e+11  7.467337e-01  3.145985e-02  1.242809e-01  2.532663e-01
-1.86207e+00  3.51724e+00       9.511e+10  6.915866e-01  2.165829e-01 -2.002566e-01  3.084134e-01
-1.44828e+00  3.51724e+00       8.785e+10  6.249843e-01  3.045951e-01 -4.908298e-01  3.750157e-01
-1.03448e+00  3.51724e+00       8.307e+10  4.599426e-01  3.020250e-01 -5.965537e-01  5.400574e-01
-6.20690e-01  3.51724e+00       7.018e+10  2.228651e-01  3.281609e-01 -4.650778e-01  7.771349e-01
-2.06897e-01  3.51724e+00       6.723e+10  1.368331e-01  3.513576e-01 -5.311880e-03  8.631669e-01
 2.06897e-01  3.51724e+00       8.656e+10  3.268107e-01  3.079993e-01  4.353181e-01  6.731893e-01
 6.20690e-01  3.51724e+00       1.187e+11  5.152715e-01  2.385811e-01  6.129929e-01  4.847285e-01
 1.03448e+00  3.51724e+00       1.387e+11  6.154788e-01  1.854006e-01  6.291893e-01  3.845212e-01
 1.44828e+00  3.51724e+00       1.433e+11  7.083773e-01  1.698377e-01  4.885356e-01  2.916227e-01
 1.86207e+00  3.51724e+00       1.716e+11  8.338877e-01  1.414213e-01  1.862953e-01  1.661123e-01
 2.27586e+00  3.51724e+00       2.347e+11  8.998737e-01  6.270026e-02 -4.287380e-02  1.001263e-01
 2.68966e+00  3.51724e+00       2.811e+11  9.075345e-01 -6.968229e-03 -1.220418e-01  9.246549e-02
 3.10345e+00  3.51724e+00       3.362e+11  9.222860e-01 -5.027338e-02 -1.299565e-01  7.771397e-02
 3.51724e+00  3.51724e+00       4.952e+11  9.480936e-01 -5.730611e-02 -1.665999e-01  5.190641e-02
 3.93103e+00  3.51724e+00       6.543e+11  9.395250e-01 -4.786756e-02 -2.310121e-01  6.047504e-02
 4.34483e+00  3.51724e+00       6.351e+11  8.731904e-01 -4.331582e-02 -3.366469e-01  1.268096e-01
 4.75862e+00  3.51724e+00       5.089e+11  7.238102e-01 -4.279564e-02 -5.226807e-01  2.761898e-01
 5.17241e+00  3.51724e+00       4.241e+11  5.329016e-01 -2.364514e-02 -7.154065e-01  4.670984e-01
 5.58621e+00  3.51724e+00       4.621e+11  3.034219e-01 -2.542510e-03 -8.336277e-01  6.965781e-01
 6.00000e+00  3.51724e+00       7.017e+11  5.934309e-02 -1.376958e-02 -9.078216e-01  9.406569e-01
-6.00000e+00  3.93103e+00       1.097e+12  9.639819e-02  4.581285e-03  9.314487e-01  9.036018e-01
-5.58621e+00  3.93103e+00       7.657e+11  2.292735e-01  4.734854e-02  8.861389e-01  7.707265e-01
-5.17241e+00  3.93103e+00       5.105e+11  3.595311e-01  8.221562e-02  8.260508e-01  6.404689e-01
-4.75862e+00  3.93103e+00       4.428e+11  5.270163e-01  3.213970e-02  6.835091e-01  4.729837e-01
-4.34483e+00  3.93103e+00       5.361e+11  7.304839e-01 -3.195452e-02  4.446392e-01  2.695161e-01
-3.93103e+00  3.93103e+00       6.266e+11  8.704629e-01 -5.376717e-02  2.320022e-01  1.295371e-01
-3.51724e+00  3.93103e+00       5.907e+11  9.406068e-01 -6.553248e-02  8.903236e-02  5.939322e-02
-3.10345e+00  3.93103e+00       4.797e+11  9.624401e-01 -6.799828e-02  2.963401e-02  3.755989e-02
-2.68966e+00  3.93103e+00       3.834e+11  9.410709e-01 -3.968169e-02  6.076245e-02  5.892911e-02
-2.27586e+00  3.93103e+00       2.957e+11  8.719167e-01 -2.699095e-02  1.255700e-01  1.280833e-01
-1.86207e+00  3.93103e+00       1.918e+11  7.437084e-01 -4.009244e-02  1.505036e-01  2.562916e-01
-1.44828e+00  3.93103e+00       1.089e+11  5.338902e-01  1.026138e-01  7.134766e-02  4.661098e-01
-1.03448e+00  3.93103e+00       7.161e+10  3.230753e-01  5.095726e-01 -9.475829e-02  6.769247e-01
-6.20690e-01  3.93103e+00       5.760e+10  2.338964e-01  7.897465e-01 -1.366238e-01  7.661036e-01
-2.06897e-01  3.93103e+00       5.279e+10  2.445430e-01  8.316034e-01  3.820287e-02  7.554570e-01
 2.06897e-01  3.93103e+00       5.925e+10  3.297850e-01  7.444953e-01  2.981794e-01  6.702150e-01
 6.20690e-01  3.93103e+00       8.079e+10  4.870945e-01  5.738923e-01  4.193360e-01  5.129055e-01
 1.03448e+00  3.93103e+00       1.268e+11  7.007999e-01  3.267360e-01  3.238569e-01  2.992001e-01
 1.44828e+00  3.93103e+00       2.019e+11  8.501844e-01  1.121054e-01  1.600397e-01  1.498156e-01
 1.86207e+00  3.93103e+00       2.621e+11  8.863248e-01  5.605914e-03  6.293788e-02  1.136752e-01
 2.27586e+00  3.93103e+00       2.711e+11  8.712554e-01 -2.998461e-02  4.931709e-02  1.287446e-01
 2.68966e+00  3.93103e+00       3.302e+11  9.049101e-01 -4.686081e-02  5.847001e-02  9.508992e-02
 3.10345e+00  3.93103e+00       5.288e+11  9.589291e-01 -5.119636e-02 -3.231307e-05  4.107091e-02
 3.51724e+00  3.93103e+00       7.137e+11  9.668552e-01 -4.530764e-02 -7.918213e-02  3.314484e-02
 3.93103e+00  3.93103e+00       6.969e+11  9.221840e-01 -4.414885e-02 -1.944585e-01  7.781600e-02
 4.34483e+00  3.93103e+00       5.630e+11  8.020586e-01 -4.842345e-02 -4.002105e-01  1.979414e-01
 4.75862e+00  3.93103e+00       4.688e+11  6.443315e-01 -3.360363e-02 -6.259925e-01  3.556685e-01
 5.17241e+00  3.93103e+00       4.735e+11  4.760598e-01 -2.965003e-03 -7.666169e-01  5.239402e-01
 5.58621e+00  3.93103e+00       6.732e+11  2.481474e-01 -7.578519e-03 -8.720007e-01  7.518526e-01
 6.00000e+00  3.93103e+00       1.076e+12  7.415437e-02 -1.841493e-02 -9.391574e-01  9.258456e-01
-6.00000e+00  4.34483e+00       1.482e+12  1.530962e-01 -8.407624e-03  9.458518e-01  8.469038e-01
-5.58621e+00  4.34483e+00       1.170e+12  2.666719e-01  1.511441e-02  8.974604e-01  7.333281e-01
-5.17241e+00  4.34483e+00       7.946e+11  3.908263e-01  6.303461e-02  8.357762e-01  6.091737e-01
-4.75862e+00  4.34483e+00       5.245e+11  4.922849e-01  8.856085e-02  7.669248e-01  5.077151e-01
-4.34483e+00  4.34483e+00       4.596e+11  6.232280e-01  2.571041e-02  6.095585e-01  3.767720e-01
-3.93103e+00  4.34483e+00       5.550e+11  7.855178e-01 -3.775964e-02  3.370809e-01  2.144822e-01
-3.51724e+00  4.34483e+00       6.525e+11  8.927628e-01 -5.640385e-02  8.067062e-02  1.072372e-01
-3.10345e+00  4.34483e+00       6.302e+11  9.359022e-01 -6.518288e-02 -1.042098e-01  6.409782e-02
-2.68966e+00  4.34483e+00       5.181e+11  9.420322e-01 -7.587650e-02 -2.167329e-01  5.796783e-02
-2.27586e+00  4.34483e+00       4.104e+11  9.334735e-01 -4.660443e-02 -2.471126e-01  6.652651e-02
-1.86207e+00  4.34483e+00       3.518e+11  9.120137e-01  2.704529e-02 -1.995658e-01  8.798631e-02
-1.44828e+00  4.34483e+00       3.229e+11  8.671463e-01  3.671594e-02 -8.382220e-02  1.328537e-01
-1.03448e+00  4.34483e+00       2.719e+11  7.599045e-01 -5.369554e-02  1.053330e-01  2.400955e-01
-6.20690e-01  4.34483e+00       2.125e+11  5.691183e-01 -1.647942e-01  3.559923e-01  4.308817e-01
-2.06897e-01  4.34483e+00       1.944e+11  4.636344e-01 -1.920208e-01  5.367759e-01  5.363656e-01
 2.06897e-01  4.34483e+00       2.196e+11  5.591049e-01 -1.649204e-01  5.241574e-01  4.408951e-01
 6.20690e-01  4.34483e+00       2.478e+11  6.751155e-01 -1.433094e-01  3.787517e-01  3.248845e-01
 1.03448e+00  4.34483e+00       2.369e+11  6.891066e-01 -9.423632e-02  2.065794e-01  3.108934e-01
 1.44828e+00  4.34483e+00       1.998e+11  6.153193e-01  2.883582e-03  1.522212e-01  3.846807e-01
 1.86207e+00  4.34483e+00       2.149e+11  6.637965e-01  2.613790e-02  2.872704e-01  3.362035e-01
 2.27586e+00  4.34483e+00       3.642e+11  8.428171e-01 -3.080951e-02  3.110289e-01  1.571829e-01
 2.68966e+00  4.34483e+00       6.115e+11  9.347643e-01 -4.478991e-02  2.235974e-01  6.523570e-02
 3.10345e+00  4.34483e+00       7.595e+11  9.605546e-01 -4.327368e-02  1.239399e-01  3.944543e-02
 3.51724e+00  4.34483e+00       6.974e+11  9.364512e-01 -4.821715e-02 -2.166462e-02  6.354884e-02
 3.93103e+00  4.34483e+00       5.619e+11  8.459806e-01 -5.751985e-02 -2.726841e-01  1.540194e-01
 4.34483e+00  4.34483e+00       4.848e+11  7.282362e-01 -4.141672e-02 -5.290078e-01  2.717638e-01
 4.75862e+00  4.34483e+00       4.853e+11  6.152355e-01 -3.020408e-03 -6.748030e-01  3.847645e-01
 5.17241e+00  4.34483e+00       6.515e+11  4.288371e-01 -2.195985e-03 -7.999458e-01  5.711629e-01
 5.58621e+00  4.34483e+00       1.076e+12  2.453358e-01 -1.756711e-02 -9.047694e-01  7.546642e-01
 6.00000e+00  4.34483e+00       1.532e+12  1.338173e-01 -1.441333e-02 -9.553199e-01  8.661827e-01
-6.00000e+00  4.75862e+00       1.768e+12  2.265008e-01 -1.151891e-02  9.467385e-01  7.734992e-01
-5.58621e+00  4.75862e+00       1.613e+12  3.205098e-01 -4.952704e-03  9.009161e-01  6.794902e-01
-5.17241e+00  4.75862e+00       1.252e+12  4.357150e-01  2.332113e-02  8.302156e-01  5.642850e-01
-4.75862e+00  4.75862e+00       8.454e+11  5.458533e-01  7.359597e-02  7.521124e-01  4.541467e-01
-4.34483e+00  4.75862e+00       5.400e+11  6.168380e-01  9.955039e-02  6.835962e-01  3.831620e-01
-3.93103e+00  4.75862e+00       4.418e+11  6.969298e-01  3.603344e-02  5.481993e-01  3.030702e-01
-3.51724e+00  4.75862e+00       5.066e+11  8.030864e-01 -3.752373e-02  2.628858e-01  1.969136e-01
-3.10345e+00  4.75862e+00       6.076e+11  8.648023e-01 -6.258796e-02 -6.400741e-02  1.351977e-01
-2.68966e+00  4.75862e+00       6.319e+11  8.600233e-01 -6.339981e-02 -3.190032e-01  1.399767e-01
-2.27586e+00  4.75862e+00       5.533e+11  8.023621e-01 -7.578531e-02 -5.045640e-01  1.976379e-01
-1.86207e+00  4.75862e+00       4.393e+11  7.188692e-01 -9.479106e-02 -6.382705e-01  2.811308e-01
-1.44828e+00  4.75862e+00       3.397e+11  6.355233e-01 -7.550755e-02 -7.246518e-01  3.644767e-01
-1.03448e+00  4.75862e+00       2.646e+11  5.773074e-01 -4.513987e-02 -7.561329e-01  4.226926e-01
-6.20690e-01  4.75862e+00       1.900e+11  5.433142e-01 -6.223720e-02 -7.084125e-01  4.566858e-01
-2.06897e-01  4.75862e+00       1.233e+11  4.597689e-01 -1.191890e-01 -5.516017e-01  5.402311e-01
 2.06897e-01  4.75862e+00       9.298e+10  1.794210e-01 -1.659195e-01 -2.598844e-01  8.205790e-01
 6.20690e-01  4.75862e+00       1.051e+11 -1.101612e-01 -1.212457e-01  1.600017e-01  8.898388e-01
 1.03448e+00  4.75862e+00       1.673e+11  6.209545e-02 -4.379283e-02  5.409947e-01  9.379045e-01
 1.44828e+00  4.75862e+00       3.073e+11  4.445136e-01 -3.428463e-02  6.683933e-01  5.554864e-01
 1.86207e+00  4.75862e+00       5.166e+11  6.895237e-01 -4.596012e-02  6.149894e-01  3.104763e-01
 2.27586e+00  4.75862e+00       6.877e+11  8.154664e-01 -4.716069e-02  5.041528e-01  1.845336e-01
 2.68966e+00  4.75862e+00       7.022e+11  8.801303e-01 -5.057022e-02  3.683392e-01  1.198697e-01
 3.10345e+00  4.75862e+00       5.907e+11  8.927796e-01 -6.538814e-02  1.526480e-01  1.072204e-01
 3.51724e+00  4.75862e+00       4.949e+11  8.501078e-01 -7.582206e-02 -1.740869e-01  1.498922e-01
 3.93103e+00  4.75862e+00       4.658e+11  7.908148e-01 -4.499198e-02 -4.330497e-01  2.091852e-01
 4.34483e+00  4.75862e+00       4.862e+11  7.292077e-01  2.531536e-03 -5.572786e-01  2.707923e-01
 4.75862e+00  4.75862e+00       6.402e+11  5.873889e-01  1.741555e-03 -6.932937e-01  4.126111e-01
 5.17241e+00  4.75862e+00       1.071e+12  4.130572e-01 -1.741364e-02 -8.378860e-01  5.869428e-01
 5.58621e+00  4.75862e+00       1.634e+12  2.980418e-01 -1.559147e-02 -9.165199e-01  7.019582e-01
 6.00000e+00  4.75862e+00       1.897e+12  2.180397e-01 -4.072656e-03 -9.532911e-01  7.819603e-01
-6.00000e+00  5.17241e+00       1.899e+12  3.134027e-01 -8.823792e-03  9.319663e-01  6.865973e-01
-5.58621e+00  5.17241e+00       1.938e+12  3.892313e-01 -1.067791e-02  8.915352e-01  6.107687e-01
-5.17241e+00  5.17241e+00       1.734e+12  4.850704e-01 -2.626012e-03  8.236664e-01  5.149296e-01
-4.75862e+00  5.17241e+00       1.361e+12  5.938760e-01  2.596385e-02  7.280966e-01  4.061240e-01
-4.34483e+00  5.17241e+00       9.341e+11  6.899788e-01  7.734752e-02  6.279771e-01  3.100212e-01
-3.93103e+00  5.17241e+00       5.740e+11  7.387996e-01  1.173324e-01  5.564054e-01  2.612004e-01
-3.51724e+00  5.17241e+00       4.064e+11  7.706949e-01  7.223449e-02  4.778158e-01  2.293051e-01
-3.10345e+00  5.17241e+00       4.053e+11  8.163642e-01 -1.724602e-02  2.782020e-01  1.836358e-01
-2.68966e+00  5.17241e+00       4.560e+11  8.021455e-01 -7.471174e-02 -7.695391e-02  1.978545e-01
-2.27586e+00  5.17241e+00       5.115e+11  7.004408e-01 -8.954957e-02 -4.561056e-01  2.995592e-01
-1.86207e+00  5.17241e+00       5.130e+11  5.358743e-01 -6.849415e-02 -7.051478e-01  4.641257e-01
-1.44828e+00  5.17241e+00       4.314e+11  2.917105e-01 -5.533316e-02 -8.405134e-01  7.082895e-01
-1.03448e+00  5.17241e+00       3.485e+11 -6.540523e-02 -9.713629e-02 -8.565969e-01  9.345948e-01
-6.20690e-01  5.17241e+00       3.229e+11 -4.407557e-01 -1.692805e-01 -6.776066e-01  5.592443e-01
-2.06897e-01  5.17241e+00       3.279e+11 -6.820935e-01 -2.066662e-01 -3.221834e-01  3.179065e-01
 2.06897e-01  5.17241e+00       3.343e+11 -7.030407e-01 -1.961725e-01  1.346538e-01  2.969593e-01
 6.20690e-01  5.17241e+00       3.573e+11 -4.312239e-01 -1.406151e-01  5.706575e-01  5.687761e-01
 1.03448e+00  5.17241e+00       4.287e+11  1.231490e-02 -7.777083e-02  8.086834e-01  9.876851e-01
 1.44828e+00  5.17241e+00       5.158e+11  3.541888e-01 -5.511538e-02  8.347202e-01  6.458112e-01
 1.86207e+00  5.17241e+00       5.310e+11  5.553250e-01 -6.578784e-02  7.534413e-01  4.446750e-01
 2.27586e+00  5.17241e+00       4.648e+11  6.896457e-01 -9.149987e-02  5.640753e-01  3.103543e-01
 2.68966e+00  5.17241e+00       4.027e+11  7.915650e-01 -1.162156e-01  2.102782e-01  2.084350e-01
 3.10345e+00  5.17241e+00       3.990e+11  8.388696e-01 -9.768134e-02 -1.454442e-01  1.611304e-01
 3.51724e+00  5.17241e+00       4.283e+11  8.449685e-01 -2.809665e-02 -3.185077e-01  1.550315e-01
 3.93103e+00  5.17241e+00       4.765e+11  8.227307e-01  1.921670e-02 -3.989646e-01  1.772693e-01
 4.34483e+00  5.17241e+00       6.426e+11  7.168608e-01  1.860977e-03 -5.547035e-01  2.831392e-01
 4.75862e+00  5.17241e+00       1.088e+12  5.681165e-01 -1.983600e-02 -7.392369e-01  4.318835e-01
 5.17241e+00  5.17241e+00       1.713e+12  4.602120e-01 -1.521346e-02 -8.462157e-01  5.397880e-01
 5.58621e+00  5.17241e+00       2.092e+12  3.813561e-01 -2.020273e-03 -9.014002e-01  6.186439e-01
 6.00000e+00  5.17241e+00       1.996e+12  3.099020e-01  5.816538e-03 -9.345939e-01  6.900980e-01
-6.00000e+00  5.58621e+00       1.876e+12  4.203047e-01 -5.639961e-03  8.942446e-01  5.796953e-01
-5.58621e+00  5.58621e+00       2.092e+12  4.708685e-01 -8.290319e-03  8.645269e-01  5.291315e-01
-5.17241e+00  5.58621e+00       2.042e+12  5.448521e-01 -9.740167e-03  8.067323e-01  4.551479e-01
-4.75862e+00  5.58621e+00       1.823e+12  6.354809e-01 -2.633156e-03  7.146727e-01  3.645191e-01
-4.34483e+00  5.58621e+00       1.484e+12  7.313248e-01  2.236545e-02  5.897443e-01  2.686752e-01
-3.93103e+00  5.58621e+00       1.079e+12  8.142292e-01  7.074570e-02  4.559615e-01  1.857708e-01
-3.51724e+00  5.58621e+00       6.731e+11  8.512042e-01  1.284825e-01  3.611993e-01  1.487958e-01
-3.10345e+00  5.58621e+00       3.994e+11  8.435424e-01  1.371687e-01  3.138101e-01  1.564576e-01
-2.68966e+00  5.58621e+00       3.207e+11  8.621826e-01  5.320355e-02  2.354460e-01  1.378174e-01
-2.27586e+00  5.58621e+00       3.198e+11  8.737829e-01 -3.173442e-02  8.849813e-02  1.262171e-01
-1.86207e+00  5.58621e+00       2.965e+11  7.738560e-01 -1.108291e-01 -1.520047e-01  2.261440e-01
-1.44828e+00  5.58621e+00       2.657e+11  4.562621e-01 -1.768184e-01 -4.537176e-01  5.437379e-01
-1.03448e+00  5.58621e+00       2.627e+11 -7.583127e-02 -2.358409e-01 -6.220972e-01  9.241687e-01
-6.20690e-01  5.58621e+00       2.910e+11 -5.187792e-01 -2.860334e-01 -5.160904e-01  4.812208e-01
-2.06897e-01  5.58621e+00       3.179e+11 -7.229171e-01 -2.992615e-01 -2.037613e-01  2.770829e-01
 2.06897e-01  5.58621e+00       3.206e+11 -7.309314e-01 -2.890224e-01  1.926904e-01  2.690686e-01
 6.20690e-01  5.58621e+00       2.924e+11 -5.820244e-01 -2.689855e-01  5.280729e-01  4.179756e-01
 1.03448e+00  5.58621e+00       2.392e+11 -2.923207e-01 -2.489878e-01  6.864176e-01  7.076793e-01
 1.44828e+00  5.58621e+00       2.074e+11  1.782089e-01 -2.538803e-01  5.731348e-01  8.217911e-01
 1.86207e+00  5.58621e+00       2.298e+11  5.947865e-01 -2.462365e-01  2.824255e-01  4.052135e-01
 2.27586e+00  5.58621e+00       2.803e+11  7.745118e-01 -1.701468e-01  4.077930e-02  2.254882e-01
 2.68966e+00  5.58621e+00       3.408e+11  8.474196e-01 -4.856055e-02 -8.490536e-02  1.525804e-01
 3.10345e+00  5.58621e+00       3.984e+11  8.848650e-01  3.494138e-02 -1.157832e-01  1.151350e-01
 3.51724e+00  5.58621e+00       4.637e+11  8.824698e-01  3.441107e-02 -1.810959e-01  1.175302e-01
 3.93103e+00  5.58621e+00       6.652e+11  8.088778e-01 -8.681562e-03 -3.941689e-01  1.911222e-01
 4.34483e+00  5.58621e+00       1.152e+12  7.014105e-01 -2.374318e-02 -6.157464e-01  2.985895e-01
 4.75862e+00  5.58621e+00       1.810e+12  6.144278e-01 -1.270681e-02 -7.439223e-01  3.855722e-01
 5.17241e+00  5.58621e+00       2.243e+12  5.431836e-01  2.379064e-03 -8.159438e-01  4.568164e-01
 5.58621e+00  5.58621e+00       2.205e+12  4.745110e-01  9.170131e-03 -8.642062e-01  5.254890e-01
 6.00000e+00  5.58621e+00       1.869e+12  4.080969e-01  7.350240e-03 -8.984274e-01  5.919031e-01
-6.00000e+00  6.00000e+00       1.616e+12  5.396952e-01 -5.080082e-03  8.272361e-01  4.603048e-01
-5.58621e+00  6.00000e+00       2.084e+12  5.806514e-01 -4.854128e-03  8.015337e-01  4.193486e-01
-5.17241e+00  6.00000e+00       2.221e+12  6.232786e-01 -7.342500e-03  7.654174e-01  3.767214e-01
-4.75862e+00  6.00000e+00       2.072e+12  6.859637e-01 -8.513033e-03  6.948608e-01  3.140363e-01
-4.34483e+00  6.00000e+00       1.842e+12  7.634406e-01 -3.238327e-03  5.785932e-01  2.365594e-01
-3.93103e+00  6.00000e+00       1.571e+12  8.360908e-01  1.436032e-02  4.241961e-01  1.639092e-01
-3.51724e+00  6.00000e+00       1.246e+12  8.939557e-01  5.080979e-02  2.460296e-01  1.060443e-01
-3.10345e+00  6.00000e+00       8.777e+11  9.201047e-01  1.088060e-01  9.034905e-02  7.989526e-02
-2.68966e+00  6.00000e+00       5.233e+11  8.968799e-01  1.764840e-01  1.156249e-02  1.031201e-01
-2.27586e+00  6.00000e+00       2.927e+11  8.203876e-01  2.003957e-01  2.077989e-02  1.796124e-01
-1.86207e+00  6.00000e+00       2.162e+11  7.703800e-01  1.117842e-01 -4.530860e-02  2.296200e-01
-1.44828e+00  6.00000e+00       2.388e+11  8.133006e-01  2.863857e-02 -2.264214e-01  1.866994e-01
-1.03448e+00  6.00000e+00       2.641e+11  8.567696e-01  2.830657e-02 -3.034757e-01  1.432304e-01
-6.20690e-01  6.00000e+00       2.354e+11  8.844741e-01  3.713326e-02 -2.593074e-01  1.155259e-01
-2.06897e-01  6.00000e+00       1.854e+11  8.933298e-01  5.738579e-03 -1.561330e-01  1.066702e-01
 2.06897e-01  6.00000e+00       1.593e+11  8.404076e-01 -5.013769e-02 -1.349433e-01  1.595924e-01
 6.20690e-01  6.00000e+00       1.584e+11  6.965327e-01 -1.069804e-01 -2.143368e-01  3.034673e-01
 1.03448e+00  6.00000e+00       1.736e+11  5.711348e-01 -1.437456e-01 -1.897522e-01  4.288652e-01
 1.44828e+00  6.00000e+00       2.157e+11  6.255156e-01 -5.789972e-02 -9.134151e-03  3.744844e-01
 1.86207e+00  6.00000e+00       2.816e+11  7.473490e-01  7.296544e-02  1.514466e-01  2.526510e-01
 2.27586e+00  6.00000e+00       3.301e+11  8.053813e-01  1.110146e-01  2.309012e-01  1.946187e-01
 2.68966e+00  6.00000e+00       3.637e+11  8.379080e-01  6.975702e-02  2.262099e-01  1.620920e-01
 3.10345e+00  6.00000e+00       4.616e+11  8.743227e-01  5.180451e-03  5.774602e-02  1.256773e-01
 3.51724e+00  6.00000e+00       7.416e+11  8.638777e-01 -2.803601e-02 -2.359240e-01  1.361223e-01
 3.93103e+00  6.00000e+00       1.280e+12  8.110653e-01 -2.257314e-02 -4.713518e-01  1.889347e-01
 4.34483e+00  6.00000e+00       1.930e+12  7.536455e-01 -3.795116e-03 -6.092354e-01  2.463545e-01
 4.75862e+00  6.00000e+00       2.358e+12  6.962861e-01  1.025102e-02 -6.940841e-01  3.037139e-01
 5.17241e+00  6.00000e+00       2.344e+12  6.351463e-01  1.201790e-02 -7.565163e-01  3.648537e-01
 5.58621e+00  6.00000e+00       2.039e+12  5.719643e-01  6.392109e-03 -8.053333e-01  4.280357e-01
 6.00000e+00  6.00000e+00       1.710e+12  5.153797e-01  7.423892e-03 -8.394346e-01  4.846203e-01
