 EB(GeV)    EMITTANCEx EMITTANCEy SIZEx(m)   SIZEy(m)   DIVx(rad)  DIVy(rad)
 1.500e+00  5.941e-09  5.941e-11  1.840e-04  1.299e-05  3.228e-05  4.574e-06
 betax      alphax     betay      alphay     eta        deta       E_spread  
 5.700e+00  0.000e+00  2.840e+00  0.000e+00  0.000e+00  0.000e+00  1.000e-03
 Ibeam(A) 
  2.000e-01


           x            y       F.Density            PL            PC          PL45        1-|PL|
          mm           mm  ph/s/mm^2/0.1%             -             -             -             -
-6.00000e+00 -6.00000e+00       1.385e+12  5.754864e-01  1.206436e-02 -7.895971e-01  4.245136e-01
-5.58621e+00 -6.00000e+00       1.963e+12  6.345739e-01  7.161065e-03 -7.495526e-01  3.654261e-01
-5.17241e+00 -6.00000e+00       2.473e+12  6.737576e-01  3.098543e-03 -7.182474e-01  3.262424e-01
-4.75862e+00 -6.00000e+00       2.455e+12  7.111755e-01 -2.363695e-03 -6.741302e-01  2.888245e-01
-4.34483e+00 -6.00000e+00       2.046e+12  7.652846e-01 -1.203331e-02 -5.859900e-01  2.347154e-01
-3.93103e+00 -6.00000e+00       1.651e+12  8.327358e-01 -2.006780e-02 -4.329470e-01  1.672642e-01
-3.51724e+00 -6.00000e+00       1.378e+12  8.908426e-01 -2.327969e-02 -2.381928e-01  1.091574e-01
-3.10345e+00 -6.00000e+00       1.095e+12  9.199755e-01 -3.601788e-02 -5.775724e-02  8.002447e-02
-2.68966e+00 -6.00000e+00       7.335e+11  9.116097e-01 -7.061418e-02  6.786243e-02  8.839033e-02
-2.27586e+00 -6.00000e+00       4.202e+11  8.577491e-01 -1.286279e-01  1.053621e-01  1.422509e-01
-1.86207e+00 -6.00000e+00       2.561e+11  7.511331e-01 -1.993981e-01  5.045354e-02  2.488669e-01
-1.44828e+00 -6.00000e+00       2.051e+11  6.439048e-01 -1.534180e-01  7.399941e-02  3.560952e-01
-1.03448e+00 -6.00000e+00       2.068e+11  5.319976e-01  6.339019e-02  2.650461e-01  4.680024e-01
-6.20690e-01 -6.00000e+00       2.187e+11  3.470373e-01  2.290356e-01  4.818633e-01  6.529627e-01
-2.06897e-01 -6.00000e+00       2.173e+11  1.441339e-01  2.841650e-01  5.719733e-01  8.558661e-01
 2.06897e-01 -6.00000e+00       2.044e+11  4.129531e-02  3.185255e-01  4.651956e-01  9.587047e-01
 6.20690e-01 -6.00000e+00       1.989e+11  1.589627e-01  2.778259e-01  2.183952e-01  8.410373e-01
 1.03448e+00 -6.00000e+00       2.206e+11  4.293391e-01  4.549241e-02 -3.516019e-02  5.706609e-01
 1.44828e+00 -6.00000e+00       2.684e+11  6.215679e-01 -1.418521e-01 -2.130412e-01  3.784321e-01
 1.86207e+00 -6.00000e+00       3.108e+11  7.087446e-01 -1.094001e-01 -2.989416e-01  2.912554e-01
 2.27586e+00 -6.00000e+00       3.499e+11  7.745232e-01  3.471027e-03 -3.033264e-01  2.254768e-01
 2.68966e+00 -6.00000e+00       4.318e+11  8.473514e-01  5.850939e-02 -2.030683e-01  1.526486e-01
 3.10345e+00 -6.00000e+00       6.318e+11  8.884483e-01  5.290368e-02  2.634544e-02  1.115517e-01
 3.51724e+00 -6.00000e+00       1.069e+12  8.747076e-01  2.256617e-02  2.809525e-01  1.252924e-01
 3.93103e+00 -6.00000e+00       1.713e+12  8.326847e-01  6.546434e-04  4.594839e-01  1.673153e-01
 4.34483e+00 -6.00000e+00       2.250e+12  7.790387e-01 -7.464542e-03  5.782072e-01  2.209613e-01
 4.75862e+00 -6.00000e+00       2.450e+12  7.139227e-01 -6.969686e-03  6.704653e-01  2.860773e-01
 5.17241e+00 -6.00000e+00       2.369e+12  6.495385e-01 -4.924631e-03  7.390425e-01  3.504615e-01
 5.58621e+00 -6.00000e+00       2.095e+12  5.985592e-01 -8.044700e-03  7.811217e-01  4.014408e-01
 6.00000e+00 -6.00000e+00       1.650e+12  5.605203e-01 -1.498083e-02  8.065578e-01  4.394797e-01
-6.00000e+00 -5.58621e+00       1.800e+12  4.790154e-01  8.144331e-03 -8.599261e-01  5.209846e-01
-5.58621e+00 -5.58621e+00       2.304e+12  5.202911e-01  3.288225e-03 -8.375468e-01  4.797089e-01
-5.17241e+00 -5.58621e+00       2.335e+12  5.670673e-01 -2.262847e-03 -7.987740e-01  4.329327e-01
-4.75862e+00 -5.58621e+00       2.008e+12  6.389342e-01 -8.717793e-03 -7.196936e-01  3.610658e-01
-4.34483e+00 -5.58621e+00       1.643e+12  7.328579e-01 -1.444232e-02 -5.891341e-01  2.671421e-01
-3.93103e+00 -5.58621e+00       1.309e+12  8.218950e-01 -2.815630e-02 -4.382327e-01  1.781050e-01
-3.51724e+00 -5.58621e+00       9.169e+11  8.741149e-01 -6.220115e-02 -3.179990e-01  1.258851e-01
-3.10345e+00 -5.58621e+00       5.445e+11  8.749084e-01 -1.073919e-01 -2.452509e-01  1.250916e-01
-2.68966e+00 -5.58621e+00       3.558e+11  8.494448e-01 -1.033756e-01 -1.713595e-01  1.505552e-01
-2.27586e+00 -5.58621e+00       3.211e+11  8.448242e-01 -3.892908e-02 -5.214133e-02  1.551758e-01
-1.86207e+00 -5.58621e+00       2.944e+11  7.969029e-01  2.506936e-02  7.912898e-02  2.030971e-01
-1.44828e+00 -5.58621e+00       2.360e+11  6.630107e-01  9.189770e-02  2.686887e-01  3.369893e-01
-1.03448e+00 -5.58621e+00       1.801e+11  4.392074e-01  8.585251e-02  4.336928e-01  5.607926e-01
-6.20690e-01 -5.58621e+00       1.384e+11  5.068613e-02 -2.961377e-02  3.773847e-01  9.493139e-01
-2.06897e-01 -5.58621e+00       1.181e+11 -3.834736e-01 -1.434321e-01  7.251488e-02  6.165264e-01
 2.06897e-01 -5.58621e+00       1.149e+11 -4.625315e-01 -1.630520e-01 -2.579487e-01  5.374685e-01
 6.20690e-01 -5.58621e+00       1.256e+11 -1.478818e-01 -5.629185e-02 -4.496700e-01  8.521182e-01
 1.03448e+00 -5.58621e+00       1.698e+11  2.859090e-01  1.096757e-01 -4.883368e-01  7.140910e-01
 1.44828e+00 -5.58621e+00       2.414e+11  5.629673e-01  1.688459e-01 -4.051668e-01  4.370327e-01
 1.86207e+00 -5.58621e+00       2.909e+11  7.019374e-01  1.423121e-01 -2.408818e-01  2.980626e-01
 2.27586e+00 -5.58621e+00       3.236e+11  7.842200e-01  6.137441e-02 -6.864658e-02  2.157800e-01
 2.68966e+00 -5.58621e+00       3.777e+11  8.497476e-01 -9.481939e-03  2.127753e-02  1.502524e-01
 3.10345e+00 -5.58621e+00       4.491e+11  8.881778e-01 -3.791568e-03  7.693547e-02  1.118222e-01
 3.51724e+00 -5.58621e+00       5.842e+11  8.746232e-01  2.635935e-02  2.194188e-01  1.253768e-01
 3.93103e+00 -5.58621e+00       9.353e+11  8.017890e-01  2.556446e-02  4.455756e-01  1.982110e-01
 4.34483e+00 -5.58621e+00       1.560e+12  7.176890e-01  1.016852e-02  6.196543e-01  2.823110e-01
 4.75862e+00 -5.58621e+00       2.159e+12  6.429965e-01 -2.626140e-04  7.252757e-01  3.570035e-01
 5.17241e+00 -5.58621e+00       2.379e+12  5.684353e-01 -4.074318e-03  7.984265e-01  4.315647e-01
 5.58621e+00 -5.58621e+00       2.230e+12  4.974700e-01 -4.763234e-03  8.509716e-01  5.025300e-01
 6.00000e+00 -5.58621e+00       1.873e+12  4.420418e-01 -8.561550e-03  8.821946e-01  5.579582e-01
-6.00000e+00 -5.17241e+00       2.058e+12  3.649279e-01  4.541555e-03 -9.154662e-01  6.350721e-01
-5.58621e+00 -5.17241e+00       2.184e+12  4.153426e-01 -7.158508e-04 -8.868344e-01  5.846574e-01
-5.17241e+00 -5.17241e+00       1.934e+12  4.938784e-01 -5.619383e-03 -8.263681e-01  5.061216e-01
-4.75862e+00 -5.17241e+00       1.568e+12  6.006945e-01 -1.302555e-02 -7.257695e-01  3.993055e-01
-4.34483e+00 -5.17241e+00       1.185e+12  7.056655e-01 -3.550264e-02 -6.114398e-01  2.943345e-01
-3.93103e+00 -5.17241e+00       7.804e+11  7.691133e-01 -7.557304e-02 -5.213226e-01  2.308867e-01
-3.51724e+00 -5.17241e+00       4.886e+11  7.917023e-01 -9.325931e-02 -4.457050e-01  2.082977e-01
-3.10345e+00 -5.17241e+00       3.902e+11  8.160923e-01 -4.235693e-02 -3.229563e-01  1.839077e-01
-2.68966e+00 -5.17241e+00       3.776e+11  8.113368e-01  2.245575e-02 -8.788476e-02  1.886632e-01
-2.27586e+00 -5.17241e+00       3.943e+11  7.005841e-01  7.943468e-02  3.072059e-01  2.994159e-01
-1.86207e+00 -5.17241e+00       4.503e+11  4.938807e-01  1.073044e-01  6.634232e-01  5.061193e-01
-1.44828e+00 -5.17241e+00       4.789e+11  2.353208e-01  9.420076e-02  8.270941e-01  7.646792e-01
-1.03448e+00 -5.17241e+00       4.329e+11 -9.340250e-02  6.488744e-02  8.383778e-01  9.065975e-01
-6.20690e-01 -5.17241e+00       3.583e+11 -4.518830e-01  4.045409e-02  6.714390e-01  5.481170e-01
-2.06897e-01 -5.17241e+00       3.151e+11 -6.873978e-01  2.424049e-02  2.422180e-01  3.126022e-01
 2.06897e-01 -5.17241e+00       3.362e+11 -6.238614e-01  2.431163e-02 -3.379513e-01  3.761386e-01
 6.20690e-01 -5.17241e+00       4.074e+11 -3.395825e-01  4.346096e-02 -7.356017e-01  6.604175e-01
 1.03448e+00 -5.17241e+00       4.664e+11 -2.811034e-02  6.663462e-02 -8.837908e-01  9.718897e-01
 1.44828e+00 -5.17241e+00       4.736e+11  2.574829e-01  7.751520e-02 -8.671291e-01  7.425171e-01
 1.86207e+00 -5.17241e+00       4.459e+11  5.115261e-01  6.838758e-02 -7.092489e-01  4.884739e-01
 2.27586e+00 -5.17241e+00       4.208e+11  7.198827e-01  6.483602e-02 -4.028623e-01  2.801173e-01
 2.68966e+00 -5.17241e+00       4.201e+11  8.346860e-01  7.429086e-02 -6.359542e-02  1.653140e-01
 3.10345e+00 -5.17241e+00       4.322e+11  8.586701e-01  5.007468e-02  1.697944e-01  1.413299e-01
 3.51724e+00 -5.17241e+00       4.672e+11  8.533422e-01  1.038960e-02  2.965848e-01  1.466578e-01
 3.93103e+00 -5.17241e+00       5.714e+11  8.115354e-01  8.748991e-03  4.141032e-01  1.884646e-01
 4.34483e+00 -5.17241e+00       8.734e+11  6.990198e-01  1.778893e-02  5.964044e-01  3.009802e-01
 4.75862e+00 -5.17241e+00       1.458e+12  5.814335e-01  1.220188e-02  7.477746e-01  4.185665e-01
 5.17241e+00 -5.17241e+00       2.041e+12  4.917394e-01  3.737421e-03  8.347036e-01  5.082606e-01
 5.58621e+00 -5.17241e+00       2.224e+12  4.125245e-01 -1.558319e-03  8.890423e-01  5.874755e-01
 6.00000e+00 -5.17241e+00       2.004e+12  3.408526e-01 -4.420134e-03  9.247807e-01  6.591474e-01
-6.00000e+00 -4.75862e+00       1.845e+12  2.542369e-01 -5.306347e-03 -9.440381e-01  7.457631e-01
-5.58621e+00 -4.75862e+00       1.750e+12  3.348235e-01 -6.635018e-03 -9.011148e-01  6.651765e-01
-5.17241e+00 -4.75862e+00       1.452e+12  4.513823e-01 -1.620427e-02 -8.253366e-01  5.486177e-01
-4.75862e+00 -4.75862e+00       1.089e+12  5.701659e-01 -4.008173e-02 -7.395657e-01  4.298341e-01
-4.34483e+00 -4.75862e+00       7.156e+11  6.439683e-01 -7.399569e-02 -6.684651e-01  3.560317e-01
-3.93103e+00 -4.75862e+00       4.828e+11  6.954301e-01 -7.240423e-02 -5.745750e-01  3.045699e-01
-3.51724e+00 -4.75862e+00       4.453e+11  7.708895e-01 -8.305658e-03 -3.618953e-01  2.291105e-01
-3.10345e+00 -4.75862e+00       5.183e+11  8.331727e-01  4.682353e-02 -1.325311e-02  1.668273e-01
-2.68966e+00 -4.75862e+00       6.142e+11  8.355943e-01  6.676244e-02  3.047283e-01  1.644057e-01
-2.27586e+00 -4.75862e+00       6.176e+11  7.719698e-01  7.575666e-02  5.161561e-01  2.280302e-01
-1.86207e+00 -4.75862e+00       5.171e+11  6.441171e-01  1.072841e-01  6.763062e-01  3.558829e-01
-1.44828e+00 -4.75862e+00       3.857e+11  4.715074e-01  1.442083e-01  7.949696e-01  5.284926e-01
-1.03448e+00 -4.75862e+00       2.616e+11  2.474175e-01  1.410969e-01  8.570022e-01  7.525825e-01
-6.20690e-01 -4.75862e+00       1.884e+11 -8.273011e-02  1.122259e-01  8.235842e-01  9.172699e-01
-2.06897e-01 -4.75862e+00       1.655e+11 -4.011096e-01  1.046694e-01  6.268562e-01  5.988904e-01
 2.06897e-01 -4.75862e+00       1.587e+11 -5.063590e-01  8.762286e-02  2.176603e-01  4.936410e-01
 6.20690e-01 -4.75862e+00       1.851e+11 -1.956683e-01  4.748191e-02 -3.816901e-01  8.043317e-01
 1.03448e+00 -4.75862e+00       2.948e+11  2.573810e-01  4.625552e-02 -7.377001e-01  7.426190e-01
 1.44828e+00 -4.75862e+00       4.744e+11  5.147191e-01  5.896432e-02 -7.674141e-01  4.852809e-01
 1.86207e+00 -4.75862e+00       6.376e+11  6.733716e-01  5.479339e-02 -6.765076e-01  3.266284e-01
 2.27586e+00 -4.75862e+00       6.989e+11  7.851048e-01  4.525162e-02 -5.459386e-01  2.148952e-01
 2.68966e+00 -4.75862e+00       6.427e+11  8.540263e-01  4.058620e-02 -3.534886e-01  1.459737e-01
 3.10345e+00 -4.75862e+00       5.567e+11  8.756396e-01  4.549552e-02 -5.377035e-02  1.243604e-01
 3.51724e+00 -4.75862e+00       5.053e+11  8.457780e-01  4.741069e-02  2.514664e-01  1.542220e-01
 3.93103e+00 -4.75862e+00       4.950e+11  7.937698e-01  2.352794e-02  4.437245e-01  2.062302e-01
 4.34483e+00 -4.75862e+00       5.656e+11  7.149958e-01  7.418540e-03  5.704155e-01  2.850042e-01
 4.75862e+00 -4.75862e+00       8.318e+11  5.647863e-01  1.138504e-02  7.238934e-01  4.352137e-01
 5.17241e+00 -4.75862e+00       1.386e+12  4.217587e-01  9.166145e-03  8.499335e-01  5.782413e-01
 5.58621e+00 -4.75862e+00       1.941e+12  3.301107e-01  4.944670e-03  9.148268e-01  6.698893e-01
 6.00000e+00 -4.75862e+00       2.082e+12  2.575410e-01  3.398892e-03  9.487607e-01  7.424590e-01
-6.00000e+00 -4.34483e+00       1.675e+12  1.784653e-01 -4.754254e-04 -9.498013e-01  8.215347e-01
-5.58621e+00 -4.34483e+00       1.383e+12  2.824814e-01 -8.382134e-03 -9.009462e-01  7.175186e-01
-5.17241e+00 -4.34483e+00       1.011e+12  4.079992e-01 -3.339432e-02 -8.336742e-01  5.920008e-01
-4.75862e+00 -4.34483e+00       6.734e+11  5.102686e-01 -7.095174e-02 -7.657660e-01  4.897314e-01
-4.34483e+00 -4.34483e+00       4.858e+11  6.016066e-01 -6.277259e-02 -6.575556e-01  3.983934e-01
-3.93103e+00 -4.34483e+00       4.953e+11  7.404630e-01  3.751087e-03 -4.114054e-01  2.595370e-01
-3.51724e+00 -4.34483e+00       6.127e+11  8.648354e-01  4.720783e-02 -1.094861e-01  1.351646e-01
-3.10345e+00 -4.34483e+00       6.802e+11  9.178523e-01  6.557552e-02  1.167239e-01  8.214768e-02
-2.68966e+00 -4.34483e+00       6.068e+11  9.157018e-01  8.986021e-02  2.727335e-01  8.429824e-02
-2.27586e+00 -4.34483e+00       4.674e+11  8.880139e-01  1.152670e-01  3.797497e-01  1.119861e-01
-1.86207e+00 -4.34483e+00       3.578e+11  8.546999e-01  7.937453e-02  4.275373e-01  1.453001e-01
-1.44828e+00 -4.34483e+00       3.187e+11  8.266873e-01 -4.011850e-02  4.236260e-01  1.733127e-01
-1.03448e+00 -4.34483e+00       3.345e+11  8.257455e-01 -1.032948e-01  3.912153e-01  1.742545e-01
-6.20690e-01 -4.34483e+00       3.365e+11  8.448039e-01 -5.372143e-02  3.333846e-01  1.551961e-01
-2.06897e-01 -4.34483e+00       2.998e+11  8.443045e-01  3.121410e-02  2.755660e-01  1.556955e-01
 2.06897e-01 -4.34483e+00       2.537e+11  7.630722e-01  6.161125e-02  2.765026e-01  2.369278e-01
 6.20690e-01 -4.34483e+00       2.116e+11  5.753364e-01 -1.379998e-02  2.884187e-01  4.246636e-01
 1.03448e+00 -4.34483e+00       1.816e+11  4.098529e-01 -1.167749e-01  1.157008e-01  5.901471e-01
 1.44828e+00 -4.34483e+00       1.983e+11  5.046443e-01 -5.899221e-02 -2.578087e-01  4.953557e-01
 1.86207e+00 -4.34483e+00       3.160e+11  7.426644e-01  4.485458e-02 -4.204831e-01  2.573356e-01
 2.27586e+00 -4.34483e+00       5.414e+11  8.790487e-01  5.568353e-02 -3.635052e-01  1.209513e-01
 2.68966e+00 -4.34483e+00       7.462e+11  9.345764e-01  4.326370e-02 -2.701427e-01  6.542357e-02
 3.10345e+00 -4.34483e+00       7.738e+11  9.464869e-01  3.454157e-02 -1.494749e-01  5.351309e-02
 3.51724e+00 -4.34483e+00       6.620e+11  9.102718e-01  3.400983e-02  5.937552e-02  8.972823e-02
 3.93103e+00 -4.34483e+00       5.531e+11  8.220290e-01  3.796900e-02  3.391002e-01  1.779710e-01
 4.34483e+00 -4.34483e+00       5.029e+11  7.194310e-01  2.397575e-02  5.540472e-01  2.805690e-01
 4.75862e+00 -4.34483e+00       5.622e+11  5.912067e-01  6.499410e-03  6.936925e-01  4.087933e-01
 5.17241e+00 -4.34483e+00       8.503e+11  4.110380e-01  9.600650e-03  8.240867e-01  5.889620e-01
 5.58621e+00 -4.34483e+00       1.358e+12  2.669204e-01  1.065936e-02  9.118906e-01  7.330796e-01
 6.00000e+00 -4.34483e+00       1.735e+12  1.721833e-01  5.555679e-03  9.549287e-01  8.278167e-01
-6.00000e+00 -3.93103e+00       1.286e+12  1.179610e-01 -4.364413e-03 -9.391840e-01  8.820390e-01
-5.58621e+00 -3.93103e+00       9.599e+11  2.457533e-01 -2.551140e-02 -8.905553e-01  7.542467e-01
-5.17241e+00 -3.93103e+00       6.514e+11  3.715137e-01 -6.356247e-02 -8.332777e-01  6.284863e-01
-4.75862e+00 -3.93103e+00       4.772e+11  4.962913e-01 -6.323312e-02 -7.313526e-01  5.037087e-01
-4.34483e+00 -3.93103e+00       4.962e+11  6.822161e-01  5.694896e-04 -5.022618e-01  3.177839e-01
-3.93103e+00 -3.93103e+00       6.168e+11  8.462097e-01  4.441531e-02 -2.477187e-01  1.537903e-01
-3.51724e+00 -3.93103e+00       6.595e+11  9.307254e-01  6.689230e-02 -6.708193e-02  6.927459e-02
-3.10345e+00 -3.93103e+00       5.675e+11  9.613578e-01  8.884258e-02  4.313522e-02  3.864222e-02
-2.68966e+00 -3.93103e+00       4.526e+11  9.624984e-01  8.001320e-02  7.181092e-02  3.750156e-02
-2.27586e+00 -3.93103e+00       3.794e+11  9.343822e-01  2.426976e-02  1.455008e-02  6.561783e-02
-1.86207e+00 -3.93103e+00       2.967e+11  8.605082e-01 -8.569097e-03 -7.265746e-02  1.394918e-01
-1.44828e+00 -3.93103e+00       1.853e+11  7.098009e-01 -3.199078e-02 -1.530672e-01  2.901991e-01
-1.03448e+00 -3.93103e+00       1.116e+11  4.747291e-01 -2.534752e-01 -2.171889e-01  5.252709e-01
-6.20690e-01 -3.93103e+00       1.001e+11  3.330691e-01 -6.576240e-01 -2.459243e-01  6.669309e-01
-2.06897e-01 -3.93103e+00       1.162e+11  3.516648e-01 -8.041879e-01 -2.786178e-01  6.483352e-01
 2.06897e-01 -3.93103e+00       1.348e+11  4.738266e-01 -7.181522e-01 -3.239104e-01  5.261734e-01
 6.20690e-01 -3.93103e+00       1.600e+11  6.707785e-01 -4.806431e-01 -3.172318e-01  3.292215e-01
 1.03448e+00 -3.93103e+00       2.068e+11  8.282660e-01 -2.211575e-01 -2.352073e-01  1.717340e-01
 1.44828e+00 -3.93103e+00       2.527e+11  8.657574e-01 -7.590055e-02 -1.418312e-01  1.342426e-01
 1.86207e+00 -3.93103e+00       2.568e+11  8.318623e-01 -1.077839e-02 -9.960229e-02  1.681377e-01
 2.27586e+00 -3.93103e+00       2.832e+11  8.453371e-01  3.790889e-02 -1.268301e-01  1.546629e-01
 2.68966e+00 -3.93103e+00       4.427e+11  9.306395e-01  5.785910e-02 -1.082076e-01  6.936051e-02
 3.10345e+00 -3.93103e+00       6.766e+11  9.713928e-01  4.775495e-02 -4.051876e-02  2.860723e-02
 3.51724e+00 -3.93103e+00       7.732e+11  9.639061e-01  3.508003e-02  4.860749e-02  3.609395e-02
 3.93103e+00 -3.93103e+00       6.806e+11  9.006808e-01  3.033599e-02  2.079001e-01  9.931923e-02
 4.34483e+00 -3.93103e+00       5.497e+11  7.736868e-01  3.161033e-02  4.468572e-01  2.263132e-01
 4.75862e+00 -3.93103e+00       4.838e+11  6.258851e-01  1.901497e-02  6.516672e-01  3.741149e-01
 5.17241e+00 -3.93103e+00       5.561e+11  4.438695e-01  4.820576e-03  7.872913e-01  5.561305e-01
 5.58621e+00 -3.93103e+00       8.646e+11  2.411217e-01  9.066566e-03  8.906909e-01  7.588783e-01
 6.00000e+00 -3.93103e+00       1.302e+12  1.053330e-01  1.003035e-02  9.476259e-01  8.946670e-01
-6.00000e+00 -3.51724e+00       9.143e+11  8.234200e-02 -1.521153e-02 -9.181633e-01  9.176580e-01
-5.58621e+00 -3.51724e+00       6.352e+11  2.256468e-01 -5.166850e-02 -8.741491e-01  7.743532e-01
-5.17241e+00 -3.51724e+00       4.563e+11  3.745954e-01 -6.862287e-02 -7.953933e-01  6.254046e-01
-4.75862e+00 -3.51724e+00       4.531e+11  5.881324e-01 -1.284128e-02 -6.031167e-01  4.118676e-01
-4.34483e+00 -3.51724e+00       5.641e+11  7.892401e-01  3.819921e-02 -3.760199e-01  2.107599e-01
-3.93103e+00 -3.51724e+00       6.119e+11  9.021475e-01  6.382578e-02 -2.163580e-01  9.785254e-02
-3.51724e+00 -3.51724e+00       5.319e+11  9.492874e-01  8.243235e-02 -1.318947e-01  5.071260e-02
-3.10345e+00 -3.51724e+00       4.228e+11  9.462092e-01  7.174653e-02 -1.337700e-01  5.379075e-02
-2.68966e+00 -3.51724e+00       3.238e+11  8.964820e-01  3.034204e-02 -1.802162e-01  1.035180e-01
-2.27586e+00 -3.51724e+00       2.115e+11  8.058027e-01 -2.976886e-02 -1.621747e-01  1.941973e-01
-1.86207e+00 -3.51724e+00       1.227e+11  6.843677e-01 -2.000279e-01  2.840681e-02  3.156323e-01
-1.44828e+00 -3.51724e+00       8.422e+10  5.718833e-01 -4.529855e-01  3.165748e-01  4.281167e-01
-1.03448e+00 -3.51724e+00       7.356e+10  4.131758e-01 -5.721279e-01  4.532604e-01  5.868242e-01
-6.20690e-01 -3.51724e+00       6.915e+10  1.634675e-01 -5.963052e-01  3.543546e-01  8.365325e-01
-2.06897e-01 -3.51724e+00       6.688e+10 -4.072137e-02 -5.737656e-01 -3.188745e-02  9.592786e-01
 2.06897e-01 -3.51724e+00       7.228e+10 -7.543833e-03 -5.162788e-01 -4.637490e-01  9.924562e-01
 6.20690e-01 -3.51724e+00       8.360e+10  2.132292e-01 -4.712570e-01 -6.065496e-01  7.867708e-01
 1.03448e+00 -3.51724e+00       1.027e+11  5.166862e-01 -4.271887e-01 -4.747088e-01  4.833138e-01
 1.44828e+00 -3.51724e+00       1.470e+11  7.756702e-01 -3.284402e-01 -2.378245e-01  2.243298e-01
 1.86207e+00 -3.51724e+00       2.162e+11  8.867192e-01 -1.936812e-01 -5.265738e-02  1.132808e-01
 2.27586e+00 -3.51724e+00       2.680e+11  9.039879e-01 -7.498077e-02  4.652748e-02  9.601214e-02
 2.68966e+00 -3.51724e+00       2.991e+11  9.051497e-01  1.759152e-02  6.483970e-02  9.485033e-02
 3.10345e+00 -3.51724e+00       4.130e+11  9.414151e-01  5.934361e-02  7.559342e-02  5.858485e-02
 3.51724e+00 -3.51724e+00       6.168e+11  9.631592e-01  5.117453e-02  1.258600e-01  3.684085e-02
 3.93103e+00 -3.51724e+00       7.138e+11  9.410272e-01  3.601341e-02  2.020747e-01  5.897282e-02
 4.34483e+00 -3.51724e+00       6.266e+11  8.546190e-01  2.907761e-02  3.441663e-01  1.453810e-01
 4.75862e+00 -3.51724e+00       4.971e+11  6.965131e-01  2.674179e-02  5.563570e-01  3.034869e-01
 5.17241e+00 -3.51724e+00       4.443e+11  5.057164e-01  1.179292e-02  7.371573e-01  4.942836e-01
 5.58621e+00 -3.51724e+00       5.576e+11  2.714236e-01  4.026889e-03  8.532828e-01  7.285764e-01
 6.00000e+00 -3.51724e+00       8.773e+11  7.094148e-02  1.029182e-02  9.242978e-01  9.290585e-01
-6.00000e+00 -3.10345e+00       6.198e+11  7.493166e-02 -3.650089e-02 -8.906634e-01  9.250683e-01
-5.58621e+00 -3.10345e+00       4.344e+11  2.408691e-01 -7.113111e-02 -8.387701e-01  7.591309e-01
-5.17241e+00 -3.10345e+00       3.906e+11  4.638363e-01 -3.735237e-02 -6.950526e-01  5.361637e-01
-4.75862e+00 -3.10345e+00       4.801e+11  7.042563e-01  2.453107e-02 -4.853971e-01  2.957437e-01
-4.34483e+00 -3.10345e+00       5.514e+11  8.512285e-01  5.652955e-02 -3.298468e-01  1.487715e-01
-3.93103e+00 -3.10345e+00       4.996e+11  9.169092e-01  7.661382e-02 -2.480288e-01  8.309079e-02
-3.51724e+00 -3.10345e+00       3.930e+11  9.189168e-01  7.459238e-02 -2.452165e-01  8.108320e-02
-3.10345e+00 -3.10345e+00       2.876e+11  8.734399e-01  3.960513e-02 -2.686346e-01  1.265601e-01
-2.68966e+00 -3.10345e+00       1.868e+11  8.210527e-01 -3.170376e-02 -1.882983e-01  1.789473e-01
-2.27586e+00 -3.10345e+00       1.284e+11  8.109733e-01 -1.594365e-01  8.102520e-02  1.890267e-01
-1.86207e+00 -3.10345e+00       1.331e+11  7.971880e-01 -1.960268e-01  3.704456e-01  2.028120e-01
-1.44828e+00 -3.10345e+00       1.985e+11  6.577020e-01 -1.507941e-01  5.649298e-01  3.422980e-01
-1.03448e+00 -3.10345e+00       3.062e+11  4.083224e-01 -1.695130e-01  6.543632e-01  5.916776e-01
-6.20690e-01 -3.10345e+00       3.930e+11  9.375941e-02 -2.382855e-01  5.341056e-01  9.062406e-01
-2.06897e-01 -3.10345e+00       4.383e+11 -1.367476e-01 -2.912084e-01  8.868486e-02  8.632524e-01
 2.06897e-01 -3.10345e+00       4.807e+11 -5.293202e-02 -2.570943e-01 -4.512065e-01  9.470680e-01
 6.20690e-01 -3.10345e+00       4.880e+11  2.301956e-01 -1.665830e-01 -7.015573e-01  7.698044e-01
 1.03448e+00 -3.10345e+00       4.086e+11  5.072557e-01 -9.233881e-02 -6.757558e-01  4.927443e-01
 1.44828e+00 -3.10345e+00       2.989e+11  7.303932e-01 -7.986456e-02 -5.057749e-01  2.696068e-01
 1.86207e+00 -3.10345e+00       2.333e+11  8.665614e-01 -1.276133e-01 -2.890610e-01  1.334386e-01
 2.27586e+00 -3.10345e+00       2.286e+11  9.130757e-01 -1.409931e-01 -4.847634e-02  8.692434e-02
 2.68966e+00 -3.10345e+00       2.592e+11  9.132373e-01 -7.492684e-02  1.266664e-01  8.676270e-02
 3.10345e+00 -3.10345e+00       2.987e+11  9.123243e-01  1.393697e-02  1.829308e-01  8.767566e-02
 3.51724e+00 -3.10345e+00       4.078e+11  9.347224e-01  5.893913e-02  1.999171e-01  6.527765e-02
 3.93103e+00 -3.10345e+00       5.785e+11  9.406144e-01  5.087337e-02  2.416657e-01  5.938560e-02
 4.34483e+00 -3.10345e+00       6.332e+11  9.000761e-01  3.540532e-02  3.159719e-01  9.992387e-02
 4.75862e+00 -3.10345e+00       5.316e+11  7.847088e-01  2.831079e-02  4.590382e-01  2.152912e-01
 5.17241e+00 -3.10345e+00       4.171e+11  5.935730e-01  2.086167e-02  6.540248e-01  4.064270e-01
 5.58621e+00 -3.10345e+00       4.042e+11  3.500038e-01  4.047409e-03  8.039463e-01  6.499962e-01
 6.00000e+00 -3.10345e+00       5.688e+11  8.653236e-02  5.589886e-03  8.884909e-01  9.134676e-01
-6.00000e+00 -2.68966e+00       4.236e+11  4.001853e-02  4.210253e-02 -8.815627e-01  9.599815e-01
-5.58621e+00 -2.68966e+00       3.190e+11  2.823248e-01  2.451544e-02 -7.743760e-01  7.176752e-01
-5.17241e+00 -2.68966e+00       3.759e+11  5.871471e-01  3.950320e-02 -5.768233e-01  4.128529e-01
-4.75862e+00 -2.68966e+00       4.732e+11  7.803594e-01  5.658921e-02 -4.160031e-01  2.196406e-01
-4.34483e+00 -2.68966e+00       4.668e+11  8.777547e-01  6.938084e-02 -3.208531e-01  1.222453e-01
-3.93103e+00 -2.68966e+00       3.760e+11  9.012784e-01  7.541852e-02 -3.002986e-01  9.872159e-02
-3.51724e+00 -2.68966e+00       2.747e+11  8.693474e-01  5.376424e-02 -3.155394e-01  1.306526e-01
-3.10345e+00 -2.68966e+00       1.947e+11  8.477319e-01 -6.263124e-03 -2.251561e-01  1.522681e-01
-2.68966e+00 -2.68966e+00       2.157e+11  9.090296e-01 -6.511737e-02  6.595082e-02  9.097038e-02
-2.27586e+00 -2.68966e+00       4.863e+11  9.402371e-01 -4.101381e-02  2.553379e-01  5.976290e-02
-1.86207e+00 -2.68966e+00       1.032e+12  9.231116e-01 -1.682456e-02  3.393859e-01  7.688837e-02
-1.44828e+00 -2.68966e+00       1.435e+12  8.927201e-01  5.432431e-03  4.044647e-01  1.072799e-01
-1.03448e+00 -2.68966e+00       1.252e+12  8.497264e-01  4.607096e-02  4.568212e-01  1.502736e-01
-6.20690e-01 -2.68966e+00       7.413e+11  7.886083e-01  1.255331e-01  4.515595e-01  2.113917e-01
-2.06897e-01 -2.68966e+00       4.063e+11  7.248578e-01  2.286954e-01  2.047657e-01  2.751422e-01
 2.06897e-01 -2.68966e+00       4.243e+11  7.512819e-01  1.744456e-01 -2.856774e-01  2.487181e-01
 6.20690e-01 -2.68966e+00       8.284e+11  8.303627e-01  4.073772e-02 -4.407341e-01  1.696373e-01
 1.03448e+00 -2.68966e+00       1.476e+12  8.836892e-01 -2.195731e-02 -4.144428e-01  1.163108e-01
 1.44828e+00 -2.68966e+00       1.769e+12  9.165349e-01 -4.215799e-02 -3.625270e-01  8.346508e-02
 1.86207e+00 -2.68966e+00       1.337e+12  9.384863e-01 -4.605095e-02 -3.054188e-01  6.151372e-02
 2.27586e+00 -2.68966e+00       6.898e+11  9.534188e-01 -5.324428e-02 -2.202482e-01  4.658117e-02
 2.68966e+00 -2.68966e+00       3.476e+11  9.499200e-01 -7.362601e-02 -3.787812e-02  5.008002e-02
 3.10345e+00 -2.68966e+00       2.714e+11  9.205503e-01 -4.555802e-02  1.740865e-01  7.944972e-02
 3.51724e+00 -2.68966e+00       2.995e+11  9.114276e-01  2.848984e-02  2.515485e-01  8.857240e-02
 3.93103e+00 -2.68966e+00       4.128e+11  9.248401e-01  5.839761e-02  2.756009e-01  7.515991e-02
 4.34483e+00 -2.68966e+00       5.448e+11  9.114489e-01  4.619118e-02  3.221784e-01  8.855105e-02
 4.75862e+00 -2.68966e+00       5.513e+11  8.412139e-01  3.510563e-02  4.153214e-01  1.587861e-01
 5.17241e+00 -2.68966e+00       4.547e+11  6.936266e-01  3.683762e-02  5.727654e-01  3.063734e-01
 5.58621e+00 -2.68966e+00       3.865e+11  4.642888e-01  3.281930e-02  7.441322e-01  5.357112e-01
 6.00000e+00 -2.68966e+00       4.470e+11  1.561194e-01  1.238134e-02  8.580093e-01  8.438806e-01
-6.00000e+00 -2.27586e+00       2.372e+11  1.501148e-01 -3.470664e-02 -7.272746e-01  8.498852e-01
-5.58621e+00 -2.27586e+00       2.675e+11  4.700784e-01 -9.665342e-03 -6.193380e-01  5.299216e-01
-5.17241e+00 -2.27586e+00       3.732e+11  7.024358e-01  3.973153e-02 -4.796428e-01  2.975642e-01
-4.75862e+00 -2.27586e+00       4.232e+11  8.344453e-01  6.010781e-02 -3.709508e-01  1.655547e-01
-4.34483e+00 -2.27586e+00       3.684e+11  8.894448e-01  6.933461e-02 -3.242079e-01  1.105552e-01
-3.93103e+00 -2.27586e+00       2.771e+11  8.797112e-01  6.337516e-02 -3.308725e-01  1.202888e-01
-3.51724e+00 -2.27586e+00       2.137e+11  8.690940e-01  2.262958e-02 -2.681944e-01  1.309060e-01
-3.10345e+00 -2.27586e+00       3.100e+11  9.470640e-01 -1.619310e-02 -4.263571e-02  5.293600e-02
-2.68966e+00 -2.27586e+00       8.134e+11  9.877957e-01 -2.727006e-03  6.229093e-02  1.220430e-02
-2.27586e+00 -2.27586e+00       1.625e+12  9.911571e-01  1.041099e-02  9.624641e-02  8.842906e-03
-1.86207e+00 -2.27586e+00       1.908e+12  9.884059e-01  2.126560e-02  1.198228e-01  1.159415e-02
-1.44828e+00 -2.27586e+00       1.298e+12  9.820538e-01  3.732656e-02  1.405637e-01  1.794623e-02
-1.03448e+00 -2.27586e+00       5.895e+11  9.673785e-01  6.953920e-02  1.565294e-01  3.262151e-02
-6.20690e-01 -2.27586e+00       2.999e+11  9.498960e-01  1.082700e-01  1.416791e-01  5.010398e-02
-2.06897e-01 -2.27586e+00       2.424e+11  9.493050e-01  1.030076e-01  1.025417e-01  5.069497e-02
 2.06897e-01 -2.27586e+00       2.209e+11  9.454039e-01  8.246969e-02  5.986469e-02  5.459612e-02
 6.20690e-01 -2.27586e+00       2.619e+11  9.483350e-01  3.995367e-02 -3.875579e-02  5.166501e-02
 1.03448e+00 -2.27586e+00       5.885e+11  9.739095e-01 -4.638344e-03 -1.092244e-01  2.609053e-02
 1.44828e+00 -2.27586e+00       1.391e+12  9.870785e-01 -1.900340e-02 -1.123981e-01  1.292152e-02
 1.86207e+00 -2.27586e+00       2.140e+12  9.914109e-01 -2.517880e-02 -1.011074e-01  8.589081e-03
 2.27586e+00 -2.27586e+00       1.926e+12  9.929719e-01 -2.922842e-02 -8.420595e-02  7.028142e-03
 2.68966e+00 -2.27586e+00       1.051e+12  9.908301e-01 -3.483278e-02 -5.112342e-02  9.169872e-03
 3.10345e+00 -2.27586e+00       4.523e+11  9.706550e-01 -4.332897e-02  5.008737e-02  2.934499e-02
 3.51724e+00 -2.27586e+00       2.811e+11  9.259854e-01 -1.284026e-02  2.194842e-01  7.401461e-02
 3.93103e+00 -2.27586e+00       3.072e+11  9.156952e-01  4.450612e-02  2.878487e-01  8.430479e-02
 4.34483e+00 -2.27586e+00       4.213e+11  9.175884e-01  5.233985e-02  3.167393e-01  8.241163e-02
 4.75862e+00 -2.27586e+00       4.947e+11  8.811216e-01  3.799237e-02  3.748810e-01  1.188784e-01
 5.17241e+00 -2.27586e+00       4.415e+11  7.814617e-01  2.905256e-02  4.896431e-01  2.185383e-01
 5.58621e+00 -2.27586e+00       3.446e+11  6.204915e-01  2.487728e-02  6.443838e-01  3.795085e-01
 6.00000e+00 -2.27586e+00       3.076e+11  3.825952e-01  1.310841e-02  7.633188e-01  6.174048e-01
-6.00000e+00 -1.86207e+00       2.507e+11  3.608010e-01 -1.540532e-01 -7.288412e-01  6.391990e-01
-5.58621e+00 -1.86207e+00       2.774e+11  6.009021e-01 -4.594504e-02 -5.599767e-01  3.990979e-01
-5.17241e+00 -1.86207e+00       3.462e+11  7.936252e-01  2.083305e-02 -4.011501e-01  2.063748e-01
-4.75862e+00 -1.86207e+00       3.552e+11  8.849422e-01  4.340588e-02 -3.255144e-01  1.150578e-01
-4.34483e+00 -1.86207e+00       2.896e+11  9.008246e-01  5.755921e-02 -3.165173e-01  9.917543e-02
-3.93103e+00 -1.86207e+00       2.223e+11  8.868646e-01  4.394891e-02 -2.989392e-01  1.131354e-01
-3.51724e+00 -1.86207e+00       2.936e+11  9.417251e-01  4.496959e-03 -1.431574e-01  5.827489e-02
-3.10345e+00 -1.86207e+00       7.839e+11  9.894472e-01  4.728847e-03 -4.772052e-02  1.055280e-02
-2.68966e+00 -1.86207e+00       1.674e+12  9.974307e-01  1.249006e-02 -2.453890e-02  2.569251e-03
-2.27586e+00 -1.86207e+00       2.069e+12  9.983137e-01  1.827931e-02 -1.182588e-02  1.686294e-03
-1.86207e+00 -1.86207e+00       1.472e+12  9.972453e-01  2.661902e-02 -1.950049e-03  2.754679e-03
-1.44828e+00 -1.86207e+00       7.396e+11  9.920764e-01  4.454407e-02  4.411131e-03  7.923605e-03
-1.03448e+00 -1.86207e+00       5.098e+11  9.832013e-01  7.938273e-02  1.312268e-02  1.679874e-02
-6.20690e-01 -1.86207e+00       6.495e+11  9.833865e-01  1.027221e-01  2.633489e-02  1.661346e-02
-2.06897e-01 -1.86207e+00       8.195e+11  9.859141e-01  1.057740e-01  3.687653e-02  1.408595e-02
 2.06897e-01 -1.86207e+00       7.602e+11  9.849656e-01  1.027647e-01  4.784947e-02  1.503438e-02
 6.20690e-01 -1.86207e+00       5.143e+11  9.792063e-01  8.968719e-02  5.759394e-02  2.079368e-02
 1.03448e+00 -1.86207e+00       3.600e+11  9.745253e-01  3.822990e-02  5.341766e-02  2.547465e-02
 1.44828e+00 -1.86207e+00       6.153e+11  9.881721e-01 -1.016441e-02  2.468769e-02  1.182794e-02
 1.86207e+00 -1.86207e+00       1.448e+12  9.962165e-01 -1.795063e-02  1.557113e-02  3.783514e-03
 2.27586e+00 -1.86207e+00       2.218e+12  9.980551e-01 -2.102591e-02  1.778160e-02  1.944936e-03
 2.68966e+00 -1.86207e+00       1.927e+12  9.977229e-01 -2.399979e-02  2.530828e-02  2.277113e-03
 3.10345e+00 -1.86207e+00       9.942e+11  9.928523e-01 -2.831430e-02  4.821102e-02  7.147672e-03
 3.51724e+00 -1.86207e+00       4.119e+11  9.680456e-01 -2.611941e-02  1.319140e-01  3.195445e-02
 3.93103e+00 -1.86207e+00       2.726e+11  9.310515e-01  1.859735e-02  2.530359e-01  6.894849e-02
 4.34483e+00 -1.86207e+00       3.246e+11  9.288171e-01  4.920010e-02  2.917337e-01  7.118286e-02
 4.75862e+00 -1.86207e+00       4.036e+11  9.174389e-01  3.849971e-02  3.210685e-01  8.256111e-02
 5.17241e+00 -1.86207e+00       3.815e+11  8.544770e-01  2.098122e-02  3.924735e-01  1.455230e-01
 5.58621e+00 -1.86207e+00       2.814e+11  7.038480e-01 -1.445231e-03  5.365864e-01  2.961520e-01
 6.00000e+00 -1.86207e+00       2.130e+11  4.469124e-01 -2.527627e-02  6.924345e-01  5.530876e-01
-6.00000e+00 -1.44828e+00       1.576e+11  5.103243e-01  2.405869e-02 -5.947498e-01  4.896757e-01
-5.58621e+00 -1.44828e+00       2.424e+11  7.786015e-01  1.172949e-02 -4.267970e-01  2.213985e-01
-5.17241e+00 -1.44828e+00       3.294e+11  8.809379e-01  3.232451e-02 -3.379845e-01  1.190621e-01
-4.75862e+00 -1.44828e+00       3.145e+11  9.155565e-01  5.659376e-02 -2.969205e-01  8.444346e-02
-4.34483e+00 -1.44828e+00       2.368e+11  9.145800e-01  5.998509e-02 -2.848948e-01  8.542001e-02
-3.93103e+00 -1.44828e+00       2.293e+11  9.304814e-01  2.479236e-02 -2.133886e-01  6.951863e-02
-3.51724e+00 -1.44828e+00       5.356e+11  9.807653e-01  7.259046e-03 -1.058918e-01  1.923473e-02
-3.10345e+00 -1.44828e+00       1.354e+12  9.945007e-01  1.112527e-02 -7.826589e-02  5.499305e-03
-2.68966e+00 -1.44828e+00       2.069e+12  9.966749e-01  1.452190e-02 -6.927608e-02  3.325108e-03
-2.27586e+00 -1.44828e+00       1.809e+12  9.967989e-01  1.899098e-02 -6.385001e-02  3.201090e-03
-1.86207e+00 -1.44828e+00       1.154e+12  9.953281e-01  2.902226e-02 -6.264942e-02  4.671897e-03
-1.44828e+00 -1.44828e+00       1.074e+12  9.939780e-01  3.165033e-02 -6.606468e-02  6.022021e-03
-1.03448e+00 -1.44828e+00       1.379e+12  9.947792e-01  1.415673e-02 -6.325044e-02  5.220819e-03
-6.20690e-01 -1.44828e+00       1.420e+12  9.954419e-01 -8.706615e-03 -4.781774e-02  4.558111e-03
-2.06897e-01 -1.44828e+00       1.186e+12  9.951408e-01 -2.901478e-02 -8.954975e-03  4.859158e-03
 2.06897e-01 -1.44828e+00       1.077e+12  9.936990e-01 -3.299224e-02  5.182382e-02  6.301023e-03
 6.20690e-01 -1.44828e+00       1.092e+12  9.918007e-01 -1.962729e-02  9.628881e-02  8.199325e-03
 1.03448e+00 -1.44828e+00       9.217e+11  9.895726e-01 -4.018066e-03  1.152317e-01  1.042744e-02
 1.44828e+00 -1.44828e+00       6.674e+11  9.879745e-01  1.683796e-03  1.089344e-01  1.202554e-02
 1.86207e+00 -1.44828e+00       8.939e+11  9.926250e-01 -9.626397e-03  7.553282e-02  7.375002e-03
 2.27586e+00 -1.44828e+00       1.738e+12  9.961645e-01 -1.507412e-02  6.441524e-02  3.835493e-03
 2.68966e+00 -1.44828e+00       2.201e+12  9.968828e-01 -1.735732e-02  6.461701e-02  3.117197e-03
 3.10345e+00 -1.44828e+00       1.569e+12  9.958280e-01 -1.979034e-02  7.043229e-02  4.172038e-03
 3.51724e+00 -1.44828e+00       6.955e+11  9.882632e-01 -2.172523e-02  9.718450e-02  1.173681e-02
 3.93103e+00 -1.44828e+00       3.094e+11  9.615965e-01 -2.335550e-03  1.827429e-01  3.840351e-02
 4.34483e+00 -1.44828e+00       2.798e+11  9.441837e-01  4.125071e-02  2.537295e-01  5.581632e-02
 4.75862e+00 -1.44828e+00       3.587e+11  9.408988e-01  4.361953e-02  2.780331e-01  5.910117e-02
 5.17241e+00 -1.44828e+00       3.674e+11  9.160615e-01  3.181323e-02  3.170386e-01  8.393855e-02
 5.58621e+00 -1.44828e+00       2.755e+11  8.369361e-01  3.090121e-02  4.070196e-01  1.630639e-01
 6.00000e+00 -1.44828e+00       1.929e+11  6.430912e-01  2.475018e-02  5.763423e-01  3.569088e-01
-6.00000e+00 -1.03448e+00       1.799e+11  7.018183e-01 -6.720791e-02 -5.101197e-01  2.981817e-01
-5.58621e+00 -1.03448e+00       2.400e+11  8.532736e-01  1.077646e-02 -3.300107e-01  1.467264e-01
-5.17241e+00 -1.03448e+00       2.823e+11  9.270307e-01  2.986193e-02 -2.373601e-01  7.296927e-02
-4.75862e+00 -1.03448e+00       2.509e+11  9.506240e-01  2.991123e-02 -2.154931e-01  4.937602e-02
-4.34483e+00 -1.03448e+00       2.037e+11  9.495236e-01  2.740519e-02 -2.135900e-01  5.047636e-02
-3.93103e+00 -1.03448e+00       2.968e+11  9.716314e-01  1.156557e-02 -1.392385e-01  2.836855e-02
-3.51724e+00 -1.03448e+00       8.280e+11  9.918740e-01  8.478659e-03 -9.187746e-02  8.125980e-03
-3.10345e+00 -1.03448e+00       1.732e+12  9.957870e-01  1.086730e-02 -8.194984e-02  4.213045e-03
-2.68966e+00 -1.03448e+00       2.070e+12  9.963771e-01  1.299084e-02 -7.847015e-02  3.622901e-03
-2.27586e+00 -1.03448e+00       1.557e+12  9.959115e-01  1.673243e-02 -7.863515e-02  4.088543e-03
-1.86207e+00 -1.03448e+00       1.241e+12  9.948615e-01  1.879003e-02 -8.181864e-02  5.138509e-03
-1.44828e+00 -1.03448e+00       1.735e+12  9.955906e-01  1.303379e-02 -7.239774e-02  4.409444e-03
-1.03448e+00 -1.03448e+00       3.438e+12  9.975512e-01  1.002429e-02 -4.921661e-02  2.448842e-03
-6.20690e-01 -1.03448e+00       6.875e+12  9.988502e-01  7.726876e-03 -2.997223e-02  1.149809e-03
-2.06897e-01 -1.03448e+00       1.022e+13  9.994130e-01  4.531564e-03 -1.575775e-02  5.869890e-04
 2.06897e-01 -1.03448e+00       1.007e+13  9.995788e-01  1.845089e-03 -2.659446e-03  4.212258e-04
 6.20690e-01 -1.03448e+00       6.502e+12  9.992870e-01 -1.972655e-04  1.209564e-02  7.130441e-04
 1.03448e+00 -1.03448e+00       2.939e+12  9.977900e-01 -2.553867e-03  3.634210e-02  2.209980e-03
 1.44828e+00 -1.03448e+00       1.185e+12  9.940210e-01 -4.957206e-03  7.747138e-02  5.978988e-03
 1.86207e+00 -1.03448e+00       7.824e+11  9.923336e-01 -6.905410e-03  9.297599e-02  7.666354e-03
 2.27586e+00 -1.03448e+00       1.296e+12  9.955692e-01 -1.011415e-02  7.415598e-02  4.430781e-03
 2.68966e+00 -1.03448e+00       2.050e+12  9.968611e-01 -1.199009e-02  6.927295e-02  3.138889e-03
 3.10345e+00 -1.03448e+00       1.890e+12  9.968495e-01 -1.355275e-02  7.035780e-02  3.150493e-03
 3.51724e+00 -1.03448e+00       1.001e+12  9.947836e-01 -1.494403e-02  7.951711e-02  5.216383e-03
 3.93103e+00 -1.03448e+00       3.980e+11  9.846247e-01 -8.997177e-03  1.188139e-01  1.537533e-02
 4.34483e+00 -1.03448e+00       2.485e+11  9.700030e-01  1.867712e-02  1.796406e-01  2.999702e-02
 4.75862e+00 -1.03448e+00       2.920e+11  9.668554e-01  2.969119e-02  2.042480e-01  3.314456e-02
 5.17241e+00 -1.03448e+00       3.299e+11  9.527190e-01  2.338461e-02  2.343961e-01  4.728099e-02
 5.58621e+00 -1.03448e+00       2.635e+11  9.039801e-01  9.211924e-03  3.086851e-01  9.601992e-02
 6.00000e+00 -1.03448e+00       1.671e+11  7.786746e-01 -1.756169e-02  4.512677e-01  2.213254e-01
-6.00000e+00 -6.20690e-01       1.518e+11  8.986542e-01 -4.458068e-02 -2.820423e-01  1.013458e-01
-5.58621e+00 -6.20690e-01       2.418e+11  9.463936e-01  1.518016e-02 -2.146969e-01  5.360638e-02
-5.17241e+00 -6.20690e-01       2.817e+11  9.684576e-01  3.410326e-02 -1.692662e-01  3.154237e-02
-4.75862e+00 -6.20690e-01       2.323e+11  9.760489e-01  3.367786e-02 -1.491056e-01  2.395107e-02
-4.34483e+00 -6.20690e-01       1.939e+11  9.777574e-01  1.703019e-02 -1.346442e-01  2.224257e-02
-3.93103e+00 -6.20690e-01       3.752e+11  9.905642e-01  4.796272e-03 -8.561473e-02  9.435831e-03
-3.51724e+00 -6.20690e-01       1.048e+12  9.966311e-01  6.302405e-03 -6.689242e-02  3.368912e-03
-3.10345e+00 -6.20690e-01       1.896e+12  9.976582e-01  7.800440e-03 -6.320673e-02  2.341846e-03
-2.68966e+00 -6.20690e-01       1.969e+12  9.976633e-01  8.797902e-03 -6.312730e-02  2.336687e-03
-2.27586e+00 -6.20690e-01       1.507e+12  9.972358e-01  9.327549e-03 -6.575211e-02  2.764247e-03
-1.86207e+00 -6.20690e-01       1.932e+12  9.975441e-01  5.414124e-03 -6.014285e-02  2.455928e-03
-1.44828e+00 -6.20690e-01       5.151e+12  9.986087e-01  1.002825e-03 -4.503160e-02  1.391347e-03
-1.03448e+00 -6.20690e-01       1.404e+13  9.992106e-01 -1.986824e-03 -3.332970e-02  7.894396e-04
-6.20690e-01 -6.20690e-01       2.808e+13  9.995330e-01 -4.496037e-03 -2.297242e-02  4.669693e-04
-2.06897e-01 -6.20690e-01       3.925e+13  9.997251e-01 -6.343752e-03 -1.205582e-02  2.749277e-04
 2.06897e-01 -6.20690e-01       3.885e+13  9.998039e-01 -7.478045e-03 -9.478506e-04  1.961213e-04
 6.20690e-01 -6.20690e-01       2.716e+13  9.997689e-01 -8.063322e-03  9.355990e-03  2.310931e-04
 1.03448e+00 -6.20690e-01       1.309e+13  9.995837e-01 -8.349114e-03  1.894069e-02  4.162621e-04
 1.44828e+00 -6.20690e-01       4.378e+12  9.989799e-01 -8.512870e-03  3.128957e-02  1.020125e-03
 1.86207e+00 -6.20690e-01       1.330e+12  9.974030e-01 -7.967748e-03  5.191920e-02  2.596975e-03
 2.27586e+00 -6.20690e-01       1.115e+12  9.974166e-01 -7.052669e-03  5.433547e-02  2.583409e-03
 2.68966e+00 -6.20690e-01       1.836e+12  9.983730e-01 -7.708051e-03  4.810785e-02  1.627028e-03
 3.10345e+00 -6.20690e-01       1.992e+12  9.985810e-01 -8.402791e-03  4.746064e-02  1.418978e-03
 3.51724e+00 -6.20690e-01       1.219e+12  9.981471e-01 -8.789357e-03  5.062780e-02  1.852925e-03
 3.93103e+00 -6.20690e-01       4.928e+11  9.954470e-01 -6.036956e-03  6.670339e-02  4.553026e-03
 4.34483e+00 -6.20690e-01       2.556e+11  9.891069e-01  1.149481e-02  1.048652e-01  1.089308e-02
 4.75862e+00 -6.20690e-01       2.873e+11  9.864645e-01  2.344148e-02  1.276933e-01  1.353552e-02
 5.17241e+00 -6.20690e-01       3.389e+11  9.819330e-01  1.803513e-02  1.486983e-01  1.806696e-02
 5.58621e+00 -6.20690e-01       2.875e+11  9.687443e-01  1.010623e-02  1.904125e-01  3.125565e-02
 6.00000e+00 -6.20690e-01       1.914e+11  9.420849e-01  5.214547e-03  2.520072e-01  5.791507e-02
-6.00000e+00 -2.06897e-01       1.324e+11  9.869179e-01 -1.655566e-02 -9.987356e-02  1.308215e-02
-5.58621e+00 -2.06897e-01       2.310e+11  9.932933e-01  1.698865e-04 -7.827152e-02  6.706703e-03
-5.17241e+00 -2.06897e-01       2.748e+11  9.958364e-01  6.389233e-03 -6.450601e-02  4.163636e-03
-4.75862e+00 -2.06897e-01       2.278e+11  9.964342e-01  6.146592e-03 -5.844629e-02  3.565767e-03
-4.34483e+00 -2.06897e-01       1.988e+11  9.964183e-01  3.283424e-04 -5.212231e-02  3.581717e-03
-3.93103e+00 -2.06897e-01       4.275e+11  9.983803e-01 -2.385930e-04 -3.607392e-02  1.619656e-03
-3.51724e+00 -2.06897e-01       1.161e+12  9.992531e-01  2.424100e-03 -3.076560e-02  7.468540e-04
-3.10345e+00 -2.06897e-01       1.951e+12  9.993742e-01  3.408985e-03 -3.024713e-02  6.257899e-04
-2.68966e+00 -2.06897e-01       1.917e+12  9.992563e-01  3.212442e-03 -3.228598e-02  7.437269e-04
-2.27586e+00 -2.06897e-01       1.604e+12  9.991187e-01  4.063779e-04 -3.501245e-02  8.812885e-04
-1.86207e+00 -2.06897e-01       2.888e+12  9.994468e-01 -3.895184e-03 -2.855876e-02  5.532233e-04
-1.44828e+00 -2.06897e-01       8.931e+12  9.996971e-01 -5.066190e-03 -2.155154e-02  3.029196e-04
-1.03448e+00 -2.06897e-01       2.328e+13  9.997985e-01 -5.509592e-03 -1.708578e-02  2.014794e-04
-6.20690e-01 -2.06897e-01       4.300e+13  9.998658e-01 -5.812167e-03 -1.288795e-02  1.341837e-04
-2.06897e-01 -2.06897e-01       5.719e+13  9.999166e-01 -5.975618e-03 -8.442390e-03  8.340378e-05
 2.06897e-01 -2.06897e-01       5.670e+13  9.999474e-01 -6.048969e-03 -4.076816e-03  5.256240e-05
 6.20690e-01 -2.06897e-01       4.182e+13  9.999570e-01 -6.077320e-03 -3.235985e-04  4.303231e-05
 1.03448e+00 -2.06897e-01       2.200e+13  9.999431e-01 -6.082396e-03  2.685310e-03  5.691541e-05
 1.44828e+00 -2.06897e-01       7.941e+12  9.998745e-01 -6.067751e-03  5.953068e-03  1.255413e-04
 1.86207e+00 -2.06897e-01       2.177e+12  9.996286e-01 -5.679165e-03  1.236585e-02  3.713840e-04
 2.27586e+00 -2.06897e-01       1.136e+12  9.994542e-01 -4.146420e-03  1.542395e-02  5.458093e-04
 2.68966e+00 -2.06897e-01       1.718e+12  9.997338e-01 -3.913978e-03  1.118199e-02  2.661576e-04
 3.10345e+00 -2.06897e-01       2.004e+12  9.998422e-01 -3.867613e-03  1.043484e-02  1.578260e-04
 3.51724e+00 -2.06897e-01       1.321e+12  9.998212e-01 -3.310469e-03  1.120458e-02  1.787851e-04
 3.93103e+00 -2.06897e-01       5.504e+11  9.995444e-01 -1.105227e-03  1.482084e-02  4.555895e-04
 4.34483e+00 -2.06897e-01       2.646e+11  9.988555e-01  4.230609e-03  2.323971e-02  1.144455e-03
 4.75862e+00 -2.06897e-01       2.742e+11  9.987196e-01  4.004146e-03  2.926878e-02  1.280426e-03
 5.17241e+00 -2.06897e-01       3.154e+11  9.986192e-01 -2.818596e-04  3.504139e-02  1.380825e-03
 5.58621e+00 -2.06897e-01       2.686e+11  9.978306e-01 -4.010452e-03  4.399772e-02  2.169391e-03
 6.00000e+00 -2.06897e-01       1.792e+11  9.956640e-01 -8.307122e-03  5.835008e-02  4.336017e-03
-6.00000e+00  2.06897e-01       1.323e+11  9.870494e-01 -1.211708e-03  6.398241e-02  1.295062e-02
-5.58621e+00  2.06897e-01       2.308e+11  9.939198e-01 -5.798780e-03  5.606521e-02  6.080157e-03
-5.17241e+00  2.06897e-01       2.742e+11  9.965820e-01 -1.318686e-02  4.798897e-02  3.418011e-03
-4.75862e+00  2.06897e-01       2.268e+11  9.974813e-01 -2.149133e-02  4.111444e-02  2.518710e-03
-4.34483e+00  2.06897e-01       1.979e+11  9.981104e-01 -1.917139e-02  3.028017e-02  1.889625e-03
-3.93103e+00  2.06897e-01       4.280e+11  9.993607e-01 -6.235200e-03  1.413295e-02  6.392900e-04
-3.51724e+00  2.06897e-01       1.165e+12  9.997549e-01 -2.046470e-03  1.001504e-02  2.451034e-04
-3.10345e+00  2.06897e-01       1.961e+12  9.997976e-01 -1.411785e-03  8.239722e-03  2.023767e-04
-2.68966e+00  2.06897e-01       1.933e+12  9.997462e-01 -2.717673e-03  4.928453e-03  2.537833e-04
-2.27586e+00  2.06897e-01       1.627e+12  9.996916e-01 -7.645591e-03  1.608173e-03  3.083948e-04
-1.86207e+00  2.06897e-01       2.915e+12  9.998071e-01 -1.072035e-02  3.691884e-03  1.929392e-04
-1.44828e+00  2.06897e-01       8.956e+12  9.999002e-01 -8.919428e-03  3.690713e-03  9.983815e-05
-1.03448e+00  2.06897e-01       2.330e+13  9.999399e-01 -6.929737e-03  1.881821e-03  6.008355e-05
-6.20690e-01  2.06897e-01       4.304e+13  9.999574e-01 -5.305816e-03 -8.297318e-04  4.256737e-05
-2.06897e-01  2.06897e-01       5.724e+13  9.999541e-01 -4.099416e-03 -4.475422e-03  4.594069e-05
 2.06897e-01  2.06897e-01       5.677e+13  9.999262e-01 -3.288321e-03 -8.769323e-03  7.378274e-05
 6.20690e-01  2.06897e-01       4.187e+13  9.998748e-01 -2.758486e-03 -1.318903e-02  1.252489e-04
 1.03448e+00  2.06897e-01       2.203e+13  9.998046e-01 -2.390726e-03 -1.731943e-02  1.953855e-04
 1.44828e+00  2.06897e-01       7.954e+12  9.997194e-01 -2.049796e-03 -2.090266e-02  2.805720e-04
 1.86207e+00  2.06897e-01       2.190e+12  9.995967e-01 -1.264531e-03 -2.389654e-02  4.033414e-04
 2.27586e+00  2.06897e-01       1.143e+12  9.993896e-01 -1.273487e-05 -2.878157e-02  6.104026e-04
 2.68966e+00  2.06897e-01       1.719e+12  9.993948e-01  1.192900e-04 -3.110890e-02  6.052037e-04
 3.10345e+00  2.06897e-01       2.003e+12  9.994317e-01  7.984758e-04 -3.121838e-02  5.682673e-04
 3.51724e+00  2.06897e-01       1.320e+12  9.993493e-01  2.253745e-03 -3.200661e-02  6.507264e-04
 3.93103e+00  2.06897e-01       5.511e+11  9.987210e-01  4.134924e-03 -3.826757e-02  1.279032e-03
 4.34483e+00  2.06897e-01       2.658e+11  9.969212e-01 -2.320255e-03 -5.915200e-02  3.078786e-03
 4.75862e+00  2.06897e-01       2.751e+11  9.960968e-01 -1.447886e-02 -7.145234e-02  3.903171e-03
 5.17241e+00  2.06897e-01       3.159e+11  9.951927e-01 -1.610544e-02 -7.744663e-02  4.807326e-03
 5.58621e+00  2.06897e-01       2.691e+11  9.921815e-01 -1.820481e-02 -9.469104e-02  7.818486e-03
 6.00000e+00  2.06897e-01       1.801e+11  9.861411e-01 -2.767916e-02 -1.263004e-01  1.385892e-02
-6.00000e+00  6.20690e-01       1.512e+11  9.059683e-01  2.893687e-02  2.452390e-01  9.403175e-02
-5.58621e+00  6.20690e-01       2.421e+11  9.510979e-01 -2.192584e-02  1.930748e-01  4.890206e-02
-5.17241e+00  6.20690e-01       2.813e+11  9.715686e-01 -4.240752e-02  1.528891e-01  2.843136e-02
-4.75862e+00  6.20690e-01       2.306e+11  9.791069e-01 -4.982039e-02  1.310383e-01  2.089305e-02
-4.34483e+00  6.20690e-01       1.916e+11  9.825028e-01 -3.731022e-02  1.127853e-01  1.749722e-02
-3.93103e+00  6.20690e-01       3.759e+11  9.935868e-01 -1.310373e-02  6.411404e-02  6.413213e-03
-3.51724e+00  6.20690e-01       1.059e+12  9.980419e-01 -6.700789e-03  4.697135e-02  1.958124e-03
-3.10345e+00  6.20690e-01       1.921e+12  9.987499e-01 -6.138879e-03  4.268181e-02  1.250140e-03
-2.68966e+00  6.20690e-01       2.011e+12  9.988548e-01 -7.950192e-03  3.851857e-02  1.145164e-03
-2.27586e+00  6.20690e-01       1.571e+12  9.986826e-01 -1.402912e-02  3.468245e-02  1.317434e-03
-1.86207e+00  6.20690e-01       2.015e+12  9.986087e-01 -1.837663e-02  3.358672e-02  1.391345e-03
-1.44828e+00  6.20690e-01       5.223e+12  9.991593e-01 -1.504465e-02  2.564963e-02  8.407402e-04
-1.03448e+00  6.20690e-01       1.407e+13  9.995748e-01 -1.091383e-02  1.665661e-02  4.251829e-04
-6.20690e-01  6.20690e-01       2.810e+13  9.997645e-01 -7.208836e-03  7.900542e-03  2.354849e-04
-2.06897e-01  6.20690e-01       3.929e+13  9.998111e-01 -4.311450e-03 -2.121627e-03  1.889107e-04
 2.06897e-01  6.20690e-01       3.889e+13  9.997285e-01 -2.360817e-03 -1.314920e-02  2.714541e-04
 6.20690e-01  6.20690e-01       2.717e+13  9.995245e-01 -1.193407e-03 -2.414975e-02  4.754520e-04
 1.03448e+00  6.20690e-01       1.309e+13  9.992043e-01 -4.617354e-04 -3.464851e-02  7.957036e-04
 1.44828e+00  6.20690e-01       4.413e+12  9.986856e-01  4.755172e-04 -4.584417e-02  1.314400e-03
 1.86207e+00  6.20690e-01       1.373e+12  9.977065e-01  2.655857e-03 -6.057913e-02  2.293472e-03
 2.27586e+00  6.20690e-01       1.135e+12  9.971757e-01  3.654056e-03 -6.887534e-02  2.824272e-03
 2.68966e+00  6.20690e-01       1.840e+12  9.974601e-01  3.805466e-03 -6.749894e-02  2.539890e-03
 3.10345e+00  6.20690e-01       1.993e+12  9.975134e-01  5.200516e-03 -6.711642e-02  2.486580e-03
 3.51724e+00  6.20690e-01       1.220e+12  9.968700e-01  7.612444e-03 -7.033619e-02  3.129991e-03
 3.93103e+00  6.20690e-01       4.954e+11  9.929735e-01  8.630045e-03 -8.988178e-02  7.026517e-03
 4.34483e+00  6.20690e-01       2.587e+11  9.835102e-01 -1.029389e-02 -1.413570e-01  1.648984e-02
 4.75862e+00  6.20690e-01       2.901e+11  9.794367e-01 -3.033497e-02 -1.687291e-01  2.056329e-02
 5.17241e+00  6.20690e-01       3.412e+11  9.729741e-01 -2.827556e-02 -1.878306e-01  2.702586e-02
 5.58621e+00  6.20690e-01       2.900e+11  9.539343e-01 -2.392248e-02 -2.355297e-01  4.606571e-02
 6.00000e+00  6.20690e-01       1.950e+11  9.180893e-01 -2.621787e-02 -3.119037e-01  8.191074e-02
-6.00000e+00  1.03448e+00       1.752e+11  7.288767e-01  4.544645e-02  4.754548e-01  2.711233e-01
-5.58621e+00  1.03448e+00       2.372e+11  8.659229e-01 -2.764875e-02  3.064981e-01  1.340771e-01
-5.17241e+00  1.03448e+00       2.798e+11  9.320394e-01 -4.126373e-02  2.191684e-01  6.796060e-02
-4.75862e+00  1.03448e+00       2.479e+11  9.537681e-01 -4.228023e-02  1.985322e-01  4.623188e-02
-4.34483e+00  1.03448e+00       2.000e+11  9.546471e-01 -4.400264e-02  1.965469e-01  4.535288e-02
-3.93103e+00  1.03448e+00       2.959e+11  9.764967e-01 -2.324524e-02  1.198288e-01  2.350325e-02
-3.51724e+00  1.03448e+00       8.394e+11  9.940119e-01 -1.142276e-02  7.338688e-02  5.988147e-03
-3.10345e+00  1.03448e+00       1.767e+12  9.971460e-01 -1.065196e-02  6.382444e-02  2.854010e-03
-2.68966e+00  1.03448e+00       2.132e+12  9.976602e-01 -1.250175e-02  5.838215e-02  2.339791e-03
-2.27586e+00  1.03448e+00       1.655e+12  9.973943e-01 -1.863903e-02  5.408550e-02  2.605656e-03
-1.86207e+00  1.03448e+00       1.384e+12  9.962543e-01 -2.614045e-02  5.770231e-02  3.745724e-03
-1.44828e+00  1.03448e+00       1.899e+12  9.961914e-01 -2.380721e-02  5.410440e-02  3.808570e-03
-1.03448e+00  1.03448e+00       3.537e+12  9.977203e-01 -2.227220e-02  2.971607e-02  2.279697e-03
-6.20690e-01  1.03448e+00       6.842e+12  9.989201e-01 -2.078282e-02  8.596784e-03  1.079908e-03
-2.06897e-01  1.03448e+00       1.008e+13  9.993285e-01 -1.731661e-02 -5.515078e-03  6.715062e-04
 2.06897e-01  1.03448e+00       9.902e+12  9.992740e-01 -1.395307e-02 -1.860565e-02  7.260230e-04
 6.20690e-01  1.03448e+00       6.420e+12  9.988076e-01 -1.093467e-02 -3.347011e-02  1.192386e-03
 1.03448e+00  1.03448e+00       2.993e+12  9.975717e-01 -6.126361e-03 -5.428149e-02  2.428258e-03
 1.44828e+00  1.03448e+00       1.301e+12  9.952084e-01  1.502891e-03 -8.235562e-02  4.791560e-03
 1.86207e+00  1.03448e+00       8.578e+11  9.936971e-01  6.181435e-03 -9.706337e-02  6.302865e-03
 2.27586e+00  1.03448e+00       1.319e+12  9.949405e-01  6.471261e-03 -9.050024e-02  5.059492e-03
 2.68966e+00  1.03448e+00       2.051e+12  9.956698e-01  7.708435e-03 -8.719535e-02  4.330172e-03
 3.10345e+00  1.03448e+00       1.887e+12  9.955007e-01  1.006211e-02 -8.805754e-02  4.499253e-03
 3.51724e+00  1.03448e+00       1.002e+12  9.929281e-01  1.328018e-02 -9.768833e-02  7.071866e-03
 3.93103e+00  1.03448e+00       4.027e+11  9.801980e-01  9.501835e-03 -1.425676e-01  1.980196e-02
 4.34483e+00  1.03448e+00       2.534e+11  9.609533e-01 -2.239280e-02 -2.166390e-01  3.904666e-02
 4.75862e+00  1.03448e+00       2.972e+11  9.558919e-01 -3.613633e-02 -2.456421e-01  4.410812e-02
 5.17241e+00  1.03448e+00       3.368e+11  9.393070e-01 -2.651616e-02 -2.740436e-01  6.069304e-02
 5.58621e+00  1.03448e+00       2.710e+11  8.832032e-01 -9.874499e-03 -3.494164e-01  1.167968e-01
 6.00000e+00  1.03448e+00       1.746e+11  7.470916e-01  1.539460e-02 -4.958854e-01  2.529084e-01
-6.00000e+00  1.44828e+00       1.552e+11  5.239020e-01 -4.040949e-02  5.781199e-01  4.760980e-01
-5.58621e+00  1.44828e+00       2.411e+11  7.825989e-01 -1.793935e-02  4.135577e-01  2.174011e-01
-5.17241e+00  1.44828e+00       3.271e+11  8.830888e-01 -3.219286e-02  3.283699e-01  1.169112e-01
-4.75862e+00  1.44828e+00       3.097e+11  9.174851e-01 -6.042276e-02  2.882544e-01  8.251491e-02
-4.34483e+00  1.44828e+00       2.298e+11  9.181038e-01 -7.387895e-02  2.746013e-01  8.189624e-02
-3.93103e+00  1.44828e+00       2.238e+11  9.363245e-01 -4.219387e-02  1.976019e-01  6.367546e-02
-3.51724e+00  1.44828e+00       5.423e+11  9.838657e-01 -1.466870e-02  8.839561e-02  1.613428e-02
-3.10345e+00  1.44828e+00       1.389e+12  9.958055e-01 -1.332181e-02  6.205100e-02  4.194491e-03
-2.68966e+00  1.44828e+00       2.142e+12  9.975579e-01 -1.577307e-02  5.301500e-02  2.442119e-03
-2.27586e+00  1.44828e+00       1.923e+12  9.975585e-01 -2.147431e-02  4.605345e-02  2.441455e-03
-1.86207e+00  1.44828e+00       1.322e+12  9.960673e-01 -3.364896e-02  4.525956e-02  3.932718e-03
-1.44828e+00  1.44828e+00       1.329e+12  9.943984e-01 -3.600552e-02  5.915687e-02  5.601645e-03
-1.03448e+00  1.44828e+00       1.738e+12  9.946166e-01 -1.719905e-02  6.668403e-02  5.383407e-03
-6.20690e-01  1.44828e+00       1.824e+12  9.951134e-01  8.009124e-03  5.814773e-02  4.886573e-03
-2.06897e-01  1.44828e+00       1.575e+12  9.953971e-01  3.095191e-02  2.666180e-02  4.602930e-03
 2.06897e-01  1.44828e+00       1.471e+12  9.954593e-01  3.644211e-02 -2.486855e-02  4.540750e-03
 6.20690e-01  1.44828e+00       1.496e+12  9.948667e-01  2.457226e-02 -6.535694e-02  5.133337e-03
 1.03448e+00  1.44828e+00       1.242e+12  9.933213e-01  1.093367e-02 -8.870425e-02  6.678682e-03
 1.44828e+00  1.44828e+00       8.350e+11  9.912433e-01  3.421676e-03 -1.005279e-01  8.756732e-03
 1.86207e+00  1.44828e+00       9.500e+11  9.929562e-01  5.810413e-03 -8.976817e-02  7.043777e-03
 2.27586e+00  1.44828e+00       1.747e+12  9.954941e-01  8.805178e-03 -7.986323e-02  4.505863e-03
 2.68966e+00  1.44828e+00       2.195e+12  9.960145e-01  1.160095e-02 -7.913773e-02  3.985489e-03
 3.10345e+00  1.44828e+00       1.562e+12  9.947225e-01  1.517031e-02 -8.492970e-02  5.277460e-03
 3.51724e+00  1.44828e+00       6.974e+11  9.858520e-01  1.891243e-02 -1.141266e-01  1.414803e-02
 3.93103e+00  1.44828e+00       3.169e+11  9.550766e-01  1.272984e-03 -2.091597e-01  4.492335e-02
 4.34483e+00  1.44828e+00       2.873e+11  9.343756e-01 -4.486520e-02 -2.866085e-01  6.562436e-02
 4.75862e+00  1.44828e+00       3.641e+11  9.291822e-01 -5.158018e-02 -3.090275e-01  7.081781e-02
 5.17241e+00  1.44828e+00       3.706e+11  8.993770e-01 -4.247565e-02 -3.471005e-01  1.006230e-01
 5.58621e+00  1.44828e+00       2.774e+11  8.089928e-01 -4.798042e-02 -4.400770e-01  1.910072e-01
 6.00000e+00  1.44828e+00       1.956e+11  6.015788e-01 -5.097062e-02 -6.102434e-01  3.984212e-01
-6.00000e+00  1.86207e+00       2.398e+11  3.803093e-01  1.450039e-01  7.037153e-01  6.196907e-01
-5.58621e+00  1.86207e+00       2.733e+11  6.154732e-01  2.628292e-02  5.397591e-01  3.845268e-01
-5.17241e+00  1.86207e+00       3.445e+11  7.987988e-01 -3.231845e-02  3.877712e-01  2.012012e-01
-4.75862e+00  1.86207e+00       3.513e+11  8.864107e-01 -4.854479e-02  3.149643e-01  1.135893e-01
-4.34483e+00  1.86207e+00       2.822e+11  9.020923e-01 -6.524806e-02  3.081265e-01  9.790773e-02
-3.93103e+00  1.86207e+00       2.135e+11  8.890370e-01 -6.197170e-02  2.920010e-01  1.109630e-01
-3.51724e+00  1.86207e+00       2.915e+11  9.453955e-01 -2.231844e-02  1.295928e-01  5.460448e-02
-3.10345e+00  1.86207e+00       8.064e+11  9.905925e-01 -1.246179e-02  3.417442e-02  9.407516e-03
-2.68966e+00  1.86207e+00       1.740e+12  9.976337e-01 -1.636754e-02  1.163771e-02  2.366345e-03
-2.27586e+00  1.86207e+00       2.182e+12  9.981951e-01 -2.191735e-02 -8.054172e-04  1.804894e-03
-1.86207e+00  1.86207e+00       1.631e+12  9.969615e-01 -3.152582e-02 -8.939000e-03  3.038533e-03
-1.44828e+00  1.86207e+00       9.407e+11  9.927391e-01 -4.703213e-02 -7.417590e-03  7.260887e-03
-1.03448e+00  1.86207e+00       7.379e+11  9.873100e-01 -6.781610e-02 -6.305864e-03  1.269004e-02
-6.20690e-01  1.86207e+00       9.261e+11  9.878436e-01 -8.425880e-02 -1.739957e-02  1.215639e-02
-2.06897e-01  1.86207e+00       1.146e+12  9.898583e-01 -8.674851e-02 -2.827088e-02  1.014175e-02
 2.06897e-01  1.86207e+00       1.061e+12  9.892950e-01 -8.248714e-02 -4.212655e-02  1.070501e-02
 6.20690e-01  1.86207e+00       7.206e+11  9.851191e-01 -6.871543e-02 -6.175575e-02  1.488089e-02
 1.03448e+00  1.86207e+00       4.787e+11  9.807548e-01 -2.939314e-02 -7.876210e-02  1.924518e-02
 1.44828e+00  1.86207e+00       6.713e+11  9.892679e-01  2.735524e-03 -5.151120e-02  1.073209e-02
 1.86207e+00  1.86207e+00       1.457e+12  9.963042e-01  8.575752e-03 -2.908904e-02  3.695840e-03
 2.27586e+00  1.86207e+00       2.199e+12  9.980361e-01  1.271188e-02 -2.707106e-02  1.963881e-03
 2.68966e+00  1.86207e+00       1.904e+12  9.975772e-01  1.682611e-02 -3.392122e-02  2.422848e-03
 3.10345e+00  1.86207e+00       9.859e+11  9.919740e-01  2.217089e-02 -5.813906e-02  8.026015e-03
 3.51724e+00  1.86207e+00       4.177e+11  9.640037e-01  2.080116e-02 -1.487751e-01  3.599625e-02
 3.93103e+00  1.86207e+00       2.817e+11  9.233551e-01 -2.212894e-02 -2.787369e-01  7.664489e-02
 4.34483e+00  1.86207e+00       3.320e+11  9.190621e-01 -5.413631e-02 -3.204525e-01  8.093789e-02
 4.75862e+00  1.86207e+00       4.136e+11  9.052248e-01 -4.482045e-02 -3.497543e-01  9.477522e-02
 5.17241e+00  1.86207e+00       3.948e+11  8.373232e-01 -2.787172e-02 -4.217805e-01  1.626768e-01
 5.58621e+00  1.86207e+00       2.952e+11  6.823791e-01 -6.139367e-03 -5.655930e-01  3.176209e-01
 6.00000e+00  1.86207e+00       2.252e+11  4.374594e-01  1.824979e-02 -7.111272e-01  5.625406e-01
-6.00000e+00  2.27586e+00       2.316e+11  1.548875e-01  2.123490e-02  7.246254e-01  8.451125e-01
-5.58621e+00  2.27586e+00       2.676e+11  4.768079e-01 -6.254257e-03  6.166782e-01  5.231921e-01
-5.17241e+00  2.27586e+00       3.764e+11  7.046251e-01 -4.879490e-02  4.782262e-01  2.953749e-01
-4.75862e+00  2.27586e+00       4.224e+11  8.339269e-01 -6.325877e-02  3.680881e-01  1.660731e-01
-4.34483e+00  2.27586e+00       3.622e+11  8.880113e-01 -7.110597e-02  3.203384e-01  1.119887e-01
-3.93103e+00  2.27586e+00       2.669e+11  8.775614e-01 -7.104774e-02  3.287752e-01  1.224386e-01
-3.51724e+00  2.27586e+00       2.040e+11  8.667589e-01 -4.149305e-02  2.660586e-01  1.332411e-01
-3.10345e+00  2.27586e+00       3.125e+11  9.485483e-01 -1.227780e-03  3.147306e-02  5.145167e-02
-2.68966e+00  2.27586e+00       8.501e+11  9.876118e-01 -6.350544e-03 -7.131463e-02  1.238817e-02
-2.27586e+00  2.27586e+00       1.713e+12  9.902882e-01 -1.715714e-02 -1.042772e-01  9.711824e-03
-1.86207e+00  2.27586e+00       2.031e+12  9.873139e-01 -2.920348e-02 -1.280088e-01  1.268612e-02
-1.44828e+00  2.27586e+00       1.454e+12  9.820449e-01 -4.939090e-02 -1.462443e-01  1.795512e-02
-1.03448e+00  2.27586e+00       8.278e+11  9.762227e-01 -8.205787e-02 -1.376192e-01  2.377735e-02
-6.20690e-01  2.27586e+00       6.258e+11  9.775752e-01 -9.453524e-02 -8.764631e-02  2.242485e-02
-2.06897e-01  2.27586e+00       5.904e+11  9.810775e-01 -7.822487e-02 -6.033187e-02  1.892248e-02
 2.06897e-01  2.27586e+00       5.172e+11  9.779330e-01 -6.999403e-02 -6.509238e-02  2.206696e-02
 6.20690e-01  2.27586e+00       4.478e+11  9.696490e-01 -6.709716e-02 -4.523137e-02  3.035105e-02
 1.03448e+00  2.27586e+00       6.551e+11  9.759437e-01 -2.790938e-02  5.796154e-02  2.405626e-02
 1.44828e+00  2.27586e+00       1.383e+12  9.869832e-01  2.759734e-03  1.034706e-01  1.301685e-02
 1.86207e+00  2.27586e+00       2.095e+12  9.914849e-01  1.400544e-02  9.999174e-02  8.515133e-03
 2.27586e+00  2.27586e+00       1.879e+12  9.931592e-01  1.964198e-02  8.285560e-02  6.840805e-03
 2.68966e+00  2.27586e+00       1.030e+12  9.908129e-01  2.581238e-02  4.742093e-02  9.187108e-03
 3.10345e+00  2.27586e+00       4.542e+11  9.688448e-01  3.283128e-02 -6.024139e-02  3.115523e-02
 3.51724e+00  2.27586e+00       2.913e+11  9.221789e-01  3.495317e-03 -2.375223e-01  7.782108e-02
 3.93103e+00  2.27586e+00       3.164e+11  9.097776e-01 -4.893679e-02 -3.107406e-01  9.022238e-02
 4.34483e+00  2.27586e+00       4.313e+11  9.091091e-01 -5.753604e-02 -3.407184e-01  9.089091e-02
 4.75862e+00  2.27586e+00       5.077e+11  8.698613e-01 -4.570008e-02 -3.974328e-01  1.301387e-01
 5.17241e+00  2.27586e+00       4.522e+11  7.648761e-01 -4.079803e-02 -5.111166e-01  2.351239e-01
 5.58621e+00  2.27586e+00       3.538e+11  5.991743e-01 -3.963082e-02 -6.657572e-01  4.008257e-01
 6.00000e+00  2.27586e+00       3.183e+11  3.651210e-01 -2.421820e-02 -7.786337e-01  6.348790e-01
-6.00000e+00  2.68966e+00       4.157e+11  5.654236e-02 -3.568312e-02  8.822314e-01  9.434576e-01
-5.58621e+00  2.68966e+00       3.165e+11  2.994884e-01 -2.710266e-02  7.743615e-01  7.005116e-01
-5.17241e+00  2.68966e+00       3.813e+11  5.935282e-01 -4.816674e-02  5.796242e-01  4.064718e-01
-4.75862e+00  2.68966e+00       4.768e+11  7.793624e-01 -6.063633e-02  4.191457e-01  2.206376e-01
-4.34483e+00  2.68966e+00       4.626e+11  8.749934e-01 -6.849039e-02  3.223766e-01  1.250066e-01
-3.93103e+00  2.68966e+00       3.660e+11  8.976147e-01 -7.498821e-02  3.021336e-01  1.023853e-01
-3.51724e+00  2.68966e+00       2.619e+11  8.630526e-01 -6.393260e-02  3.210595e-01  1.369474e-01
-3.10345e+00  2.68966e+00       1.843e+11  8.397949e-01 -1.988555e-02  2.331644e-01  1.602051e-01
-2.68966e+00  2.68966e+00       2.169e+11  9.090890e-01  3.684134e-02 -7.131710e-02  9.091098e-02
-2.27586e+00  2.68966e+00       5.159e+11  9.417303e-01  2.227287e-02 -2.582008e-01  5.826974e-02
-1.86207e+00  2.68966e+00       1.116e+12  9.254608e-01 -1.586939e-04 -3.373466e-01  7.453919e-02
-1.44828e+00  2.68966e+00       1.569e+12  8.960481e-01 -2.574122e-02 -3.981148e-01  1.039519e-01
-1.03448e+00  2.68966e+00       1.364e+12  8.516422e-01 -7.026393e-02 -4.496539e-01  1.483578e-01
-6.20690e-01  2.68966e+00       7.754e+11  7.784020e-01 -1.518031e-01 -4.532164e-01  2.215980e-01
-2.06897e-01  2.68966e+00       3.894e+11  6.794804e-01 -2.582761e-01 -1.972286e-01  3.205196e-01
 2.06897e-01  2.68966e+00       4.007e+11  7.084973e-01 -1.979312e-01  3.489639e-01  2.915027e-01
 6.20690e-01  2.68966e+00       7.978e+11  8.097465e-01 -6.795865e-02  4.826658e-01  1.902535e-01
 1.03448e+00  2.68966e+00       1.406e+12  8.702919e-01 -5.175388e-03  4.424337e-01  1.297081e-01
 1.44828e+00  2.68966e+00       1.669e+12  9.074222e-01  1.957304e-02  3.829257e-01  9.257780e-02
 1.86207e+00  2.68966e+00       1.264e+12  9.332135e-01  2.778989e-02  3.185617e-01  6.678647e-02
 2.27586e+00  2.68966e+00       6.632e+11  9.512730e-01  3.569382e-02  2.267768e-01  4.872698e-02
 2.68966e+00  2.68966e+00       3.460e+11  9.484628e-01  4.882210e-02  3.709707e-02  5.153716e-02
 3.10345e+00  2.68966e+00       2.794e+11  9.189741e-01  2.173068e-02 -1.845737e-01  8.102594e-02
 3.51724e+00  2.68966e+00       3.080e+11  9.093495e-01 -3.724791e-02 -2.672136e-01  9.065046e-02
 3.93103e+00  2.68966e+00       4.196e+11  9.202691e-01 -6.189640e-02 -2.928069e-01  7.973085e-02
 4.34483e+00  2.68966e+00       5.561e+11  9.046182e-01 -5.205400e-02 -3.395174e-01  9.538180e-02
 4.75862e+00  2.68966e+00       5.611e+11  8.318677e-01 -4.485136e-02 -4.305629e-01  1.681323e-01
 5.17241e+00  2.68966e+00       4.565e+11  6.795595e-01 -4.940110e-02 -5.868319e-01  3.204405e-01
 5.58621e+00  2.68966e+00       3.844e+11  4.482692e-01 -4.368096e-02 -7.553275e-01  5.517308e-01
 6.00000e+00  2.68966e+00       4.475e+11  1.402627e-01 -2.232141e-02 -8.633829e-01  8.597373e-01
-6.00000e+00  3.10345e+00       6.031e+11  7.811383e-02  3.893366e-02  8.877198e-01  9.218862e-01
-5.58621e+00  3.10345e+00       4.164e+11  2.476201e-01  7.383377e-02  8.329664e-01  7.523799e-01
-5.17241e+00  3.10345e+00       3.866e+11  4.719145e-01  2.675810e-02  6.909858e-01  5.280855e-01
-4.75862e+00  3.10345e+00       4.858e+11  7.047489e-01 -3.172534e-02  4.877393e-01  2.952511e-01
-4.34483e+00  3.10345e+00       5.529e+11  8.486607e-01 -5.521066e-02  3.333600e-01  1.513393e-01
-3.93103e+00  3.10345e+00       4.938e+11  9.137854e-01 -7.054129e-02  2.522401e-01  8.621458e-02
-3.51724e+00  3.10345e+00       3.814e+11  9.135699e-01 -7.116269e-02  2.518669e-01  8.643013e-02
-3.10345e+00  3.10345e+00       2.732e+11  8.633800e-01 -5.055667e-02  2.797653e-01  1.366200e-01
-2.68966e+00  3.10345e+00       1.751e+11  8.071280e-01 -1.197717e-04  2.077894e-01  1.928720e-01
-2.27586e+00  3.10345e+00       1.236e+11  8.053929e-01  1.171364e-01 -7.265564e-02  1.946071e-01
-1.86207e+00  3.10345e+00       1.366e+11  8.037581e-01  1.593446e-01 -3.825163e-01  1.962419e-01
-1.44828e+00  3.10345e+00       2.035e+11  6.688597e-01  1.337896e-01 -5.878947e-01  3.311403e-01
-1.03448e+00  3.10345e+00       3.110e+11  4.222436e-01  1.526481e-01 -6.978920e-01  5.777564e-01
-6.20690e-01  3.10345e+00       4.020e+11  1.128953e-01  2.010149e-01 -6.240081e-01  8.871047e-01
-2.06897e-01  3.10345e+00       4.363e+11 -1.519610e-01  2.375891e-01 -2.429683e-01  8.480390e-01
 2.06897e-01  3.10345e+00       4.503e+11 -1.323775e-01  2.133221e-01  3.226766e-01  8.676225e-01
 6.20690e-01  3.10345e+00       4.422e+11  1.541469e-01  1.399330e-01  6.557339e-01  8.458531e-01
 1.03448e+00  3.10345e+00       3.746e+11  4.737415e-01  7.863501e-02  6.725176e-01  5.262585e-01
 1.44828e+00  3.10345e+00       2.842e+11  7.211236e-01  6.591085e-02  5.251653e-01  2.788764e-01
 1.86207e+00  3.10345e+00       2.261e+11  8.562653e-01  9.177837e-02  3.264339e-01  1.437347e-01
 2.27586e+00  3.10345e+00       2.249e+11  9.052796e-01  9.109358e-02  6.660733e-02  9.472040e-02
 2.68966e+00  3.10345e+00       2.651e+11  9.125630e-01  3.629271e-02 -1.306259e-01  8.743701e-02
 3.10345e+00  3.10345e+00       3.070e+11  9.141563e-01 -2.801172e-02 -1.916428e-01  8.584368e-02
 3.51724e+00  3.10345e+00       4.110e+11  9.336200e-01 -6.106372e-02 -2.103974e-01  6.638005e-02
 3.93103e+00  3.10345e+00       5.858e+11  9.370497e-01 -5.435393e-02 -2.544162e-01  6.295033e-02
 4.34483e+00  3.10345e+00       6.429e+11  8.945272e-01 -4.309657e-02 -3.284208e-01  1.054728e-01
 4.75862e+00  3.10345e+00       5.356e+11  7.746389e-01 -3.971040e-02 -4.724141e-01  2.253611e-01
 5.17241e+00  3.10345e+00       4.205e+11  5.835605e-01 -2.983636e-02 -6.676171e-01  4.164395e-01
 5.58621e+00  3.10345e+00       4.073e+11  3.514077e-01 -6.504142e-03 -8.071498e-01  6.485923e-01
 6.00000e+00  3.10345e+00       5.712e+11  8.498392e-02 -1.030797e-02 -8.873365e-01  9.150161e-01
-6.00000e+00  3.51724e+00       9.060e+11  8.432186e-02  1.397664e-02  9.174415e-01  9.156781e-01
-5.58621e+00  3.51724e+00       6.120e+11  2.275877e-01  6.008438e-02  8.709920e-01  7.724123e-01
-5.17241e+00  3.51724e+00       4.399e+11  3.804263e-01  6.951976e-02  7.917249e-01  6.195737e-01
-4.75862e+00  3.51724e+00       4.566e+11  5.922612e-01  1.943740e-03  6.044023e-01  4.077388e-01
-4.34483e+00  3.51724e+00       5.740e+11  7.868982e-01 -4.240944e-02  3.825336e-01  2.131018e-01
-3.93103e+00  3.51724e+00       6.137e+11  8.992723e-01 -5.941727e-02  2.218902e-01  1.007277e-01
-3.51724e+00  3.51724e+00       5.267e+11  9.468810e-01 -7.177349e-02  1.395902e-01  5.311904e-02
-3.10345e+00  3.51724e+00       4.123e+11  9.410064e-01 -6.284851e-02  1.462125e-01  5.899357e-02
-2.68966e+00  3.51724e+00       3.095e+11  8.850776e-01 -3.958172e-02  1.949696e-01  1.149224e-01
-2.27586e+00  3.51724e+00       1.997e+11  7.902532e-01 -1.077808e-02  1.834474e-01  2.097468e-01
-1.86207e+00  3.51724e+00       1.148e+11  6.759377e-01  1.344253e-01  3.512581e-03  3.240623e-01
-1.44828e+00  3.51724e+00       8.009e+10  5.823557e-01  3.727024e-01 -3.209101e-01  4.176443e-01
-1.03448e+00  3.51724e+00       7.345e+10  4.292252e-01  4.273471e-01 -5.427389e-01  5.707748e-01
-6.20690e-01  3.51724e+00       7.016e+10  1.335499e-01  3.825946e-01 -5.367261e-01  8.664501e-01
-2.06897e-01  3.51724e+00       6.488e+10 -2.001734e-01  3.337404e-01 -1.959438e-01  7.998266e-01
 2.06897e-01  3.51724e+00       6.459e+10 -2.904128e-01  2.776190e-01  3.261000e-01  7.095872e-01
 6.20690e-01  3.51724e+00       7.046e+10 -5.676390e-02  2.578794e-01  5.891843e-01  9.432361e-01
 1.03448e+00  3.51724e+00       8.548e+10  3.527170e-01  2.877219e-01  5.083827e-01  6.472830e-01
 1.44828e+00  3.51724e+00       1.281e+11  7.168267e-01  2.441643e-01  2.641004e-01  2.831733e-01
 1.86207e+00  3.51724e+00       2.067e+11  8.754938e-01  1.235693e-01  5.624503e-02  1.245062e-01
 2.27586e+00  3.51724e+00       2.745e+11  9.075847e-01  2.845023e-02 -4.753118e-02  9.241531e-02
 2.68966e+00  3.51724e+00       3.042e+11  9.100477e-01 -3.127992e-02 -6.359667e-02  8.995231e-02
 3.10345e+00  3.51724e+00       4.079e+11  9.415495e-01 -5.851088e-02 -7.605424e-02  5.845051e-02
 3.51724e+00  3.51724e+00       6.183e+11  9.616212e-01 -5.298829e-02 -1.323965e-01  3.837885e-02
 3.93103e+00  3.51724e+00       7.225e+11  9.388128e-01 -4.347572e-02 -2.096620e-01  6.118725e-02
 4.34483e+00  3.51724e+00       6.270e+11  8.495325e-01 -4.197263e-02 -3.519218e-01  1.504675e-01
 4.75862e+00  3.51724e+00       4.945e+11  6.881053e-01 -3.856416e-02 -5.686104e-01  3.118947e-01
 5.17241e+00  3.51724e+00       4.435e+11  5.082399e-01 -1.388824e-02 -7.414082e-01  4.917601e-01
 5.58621e+00  3.51724e+00       5.532e+11  2.757864e-01 -4.368485e-03 -8.501298e-01  7.242136e-01
 6.00000e+00  3.51724e+00       8.762e+11  6.671101e-02 -1.659337e-02 -9.234889e-01  9.332890e-01
-6.00000e+00  3.93103e+00       1.288e+12  1.218012e-01 -3.226943e-03  9.389241e-01  8.781988e-01
-5.58621e+00  3.93103e+00       9.475e+11  2.458142e-01  2.956997e-02  8.899315e-01  7.541858e-01
-5.17241e+00  3.93103e+00       6.231e+11  3.731440e-01  7.548645e-02  8.309850e-01  6.268560e-01
-4.75862e+00  3.93103e+00       4.644e+11  5.002031e-01  6.118854e-02  7.319193e-01  4.997969e-01
-4.34483e+00  3.93103e+00       5.069e+11  6.835556e-01 -1.215112e-02  5.097322e-01  3.164444e-01
-3.93103e+00  3.93103e+00       6.312e+11  8.427163e-01 -4.794500e-02  2.584165e-01  1.572837e-01
-3.51724e+00  3.93103e+00       6.629e+11  9.284473e-01 -6.106392e-02  7.374904e-02  7.155269e-02
-3.10345e+00  3.93103e+00       5.662e+11  9.619908e-01 -7.360102e-02 -3.302644e-02  3.800918e-02
-2.68966e+00  3.93103e+00       4.490e+11  9.628869e-01 -5.979869e-02 -5.004737e-02  3.711306e-02
-2.27586e+00  3.93103e+00       3.687e+11  9.268618e-01 -1.898067e-02  1.287744e-02  7.313817e-02
-1.86207e+00  3.93103e+00       2.838e+11  8.391750e-01 -2.345484e-02  9.808037e-02  1.608250e-01
-1.44828e+00  3.93103e+00       1.769e+11  6.773967e-01 -5.550898e-02  1.672771e-01  3.226033e-01
-1.03448e+00  3.93103e+00       1.017e+11  4.349881e-01  1.044716e-01  2.052529e-01  5.650119e-01
-6.20690e-01  3.93103e+00       7.976e+10  2.468987e-01  5.531664e-01  2.014390e-01  7.531013e-01
-2.06897e-01  3.93103e+00       8.358e+10  2.153465e-01  7.904419e-01  2.237941e-01  7.846535e-01
 2.06897e-01  3.93103e+00       9.601e+10  3.480370e-01  7.052996e-01  2.950238e-01  6.519630e-01
 6.20690e-01  3.93103e+00       1.291e+11  6.245881e-01  4.013430e-01  3.092467e-01  3.754119e-01
 1.03448e+00  3.93103e+00       1.987e+11  8.265603e-01  1.277898e-01  2.351442e-01  1.734397e-01
 1.44828e+00  3.93103e+00       2.661e+11  8.740214e-01  8.191428e-03  1.540560e-01  1.259786e-01
 1.86207e+00  3.93103e+00       2.690e+11  8.427132e-01 -2.442589e-02  1.171013e-01  1.572868e-01
 2.27586e+00  3.93103e+00       2.742e+11  8.416353e-01 -3.657932e-02  1.433819e-01  1.583647e-01
 2.68966e+00  3.93103e+00       4.239e+11  9.255144e-01 -5.093932e-02  1.164088e-01  7.448559e-02
 3.10345e+00  3.93103e+00       6.741e+11  9.694434e-01 -4.800412e-02  3.871606e-02  3.055656e-02
 3.51724e+00  3.93103e+00       7.808e+11  9.632935e-01 -4.272643e-02 -5.131410e-02  3.670651e-02
 3.93103e+00  3.93103e+00       6.743e+11  8.982872e-01 -4.545377e-02 -2.093645e-01  1.017128e-01
 4.34483e+00  3.93103e+00       5.378e+11  7.660293e-01 -4.685231e-02 -4.573905e-01  2.339707e-01
 4.75862e+00  3.93103e+00       4.776e+11  6.277742e-01 -2.180603e-02 -6.571486e-01  3.722258e-01
 5.17241e+00  3.93103e+00       5.455e+11  4.534293e-01 -7.753037e-04 -7.809578e-01  5.465707e-01
 5.58621e+00  3.93103e+00       8.518e+11  2.395725e-01 -1.288048e-02 -8.882463e-01  7.604275e-01
 6.00000e+00  3.93103e+00       1.301e+12  9.982601e-02 -1.705225e-02 -9.483264e-01  9.001740e-01
-6.00000e+00  4.34483e+00       1.656e+12  1.833462e-01 -1.065263e-02  9.484084e-01  8.166538e-01
-5.58621e+00  4.34483e+00       1.397e+12  2.847999e-01  3.894738e-03  9.010299e-01  7.152001e-01
-5.17241e+00  4.34483e+00       9.941e+11  4.071248e-01  4.307761e-02  8.333942e-01  5.928752e-01
-4.75862e+00  4.34483e+00       6.418e+11  5.111690e-01  8.703815e-02  7.652258e-01  4.888310e-01
-4.34483e+00  4.34483e+00       4.747e+11  6.030454e-01  6.099661e-02  6.638365e-01  3.969546e-01
-3.93103e+00  4.34483e+00       5.112e+11  7.417549e-01 -1.651746e-02  4.246930e-01  2.582451e-01
-3.51724e+00  4.34483e+00       6.335e+11  8.622026e-01 -5.229877e-02  1.259256e-01  1.377974e-01
-3.10345e+00  4.34483e+00       6.865e+11  9.157962e-01 -6.108413e-02 -1.090452e-01  8.420379e-02
-2.68966e+00  4.34483e+00       6.081e+11  9.193036e-01 -7.476405e-02 -2.676704e-01  8.069637e-02
-2.27586e+00  4.34483e+00       4.752e+11  9.033271e-01 -8.329648e-02 -3.589294e-01  9.667294e-02
-1.86207e+00  4.34483e+00       3.671e+11  8.813075e-01 -3.258651e-02 -3.852329e-01  1.186925e-01
-1.44828e+00  4.34483e+00       3.206e+11  8.513473e-01  7.352875e-02 -3.738742e-01  1.486527e-01
-1.03448e+00  4.34483e+00       3.303e+11  8.440331e-01  1.064966e-01 -3.333585e-01  1.559669e-01
-6.20690e-01  4.34483e+00       3.349e+11  8.624129e-01  2.952455e-02 -2.543980e-01  1.375871e-01
-2.06897e-01  4.34483e+00       3.063e+11  8.637553e-01 -7.241616e-02 -1.795512e-01  1.362447e-01
 2.06897e-01  4.34483e+00       2.659e+11  7.964463e-01 -1.011192e-01 -1.832137e-01  2.035537e-01
 6.20690e-01  4.34483e+00       2.214e+11  6.294021e-01 -7.874882e-03 -2.234260e-01  3.705979e-01
 1.03448e+00  4.34483e+00       1.779e+11  4.309636e-01  1.350327e-01 -1.103052e-01  5.690364e-01
 1.44828e+00  4.34483e+00       1.738e+11  4.445774e-01  1.182958e-01  2.478172e-01  5.554226e-01
 1.86207e+00  4.34483e+00       2.804e+11  7.031207e-01 -1.259413e-02  4.345907e-01  2.968793e-01
 2.27586e+00  4.34483e+00       5.202e+11  8.667011e-01 -4.649871e-02  3.690484e-01  1.332989e-01
 2.68966e+00  4.34483e+00       7.510e+11  9.313697e-01 -4.475832e-02  2.691764e-01  6.863031e-02
 3.10345e+00  4.34483e+00       7.787e+11  9.461563e-01 -4.504214e-02  1.521929e-01  5.384366e-02
 3.51724e+00  4.34483e+00       6.426e+11  9.070072e-01 -5.435186e-02 -5.395950e-02  9.299280e-02
 3.93103e+00  4.34483e+00       5.294e+11  8.128742e-01 -5.742692e-02 -3.510778e-01  1.871258e-01
 4.34483e+00  4.34483e+00       4.910e+11  7.211765e-01 -2.667838e-02 -5.608339e-01  2.788235e-01
 4.75862e+00  4.34483e+00       5.455e+11  6.040505e-01  1.958205e-03 -6.827661e-01  3.959495e-01
 5.17241e+00  4.34483e+00       8.249e+11  4.124125e-01 -1.005170e-02 -8.186352e-01  5.875875e-01
 5.58621e+00  4.34483e+00       1.342e+12  2.607721e-01 -1.789259e-02 -9.132494e-01  7.392279e-01
 6.00000e+00  4.34483e+00       1.736e+12  1.680351e-01 -9.857766e-03 -9.564145e-01  8.319649e-01
-6.00000e+00  4.75862e+00       1.792e+12  2.565848e-01 -9.905406e-03  9.421769e-01  7.434152e-01
-5.58621e+00  4.75862e+00       1.770e+12  3.409866e-01 -9.976368e-03  8.987930e-01  6.590134e-01
-5.17241e+00  4.75862e+00       1.481e+12  4.509164e-01  1.170462e-02  8.259566e-01  5.490836e-01
-4.75862e+00  4.75862e+00       1.069e+12  5.693483e-01  5.521353e-02  7.382790e-01  4.306517e-01
-4.34483e+00  4.75862e+00       6.825e+11  6.460626e-01  9.679598e-02  6.682225e-01  3.539374e-01
-3.93103e+00  4.75862e+00       4.684e+11  6.947235e-01  7.577644e-02  5.888603e-01  3.052765e-01
-3.51724e+00  4.75862e+00       4.591e+11  7.740380e-01 -6.765893e-03  3.829454e-01  2.259620e-01
-3.10345e+00  4.75862e+00       5.467e+11  8.364771e-01 -5.790158e-02  3.922704e-02  1.635229e-01
-2.68966e+00  4.75862e+00       6.291e+11  8.347665e-01 -6.756923e-02 -2.874333e-01  1.652335e-01
-2.27586e+00  4.75862e+00       6.160e+11  7.683671e-01 -6.669156e-02 -5.174866e-01  2.316329e-01
-1.86207e+00  4.75862e+00       5.182e+11  6.505662e-01 -9.013955e-02 -6.848368e-01  3.494338e-01
-1.44828e+00  4.75862e+00       3.960e+11  5.047470e-01 -1.155852e-01 -7.970289e-01  4.952530e-01
-1.03448e+00  4.75862e+00       2.785e+11  3.058662e-01 -7.619203e-02 -8.629372e-01  6.941338e-01
-6.20690e-01  4.75862e+00       2.101e+11  1.174965e-02  3.456331e-02 -8.712135e-01  9.882504e-01
-2.06897e-01  4.75862e+00       1.856e+11 -2.779469e-01  1.164985e-01 -7.477099e-01  7.220531e-01
 2.06897e-01  4.75862e+00       1.712e+11 -4.440457e-01  1.419212e-01 -3.917198e-01  5.559543e-01
 6.20690e-01  4.75862e+00       1.850e+11 -2.668869e-01  9.562235e-02  2.470138e-01  7.331131e-01
 1.03448e+00  4.75862e+00       2.803e+11  1.706895e-01 -5.408235e-03  7.061938e-01  8.293105e-01
 1.44828e+00  4.75862e+00       4.619e+11  4.764546e-01 -5.318782e-02  7.650444e-01  5.235454e-01
 1.86207e+00  4.75862e+00       6.464e+11  6.647801e-01 -5.479061e-02  6.705994e-01  3.352199e-01
 2.27586e+00  4.75862e+00       7.136e+11  7.851082e-01 -5.208354e-02  5.447059e-01  2.148918e-01
 2.68966e+00  4.75862e+00       6.283e+11  8.494825e-01 -6.181237e-02  3.697433e-01  1.505175e-01
 3.10345e+00  4.75862e+00       5.145e+11  8.626191e-01 -7.899963e-02  6.035092e-02  1.373809e-01
 3.51724e+00  4.75862e+00       4.729e+11  8.339126e-01 -7.057642e-02 -2.748286e-01  1.660874e-01
 3.93103e+00  4.75862e+00       4.795e+11  7.984450e-01 -2.185398e-02 -4.488937e-01  2.015550e-01
 4.34483e+00  4.75862e+00       5.398e+11  7.290733e-01  8.108620e-03 -5.514746e-01  2.709267e-01
 4.75862e+00  4.75862e+00       7.989e+11  5.656860e-01 -7.623170e-03 -7.163435e-01  4.343140e-01
 5.17241e+00  4.75862e+00       1.376e+12  4.164957e-01 -1.808936e-02 -8.526820e-01  5.835043e-01
 5.58621e+00  4.75862e+00       1.958e+12  3.280911e-01 -1.464407e-02 -9.171060e-01  6.719089e-01
 6.00000e+00  4.75862e+00       2.089e+12  2.591231e-01 -8.711409e-03 -9.486452e-01  7.408769e-01
-6.00000e+00  5.17241e+00       1.944e+12  3.514910e-01 -7.820482e-03  9.207615e-01  6.485090e-01
-5.58621e+00  5.17241e+00       2.082e+12  4.153529e-01 -1.002292e-02  8.857683e-01  5.846471e-01
-5.17241e+00  5.17241e+00       1.954e+12  5.009470e-01 -7.058161e-03  8.230802e-01  4.990530e-01
-4.75862e+00  5.17241e+00       1.617e+12  6.017948e-01  1.111941e-02  7.283600e-01  3.982052e-01
-4.34483e+00  5.17241e+00       1.179e+12  7.040064e-01  5.299065e-02  6.140624e-01  2.959936e-01
-3.93103e+00  5.17241e+00       7.510e+11  7.697787e-01  1.059811e-01  5.209809e-01  2.302213e-01
-3.51724e+00  5.17241e+00       4.673e+11  7.905181e-01  1.117881e-01  4.631120e-01  2.094819e-01
-3.10345e+00  5.17241e+00       3.875e+11  8.214190e-01  3.259669e-02  3.620174e-01  1.785810e-01
-2.68966e+00  5.17241e+00       3.989e+11  8.289897e-01 -4.543172e-02  1.240177e-01  1.710103e-01
-2.27586e+00  5.17241e+00       4.256e+11  7.247908e-01 -9.890153e-02 -2.705352e-01  2.752092e-01
-1.86207e+00  5.17241e+00       4.690e+11  5.102258e-01 -1.084387e-01 -6.365825e-01  4.897742e-01
-1.44828e+00  5.17241e+00       4.770e+11  2.355684e-01 -7.710904e-02 -8.145053e-01  7.644316e-01
-1.03448e+00  5.17241e+00       4.165e+11 -1.099190e-01 -4.527685e-02 -8.231415e-01  8.900810e-01
-6.20690e-01  5.17241e+00       3.396e+11 -4.840040e-01 -3.969521e-02 -6.360717e-01  5.159960e-01
-2.06897e-01  5.17241e+00       3.032e+11 -7.086314e-01 -4.522980e-02 -1.871415e-01  2.913686e-01
 2.06897e-01  5.17241e+00       3.321e+11 -6.068946e-01 -4.656906e-02  3.828688e-01  3.931054e-01
 6.20690e-01  5.17241e+00       4.115e+11 -2.915915e-01 -5.102605e-02  7.574949e-01  7.084085e-01
 1.03448e+00  5.17241e+00       4.780e+11  2.252699e-02 -6.126843e-02  8.913876e-01  9.774730e-01
 1.44828e+00  5.17241e+00       4.777e+11  2.746356e-01 -7.908376e-02  8.811035e-01  7.253644e-01
 1.86207e+00  5.17241e+00       4.193e+11  4.807762e-01 -1.034962e-01  7.460294e-01  5.192238e-01
 2.27586e+00  5.17241e+00       3.650e+11  6.748933e-01 -1.290020e-01  4.207834e-01  3.251067e-01
 2.68966e+00  5.17241e+00       3.681e+11  8.112967e-01 -1.263431e-01  2.154771e-02  1.887033e-01
 3.10345e+00  5.17241e+00       4.087e+11  8.557404e-01 -6.510573e-02 -2.077924e-01  1.442596e-01
 3.51724e+00  5.17241e+00       4.528e+11  8.633619e-01  5.807356e-03 -2.895608e-01  1.366381e-01
 3.93103e+00  5.17241e+00       5.389e+11  8.235398e-01  1.661375e-02 -3.842568e-01  1.764602e-01
 4.34483e+00  5.17241e+00       8.243e+11  6.998909e-01 -1.264470e-02 -5.845649e-01  3.001091e-01
 4.75862e+00  5.17241e+00       1.412e+12  5.736139e-01 -2.036697e-02 -7.523927e-01  4.263861e-01
 5.17241e+00  5.17241e+00       2.030e+12  4.850682e-01 -9.333696e-03 -8.412117e-01  5.149318e-01
 5.58621e+00  5.17241e+00       2.235e+12  4.126247e-01  3.016685e-03 -8.908972e-01  5.873753e-01
 6.00000e+00  5.17241e+00       1.976e+12  3.433408e-01  7.530260e-03 -9.237204e-01  6.566592e-01
-6.00000e+00  5.58621e+00       1.813e+12  4.619365e-01 -5.909422e-03  8.729158e-01  5.380635e-01
-5.58621e+00  5.58621e+00       2.165e+12  5.050161e-01 -6.947230e-03  8.478482e-01  4.949839e-01
-5.17241e+00  5.58621e+00       2.198e+12  5.654562e-01 -8.976017e-03  7.992698e-01  4.345438e-01
-4.75862e+00  5.58621e+00       2.026e+12  6.467791e-01 -6.210580e-03  7.146824e-01  3.532209e-01
-4.34483e+00  5.58621e+00       1.724e+12  7.354646e-01  8.933765e-03  5.928670e-01  2.645354e-01
-3.93103e+00  5.58621e+00       1.333e+12  8.200237e-01  4.467995e-02  4.449044e-01  1.799763e-01
-3.51724e+00  5.58621e+00       9.030e+11  8.745074e-01  1.004307e-01  3.149977e-01  1.254926e-01
-3.10345e+00  5.58621e+00       5.291e+11  8.754788e-01  1.502018e-01  2.461781e-01  1.245212e-01
-2.68966e+00  5.58621e+00       3.396e+11  8.558046e-01  1.212698e-01  2.077923e-01  1.441954e-01
-2.27586e+00  5.58621e+00       3.105e+11  8.810479e-01  3.124172e-02  1.171435e-01  1.189521e-01
-1.86207e+00  5.58621e+00       2.984e+11  8.714016e-01 -4.871000e-02 -1.368058e-02  1.285984e-01
-1.44828e+00  5.58621e+00       2.509e+11  7.600420e-01 -1.522133e-01 -2.282652e-01  2.399580e-01
-1.03448e+00  5.58621e+00       1.988e+11  5.364686e-01 -2.148563e-01 -4.644906e-01  4.635314e-01
-6.20690e-01  5.58621e+00       1.489e+11  1.683513e-01 -1.774057e-01 -5.419614e-01  8.316487e-01
-2.06897e-01  5.58621e+00       1.118e+11 -3.113553e-01 -1.083697e-01 -3.613031e-01  6.886447e-01
 2.06897e-01  5.58621e+00       9.609e+10 -5.336110e-01 -1.139804e-01 -2.105071e-02  4.663890e-01
 6.20690e-01  5.58621e+00       1.015e+11 -2.729850e-01 -2.374075e-01  2.469359e-01  7.270150e-01
 1.03448e+00  5.58621e+00       1.357e+11  1.888745e-01 -3.436022e-01  3.458579e-01  8.111255e-01
 1.44828e+00  5.58621e+00       1.918e+11  5.212108e-01 -3.165648e-01  2.769755e-01  4.787892e-01
 1.86207e+00  5.58621e+00       2.475e+11  7.054141e-01 -2.188553e-01  1.143446e-01  2.945859e-01
 2.27586e+00  5.58621e+00       3.080e+11  8.069088e-01 -8.359973e-02 -6.573652e-03  1.930912e-01
 2.68966e+00  5.58621e+00       3.730e+11  8.660569e-01  2.642816e-02 -2.701020e-02  1.339431e-01
 3.10345e+00  5.58621e+00       4.273e+11  8.935417e-01  4.961562e-02 -3.721340e-02  1.064583e-01
 3.51724e+00  5.58621e+00       5.420e+11  8.763976e-01  8.796252e-03 -1.787105e-01  1.236024e-01
 3.93103e+00  5.58621e+00       8.775e+11  7.979812e-01 -2.287670e-02 -4.364274e-01  2.020188e-01
 4.34483e+00  5.58621e+00       1.501e+12  7.084889e-01 -2.019897e-02 -6.296449e-01  2.915111e-01
 4.75862e+00  5.58621e+00       2.151e+12  6.361873e-01 -4.550865e-03 -7.360998e-01  3.638127e-01
 5.17241e+00  5.58621e+00       2.414e+12  5.705687e-01  7.356797e-03 -8.010363e-01  4.294313e-01
 5.58621e+00  5.58621e+00       2.205e+12  5.041699e-01  8.854094e-03 -8.482366e-01  4.958301e-01
 6.00000e+00  5.58621e+00       1.817e+12  4.422513e-01  6.820504e-03 -8.814342e-01  5.577487e-01
-6.00000e+00  6.00000e+00       1.467e+12  5.747778e-01 -5.720621e-03  8.003784e-01  4.252222e-01
-5.58621e+00  6.00000e+00       2.023e+12  6.192832e-01 -5.200650e-03  7.708385e-01  3.807168e-01
-5.17241e+00  6.00000e+00       2.332e+12  6.562098e-01 -6.175901e-03  7.397122e-01  3.437902e-01
-4.75862e+00  6.00000e+00       2.252e+12  7.042079e-01 -7.646592e-03  6.846692e-01  2.957921e-01
-4.34483e+00  6.00000e+00       2.013e+12  7.713617e-01 -5.124050e-03  5.822804e-01  2.286383e-01
-3.93103e+00  6.00000e+00       1.758e+12  8.389128e-01  5.201022e-03  4.340336e-01  1.610872e-01
-3.51724e+00  6.00000e+00       1.459e+12  8.914535e-01  2.914511e-02  2.512234e-01  1.085465e-01
-3.10345e+00  6.00000e+00       1.112e+12  9.199738e-01  7.211477e-02  6.037294e-02  8.002618e-02
-2.68966e+00  6.00000e+00       7.393e+11  9.111589e-01  1.355811e-01 -8.258285e-02  8.884107e-02
-2.27586e+00  6.00000e+00       4.294e+11  8.566242e-01  2.034866e-01 -1.246609e-01  1.433758e-01
-1.86207e+00  6.00000e+00       2.524e+11  7.521600e-01  2.354153e-01 -5.045655e-02  2.478400e-01
-1.44828e+00  6.00000e+00       1.845e+11  6.572475e-01  1.621113e-01 -3.521108e-02  3.427525e-01
-1.03448e+00  6.00000e+00       1.809e+11  6.198729e-01 -3.291513e-02 -2.234817e-01  3.801271e-01
-6.20690e-01  6.00000e+00       1.995e+11  5.398287e-01 -1.810050e-01 -4.534626e-01  4.601713e-01
-2.06897e-01  6.00000e+00       2.067e+11  4.147791e-01 -2.427044e-01 -5.718642e-01  5.852209e-01
 2.06897e-01  6.00000e+00       1.966e+11  3.294214e-01 -2.871943e-01 -5.164679e-01  6.705786e-01
 6.20690e-01  6.00000e+00       1.917e+11  3.963071e-01 -2.477717e-01 -2.757081e-01  6.036929e-01
 1.03448e+00  6.00000e+00       2.195e+11  5.820452e-01 -2.769993e-02  3.634776e-02  4.179548e-01
 1.44828e+00  6.00000e+00       2.722e+11  6.943613e-01  1.485180e-01  2.465688e-01  3.056387e-01
 1.86207e+00  6.00000e+00       3.074e+11  7.210134e-01  1.580093e-01  3.447112e-01  2.789866e-01
 2.27586e+00  6.00000e+00       3.312e+11  7.482519e-01  8.995224e-02  3.705235e-01  2.517481e-01
 2.68966e+00  6.00000e+00       4.017e+11  8.223795e-01  1.930637e-02  2.723847e-01  1.776205e-01
 3.10345e+00  6.00000e+00       5.912e+11  8.778163e-01 -2.443414e-02  1.027181e-02  1.221837e-01
 3.51724e+00  6.00000e+00       1.003e+12  8.661780e-01 -2.952622e-02 -2.832293e-01  1.338220e-01
 3.93103e+00  6.00000e+00       1.643e+12  8.230080e-01 -1.202635e-02 -4.808389e-01  1.769920e-01
 4.34483e+00  6.00000e+00       2.265e+12  7.744248e-01  6.324702e-03 -5.953868e-01  2.255752e-01
 4.75862e+00  6.00000e+00       2.525e+12  7.204093e-01  1.366298e-02 -6.727400e-01  2.795907e-01
 5.17241e+00  6.00000e+00       2.340e+12  6.607204e-01  9.326205e-03 -7.343517e-01  3.392796e-01
 5.58621e+00  6.00000e+00       2.000e+12  6.008470e-01  5.059695e-03 -7.820741e-01  3.991530e-01
 6.00000e+00  6.00000e+00       1.651e+12  5.519062e-01  1.091747e-02 -8.139575e-01  4.480938e-01
