 EB(GeV)    EMITTANCEx EMITTANCEy SIZEx(m)   SIZEy(m)   DIVx(rad)  DIVy(rad)
 1.500e+00  5.941e-09  5.941e-11  1.840e-04  1.299e-05  3.228e-05  4.574e-06
 betax      alphax     betay      alphay     eta        deta       E_spread  
 5.700e+00  0.000e+00  2.840e+00  0.000e+00  0.000e+00  0.000e+00  1.000e-03
 Ibeam(A) 
  2.000e-01


           x            y       F.Density            PL            PC          PL45        1-|PL|
          mm           mm  ph/s/mm^2/0.1%             -             -             -             -
-6.00000e+00 -6.00000e+00       1.467e+12  5.599519e-01  1.091925e-02 -8.020115e-01  4.400481e-01
-5.58621e+00 -6.00000e+00       2.062e+12  6.144354e-01  5.756014e-03 -7.676505e-01  3.855646e-01
-5.17241e+00 -6.00000e+00       2.449e+12  6.517803e-01  1.887931e-03 -7.371970e-01  3.482197e-01
-4.75862e+00 -6.00000e+00       2.301e+12  6.948424e-01 -4.069568e-03 -6.857073e-01  3.051576e-01
-4.34483e+00 -6.00000e+00       1.887e+12  7.582993e-01 -1.315899e-02 -5.837744e-01  2.417007e-01
-3.93103e+00 -6.00000e+00       1.541e+12  8.328187e-01 -1.906634e-02 -4.210002e-01  1.671813e-01
-3.51724e+00 -6.00000e+00       1.281e+12  8.936160e-01 -2.510215e-02 -2.339771e-01  1.063840e-01
-3.10345e+00 -6.00000e+00       9.683e+11  9.216070e-01 -4.812143e-02 -7.708590e-02  7.839301e-02
-2.68966e+00 -6.00000e+00       6.033e+11  9.068786e-01 -9.604887e-02  1.526260e-02  9.312138e-02
-2.27586e+00 -6.00000e+00       3.388e+11  8.353402e-01 -1.579900e-01  1.964934e-02  1.646598e-01
-1.86207e+00 -6.00000e+00       2.316e+11  7.271774e-01 -1.523404e-01  4.232674e-02  2.728226e-01
-1.44828e+00 -6.00000e+00       2.290e+11  6.622793e-01 -3.565955e-02  2.574538e-01  3.377207e-01
-1.03448e+00 -6.00000e+00       2.565e+11  6.319937e-01 -5.582460e-03  4.776986e-01  3.680063e-01
-6.20690e-01 -6.00000e+00       2.559e+11  6.230828e-01 -9.319586e-02  5.626856e-01  3.769172e-01
-2.06897e-01 -6.00000e+00       2.237e+11  6.080945e-01 -1.875406e-01  5.399046e-01  3.919055e-01
 2.06897e-01 -6.00000e+00       1.909e+11  4.972646e-01 -1.768766e-01  4.707515e-01  5.027354e-01
 6.20690e-01 -6.00000e+00       1.777e+11  3.143712e-01 -2.760516e-02  3.257326e-01  6.856288e-01
 1.03448e+00 -6.00000e+00       1.920e+11  3.200298e-01  7.266811e-02  8.827756e-02  6.799702e-01
 1.44828e+00 -6.00000e+00       2.379e+11  5.358640e-01 -2.610583e-02 -1.102236e-01  4.641360e-01
 1.86207e+00 -6.00000e+00       2.972e+11  7.079267e-01 -1.024467e-01 -2.123138e-01  2.920733e-01
 2.27586e+00 -6.00000e+00       3.427e+11  7.904497e-01 -4.737041e-02 -2.413675e-01  2.095503e-01
 2.68966e+00 -6.00000e+00       3.995e+11  8.487287e-01  3.058354e-02 -1.838158e-01  1.512713e-01
 3.10345e+00 -6.00000e+00       5.434e+11  8.860126e-01  5.343406e-02  5.499970e-03  1.139874e-01
 3.51724e+00 -6.00000e+00       8.960e+11  8.717616e-01  3.195467e-02  2.626050e-01  1.282384e-01
 3.93103e+00 -6.00000e+00       1.493e+12  8.249961e-01  7.217771e-03  4.581341e-01  1.750039e-01
 4.34483e+00 -6.00000e+00       2.082e+12  7.688774e-01 -4.918759e-03  5.847027e-01  2.311226e-01
 4.75862e+00 -6.00000e+00       2.366e+12  7.028523e-01 -7.206592e-03  6.787659e-01  2.971477e-01
 5.17241e+00 -6.00000e+00       2.341e+12  6.341427e-01 -5.289385e-03  7.507882e-01  3.658573e-01
 5.58621e+00 -6.00000e+00       2.113e+12  5.779086e-01 -6.659643e-03  7.964837e-01  4.220914e-01
 6.00000e+00 -6.00000e+00       1.718e+12  5.358515e-01 -1.294995e-02  8.233900e-01  4.641485e-01
-6.00000e+00 -5.58621e+00       1.888e+12  4.557825e-01  6.867976e-03 -8.735951e-01  5.442175e-01
-5.58621e+00 -5.58621e+00       2.282e+12  4.965414e-01  2.123295e-03 -8.508247e-01  5.034586e-01
-5.17241e+00 -5.58621e+00       2.201e+12  5.502798e-01 -3.305914e-03 -8.060959e-01  4.497202e-01
-4.75862e+00 -5.58621e+00       1.857e+12  6.320528e-01 -8.997648e-03 -7.178647e-01  3.679472e-01
-4.34483e+00 -5.58621e+00       1.515e+12  7.325019e-01 -1.587206e-02 -5.841271e-01  2.674981e-01
-3.93103e+00 -5.58621e+00       1.176e+12  8.192176e-01 -3.636705e-02 -4.451688e-01  1.807824e-01
-3.51724e+00 -5.58621e+00       7.796e+11  8.616862e-01 -7.815932e-02 -3.438996e-01  1.383138e-01
-3.10345e+00 -5.58621e+00       4.599e+11  8.547294e-01 -1.142705e-01 -2.767235e-01  1.452706e-01
-2.68966e+00 -5.58621e+00       3.377e+11  8.460607e-01 -7.841818e-02 -1.786409e-01  1.539393e-01
-2.27586e+00 -5.58621e+00       3.176e+11  8.428866e-01 -1.095189e-02 -4.639026e-02  1.571134e-01
-1.86207e+00 -5.58621e+00       2.787e+11  7.684426e-01  4.929289e-02  1.259329e-01  2.315574e-01
-1.44828e+00 -5.58621e+00       2.261e+11  5.396924e-01  8.762248e-02  3.569951e-01  4.603076e-01
-1.03448e+00 -5.58621e+00       1.978e+11  4.103088e-02  1.047941e-01  5.106387e-01  9.589691e-01
-6.20690e-01 -5.58621e+00       2.089e+11 -5.139066e-01  1.654995e-01  4.209066e-01  4.860934e-01
-2.06897e-01 -5.58621e+00       2.376e+11 -7.649842e-01  2.137936e-01  1.268057e-01  2.350158e-01
 2.06897e-01 -5.58621e+00       2.470e+11 -7.478637e-01  1.915563e-01 -2.298132e-01  2.521363e-01
 6.20690e-01 -5.58621e+00       2.264e+11 -5.253957e-01  1.160894e-01 -5.228514e-01  4.746043e-01
 1.03448e+00 -5.58621e+00       2.057e+11 -7.612335e-02  6.969817e-02 -6.234932e-01  9.238766e-01
 1.44828e+00 -5.58621e+00       2.303e+11  4.286478e-01  1.132525e-01 -4.942977e-01  5.713522e-01
 1.86207e+00 -5.58621e+00       2.843e+11  6.882385e-01  1.391154e-01 -2.965887e-01  3.117615e-01
 2.27586e+00 -5.58621e+00       3.218e+11  7.850245e-01  9.546991e-02 -1.028208e-01  2.149755e-01
 2.68966e+00 -5.58621e+00       3.628e+11  8.411588e-01  1.559349e-02  3.703961e-02  1.588412e-01
 3.10345e+00 -5.58621e+00       4.238e+11  8.802398e-01 -1.157191e-02  1.075009e-01  1.197602e-01
 3.51724e+00 -5.58621e+00       5.248e+11  8.753144e-01  1.492491e-02  2.175604e-01  1.246856e-01
 3.93103e+00 -5.58621e+00       7.937e+11  8.045657e-01  2.700269e-02  4.278671e-01  1.954343e-01
 4.34483e+00 -5.58621e+00       1.345e+12  7.115835e-01  1.479719e-02  6.158260e-01  2.884165e-01
 4.75862e+00 -5.58621e+00       1.973e+12  6.310766e-01  2.656038e-03  7.301351e-01  3.689234e-01
 5.17241e+00 -5.58621e+00       2.289e+12  5.545356e-01 -3.219455e-03  8.053212e-01  4.454644e-01
 5.58621e+00 -5.58621e+00       2.215e+12  4.798041e-01 -4.549840e-03  8.596177e-01  5.201959e-01
 6.00000e+00 -5.58621e+00       1.905e+12  4.191146e-01 -7.177459e-03  8.932012e-01  5.808854e-01
-6.00000e+00 -5.17241e+00       1.859e+12  3.244367e-01 -5.131452e-03 -9.301522e-01  6.755633e-01
-5.58621e+00 -5.17241e+00       1.978e+12  3.926417e-01 -4.711689e-03 -8.936369e-01  6.073583e-01
-5.17241e+00 -5.17241e+00       1.775e+12  4.852113e-01 -6.265493e-03 -8.265470e-01  5.147887e-01
-4.75862e+00 -5.17241e+00       1.431e+12  5.960276e-01 -1.494367e-02 -7.265137e-01  4.039724e-01
-4.34483e+00 -5.17241e+00       1.045e+12  6.961793e-01 -4.516478e-02 -6.204553e-01  3.038207e-01
-3.93103e+00 -5.17241e+00       6.669e+11  7.519098e-01 -8.704028e-02 -5.387393e-01  2.480902e-01
-3.51724e+00 -5.17241e+00       4.398e+11  7.780177e-01 -8.365949e-02 -4.534343e-01  2.219823e-01
-3.10345e+00 -5.17241e+00       3.861e+11  8.105367e-01 -1.857232e-02 -2.884846e-01  1.894633e-01
-2.68966e+00 -5.17241e+00       3.994e+11  7.939834e-01  4.599886e-02  2.607784e-02  2.060166e-01
-2.27586e+00 -5.17241e+00       4.517e+11  6.841981e-01  8.858159e-02  4.322231e-01  3.158019e-01
-1.86207e+00 -5.17241e+00       5.038e+11  5.144248e-01  8.968919e-02  7.092778e-01  4.855752e-01
-1.44828e+00 -5.17241e+00       4.695e+11  2.957729e-01  6.860136e-02  8.463290e-01  7.042271e-01
-1.03448e+00 -5.17241e+00       3.659e+11  9.383389e-03  6.773679e-02  8.839578e-01  9.906166e-01
-6.20690e-01 -5.17241e+00       2.766e+11 -3.308927e-01  1.200200e-01  7.530223e-01  6.691073e-01
-2.06897e-01 -5.17241e+00       2.378e+11 -6.113628e-01  1.840627e-01  3.697762e-01  3.886372e-01
 2.06897e-01 -5.17241e+00       2.477e+11 -6.191514e-01  1.675912e-01 -1.882901e-01  3.808486e-01
 6.20690e-01 -5.17241e+00       3.147e+11 -3.091539e-01  9.348424e-02 -6.622946e-01  6.908461e-01
 1.03448e+00 -5.17241e+00       4.243e+11  4.982454e-02  5.675690e-02 -8.598465e-01  9.501755e-01
 1.44828e+00 -5.17241e+00       5.016e+11  3.177109e-01  5.869682e-02 -8.617579e-01  6.822891e-01
 1.86207e+00 -5.17241e+00       5.018e+11  5.288969e-01  6.278268e-02 -7.434223e-01  4.711031e-01
 2.27586e+00 -5.17241e+00       4.626e+11  7.066725e-01  6.060549e-02 -4.924510e-01  2.933275e-01
 2.68966e+00 -5.17241e+00       4.371e+11  8.238120e-01  6.843076e-02 -1.465016e-01  1.761880e-01
 3.10345e+00 -5.17241e+00       4.336e+11  8.559190e-01  5.915526e-02  1.393756e-01  1.440810e-01
 3.51724e+00 -5.17241e+00       4.515e+11  8.465269e-01  1.901190e-02  3.030631e-01  1.534731e-01
 3.93103e+00 -5.17241e+00       5.226e+11  8.104396e-01  4.121421e-03  4.162445e-01  1.895604e-01
 4.34483e+00 -5.17241e+00       7.533e+11  7.047833e-01  1.553035e-02  5.831603e-01  2.952167e-01
 4.75862e+00 -5.17241e+00       1.257e+12  5.769256e-01  1.384213e-02  7.419394e-01  4.230744e-01
 5.17241e+00 -5.17241e+00       1.844e+12  4.765621e-01  3.347910e-03  8.379268e-01  5.234379e-01
 5.58621e+00 -5.17241e+00       2.134e+12  3.943954e-01 -3.090174e-03  8.957407e-01  6.056046e-01
 6.00000e+00 -5.17241e+00       2.041e+12  3.237249e-01 -5.049606e-04  9.317259e-01  6.762751e-01
-6.00000e+00 -4.75862e+00       1.895e+12  2.388205e-01  7.779067e-04 -9.469649e-01  7.611795e-01
-5.58621e+00 -4.75862e+00       1.688e+12  3.239154e-01 -3.597344e-03 -9.026444e-01  6.760846e-01
-5.17241e+00 -4.75862e+00       1.335e+12  4.405955e-01 -1.518966e-02 -8.291232e-01  5.594045e-01
-4.75862e+00 -4.75862e+00       9.542e+11  5.539382e-01 -4.713096e-02 -7.475000e-01  4.460618e-01
-4.34483e+00 -4.75862e+00       6.183e+11  6.275051e-01 -8.253553e-02 -6.744714e-01  3.724949e-01
-3.93103e+00 -4.75862e+00       4.526e+11  6.931776e-01 -5.845188e-02 -5.553276e-01  3.068224e-01
-3.51724e+00 -4.75862e+00       4.638e+11  7.865552e-01  1.225655e-02 -2.915562e-01  2.134448e-01
-3.10345e+00 -4.75862e+00       5.610e+11  8.524605e-01  5.559301e-02  5.373312e-02  1.475395e-01
-2.68966e+00 -4.75862e+00       6.314e+11  8.520144e-01  6.834574e-02  3.220509e-01  1.479856e-01
-2.27586e+00 -4.75862e+00       5.841e+11  7.877537e-01  8.483555e-02  5.096606e-01  2.122463e-01
-1.86207e+00 -4.75862e+00       4.631e+11  6.726165e-01  1.215997e-01  6.602863e-01  3.273835e-01
-1.44828e+00 -4.75862e+00       3.402e+11  5.192294e-01  1.463343e-01  7.754671e-01  4.807706e-01
-1.03448e+00 -4.75862e+00       2.578e+11  3.132301e-01  1.566748e-01  8.467881e-01  6.867699e-01
-6.20690e-01 -4.75862e+00       2.148e+11  7.745351e-02  2.040848e-01  8.216816e-01  9.225465e-01
-2.06897e-01 -4.75862e+00       1.801e+11 -1.776587e-01  2.846342e-01  6.264938e-01  8.223413e-01
 2.06897e-01 -4.75862e+00       1.580e+11 -4.021239e-01  3.214838e-01  2.080123e-01  5.978761e-01
 6.20690e-01 -4.75862e+00       1.671e+11 -3.350485e-01  2.363495e-01 -3.016243e-01  6.649515e-01
 1.03448e+00 -4.75862e+00       2.340e+11  1.153869e-01  1.102096e-01 -6.377545e-01  8.846131e-01
 1.44828e+00 -4.75862e+00       3.877e+11  5.093094e-01  6.306570e-02 -7.051602e-01  4.906906e-01
 1.86207e+00 -4.75862e+00       5.791e+11  7.017385e-01  5.411157e-02 -6.385858e-01  2.982615e-01
 2.27586e+00 -4.75862e+00       6.965e+11  8.074461e-01  4.607209e-02 -5.246586e-01  1.925539e-01
 2.68966e+00 -4.75862e+00       6.806e+11  8.700412e-01  4.042048e-02 -3.652998e-01  1.299588e-01
 3.10345e+00 -4.75862e+00       5.908e+11  8.879877e-01  4.254789e-02 -1.101198e-01  1.120123e-01
 3.51724e+00 -4.75862e+00       5.183e+11  8.541386e-01  4.772712e-02  2.020387e-01  1.458614e-01
 3.93103e+00 -4.75862e+00       4.866e+11  7.936479e-01  3.023388e-02  4.303631e-01  2.063521e-01
 4.34483e+00 -4.75862e+00       5.238e+11  7.155147e-01  6.940017e-03  5.686917e-01  2.844853e-01
 4.75862e+00 -4.75862e+00       7.354e+11  5.726859e-01  9.974170e-03  7.145389e-01  4.273141e-01
 5.17241e+00 -4.75862e+00       1.217e+12  4.213665e-01  1.290572e-02  8.417634e-01  5.786335e-01
 5.58621e+00 -4.75862e+00       1.749e+12  3.155106e-01  7.349362e-03  9.121550e-01  6.844894e-01
 6.00000e+00 -4.75862e+00       1.933e+12  2.327979e-01  8.798321e-04  9.498815e-01  7.672021e-01
-6.00000e+00 -4.34483e+00       1.562e+12  1.605104e-01 -1.993758e-03 -9.477500e-01  8.394896e-01
-5.58621e+00 -4.34483e+00       1.254e+12  2.748748e-01 -1.296763e-02 -8.978719e-01  7.251252e-01
-5.17241e+00 -4.34483e+00       8.981e+11  4.000877e-01 -4.248024e-02 -8.355195e-01  5.999123e-01
-4.75862e+00 -4.34483e+00       5.957e+11  4.973408e-01 -7.549730e-02 -7.683206e-01  5.026592e-01
-4.34483e+00 -4.34483e+00       4.642e+11  6.087729e-01 -4.776837e-02 -6.287228e-01  3.912271e-01
-3.93103e+00 -4.34483e+00       5.178e+11  7.680090e-01  1.931053e-02 -3.554650e-01  2.319910e-01
-3.51724e+00 -4.34483e+00       6.339e+11  8.848745e-01  5.341563e-02 -8.033003e-02  1.151255e-01
-3.10345e+00 -4.34483e+00       6.547e+11  9.293467e-01  7.166598e-02  1.153822e-01  7.065333e-02
-2.68966e+00 -4.34483e+00       5.512e+11  9.278508e-01  9.783678e-02  2.507948e-01  7.214923e-02
-2.27586e+00 -4.34483e+00       4.260e+11  9.091700e-01  1.007575e-01  3.262054e-01  9.082997e-02
-1.86207e+00 -4.34483e+00       3.552e+11  8.902693e-01  2.323663e-02  3.258136e-01  1.097307e-01
-1.44828e+00 -4.34483e+00       3.434e+11  8.801353e-01 -6.054260e-02  2.542180e-01  1.198647e-01
-1.03448e+00 -4.34483e+00       3.276e+11  8.659668e-01 -4.901406e-02  1.097875e-01  1.340332e-01
-6.20690e-01 -4.34483e+00       2.786e+11  8.169743e-01  1.404874e-02 -1.204014e-01  1.830257e-01
-2.06897e-01 -4.34483e+00       2.432e+11  7.580672e-01  5.233719e-02 -3.273108e-01  2.419328e-01
 2.06897e-01 -4.34483e+00       2.382e+11  7.508699e-01  5.923420e-02 -3.210320e-01  2.491301e-01
 6.20690e-01 -4.34483e+00       2.300e+11  7.271214e-01  5.075037e-02 -1.553658e-01  2.728786e-01
 1.03448e+00 -4.34483e+00       2.026e+11  6.123191e-01 -5.000635e-03 -2.719244e-02  3.876809e-01
 1.44828e+00 -4.34483e+00       1.913e+11  5.444328e-01 -5.066953e-02 -1.381891e-01  4.555672e-01
 1.86207e+00 -4.34483e+00       2.603e+11  7.076930e-01  1.558560e-02 -3.318262e-01  2.923070e-01
 2.27586e+00 -4.34483e+00       4.485e+11  8.711138e-01  5.412789e-02 -3.249020e-01  1.288862e-01
 2.68966e+00 -4.34483e+00       6.761e+11  9.396963e-01  4.728228e-02 -2.408124e-01  6.030372e-02
 3.10345e+00 -4.34483e+00       7.685e+11  9.566467e-01  3.697382e-02 -1.367231e-01  4.335332e-02
 3.51724e+00 -4.34483e+00       6.889e+11  9.269591e-01  3.373168e-02  3.490869e-02  7.304089e-02
 3.93103e+00 -4.34483e+00       5.699e+11  8.393347e-01  3.737890e-02  2.966810e-01  1.606653e-01
 4.34483e+00 -4.34483e+00       4.993e+11  7.261635e-01  2.812284e-02  5.346163e-01  2.738365e-01
 4.75862e+00 -4.34483e+00       5.198e+11  5.993024e-01  7.952503e-03  6.854830e-01  4.006976e-01
 5.17241e+00 -4.34483e+00       7.347e+11  4.168070e-01  8.548516e-03  8.140735e-01  5.831930e-01
 5.58621e+00 -4.34483e+00       1.188e+12  2.553821e-01  1.170593e-02  9.078056e-01  7.446179e-01
 6.00000e+00 -4.34483e+00       1.607e+12  1.506917e-01  6.809343e-03  9.542954e-01  8.493083e-01
-6.00000e+00 -3.93103e+00       1.174e+12  1.046235e-01 -7.651733e-03 -9.341072e-01  8.953765e-01
-5.58621e+00 -3.93103e+00       8.561e+11  2.396717e-01 -3.503044e-02 -8.878468e-01  7.603283e-01
-5.17241e+00 -3.93103e+00       5.815e+11  3.640971e-01 -7.022641e-02 -8.320740e-01  6.359029e-01
-4.75862e+00 -3.93103e+00       4.556e+11  5.075631e-01 -4.980270e-02 -7.059829e-01  4.924369e-01
-4.34483e+00 -3.93103e+00       5.116e+11  7.114459e-01  1.561328e-02 -4.604015e-01  2.885541e-01
-3.93103e+00 -3.93103e+00       6.218e+11  8.641688e-01  5.134423e-02 -2.300514e-01  1.358312e-01
-3.51724e+00 -3.93103e+00       6.214e+11  9.385082e-01  7.293983e-02 -7.367708e-02  6.149178e-02
-3.10345e+00 -3.93103e+00       5.158e+11  9.642231e-01  8.873617e-02  1.129234e-02  3.577695e-02
-2.68966e+00 -3.93103e+00       4.170e+11  9.563037e-01  6.203334e-02  6.070941e-03  4.369625e-02
-2.27586e+00 -3.93103e+00       3.402e+11  9.097550e-01  1.247824e-02 -6.179567e-02  9.024496e-02
-1.86207e+00 -3.93103e+00       2.378e+11  8.065950e-01 -1.250953e-02 -1.220077e-01  1.934050e-01
-1.44828e+00 -3.93103e+00       1.393e+11  6.019782e-01 -1.328633e-01 -1.205305e-01  3.980218e-01
-1.03448e+00 -3.93103e+00       9.490e+10  3.372707e-01 -5.219254e-01 -3.263128e-02  6.627293e-01
-6.20690e-01 -3.93103e+00       8.523e+10  1.969772e-01 -8.265619e-01 -6.048677e-03  8.030228e-01
-2.06897e-01 -3.93103e+00       8.440e+10  1.962775e-01 -8.769851e-01 -1.445926e-01  8.037225e-01
 2.06897e-01 -3.93103e+00       9.780e+10  3.430022e-01 -7.748333e-01 -3.310251e-01  6.569978e-01
 6.20690e-01 -3.93103e+00       1.304e+11  5.623639e-01 -5.923299e-01 -3.719201e-01  4.376361e-01
 1.03448e+00 -3.93103e+00       1.785e+11  7.591818e-01 -3.576261e-01 -2.755579e-01  2.408182e-01
 1.44828e+00 -3.93103e+00       2.323e+11  8.625017e-01 -1.536516e-01 -1.474635e-01  1.374983e-01
 1.86207e+00 -3.93103e+00       2.579e+11  8.655450e-01 -4.159233e-02 -7.097365e-02  1.344550e-01
 2.27586e+00 -3.93103e+00       2.689e+11  8.534047e-01  2.010100e-02 -7.328135e-02  1.465953e-01
 2.68966e+00 -3.93103e+00       3.751e+11  9.158463e-01  5.482568e-02 -7.393831e-02  8.415367e-02
 3.10345e+00 -3.93103e+00       5.933e+11  9.663474e-01  5.210710e-02 -1.568452e-02  3.365259e-02
 3.51724e+00 -3.93103e+00       7.398e+11  9.674624e-01  3.905480e-02  6.327864e-02  3.253763e-02
 3.93103e+00 -3.93103e+00       6.924e+11  9.153710e-01  3.168388e-02  1.953332e-01  8.462903e-02
 4.34483e+00 -3.93103e+00       5.632e+11  7.938039e-01  3.202489e-02  4.143014e-01  2.061961e-01
 4.75862e+00 -3.93103e+00       4.775e+11  6.385655e-01  2.295342e-02  6.319220e-01  3.614345e-01
 5.17241e+00 -3.93103e+00       5.040e+11  4.581436e-01  5.784696e-03  7.756131e-01  5.418564e-01
 5.58621e+00 -3.93103e+00       7.431e+11  2.414822e-01  7.974008e-03  8.811043e-01  7.585178e-01
 6.00000e+00 -3.93103e+00       1.158e+12  8.653948e-02  1.038045e-02  9.425093e-01  9.134605e-01
-6.00000e+00 -3.51724e+00       8.175e+11  7.038529e-02 -2.032278e-02 -9.123125e-01  9.296147e-01
-5.58621e+00 -3.51724e+00       5.625e+11  2.167330e-01 -6.008788e-02 -8.701599e-01  7.832670e-01
-5.17241e+00 -3.51724e+00       4.262e+11  3.836314e-01 -6.216392e-02 -7.748103e-01  6.163686e-01
-4.75862e+00 -3.51724e+00       4.600e+11  6.183480e-01  1.905068e-03 -5.667905e-01  3.816520e-01
-4.34483e+00 -3.51724e+00       5.655e+11  8.077351e-01  4.574519e-02 -3.594881e-01  1.922649e-01
-3.93103e+00 -3.51724e+00       5.760e+11  9.080214e-01  6.926513e-02 -2.219522e-01  9.197863e-02
-3.51724e+00 -3.51724e+00       4.821e+11  9.447467e-01  8.236009e-02 -1.610486e-01  5.525331e-02
-3.10345e+00 -3.51724e+00       3.797e+11  9.273261e-01  6.162707e-02 -1.819297e-01  7.267387e-02
-2.68966e+00 -3.51724e+00       2.779e+11  8.658688e-01  1.974871e-02 -2.117467e-01  1.341312e-01
-2.27586e+00 -3.51724e+00       1.723e+11  7.753998e-01 -6.013227e-02 -1.290598e-01  2.246002e-01
-1.86207e+00 -3.51724e+00       1.059e+11  6.829059e-01 -2.579650e-01  1.410049e-01  3.170941e-01
-1.44828e+00 -3.51724e+00       8.291e+10  5.932793e-01 -4.268684e-01  4.038275e-01  4.067207e-01
-1.03448e+00 -3.51724e+00       7.387e+10  4.412918e-01 -4.447514e-01  4.532237e-01  5.587082e-01
-6.20690e-01 -3.51724e+00       6.645e+10  2.838565e-01 -3.881213e-01  2.036532e-01  7.161435e-01
-2.06897e-01 -3.51724e+00       7.075e+10  3.103819e-01 -3.042791e-01 -2.649973e-01  6.896181e-01
 2.06897e-01 -3.51724e+00       9.089e+10  4.563890e-01 -2.584979e-01 -5.589904e-01  5.436110e-01
 6.20690e-01 -3.51724e+00       1.134e+11  5.513633e-01 -2.567527e-01 -6.437019e-01  4.486367e-01
 1.03448e+00 -3.51724e+00       1.261e+11  6.258280e-01 -2.803931e-01 -5.878243e-01  3.741720e-01
 1.44828e+00 -3.51724e+00       1.439e+11  7.514887e-01 -2.881510e-01 -3.679616e-01  2.485113e-01
 1.86207e+00 -3.51724e+00       1.920e+11  8.687759e-01 -2.155557e-01 -1.044095e-01  1.312241e-01
 2.27586e+00 -3.51724e+00       2.489e+11  9.047934e-01 -1.049534e-01  5.139050e-02  9.520656e-02
 2.68966e+00 -3.51724e+00       2.824e+11  9.034324e-01 -6.956220e-03  9.994519e-02  9.656757e-02
 3.10345e+00 -3.51724e+00       3.612e+11  9.283520e-01  5.309782e-02  1.060024e-01  7.164803e-02
 3.51724e+00 -3.51724e+00       5.428e+11  9.556033e-01  5.554436e-02  1.466092e-01  4.439669e-02
 3.93103e+00 -3.51724e+00       6.772e+11  9.425579e-01  4.049290e-02  2.133912e-01  5.744207e-02
 4.34483e+00 -3.51724e+00       6.310e+11  8.692218e-01  3.117607e-02  3.328409e-01  1.307782e-01
 4.75862e+00 -3.51724e+00       5.045e+11  7.176849e-01  2.834733e-02  5.292679e-01  2.823151e-01
 5.17241e+00 -3.51724e+00       4.303e+11  5.232622e-01  1.499970e-02  7.199153e-01  4.767378e-01
 5.58621e+00 -3.51724e+00       4.976e+11  2.861586e-01  3.135818e-03  8.422343e-01  7.138414e-01
 6.00000e+00 -3.51724e+00       7.698e+11  6.382740e-02  9.586063e-03  9.154523e-01  9.361726e-01
-6.00000e+00 -3.10345e+00       5.453e+11  5.733527e-02 -3.436910e-02 -8.837947e-01  9.426647e-01
-5.58621e+00 -3.10345e+00       3.917e+11  2.391076e-01 -6.370648e-02 -8.234236e-01  7.608924e-01
-5.17241e+00 -3.10345e+00       3.865e+11  4.923715e-01 -1.839843e-02 -6.610812e-01  5.076285e-01
-4.75862e+00 -3.10345e+00       4.831e+11  7.257693e-01  3.500577e-02 -4.656287e-01  2.742307e-01
-4.34483e+00 -3.10345e+00       5.243e+11  8.582812e-01  6.201097e-02 -3.309589e-01  1.417188e-01
-3.93103e+00 -3.10345e+00       4.533e+11  9.115107e-01  7.854959e-02 -2.695140e-01  8.848934e-02
-3.51724e+00 -3.10345e+00       3.497e+11  8.992790e-01  6.920368e-02 -2.806653e-01  1.007210e-01
-3.10345e+00 -3.10345e+00       2.485e+11  8.493860e-01  2.977225e-02 -2.837471e-01  1.506140e-01
-2.68966e+00 -3.10345e+00       1.636e+11  8.176473e-01 -5.315936e-02 -1.387266e-01  1.823527e-01
-2.27586e+00 -3.10345e+00       1.428e+11  8.400208e-01 -1.459323e-01  1.843096e-01  1.599792e-01
-1.86207e+00 -3.10345e+00       2.247e+11  8.052893e-01 -1.247212e-01  4.457102e-01  1.947107e-01
-1.44828e+00 -3.10345e+00       4.192e+11  6.801850e-01 -1.150097e-01  6.014276e-01  3.198150e-01
-1.03448e+00 -3.10345e+00       6.208e+11  4.871978e-01 -1.485641e-01  6.831913e-01  5.128022e-01
-6.20690e-01 -3.10345e+00       6.776e+11  2.087651e-01 -2.047935e-01  6.057780e-01  7.912349e-01
-2.06897e-01 -3.10345e+00       6.550e+11 -3.301095e-02 -2.567418e-01  1.614051e-01  9.669891e-01
 2.06897e-01 -3.10345e+00       7.365e+11  7.874848e-02 -2.428156e-01 -4.465947e-01  9.212515e-01
 6.20690e-01 -3.10345e+00       8.755e+11  3.772404e-01 -1.795797e-01 -6.913231e-01  6.227596e-01
 1.03448e+00 -3.10345e+00       8.348e+11  5.988025e-01 -1.188637e-01 -6.738702e-01  4.011975e-01
 1.44828e+00 -3.10345e+00       5.893e+11  7.466860e-01 -7.885386e-02 -5.565300e-01  2.533140e-01
 1.86207e+00 -3.10345e+00       3.560e+11  8.566302e-01 -8.311177e-02 -3.705530e-01  1.433698e-01
 2.27586e+00 -3.10345e+00       2.548e+11  9.152886e-01 -1.177109e-01 -1.209228e-01  8.471140e-02
 2.68966e+00 -3.10345e+00       2.506e+11  9.162478e-01 -8.826335e-02  1.057766e-01  8.375219e-02
 3.10345e+00 -3.10345e+00       2.785e+11  9.060058e-01 -6.005668e-03  2.030806e-01  9.399424e-02
 3.51724e+00 -3.10345e+00       3.589e+11  9.218001e-01  5.376709e-02  2.241205e-01  7.819985e-02
 3.93103e+00 -3.10345e+00       5.160e+11  9.335753e-01  5.478727e-02  2.587721e-01  6.642475e-02
 4.34483e+00 -3.10345e+00       6.050e+11  9.027361e-01  3.869347e-02  3.225933e-01  9.726387e-02
 4.75862e+00 -3.10345e+00       5.360e+11  8.001739e-01  2.936615e-02  4.465039e-01  1.998261e-01
 5.17241e+00 -3.10345e+00       4.230e+11  6.154708e-01  2.338335e-02  6.330399e-01  3.845292e-01
 5.58621e+00 -3.10345e+00       3.869e+11  3.763614e-01  7.653949e-03  7.902382e-01  6.236386e-01
 6.00000e+00 -3.10345e+00       5.094e+11  9.787681e-02  4.899932e-03  8.775736e-01  9.021232e-01
-6.00000e+00 -2.68966e+00       4.172e+11  1.554584e-01 -1.294612e-01 -8.610658e-01  8.445416e-01
-5.58621e+00 -2.68966e+00       3.457e+11  3.626944e-01 -9.738281e-02 -7.632152e-01  6.373056e-01
-5.17241e+00 -2.68966e+00       3.914e+11  6.293168e-01 -7.454943e-03 -5.647108e-01  3.706832e-01
-4.75862e+00 -2.68966e+00       4.621e+11  8.037469e-01  4.531149e-02 -4.134447e-01  1.962531e-01
-4.34483e+00 -2.68966e+00       4.317e+11  8.787637e-01  7.216561e-02 -3.374958e-01  1.212363e-01
-3.93103e+00 -2.68966e+00       3.356e+11  8.845047e-01  7.522575e-02 -3.286047e-01  1.154953e-01
-3.51724e+00 -2.68966e+00       2.421e+11  8.500768e-01  4.530021e-02 -3.261868e-01  1.499232e-01
-3.10345e+00 -2.68966e+00       1.941e+11  8.634310e-01 -1.747950e-02 -1.630385e-01  1.365690e-01
-2.68966e+00 -2.68966e+00       3.237e+11  9.455235e-01 -3.976013e-02  1.095110e-01  5.447654e-02
-2.27586e+00 -2.68966e+00       8.027e+11  9.619600e-01 -1.572005e-02  2.176280e-01  3.804002e-02
-1.86207e+00 -2.68966e+00       1.449e+12  9.511667e-01  1.896335e-03  2.721986e-01  4.883326e-02
-1.44828e+00 -2.68966e+00       1.599e+12  9.337026e-01  2.302558e-02  3.150163e-01  6.629738e-02
-1.03448e+00 -2.68966e+00       1.077e+12  9.084812e-01  5.572232e-02  3.391364e-01  9.151884e-02
-6.20690e-01 -2.68966e+00       4.895e+11  8.673292e-01  9.003927e-02  2.915075e-01  1.326708e-01
-2.06897e-01 -2.68966e+00       2.292e+11  8.205682e-01  6.055710e-02  2.698388e-02  1.794318e-01
 2.06897e-01 -2.68966e+00       2.547e+11  8.562011e-01  7.137801e-03 -2.666578e-01  1.437989e-01
 6.20690e-01 -2.68966e+00       5.600e+11  9.067775e-01  4.482932e-03 -3.270574e-01  9.322246e-02
 1.03448e+00 -2.68966e+00       1.216e+12  9.323734e-01 -1.444289e-02 -3.157579e-01  6.762657e-02
 1.44828e+00 -2.68966e+00       1.852e+12  9.486717e-01 -3.125095e-02 -2.845923e-01  5.132827e-02
 1.86207e+00 -2.68966e+00       1.759e+12  9.606253e-01 -3.849640e-02 -2.457736e-01  3.937473e-02
 2.27586e+00 -2.68966e+00       1.051e+12  9.688909e-01 -4.306767e-02 -1.920119e-01  3.110911e-02
 2.68966e+00 -2.68966e+00       4.840e+11  9.653035e-01 -5.750153e-02 -7.510611e-02  3.469647e-02
 3.10345e+00 -2.68966e+00       2.887e+11  9.306083e-01 -5.270997e-02  1.393757e-01  6.939168e-02
 3.51724e+00 -2.68966e+00       2.784e+11  9.042355e-01  1.247827e-02  2.643880e-01  9.576454e-02
 3.93103e+00 -2.68966e+00       3.654e+11  9.136961e-01  5.690814e-02  2.950890e-01  8.630393e-02
 4.34483e+00 -2.68966e+00       4.958e+11  9.114450e-01  5.110082e-02  3.292526e-01  8.855500e-02
 4.75862e+00 -2.68966e+00       5.112e+11  8.614007e-01  3.558509e-02  3.919521e-01  1.385993e-01
 5.17241e+00 -2.68966e+00       3.952e+11  7.203245e-01  2.285710e-02  5.194341e-01  2.796755e-01
 5.58621e+00 -2.68966e+00       2.915e+11  4.595398e-01 -1.091890e-03  7.029653e-01  5.404602e-01
 6.00000e+00 -2.68966e+00       3.061e+11  1.337266e-01 -1.182739e-02  8.285745e-01  8.662734e-01
-6.00000e+00 -2.27586e+00       3.042e+11  1.761247e-01 -3.471667e-02 -8.419834e-01  8.238753e-01
-5.58621e+00 -2.27586e+00       2.919e+11  4.904322e-01 -1.307000e-02 -6.601309e-01  5.095678e-01
-5.17241e+00 -2.27586e+00       3.733e+11  7.377546e-01  3.034160e-02 -4.782377e-01  2.622454e-01
-4.75862e+00 -2.27586e+00       4.040e+11  8.471971e-01  6.092564e-02 -3.819649e-01  1.528029e-01
-4.34483e+00 -2.27586e+00       3.351e+11  8.792739e-01  7.660861e-02 -3.478029e-01  1.207261e-01
-3.93103e+00 -2.27586e+00       2.466e+11  8.617053e-01  6.134888e-02 -3.453195e-01  1.382947e-01
-3.51724e+00 -2.27586e+00       2.204e+11  8.823861e-01  1.273025e-02 -2.255307e-01  1.176139e-01
-3.10345e+00 -2.27586e+00       4.453e+11  9.695543e-01 -7.005917e-03 -2.978196e-02  3.044573e-02
-2.68966e+00 -2.27586e+00       1.139e+12  9.935588e-01  5.226381e-03  2.966776e-02  6.441180e-03
-2.27586e+00 -2.27586e+00       1.886e+12  9.953532e-01  1.476946e-02  5.385484e-02  4.646850e-03
-1.86207e+00 -2.27586e+00       1.789e+12  9.933025e-01  2.508077e-02  7.302691e-02  6.697494e-03
-1.44828e+00 -2.27586e+00       1.023e+12  9.877043e-01  4.212502e-02  8.899038e-02  1.229574e-02
-1.03448e+00 -2.27586e+00       4.674e+11  9.765635e-01  5.824332e-02  8.652163e-02  2.343646e-02
-6.20690e-01 -2.27586e+00       2.753e+11  9.659809e-01  2.278729e-02  5.431920e-02  3.401912e-02
-2.06897e-01 -2.27586e+00       2.123e+11  9.575657e-01 -4.717646e-02  4.520106e-02  4.243434e-02
 2.06897e-01 -2.27586e+00       1.900e+11  9.509276e-01 -7.485116e-02  6.294344e-02  4.907240e-02
 6.20690e-01 -2.27586e+00       2.142e+11  9.539200e-01 -4.237096e-02  4.114984e-02  4.608001e-02
 1.03448e+00 -2.27586e+00       4.058e+11  9.742734e-01 -1.589585e-02 -3.238486e-02  2.572663e-02
 1.44828e+00 -2.27586e+00       1.029e+12  9.897943e-01 -1.806655e-02 -5.849832e-02  1.020567e-02
 1.86207e+00 -2.27586e+00       1.927e+12  9.949022e-01 -2.301247e-02 -5.510881e-02  5.097758e-03
 2.27586e+00 -2.27586e+00       2.143e+12  9.962582e-01 -2.677827e-02 -4.407262e-02  3.741756e-03
 2.68966e+00 -2.27586e+00       1.392e+12  9.948401e-01 -3.101736e-02 -2.292170e-02  5.159887e-03
 3.10345e+00 -2.27586e+00       6.127e+11  9.813461e-01 -3.862681e-02  4.054109e-02  1.865392e-02
 3.51724e+00 -2.27586e+00       3.057e+11  9.354757e-01 -2.397026e-02  1.963301e-01  6.452428e-02
 3.93103e+00 -2.27586e+00       2.831e+11  9.072398e-01  3.620823e-02  3.018143e-01  9.276023e-02
 4.34483e+00 -2.27586e+00       3.810e+11  9.106922e-01  5.760484e-02  3.319734e-01  8.930777e-02
 4.75862e+00 -2.27586e+00       4.604e+11  8.900579e-01  4.498136e-02  3.701727e-01  1.099421e-01
 5.17241e+00 -2.27586e+00       4.039e+11  8.069168e-01  3.435077e-02  4.498279e-01  1.930832e-01
 5.58621e+00 -2.27586e+00       2.911e+11  5.959436e-01  2.614689e-02  6.075072e-01  4.040564e-01
 6.00000e+00 -2.27586e+00       2.581e+11  2.282247e-01  3.364770e-03  7.877358e-01  7.717753e-01
-6.00000e+00 -1.86207e+00       1.770e+11  3.700855e-01 -1.089194e-02 -6.161209e-01  6.299145e-01
-5.58621e+00 -1.86207e+00       2.663e+11  6.600140e-01  2.656412e-02 -5.089202e-01  3.399860e-01
-5.17241e+00 -1.86207e+00       3.528e+11  8.032412e-01  5.860997e-02 -4.093897e-01  1.967588e-01
-4.75862e+00 -1.86207e+00       3.351e+11  8.715625e-01  7.289056e-02 -3.449942e-01  1.284375e-01
-4.34483e+00 -1.86207e+00       2.560e+11  8.839053e-01  6.789970e-02 -3.308131e-01  1.160947e-01
-3.93103e+00 -1.86207e+00       2.151e+11  8.878586e-01  3.658254e-02 -2.820139e-01  1.121414e-01
-3.51724e+00 -1.86207e+00       3.885e+11  9.603161e-01  6.332670e-03 -1.261403e-01  3.968391e-02
-3.10345e+00 -1.86207e+00       1.048e+12  9.920357e-01  9.388966e-03 -6.822312e-02  7.964280e-03
-2.68966e+00 -1.86207e+00       1.897e+12  9.969395e-01  1.489717e-02 -5.200143e-02  3.060540e-03
-2.27586e+00 -1.86207e+00       1.950e+12  9.975493e-01  2.044732e-02 -4.145287e-02  2.450748e-03
-1.86207e+00 -1.86207e+00       1.234e+12  9.960458e-01  3.182243e-02 -3.306672e-02  3.954159e-03
-1.44828e+00 -1.86207e+00       7.952e+11  9.918916e-01  5.457704e-02 -2.815824e-02  8.108411e-03
-1.03448e+00 -1.86207e+00       1.011e+12  9.924331e-01  5.914088e-02 -2.427806e-02  7.566942e-03
-6.20690e-01 -1.86207e+00       1.507e+12  9.954626e-01  4.389689e-02 -1.210089e-02  4.537415e-03
-2.06897e-01 -1.86207e+00       1.796e+12  9.967959e-01  2.979398e-02  1.245887e-02  3.204130e-03
 2.06897e-01 -1.86207e+00       1.667e+12  9.957940e-01  2.613654e-02  4.524371e-02  4.205968e-03
 6.20690e-01 -1.86207e+00       1.200e+12  9.922175e-01  3.294924e-02  7.586645e-02  7.782538e-03
 1.03448e+00 -1.86207e+00       6.897e+11  9.857644e-01  3.684026e-02  9.384524e-02  1.423564e-02
 1.44828e+00 -1.86207e+00       5.583e+11  9.848286e-01  7.555460e-03  7.489803e-02  1.517138e-02
 1.86207e+00 -1.86207e+00       1.117e+12  9.936916e-01 -1.490948e-02  5.045535e-02  6.308352e-03
 2.27586e+00 -1.86207e+00       2.005e+12  9.968016e-01 -1.914174e-02  4.806481e-02  3.198377e-03
 2.68966e+00 -1.86207e+00       2.102e+12  9.969807e-01 -2.183723e-02  5.247741e-02  3.019309e-03
 3.10345e+00 -1.86207e+00       1.264e+12  9.939097e-01 -2.548201e-02  6.683300e-02  6.090289e-03
 3.51724e+00 -1.86207e+00       5.256e+11  9.761742e-01 -2.731265e-02  1.229225e-01  2.382579e-02
 3.93103e+00 -1.86207e+00       2.775e+11  9.331155e-01  5.001507e-03  2.460265e-01  6.688449e-02
 4.34483e+00 -1.86207e+00       2.961e+11  9.176039e-01  4.975455e-02  3.118200e-01  8.239609e-02
 4.75862e+00 -1.86207e+00       3.934e+11  9.065260e-01  4.993095e-02  3.470577e-01  9.347396e-02
 5.17241e+00 -1.86207e+00       4.105e+11  8.572986e-01  3.849039e-02  4.110283e-01  1.427014e-01
 5.58621e+00 -1.86207e+00       3.251e+11  7.486556e-01  3.579707e-02  5.255120e-01  2.513444e-01
 6.00000e+00 -1.86207e+00       2.446e+11  5.611347e-01  2.970068e-02  6.624457e-01  4.388653e-01
-6.00000e+00 -1.44828e+00       2.011e+11  5.235882e-01 -7.894104e-02 -6.245775e-01  4.764118e-01
-5.58621e+00 -1.44828e+00       2.512e+11  7.556416e-01  4.398990e-03 -4.229001e-01  2.443584e-01
-5.17241e+00 -1.44828e+00       2.945e+11  8.771256e-01  2.895760e-02 -3.140604e-01  1.228744e-01
-4.75862e+00 -1.44828e+00       2.670e+11  9.163522e-01  3.759970e-02 -2.879318e-01  8.364780e-02
-4.34483e+00 -1.44828e+00       2.125e+11  9.123882e-01  4.217341e-02 -2.867652e-01  8.761184e-02
-3.93103e+00 -1.44828e+00       2.663e+11  9.435390e-01  1.871221e-02 -1.925747e-01  5.646104e-02
-3.51724e+00 -1.44828e+00       7.130e+11  9.849016e-01  1.004838e-02 -1.139568e-01  1.509837e-02
-3.10345e+00 -1.44828e+00       1.594e+12  9.936175e-01  1.307553e-02 -9.663346e-02  6.382544e-03
-2.68966e+00 -1.44828e+00       2.062e+12  9.950961e-01  1.596789e-02 -8.982085e-02  4.903929e-03
-2.27586e+00 -1.44828e+00       1.607e+12  9.948581e-01  2.145835e-02 -8.639374e-02  5.141877e-03
-1.86207e+00 -1.44828e+00       1.146e+12  9.930635e-01  2.945323e-02 -8.899815e-02  6.936469e-03
-1.44828e+00 -1.44828e+00       1.272e+12  9.924380e-01  2.408031e-02 -8.990600e-02  7.562019e-03
-1.03448e+00 -1.44828e+00       1.656e+12  9.940322e-01  1.638317e-02 -7.272786e-02  5.967786e-03
-6.20690e-01 -1.44828e+00       2.229e+12  9.964722e-01  1.918802e-02 -4.172143e-02  3.527826e-03
-2.06897e-01 -1.44828e+00       2.844e+12  9.980184e-01  2.206532e-02 -1.647181e-02  1.981569e-03
 2.06897e-01 -1.44828e+00       2.747e+12  9.980962e-01  1.918565e-02  5.437165e-03  1.903780e-03
 6.20690e-01 -1.44828e+00       1.934e+12  9.960390e-01  1.145179e-02  4.052771e-02  3.961038e-03
 1.03448e+00 -1.44828e+00       1.184e+12  9.909812e-01  2.828298e-03  9.522013e-02  9.018793e-03
 1.44828e+00 -1.44828e+00       7.567e+11  9.859913e-01  1.245696e-04  1.316908e-01  1.400866e-02
 1.86207e+00 -1.44828e+00       7.598e+11  9.884681e-01 -6.827326e-03  1.109015e-01  1.153193e-02
 2.27586e+00 -1.44828e+00       1.427e+12  9.937401e-01 -1.366528e-02  8.834620e-02  6.259886e-03
 2.68966e+00 -1.44828e+00       2.108e+12  9.952071e-01 -1.615909e-02  8.534438e-02  4.792935e-03
 3.10345e+00 -1.44828e+00       1.778e+12  9.947268e-01 -1.829971e-02  8.870326e-02  5.273202e-03
 3.51724e+00 -1.44828e+00       8.826e+11  9.897191e-01 -2.035223e-02  1.059025e-01  1.028086e-02
 3.93103e+00 -1.44828e+00       3.598e+11  9.678778e-01 -9.530430e-03  1.714372e-01  3.212221e-02
 4.34483e+00 -1.44828e+00       2.535e+11  9.438508e-01  2.995750e-02  2.512383e-01  5.614923e-02
 4.75862e+00 -1.44828e+00       3.042e+11  9.401821e-01  3.967039e-02  2.778435e-01  5.981788e-02
 5.17241e+00 -1.44828e+00       3.349e+11  9.148051e-01  2.879327e-02  3.143599e-01  8.519488e-02
 5.58621e+00 -1.44828e+00       2.677e+11  8.276111e-01  1.112038e-02  4.057237e-01  1.723889e-01
 6.00000e+00 -1.44828e+00       1.797e+11  6.166875e-01 -2.087891e-02  5.734429e-01  3.833125e-01
-6.00000e+00 -1.03448e+00       1.541e+11  7.793422e-01 -3.626168e-02 -3.913798e-01  2.206578e-01
-5.58621e+00 -1.03448e+00       2.501e+11  8.797632e-01  2.265133e-02 -3.232145e-01  1.202368e-01
-5.17241e+00 -1.03448e+00       2.883e+11  9.250078e-01  5.019478e-02 -2.673783e-01  7.499219e-02
-4.75862e+00 -1.03448e+00       2.359e+11  9.405322e-01  5.743068e-02 -2.380739e-01  5.946780e-02
-4.34483e+00 -1.03448e+00       1.957e+11  9.450531e-01  3.550557e-02 -2.114945e-01  5.494690e-02
-3.93103e+00 -1.03448e+00       3.734e+11  9.771746e-01  1.070054e-02 -1.326828e-01  2.282539e-02
-3.51724e+00 -1.03448e+00       1.035e+12  9.921151e-01  1.013178e-02 -1.025371e-01  7.884931e-03
-3.10345e+00 -1.03448e+00       1.868e+12  9.947039e-01  1.191637e-02 -9.584155e-02  5.296094e-03
-2.68966e+00 -1.03448e+00       1.939e+12  9.949934e-01  1.389322e-02 -9.373357e-02  5.006614e-03
-2.27586e+00 -1.03448e+00       1.472e+12  9.943202e-01  1.713933e-02 -9.488470e-02  5.679824e-03
-1.86207e+00 -1.03448e+00       1.803e+12  9.946199e-01  1.456848e-02 -8.783797e-02  5.380101e-03
-1.44828e+00 -1.03448e+00       4.576e+12  9.968267e-01  7.525886e-03 -6.648524e-02  3.173325e-03
-1.03448e+00 -1.03448e+00       1.232e+13  9.982664e-01  2.096010e-03 -4.836269e-02  1.733594e-03
-6.20690e-01 -1.03448e+00       2.477e+13  9.990150e-01 -2.450094e-03 -3.224320e-02  9.850439e-04
-2.06897e-01 -1.03448e+00       3.481e+13  9.994207e-01 -5.883508e-03 -1.511672e-02  5.793342e-04
 2.06897e-01 -1.03448e+00       3.441e+13  9.995398e-01 -8.060300e-03  2.598406e-03  4.601766e-04
 6.20690e-01 -1.03448e+00       2.386e+13  9.993719e-01 -9.174289e-03  1.941848e-02  6.280741e-04
 1.03448e+00 -1.03448e+00       1.137e+13  9.988149e-01 -9.573418e-03  3.557669e-02  1.185058e-03
 1.44828e+00 -1.03448e+00       3.787e+12  9.971882e-01 -9.471996e-03  5.659973e-02  2.811835e-03
 1.86207e+00 -1.03448e+00       1.198e+12  9.933557e-01 -8.821344e-03  8.941878e-02  6.644335e-03
 2.27586e+00 -1.03448e+00       1.094e+12  9.935842e-01 -1.026180e-02  9.242592e-02  6.415796e-03
 2.68966e+00 -1.03448e+00       1.824e+12  9.955168e-01 -1.210160e-02  8.428927e-02  4.483243e-03
 3.10345e+00 -1.03448e+00       1.972e+12  9.958334e-01 -1.351449e-02  8.379546e-02  4.166630e-03
 3.51724e+00 -1.03448e+00       1.205e+12  9.945388e-01 -1.483267e-02  8.939113e-02  5.461158e-03
 3.93103e+00 -1.03448e+00       4.893e+11  9.868985e-01 -1.173112e-02  1.172719e-01  1.310150e-02
 4.34483e+00 -1.03448e+00       2.561e+11  9.689249e-01  1.656233e-02  1.839665e-01  3.107511e-02
 4.75862e+00 -1.03448e+00       2.862e+11  9.616935e-01  3.735941e-02  2.211189e-01  3.830653e-02
 5.17241e+00 -1.03448e+00       3.367e+11  9.505797e-01  2.976185e-02  2.503617e-01  4.942028e-02
 5.58621e+00 -1.03448e+00       2.905e+11  9.178908e-01  2.179615e-02  3.095228e-01  8.210923e-02
 6.00000e+00 -1.03448e+00       2.005e+11  8.531111e-01  2.163752e-02  4.012474e-01  1.468889e-01
-6.00000e+00 -6.20690e-01       1.288e+11  9.075231e-01 -5.490389e-03 -2.571416e-01  9.247688e-02
-5.58621e+00 -6.20690e-01       2.163e+11  9.605837e-01 -6.560177e-03 -1.864622e-01  3.941628e-02
-5.17241e+00 -6.20690e-01       2.527e+11  9.757405e-01  4.819858e-03 -1.638672e-01  2.425951e-02
-4.75862e+00 -6.20690e-01       2.147e+11  9.774220e-01  1.832898e-02 -1.580869e-01  2.257797e-02
-4.34483e+00 -6.20690e-01       2.081e+11  9.795283e-01  1.562531e-02 -1.318655e-01  2.047167e-02
-3.93103e+00 -6.20690e-01       4.850e+11  9.921742e-01  6.481903e-03 -8.625915e-02  7.825803e-03
-3.51724e+00 -6.20690e-01       1.252e+12  9.964033e-01  7.390319e-03 -7.427180e-02  3.596681e-03
-3.10345e+00 -6.20690e-01       1.952e+12  9.970692e-01  8.465039e-03 -7.200935e-02  2.930819e-03
-2.68966e+00 -6.20690e-01       1.832e+12  9.969234e-01  9.065955e-03 -7.301619e-02  3.076604e-03
-2.27586e+00 -6.20690e-01       1.745e+12  9.967587e-01  7.167864e-03 -7.276599e-02  3.241329e-03
-1.86207e+00 -6.20690e-01       4.055e+12  9.977785e-01  1.397924e-03 -6.025563e-02  2.221464e-03
-1.44828e+00 -6.20690e-01       1.281e+13  9.985786e-01 -2.400736e-03 -4.865225e-02  1.421403e-03
-1.03448e+00 -6.20690e-01       3.095e+13  9.990506e-01 -5.061745e-03 -3.841703e-02  9.494434e-04
-6.20690e-01 -6.20690e-01       5.296e+13  9.994114e-01 -6.976510e-03 -2.659837e-02  5.886244e-04
-2.06897e-01 -6.20690e-01       6.738e+13  9.996616e-01 -8.193858e-03 -1.275607e-02  3.383751e-04
 2.06897e-01 -6.20690e-01       6.695e+13  9.997466e-01 -8.947138e-03  1.760731e-03  2.534048e-04
 6.20690e-01 -6.20690e-01       5.178e+13  9.996643e-01 -9.490804e-03  1.494364e-02  3.357067e-04
 1.03448e+00 -6.20690e-01       2.948e+13  9.994610e-01 -9.914351e-03  2.579495e-02  5.389998e-04
 1.44828e+00 -6.20690e-01       1.159e+13  9.991054e-01 -1.018661e-02  3.532873e-02  8.945804e-04
 1.86207e+00 -6.20690e-01       3.210e+12  9.982434e-01 -1.001397e-02  4.769614e-02  1.756604e-03
 2.27586e+00 -6.20690e-01       1.213e+12  9.970056e-01 -8.225037e-03  6.149309e-02  2.994441e-03
 2.68966e+00 -6.20690e-01       1.594e+12  9.977545e-01 -7.631011e-03  5.737606e-02  2.245471e-03
 3.10345e+00 -6.20690e-01       1.977e+12  9.981368e-01 -8.137836e-03  5.554038e-02  1.863215e-03
 3.51724e+00 -6.20690e-01       1.403e+12  9.979081e-01 -8.533528e-03  5.727606e-02  2.091860e-03
 3.93103e+00 -6.20690e-01       6.112e+11  9.959653e-01 -6.854224e-03  6.823451e-02  4.034719e-03
 4.34483e+00 -6.20690e-01       2.727e+11  9.900546e-01  6.253218e-03  1.009817e-01  9.945392e-03
 4.75862e+00 -6.20690e-01       2.460e+11  9.873739e-01  1.676545e-02  1.231164e-01  1.262613e-02
 5.17241e+00 -6.20690e-01       2.765e+11  9.857994e-01  1.247510e-02  1.335788e-01  1.420058e-02
 5.58621e+00 -6.20690e-01       2.386e+11  9.759519e-01  1.113400e-02  1.571044e-01  2.404809e-02
 6.00000e+00 -6.20690e-01       1.522e+11  9.405505e-01  8.420421e-03  2.253035e-01  5.944951e-02
-6.00000e+00 -2.06897e-01       1.286e+11  9.839944e-01 -1.053239e-02 -1.101122e-01  1.600558e-02
-5.58621e+00 -2.06897e-01       2.034e+11  9.936497e-01 -5.370910e-03 -6.978071e-02  6.350350e-03
-5.17241e+00 -2.06897e-01       2.286e+11  9.963362e-01 -3.928701e-03 -5.935459e-02  3.663793e-03
-4.75862e+00 -2.06897e-01       1.955e+11  9.964461e-01 -2.947757e-03 -5.975403e-02  3.553904e-03
-4.34483e+00 -2.06897e-01       2.156e+11  9.967632e-01 -1.646970e-03 -5.093879e-02  3.236809e-03
-3.93103e+00 -2.06897e-01       5.498e+11  9.986060e-01  1.137570e-03 -3.686151e-02  1.394043e-03
-3.51724e+00 -2.06897e-01       1.352e+12  9.992008e-01  3.098484e-03 -3.345205e-02  7.992434e-04
-3.10345e+00 -2.06897e-01       1.967e+12  9.992399e-01  3.611964e-03 -3.375329e-02  7.600663e-04
-2.68966e+00 -2.06897e-01       1.812e+12  9.990787e-01  2.531996e-03 -3.652857e-02  9.212897e-04
-2.27586e+00 -2.06897e-01       2.151e+12  9.991512e-01 -1.973415e-03 -3.546447e-02  8.487853e-04
-1.86207e+00 -2.06897e-01       6.180e+12  9.995194e-01 -4.818114e-03 -2.761892e-02  4.805849e-04
-1.44828e+00 -2.06897e-01       1.873e+13  9.996802e-01 -5.468273e-03 -2.267478e-02  3.197652e-04
-1.03448e+00 -2.06897e-01       4.066e+13  9.997742e-01 -5.758080e-03 -1.850294e-02  2.257503e-04
-6.20690e-01 -2.06897e-01       6.295e+13  9.998543e-01 -5.854252e-03 -1.373595e-02  1.457425e-04
-2.06897e-01 -2.06897e-01       7.543e+13  9.999175e-01 -5.846037e-03 -8.207605e-03  8.246762e-05
 2.06897e-01 -2.06897e-01       7.514e+13  9.999516e-01 -5.872924e-03 -2.541093e-03  4.840862e-05
 6.20690e-01 -2.06897e-01       6.198e+13  9.999553e-01 -5.981665e-03  2.300720e-03  4.470062e-05
 1.03448e+00 -2.06897e-01       3.917e+13  9.999386e-01 -6.101919e-03  5.884806e-03  6.144337e-05
 1.44828e+00 -2.06897e-01       1.730e+13  9.998994e-01 -6.150942e-03  8.614140e-03  1.005941e-04
 1.86207e+00 -2.06897e-01       5.169e+12  9.997832e-01 -5.980218e-03  1.195359e-02  2.168397e-04
 2.27586e+00 -2.06897e-01       1.523e+12  9.995039e-01 -4.858723e-03  1.675694e-02  4.961189e-04
 2.68966e+00 -2.06897e-01       1.506e+12  9.996278e-01 -3.893180e-03  1.443305e-02  3.722283e-04
 3.10345e+00 -2.06897e-01       1.949e+12  9.997847e-01 -3.796794e-03  1.297632e-02  2.152887e-04
 3.51724e+00 -2.06897e-01       1.491e+12  9.997978e-01 -3.356920e-03  1.332620e-02  2.021558e-04
 3.93103e+00 -2.06897e-01       6.814e+11  9.996093e-01 -1.751567e-03  1.581042e-02  3.907148e-04
 4.34483e+00 -2.06897e-01       2.829e+11  9.989908e-01  1.824871e-03  2.230915e-02  1.009220e-03
 4.75862e+00 -2.06897e-01       2.252e+11  9.986410e-01  2.275468e-03  2.603092e-02  1.358966e-03
 5.17241e+00 -2.06897e-01       2.578e+11  9.985286e-01  2.439854e-03  2.878777e-02  1.471398e-03
 5.58621e+00 -2.06897e-01       2.297e+11  9.975196e-01  3.158446e-03  3.637267e-02  2.480394e-03
 6.00000e+00 -2.06897e-01       1.395e+11  9.930462e-01 -3.391341e-03  5.970993e-02  6.953794e-03
-6.00000e+00  2.06897e-01       1.282e+11  9.893228e-01 -2.007300e-02  7.019183e-02  1.067717e-02
-5.58621e+00  2.06897e-01       2.031e+11  9.954007e-01 -9.935167e-03  4.242017e-02  4.599333e-03
-5.17241e+00  2.06897e-01       2.280e+11  9.972091e-01 -8.473095e-03  3.720167e-02  2.790899e-03
-4.75862e+00  2.06897e-01       1.946e+11  9.976727e-01 -1.498407e-02  3.879960e-02  2.327321e-03
-4.34483e+00  2.06897e-01       2.150e+11  9.984056e-01 -1.467131e-02  2.871027e-02  1.594382e-03
-3.93103e+00  2.06897e-01       5.510e+11  9.994799e-01 -5.025720e-03  1.495210e-02  5.201068e-04
-3.51724e+00  2.06897e-01       1.358e+12  9.997387e-01 -1.861882e-03  1.209884e-02  2.613355e-04
-3.10345e+00  2.06897e-01       1.978e+12  9.997540e-01 -1.577667e-03  1.003436e-02  2.459508e-04
-2.68966e+00  2.06897e-01       1.829e+12  9.997067e-01 -3.928474e-03  6.184716e-03  2.933428e-04
-2.27586e+00  2.06897e-01       2.174e+12  9.997409e-01 -9.288953e-03  5.196903e-03  2.591027e-04
-1.86207e+00  2.06897e-01       6.203e+12  9.998541e-01 -9.261497e-03  7.720091e-03  1.458801e-04
-1.44828e+00  2.06897e-01       1.875e+13  9.999091e-01 -7.167286e-03  7.222170e-03  9.093989e-05
-1.03448e+00  2.06897e-01       4.067e+13  9.999434e-01 -5.389702e-03  5.165491e-03  5.657022e-05
-6.20690e-01  2.06897e-01       6.297e+13  9.999645e-01 -4.064431e-03  1.800586e-03  3.553435e-05
-2.06897e-01  2.06897e-01       7.547e+13  9.999634e-01 -3.235835e-03 -2.893151e-03  3.663001e-05
 2.06897e-01  2.06897e-01       7.521e+13  9.999308e-01 -2.763047e-03 -8.393679e-03  6.919293e-05
 6.20690e-01  2.06897e-01       6.205e+13  9.998692e-01 -2.373641e-03 -1.376899e-02  1.308068e-04
 1.03448e+00  2.06897e-01       3.921e+13  9.997895e-01 -1.917664e-03 -1.845452e-02  2.104900e-04
 1.44828e+00  2.06897e-01       1.733e+13  9.996988e-01 -1.384105e-03 -2.240890e-02  3.011830e-04
 1.86207e+00  2.06897e-01       5.183e+12  9.995886e-01 -6.982299e-04 -2.577673e-02  4.114369e-04
 2.27586e+00  2.06897e-01       1.532e+12  9.993756e-01  1.432888e-04 -3.010286e-02  6.243767e-04
 2.68966e+00  2.06897e-01       1.511e+12  9.992662e-01 -7.046461e-05 -3.406632e-02  7.338454e-04
 3.10345e+00  2.06897e-01       1.951e+12  9.993165e-01  3.726980e-04 -3.426029e-02  6.834762e-04
 3.51724e+00  2.06897e-01       1.492e+12  9.992813e-01  1.670535e-03 -3.455806e-02  7.187172e-04
 3.93103e+00  2.06897e-01       6.824e+11  9.988490e-01  3.588381e-03 -3.845485e-02  1.150987e-03
 4.34483e+00  2.06897e-01       2.839e+11  9.971986e-01  1.900293e-04 -5.487743e-02  2.801368e-03
 4.75862e+00  2.06897e-01       2.261e+11  9.957226e-01 -1.062389e-02 -7.188492e-02  4.277352e-03
 5.17241e+00  2.06897e-01       2.589e+11  9.950704e-01 -9.718284e-03 -7.668280e-02  4.929631e-03
 5.58621e+00  2.06897e-01       2.309e+11  9.924590e-01 -6.976206e-03 -8.553684e-02  7.541016e-03
 6.00000e+00  2.06897e-01       1.404e+11  9.827205e-01 -8.781408e-03 -1.194365e-01  1.727952e-02
-6.00000e+00  6.20690e-01       1.275e+11  9.126623e-01 -2.053343e-02  2.250193e-01  8.733773e-02
-5.58621e+00  6.20690e-01       2.150e+11  9.624270e-01 -3.376067e-03  1.635109e-01  3.757303e-02
-5.17241e+00  6.20690e-01       2.509e+11  9.773375e-01 -1.240152e-02  1.459886e-01  2.266251e-02
-4.75862e+00  6.20690e-01       2.122e+11  9.802886e-01 -3.305043e-02  1.410870e-01  1.971141e-02
-4.34483e+00  6.20690e-01       2.060e+11  9.841687e-01 -3.304848e-02  1.114239e-01  1.583129e-02
-3.93103e+00  6.20690e-01       4.869e+11  9.948500e-01 -1.201858e-02  6.491094e-02  5.150021e-03
-3.51724e+00  6.20690e-01       1.264e+12  9.979025e-01 -6.775502e-03  5.380131e-02  2.097497e-03
-3.10345e+00  6.20690e-01       1.978e+12  9.984037e-01 -6.527240e-03  4.999479e-02  1.596303e-03
-2.68966e+00  6.20690e-01       1.876e+12  9.984946e-01 -9.365086e-03  4.553164e-02  1.505410e-03
-2.27586e+00  6.20690e-01       1.808e+12  9.984233e-01 -1.589585e-02  4.214197e-02  1.576656e-03
-1.86207e+00  6.20690e-01       4.129e+12  9.987516e-01 -1.517310e-02  3.893555e-02  1.248378e-03
-1.44828e+00  6.20690e-01       1.287e+13  9.992026e-01 -1.053409e-02  3.242479e-02  7.974038e-04
-1.03448e+00  6.20690e-01       3.099e+13  9.995054e-01 -6.530384e-03  2.447507e-02  4.946337e-04
-6.20690e-01  6.20690e-01       5.304e+13  9.997073e-01 -3.409126e-03  1.412172e-02  2.926592e-04
-2.06897e-01  6.20690e-01       6.754e+13  9.997862e-01 -1.264320e-03  1.114039e-03  2.137809e-04
 2.06897e-01  6.20690e-01       6.715e+13  9.996918e-01  1.095025e-04 -1.326197e-02  3.081871e-04
 6.20690e-01  6.20690e-01       5.194e+13  9.994276e-01  1.101702e-03 -2.700865e-02  5.723558e-04
 1.03448e+00  6.20690e-01       2.956e+13  9.990478e-01  1.975238e-03 -3.896119e-02  9.521939e-04
 1.44828e+00  6.20690e-01       1.163e+13  9.985731e-01  2.881418e-03 -4.946288e-02  1.426883e-03
 1.86207e+00  6.20690e-01       3.251e+12  9.978536e-01  4.104549e-03 -6.077521e-02  2.146433e-03
 2.27586e+00  6.20690e-01       1.238e+12  9.967407e-01  4.602656e-03 -7.481420e-02  3.259334e-03
 2.68966e+00  6.20690e-01       1.600e+12  9.967477e-01  3.690170e-03 -7.667988e-02  3.252264e-03
 3.10345e+00  6.20690e-01       1.977e+12  9.968999e-01  4.715162e-03 -7.568303e-02  3.100141e-03
 3.51724e+00  6.20690e-01       1.403e+12  9.965159e-01  6.866364e-03 -7.736491e-02  3.484149e-03
 3.93103e+00  6.20690e-01       6.141e+11  9.937198e-01  8.510121e-03 -9.045392e-02  6.280221e-03
 4.34483e+00  6.20690e-01       2.766e+11  9.847936e-01 -5.825026e-03 -1.338136e-01  1.520639e-02
 4.75862e+00  6.20690e-01       2.490e+11  9.794537e-01 -2.793914e-02 -1.649874e-01  2.054633e-02
 5.17241e+00  6.20690e-01       2.794e+11  9.757415e-01 -2.568095e-02 -1.772999e-01  2.425852e-02
 5.58621e+00  6.20690e-01       2.415e+11  9.604680e-01 -2.514054e-02 -2.051818e-01  3.953200e-02
 6.00000e+00  6.20690e-01       1.546e+11  9.121852e-01 -3.656440e-02 -2.834044e-01  8.781475e-02
-6.00000e+00  1.03448e+00       1.526e+11  7.809741e-01  2.539607e-02  3.668730e-01  2.190259e-01
-5.58621e+00  1.03448e+00       2.493e+11  8.829950e-01 -2.503613e-02  3.085566e-01  1.170050e-01
-5.17241e+00  1.03448e+00       2.870e+11  9.281680e-01 -5.451196e-02  2.561978e-01  7.183195e-02
-4.75862e+00  1.03448e+00       2.337e+11  9.444072e-01 -7.031900e-02  2.248432e-01  5.559275e-02
-4.34483e+00  1.03448e+00       1.932e+11  9.517244e-01 -5.446322e-02  1.928775e-01  4.827564e-02
-3.93103e+00  1.03448e+00       3.755e+11  9.818723e-01 -1.940915e-02  1.118485e-01  1.812767e-02
-3.51724e+00  1.03448e+00       1.052e+12  9.943747e-01 -1.096752e-02  8.316636e-02  5.625269e-03
-3.10345e+00  1.03448e+00       1.909e+12  9.964152e-01 -1.063401e-02  7.628065e-02  3.584842e-03
-2.68966e+00  1.03448e+00       2.010e+12  9.967774e-01 -1.336284e-02  7.107926e-02  3.222561e-03
-2.27586e+00  1.03448e+00       1.580e+12  9.963799e-01 -2.092282e-02  6.768611e-02  3.620124e-03
-1.86207e+00  1.03448e+00       1.945e+12  9.961074e-01 -2.458802e-02  6.481595e-02  3.892647e-03
-1.44828e+00  1.03448e+00       4.706e+12  9.976111e-01 -1.958652e-02  4.837295e-02  2.388894e-03
-1.03448e+00  1.03448e+00       1.239e+13  9.988251e-01 -1.409548e-02  3.187950e-02  1.174874e-03
-6.20690e-01  1.03448e+00       2.480e+13  9.993773e-01 -8.842234e-03  1.724143e-02  6.227336e-04
-2.06897e-01  1.03448e+00       3.484e+13  9.995536e-01 -4.546786e-03  1.108396e-03  4.464093e-04
 2.06897e-01  1.03448e+00       3.444e+13  9.994183e-01 -1.599491e-03 -1.642795e-02  5.816664e-04
 6.20690e-01  1.03448e+00       2.385e+13  9.989816e-01  1.750881e-04 -3.391007e-02  1.018449e-03
 1.03448e+00  1.03448e+00       1.138e+13  9.982033e-01  1.403546e-03 -5.107852e-02  1.796747e-03
 1.44828e+00  1.03448e+00       3.865e+12  9.967058e-01  3.310353e-03 -7.122188e-02  3.294250e-03
 1.86207e+00  1.03448e+00       1.281e+12  9.938449e-01  6.860448e-03 -9.831204e-02  6.155087e-03
 2.27586e+00  1.03448e+00       1.132e+12  9.931393e-01  7.131916e-03 -1.068302e-01  6.860681e-03
 2.68966e+00  1.03448e+00       1.832e+12  9.941614e-01  7.199643e-03 -1.021384e-01  5.838645e-03
 3.10345e+00  1.03448e+00       1.971e+12  9.942825e-01  9.243911e-03 -1.015313e-01  5.717514e-03
 3.51724e+00  1.03448e+00       1.205e+12  9.926270e-01  1.240952e-02 -1.073015e-01  7.372952e-03
 3.93103e+00  1.03448e+00       4.932e+11  9.829551e-01  1.243941e-02 -1.392765e-01  1.704488e-02
 4.34483e+00  1.03448e+00       2.615e+11  9.601995e-01 -1.698007e-02 -2.181968e-01  3.980047e-02
 4.75862e+00  1.03448e+00       2.914e+11  9.509271e-01 -4.527607e-02 -2.582821e-01  4.907294e-02
 5.17241e+00  1.03448e+00       3.412e+11  9.369778e-01 -4.169070e-02 -2.853512e-01  6.302219e-02
 5.58621e+00  1.03448e+00       2.944e+11  8.958407e-01 -3.833158e-02 -3.488870e-01  1.041593e-01
 6.00000e+00  1.03448e+00       2.049e+11  8.186201e-01 -4.718004e-02 -4.509652e-01  1.813799e-01
-6.00000e+00  1.44828e+00       1.952e+11  5.510583e-01  5.829793e-02  5.979763e-01  4.489417e-01
-5.58621e+00  1.44828e+00       2.486e+11  7.679104e-01 -2.194078e-02  4.034962e-01  2.320896e-01
-5.17241e+00  1.44828e+00       2.919e+11  8.810375e-01 -3.763434e-02  2.986063e-01  1.189625e-01
-4.75862e+00  1.44828e+00       2.629e+11  9.185654e-01 -4.546973e-02  2.740114e-01  8.143458e-02
-4.34483e+00  1.44828e+00       2.072e+11  9.166631e-01 -5.679797e-02  2.735818e-01  8.333686e-02
-3.93103e+00  1.44828e+00       2.647e+11  9.494585e-01 -3.339409e-02  1.751333e-01  5.054149e-02
-3.51724e+00  1.44828e+00       7.268e+11  9.877132e-01 -1.508164e-02  9.663541e-02  1.228679e-02
-3.10345e+00  1.44828e+00       1.637e+12  9.951912e-01 -1.408605e-02  8.002046e-02  4.808819e-03
-2.68966e+00  1.44828e+00       2.143e+12  9.964029e-01 -1.647361e-02  7.239556e-02  3.597103e-03
-2.27586e+00  1.44828e+00       1.735e+12  9.961681e-01 -2.343059e-02  6.695701e-02  3.831925e-03
-1.86207e+00  1.44828e+00       1.342e+12  9.942515e-01 -3.301725e-02  7.212611e-02  5.748512e-03
-1.44828e+00  1.44828e+00       1.539e+12  9.928681e-01 -2.693267e-02  8.078492e-02  7.131930e-03
-1.03448e+00  1.44828e+00       1.917e+12  9.936103e-01 -1.741685e-02  6.392503e-02  6.389736e-03
-6.20690e-01  1.44828e+00       2.356e+12  9.956283e-01 -2.145390e-02  2.275672e-02  4.371737e-03
-2.06897e-01  1.44828e+00       2.822e+12  9.971114e-01 -2.811050e-02 -1.221872e-02  2.888582e-03
 2.06897e-01  1.44828e+00       2.711e+12  9.971405e-01 -2.509160e-02 -3.622593e-02  2.859515e-03
 6.20690e-01  1.44828e+00       2.035e+12  9.955626e-01 -1.171529e-02 -6.474772e-02  4.437364e-03
 1.03448e+00  1.44828e+00       1.410e+12  9.925345e-01  3.763167e-03 -9.946632e-02  7.465547e-03
 1.44828e+00  1.44828e+00       9.561e+11  9.895244e-01  8.751095e-03 -1.227343e-01  1.047559e-02
 1.86207e+00  1.44828e+00       8.527e+11  9.896595e-01  8.155856e-03 -1.196304e-01  1.034053e-02
 2.27586e+00  1.44828e+00       1.449e+12  9.928671e-01  8.605541e-03 -1.046181e-01  7.132886e-03
 2.68966e+00  1.44828e+00       2.106e+12  9.939998e-01  1.071856e-02 -1.008251e-01  6.000170e-03
 3.10345e+00  1.44828e+00       1.772e+12  9.933584e-01  1.398202e-02 -1.036758e-01  6.641610e-03
 3.51724e+00  1.44828e+00       8.836e+11  9.874705e-01  1.796008e-02 -1.219308e-01  1.252949e-02
 3.93103e+00  1.44828e+00       3.661e+11  9.617914e-01  8.541258e-03 -1.945344e-01  3.820859e-02
 4.34483e+00  1.44828e+00       2.600e+11  9.326743e-01 -3.449898e-02 -2.848907e-01  6.732566e-02
 4.75862e+00  1.44828e+00       3.114e+11  9.268426e-01 -4.605912e-02 -3.141876e-01  7.315740e-02
 5.17241e+00  1.44828e+00       3.449e+11  8.983121e-01 -3.311385e-02 -3.497655e-01  1.016879e-01
 5.58621e+00  1.44828e+00       2.780e+11  8.039699e-01 -1.466085e-02 -4.405117e-01  1.960301e-01
 6.00000e+00  1.44828e+00       1.892e+11  5.885296e-01  1.632631e-02 -6.039308e-01  4.114704e-01
-6.00000e+00  1.86207e+00       1.751e+11  3.763909e-01 -1.472378e-03  6.103477e-01  6.236091e-01
-5.58621e+00  1.86207e+00       2.673e+11  6.639854e-01 -3.326555e-02  5.057712e-01  3.360146e-01
-5.17241e+00  1.86207e+00       3.523e+11  8.051769e-01 -6.215336e-02  4.076874e-01  1.948231e-01
-4.75862e+00  1.86207e+00       3.301e+11  8.717013e-01 -7.853343e-02  3.419619e-01  1.282987e-01
-4.34483e+00  1.86207e+00       2.474e+11  8.837581e-01 -7.874305e-02  3.259110e-01  1.162419e-01
-3.93103e+00  1.86207e+00       2.071e+11  8.899141e-01 -5.324035e-02  2.739872e-01  1.100859e-01
-3.51724e+00  1.86207e+00       3.924e+11  9.636440e-01 -1.813583e-02  1.122690e-01  3.635601e-02
-3.10345e+00  1.86207e+00       1.083e+12  9.931621e-01 -1.412070e-02  5.528003e-02  6.837859e-03
-2.68966e+00  1.86207e+00       1.979e+12  9.974305e-01 -1.731726e-02  3.942122e-02  2.569549e-03
-2.27586e+00  1.86207e+00       2.081e+12  9.977709e-01 -2.307817e-02  2.901212e-02  2.229082e-03
-1.86207e+00  1.86207e+00       1.418e+12  9.961477e-01 -3.496669e-02  2.333065e-02  3.852344e-03
-1.44828e+00  1.86207e+00       1.047e+12  9.927807e-01 -5.210316e-02  2.929079e-02  7.219307e-03
-1.03448e+00  1.86207e+00       1.384e+12  9.934117e-01 -5.209111e-02  3.567876e-02  6.588272e-03
-6.20690e-01  1.86207e+00       2.059e+12  9.959985e-01 -3.680125e-02  2.907070e-02  4.001466e-03
-2.06897e-01  1.86207e+00       2.481e+12  9.974995e-01 -2.174700e-02  8.912661e-03  2.500545e-03
 2.06897e-01  1.86207e+00       2.335e+12  9.973001e-01 -1.562678e-02 -2.133449e-02  2.699903e-03
 6.20690e-01  1.86207e+00       1.695e+12  9.949959e-01 -1.871761e-02 -5.390672e-02  5.004095e-03
 1.03448e+00  1.86207e+00       9.603e+11  9.899864e-01 -2.099328e-02 -8.388285e-02  1.001360e-02
 1.44828e+00  1.86207e+00       6.681e+11  9.869013e-01 -5.073615e-03 -9.246621e-02  1.309873e-02
 1.86207e+00  1.86207e+00       1.145e+12  9.934055e-01  8.224445e-03 -6.756147e-02  6.594458e-03
 2.27586e+00  1.86207e+00       1.995e+12  9.964233e-01  1.199517e-02 -5.946948e-02  3.576698e-03
 2.68966e+00  1.86207e+00       2.079e+12  9.965581e-01  1.553816e-02 -6.225500e-02  3.441928e-03
 3.10345e+00  1.86207e+00       1.252e+12  9.930749e-01  2.001908e-02 -7.681971e-02  6.925097e-03
 3.51724e+00  1.86207e+00       5.285e+11  9.729800e-01  2.225098e-02 -1.373180e-01  2.702001e-02
 3.93103e+00  1.86207e+00       2.861e+11  9.253587e-01 -9.215954e-03 -2.704817e-01  7.464130e-02
 4.34483e+00  1.86207e+00       3.048e+11  9.072060e-01 -5.411380e-02 -3.411563e-01  9.279396e-02
 4.75862e+00  1.86207e+00       4.024e+11  8.943379e-01 -5.646340e-02 -3.742796e-01  1.056621e-01
 5.17241e+00  1.86207e+00       4.176e+11  8.400124e-01 -4.737722e-02 -4.367059e-01  1.599876e-01
 5.58621e+00  1.86207e+00       3.302e+11  7.211419e-01 -4.886182e-02 -5.543437e-01  2.788581e-01
 6.00000e+00  1.86207e+00       2.509e+11  5.284581e-01 -4.579614e-02 -6.912559e-01  4.715419e-01
-6.00000e+00  2.27586e+00       2.917e+11  1.962851e-01  3.749004e-02  8.307081e-01  8.037149e-01
-5.58621e+00  2.27586e+00       2.873e+11  5.051365e-01  7.386412e-03  6.465488e-01  4.948635e-01
-5.17241e+00  2.27586e+00       3.728e+11  7.418107e-01 -3.007463e-02  4.710342e-01  2.581893e-01
-4.75862e+00  2.27586e+00       4.012e+11  8.474556e-01 -5.793055e-02  3.783068e-01  1.525444e-01
-4.34483e+00  2.27586e+00       3.276e+11  8.779614e-01 -7.851633e-02  3.455329e-01  1.220386e-01
-3.93103e+00  2.27586e+00       2.358e+11  8.594634e-01 -7.404279e-02  3.454116e-01  1.405366e-01
-3.51724e+00  2.27586e+00       2.133e+11  8.832292e-01 -3.426091e-02  2.201777e-01  1.167708e-01
-3.10345e+00  2.27586e+00       4.578e+11  9.713424e-01 -6.948070e-03  1.942608e-02  2.865764e-02
-2.68966e+00  2.27586e+00       1.193e+12  9.934770e-01 -1.237374e-02 -3.845775e-02  6.523002e-03
-2.27586e+00  2.27586e+00       1.989e+12  9.947772e-01 -2.062597e-02 -6.207559e-02  5.222808e-03
-1.86207e+00  2.27586e+00       1.933e+12  9.926988e-01 -3.246732e-02 -7.998430e-02  7.301182e-03
-1.44828e+00  2.27586e+00       1.233e+12  9.887149e-01 -5.136409e-02 -8.487262e-02  1.128512e-02
-1.03448e+00  2.27586e+00       7.431e+11  9.845757e-01 -5.869234e-02 -5.197265e-02  1.542426e-02
-6.20690e-01  2.27586e+00       5.487e+11  9.822045e-01 -2.049245e-02 -1.086546e-02  1.779555e-02
-2.06897e-01  2.27586e+00       4.419e+11  9.787632e-01  3.628920e-02 -1.332309e-02  2.123684e-02
 2.06897e-01  2.27586e+00       3.934e+11  9.755725e-01  5.832836e-02 -5.136386e-02  2.442746e-02
 6.20690e-01  2.27586e+00       3.917e+11  9.735912e-01  2.993208e-02 -7.629077e-02  2.640884e-02
 1.03448e+00  2.27586e+00       5.149e+11  9.782716e-01 -2.424360e-03 -2.601598e-02  2.172842e-02
 1.44828e+00  2.27586e+00       1.057e+12  9.896371e-01  1.304176e-03  3.793604e-02  1.036291e-02
 1.86207e+00  2.27586e+00       1.901e+12  9.949912e-01  1.077001e-02  4.949796e-02  5.008834e-03
 2.27586e+00  2.27586e+00       2.097e+12  9.964939e-01  1.661536e-02  4.065510e-02  3.506090e-03
 2.68966e+00  2.27586e+00       1.363e+12  9.949575e-01  2.179884e-02  1.864894e-02  5.042529e-03
 3.10345e+00  2.27586e+00       6.098e+11  9.801222e-01  2.837286e-02 -4.861471e-02  1.987781e-02
 3.51724e+00  2.27586e+00       3.147e+11  9.311792e-01  1.200140e-02 -2.126916e-01  6.882076e-02
 3.93103e+00  2.27586e+00       2.928e+11  9.006220e-01 -4.267774e-02 -3.237173e-01  9.937797e-02
 4.34483e+00  2.27586e+00       3.886e+11  9.021999e-01 -6.288783e-02 -3.541249e-01  9.780013e-02
 4.75862e+00  2.27586e+00       4.668e+11  8.793268e-01 -5.166952e-02 -3.903683e-01  1.206732e-01
 5.17241e+00  2.27586e+00       4.073e+11  7.905174e-01 -4.280513e-02 -4.696729e-01  2.094826e-01
 5.58621e+00  2.27586e+00       2.928e+11  5.730439e-01 -3.573504e-02 -6.269483e-01  4.269561e-01
 6.00000e+00  2.27586e+00       2.601e+11  2.106025e-01 -1.213266e-02 -7.971570e-01  7.893975e-01
-6.00000e+00  2.68966e+00       3.928e+11  1.640480e-01  1.392324e-01  8.463721e-01  8.359520e-01
-5.58621e+00  2.68966e+00       3.321e+11  3.756791e-01  9.222024e-02  7.467242e-01  6.243209e-01
-5.17241e+00  2.68966e+00       3.890e+11  6.347373e-01 -2.352832e-04  5.562893e-01  3.652627e-01
-4.75862e+00  2.68966e+00       4.609e+11  8.034510e-01 -4.472640e-02  4.114541e-01  1.965490e-01
-4.34483e+00  2.68966e+00       4.258e+11  8.765696e-01 -6.930698e-02  3.377091e-01  1.234304e-01
-3.93103e+00  2.68966e+00       3.244e+11  8.802888e-01 -7.762240e-02  3.304645e-01  1.197112e-01
-3.51724e+00  2.68966e+00       2.288e+11  8.424474e-01 -6.086940e-02  3.327435e-01  1.575526e-01
-3.10345e+00  2.68966e+00       1.862e+11  8.585615e-01 -9.507935e-03  1.641323e-01  1.414385e-01
-2.68966e+00  2.68966e+00       3.356e+11  9.465886e-01  1.952277e-02 -1.152080e-01  5.341141e-02
-2.27586e+00  2.68966e+00       8.579e+11  9.625877e-01  2.164937e-03 -2.189344e-01  3.741233e-02
-1.86207e+00  2.68966e+00       1.559e+12  9.517018e-01 -1.589655e-02 -2.710457e-01  4.829817e-02
-1.44828e+00  2.68966e+00       1.715e+12  9.333600e-01 -3.950185e-02 -3.149882e-01  6.663999e-02
-1.03448e+00  2.68966e+00       1.137e+12  9.048786e-01 -7.432800e-02 -3.525795e-01  9.512135e-02
-6.20690e-01  2.68966e+00       5.001e+11  8.559231e-01 -1.121143e-01 -3.624672e-01  1.440769e-01
-2.06897e-01  2.68966e+00       2.231e+11  7.964698e-01 -9.485630e-02 -2.286731e-01  2.035302e-01
 2.06897e-01  2.68966e+00       2.391e+11  8.317250e-01 -3.614631e-02  1.318436e-01  1.682750e-01
 6.20690e-01  2.68966e+00       5.401e+11  8.948843e-01 -2.322076e-02  3.163013e-01  1.051157e-01
 1.03448e+00  2.68966e+00       1.181e+12  9.256304e-01 -4.939400e-03  3.306745e-01  7.436959e-02
 1.44828e+00  2.68966e+00       1.779e+12  9.438198e-01  1.224330e-02  3.001375e-01  5.618020e-02
 1.86207e+00  2.68966e+00       1.679e+12  9.573273e-01  2.215104e-02  2.575724e-01  4.267272e-02
 2.27586e+00  2.68966e+00       1.009e+12  9.671594e-01  2.904814e-02  1.987653e-01  3.284057e-02
 2.68966e+00  2.68966e+00       4.767e+11  9.640323e-01  4.048121e-02  7.504537e-02  3.596772e-02
 3.10345e+00  2.68966e+00       2.966e+11  9.284130e-01  3.018555e-02 -1.494568e-01  7.158696e-02
 3.51724e+00  2.68966e+00       2.895e+11  9.019212e-01 -2.474698e-02 -2.808500e-01  9.807879e-02
 3.93103e+00  2.68966e+00       3.743e+11  9.093958e-01 -6.134552e-02 -3.130587e-01  9.060425e-02
 4.34483e+00  2.68966e+00       5.058e+11  9.051178e-01 -5.613245e-02 -3.461775e-01  9.488223e-02
 4.75862e+00  2.68966e+00       5.202e+11  8.519276e-01 -4.274827e-02 -4.080785e-01  1.480724e-01
 5.17241e+00  2.68966e+00       4.015e+11  7.051588e-01 -3.120214e-02 -5.377660e-01  2.948412e-01
 5.58621e+00  2.68966e+00       2.986e+11  4.520178e-01 -3.139905e-03 -7.175630e-01  5.479822e-01
 6.00000e+00  2.68966e+00       3.096e+11  1.435546e-01  1.190241e-02 -8.277989e-01  8.564454e-01
-6.00000e+00  3.10345e+00       5.288e+11  6.069126e-02  3.834605e-02  8.811489e-01  9.393087e-01
-5.58621e+00  3.10345e+00       3.774e+11  2.471964e-01  6.334146e-02  8.184651e-01  7.528036e-01
-5.17241e+00  3.10345e+00       3.861e+11  4.995348e-01  6.797434e-03  6.590129e-01  5.004652e-01
-4.75862e+00  3.10345e+00       4.883e+11  7.248717e-01 -4.003917e-02  4.688487e-01  2.751283e-01
-4.34483e+00  3.10345e+00       5.235e+11  8.552028e-01 -5.860415e-02  3.346296e-01  1.447972e-01
-3.93103e+00  3.10345e+00       4.456e+11  9.077186e-01 -7.149169e-02  2.742064e-01  9.228143e-02
-3.51724e+00  3.10345e+00       3.370e+11  8.927434e-01 -6.796295e-02  2.879939e-01  1.072566e-01
-3.10345e+00  3.10345e+00       2.343e+11  8.377417e-01 -4.618211e-02  2.979067e-01  1.622583e-01
-2.68966e+00  3.10345e+00       1.537e+11  8.050139e-01  1.786593e-02  1.571913e-01  1.949861e-01
-2.27586e+00  3.10345e+00       1.430e+11  8.410413e-01  1.082143e-01 -1.859315e-01  1.589587e-01
-1.86207e+00  3.10345e+00       2.383e+11  8.158501e-01  9.911550e-02 -4.516015e-01  1.841499e-01
-1.44828e+00  3.10345e+00       4.516e+11  7.002813e-01  8.805556e-02 -6.085647e-01  2.997187e-01
-1.03448e+00  3.10345e+00       6.839e+11  5.257756e-01  9.696296e-02 -7.024646e-01  4.742244e-01
-6.20690e-01  3.10345e+00       7.529e+11  2.668185e-01  1.095147e-01 -6.773924e-01  7.331815e-01
-2.06897e-01  3.10345e+00       6.872e+11 -2.220515e-02  1.244629e-01 -3.317520e-01  9.777949e-01
 2.06897e-01  3.10345e+00       6.931e+11 -1.988322e-02  1.318804e-01  3.113065e-01  9.801168e-01
 6.20690e-01  3.10345e+00       7.807e+11  2.757213e-01  1.139954e-01  6.672275e-01  7.242787e-01
 1.03448e+00  3.10345e+00       7.458e+11  5.405444e-01  8.297373e-02  6.878241e-01  4.594556e-01
 1.44828e+00  3.10345e+00       5.420e+11  7.229510e-01  5.926304e-02  5.715225e-01  2.770490e-01
 1.86207e+00  3.10345e+00       3.409e+11  8.489216e-01  6.262062e-02  3.890371e-01  1.510784e-01
 2.27586e+00  3.10345e+00       2.507e+11  9.097153e-01  7.919153e-02  1.399908e-01  9.028474e-02
 2.68966e+00  3.10345e+00       2.548e+11  9.137591e-01  4.773365e-02 -1.071082e-01  8.624093e-02
 3.10345e+00  3.10345e+00       2.881e+11  9.067146e-01 -1.398774e-02 -2.133776e-01  9.328544e-02
 3.51724e+00  3.10345e+00       3.643e+11  9.208581e-01 -5.743632e-02 -2.354092e-01  7.914189e-02
 3.93103e+00  3.10345e+00       5.226e+11  9.301510e-01 -5.794128e-02 -2.713051e-01  6.984904e-02
 4.34483e+00  3.10345e+00       6.159e+11  8.973676e-01 -4.598488e-02 -3.353745e-01  1.026324e-01
 4.75862e+00  3.10345e+00       5.428e+11  7.912344e-01 -4.085758e-02 -4.593798e-01  2.087656e-01
 5.17241e+00  3.10345e+00       4.274e+11  6.048485e-01 -3.400528e-02 -6.467172e-01  3.951515e-01
 5.58621e+00  3.10345e+00       3.908e+11  3.761967e-01 -1.141044e-02 -7.957110e-01  6.238033e-01
 6.00000e+00  3.10345e+00       5.126e+11  9.783772e-02 -9.023011e-03 -8.771225e-01  9.021623e-01
-6.00000e+00  3.51724e+00       8.057e+11  7.133930e-02  2.115353e-02  9.114585e-01  9.286607e-01
-5.58621e+00  3.51724e+00       5.391e+11  2.189898e-01  6.815337e-02  8.669557e-01  7.810102e-01
-5.17241e+00  3.51724e+00       4.142e+11  3.906305e-01  5.831320e-02  7.716705e-01  6.093695e-01
-4.75862e+00  3.51724e+00       4.661e+11  6.213653e-01 -1.236939e-02  5.698626e-01  3.786347e-01
-4.34483e+00  3.51724e+00       5.734e+11  8.048066e-01 -4.739770e-02  3.663949e-01  1.951934e-01
-3.93103e+00  3.51724e+00       5.752e+11  9.050108e-01 -6.242299e-02  2.281409e-01  9.498922e-02
-3.51724e+00  3.51724e+00       4.752e+11  9.412933e-01 -7.085194e-02  1.702731e-01  5.870667e-02
-3.10345e+00  3.51724e+00       3.672e+11  9.199434e-01 -5.677422e-02  1.950251e-01  8.005658e-02
-2.68966e+00  3.51724e+00       2.636e+11  8.524030e-01 -3.777939e-02  2.291386e-01  1.475970e-01
-2.27586e+00  3.51724e+00       1.612e+11  7.597719e-01  1.141234e-02  1.589686e-01  2.402281e-01
-1.86207e+00  3.51724e+00       9.915e+10  6.770584e-01  1.940462e-01 -1.154052e-01  3.229416e-01
-1.44828e+00  3.51724e+00       8.299e+10  6.013786e-01  3.437640e-01 -4.397359e-01  3.986214e-01
-1.03448e+00  3.51724e+00       8.029e+10  4.306942e-01  3.522208e-01 -5.740637e-01  5.693058e-01
-6.20690e-01  3.51724e+00       7.214e+10  1.688400e-01  3.754589e-01 -4.231605e-01  8.311600e-01
-2.06897e-01  3.51724e+00       6.956e+10  3.127570e-02  4.088710e-01  9.874067e-02  9.687243e-01
 2.06897e-01  3.51724e+00       8.383e+10  1.683793e-01  3.495535e-01  5.774137e-01  8.316207e-01
 6.20690e-01  3.51724e+00       1.034e+11  3.399797e-01  2.518020e-01  7.368041e-01  6.600203e-01
 1.03448e+00  3.51724e+00       1.130e+11  4.810985e-01  2.021401e-01  6.832932e-01  5.189015e-01
 1.44828e+00  3.51724e+00       1.274e+11  6.733598e-01  1.995499e-01  4.316193e-01  3.266402e-01
 1.86207e+00  3.51724e+00       1.791e+11  8.465434e-01  1.407697e-01  1.202282e-01  1.534566e-01
 2.27586e+00  3.51724e+00       2.510e+11  9.043666e-01  4.910893e-02 -5.294120e-02  9.563338e-02
 2.68966e+00  3.51724e+00       2.909e+11  9.087206e-01 -1.743592e-02 -1.014559e-01  9.127942e-02
 3.10345e+00  3.51724e+00       3.603e+11  9.298328e-01 -5.474648e-02 -1.069066e-01  7.016723e-02
 3.51724e+00  3.51724e+00       5.425e+11  9.543009e-01 -5.587475e-02 -1.524149e-01  4.569907e-02
 3.93103e+00  3.51724e+00       6.855e+11  9.401504e-01 -4.595182e-02 -2.215613e-01  5.984964e-02
 4.34483e+00  3.51724e+00       6.343e+11  8.646850e-01 -4.274963e-02 -3.404949e-01  1.353150e-01
 4.75862e+00  3.51724e+00       5.025e+11  7.085198e-01 -4.168135e-02 -5.409095e-01  2.914802e-01
 5.17241e+00  3.51724e+00       4.303e+11  5.221385e-01 -1.994324e-02 -7.274638e-01  4.778615e-01
 5.58621e+00  3.51724e+00       4.953e+11  2.921859e-01 -3.000382e-03 -8.402756e-01  7.078141e-01
 6.00000e+00  3.51724e+00       7.690e+11  6.143478e-02 -1.509294e-02 -9.142737e-01  9.385652e-01
-6.00000e+00  3.93103e+00       1.173e+12  1.059863e-01  8.184892e-04  9.345027e-01  8.940137e-01
-5.58621e+00  3.93103e+00       8.346e+11  2.358300e-01  3.976153e-02  8.874537e-01  7.641700e-01
-5.17241e+00  3.93103e+00       5.506e+11  3.639115e-01  8.085523e-02  8.291318e-01  6.360885e-01
-4.75862e+00  3.93103e+00       4.475e+11  5.133704e-01  4.454075e-02  7.052301e-01  4.866296e-01
-4.34483e+00  3.93103e+00       5.248e+11  7.122433e-01 -2.507898e-02  4.685576e-01  2.877567e-01
-3.93103e+00  3.93103e+00       6.329e+11  8.605014e-01 -5.172227e-02  2.398653e-01  1.394986e-01
-3.51724e+00  3.93103e+00       6.218e+11  9.366132e-01 -6.384355e-02  8.068633e-02  6.338678e-02
-3.10345e+00  3.93103e+00       5.127e+11  9.639969e-01 -7.113203e-02  1.709993e-03  3.600311e-02
-2.68966e+00  3.93103e+00       4.094e+11  9.529270e-01 -4.617430e-02  1.609731e-02  4.707298e-02
-2.27586e+00  3.93103e+00       3.270e+11  8.967732e-01 -2.071120e-02  8.570639e-02  1.032268e-01
-1.86207e+00  3.93103e+00       2.265e+11  7.838308e-01 -4.063698e-02  1.414763e-01  2.161692e-01
-1.44828e+00  3.93103e+00       1.307e+11  5.839471e-01  1.712511e-02  1.321516e-01  4.160529e-01
-1.03448e+00  3.93103e+00       8.270e+10  3.249697e-01  3.878731e-01  2.479542e-02  6.750303e-01
-6.20690e-01  3.93103e+00       6.896e+10  1.581222e-01  7.706282e-01 -4.234626e-02  8.418778e-01
-2.06897e-01  3.93103e+00       6.530e+10  1.035011e-01  8.782204e-01  8.146983e-02  8.964989e-01
 2.06897e-01  3.93103e+00       7.145e+10  1.950226e-01  7.914566e-01  3.094481e-01  8.049774e-01
 6.20690e-01  3.93103e+00       9.601e+10  4.528977e-01  5.580793e-01  3.878579e-01  5.471023e-01
 1.03448e+00  3.93103e+00       1.513e+11  7.315938e-01  2.624456e-01  2.760761e-01  2.684062e-01
 1.44828e+00  3.93103e+00       2.300e+11  8.652772e-01  6.651436e-02  1.460637e-01  1.347228e-01
 1.86207e+00  3.93103e+00       2.712e+11  8.758717e-01 -1.098895e-02  7.956614e-02  1.241283e-01
 2.27586e+00  3.93103e+00       2.706e+11  8.579925e-01 -3.352338e-02  8.560996e-02  1.420075e-01
 2.68966e+00  3.93103e+00       3.604e+11  9.122200e-01 -4.887043e-02  8.421808e-02  8.778002e-02
 3.10345e+00  3.93103e+00       5.861e+11  9.642721e-01 -5.011635e-02  1.556415e-02  3.572790e-02
 3.51724e+00  3.93103e+00       7.472e+11  9.664960e-01 -4.411433e-02 -6.698784e-02  3.350403e-02
 3.93103e+00  3.93103e+00       6.919e+11  9.139005e-01 -4.450897e-02 -1.971120e-01  8.609945e-02
 4.34483e+00  3.93103e+00       5.523e+11  7.870980e-01 -4.812239e-02 -4.219329e-01  2.129020e-01
 4.75862e+00  3.93103e+00       4.706e+11  6.364105e-01 -2.895964e-02 -6.405057e-01  3.635895e-01
 5.17241e+00  3.93103e+00       4.984e+11  4.672819e-01 -1.435317e-03 -7.723520e-01  5.327181e-01
 5.58621e+00  3.93103e+00       7.396e+11  2.434354e-01 -1.004510e-02 -8.786451e-01  7.565646e-01
 6.00000e+00  3.93103e+00       1.166e+12  8.375720e-02 -1.815616e-02 -9.432517e-01  9.162428e-01
-6.00000e+00  4.34483e+00       1.554e+12  1.646995e-01 -9.712292e-03  9.471395e-01  8.353005e-01
-5.58621e+00  4.34483e+00       1.259e+12  2.735562e-01  9.912204e-03  8.988618e-01  7.264438e-01
-5.17241e+00  4.34483e+00       8.701e+11  3.976807e-01  5.487605e-02  8.345178e-01  6.023193e-01
-4.75862e+00  4.34483e+00       5.657e+11  4.988222e-01  8.998878e-02  7.679018e-01  5.011778e-01
-4.34483e+00  4.34483e+00       4.609e+11  6.119080e-01  4.052453e-02  6.351282e-01  3.880920e-01
-3.93103e+00  4.34483e+00       5.374e+11  7.679322e-01 -3.040742e-02  3.699098e-01  2.320678e-01
-3.51724e+00  4.34483e+00       6.504e+11  8.814613e-01 -5.487227e-02  9.477294e-02  1.185387e-01
-3.10345e+00  4.34483e+00       6.575e+11  9.283583e-01 -6.313271e-02 -1.088511e-01  7.164171e-02
-2.68966e+00  4.34483e+00       5.533e+11  9.334307e-01 -7.702940e-02 -2.406943e-01  6.656928e-02
-2.27586e+00  4.34483e+00       4.324e+11  9.234545e-01 -6.460772e-02 -2.973424e-01  7.654549e-02
-1.86207e+00  4.34483e+00       3.570e+11  9.058177e-01  1.080899e-02 -2.817047e-01  9.418230e-02
-1.44828e+00  4.34483e+00       3.359e+11  8.840365e-01  6.379701e-02 -2.021796e-01  1.159635e-01
-1.03448e+00  4.34483e+00       3.186e+11  8.501690e-01  5.699238e-03 -4.499501e-02  1.498310e-01
-6.20690e-01  4.34483e+00       2.763e+11  7.734801e-01 -1.142062e-01  1.917480e-01  2.265199e-01
-2.06897e-01  4.34483e+00       2.486e+11  6.973093e-01 -1.960484e-01  3.894730e-01  3.026907e-01
 2.06897e-01  4.34483e+00       2.501e+11  7.030319e-01 -2.008138e-01  3.778555e-01  2.969681e-01
 6.20690e-01  4.34483e+00       2.454e+11  7.127857e-01 -1.562099e-01  2.130860e-01  2.872143e-01
 1.03448e+00  4.34483e+00       2.119e+11  6.291492e-01 -5.011273e-02  6.957841e-02  3.708508e-01
 1.44828e+00  4.34483e+00       1.818e+11  5.320329e-01  6.214442e-02  1.449833e-01  4.679671e-01
 1.86207e+00  4.34483e+00       2.313e+11  6.690135e-01  1.995432e-02  3.484589e-01  3.309865e-01
 2.27586e+00  4.34483e+00       4.210e+11  8.555392e-01 -3.916198e-02  3.364111e-01  1.444608e-01
 2.68966e+00  4.34483e+00       6.722e+11  9.350640e-01 -4.523077e-02  2.417724e-01  6.493602e-02
 3.10345e+00  4.34483e+00       7.764e+11  9.559569e-01 -4.384386e-02  1.369139e-01  4.404305e-02
 3.51724e+00  4.34483e+00       6.784e+11  9.257394e-01 -5.062697e-02 -2.972218e-02  7.426064e-02
 3.93103e+00  4.34483e+00       5.471e+11  8.315518e-01 -5.828574e-02 -3.033060e-01  1.684482e-01
 4.34483e+00  4.34483e+00       4.853e+11  7.237032e-01 -3.597717e-02 -5.449944e-01  2.762968e-01
 4.75862e+00  4.34483e+00       5.053e+11  6.113381e-01 -1.260839e-04 -6.779874e-01  3.886619e-01
 5.17241e+00  4.34483e+00       7.141e+11  4.210669e-01 -5.482613e-03 -8.074734e-01  5.789331e-01
 5.58621e+00  4.34483e+00       1.180e+12  2.503986e-01 -1.806331e-02 -9.087561e-01  7.496014e-01
 6.00000e+00  4.34483e+00       1.618e+12  1.472297e-01 -1.260032e-02 -9.561961e-01  8.527703e-01
-6.00000e+00  4.75862e+00       1.824e+12  2.400739e-01 -1.150371e-02  9.456865e-01  7.599261e-01
-5.58621e+00  4.75862e+00       1.703e+12  3.292832e-01 -6.818541e-03  9.014476e-01  6.707168e-01
-5.17241e+00  4.75862e+00       1.351e+12  4.402306e-01  1.690894e-02  8.309088e-01  5.597694e-01
-4.75862e+00  4.75862e+00       9.288e+11  5.527980e-01  6.486026e-02  7.480366e-01  4.472020e-01
-4.34483e+00  4.75862e+00       5.878e+11  6.273285e-01  1.014535e-01  6.781381e-01  3.726715e-01
-3.93103e+00  4.75862e+00       4.463e+11  6.932927e-01  5.349422e-02  5.702017e-01  3.067073e-01
-3.51724e+00  4.75862e+00       4.849e+11  7.898354e-01 -2.703529e-02  3.117973e-01  2.101646e-01
-3.10345e+00  4.75862e+00       5.866e+11  8.531697e-01 -6.188689e-02 -2.976604e-02  1.468303e-01
-2.68966e+00  4.75862e+00       6.385e+11  8.499394e-01 -6.423116e-02 -3.113767e-01  1.500606e-01
-2.27586e+00  4.75862e+00       5.821e+11  7.879247e-01 -7.134071e-02 -5.128404e-01  2.120753e-01
-1.86207e+00  4.75862e+00       4.690e+11  6.889921e-01 -9.629804e-02 -6.609582e-01  3.110079e-01
-1.44828e+00  4.75862e+00       3.564e+11  5.697501e-01 -9.032351e-02 -7.666155e-01  4.302499e-01
-1.03448e+00  4.75862e+00       2.793e+11  4.330930e-01 -3.843200e-02 -8.453055e-01  5.669070e-01
-6.20690e-01  4.75862e+00       2.312e+11  2.974389e-01 -2.170709e-02 -8.764908e-01  7.025611e-01
-2.06897e-01  4.75862e+00       1.828e+11  1.064441e-01 -6.009842e-02 -8.182059e-01  8.935559e-01
 2.06897e-01  4.75862e+00       1.477e+11 -1.940368e-01 -7.963274e-02 -5.447941e-01  8.059632e-01
 6.20690e-01  4.75862e+00       1.503e+11 -3.107158e-01 -2.574024e-02  2.511941e-02  6.892842e-01
 1.03448e+00  4.75862e+00       2.147e+11  5.339731e-02 -2.125156e-03  5.467723e-01  9.466027e-01
 1.44828e+00  4.75862e+00       3.691e+11  4.627047e-01 -3.438287e-02  6.991559e-01  5.372953e-01
 1.86207e+00  4.75862e+00       5.759e+11  6.842930e-01 -4.948953e-02  6.385606e-01  3.157070e-01
 2.27586e+00  4.75862e+00       7.100e+11  8.046030e-01 -4.879073e-02  5.218208e-01  1.953970e-01
 2.68966e+00  4.75862e+00       6.799e+11  8.685928e-01 -5.422412e-02  3.740673e-01  1.314072e-01
 3.10345e+00  4.75862e+00       5.587e+11  8.799981e-01 -7.082282e-02  1.238201e-01  1.200019e-01
 3.51724e+00  4.75862e+00       4.826e+11  8.412151e-01 -7.531826e-02 -2.171725e-01  1.587849e-01
 3.93103e+00  4.75862e+00       4.691e+11  7.926367e-01 -3.600587e-02 -4.437526e-01  2.073633e-01
 4.34483e+00  4.75862e+00       5.051e+11  7.297683e-01  6.329501e-03 -5.550900e-01  2.702317e-01
 4.75862e+00  4.75862e+00       7.018e+11  5.796035e-01 -2.755351e-03 -7.019542e-01  4.203965e-01
 5.17241e+00  4.75862e+00       1.185e+12  4.157633e-01 -1.867614e-02 -8.423928e-01  5.842367e-01
 5.58621e+00  4.75862e+00       1.742e+12  3.091882e-01 -1.354963e-02 -9.157790e-01  6.908118e-01
 6.00000e+00  4.75862e+00       1.937e+12  2.315581e-01 -1.386607e-03 -9.512422e-01  7.684419e-01
-6.00000e+00  5.17241e+00       1.927e+12  3.284258e-01 -8.486133e-03  9.279705e-01  6.715742e-01
-5.58621e+00  5.17241e+00       2.001e+12  3.992697e-01 -1.060994e-02  8.897628e-01  6.007303e-01
-5.17241e+00  5.17241e+00       1.824e+12  4.908600e-01 -4.989723e-03  8.238702e-01  5.091400e-01
-4.75862e+00  5.17241e+00       1.462e+12  5.968564e-01  1.925419e-02  7.279255e-01  4.031436e-01
-4.34483e+00  5.17241e+00       1.029e+12  6.966914e-01  6.748202e-02  6.212119e-01  3.033086e-01
-3.93103e+00  5.17241e+00       6.379e+11  7.519277e-01  1.150351e-01  5.421790e-01  2.480723e-01
-3.51724e+00  5.17241e+00       4.237e+11  7.766006e-01  9.077437e-02  4.776922e-01  2.233994e-01
-3.10345e+00  5.17241e+00       3.939e+11  8.178947e-01  1.523578e-03  3.223620e-01  1.821053e-01
-2.68966e+00  5.17241e+00       4.289e+11  8.102041e-01 -6.606840e-02  5.809449e-03  1.897959e-01
-2.27586e+00  5.17241e+00       4.792e+11  7.012645e-01 -9.678179e-02 -3.986100e-01  2.987355e-01
-1.86207e+00  5.17241e+00       5.093e+11  5.197010e-01 -8.244310e-02 -6.905477e-01  4.802990e-01
-1.44828e+00  5.17241e+00       4.570e+11  2.781838e-01 -5.344383e-02 -8.376197e-01  7.218162e-01
-1.03448e+00  5.17241e+00       3.554e+11 -4.852156e-02 -5.587725e-02 -8.670338e-01  9.514784e-01
-6.20690e-01  5.17241e+00       2.836e+11 -4.205089e-01 -1.050704e-01 -7.102150e-01  5.794911e-01
-2.06897e-01  5.17241e+00       2.609e+11 -6.798078e-01 -1.484507e-01 -3.222640e-01  3.201922e-01
 2.06897e-01  5.17241e+00       2.761e+11 -6.539017e-01 -1.340708e-01  2.056022e-01  3.460983e-01
 6.20690e-01  5.17241e+00       3.395e+11 -3.193017e-01 -8.291229e-02  6.586658e-01  6.806983e-01
 1.03448e+00  5.17241e+00       4.441e+11  6.843995e-02 -5.441185e-02  8.526358e-01  9.315601e-01
 1.44828e+00  5.17241e+00       5.154e+11  3.409597e-01 -5.808579e-02  8.587803e-01  6.590403e-01
 1.86207e+00  5.17241e+00       4.942e+11  5.260624e-01 -7.841953e-02  7.623730e-01  4.739376e-01
 2.27586e+00  5.17241e+00       4.212e+11  6.758577e-01 -1.062159e-01  5.255833e-01  3.241423e-01
 2.68966e+00  5.17241e+00       3.826e+11  7.951530e-01 -1.234682e-01  1.333983e-01  2.048470e-01
 3.10345e+00  5.17241e+00       4.002e+11  8.448139e-01 -8.717849e-02 -1.809429e-01  1.551861e-01
 3.51724e+00  5.17241e+00       4.371e+11  8.525711e-01 -1.320715e-02 -3.109342e-01  1.474289e-01
 3.93103e+00  5.17241e+00       4.974e+11  8.246609e-01  2.038645e-02 -3.905244e-01  1.753391e-01
 4.34483e+00  5.17241e+00       7.066e+11  7.095632e-01 -4.458314e-03 -5.659569e-01  2.904368e-01
 4.75862e+00  5.17241e+00       1.212e+12  5.692049e-01 -2.074149e-02 -7.455992e-01  4.307951e-01
 5.17241e+00  5.17241e+00       1.843e+12  4.700144e-01 -1.303490e-02 -8.446534e-01  5.299856e-01
 5.58621e+00  5.17241e+00       2.156e+12  3.940337e-01  2.733886e-04 -8.973092e-01  6.059663e-01
 6.00000e+00  5.17241e+00       1.989e+12  3.232109e-01  7.081489e-03 -9.303795e-01  6.767891e-01
-6.00000e+00  5.58621e+00       1.858e+12  4.370762e-01 -5.647117e-03  8.860092e-01  5.629238e-01
-5.58621e+00  5.58621e+00       2.127e+12  4.840519e-01 -7.675734e-03  8.584845e-01  5.159481e-01
-5.17241e+00  5.58621e+00       2.107e+12  5.526362e-01 -9.560133e-03  8.042699e-01  4.473638e-01
-4.75862e+00  5.58621e+00       1.906e+12  6.397605e-01 -4.502047e-03  7.148947e-01  3.602395e-01
-4.34483e+00  5.58621e+00       1.581e+12  7.328741e-01  1.617498e-02  5.906411e-01  2.671259e-01
-3.93103e+00  5.58621e+00       1.180e+12  8.174914e-01  5.960878e-02  4.498837e-01  1.825086e-01
-3.51724e+00  5.58621e+00       7.603e+11  8.622903e-01  1.182828e-01  3.409754e-01  1.377097e-01
-3.10345e+00  5.58621e+00       4.422e+11  8.552247e-01  1.475191e-01  2.888612e-01  1.447753e-01
-2.68966e+00  5.58621e+00       3.231e+11  8.586064e-01  8.088044e-02  2.297766e-01  1.413936e-01
-2.27586e+00  5.58621e+00       3.160e+11  8.832030e-01 -7.244870e-03  1.105742e-01  1.167970e-01
-1.86207e+00  5.58621e+00       2.942e+11  8.306241e-01 -8.965891e-02 -7.902418e-02  1.693759e-01
-1.44828e+00  5.58621e+00       2.500e+11  6.215809e-01 -1.640632e-01 -3.446890e-01  3.784191e-01
-1.03448e+00  5.58621e+00       2.160e+11  1.625088e-01 -2.061005e-01 -5.300128e-01  8.374912e-01
-6.20690e-01  5.58621e+00       2.130e+11 -4.096819e-01 -2.654448e-01 -4.499175e-01  5.903181e-01
-2.06897e-01  5.58621e+00       2.313e+11 -7.179761e-01 -3.175402e-01 -1.538411e-01  2.820239e-01
 2.06897e-01  5.58621e+00       2.321e+11 -7.511469e-01 -3.173793e-01  1.839453e-01  2.488531e-01
 6.20690e-01  5.58621e+00       2.008e+11 -5.962754e-01 -2.825301e-01  4.579005e-01  4.037246e-01
 1.03448e+00  5.58621e+00       1.700e+11 -1.937773e-01 -2.686415e-01  5.573024e-01  8.062227e-01
 1.44828e+00  5.58621e+00       1.830e+11  3.473047e-01 -2.852336e-01  4.169313e-01  6.526953e-01
 1.86207e+00  5.58621e+00       2.326e+11  6.611495e-01 -2.462515e-01  1.945272e-01  3.388505e-01
 2.27586e+00  5.58621e+00       2.899e+11  7.903920e-01 -1.410065e-01  1.027294e-02  2.096080e-01
 2.68966e+00  5.58621e+00       3.537e+11  8.559804e-01 -1.616275e-02 -6.968800e-02  1.440196e-01
 3.10345e+00  5.58621e+00       4.097e+11  8.898688e-01  4.574667e-02 -8.405371e-02  1.101312e-01
 3.51724e+00  5.58621e+00       4.893e+11  8.809253e-01  2.555658e-02 -1.747702e-01  1.190747e-01
 3.93103e+00  5.58621e+00       7.406e+11  8.036514e-01 -1.579631e-02 -4.111977e-01  1.963486e-01
 4.34483e+00  5.58621e+00       1.286e+12  7.032532e-01 -2.299972e-02 -6.227469e-01  2.967468e-01
 4.75862e+00  5.58621e+00       1.950e+12  6.227635e-01 -9.456207e-03 -7.415462e-01  3.772365e-01
 5.17241e+00  5.58621e+00       2.321e+12  5.541786e-01  4.682288e-03 -8.102969e-01  4.458214e-01
 5.58621e+00  5.58621e+00       2.211e+12  4.864868e-01  9.285206e-03 -8.580232e-01  5.135132e-01
 6.00000e+00  5.58621e+00       1.849e+12  4.216961e-01  6.996095e-03 -8.919607e-01  5.783039e-01
-6.00000e+00  6.00000e+00       1.558e+12  5.542981e-01 -5.385051e-03  8.163140e-01  4.457019e-01
-5.58621e+00  6.00000e+00       2.069e+12  5.963329e-01 -4.879055e-03  7.895371e-01  4.036671e-01
-5.17241e+00  6.00000e+00       2.271e+12  6.359739e-01 -6.772114e-03  7.560614e-01  3.640261e-01
-4.75862e+00  6.00000e+00       2.143e+12  6.925749e-01 -8.212628e-03  6.918191e-01  3.074251e-01
-4.34483e+00  6.00000e+00       1.911e+12  7.664065e-01 -4.304939e-03  5.803450e-01  2.335935e-01
-3.93103e+00  6.00000e+00       1.648e+12  8.369184e-01  9.957861e-03  4.279730e-01  1.630816e-01
-3.51724e+00  6.00000e+00       1.333e+12  8.929584e-01  4.103680e-02  2.464658e-01  1.070416e-01
-3.10345e+00  6.00000e+00       9.726e+11  9.213535e-01  9.327328e-02  7.452742e-02  7.864655e-02
-2.68966e+00  6.00000e+00       6.060e+11  9.058493e-01  1.618389e-01 -3.046881e-02  9.415074e-02
-2.27586e+00  6.00000e+00       3.386e+11  8.359029e-01  2.122723e-01 -3.002117e-02  1.640971e-01
-1.86207e+00  6.00000e+00       2.169e+11  7.430435e-01  1.688624e-01 -1.637739e-02  2.569565e-01
-1.44828e+00  6.00000e+00       2.077e+11  7.317224e-01  4.115429e-02 -1.961500e-01  2.682776e-01
-1.03448e+00  6.00000e+00       2.464e+11  7.569106e-01 -5.891204e-03 -3.954942e-01  2.430894e-01
-6.20690e-01  6.00000e+00       2.639e+11  7.638359e-01  2.369223e-02 -4.840342e-01  2.361641e-01
-2.06897e-01  6.00000e+00       2.420e+11  7.426444e-01  4.787633e-02 -5.052901e-01  2.573556e-01
 2.06897e-01  6.00000e+00       2.084e+11  6.485480e-01  9.361859e-03 -5.026301e-01  3.514520e-01
 6.20690e-01  6.00000e+00       1.875e+11  5.015053e-01 -9.550230e-02 -4.239948e-01  4.984947e-01
 1.03448e+00  6.00000e+00       1.947e+11  4.907628e-01 -1.254456e-01 -1.880963e-01  5.092372e-01
 1.44828e+00  6.00000e+00       2.405e+11  6.443035e-01  1.378320e-02  7.784429e-02  3.556965e-01
 1.86207e+00  6.00000e+00       2.987e+11  7.510847e-01  1.201737e-01  2.294026e-01  2.489153e-01
 2.27586e+00  6.00000e+00       3.322e+11  7.867588e-01  1.129785e-01  2.916368e-01  2.132412e-01
 2.68966e+00  6.00000e+00       3.733e+11  8.285646e-01  5.074549e-02  2.535867e-01  1.714354e-01
 3.10345e+00  6.00000e+00       5.051e+11  8.748922e-01 -9.294816e-03  4.211935e-02  1.251078e-01
 3.51724e+00  6.00000e+00       8.379e+11  8.642691e-01 -3.020803e-02 -2.563952e-01  1.357309e-01
 3.93103e+00  6.00000e+00       1.421e+12  8.151940e-01 -1.881694e-02 -4.767242e-01  1.848060e-01
 4.34483e+00  6.00000e+00       2.068e+12  7.617543e-01  4.750431e-04 -6.045914e-01  2.382457e-01
 4.75862e+00  6.00000e+00       2.435e+12  7.060305e-01  1.210814e-02 -6.859091e-01  2.939695e-01
 5.17241e+00  6.00000e+00       2.349e+12  6.455374e-01  1.119403e-02 -7.478298e-01  3.544626e-01
 5.58621e+00  6.00000e+00       2.023e+12  5.835060e-01  5.584502e-03 -7.963432e-01  4.164940e-01
 6.00000e+00  6.00000e+00       1.689e+12  5.297617e-01  8.656557e-03 -8.297108e-01  4.702383e-01
