 EB(GeV)    EMITTANCEx EMITTANCEy SIZEx(m)   SIZEy(m)   DIVx(rad)  DIVy(rad)
 1.500e+00  5.941e-09  5.941e-11  1.840e-04  1.299e-05  3.228e-05  4.574e-06
 betax      alphax     betay      alphay     eta        deta       E_spread  
 5.700e+00  0.000e+00  2.840e+00  0.000e+00  0.000e+00  0.000e+00  1.000e-03
 Ibeam(A) 
  2.000e-01


           x            y       F.Density            PL            PC          PL45        1-|PL|
          mm           mm  ph/s/mm^2/0.1%             -             -             -             -
-6.00000e+00 -6.00000e+00       1.888e+12  4.430859e-01  3.062988e-03 -8.774245e-01  5.569141e-01
-5.58621e+00 -6.00000e+00       2.053e+12  4.877647e-01  9.273380e-04 -8.491007e-01  5.122353e-01
-5.17241e+00 -6.00000e+00       1.834e+12  5.532386e-01 -2.920839e-03 -7.918180e-01  4.467614e-01
-4.75862e+00 -6.00000e+00       1.511e+12  6.477146e-01 -8.100306e-03 -6.885942e-01  3.522854e-01
-4.34483e+00 -6.00000e+00       1.249e+12  7.524367e-01 -1.789379e-02 -5.507450e-01  2.475633e-01
-3.93103e+00 -6.00000e+00       9.717e+11  8.313049e-01 -4.738188e-02 -4.231151e-01  1.686951e-01
-3.51724e+00 -6.00000e+00       6.260e+11  8.589484e-01 -9.959450e-02 -3.369795e-01  1.410516e-01
-3.10345e+00 -6.00000e+00       3.619e+11  8.390953e-01 -1.316396e-01 -2.701285e-01  1.609047e-01
-2.68966e+00 -6.00000e+00       2.787e+11  8.397198e-01 -7.656562e-02 -1.440115e-01  1.602802e-01
-2.27586e+00 -6.00000e+00       2.750e+11  8.378983e-01  7.016100e-04  5.319304e-03  1.621017e-01
-1.86207e+00 -6.00000e+00       2.518e+11  7.438517e-01  7.970919e-02  1.971829e-01  2.561483e-01
-1.44828e+00 -6.00000e+00       2.166e+11  4.857577e-01  1.270166e-01  4.237362e-01  5.142423e-01
-1.03448e+00 -6.00000e+00       1.973e+11 -3.116961e-02  1.412240e-01  5.162953e-01  9.688304e-01
-6.20690e-01 -6.00000e+00       2.125e+11 -5.678173e-01  1.950000e-01  3.524433e-01  4.321827e-01
-2.06897e-01 -6.00000e+00       2.448e+11 -7.814212e-01  2.369797e-01  3.387196e-02  2.185788e-01
 2.06897e-01 -6.00000e+00       2.554e+11 -7.433496e-01  2.191771e-01 -3.019121e-01  2.566504e-01
 6.20690e-01 -6.00000e+00       2.303e+11 -5.413062e-01  1.599518e-01 -5.619359e-01  4.586938e-01
 1.03448e+00 -6.00000e+00       1.975e+11 -1.551217e-01  1.263626e-01 -6.507152e-01  8.448783e-01
 1.44828e+00 -6.00000e+00       2.037e+11  3.284219e-01  1.674335e-01 -5.320365e-01  6.715781e-01
 1.86207e+00 -6.00000e+00       2.408e+11  6.187748e-01  1.757784e-01 -3.430547e-01  3.812252e-01
 2.27586e+00 -6.00000e+00       2.688e+11  7.431943e-01  1.070968e-01 -1.483953e-01  2.568057e-01
 2.68966e+00 -6.00000e+00       3.063e+11  8.218440e-01  7.448220e-03  7.991205e-03  1.781560e-01
 3.10345e+00 -6.00000e+00       3.601e+11  8.726317e-01 -3.303491e-02  8.806288e-02  1.273683e-01
 3.51724e+00 -6.00000e+00       4.239e+11  8.745586e-01 -2.768019e-03  1.844789e-01  1.254414e-01
 3.93103e+00 -6.00000e+00       6.040e+11  8.142494e-01  2.939707e-02  3.854688e-01  1.857506e-01
 4.34483e+00 -6.00000e+00       1.029e+12  7.240238e-01  2.256031e-02  5.844098e-01  2.759762e-01
 4.75862e+00 -6.00000e+00       1.587e+12  6.412725e-01  6.839512e-03  7.093015e-01  3.587275e-01
 5.17241e+00 -6.00000e+00       1.955e+12  5.616087e-01 -3.098842e-03  7.918015e-01  4.383913e-01
 5.58621e+00 -6.00000e+00       2.013e+12  4.798943e-01 -6.014328e-03  8.529120e-01  5.201057e-01
 6.00000e+00 -6.00000e+00       1.862e+12  4.100840e-01 -5.570106e-03  8.925177e-01  5.899160e-01
-6.00000e+00 -5.58621e+00       1.890e+12  3.174986e-01  1.453924e-03 -9.292100e-01  6.825014e-01
-5.58621e+00 -5.58621e+00       1.752e+12  3.909519e-01 -9.808329e-04 -8.862248e-01  6.090481e-01
-5.17241e+00 -5.58621e+00       1.463e+12  4.966299e-01 -5.433708e-03 -8.080189e-01  5.033701e-01
-4.75862e+00 -5.58621e+00       1.171e+12  6.152005e-01 -2.214772e-02 -7.052504e-01  3.847995e-01
-4.34483e+00 -5.58621e+00       8.437e+11  7.033332e-01 -6.234497e-02 -6.133485e-01  2.966668e-01
-3.93103e+00 -5.58621e+00       5.225e+11  7.422298e-01 -1.048886e-01 -5.398539e-01  2.577702e-01
-3.51724e+00 -5.58621e+00       3.605e+11  7.749910e-01 -7.962366e-02 -4.282296e-01  2.250090e-01
-3.10345e+00 -5.58621e+00       3.473e+11  8.133631e-01  1.089038e-03 -2.157886e-01  1.866369e-01
-2.68966e+00 -5.58621e+00       3.829e+11  7.782369e-01  6.768552e-02  1.299914e-01  2.217631e-01
-2.27586e+00 -5.58621e+00       4.339e+11  6.605483e-01  9.853260e-02  5.017013e-01  3.394517e-01
-1.86207e+00 -5.58621e+00       4.442e+11  5.026008e-01  8.538751e-02  7.353506e-01  4.973992e-01
-1.44828e+00 -5.58621e+00       3.697e+11  2.856738e-01  5.993158e-02  8.504795e-01  7.143262e-01
-1.03448e+00 -5.58621e+00       2.767e+11 -4.606074e-02  8.171458e-02  8.542678e-01  9.539393e-01
-6.20690e-01 -5.58621e+00       2.338e+11 -4.366156e-01  1.686739e-01  6.570785e-01  5.633844e-01
-2.06897e-01 -5.58621e+00       2.310e+11 -6.926812e-01  2.316378e-01  2.830184e-01  3.073188e-01
 2.06897e-01 -5.58621e+00       2.372e+11 -7.075679e-01  2.180880e-01 -1.612860e-01  2.924321e-01
 6.20690e-01 -5.58621e+00       2.587e+11 -4.391556e-01  1.392320e-01 -5.847791e-01  5.608444e-01
 1.03448e+00 -5.58621e+00       3.192e+11 -2.492900e-02  6.683965e-02 -8.251895e-01  9.750710e-01
 1.44828e+00 -5.58621e+00       3.997e+11  3.072427e-01  5.185552e-02 -8.509960e-01  6.927573e-01
 1.86207e+00 -5.58621e+00       4.481e+11  5.314429e-01  6.310804e-02 -7.517805e-01  4.685571e-01
 2.27586e+00 -5.58621e+00       4.374e+11  6.902449e-01  7.268199e-02 -5.504595e-01  3.097551e-01
 2.68966e+00 -5.58621e+00       3.999e+11  8.001688e-01  8.228782e-02 -2.387731e-01  1.998312e-01
 3.10345e+00 -5.58621e+00       3.796e+11  8.441448e-01  6.899262e-02  7.432167e-02  1.558552e-01
 3.51724e+00 -5.58621e+00       3.891e+11  8.420347e-01  1.703376e-02  2.745237e-01  1.579653e-01
 3.93103e+00 -5.58621e+00       4.333e+11  8.150540e-01 -9.444786e-03  3.931564e-01  1.849460e-01
 4.34483e+00 -5.58621e+00       5.744e+11  7.220215e-01  1.092236e-02  5.485560e-01  2.779785e-01
 4.75862e+00 -5.58621e+00       9.473e+11  5.885999e-01  2.022073e-02  7.208408e-01  4.114001e-01
 5.17241e+00 -5.58621e+00       1.485e+12  4.813601e-01  1.094360e-02  8.279442e-01  5.186399e-01
 5.58621e+00 -5.58621e+00       1.851e+12  3.922389e-01  9.020901e-04  8.905564e-01  6.077611e-01
 6.00000e+00 -5.58621e+00       1.879e+12  3.082103e-01 -3.760766e-03  9.318793e-01  6.917897e-01
-6.00000e+00 -5.17241e+00       1.648e+12  2.195625e-01  7.352519e-04 -9.450202e-01  7.804375e-01
-5.58621e+00 -5.17241e+00       1.391e+12  3.257210e-01 -3.680794e-03 -8.927072e-01  6.742790e-01
-5.17241e+00 -5.17241e+00       1.084e+12  4.511709e-01 -2.344309e-02 -8.195604e-01  5.488291e-01
-4.75862e+00 -5.17241e+00       7.565e+11  5.511449e-01 -6.622724e-02 -7.489333e-01  4.488551e-01
-4.34483e+00 -5.17241e+00       4.873e+11  6.158209e-01 -9.356731e-02 -6.719395e-01  3.841791e-01
-3.93103e+00 -5.17241e+00       3.967e+11  7.062673e-01 -3.929868e-02 -5.016787e-01  2.937327e-01
-3.51724e+00 -5.17241e+00       4.492e+11  8.100471e-01  3.457982e-02 -2.006084e-01  1.899529e-01
-3.10345e+00 -5.17241e+00       5.329e+11  8.621516e-01  6.656853e-02  1.137501e-01  1.378484e-01
-2.68966e+00 -5.17241e+00       5.452e+11  8.467747e-01  7.372511e-02  3.513948e-01  1.532253e-01
-2.27586e+00 -5.17241e+00       4.723e+11  7.656466e-01  9.487941e-02  5.395494e-01  2.343534e-01
-1.86207e+00 -5.17241e+00       3.788e+11  6.412836e-01  1.283104e-01  6.906065e-01  3.587164e-01
-1.44828e+00 -5.17241e+00       2.989e+11  4.996571e-01  1.312964e-01  7.913121e-01  5.003429e-01
-1.03448e+00 -5.17241e+00       2.471e+11  3.598207e-01  1.367514e-01  8.260339e-01  6.401793e-01
-6.20690e-01 -5.17241e+00       2.011e+11  2.351699e-01  2.058080e-01  7.557763e-01  7.648301e-01
-2.06897e-01 -5.17241e+00       1.536e+11  7.542197e-02  3.197178e-01  5.235990e-01  9.245780e-01
 2.06897e-01 -5.17241e+00       1.321e+11 -1.478601e-01  3.755570e-01  1.120948e-01  8.521399e-01
 6.20690e-01 -5.17241e+00       1.466e+11 -2.386696e-01  2.783177e-01 -3.168382e-01  7.613304e-01
 1.03448e+00 -5.17241e+00       2.011e+11  2.714121e-02  1.289660e-01 -6.132331e-01  9.728588e-01
 1.44828e+00 -5.17241e+00       3.164e+11  4.196931e-01  6.463228e-02 -7.074208e-01  5.803069e-01
 1.86207e+00 -5.17241e+00       4.679e+11  6.562143e-01  5.655263e-02 -6.613212e-01  3.437857e-01
 2.27586e+00 -5.17241e+00       5.744e+11  7.850808e-01  5.008676e-02 -5.482165e-01  2.149192e-01
 2.68966e+00 -5.17241e+00       5.962e+11  8.646408e-01  4.577989e-02 -3.881344e-01  1.353592e-01
 3.10345e+00 -5.17241e+00       5.484e+11  8.930429e-01  5.027491e-02 -1.640045e-01  1.069571e-01
 3.51724e+00 -5.17241e+00       4.800e+11  8.640101e-01  5.537233e-02  1.271991e-01  1.359899e-01
 3.93103e+00 -5.17241e+00       4.362e+11  7.993933e-01  3.535469e-02  3.866105e-01  2.006067e-01
 4.34483e+00 -5.17241e+00       4.430e+11  7.242694e-01  1.285185e-03  5.472496e-01  2.757306e-01
 4.75862e+00 -5.17241e+00       5.629e+11  5.949149e-01  3.713920e-03  6.877502e-01  4.050851e-01
 5.17241e+00 -5.17241e+00       9.108e+11  4.304533e-01  1.608350e-02  8.260439e-01  5.695467e-01
 5.58621e+00 -5.17241e+00       1.410e+12  3.085918e-01  1.189688e-02  9.073560e-01  6.914082e-01
 6.00000e+00 -5.17241e+00       1.719e+12  2.159308e-01  2.987408e-03  9.495306e-01  7.840692e-01
-6.00000e+00 -4.75862e+00       1.307e+12  1.449648e-01 -1.240807e-03 -9.410635e-01  8.550352e-01
-5.58621e+00 -4.75862e+00       1.011e+12  2.725662e-01 -2.015752e-02 -8.928739e-01  7.274338e-01
-5.17241e+00 -4.75862e+00       7.044e+11  3.887713e-01 -6.239657e-02 -8.386047e-01  6.112287e-01
-4.75862e+00 -4.75862e+00       4.756e+11  4.864948e-01 -8.334341e-02 -7.590291e-01  5.135052e-01
-4.34483e+00 -4.75862e+00       4.269e+11  6.396245e-01 -2.210791e-02 -5.639614e-01  3.603755e-01
-3.93103e+00 -4.75862e+00       5.118e+11  8.041456e-01  4.046989e-02 -2.860143e-01  1.958544e-01
-3.51724e+00 -4.75862e+00       5.810e+11  9.003780e-01  6.388599e-02 -4.755770e-02  9.962201e-02
-3.10345e+00 -4.75862e+00       5.430e+11  9.321504e-01  8.052353e-02  1.309676e-01  6.784960e-02
-2.68966e+00 -4.75862e+00       4.457e+11  9.261397e-01  9.751785e-02  2.531494e-01  7.386026e-02
-2.27586e+00 -4.75862e+00       3.623e+11  9.054069e-01  5.921400e-02  2.950129e-01  9.459313e-02
-1.86207e+00 -4.75862e+00       3.179e+11  8.793470e-01 -4.523490e-02  2.611805e-01  1.206530e-01
-1.44828e+00 -4.75862e+00       2.904e+11  8.463035e-01 -8.671832e-02  1.689183e-01  1.536965e-01
-1.03448e+00 -4.75862e+00       2.363e+11  7.562452e-01 -9.357716e-03  3.253122e-03  2.437548e-01
-6.20690e-01 -4.75862e+00       1.761e+11  5.558408e-01  1.080017e-01 -2.471290e-01  4.441592e-01
-2.06897e-01 -4.75862e+00       1.539e+11  4.066584e-01  1.487953e-01 -4.623679e-01  5.933416e-01
 2.06897e-01 -4.75862e+00       1.674e+11  4.825979e-01  1.286411e-01 -4.858802e-01  5.174021e-01
 6.20690e-01 -4.75862e+00       1.852e+11  6.009639e-01  1.041644e-01 -3.480636e-01  3.990361e-01
 1.03448e+00 -4.75862e+00       1.842e+11  6.073717e-01  3.337757e-02 -1.715210e-01  3.926283e-01
 1.44828e+00 -4.75862e+00       1.796e+11  5.568435e-01 -7.429349e-02 -1.428791e-01  4.431565e-01
 1.86207e+00 -4.75862e+00       2.192e+11  6.559745e-01 -5.270138e-02 -2.858183e-01  3.440255e-01
 2.27586e+00 -4.75862e+00       3.476e+11  8.303813e-01  3.009582e-02 -3.242617e-01  1.696187e-01
 2.68966e+00 -4.75862e+00       5.342e+11  9.245579e-01  4.789391e-02 -2.498060e-01  7.544212e-02
 3.10345e+00 -4.75862e+00       6.518e+11  9.560055e-01  4.191430e-02 -1.447917e-01  4.399446e-02
 3.51724e+00 -4.75862e+00       6.325e+11  9.392139e-01  3.978014e-02  6.602454e-03  6.078607e-02
 3.93103e+00 -4.75862e+00       5.417e+11  8.622184e-01  4.337143e-02  2.372150e-01  1.377816e-01
 4.34483e+00 -4.75862e+00       4.634e+11  7.425726e-01  3.410329e-02  4.877150e-01  2.574274e-01
 4.75862e+00 -4.75862e+00       4.443e+11  6.147270e-01  5.890269e-03  6.636342e-01  3.852730e-01
 5.17241e+00 -4.75862e+00       5.591e+11  4.393808e-01  2.672828e-03  7.944976e-01  5.606192e-01
 5.58621e+00 -4.75862e+00       9.007e+11  2.541813e-01  1.400301e-02  8.977141e-01  7.458187e-01
 6.00000e+00 -4.75862e+00       1.340e+12  1.295013e-01  1.158458e-02  9.508214e-01  8.704987e-01
-6.00000e+00 -4.34483e+00       9.531e+11  8.726423e-02 -1.318421e-02 -9.277248e-01  9.127358e-01
-5.58621e+00 -4.34483e+00       6.713e+11  2.192074e-01 -5.310832e-02 -8.907667e-01  7.807926e-01
-5.17241e+00 -4.34483e+00       4.645e+11  3.472266e-01 -7.858835e-02 -8.226559e-01  6.527734e-01
-4.75862e+00 -4.34483e+00       4.250e+11  5.461222e-01 -2.240721e-02 -6.446287e-01  4.538778e-01
-4.34483e+00 -4.34483e+00       5.110e+11  7.541580e-01  3.858321e-02 -4.068279e-01  2.458420e-01
-3.93103e+00 -4.34483e+00       5.634e+11  8.819027e-01  6.363305e-02 -2.141228e-01  1.180973e-01
-3.51724e+00 -4.34483e+00       5.075e+11  9.430371e-01  7.970504e-02 -8.056397e-02  5.696289e-02
-3.10345e+00 -4.34483e+00       4.147e+11  9.576116e-01  7.369043e-02 -2.486340e-02  4.238844e-02
-2.68966e+00 -4.34483e+00       3.413e+11  9.316114e-01  2.798783e-02 -5.345965e-02  6.838861e-02
-2.27586e+00 -4.34483e+00       2.635e+11  8.646629e-01  7.157812e-03 -1.021396e-01  1.353371e-01
-1.86207e+00 -4.34483e+00       1.705e+11  7.327577e-01 -1.547465e-03 -1.051003e-01  2.672423e-01
-1.44828e+00 -4.34483e+00       1.028e+11  4.927371e-01 -1.945329e-01 -2.082583e-02  5.072629e-01
-1.03448e+00 -4.34483e+00       7.160e+10  2.408367e-01 -5.526339e-01  8.102520e-02  7.591633e-01
-6.20690e-01 -4.34483e+00       5.673e+10  1.527211e-01 -7.279053e-01  1.421750e-02  8.472789e-01
-2.06897e-01 -4.34483e+00       5.368e+10  2.722307e-01 -6.928853e-01 -2.375928e-01  7.277693e-01
 2.06897e-01 -4.34483e+00       6.728e+10  4.661814e-01 -5.881995e-01 -4.385564e-01  5.338186e-01
 6.20690e-01 -4.34483e+00       9.790e+10  6.142642e-01 -4.884183e-01 -4.685155e-01  3.857358e-01
 1.03448e+00 -4.34483e+00       1.400e+11  7.406359e-01 -3.591004e-01 -3.675265e-01  2.593641e-01
 1.44828e+00 -4.34483e+00       1.855e+11  8.402051e-01 -1.856530e-01 -2.081340e-01  1.597949e-01
 1.86207e+00 -4.34483e+00       2.191e+11  8.687672e-01 -5.001326e-02 -8.378791e-02  1.312328e-01
 2.27586e+00 -4.34483e+00       2.341e+11  8.500303e-01  4.675266e-03 -4.539606e-02  1.499697e-01
 2.68966e+00 -4.34483e+00       2.920e+11  8.844721e-01  3.200796e-02 -5.062364e-02  1.155279e-01
 3.10345e+00 -4.34483e+00       4.498e+11  9.480981e-01  4.839650e-02 -3.980801e-03  5.190187e-02
 3.51724e+00 -4.34483e+00       6.104e+11  9.651941e-01  4.440723e-02  7.391296e-02  3.480586e-02
 3.93103e+00 -4.34483e+00       6.341e+11  9.289419e-01  3.847049e-02  1.853577e-01  7.105808e-02
 4.34483e+00 -4.34483e+00       5.458e+11  8.222558e-01  3.819642e-02  3.693354e-01  1.777442e-01
 4.75862e+00 -4.34483e+00       4.538e+11  6.605464e-01  2.933478e-02  5.910211e-01  3.394536e-01
 5.17241e+00 -4.34483e+00       4.302e+11  4.810608e-01  4.839532e-03  7.569132e-01  5.189392e-01
 5.58621e+00 -4.34483e+00       5.625e+11  2.583584e-01  3.933783e-03  8.666832e-01  7.416416e-01
 6.00000e+00 -4.34483e+00       9.020e+11  6.821529e-02  1.382024e-02  9.331388e-01  9.317847e-01
-6.00000e+00 -3.93103e+00       6.481e+11  4.165684e-02 -3.798049e-02 -9.092855e-01  9.583432e-01
-5.58621e+00 -3.93103e+00       4.492e+11  1.915378e-01 -7.470522e-02 -8.648846e-01  8.084622e-01
-5.17241e+00 -3.93103e+00       3.946e+11  4.159887e-01 -3.503379e-02 -7.253353e-01  5.840113e-01
-4.75862e+00 -3.93103e+00       4.671e+11  6.651777e-01  3.058977e-02 -5.208544e-01  3.348223e-01
-4.34483e+00 -3.93103e+00       5.188e+11  8.254454e-01  6.049149e-02 -3.547066e-01  1.745546e-01
-3.93103e+00 -3.93103e+00       4.676e+11  9.068250e-01  7.593657e-02 -2.475491e-01  9.317503e-02
-3.51724e+00 -3.93103e+00       3.776e+11  9.225363e-01  6.998633e-02 -2.196345e-01  7.746369e-02
-3.10345e+00 -3.93103e+00       2.940e+11  8.820786e-01  4.144642e-02 -2.477558e-01  1.179214e-01
-2.68966e+00 -3.93103e+00       2.030e+11  8.113392e-01  1.187755e-02 -2.252531e-01  1.886608e-01
-2.27586e+00 -3.93103e+00       1.253e+11  7.315679e-01 -8.928057e-02 -3.743516e-02  2.684321e-01
-1.86207e+00 -3.93103e+00       8.956e+10  6.523423e-01 -2.637812e-01  2.881192e-01  3.476577e-01
-1.44828e+00 -3.93103e+00       8.250e+10  5.127028e-01 -3.026942e-01  4.958847e-01  4.872972e-01
-1.03448e+00 -3.93103e+00       8.182e+10  2.838022e-01 -2.306775e-01  5.108242e-01  7.161978e-01
-6.20690e-01 -3.93103e+00       8.546e+10  7.237513e-02 -1.404504e-01  3.308154e-01  9.276249e-01
-2.06897e-01 -3.93103e+00       9.994e+10  5.733529e-02 -8.148796e-02 -1.031391e-02  9.426647e-01
 2.06897e-01 -3.93103e+00       1.310e+11  2.957208e-01 -7.574929e-02 -3.360465e-01  7.042792e-01
 6.20690e-01 -3.93103e+00       1.733e+11  5.713561e-01 -1.032683e-01 -4.851164e-01  4.286439e-01
 1.03448e+00 -3.93103e+00       1.972e+11  7.234174e-01 -1.339453e-01 -5.070676e-01  2.765826e-01
 1.44828e+00 -3.93103e+00       1.879e+11  7.933013e-01 -1.679375e-01 -4.336980e-01  2.066987e-01
 1.86207e+00 -3.93103e+00       1.836e+11  8.575605e-01 -1.822887e-01 -2.173220e-01  1.424395e-01
 2.27586e+00 -3.93103e+00       2.111e+11  8.996031e-01 -1.201086e-01  1.698221e-02  1.003969e-01
 2.68966e+00 -3.93103e+00       2.415e+11  8.959314e-01 -3.115548e-02  1.296450e-01  1.040686e-01
 3.10345e+00 -3.93103e+00       2.833e+11  9.001376e-01  3.233893e-02  1.508483e-01  9.986240e-02
 3.51724e+00 -3.93103e+00       4.037e+11  9.319421e-01  5.409948e-02  1.792441e-01  6.805789e-02
 3.93103e+00 -3.93103e+00       5.525e+11  9.349080e-01  4.783493e-02  2.403335e-01  6.509201e-02
 4.34483e+00 -3.93103e+00       5.841e+11  8.814546e-01  3.907061e-02  3.346032e-01  1.185454e-01
 4.75862e+00 -3.93103e+00       5.006e+11  7.467961e-01  3.542652e-02  4.948356e-01  2.532039e-01
 5.17241e+00 -3.93103e+00       4.125e+11  5.483296e-01  2.289446e-02  6.879238e-01  4.516704e-01
 5.58621e+00 -3.93103e+00       4.082e+11  3.147127e-01  1.779839e-03  8.263501e-01  6.852873e-01
 6.00000e+00 -3.93103e+00       5.758e+11  5.791567e-02  7.169103e-03  9.008572e-01  9.420843e-01
-6.00000e+00 -3.51724e+00       4.074e+11  6.216686e-02 -1.457383e-01 -8.483854e-01  9.378331e-01
-5.58621e+00 -3.51724e+00       3.523e+11  2.864275e-01 -1.143215e-01 -7.787303e-01  7.135725e-01
-5.17241e+00 -3.51724e+00       4.030e+11  5.563910e-01 -5.430022e-03 -6.173393e-01  4.436090e-01
-4.75862e+00 -3.51724e+00       4.637e+11  7.490923e-01  5.241796e-02 -4.665191e-01  2.509077e-01
-4.34483e+00 -3.51724e+00       4.311e+11  8.504221e-01  7.429383e-02 -3.679624e-01  1.495779e-01
-3.93103e+00 -3.51724e+00       3.453e+11  8.757787e-01  7.457597e-02 -3.393655e-01  1.242213e-01
-3.51724e+00 -3.51724e+00       2.607e+11  8.389681e-01  5.388520e-02 -3.529084e-01  1.610319e-01
-3.10345e+00 -3.51724e+00       1.834e+11  8.019159e-01  1.353945e-02 -2.764878e-01  1.980841e-01
-2.68966e+00 -3.51724e+00       1.594e+11  8.418188e-01 -6.519830e-02  2.877617e-02  1.581812e-01
-2.27586e+00 -3.51724e+00       2.777e+11  8.821847e-01 -8.167000e-02  3.249014e-01  1.178153e-01
-1.86207e+00 -3.51724e+00       6.021e+11  8.451064e-01 -7.275917e-02  4.610954e-01  1.548936e-01
-1.44828e+00 -3.51724e+00       9.855e+11  7.721665e-01 -6.938432e-02  5.586975e-01  2.278335e-01
-1.03448e+00 -3.51724e+00       1.078e+12  6.567495e-01 -4.628916e-02  6.416641e-01  3.432505e-01
-6.20690e-01 -3.51724e+00       8.210e+11  4.603803e-01  2.330267e-02  6.519079e-01  5.396197e-01
-2.06897e-01 -3.51724e+00       5.536e+11  1.943302e-01  1.299921e-01  3.281877e-01  8.056698e-01
 2.06897e-01 -3.51724e+00       5.639e+11  2.149061e-01  9.461275e-02 -3.791421e-01  7.850939e-01
 6.20690e-01 -3.51724e+00       8.696e+11  4.947831e-01 -2.996965e-02 -6.552878e-01  5.052169e-01
 1.03448e+00 -3.51724e+00       1.194e+12  6.854590e-01 -7.910637e-02 -6.219642e-01  3.145410e-01
 1.44828e+00 -3.51724e+00       1.158e+12  7.955863e-01 -7.985241e-02 -5.253244e-01  2.044137e-01
 1.86207e+00 -3.51724e+00       7.869e+11  8.701485e-01 -6.886241e-02 -4.001375e-01  1.298515e-01
 2.27586e+00 -3.51724e+00       4.363e+11  9.213845e-01 -7.447701e-02 -2.250479e-01  7.861546e-02
 2.68966e+00 -3.51724e+00       2.771e+11  9.274420e-01 -8.435880e-02  2.094679e-02  7.255804e-02
 3.10345e+00 -3.51724e+00       2.472e+11  8.947628e-01 -3.597133e-02  2.199016e-01  1.052372e-01
 3.51724e+00 -3.51724e+00       2.775e+11  8.848525e-01  3.274162e-02  2.819208e-01  1.151475e-01
 3.93103e+00 -3.51724e+00       3.816e+11  9.017667e-01  5.867439e-02  3.100184e-01  9.823327e-02
 4.34483e+00 -3.51724e+00       5.025e+11  8.900569e-01  5.088307e-02  3.621266e-01  1.099431e-01
 4.75862e+00 -3.51724e+00       5.062e+11  8.174714e-01  4.000704e-02  4.455230e-01  1.825286e-01
 5.17241e+00 -3.51724e+00       4.035e+11  6.519677e-01  2.744679e-02  5.859510e-01  3.480323e-01
 5.58621e+00 -3.51724e+00       3.134e+11  4.093461e-01 -7.566730e-03  7.493475e-01  5.906539e-01
 6.00000e+00 -3.51724e+00       3.303e+11  1.261804e-01 -3.135920e-02  8.420987e-01  8.738196e-01
-6.00000e+00 -3.10345e+00       2.953e+11  9.171903e-02 -1.384295e-01 -7.839307e-01  9.082810e-01
-5.58621e+00 -3.10345e+00       3.188e+11  3.884239e-01 -4.598097e-02 -6.767056e-01  6.115761e-01
-5.17241e+00 -3.10345e+00       3.854e+11  6.469124e-01  2.773057e-02 -5.393613e-01  3.530876e-01
-4.75862e+00 -3.10345e+00       3.913e+11  7.910708e-01  6.018007e-02 -4.448049e-01  2.089292e-01
-4.34483e+00 -3.10345e+00       3.236e+11  8.371340e-01  7.574372e-02 -4.094925e-01  1.628660e-01
-3.93103e+00 -3.10345e+00       2.443e+11  8.125159e-01  6.584385e-02 -4.121913e-01  1.874841e-01
-3.51724e+00 -3.10345e+00       1.979e+11  8.155310e-01  2.662019e-02 -3.079290e-01  1.844690e-01
-3.10345e+00 -3.10345e+00       3.050e+11  9.321339e-01 -1.581530e-02 -3.565000e-02  6.786609e-02
-2.68966e+00 -3.10345e+00       7.724e+11  9.814867e-01 -1.135884e-02  8.476922e-02  1.851329e-02
-2.27586e+00 -3.10345e+00       1.472e+12  9.832404e-01 -1.147546e-04  1.306530e-01  1.675962e-02
-1.86207e+00 -3.10345e+00       1.684e+12  9.751521e-01  1.478781e-02  1.670960e-01  2.484791e-02
-1.44828e+00 -3.10345e+00       1.142e+12  9.571874e-01  4.142644e-02  2.044138e-01  4.281261e-02
-1.03448e+00 -3.10345e+00       5.279e+11  9.173675e-01  9.801358e-02  2.424709e-01  8.263248e-02
-6.20690e-01 -3.10345e+00       2.690e+11  8.699943e-01  1.925775e-01  2.322687e-01  1.300057e-01
-2.06897e-01 -3.10345e+00       2.149e+11  8.658807e-01  2.362537e-01  1.456077e-01  1.341193e-01
 2.06897e-01 -3.10345e+00       2.070e+11  8.695701e-01  2.008354e-01  2.559198e-02  1.304299e-01
 6.20690e-01 -3.10345e+00       2.783e+11  8.998729e-01  7.998819e-02 -1.269098e-01  1.001271e-01
 1.03448e+00 -3.10345e+00       5.999e+11  9.494251e-01 -3.963519e-03 -1.864854e-01  5.057490e-02
 1.44828e+00 -3.10345e+00       1.267e+12  9.721566e-01 -2.394069e-02 -1.782008e-01  2.784335e-02
 1.86207e+00 -3.10345e+00       1.849e+12  9.807497e-01 -3.108403e-02 -1.549585e-01  1.925032e-02
 2.27586e+00 -3.10345e+00       1.675e+12  9.849037e-01 -3.581019e-02 -1.212854e-01  1.509628e-02
 2.68966e+00 -3.10345e+00       9.634e+11  9.836247e-01 -4.216786e-02 -6.385193e-02  1.637528e-02
 3.10345e+00 -3.10345e+00       4.410e+11  9.582028e-01 -5.101097e-02  6.816628e-02  4.179715e-02
 3.51724e+00 -3.10345e+00       2.686e+11  8.932039e-01 -2.122085e-02  2.713125e-01  1.067961e-01
 3.93103e+00 -3.10345e+00       2.744e+11  8.662004e-01  4.218541e-02  3.630721e-01  1.337996e-01
 4.34483e+00 -3.10345e+00       3.682e+11  8.734984e-01  6.019189e-02  3.937950e-01  1.265016e-01
 4.75862e+00 -3.10345e+00       4.448e+11  8.434713e-01  4.663658e-02  4.411263e-01  1.565287e-01
 5.17241e+00 -3.10345e+00       4.123e+11  7.289074e-01  3.076220e-02  5.349808e-01  2.710926e-01
 5.58621e+00 -3.10345e+00       3.290e+11  5.128696e-01  8.856663e-03  6.869358e-01  4.871304e-01
 6.00000e+00 -3.10345e+00       2.861e+11  2.515393e-01 -2.301258e-02  8.069392e-01  7.484607e-01
-6.00000e+00 -2.68966e+00       2.648e+11  2.044657e-01 -1.074672e-01 -7.370172e-01  7.955343e-01
-5.58621e+00 -2.68966e+00       3.060e+11  5.130355e-01 -1.033927e-03 -5.997586e-01  4.869645e-01
-5.17241e+00 -2.68966e+00       3.407e+11  7.208519e-01  4.207034e-02 -4.913727e-01  2.791481e-01
-4.75862e+00 -2.68966e+00       3.063e+11  8.084174e-01  6.429063e-02 -4.434844e-01  1.915826e-01
-4.34483e+00 -2.68966e+00       2.378e+11  8.066950e-01  7.314290e-02 -4.396488e-01  1.933050e-01
-3.93103e+00 -2.68966e+00       2.094e+11  8.203434e-01  4.438140e-02 -3.586154e-01  1.796566e-01
-3.51724e+00 -2.68966e+00       3.876e+11  9.402930e-01  7.667790e-03 -1.579744e-01  5.970695e-02
-3.10345e+00 -2.68966e+00       1.002e+12  9.874471e-01  6.735712e-03 -8.381587e-02  1.255287e-02
-2.68966e+00 -2.68966e+00       1.748e+12  9.947752e-01  1.229373e-02 -5.843151e-02  5.224801e-03
-2.27586e+00 -2.68966e+00       1.769e+12  9.954365e-01  2.109301e-02 -3.834959e-02  4.563539e-03
-1.86207e+00 -2.68966e+00       1.133e+12  9.927217e-01  3.905422e-02 -1.852141e-02  7.278257e-03
-1.44828e+00 -2.68966e+00       7.326e+11  9.870210e-01  6.923963e-02 -5.859935e-03  1.297904e-02
-1.03448e+00 -2.68966e+00       8.677e+11  9.873621e-01  8.649927e-02 -4.061842e-03  1.263786e-02
-6.20690e-01 -2.68966e+00       1.259e+12  9.904841e-01  8.401917e-02  4.888161e-03  9.515949e-03
-2.06897e-01 -2.68966e+00       1.510e+12  9.912731e-01  7.687631e-02  2.797949e-02  8.726885e-03
 2.06897e-01 -2.68966e+00       1.385e+12  9.884891e-01  7.549601e-02  6.370791e-02  1.151087e-02
 6.20690e-01 -2.68966e+00       9.609e+11  9.806813e-01  8.063922e-02  1.047660e-01  1.931873e-02
 1.03448e+00 -2.68966e+00       5.544e+11  9.679384e-01  7.142766e-02  1.330020e-01  3.206162e-02
 1.44828e+00 -2.68966e+00       5.217e+11  9.728042e-01  1.061928e-02  9.039597e-02  2.719577e-02
 1.86207e+00 -2.68966e+00       1.063e+12  9.898588e-01 -2.015462e-02  5.166955e-02  1.014116e-02
 2.27586e+00 -2.68966e+00       1.835e+12  9.948718e-01 -2.483481e-02  5.077421e-02  5.128250e-03
 2.68966e+00 -2.68966e+00       1.912e+12  9.946969e-01 -2.775963e-02  6.152054e-02  5.303131e-03
 3.10345e+00 -2.68966e+00       1.182e+12  9.887197e-01 -3.254652e-02  8.784187e-02  1.128027e-02
 3.51724e+00 -2.68966e+00       5.147e+11  9.585732e-01 -3.607199e-02  1.680801e-01  4.142682e-02
 3.93103e+00 -2.68966e+00       2.721e+11  8.848561e-01 -1.287429e-03  3.283699e-01  1.151439e-01
 4.34483e+00 -2.68966e+00       2.724e+11  8.561729e-01  5.357884e-02  4.104460e-01  1.438271e-01
 4.75862e+00 -2.68966e+00       3.495e+11  8.510522e-01  5.601865e-02  4.407980e-01  1.489478e-01
 5.17241e+00 -2.68966e+00       3.758e+11  7.880139e-01  3.931826e-02  4.960836e-01  2.119861e-01
 5.58621e+00 -2.68966e+00       3.166e+11  6.180509e-01  2.116097e-02  6.069748e-01  3.819491e-01
 6.00000e+00 -2.68966e+00       2.473e+11  3.463791e-01 -1.088346e-02  7.436788e-01  6.536209e-01
-6.00000e+00 -2.27586e+00       2.273e+11  3.472180e-01 -3.098274e-02 -6.683303e-01  6.527820e-01
-5.58621e+00 -2.27586e+00       2.750e+11  6.505433e-01  1.421216e-02 -5.261403e-01  3.494567e-01
-5.17241e+00 -2.27586e+00       2.874e+11  7.832212e-01  4.274306e-02 -4.618534e-01  2.167788e-01
-4.75862e+00 -2.27586e+00       2.379e+11  8.127379e-01  6.977988e-02 -4.440537e-01  1.872621e-01
-4.34483e+00 -2.27586e+00       2.001e+11  8.154068e-01  6.356370e-02 -4.032526e-01  1.845932e-01
-3.93103e+00 -2.27586e+00       3.376e+11  9.167515e-01  2.273560e-02 -2.495462e-01  8.324854e-02
-3.51724e+00 -2.27586e+00       9.010e+11  9.739587e-01  1.290799e-02 -1.783582e-01  2.604133e-02
-3.10345e+00 -2.27586e+00       1.685e+12  9.847504e-01  1.470934e-02 -1.591393e-01  1.524964e-02
-2.68966e+00 -2.27586e+00       1.844e+12  9.872478e-01  1.987504e-02 -1.473344e-01  1.275216e-02
-2.27586e+00 -2.27586e+00       1.387e+12  9.870481e-01  3.218302e-02 -1.395849e-01  1.295195e-02
-1.86207e+00 -2.27586e+00       1.298e+12  9.854351e-01  4.106312e-02 -1.388343e-01  1.456485e-02
-1.44828e+00 -2.27586e+00       2.041e+12  9.885322e-01  3.042683e-02 -1.187058e-01  1.146783e-02
-1.03448e+00 -2.27586e+00       3.922e+12  9.939895e-01  2.113323e-02 -7.758532e-02  6.010521e-03
-6.20690e-01 -2.27586e+00       7.158e+12  9.971840e-01  1.598674e-02 -4.171387e-02  2.816018e-03
-2.06897e-01 -2.27586e+00       1.001e+13  9.982615e-01  1.107562e-02 -1.217120e-02  1.738479e-03
 2.06897e-01 -2.27586e+00       9.747e+12  9.980433e-01  6.737804e-03  1.783262e-02  1.956659e-03
 6.20690e-01 -2.27586e+00       6.514e+12  9.962052e-01  3.678045e-03  5.286370e-02  3.794800e-03
 1.03448e+00 -2.27586e+00       3.154e+12  9.908137e-01  2.698173e-03  1.012804e-01  9.186340e-03
 1.44828e+00 -2.27586e+00       1.320e+12  9.792358e-01  5.664772e-03  1.658701e-01  2.076423e-02
 1.86207e+00 -2.27586e+00       7.678e+11  9.713578e-01  3.013239e-04  1.932638e-01  2.864223e-02
 2.27586e+00 -2.27586e+00       1.121e+12  9.810438e-01 -1.686006e-02  1.610169e-01  1.895624e-02
 2.68966e+00 -2.27586e+00       1.815e+12  9.856742e-01 -2.161281e-02  1.519617e-01  1.432583e-02
 3.10345e+00 -2.27586e+00       1.807e+12  9.852219e-01 -2.396675e-02  1.562673e-01  1.477808e-02
 3.51724e+00 -2.27586e+00       1.051e+12  9.777149e-01 -2.739622e-02  1.757350e-01  2.228510e-02
 3.93103e+00 -2.27586e+00       4.373e+11  9.422061e-01 -2.271415e-02  2.468552e-01  5.779387e-02
 4.34483e+00 -2.27586e+00       2.485e+11  8.749021e-01  2.595577e-02  3.749000e-01  1.250979e-01
 4.75862e+00 -2.27586e+00       2.717e+11  8.583964e-01  5.873437e-02  4.275617e-01  1.416036e-01
 5.17241e+00 -2.27586e+00       3.167e+11  8.345796e-01  4.690520e-02  4.586030e-01  1.654204e-01
 5.58621e+00 -2.27586e+00       2.853e+11  7.294806e-01  3.284638e-02  5.224877e-01  2.705194e-01
 6.00000e+00 -2.27586e+00       2.126e+11  4.570004e-01  1.492381e-02  6.471302e-01  5.429996e-01
-6.00000e+00 -1.86207e+00       2.000e+11  5.737936e-01  2.547439e-03 -5.490690e-01  4.262064e-01
-5.58621e+00 -1.86207e+00       2.619e+11  7.375829e-01  4.588374e-02 -4.887050e-01  2.624171e-01
-5.17241e+00 -1.86207e+00       2.442e+11  8.091455e-01  7.911665e-02 -4.369441e-01  1.908545e-01
-4.75862e+00 -1.86207e+00       1.908e+11  8.268498e-01  8.121450e-02 -4.045168e-01  1.731502e-01
-4.34483e+00 -1.86207e+00       2.378e+11  8.865604e-01  3.918729e-02 -3.100334e-01  1.134396e-01
-3.93103e+00 -1.86207e+00       6.249e+11  9.587409e-01  1.718775e-02 -2.248290e-01  4.125914e-02
-3.51724e+00 -1.86207e+00       1.391e+12  9.759646e-01  1.549090e-02 -2.036314e-01  2.403543e-02
-3.10345e+00 -1.86207e+00       1.847e+12  9.794458e-01  1.740693e-02 -1.956128e-01  2.055419e-02
-2.68966e+00 -1.86207e+00       1.675e+12  9.800439e-01  2.312940e-02 -1.905696e-01  1.995607e-02
-2.27586e+00 -1.86207e+00       2.226e+12  9.814835e-01  2.340156e-02 -1.799342e-01  1.851654e-02
-1.86207e+00 -1.86207e+00       6.355e+12  9.860131e-01  1.170440e-02 -1.576397e-01  1.398693e-02
-1.44828e+00 -1.86207e+00       1.807e+13  9.897134e-01  2.176610e-03 -1.346701e-01  1.028662e-02
-1.03448e+00 -1.86207e+00       3.763e+13  9.928131e-01 -4.997832e-03 -1.077480e-01  7.186911e-03
-6.20690e-01 -1.86207e+00       5.716e+13  9.955940e-01 -1.010667e-02 -7.279998e-02  4.406029e-03
-2.06897e-01 -1.86207e+00       6.816e+13  9.974970e-01 -1.321250e-02 -2.954318e-02  2.502955e-03
 2.06897e-01 -1.86207e+00       6.796e+13  9.977809e-01 -1.509017e-02  1.717290e-02  2.219143e-03
 6.20690e-01 -1.86207e+00       5.635e+13  9.963974e-01 -1.670233e-02  5.993446e-02  3.602570e-03
 1.03448e+00 -1.86207e+00       3.613e+13  9.939606e-01 -1.832445e-02  9.495649e-02  6.039358e-03
 1.44828e+00 -1.86207e+00       1.645e+13  9.908083e-01 -1.955731e-02  1.238924e-01  9.191683e-03
 1.86207e+00 -1.86207e+00       5.137e+12  9.859531e-01 -1.932696e-02  1.533332e-01  1.404689e-02
 2.27586e+00 -1.86207e+00       1.501e+12  9.772605e-01 -1.621675e-02  1.912991e-01  2.273955e-02
 2.68966e+00 -1.86207e+00       1.347e+12  9.770149e-01 -1.651896e-02  1.972818e-01  2.298510e-02
 3.10345e+00 -1.86207e+00       1.807e+12  9.795446e-01 -1.853064e-02  1.920013e-01  2.045541e-02
 3.51724e+00 -1.86207e+00       1.498e+12  9.782512e-01 -2.089905e-02  1.957051e-01  2.174879e-02
 3.93103e+00 -1.86207e+00       7.407e+11  9.670958e-01 -2.261525e-02  2.183025e-01  3.290420e-02
 4.34483e+00 -1.86207e+00       3.059e+11  9.227721e-01 -2.382546e-03  2.990391e-01  7.722786e-02
 4.75862e+00 -1.86207e+00       2.320e+11  8.756269e-01  5.240397e-02  3.937012e-01  1.243731e-01
 5.17241e+00 -1.86207e+00       2.795e+11  8.575267e-01  5.990372e-02  4.306999e-01  1.424733e-01
 5.58621e+00 -1.86207e+00       2.831e+11  8.000259e-01  4.570346e-02  4.816682e-01  1.999741e-01
 6.00000e+00 -1.86207e+00       2.223e+11  6.620426e-01  4.068974e-02  5.756268e-01  3.379574e-01
-6.00000e+00 -1.44828e+00       1.872e+11  6.587306e-01  4.500974e-02 -4.592486e-01  3.412694e-01
-5.58621e+00 -1.44828e+00       2.085e+11  8.125929e-01  6.201513e-02 -3.605115e-01  1.874071e-01
-5.17241e+00 -1.44828e+00       1.821e+11  8.675353e-01  4.533650e-02 -3.377287e-01  1.324647e-01
-4.75862e+00 -1.44828e+00       1.714e+11  8.838818e-01  3.514223e-02 -3.266202e-01  1.161182e-01
-4.34483e+00 -1.44828e+00       3.467e+11  9.438418e-01  2.170033e-02 -2.436750e-01  5.615817e-02
-3.93103e+00 -1.44828e+00       9.300e+11  9.726932e-01  1.578141e-02 -2.085057e-01  2.730685e-02
-3.51724e+00 -1.44828e+00       1.633e+12  9.783965e-01  1.533912e-02 -2.003898e-01  2.160352e-02
-3.10345e+00 -1.44828e+00       1.816e+12  9.794070e-01  1.692410e-02 -1.973749e-01  2.059296e-02
-2.68966e+00 -1.44828e+00       2.389e+12  9.801747e-01  1.561319e-02 -1.922298e-01  1.982533e-02
-2.27586e+00 -1.44828e+00       6.723e+12  9.828176e-01  6.109924e-03 -1.799986e-01  1.718235e-02
-1.86207e+00 -1.44828e+00       1.862e+13  9.853142e-01 -1.717632e-03 -1.667501e-01  1.468577e-02
-1.44828e+00 -1.44828e+00       3.477e+13  9.878236e-01 -7.320799e-03 -1.505185e-01  1.217640e-02
-1.03448e+00 -1.44828e+00       4.299e+13  9.906827e-01 -1.075773e-02 -1.281996e-01  9.317331e-03
-6.20690e-01 -1.44828e+00       3.859e+13  9.938996e-01 -1.124224e-02 -9.437050e-02  6.100392e-03
-2.06897e-01 -1.44828e+00       3.143e+13  9.967564e-01 -8.159856e-03 -3.844033e-02  3.243564e-03
 2.06897e-01 -1.44828e+00       3.193e+13  9.971038e-01 -5.191107e-03  3.307885e-02  2.896167e-03
 6.20690e-01 -1.44828e+00       3.972e+13  9.949135e-01 -6.980972e-03  8.548217e-02  5.086505e-03
 1.03448e+00 -1.44828e+00       4.369e+13  9.922178e-01 -1.114305e-02  1.165962e-01  7.782191e-03
 1.44828e+00 -1.44828e+00       3.417e+13  9.896666e-01 -1.536678e-02  1.377077e-01  1.033336e-02
 1.86207e+00 -1.44828e+00       1.723e+13  9.871516e-01 -1.891433e-02  1.544967e-01  1.284842e-02
 2.27586e+00 -1.44828e+00       5.528e+12  9.839258e-01 -2.117438e-02  1.713813e-01  1.607419e-02
 2.68966e+00 -1.44828e+00       1.717e+12  9.791922e-01 -1.938296e-02  1.912623e-01  2.080776e-02
 3.10345e+00 -1.44828e+00       1.566e+12  9.796702e-01 -1.617556e-02  1.916938e-01  2.032983e-02
 3.51724e+00 -1.44828e+00       1.644e+12  9.804732e-01 -1.698082e-02  1.896731e-01  1.952682e-02
 3.93103e+00 -1.44828e+00       1.032e+12  9.772847e-01 -1.852238e-02  1.967708e-01  2.271533e-02
 4.34483e+00 -1.44828e+00       4.255e+11  9.598699e-01 -1.335051e-02  2.316479e-01  4.013006e-02
 4.75862e+00 -1.44828e+00       2.114e+11  9.206697e-01  2.071297e-02  3.107371e-01  7.933035e-02
 5.17241e+00 -1.44828e+00       2.186e+11  9.012177e-01  4.518110e-02  3.583966e-01  9.878231e-02
 5.58621e+00 -1.44828e+00       2.462e+11  8.641152e-01  4.262466e-02  3.959666e-01  1.358848e-01
 6.00000e+00 -1.44828e+00       2.014e+11  7.496896e-01  2.494706e-02  4.754658e-01  2.503104e-01
-6.00000e+00 -1.03448e+00       1.779e+11  8.320424e-01 -1.120263e-03 -3.768377e-01  1.679576e-01
-5.58621e+00 -1.03448e+00       2.036e+11  8.899928e-01  4.395417e-02 -3.337230e-01  1.100072e-01
-5.17241e+00 -1.03448e+00       1.719e+11  9.125433e-01  6.468076e-02 -2.945982e-01  8.745668e-02
-4.75862e+00 -1.03448e+00       1.856e+11  9.355209e-01  4.196412e-02 -2.402865e-01  6.447907e-02
-4.34483e+00 -1.03448e+00       4.707e+11  9.723009e-01  1.601145e-02 -1.865519e-01  2.769912e-02
-3.93103e+00 -1.03448e+00       1.143e+12  9.828740e-01  1.264442e-02 -1.728911e-01  1.712605e-02
-3.51724e+00 -1.03448e+00       1.702e+12  9.846999e-01  1.235824e-02 -1.701219e-01  1.530010e-02
-3.10345e+00 -1.03448e+00       1.996e+12  9.847988e-01  1.143567e-02 -1.697361e-01  1.520119e-02
-2.68966e+00 -1.03448e+00       4.240e+12  9.858083e-01  4.992628e-03 -1.643868e-01  1.419175e-02
-2.27586e+00 -1.03448e+00       1.217e+13  9.872440e-01 -1.677336e-03 -1.566837e-01  1.275602e-02
-1.86207e+00 -1.03448e+00       2.430e+13  9.885310e-01 -6.444985e-03 -1.485526e-01  1.146895e-02
-1.44828e+00 -1.03448e+00       2.951e+13  9.899026e-01 -9.916256e-03 -1.388145e-01  1.009745e-02
-1.03448e+00 -1.03448e+00       2.175e+13  9.914257e-01 -1.210930e-02 -1.268163e-01  8.574303e-03
-6.20690e-01 -1.03448e+00       1.014e+13  9.931652e-01 -1.280062e-02 -1.097330e-01  6.834753e-03
-2.06897e-01 -1.03448e+00       3.849e+12  9.953613e-01 -9.089878e-03 -5.985631e-02  4.638679e-03
 2.06897e-01 -1.03448e+00       4.039e+12  9.957382e-01  2.213866e-03  6.060803e-02  4.261812e-03
 6.20690e-01 -1.03448e+00       1.090e+13  9.941794e-01  8.336858e-04  1.020149e-01  5.820583e-03
 1.03448e+00 -1.03448e+00       2.302e+13  9.928583e-01 -4.272755e-03  1.159711e-01  7.141709e-03
 1.44828e+00 -1.03448e+00       3.028e+13  9.916213e-01 -9.118759e-03  1.263139e-01  8.378736e-03
 1.86207e+00 -1.03448e+00       2.374e+13  9.904067e-01 -1.324409e-02  1.353182e-01  9.593256e-03
 2.27586e+00 -1.03448e+00       1.095e+13  9.890686e-01 -1.650431e-02  1.439505e-01  1.093136e-02
 2.68966e+00 -1.03448e+00       3.302e+12  9.871056e-01 -1.801887e-02  1.541287e-01  1.289438e-02
 3.10345e+00 -1.03448e+00       1.548e+12  9.859129e-01 -1.439805e-02  1.594068e-01  1.408705e-02
 3.51724e+00 -1.03448e+00       1.603e+12  9.868747e-01 -1.260918e-02  1.558696e-01  1.312528e-02
 3.93103e+00 -1.03448e+00       1.209e+12  9.862691e-01 -1.316523e-02  1.572961e-01  1.373086e-02
 4.34483e+00 -1.03448e+00       5.550e+11  9.801760e-01 -1.086273e-02  1.727814e-01  1.982404e-02
 4.75862e+00 -1.03448e+00       2.403e+11  9.592527e-01  1.428779e-02  2.254763e-01  4.074732e-02
 5.17241e+00 -1.03448e+00       2.078e+11  9.429006e-01  4.145019e-02  2.714986e-01  5.709939e-02
 5.58621e+00 -1.03448e+00       2.236e+11  9.265240e-01  3.284982e-02  3.010978e-01  7.347599e-02
 6.00000e+00 -1.03448e+00       1.897e+11  8.810002e-01  2.267373e-02  3.583428e-01  1.189998e-01
-6.00000e+00 -6.20690e-01       1.451e+11  9.447162e-01 -1.811322e-02 -1.982766e-01  5.528377e-02
-5.58621e+00 -6.20690e-01       1.670e+11  9.639512e-01 -1.103626e-02 -1.920273e-01  3.604875e-02
-5.17241e+00 -6.20690e-01       1.506e+11  9.669511e-01  6.518768e-03 -1.909240e-01  3.304885e-02
-4.75862e+00 -6.20690e-01       2.084e+11  9.766442e-01  1.440722e-02 -1.544623e-01  2.335580e-02
-4.34483e+00 -6.20690e-01       5.713e+11  9.890106e-01  1.001070e-02 -1.246858e-01  1.098936e-02
-3.93103e+00 -6.20690e-01       1.259e+12  9.921421e-01  9.023530e-03 -1.185605e-01  7.857856e-03
-3.51724e+00 -6.20690e-01       1.733e+12  9.925289e-01  8.238909e-03 -1.184685e-01  7.471141e-03
-3.10345e+00 -6.20690e-01       2.374e+12  9.925253e-01  4.295020e-03 -1.187152e-01  7.474656e-03
-2.68966e+00 -6.20690e-01       6.069e+12  9.932154e-01 -1.477498e-03 -1.139292e-01  6.784565e-03
-2.27586e+00 -6.20690e-01       1.509e+13  9.938392e-01 -4.945488e-03 -1.089828e-01  6.160792e-03
-1.86207e+00 -6.20690e-01       2.351e+13  9.943750e-01 -7.350959e-03 -1.040232e-01  5.624960e-03
-1.44828e+00 -6.20690e-01       2.149e+13  9.949609e-01 -9.062434e-03 -9.793631e-02  5.039140e-03
-1.03448e+00 -6.20690e-01       1.205e+13  9.957904e-01 -9.809755e-03 -8.742427e-02  4.209587e-03
-6.20690e-01 -6.20690e-01       5.558e+12  9.974646e-01 -8.189291e-03 -5.862534e-02  2.535388e-03
-2.06897e-01 -6.20690e-01       3.936e+12  9.992187e-01 -5.125386e-03 -1.536670e-02  7.812782e-04
 2.06897e-01 -6.20690e-01       4.020e+12  9.992559e-01 -4.019342e-03  1.575852e-02  7.441234e-04
 6.20690e-01 -6.20690e-01       5.944e+12  9.978731e-01 -2.512349e-03  5.439203e-02  2.126853e-03
 1.03448e+00 -6.20690e-01       1.300e+13  9.966908e-01 -3.444443e-03  7.774817e-02  3.309249e-03
 1.44828e+00 -6.20690e-01       2.262e+13  9.961217e-01 -6.167115e-03  8.588923e-02  3.878285e-03
 1.86207e+00 -6.20690e-01       2.369e+13  9.956982e-01 -8.875456e-03  9.066816e-02  4.301796e-03
 2.27586e+00 -6.20690e-01       1.418e+13  9.952667e-01 -1.112602e-02  9.486437e-02  4.733271e-03
 2.68966e+00 -6.20690e-01       5.044e+12  9.946817e-01 -1.257674e-02  9.942610e-02  5.318301e-03
 3.10345e+00 -6.20690e-01       1.787e+12  9.941366e-01 -1.118034e-02  1.020351e-01  5.863350e-03
 3.51724e+00 -6.20690e-01       1.549e+12  9.946255e-01 -8.696600e-03  9.840597e-02  5.374485e-03
 3.93103e+00 -6.20690e-01       1.294e+12  9.946752e-01 -8.305285e-03  9.795124e-02  5.324849e-03
 4.34483e+00 -6.20690e-01       6.550e+11  9.931634e-01 -6.778967e-03  1.039616e-01  6.836567e-03
 4.75862e+00 -6.20690e-01       2.609e+11  9.871845e-01  2.964231e-03  1.265303e-01  1.281550e-02
 5.17241e+00 -6.20690e-01       1.725e+11  9.812494e-01  1.419798e-02  1.526322e-01  1.875056e-02
 5.58621e+00 -6.20690e-01       1.807e+11  9.781119e-01  1.274033e-02  1.654624e-01  2.188806e-02
 6.00000e+00 -6.20690e-01       1.603e+11  9.641990e-01  1.510710e-02  1.874314e-01  3.580099e-02
-6.00000e+00 -2.06897e-01       1.375e+11  9.907517e-01 -2.767147e-03 -7.226074e-02  9.248305e-03
-5.58621e+00 -2.06897e-01       1.519e+11  9.944998e-01 -6.327937e-03 -6.637588e-02  5.500235e-03
-5.17241e+00 -2.06897e-01       1.376e+11  9.946236e-01 -7.304684e-03 -6.979688e-02  5.376410e-03
-4.75862e+00 -2.06897e-01       2.205e+11  9.961666e-01 -1.105112e-03 -5.993040e-02  3.833432e-03
-4.34483e+00 -2.06897e-01       6.245e+11  9.980118e-01  2.930052e-03 -5.114759e-02  1.988182e-03
-3.93103e+00 -2.06897e-01       1.307e+12  9.984376e-01  3.861590e-03 -4.979061e-02  1.562410e-03
-3.51724e+00 -2.06897e-01       1.754e+12  9.983711e-01  2.553635e-03 -5.158509e-02  1.628907e-03
-3.10345e+00 -2.06897e-01       2.657e+12  9.984097e-01 -2.250366e-03 -5.171861e-02  1.590301e-03
-2.68966e+00 -2.06897e-01       7.048e+12  9.987389e-01 -5.169235e-03 -4.716763e-02  1.261067e-03
-2.27586e+00 -2.06897e-01       1.598e+13  9.989232e-01 -5.799527e-03 -4.395318e-02  1.076768e-03
-1.86207e+00 -2.06897e-01       2.197e+13  9.990402e-01 -6.005171e-03 -4.141940e-02  9.598390e-04
-1.44828e+00 -2.06897e-01       1.765e+13  9.991572e-01 -5.954043e-03 -3.848136e-02  8.428454e-04
-1.03448e+00 -2.06897e-01       9.196e+12  9.993408e-01 -5.283707e-03 -3.281826e-02  6.592467e-04
-6.20690e-01 -2.06897e-01       4.952e+12  9.996738e-01 -3.252946e-03 -1.932264e-02  3.261915e-04
-2.06897e-01 -2.06897e-01       4.374e+12  9.998881e-01 -1.919860e-03 -5.921856e-03  1.118826e-04
 2.06897e-01 -2.06897e-01       4.495e+12  9.999104e-01 -2.313186e-03  2.956243e-03  8.964394e-05
 6.20690e-01 -2.06897e-01       5.346e+12  9.998032e-01 -3.583254e-03  1.399090e-02  1.968427e-04
 1.03448e+00 -2.06897e-01       1.006e+13  9.996379e-01 -4.923064e-03  2.355278e-02  3.621380e-04
 1.44828e+00 -2.06897e-01       1.887e+13  9.995544e-01 -5.761125e-03  2.697206e-02  4.455744e-04
 1.86207e+00 -2.06897e-01       2.251e+13  9.995080e-01 -6.299971e-03  2.838691e-02  4.919564e-04
 2.27586e+00 -2.06897e-01       1.533e+13  9.994632e-01 -6.584654e-03  2.941535e-02  5.367863e-04
 2.68966e+00 -2.06897e-01       6.039e+12  9.993874e-01 -6.513749e-03  3.043024e-02  6.126474e-04
 3.10345e+00 -2.06897e-01       2.009e+12  9.992842e-01 -5.668882e-03  2.993673e-02  7.157761e-04
 3.51724e+00 -2.06897e-01       1.523e+12  9.993978e-01 -4.432687e-03  2.673913e-02  6.021696e-04
 3.93103e+00 -2.06897e-01       1.319e+12  9.994656e-01 -3.545866e-03  2.621096e-02  5.344028e-04
 4.34483e+00 -2.06897e-01       7.017e+11  9.993159e-01 -2.032036e-03  2.754773e-02  6.840534e-04
 4.75862e+00 -2.06897e-01       2.720e+11  9.986149e-01  9.173535e-04  3.128811e-02  1.385062e-03
 5.17241e+00 -2.06897e-01       1.633e+11  9.977988e-01  3.369034e-03  3.420869e-02  2.201180e-03
 5.58621e+00 -2.06897e-01       1.773e+11  9.975133e-01  6.268492e-03  3.776684e-02  2.486662e-03
 6.00000e+00 -2.06897e-01       1.605e+11  9.956089e-01  8.023142e-03  4.585454e-02  4.391146e-03
-6.00000e+00  2.06897e-01       1.370e+11  9.928957e-01 -1.317222e-02  4.115518e-02  7.104261e-03
-5.58621e+00  2.06897e-01       1.513e+11  9.957993e-01 -8.189889e-03  3.975499e-02  4.200668e-03
-5.17241e+00  2.06897e-01       1.368e+11  9.965642e-01 -1.403332e-02  4.408965e-02  3.435756e-03
-4.75862e+00  2.06897e-01       2.200e+11  9.981536e-01 -1.235762e-02  3.446997e-02  1.846433e-03
-4.34483e+00  2.06897e-01       6.257e+11  9.992223e-01 -4.260947e-03  2.646824e-02  7.777138e-04
-3.93103e+00  2.06897e-01       1.311e+12  9.994223e-01 -1.645298e-03  2.429249e-02  5.776703e-04
-3.51724e+00  2.06897e-01       1.762e+12  9.994596e-01 -2.972222e-03  2.146062e-02  5.404060e-04
-3.10345e+00  2.06897e-01       2.668e+12  9.995001e-01 -7.650629e-03  2.131215e-02  4.999170e-04
-2.68966e+00  2.06897e-01       7.052e+12  9.995160e-01 -7.949097e-03  2.554029e-02  4.840453e-04
-2.27586e+00  2.06897e-01       1.596e+13  9.995218e-01 -5.921483e-03  2.729416e-02  4.782044e-04
-1.86207e+00  2.06897e-01       2.193e+13  9.995371e-01 -3.970859e-03  2.751359e-02  4.629113e-04
-1.44828e+00  2.06897e-01       1.762e+13  9.995665e-01 -2.279695e-03  2.671332e-02  4.334873e-04
-1.03448e+00  2.06897e-01       9.157e+12  9.996431e-01 -1.081685e-03  2.285597e-02  3.568851e-04
-6.20690e-01  2.06897e-01       4.886e+12  9.998204e-01 -1.343854e-03  1.069687e-02  1.796195e-04
-2.06897e-01  2.06897e-01       4.285e+12  9.999232e-01 -2.593837e-03 -1.049614e-03  7.680196e-05
 2.06897e-01  2.06897e-01       4.406e+12  9.998809e-01 -3.478840e-03 -8.157976e-03  1.191300e-04
 6.20690e-01  2.06897e-01       5.285e+12  9.996416e-01 -5.373458e-03 -1.998721e-02  3.584373e-04
 1.03448e+00  2.06897e-01       1.004e+13  9.993271e-01 -6.810712e-03 -3.254937e-02  6.728912e-04
 1.44828e+00  2.06897e-01       1.889e+13  9.991859e-01 -5.765433e-03 -3.752697e-02  8.141328e-04
 1.86207e+00  2.06897e-01       2.255e+13  9.991046e-01 -3.942648e-03 -3.986456e-02  8.954194e-04
 2.27586e+00  2.06897e-01       1.536e+13  9.990229e-01 -1.982395e-03 -4.177332e-02  9.770780e-04
 2.68966e+00  2.06897e-01       6.058e+12  9.989081e-01  3.890759e-05 -4.385433e-02  1.091867e-03
 3.10345e+00  2.06897e-01       2.016e+12  9.986654e-01  1.085430e-03 -4.766643e-02  1.334630e-03
 3.51724e+00  2.06897e-01       1.526e+12  9.985524e-01  3.109896e-04 -5.026038e-02  1.447576e-03
 3.93103e+00  2.06897e-01       1.320e+12  9.985546e-01  1.265626e-03 -5.020288e-02  1.445429e-03
 4.34483e+00  2.06897e-01       7.027e+11  9.981919e-01  3.019998e-03 -5.246206e-02  1.808078e-03
 4.75862e+00  2.06897e-01       2.728e+11  9.963882e-01  1.296817e-03 -6.504335e-02  3.611755e-03
 5.17241e+00  2.06897e-01       1.641e+11  9.935216e-01 -8.087803e-03 -8.805245e-02  6.478413e-03
 5.58621e+00  2.06897e-01       1.783e+11  9.924065e-01 -7.858417e-03 -9.545696e-02  7.593525e-03
 6.00000e+00  2.06897e-01       1.615e+11  9.886909e-01 -7.205560e-03 -1.015854e-01  1.130913e-02
-6.00000e+00  6.20690e-01       1.445e+11  9.471024e-01  9.576827e-03  1.687713e-01  5.289762e-02
-5.58621e+00  6.20690e-01       1.659e+11  9.665682e-01  3.397254e-03  1.691809e-01  3.343179e-02
-5.17241e+00  6.20690e-01       1.489e+11  9.713991e-01 -2.373209e-02  1.706948e-01  2.860090e-02
-4.75862e+00  6.20690e-01       2.076e+11  9.822740e-01 -2.926156e-02  1.311565e-01  1.772601e-02
-4.34483e+00  6.20690e-01       5.753e+11  9.925936e-01 -1.265867e-02  1.006199e-01  7.406414e-03
-3.93103e+00  6.20690e-01       1.271e+12  9.948907e-01 -7.362049e-03  9.423621e-02  5.109322e-03
-3.51724e+00  6.20690e-01       1.757e+12  9.954421e-01 -7.933412e-03  9.042876e-02  4.557880e-03
-3.10345e+00  6.20690e-01       2.410e+12  9.955807e-01 -1.237861e-02  8.884328e-02  4.419298e-03
-2.68966e+00  6.20690e-01       6.091e+12  9.954342e-01 -1.119921e-02  9.219404e-02  4.565822e-03
-2.27586e+00  6.20690e-01       1.505e+13  9.955162e-01 -6.765631e-03  9.250807e-02  4.483758e-03
-1.86207e+00  6.20690e-01       2.339e+13  9.957586e-01 -2.771107e-03  9.033051e-02  4.241406e-03
-1.44828e+00  6.20690e-01       2.137e+13  9.961086e-01  5.368442e-04  8.632427e-02  3.891351e-03
-1.03448e+00  6.20690e-01       1.197e+13  9.966795e-01  2.899087e-03  7.768954e-02  3.320528e-03
-6.20690e-01  6.20690e-01       5.437e+12  9.979528e-01  3.107119e-03  5.049892e-02  2.047160e-03
-2.06897e-01  6.20690e-01       3.752e+12  9.993172e-01  1.099748e-03  7.192970e-03  6.827980e-04
 2.06897e-01  6.20690e-01       3.840e+12  9.990352e-01 -1.411327e-03 -2.417873e-02  9.647787e-04
 6.20690e-01  6.20690e-01       5.842e+12  9.971649e-01 -7.301053e-03 -6.390734e-02  2.835109e-03
 1.03448e+00  6.20690e-01       1.300e+13  9.957516e-01 -8.201209e-03 -8.784530e-02  4.248350e-03
 1.44828e+00  6.20690e-01       2.271e+13  9.951028e-01 -4.780313e-03 -9.646972e-02  4.897229e-03
 1.86207e+00  6.20690e-01       2.381e+13  9.945914e-01 -7.246756e-04 -1.019146e-01  5.408643e-03
 2.27586e+00  6.20690e-01       1.428e+13  9.940553e-01  3.241418e-03 -1.069064e-01  5.944669e-03
 2.68966e+00  6.20690e-01       5.093e+12  9.933537e-01  6.926322e-03 -1.126125e-01  6.646294e-03
 3.10345e+00  6.20690e-01       1.805e+12  9.923331e-01  7.154418e-03 -1.202942e-01  7.666945e-03
 3.51724e+00  6.20690e-01       1.553e+12  9.922627e-01  4.678847e-03 -1.213273e-01  7.737339e-03
 3.93103e+00  6.20690e-01       1.294e+12  9.921355e-01  6.055202e-03 -1.210380e-01  7.864473e-03
 4.34483e+00  6.20690e-01       6.558e+11  9.898654e-01  7.814553e-03 -1.284503e-01  1.013464e-02
 4.75862e+00  6.20690e-01       2.627e+11  9.804484e-01 -2.034494e-03 -1.602964e-01  1.955159e-02
 5.17241e+00  6.20690e-01       1.744e+11  9.691510e-01 -2.484411e-02 -2.013637e-01  3.084897e-02
 5.58621e+00  6.20690e-01       1.833e+11  9.626662e-01 -2.290127e-02 -2.185369e-01  3.733379e-02
 6.00000e+00  6.20690e-01       1.634e+11  9.424354e-01 -2.494084e-02 -2.429089e-01  5.756464e-02
-6.00000e+00  1.03448e+00       1.768e+11  8.371986e-01  3.908826e-04  3.583903e-01  1.628014e-01
-5.58621e+00  1.03448e+00       2.017e+11  8.943783e-01 -4.679548e-02  3.214059e-01  1.056217e-01
-5.17241e+00  1.03448e+00       1.691e+11  9.172131e-01 -7.921616e-02  2.823583e-01  8.278688e-02
-4.75862e+00  1.03448e+00       1.832e+11  9.431488e-01 -5.995178e-02  2.216052e-01  5.685123e-02
-4.34483e+00  1.03448e+00       4.734e+11  9.777780e-01 -2.118406e-02  1.650200e-01  2.222197e-02
-3.93103e+00  1.03448e+00       1.157e+12  9.867228e-01 -1.203333e-02  1.514162e-01  1.327721e-02
-3.51724e+00  1.03448e+00       1.736e+12  9.885048e-01 -1.146607e-02  1.462323e-01  1.149521e-02
-3.10345e+00  1.03448e+00       2.057e+12  9.890634e-01 -1.623431e-02  1.420912e-01  1.093659e-02
-2.68966e+00  1.03448e+00       4.303e+12  9.891381e-01 -1.649248e-02  1.424536e-01  1.086191e-02
-2.27586e+00  1.03448e+00       1.214e+13  9.896357e-01 -1.000871e-02  1.406878e-01  1.036431e-02
-1.86207e+00  1.03448e+00       2.412e+13  9.904681e-01 -4.003093e-03  1.353856e-01  9.531917e-03
-1.44828e+00  1.03448e+00       2.927e+13  9.915181e-01  8.371146e-04  1.274821e-01  8.481944e-03
-1.03448e+00  1.03448e+00       2.163e+13  9.927587e-01  4.289536e-03  1.168520e-01  7.241331e-03
-6.20690e-01  1.03448e+00       1.016e+13  9.942068e-01  5.873348e-03  1.005576e-01  5.793198e-03
-2.06897e-01  1.03448e+00       3.901e+12  9.957598e-01  1.642028e-03  5.005883e-02  4.240151e-03
 2.06897e-01  1.03448e+00       4.090e+12  9.948386e-01 -1.347039e-02 -7.115674e-02  5.161412e-03
 6.20690e-01  1.03448e+00       1.098e+13  9.929919e-01 -1.271758e-02 -1.120055e-01  7.008069e-03
 1.03448e+00  1.03448e+00       2.317e+13  9.916066e-01 -6.702038e-03 -1.257737e-01  8.393442e-03
 1.44828e+00  1.03448e+00       3.050e+13  9.902637e-01 -6.787877e-04 -1.364117e-01  9.736348e-03
 1.86207e+00  1.03448e+00       2.396e+13  9.888973e-01  4.850257e-03 -1.460115e-01  1.110269e-02
 2.27586e+00  1.03448e+00       1.109e+13  9.874005e-01  9.993692e-03 -1.553725e-01  1.259953e-02
 2.68966e+00  1.03448e+00       3.369e+12  9.852461e-01  1.406118e-02 -1.670500e-01  1.475390e-02
 3.10345e+00  1.03448e+00       1.573e+12  9.832067e-01  1.060653e-02 -1.779064e-01  1.679325e-02
 3.51724e+00  1.03448e+00       1.612e+12  9.836539e-01  8.340404e-03 -1.763227e-01  1.634608e-02
 3.93103e+00  1.03448e+00       1.214e+12  9.827411e-01  1.070249e-02 -1.777039e-01  1.725887e-02
 4.34483e+00  1.03448e+00       5.602e+11  9.749342e-01  1.164263e-02 -1.960724e-01  2.506584e-02
 4.75862e+00  1.03448e+00       2.455e+11  9.482121e-01 -1.357236e-02 -2.608337e-01  5.178789e-02
 5.17241e+00  1.03448e+00       2.114e+11  9.266820e-01 -5.103086e-02 -3.140531e-01  7.331800e-02
 5.58621e+00  1.03448e+00       2.259e+11  9.052852e-01 -4.705007e-02 -3.425211e-01  9.471478e-02
 6.00000e+00  1.03448e+00       1.925e+11  8.481237e-01 -3.958855e-02 -4.042766e-01  1.518763e-01
-6.00000e+00  1.44828e+00       1.847e+11  6.757107e-01 -6.415724e-02  4.424569e-01  3.242893e-01
-5.58621e+00  1.44828e+00       2.063e+11  8.188188e-01 -7.458181e-02  3.440623e-01  1.811812e-01
-5.17241e+00  1.44828e+00       1.787e+11  8.715884e-01 -6.136333e-02  3.193855e-01  1.284116e-01
-4.75862e+00  1.44828e+00       1.673e+11  8.909319e-01 -5.760887e-02  3.075044e-01  1.090681e-01
-4.34483e+00  1.44828e+00       3.488e+11  9.509427e-01 -3.271791e-02  2.233976e-01  4.905726e-02
-3.93103e+00  1.44828e+00       9.486e+11  9.771245e-01 -1.756561e-02  1.896410e-01  2.287546e-02
-3.51724e+00  1.44828e+00       1.677e+12  9.821748e-01 -1.452764e-02  1.811303e-01  1.782521e-02
-3.10345e+00  1.44828e+00       1.900e+12  9.834952e-01 -1.762770e-02  1.752186e-01  1.650482e-02
-2.68966e+00  1.44828e+00       2.518e+12  9.840709e-01 -2.258950e-02  1.704132e-01  1.592915e-02
-2.27586e+00  1.44828e+00       6.840e+12  9.855549e-01 -1.676554e-02  1.638788e-01  1.444514e-02
-1.86207e+00  1.44828e+00       1.858e+13  9.874467e-01 -8.899994e-03  1.537129e-01  1.255333e-02
-1.44828e+00  1.44828e+00       3.448e+13  9.895408e-01 -2.421025e-03  1.393968e-01  1.045921e-02
-1.03448e+00  1.44828e+00       4.258e+13  9.920129e-01  2.036189e-03  1.184126e-01  7.987121e-03
-6.20690e-01  1.44828e+00       3.830e+13  9.948058e-01  3.195690e-03  8.532743e-02  5.194248e-03
-2.06897e-01  1.44828e+00       3.134e+13  9.970873e-01 -8.696885e-05  2.961347e-02  2.912702e-03
 2.06897e-01  1.44828e+00       3.197e+13  9.967718e-01 -3.869958e-03 -4.183742e-02  3.228239e-03
 6.20690e-01  1.44828e+00       3.986e+13  9.941352e-01 -2.324600e-03 -9.421419e-02  5.864765e-03
 1.03448e+00  1.44828e+00       4.395e+13  9.911677e-01  2.266907e-03 -1.254430e-01  8.832271e-03
 1.44828e+00  1.44828e+00       3.446e+13  9.883797e-01  7.347291e-03 -1.469278e-01  1.162031e-02
 1.86207e+00  1.44828e+00       1.746e+13  9.856166e-01  1.229472e-02 -1.643897e-01  1.438339e-02
 2.27586e+00  1.44828e+00       5.667e+12  9.821707e-01  1.707152e-02 -1.823122e-01  1.782930e-02
 2.68966e+00  1.44828e+00       1.780e+12  9.769704e-01  1.759331e-02 -2.056455e-01  2.302964e-02
 3.10345e+00  1.44828e+00       1.584e+12  9.765234e-01  1.140725e-02 -2.097086e-01  2.347657e-02
 3.51724e+00  1.44828e+00       1.645e+12  9.771795e-01  1.190969e-02 -2.070251e-01  2.282052e-02
 3.93103e+00  1.44828e+00       1.033e+12  9.734940e-01  1.490381e-02 -2.140136e-01  2.650596e-02
 4.34483e+00  1.44828e+00       4.310e+11  9.530205e-01  1.127402e-02 -2.532862e-01  4.697946e-02
 4.75862e+00  1.44828e+00       2.189e+11  9.064141e-01 -2.421489e-02 -3.454395e-01  9.358593e-02
 5.17241e+00  1.44828e+00       2.276e+11  8.828093e-01 -4.853365e-02 -3.988139e-01  1.171907e-01
 5.58621e+00  1.44828e+00       2.560e+11  8.425497e-01 -4.396526e-02 -4.335507e-01  1.574503e-01
 6.00000e+00  1.44828e+00       2.099e+11  7.199697e-01 -2.608691e-02 -5.105916e-01  2.800303e-01
-6.00000e+00  1.86207e+00       1.989e+11  5.750280e-01 -2.983914e-03  5.431725e-01  4.249720e-01
-5.58621e+00  1.86207e+00       2.594e+11  7.380785e-01 -4.214516e-02  4.858440e-01  2.619215e-01
-5.17241e+00  1.86207e+00       2.393e+11  8.088189e-01 -8.087775e-02  4.342980e-01  1.911811e-01
-4.75862e+00  1.86207e+00       1.846e+11  8.279237e-01 -9.592684e-02  3.983315e-01  1.720763e-01
-4.34483e+00  1.86207e+00       2.363e+11  8.936855e-01 -5.624137e-02  2.944484e-01  1.063145e-01
-3.93103e+00  1.86207e+00       6.416e+11  9.637844e-01 -2.467619e-02  2.081817e-01  3.621557e-02
-3.51724e+00  1.86207e+00       1.439e+12  9.793200e-01 -1.842463e-02  1.878669e-01  2.068001e-02
-3.10345e+00  1.86207e+00       1.939e+12  9.824136e-01 -1.930455e-02  1.796470e-01  1.758644e-02
-2.68966e+00  1.86207e+00       1.832e+12  9.828723e-01 -2.556255e-02  1.744226e-01  1.712769e-02
-2.27586e+00  1.86207e+00       2.456e+12  9.835797e-01 -2.801970e-02  1.665608e-01  1.642034e-02
-1.86207e+00  1.86207e+00       6.589e+12  9.876298e-01 -2.004911e-02  1.455167e-01  1.237022e-02
-1.44828e+00  1.86207e+00       1.816e+13  9.911512e-01 -1.199649e-02  1.232933e-01  8.848761e-03
-1.03448e+00  1.86207e+00       3.749e+13  9.939220e-01 -4.735846e-03  9.776499e-02  6.077988e-03
-6.20690e-01  1.86207e+00       5.688e+13  9.963133e-01  9.747798e-04  6.395995e-02  3.686654e-03
-2.06897e-01  1.86207e+00       6.795e+13  9.978140e-01  4.604468e-03  2.131962e-02  2.186017e-03
 2.06897e-01  1.86207e+00       6.797e+13  9.976982e-01  6.789700e-03 -2.521702e-02  2.301815e-03
 6.20690e-01  1.86207e+00       5.655e+13  9.959264e-01  8.694860e-03 -6.817960e-02  4.073555e-03
 1.03448e+00  1.86207e+00       3.638e+13  9.930878e-01  1.093588e-02 -1.039025e-01  6.912201e-03
 1.44828e+00  1.86207e+00       1.668e+13  9.894797e-01  1.372495e-02 -1.341932e-01  1.052025e-02
 1.86207e+00  1.86207e+00       5.345e+12  9.841663e-01  1.745696e-02 -1.656383e-01  1.583367e-02
 2.27586e+00  1.86207e+00       1.627e+12  9.753067e-01  1.994236e-02 -2.059977e-01  2.469330e-02
 2.68966e+00  1.86207e+00       1.389e+12  9.742595e-01  1.412517e-02 -2.142875e-01  2.574049e-02
 3.10345e+00  1.86207e+00       1.811e+12  9.768348e-01  1.325139e-02 -2.069103e-01  2.316519e-02
 3.51724e+00  1.86207e+00       1.495e+12  9.754815e-01  1.624254e-02 -2.094506e-01  2.451849e-02
 3.93103e+00  1.86207e+00       7.440e+11  9.628845e-01  1.899564e-02 -2.337867e-01  3.711546e-02
 4.34483e+00  1.86207e+00       3.146e+11  9.135066e-01 -7.941976e-04 -3.235924e-01  8.649341e-02
 4.75862e+00  1.86207e+00       2.410e+11  8.621541e-01 -5.475485e-02 -4.244434e-01  1.378459e-01
 5.17241e+00  1.86207e+00       2.865e+11  8.416712e-01 -6.429569e-02 -4.579922e-01  1.583288e-01
 5.58621e+00  1.86207e+00       2.880e+11  7.778677e-01 -5.306898e-02 -5.063428e-01  2.221323e-01
 6.00000e+00  1.86207e+00       2.264e+11  6.283278e-01 -5.416761e-02 -6.021065e-01  3.716722e-01
-6.00000e+00  2.27586e+00       2.213e+11  3.622720e-01  1.956508e-02  6.536908e-01  6.377280e-01
-5.58621e+00  2.27586e+00       2.710e+11  6.522336e-01 -1.599646e-02  5.164666e-01  3.477664e-01
-5.17241e+00  2.27586e+00       2.821e+11  7.822449e-01 -3.782170e-02  4.551265e-01  2.177551e-01
-4.75862e+00  2.27586e+00       2.305e+11  8.120435e-01 -7.106588e-02  4.386996e-01  1.879565e-01
-4.34483e+00  2.27586e+00       1.933e+11  8.172991e-01 -7.914866e-02  3.960756e-01  1.827009e-01
-3.93103e+00  2.27586e+00       3.434e+11  9.227151e-01 -3.765038e-02  2.357020e-01  7.728490e-02
-3.51724e+00  2.27586e+00       9.382e+11  9.768554e-01 -2.041739e-02  1.656961e-01  2.314459e-02
-3.10345e+00  2.27586e+00       1.766e+12  9.866294e-01 -1.927982e-02  1.474033e-01  1.337061e-02
-2.68966e+00  2.27586e+00       1.987e+12  9.886274e-01 -2.358499e-02  1.372119e-01  1.137255e-02
-2.27586e+00  2.27586e+00       1.626e+12  9.875450e-01 -3.302963e-02  1.356203e-01  1.245499e-02
-1.86207e+00  2.27586e+00       1.662e+12  9.847880e-01 -3.381549e-02  1.435609e-01  1.521201e-02
-1.44828e+00  2.27586e+00       2.503e+12  9.871444e-01 -2.139418e-02  1.226007e-01  1.285559e-02
-1.03448e+00  2.27586e+00       4.341e+12  9.930809e-01 -1.722786e-02  7.126278e-02  6.919137e-03
-6.20690e-01  2.27586e+00       7.392e+12  9.969442e-01 -1.866723e-02  2.630862e-02  3.055829e-03
-2.06897e-01  2.27586e+00       1.008e+13  9.979525e-01 -1.698849e-02 -6.166209e-03  2.047527e-03
 2.06897e-01  2.27586e+00       9.786e+12  9.972346e-01 -1.229978e-02 -3.706948e-02  2.765361e-03
 6.20690e-01  2.27586e+00       6.696e+12  9.947095e-01 -4.900581e-03 -7.343421e-02  5.290450e-03
 1.03448e+00  2.27586e+00       3.518e+12  9.890365e-01  6.116411e-03 -1.214912e-01  1.096353e-02
 1.44828e+00  2.27586e+00       1.694e+12  9.795662e-01  1.570828e-02 -1.764246e-01  2.043376e-02
 1.86207e+00  2.27586e+00       9.801e+11  9.722805e-01  1.653465e-02 -2.047292e-01  2.771951e-02
 2.27586e+00  2.27586e+00       1.188e+12  9.787637e-01  1.306994e-02 -1.792597e-01  2.123633e-02
 2.68966e+00  2.27586e+00       1.819e+12  9.839097e-01  1.294733e-02 -1.643030e-01  1.609025e-02
 3.10345e+00  2.27586e+00       1.794e+12  9.837919e-01  1.569868e-02 -1.659007e-01  1.620806e-02
 3.51724e+00  2.27586e+00       1.046e+12  9.757451e-01  2.005170e-02 -1.852944e-01  2.425486e-02
 3.93103e+00  2.27586e+00       4.437e+11  9.368810e-01  1.496089e-02 -2.621834e-01  6.311896e-02
 4.34483e+00  2.27586e+00       2.585e+11  8.652054e-01 -3.249772e-02 -3.989185e-01  1.347946e-01
 4.75862e+00  2.27586e+00       2.802e+11  8.459090e-01 -6.287399e-02 -4.525133e-01  1.540910e-01
 5.17241e+00  2.27586e+00       3.255e+11  8.185537e-01 -5.070658e-02 -4.822664e-01  1.814463e-01
 5.58621e+00  2.27586e+00       2.946e+11  7.075461e-01 -3.805132e-02 -5.460816e-01  2.924539e-01
 6.00000e+00  2.27586e+00       2.207e+11  4.351835e-01 -2.145998e-02 -6.672601e-01  5.648165e-01
-6.00000e+00  2.68966e+00       2.560e+11  2.136522e-01  8.895166e-02  7.250982e-01  7.863478e-01
-5.58621e+00  2.68966e+00       3.035e+11  5.141472e-01 -1.390118e-02  5.950223e-01  4.858528e-01
-5.17241e+00  2.68966e+00       3.369e+11  7.166833e-01 -4.251735e-02  4.895387e-01  2.833167e-01
-4.75862e+00  2.68966e+00       2.989e+11  8.035990e-01 -5.991101e-02  4.426760e-01  1.964010e-01
-4.34483e+00  2.68966e+00       2.277e+11  8.002504e-01 -7.828981e-02  4.406816e-01  1.997496e-01
-3.93103e+00  2.68966e+00       2.029e+11  8.177079e-01 -6.491462e-02  3.548386e-01  1.822921e-01
-3.51724e+00  2.68966e+00       4.018e+11  9.434773e-01 -2.449679e-02  1.488506e-01  5.652267e-02
-3.10345e+00  2.68966e+00       1.057e+12  9.884189e-01 -1.632929e-02  7.676954e-02  1.158111e-02
-2.68966e+00  2.68966e+00       1.851e+12  9.951070e-01 -1.985687e-02  5.221972e-02  4.892969e-03
-2.27586e+00  2.68966e+00       1.938e+12  9.955076e-01 -2.809729e-02  3.542170e-02  4.492375e-03
-1.86207e+00  2.68966e+00       1.399e+12  9.929505e-01 -4.185518e-02  2.975460e-02  7.049498e-03
-1.44828e+00  2.68966e+00       1.093e+12  9.893013e-01 -5.464441e-02  4.033419e-02  1.069869e-02
-1.03448e+00  2.68966e+00       1.355e+12  9.907159e-01 -5.751843e-02  3.934798e-02  9.284132e-03
-6.20690e-01  2.68966e+00       1.943e+12  9.936552e-01 -5.182829e-02  2.416959e-02  6.344779e-03
-2.06897e-01  2.68966e+00       2.347e+12  9.947724e-01 -4.291019e-02 -1.514949e-03  5.227619e-03
 2.06897e-01  2.68966e+00       2.193e+12  9.933259e-01 -3.790717e-02 -3.899282e-02  6.674065e-03
 6.20690e-01  2.68966e+00       1.555e+12  9.880666e-01 -3.732834e-02 -8.518444e-02  1.193339e-02
 1.03448e+00  2.68966e+00       8.894e+11  9.772886e-01 -3.002710e-02 -1.338891e-01  2.271140e-02
 1.44828e+00  2.68966e+00       6.688e+11  9.725104e-01 -2.816550e-03 -1.314351e-01  2.748962e-02
 1.86207e+00  2.68966e+00       1.108e+12  9.868384e-01  1.054974e-02 -7.423671e-02  1.316156e-02
 2.27586e+00  2.68966e+00       1.826e+12  9.938897e-01  1.259472e-02 -5.805037e-02  6.110315e-03
 2.68966e+00  2.68966e+00       1.880e+12  9.945060e-01  1.582988e-02 -6.459152e-02  5.493950e-03
 3.10345e+00  2.68966e+00       1.162e+12  9.884578e-01  2.131600e-02 -9.077963e-02  1.154219e-02
 3.51724e+00  2.68966e+00       5.150e+11  9.563612e-01  2.332222e-02 -1.761238e-01  4.363881e-02
 3.93103e+00  2.68966e+00       2.816e+11  8.799886e-01 -1.127429e-02 -3.456551e-01  1.200114e-01
 4.34483e+00  2.68966e+00       2.817e+11  8.491083e-01 -5.779665e-02 -4.307938e-01  1.508917e-01
 4.75862e+00  2.68966e+00       3.589e+11  8.405313e-01 -5.833905e-02 -4.610561e-01  1.594687e-01
 5.17241e+00  2.68966e+00       3.878e+11  7.727721e-01 -4.426964e-02 -5.171763e-01  2.272279e-01
 5.58621e+00  2.68966e+00       3.298e+11  5.991359e-01 -2.999092e-02 -6.286011e-01  4.008641e-01
 6.00000e+00  2.68966e+00       2.605e+11  3.389873e-01  4.269441e-03 -7.614431e-01  6.610127e-01
-6.00000e+00  3.10345e+00       2.831e+11  9.132426e-02  1.224947e-01  7.759456e-01  9.086757e-01
-5.58621e+00  3.10345e+00       3.166e+11  3.908678e-01  2.582911e-02  6.736567e-01  6.091322e-01
-5.17241e+00  3.10345e+00       3.858e+11  6.430884e-01 -3.145074e-02  5.406983e-01  3.569116e-01
-4.75862e+00  3.10345e+00       3.873e+11  7.860328e-01 -5.242535e-02  4.474373e-01  2.139672e-01
-4.34483e+00  3.10345e+00       3.146e+11  8.307830e-01 -6.915622e-02  4.138627e-01  1.692170e-01
-3.93103e+00  3.10345e+00       2.318e+11  8.021544e-01 -7.419951e-02  4.206362e-01  1.978456e-01
-3.51724e+00  3.10345e+00       1.903e+11  8.083759e-01 -5.313236e-02  3.113971e-01  1.916241e-01
-3.10345e+00  3.10345e+00       3.211e+11  9.351773e-01 -7.805851e-03  3.220705e-02  6.482265e-02
-2.68966e+00  3.10345e+00       8.340e+11  9.823903e-01 -4.844239e-03 -8.256047e-02  1.760969e-02
-2.27586e+00  3.10345e+00       1.578e+12  9.833168e-01 -1.519022e-02 -1.283537e-01  1.668321e-02
-1.86207e+00  3.10345e+00       1.814e+12  9.751148e-01 -3.010924e-02 -1.661938e-01  2.488524e-02
-1.44828e+00  3.10345e+00       1.326e+12  9.618602e-01 -5.224899e-02 -1.992882e-01  3.813975e-02
-1.03448e+00  3.10345e+00       8.354e+11  9.518101e-01 -8.412097e-02 -1.983484e-01  4.818986e-02
-6.20690e-01  3.10345e+00       6.858e+11  9.581899e-01 -1.119732e-01 -1.485607e-01  4.181006e-02
-2.06897e-01  3.10345e+00       6.454e+11  9.627206e-01 -1.220772e-01 -1.199699e-01  3.727943e-02
 2.06897e-01  3.10345e+00       5.563e+11  9.525292e-01 -1.201290e-01 -1.237271e-01  4.747081e-02
 6.20690e-01  3.10345e+00       4.888e+11  9.344698e-01 -8.567894e-02 -7.755149e-02  6.553017e-02
 1.03448e+00  3.10345e+00       6.856e+11  9.460179e-01 -1.913106e-02  8.416246e-02  5.398215e-02
 1.44828e+00  3.10345e+00       1.280e+12  9.680970e-01  5.214315e-03  1.615473e-01  3.190295e-02
 1.86207e+00  3.10345e+00       1.807e+12  9.786263e-01  1.203265e-02  1.602575e-01  2.137368e-02
 2.27586e+00  3.10345e+00       1.612e+12  9.836576e-01  1.873984e-02  1.304463e-01  1.634244e-02
 2.68966e+00  3.10345e+00       9.296e+11  9.828106e-01  2.779791e-02  7.111601e-02  1.718940e-02
 3.10345e+00  3.10345e+00       4.378e+11  9.561859e-01  3.346964e-02 -6.925815e-02  4.381414e-02
 3.51724e+00  3.10345e+00       2.782e+11  8.900397e-01  6.353013e-04 -2.844316e-01  1.099603e-01
 3.93103e+00  3.10345e+00       2.849e+11  8.629525e-01 -4.956737e-02 -3.797073e-01  1.370475e-01
 4.34483e+00  3.10345e+00       3.767e+11  8.681663e-01 -6.106773e-02 -4.088594e-01  1.318337e-01
 4.75862e+00  3.10345e+00       4.550e+11  8.349808e-01 -4.978077e-02 -4.562431e-01  1.650192e-01
 5.17241e+00  3.10345e+00       4.241e+11  7.156858e-01 -3.969051e-02 -5.518489e-01  2.843142e-01
 5.58621e+00  3.10345e+00       3.431e+11  4.999896e-01 -2.085903e-02 -7.050426e-01  5.000104e-01
 6.00000e+00  3.10345e+00       3.023e+11  2.571900e-01  1.778611e-02 -8.188680e-01  7.428100e-01
-6.00000e+00  3.51724e+00       3.830e+11  5.055050e-02  1.454204e-01  8.379664e-01  9.494495e-01
-5.58621e+00  3.51724e+00       3.387e+11  2.881583e-01  1.040721e-01  7.689193e-01  7.118417e-01
-5.17241e+00  3.51724e+00       4.037e+11  5.569937e-01 -1.207299e-03  6.169237e-01  4.430063e-01
-4.75862e+00  3.51724e+00       4.650e+11  7.449767e-01 -4.685436e-02  4.723495e-01  2.550233e-01
-4.34483e+00  3.51724e+00       4.265e+11  8.450771e-01 -6.245422e-02  3.750226e-01  1.549229e-01
-3.93103e+00  3.51724e+00       3.349e+11  8.677278e-01 -6.608563e-02  3.482905e-01  1.322722e-01
-3.51724e+00  3.51724e+00       2.464e+11  8.247048e-01 -6.404618e-02  3.682739e-01  1.752952e-01
-3.10345e+00  3.51724e+00       1.718e+11  7.836783e-01 -4.976664e-02  2.979493e-01  2.163217e-01
-2.68966e+00  3.51724e+00       1.632e+11  8.438130e-01  2.465443e-02 -2.688072e-02  1.561870e-01
-2.27586e+00  3.51724e+00       3.140e+11  8.970988e-01  5.164918e-02 -3.100166e-01  1.029012e-01
-1.86207e+00  3.51724e+00       6.839e+11  8.647257e-01  3.780247e-02 -4.374294e-01  1.352743e-01
-1.44828e+00  3.51724e+00       1.113e+12  7.971532e-01  1.480419e-02 -5.314381e-01  2.028468e-01
-1.03448e+00  3.51724e+00       1.218e+12  6.896055e-01 -3.648588e-02 -6.078112e-01  3.103945e-01
-6.20690e-01  3.51724e+00       9.283e+11  5.041979e-01 -1.426896e-01 -6.060315e-01  4.958021e-01
-2.06897e-01  3.51724e+00       6.198e+11  2.427052e-01 -2.908700e-01 -2.858847e-01  7.572948e-01
 2.06897e-01  3.51724e+00       5.904e+11  2.073872e-01 -2.725100e-01  3.869922e-01  7.926128e-01
 6.20690e-01  3.51724e+00       8.309e+11  4.420386e-01 -1.063538e-01  6.840494e-01  5.579614e-01
 1.03448e+00  3.51724e+00       1.086e+12  6.363038e-01 -6.213191e-03  6.648997e-01  3.636962e-01
 1.44828e+00  3.51724e+00       1.042e+12  7.623564e-01  3.134717e-02  5.640065e-01  2.376436e-01
 1.86207e+00  3.51724e+00       7.217e+11  8.527878e-01  4.467946e-02  4.278000e-01  1.472122e-01
 2.27586e+00  3.51724e+00       4.166e+11  9.141883e-01  5.648415e-02  2.458961e-01  8.581174e-02
 2.68966e+00  3.51724e+00       2.758e+11  9.237351e-01  5.102187e-02 -1.083832e-02  7.626490e-02
 3.10345e+00  3.51724e+00       2.555e+11  8.942143e-01  1.786821e-03 -2.266016e-01  1.057857e-01
 3.51724e+00  3.51724e+00       2.868e+11  8.858275e-01 -4.474283e-02 -2.922453e-01  1.141725e-01
 3.93103e+00  3.51724e+00       3.874e+11  9.004588e-01 -5.843042e-02 -3.189359e-01  9.954123e-02
 4.34483e+00  3.51724e+00       5.104e+11  8.868340e-01 -5.225134e-02 -3.711605e-01  1.131660e-01
 4.75862e+00  3.51724e+00       5.124e+11  8.120377e-01 -4.705386e-02 -4.541632e-01  1.879623e-01
 5.17241e+00  3.51724e+00       4.080e+11  6.407442e-01 -3.850553e-02 -5.989653e-01  3.592558e-01
 5.58621e+00  3.51724e+00       3.250e+11  4.070152e-01  2.508275e-03 -7.640561e-01  5.929848e-01
 6.00000e+00  3.51724e+00       3.472e+11  1.449482e-01  3.579658e-02 -8.474694e-01  8.550518e-01
-6.00000e+00  3.93103e+00       6.292e+11  3.965859e-02  4.723327e-02  9.084907e-01  9.603414e-01
-5.58621e+00  3.93103e+00       4.290e+11  1.955897e-01  8.103928e-02  8.635424e-01  8.044103e-01
-5.17241e+00  3.93103e+00       3.934e+11  4.234232e-01  2.436984e-02  7.273186e-01  5.765768e-01
-4.75862e+00  3.93103e+00       4.767e+11  6.625765e-01 -3.568215e-02  5.304114e-01  3.374235e-01
-4.34483e+00  3.93103e+00       5.220e+11  8.196580e-01 -5.361424e-02  3.646200e-01  1.803420e-01
-3.93103e+00  3.93103e+00       4.631e+11  9.019050e-01 -6.057640e-02  2.570651e-01  9.809498e-02
-3.51724e+00  3.93103e+00       3.678e+11  9.152093e-01 -5.664324e-02  2.329773e-01  8.479067e-02
-3.10345e+00  3.93103e+00       2.792e+11  8.683960e-01 -4.908294e-02  2.669296e-01  1.316040e-01
-2.68966e+00  3.93103e+00       1.884e+11  7.906533e-01 -5.536043e-02  2.581796e-01  2.093467e-01
-2.27586e+00  3.93103e+00       1.149e+11  7.104236e-01  1.980301e-02  8.027884e-02  2.895764e-01
-1.86207e+00  3.93103e+00       8.894e+10  6.548118e-01  2.074158e-01 -3.025804e-01  3.451882e-01
-1.44828e+00  3.93103e+00       9.629e+10  5.562791e-01  2.737846e-01 -5.838320e-01  4.437209e-01
-1.03448e+00  3.93103e+00       9.997e+10  3.516119e-01  2.858649e-01 -6.990041e-01  6.483881e-01
-6.20690e-01  3.93103e+00       8.979e+10  5.555848e-02  3.116568e-01 -6.326724e-01  9.444415e-01
-2.06897e-01  3.93103e+00       8.459e+10 -1.347844e-01  3.198848e-01 -2.199109e-01  8.652156e-01
 2.06897e-01  3.93103e+00       1.041e+11  9.171107e-02  2.909311e-01  3.345476e-01  9.082889e-01
 6.20690e-01  3.93103e+00       1.473e+11  4.386587e-01  2.442153e-01  5.802531e-01  5.613413e-01
 1.03448e+00  3.93103e+00       1.795e+11  6.280289e-01  1.919416e-01  6.046909e-01  3.719711e-01
 1.44828e+00  3.93103e+00       1.753e+11  7.247683e-01  1.537328e-01  5.123849e-01  2.752317e-01
 1.86207e+00  3.93103e+00       1.712e+11  8.218725e-01  1.255356e-01  2.605875e-01  1.781275e-01
 2.27586e+00  3.93103e+00       2.062e+11  8.906992e-01  5.502653e-02 -1.383925e-02  1.093008e-01
 2.68966e+00  3.93103e+00       2.489e+11  8.986723e-01 -1.371725e-02 -1.363792e-01  1.013277e-01
 3.10345e+00  3.93103e+00       2.887e+11  9.042805e-01 -4.453574e-02 -1.536512e-01  9.571947e-02
 3.51724e+00  3.93103e+00       4.031e+11  9.326486e-01 -5.110923e-02 -1.801001e-01  6.735145e-02
 3.93103e+00  3.93103e+00       5.574e+11  9.335771e-01 -4.715651e-02 -2.451415e-01  6.642285e-02
 4.34483e+00  3.93103e+00       5.903e+11  8.793117e-01 -4.581587e-02 -3.401203e-01  1.206883e-01
 4.75862e+00  3.93103e+00       4.995e+11  7.414766e-01 -4.926623e-02 -5.016553e-01  2.585234e-01
 5.17241e+00  3.93103e+00       4.100e+11  5.447207e-01 -3.325081e-02 -6.968560e-01  4.552793e-01
 5.58621e+00  3.93103e+00       4.040e+11  3.253580e-01  1.863559e-04 -8.264996e-01  6.746420e-01
 6.00000e+00  3.93103e+00       5.681e+11  6.245153e-02 -6.381490e-03 -8.978443e-01  9.375485e-01
-6.00000e+00  4.34483e+00       9.517e+11  8.547379e-02  1.587321e-02  9.290403e-01  9.145262e-01
-5.58621e+00  4.34483e+00       6.457e+11  2.166219e-01  6.700050e-02  8.911077e-01  7.833781e-01
-5.17241e+00  4.34483e+00       4.450e+11  3.502909e-01  8.320994e-02  8.236781e-01  6.497091e-01
-4.75862e+00  4.34483e+00       4.302e+11  5.505220e-01  1.013079e-02  6.503988e-01  4.494780e-01
-4.34483e+00  4.34483e+00       5.259e+11  7.499696e-01 -4.262336e-02  4.207694e-01  2.500304e-01
-3.93103e+00  4.34483e+00       5.684e+11  8.766610e-01 -5.536088e-02  2.264042e-01  1.233390e-01
-3.51724e+00  4.34483e+00       5.051e+11  9.406604e-01 -6.062393e-02  9.161261e-02  5.933962e-02
-3.10345e+00  4.34483e+00       4.097e+11  9.549655e-01 -5.055733e-02  4.345038e-02  4.503448e-02
-2.68966e+00  4.34483e+00       3.300e+11  9.232271e-01 -2.127526e-02  7.896007e-02  7.677287e-02
-2.27586e+00  4.34483e+00       2.496e+11  8.473547e-01 -4.023512e-02  1.301734e-01  1.526453e-01
-1.86207e+00  4.34483e+00       1.601e+11  7.150275e-01 -9.093681e-02  1.383812e-01  2.849725e-01
-1.44828e+00  4.34483e+00       9.225e+10  4.871104e-01  4.750011e-02  7.456725e-02  5.128896e-01
-1.03448e+00  4.34483e+00       6.116e+10  2.260214e-01  4.761703e-01 -2.752052e-02  7.739786e-01
-6.20690e-01  4.34483e+00       5.214e+10  1.382268e-01  7.676217e-01 -4.855301e-03  8.617732e-01
-2.06897e-01  4.34483e+00       5.415e+10  2.331084e-01  7.829792e-01  1.777956e-01  7.668916e-01
 2.06897e-01  4.34483e+00       6.475e+10  3.772041e-01  6.733459e-01  3.805520e-01  6.227959e-01
 6.20690e-01  4.34483e+00       8.333e+10  5.185416e-01  5.138679e-01  4.774483e-01  4.814584e-01
 1.03448e+00  4.34483e+00       1.154e+11  6.882473e-01  2.984270e-01  3.900380e-01  3.117527e-01
 1.44828e+00  4.34483e+00       1.708e+11  8.318343e-01  8.224605e-02  2.038002e-01  1.681657e-01
 1.86207e+00  4.34483e+00       2.256e+11  8.754130e-01 -3.048690e-02  7.917430e-02  1.245870e-01
 2.27586e+00  4.34483e+00       2.429e+11  8.597942e-01 -4.436254e-02  4.824973e-02  1.402058e-01
 2.68966e+00  4.34483e+00       2.854e+11  8.847624e-01 -3.208677e-02  6.227061e-02  1.152376e-01
 3.10345e+00  4.34483e+00       4.393e+11  9.463341e-01 -4.037383e-02  1.191274e-02  5.366591e-02
 3.51724e+00  4.34483e+00       6.121e+11  9.640996e-01 -4.301717e-02 -7.385798e-02  3.590037e-02
 3.93103e+00  4.34483e+00       6.371e+11  9.288033e-01 -4.640181e-02 -1.859118e-01  7.119665e-02
 4.34483e+00  4.34483e+00       5.375e+11  8.192144e-01 -5.521995e-02 -3.714402e-01  1.807856e-01
 4.75862e+00  4.34483e+00       4.443e+11  6.558467e-01 -4.349571e-02 -6.001612e-01  3.441533e-01
 5.17241e+00  4.34483e+00       4.219e+11  4.916043e-01 -2.887634e-03 -7.569384e-01  5.083957e-01
 5.58621e+00  4.34483e+00       5.474e+11  2.679935e-01  1.426765e-03 -8.609329e-01  7.320065e-01
 6.00000e+00  4.34483e+00       8.902e+11  6.499365e-02 -1.746158e-02 -9.322263e-01  9.350064e-01
-6.00000e+00  4.75862e+00       1.323e+12  1.485876e-01 -5.430914e-03  9.421338e-01  8.514124e-01
-5.58621e+00  4.75862e+00       1.009e+12  2.696715e-01  2.739770e-02  8.956807e-01  7.303285e-01
-5.17241e+00  4.75862e+00       6.743e+11  3.864728e-01  8.042931e-02  8.408203e-01  6.135272e-01
-4.75862e+00  4.75862e+00       4.561e+11  4.876387e-01  8.819483e-02  7.638000e-01  5.123613e-01
-4.34483e+00  4.75862e+00       4.360e+11  6.432105e-01  7.793920e-03  5.733767e-01  3.567895e-01
-3.93103e+00  4.75862e+00       5.336e+11  8.014891e-01 -4.651411e-02  3.050407e-01  1.985109e-01
-3.51724e+00  4.75862e+00       5.904e+11  8.962974e-01 -5.733051e-02  6.373093e-02  1.037026e-01
-3.10345e+00  4.75862e+00       5.424e+11  9.323061e-01 -6.145184e-02 -1.217222e-01  6.769385e-02
-2.68966e+00  4.75862e+00       4.483e+11  9.328030e-01 -6.378925e-02 -2.357642e-01  6.719700e-02
-2.27586e+00  4.75862e+00       3.653e+11  9.176179e-01 -1.901108e-02 -2.600477e-01  8.238207e-02
-1.86207e+00  4.75862e+00       3.114e+11  8.886822e-01  6.232313e-02 -2.149393e-01  1.113178e-01
-1.44828e+00  4.75862e+00       2.770e+11  8.410432e-01  5.575826e-02 -1.151001e-01  1.589568e-01
-1.03448e+00  4.75862e+00       2.294e+11  7.286488e-01 -8.974018e-02  4.839160e-02  2.713512e-01
-6.20690e-01  4.75862e+00       1.803e+11  5.173968e-01 -2.834408e-01  2.651242e-01  4.826032e-01
-2.06897e-01  4.75862e+00       1.646e+11  3.824662e-01 -3.667306e-01  4.431544e-01  6.175338e-01
 2.06897e-01  4.75862e+00       1.811e+11  4.640094e-01 -3.344615e-01  4.724620e-01  5.359906e-01
 6.20690e-01  4.75862e+00       2.006e+11  5.908287e-01 -2.696175e-01  3.557182e-01  4.091713e-01
 1.03448e+00  4.75862e+00       1.960e+11  6.204721e-01 -1.493145e-01  1.902891e-01  3.795279e-01
 1.44828e+00  4.75862e+00       1.779e+11  5.685060e-01  2.814745e-02  1.511621e-01  4.314940e-01
 1.86207e+00  4.75862e+00       1.995e+11  6.303524e-01  7.786271e-02  3.026386e-01  3.696476e-01
 2.27586e+00  4.75862e+00       3.220e+11  8.101422e-01 -3.546944e-03  3.464696e-01  1.898578e-01
 2.68966e+00  4.75862e+00       5.225e+11  9.163182e-01 -3.686602e-02  2.590579e-01  8.368185e-02
 3.10345e+00  4.75862e+00       6.557e+11  9.538214e-01 -4.208608e-02  1.472091e-01  4.617863e-02
 3.51724e+00  4.75862e+00       6.291e+11  9.393614e-01 -5.169576e-02 -6.850670e-04  6.063865e-02
 3.93103e+00  4.75862e+00       5.223e+11  8.579535e-01 -6.638964e-02 -2.349847e-01  1.420465e-01
 4.34483e+00  4.75862e+00       4.459e+11  7.360849e-01 -5.183501e-02 -4.990796e-01  2.639151e-01
 4.75862e+00  4.75862e+00       4.315e+11  6.250795e-01 -2.748830e-03 -6.633121e-01  3.749205e-01
 5.17241e+00  4.75862e+00       5.368e+11  4.528140e-01  7.522802e-03 -7.844770e-01  5.471860e-01
 5.58621e+00  4.75862e+00       8.760e+11  2.517080e-01 -1.546329e-02 -8.961871e-01  7.482920e-01
 6.00000e+00  4.75862e+00       1.335e+12  1.235017e-01 -1.710452e-02 -9.531578e-01  8.764983e-01
-6.00000e+00  5.17241e+00       1.674e+12  2.247222e-01 -1.401835e-02  9.464117e-01  7.752778e-01
-5.58621e+00  5.17241e+00       1.426e+12  3.225677e-01 -6.057022e-03  8.979791e-01  6.774323e-01
-5.17241e+00  5.17241e+00       1.074e+12  4.425870e-01  3.290460e-02  8.239830e-01  5.574130e-01
-4.75862e+00  5.17241e+00       7.211e+11  5.509726e-01  9.194584e-02  7.487335e-01  4.490274e-01
-4.34483e+00  5.17241e+00       4.654e+11  6.162250e-01  1.048884e-01  6.807786e-01  3.837750e-01
-3.93103e+00  5.17241e+00       4.024e+11  7.085490e-01  2.352474e-02  5.170691e-01  2.914510e-01
-3.51724e+00  5.17241e+00       4.769e+11  8.132098e-01 -4.670920e-02  2.233855e-01  1.867902e-01
-3.10345e+00  5.17241e+00       5.533e+11  8.623605e-01 -6.554920e-02 -8.741750e-02  1.376395e-01
-2.68966e+00  5.17241e+00       5.456e+11  8.456930e-01 -6.070936e-02 -3.406287e-01  1.543070e-01
-2.27586e+00  5.17241e+00       4.704e+11  7.697869e-01 -7.033453e-02 -5.389696e-01  2.302131e-01
-1.86207e+00  5.17241e+00       3.864e+11  6.635042e-01 -8.586955e-02 -6.806420e-01  3.364958e-01
-1.44828e+00  5.17241e+00       3.163e+11  5.563976e-01 -4.812866e-02 -7.688647e-01  4.436024e-01
-1.03448e+00  5.17241e+00       2.671e+11  4.812464e-01  2.507855e-03 -8.074884e-01  5.187536e-01
-6.20690e-01  5.17241e+00       2.123e+11  4.357652e-01 -2.210530e-02 -7.848868e-01  5.642348e-01
-2.06897e-01  5.17241e+00       1.513e+11  3.295138e-01 -1.092139e-01 -6.812580e-01  6.704862e-01
 2.06897e-01  5.17241e+00       1.190e+11  4.026168e-02 -1.492502e-01 -4.199771e-01  9.597383e-01
 6.20690e-01  5.17241e+00       1.292e+11 -2.098976e-01 -4.828849e-02  4.540865e-02  7.901024e-01
 1.03448e+00  5.17241e+00       1.851e+11 -2.292646e-02  2.785826e-02  5.010541e-01  9.770735e-01
 1.44828e+00  5.17241e+00       3.012e+11  3.659008e-01 -5.088019e-03  6.937844e-01  6.340992e-01
 1.86207e+00  5.17241e+00       4.591e+11  6.286748e-01 -4.121283e-02  6.659944e-01  3.713252e-01
 2.27586e+00  5.17241e+00       5.792e+11  7.775264e-01 -4.686543e-02  5.479181e-01  2.224736e-01
 2.68966e+00  5.17241e+00       5.979e+11  8.634112e-01 -5.242545e-02  3.937799e-01  1.365888e-01
 3.10345e+00  5.17241e+00       5.272e+11  8.884143e-01 -7.394147e-02  1.805454e-01  1.115857e-01
 3.51724e+00  5.17241e+00       4.460e+11  8.517286e-01 -8.988142e-02 -1.284425e-01  1.482714e-01
 3.93103e+00  5.17241e+00       4.133e+11  7.916732e-01 -5.392241e-02 -4.049865e-01  2.083268e-01
 4.34483e+00  5.17241e+00       4.249e+11  7.367720e-01  7.866329e-03 -5.425702e-01  2.632280e-01
 4.75862e+00  5.17241e+00       5.315e+11  6.081614e-01  1.294772e-02 -6.731715e-01  3.918386e-01
 5.17241e+00  5.17241e+00       8.842e+11  4.300306e-01 -1.769494e-02 -8.253289e-01  5.699694e-01
 5.58621e+00  5.17241e+00       1.400e+12  3.076401e-01 -2.251070e-02 -9.095872e-01  6.923599e-01
 6.00000e+00  5.17241e+00       1.711e+12  2.153820e-01 -6.390815e-03 -9.502555e-01  7.846180e-01
-6.00000e+00  5.58621e+00       1.784e+12  3.119167e-01 -9.916603e-03  9.319528e-01  6.880833e-01
-5.58621e+00  5.58621e+00       1.734e+12  3.981294e-01 -1.170165e-02  8.854923e-01  6.018706e-01
-5.17241e+00  5.58621e+00       1.516e+12  5.012610e-01 -7.176966e-04  8.121384e-01  4.987390e-01
-4.75862e+00  5.58621e+00       1.189e+12  6.117042e-01  3.422628e-02  7.143503e-01  3.882958e-01
-4.34483e+00  5.58621e+00       8.180e+11  7.009051e-01  9.115791e-02  6.182318e-01  2.990949e-01
-3.93103e+00  5.58621e+00       4.957e+11  7.400922e-01  1.295977e-01  5.509186e-01  2.599078e-01
-3.51724e+00  5.58621e+00       3.513e+11  7.744969e-01  7.223098e-02  4.590914e-01  2.255031e-01
-3.10345e+00  5.58621e+00       3.643e+11  8.223542e-01 -2.424538e-02  2.419662e-01  1.776458e-01
-2.68966e+00  5.58621e+00       4.176e+11  7.962547e-01 -8.110549e-02 -1.009606e-01  2.037453e-01
-2.27586e+00  5.58621e+00       4.566e+11  6.817482e-01 -9.510446e-02 -4.653459e-01  3.182518e-01
-1.86207e+00  5.58621e+00       4.405e+11  5.105314e-01 -6.908152e-02 -7.121977e-01  4.894686e-01
-1.44828e+00  5.58621e+00       3.551e+11  2.585879e-01 -3.698133e-02 -8.361388e-01  7.414121e-01
-1.03448e+00  5.58621e+00       2.731e+11 -1.301837e-01 -5.169304e-02 -8.323729e-01  8.698163e-01
-6.20690e-01  5.58621e+00       2.491e+11 -5.301813e-01 -1.105047e-01 -6.309626e-01  4.698187e-01
-2.06897e-01  5.58621e+00       2.586e+11 -7.475073e-01 -1.459142e-01 -2.724775e-01  2.524927e-01
 2.06897e-01  5.58621e+00       2.688e+11 -7.343923e-01 -1.383497e-01  1.645162e-01  2.656077e-01
 6.20690e-01  5.58621e+00       2.868e+11 -4.536352e-01 -9.571437e-02  5.837803e-01  5.463648e-01
 1.03448e+00  5.58621e+00       3.374e+11 -2.120215e-02 -5.250318e-02  8.213546e-01  9.787979e-01
 1.44828e+00  5.58621e+00       4.068e+11  3.240860e-01 -4.383441e-02  8.492612e-01  6.759140e-01
 1.86207e+00  5.58621e+00       4.409e+11  5.339928e-01 -6.620245e-02  7.644001e-01  4.660072e-01
 2.27586e+00  5.58621e+00       4.091e+11  6.689112e-01 -1.054035e-01  5.801624e-01  3.310888e-01
 2.68966e+00  5.58621e+00       3.560e+11  7.698475e-01 -1.408580e-01  2.476964e-01  2.301525e-01
 3.10345e+00  5.58621e+00       3.424e+11  8.245457e-01 -1.147092e-01 -1.091360e-01  1.754543e-01
 3.51724e+00  5.58621e+00       3.701e+11  8.416045e-01 -2.486944e-02 -2.967131e-01  1.583955e-01
 3.93103e+00  5.58621e+00       4.138e+11  8.296738e-01  3.318361e-02 -3.765233e-01  1.703262e-01
 4.34483e+00  5.58621e+00       5.360e+11  7.334529e-01  1.251025e-02 -5.274206e-01  2.665471e-01
 4.75862e+00  5.58621e+00       8.985e+11  5.841512e-01 -1.936328e-02 -7.224247e-01  4.158488e-01
 5.17241e+00  5.58621e+00       1.459e+12  4.721309e-01 -1.761643e-02 -8.375871e-01  5.278691e-01
 5.58621e+00  5.58621e+00       1.871e+12  3.886978e-01 -2.602090e-03 -8.977077e-01  6.113022e-01
 6.00000e+00  5.58621e+00       1.893e+12  3.137146e-01  8.109545e-03 -9.339009e-01  6.862854e-01
-6.00000e+00  6.00000e+00       1.821e+12  4.228227e-01 -4.460002e-03  8.957119e-01  5.771773e-01
-5.58621e+00  6.00000e+00       1.909e+12  4.784942e-01 -9.309017e-03  8.618002e-01  5.215058e-01
-5.17241e+00  6.00000e+00       1.794e+12  5.597003e-01 -1.115207e-02  7.963126e-01  4.402997e-01
-4.75862e+00  6.00000e+00       1.581e+12  6.547835e-01 -2.171122e-03  6.961852e-01  3.452165e-01
-4.34483e+00  6.00000e+00       1.300e+12  7.503995e-01  2.683709e-02  5.665034e-01  2.496005e-01
-3.93103e+00  6.00000e+00       9.658e+11  8.286921e-01  7.983460e-02  4.319038e-01  1.713079e-01
-3.51724e+00  6.00000e+00       6.061e+11  8.582758e-01  1.421277e-01  3.391326e-01  1.417242e-01
-3.10345e+00  6.00000e+00       3.453e+11  8.411723e-01  1.550014e-01  2.931470e-01  1.588277e-01
-2.68966e+00  6.00000e+00       2.661e+11  8.594395e-01  6.616465e-02  2.050101e-01  1.405605e-01
-2.27586e+00  6.00000e+00       2.768e+11  8.767197e-01 -2.592173e-02  5.613243e-02  1.232803e-01
-1.86207e+00  6.00000e+00       2.727e+11  7.855025e-01 -1.204664e-01 -1.633832e-01  2.144975e-01
-1.44828e+00  6.00000e+00       2.480e+11  5.360315e-01 -1.842086e-01 -4.234569e-01  4.639685e-01
-1.03448e+00  6.00000e+00       2.219e+11  6.534260e-02 -1.943745e-01 -5.452624e-01  9.346574e-01
-6.20690e-01  6.00000e+00       2.197e+11 -4.838243e-01 -2.294619e-01 -3.898479e-01  5.161757e-01
-2.06897e-01  6.00000e+00       2.393e+11 -7.516008e-01 -2.730415e-01 -5.821246e-02  2.483992e-01
 2.06897e-01  6.00000e+00       2.434e+11 -7.477240e-01 -2.734009e-01  2.775621e-01  2.522760e-01
 6.20690e-01  6.00000e+00       2.142e+11 -5.829132e-01 -2.508506e-01  5.336750e-01  4.170868e-01
 1.03448e+00  6.00000e+00       1.786e+11 -2.354729e-01 -2.701869e-01  6.227926e-01  7.645271e-01
 1.44828e+00  6.00000e+00       1.761e+11  2.398098e-01 -3.318804e-01  4.917939e-01  7.601902e-01
 1.86207e+00  6.00000e+00       2.002e+11  5.669984e-01 -3.066226e-01  2.634140e-01  4.330016e-01
 2.27586e+00  6.00000e+00       2.328e+11  7.340902e-01 -1.786635e-01  4.720671e-02  2.659098e-01
 2.68966e+00  6.00000e+00       2.892e+11  8.334396e-01 -2.535644e-02 -5.972139e-02  1.665604e-01
 3.10345e+00  6.00000e+00       3.490e+11  8.835272e-01  5.683005e-02 -7.720204e-02  1.164728e-01
 3.51724e+00  6.00000e+00       3.985e+11  8.830428e-01  5.052234e-02 -1.419670e-01  1.169572e-01
 3.93103e+00  6.00000e+00       5.572e+11  8.161159e-01 -3.735386e-03 -3.665167e-01  1.838841e-01
 4.34483e+00  6.00000e+00       9.713e+11  7.161809e-01 -2.473436e-02 -5.976458e-01  2.838191e-01
 4.75862e+00  6.00000e+00       1.554e+12  6.312483e-01 -1.379854e-02 -7.301950e-01  3.687517e-01
 5.17241e+00  6.00000e+00       1.989e+12  5.586268e-01  3.005017e-03 -8.069077e-01  4.413732e-01
 5.58621e+00  6.00000e+00       2.052e+12  4.888010e-01  1.138819e-02 -8.585388e-01  5.111990e-01
 6.00000e+00  6.00000e+00       1.814e+12  4.202251e-01  8.719092e-03 -8.954286e-01  5.797749e-01
