 EB(GeV)    EMITTANCEx EMITTANCEy SIZEx(m)   SIZEy(m)   DIVx(rad)  DIVy(rad)
 1.500e+00  5.941e-09  5.941e-11  1.840e-04  1.299e-05  3.228e-05  4.574e-06
 betax      alphax     betay      alphay     eta        deta       E_spread  
 5.700e+00  0.000e+00  2.840e+00  0.000e+00  0.000e+00  0.000e+00  1.000e-03
 Ibeam(A) 
  2.000e-01


           x            y       F.Density            PL            PC          PL45        1-|PL|
          mm           mm  ph/s/mm^2/0.1%             -             -             -             -
-6.00000e+00 -6.00000e+00       1.701e+12  5.142418e-01  7.071580e-03 -8.359343e-01  4.857582e-01
-5.58621e+00 -6.00000e+00       2.185e+12  5.574627e-01  2.852244e-03 -8.106692e-01  4.425373e-01
-5.17241e+00 -6.00000e+00       2.232e+12  6.001836e-01 -7.406991e-04 -7.730845e-01  3.998164e-01
-4.75862e+00 -6.00000e+00       1.911e+12  6.643860e-01 -7.173755e-03 -6.975499e-01  3.356140e-01
-4.34483e+00 -6.00000e+00       1.559e+12  7.508983e-01 -1.331345e-02 -5.671533e-01  2.491017e-01
-3.93103e+00 -6.00000e+00       1.294e+12  8.370440e-01 -2.116742e-02 -4.027749e-01  1.629560e-01
-3.51724e+00 -6.00000e+00       1.002e+12  8.940675e-01 -4.656908e-02 -2.564124e-01  1.059325e-01
-3.10345e+00 -6.00000e+00       6.400e+11  9.034763e-01 -9.722817e-02 -1.639355e-01  9.652367e-02
-2.68966e+00 -6.00000e+00       3.601e+11  8.555787e-01 -1.442357e-01 -1.221670e-01  1.444213e-01
-2.27586e+00 -6.00000e+00       2.609e+11  8.086417e-01 -1.074990e-01 -1.938402e-02  1.913583e-01
-1.86207e+00 -6.00000e+00       2.655e+11  8.094101e-01 -4.717644e-02  1.160984e-01  1.905899e-01
-1.44828e+00 -6.00000e+00       2.478e+11  7.298383e-01  7.574006e-03  1.591475e-01  2.701617e-01
-1.03448e+00 -6.00000e+00       1.946e+11  4.446550e-01  1.729381e-01  2.148484e-01  5.553450e-01
-6.20690e-01 -6.00000e+00       1.625e+11  2.069833e-02  4.058235e-01  3.500236e-01  9.793017e-01
-2.06897e-01 -6.00000e+00       1.573e+11 -2.441425e-01  5.106662e-01  3.190221e-01  7.558575e-01
 2.06897e-01 -6.00000e+00       1.662e+11 -2.518238e-01  4.956381e-01  1.058029e-03  7.481762e-01
 6.20690e-01 -6.00000e+00       1.889e+11 -1.688425e-03  3.973651e-01 -3.321014e-01  9.983116e-01
 1.03448e+00 -6.00000e+00       2.092e+11  3.148789e-01  2.675955e-01 -4.014091e-01  6.851211e-01
 1.44828e+00 -6.00000e+00       2.147e+11  5.222596e-01  1.557114e-01 -2.669260e-01  4.777404e-01
 1.86207e+00 -6.00000e+00       2.382e+11  6.553309e-01  4.411742e-02 -1.341418e-01  3.446691e-01
 2.27586e+00 -6.00000e+00       2.988e+11  7.784664e-01 -4.351666e-02 -9.532435e-02  2.215336e-01
 2.68966e+00 -6.00000e+00       3.586e+11  8.541610e-01 -4.212558e-02 -7.839596e-02  1.458390e-01
 3.10345e+00 -6.00000e+00       4.206e+11  8.847384e-01  1.195640e-02  1.409971e-03  1.152616e-01
 3.51724e+00 -6.00000e+00       5.901e+11  8.704920e-01  4.001691e-02  2.078340e-01  1.295080e-01
 3.93103e+00 -6.00000e+00       1.001e+12  8.125487e-01  2.522860e-02  4.385790e-01  1.874513e-01
 4.34483e+00 -6.00000e+00       1.602e+12  7.445407e-01  6.020564e-03  5.939494e-01  2.554593e-01
 4.75862e+00 -6.00000e+00       2.076e+12  6.751070e-01 -4.058781e-03  6.960082e-01  3.248930e-01
 5.17241e+00 -6.00000e+00       2.221e+12  5.997034e-01 -6.187164e-03  7.732701e-01  4.002966e-01
 5.58621e+00 -6.00000e+00       2.110e+12  5.299566e-01 -5.412938e-03  8.277777e-01  4.700434e-01
 6.00000e+00 -6.00000e+00       1.829e+12  4.770554e-01 -8.396667e-03  8.594336e-01  5.229446e-01
-6.00000e+00 -5.58621e+00       1.995e+12  3.930569e-01  3.787188e-03 -9.040689e-01  6.069431e-01
-5.58621e+00 -5.58621e+00       2.099e+12  4.419804e-01 -1.182548e-04 -8.748227e-01  5.580196e-01
-5.17241e+00 -5.58621e+00       1.852e+12  5.181332e-01 -4.513885e-03 -8.132451e-01  4.818668e-01
-4.75862e+00 -5.58621e+00       1.523e+12  6.227669e-01 -1.020695e-02 -7.086666e-01  3.772331e-01
-4.34483e+00 -5.58621e+00       1.208e+12  7.289769e-01 -2.793212e-02 -5.841301e-01  2.710231e-01
-3.93103e+00 -5.58621e+00       8.454e+11  7.972684e-01 -6.807735e-02 -4.825401e-01  2.027316e-01
-3.51724e+00 -5.58621e+00       5.093e+11  8.149926e-01 -1.089931e-01 -4.092212e-01  1.850074e-01
-3.10345e+00 -5.58621e+00       3.531e+11  8.243597e-01 -8.238078e-02 -3.088585e-01  1.756403e-01
-2.68966e+00 -5.58621e+00       3.282e+11  8.385370e-01 -9.819698e-03 -1.502363e-01  1.614630e-01
-2.27586e+00 -5.58621e+00       3.164e+11  7.604747e-01  5.635003e-02  1.088283e-01  2.395253e-01
-1.86207e+00 -5.58621e+00       3.176e+11  5.062265e-01  1.202225e-01  4.913612e-01  4.937735e-01
-1.44828e+00 -5.58621e+00       3.505e+11  1.629602e-01  1.595949e-01  7.732065e-01  8.370398e-01
-1.03448e+00 -5.58621e+00       3.662e+11 -1.517950e-01  1.495978e-01  8.111519e-01  8.482050e-01
-6.20690e-01 -5.58621e+00       3.361e+11 -4.667416e-01  1.045017e-01  6.087207e-01  5.332584e-01
-2.06897e-01 -5.58621e+00       3.010e+11 -7.059360e-01  6.918595e-02  1.714290e-01  2.940640e-01
 2.06897e-01 -5.58621e+00       2.943e+11 -6.888513e-01  7.277920e-02 -3.397470e-01  3.111487e-01
 6.20690e-01 -5.58621e+00       3.176e+11 -4.254383e-01  1.002196e-01 -7.089637e-01  5.745617e-01
 1.03448e+00 -5.58621e+00       3.519e+11 -9.522178e-02  1.158526e-01 -8.636476e-01  9.047782e-01
 1.44828e+00 -5.58621e+00       3.567e+11  2.014148e-01  1.036027e-01 -8.317715e-01  7.985852e-01
 1.86207e+00 -5.58621e+00       3.346e+11  4.950907e-01  9.393184e-02 -6.102190e-01  5.049093e-01
 2.27586e+00 -5.58621e+00       3.335e+11  7.310435e-01  1.040592e-01 -2.770222e-01  2.689565e-01
 2.68966e+00 -5.58621e+00       3.512e+11  8.283463e-01  7.948326e-02 -9.949738e-03  1.716537e-01
 3.10345e+00 -5.58621e+00       3.823e+11  8.580489e-01  1.588416e-02  1.530621e-01  1.419511e-01
 3.51724e+00 -5.58621e+00       4.363e+11  8.650202e-01 -8.943713e-03  2.483578e-01  1.349798e-01
 3.93103e+00 -5.58621e+00       5.606e+11  8.155170e-01  1.373347e-02  3.914254e-01  1.844830e-01
 4.34483e+00 -5.58621e+00       9.015e+11  7.070585e-01  2.257422e-02  5.920830e-01  2.929415e-01
 4.75862e+00 -5.58621e+00       1.480e+12  6.049114e-01  1.187214e-02  7.349543e-01  3.950886e-01
 5.17241e+00 -5.58621e+00       1.979e+12  5.202680e-01  1.481207e-03  8.193219e-01  4.797320e-01
 5.58621e+00 -5.58621e+00       2.113e+12  4.389904e-01 -3.649116e-03  8.765365e-01  5.610096e-01
 6.00000e+00 -5.58621e+00       1.937e+12  3.657727e-01 -5.352193e-03  9.149744e-01  6.342273e-01
-6.00000e+00 -5.17241e+00       1.822e+12  2.719079e-01 -5.735862e-03 -9.408514e-01  7.280921e-01
-5.58621e+00 -5.17241e+00       1.713e+12  3.577497e-01 -6.211030e-03 -8.952101e-01  6.422503e-01
-5.17241e+00 -5.17241e+00       1.444e+12  4.725739e-01 -1.118793e-02 -8.191542e-01  5.274261e-01
-4.75862e+00 -5.17241e+00       1.110e+12  5.862618e-01 -3.168135e-02 -7.298690e-01  4.137382e-01
-4.34483e+00 -5.17241e+00       7.415e+11  6.634716e-01 -7.423637e-02 -6.503522e-01  3.365284e-01
-3.93103e+00 -5.17241e+00       4.729e+11  7.091047e-01 -9.241229e-02 -5.670803e-01  2.908953e-01
-3.51724e+00 -5.17241e+00       3.943e+11  7.678512e-01 -3.236474e-02 -4.014094e-01  2.321488e-01
-3.10345e+00 -5.17241e+00       4.307e+11  8.134659e-01  3.819009e-02 -9.013199e-02  1.865341e-01
-2.68966e+00 -5.17241e+00       5.066e+11  7.996581e-01  7.391974e-02  2.762338e-01  2.003419e-01
-2.27586e+00 -5.17241e+00       5.420e+11  7.243046e-01  7.544683e-02  5.384924e-01  2.756954e-01
-1.86207e+00 -5.17241e+00       4.833e+11  5.688076e-01  8.391212e-02  7.134125e-01  4.311924e-01
-1.44828e+00 -5.17241e+00       4.041e+11  3.045254e-01  1.375917e-01  8.351740e-01  6.954746e-01
-1.03448e+00 -5.17241e+00       3.409e+11  2.498200e-04  1.902069e-01  8.543534e-01  9.997502e-01
-6.20690e-01 -5.17241e+00       2.613e+11 -2.953217e-01  1.889949e-01  7.072686e-01  7.046783e-01
-2.06897e-01 -5.17241e+00       1.974e+11 -5.393405e-01  1.389596e-01  2.355980e-01  4.606595e-01
 2.06897e-01 -5.17241e+00       2.078e+11 -4.931934e-01  1.037324e-01 -4.546582e-01  5.068066e-01
 6.20690e-01 -5.17241e+00       2.925e+11 -2.296402e-01  1.141590e-01 -8.160661e-01  7.703598e-01
 1.03448e+00 -5.17241e+00       3.967e+11  4.717337e-02  1.132338e-01 -8.967018e-01  9.528266e-01
 1.44828e+00 -5.17241e+00       4.840e+11  3.342381e-01  8.436716e-02 -8.479440e-01  6.657619e-01
 1.86207e+00 -5.17241e+00       5.509e+11  5.790370e-01  5.746317e-02 -7.324626e-01  4.209630e-01
 2.27586e+00 -5.17241e+00       5.638e+11  7.350585e-01  5.081246e-02 -5.739022e-01  2.649415e-01
 2.68966e+00 -5.17241e+00       5.179e+11  8.254220e-01  5.449852e-02 -3.299504e-01  1.745780e-01
 3.10345e+00 -5.17241e+00       4.667e+11  8.583656e-01  6.149387e-02 -5.449603e-03  1.416344e-01
 3.51724e+00 -5.17241e+00       4.417e+11  8.397155e-01  4.524161e-02  2.676707e-01  1.602845e-01
 3.93103e+00 -5.17241e+00       4.543e+11  8.005193e-01  8.377046e-03  4.263630e-01  1.994807e-01
 4.34483e+00 -5.17241e+00       5.524e+11  7.190998e-01  4.065051e-03  5.585960e-01  2.809002e-01
 4.75862e+00 -5.17241e+00       8.535e+11  5.747756e-01  1.564637e-02  7.213774e-01  4.252244e-01
 5.17241e+00 -5.17241e+00       1.389e+12  4.441292e-01  1.085305e-02  8.415009e-01  5.558708e-01
 5.58621e+00 -5.17241e+00       1.877e+12  3.507891e-01  2.931406e-03  9.072094e-01  6.492109e-01
 6.00000e+00 -5.17241e+00       2.023e+12  2.734883e-01  3.534997e-04  9.446041e-01  7.265117e-01
-6.00000e+00 -4.75862e+00       1.642e+12  1.896236e-01  7.783954e-05 -9.483053e-01  8.103764e-01
-5.58621e+00 -4.75862e+00       1.362e+12  2.976783e-01 -6.664084e-03 -8.980290e-01  7.023217e-01
-5.17241e+00 -4.75862e+00       1.019e+12  4.229570e-01 -3.132430e-02 -8.300761e-01  5.770430e-01
-4.75862e+00 -4.75862e+00       6.849e+11  5.209957e-01 -7.313266e-02 -7.633866e-01  4.790043e-01
-4.34483e+00 -4.75862e+00       4.695e+11  6.008136e-01 -7.622710e-02 -6.674478e-01  3.991864e-01
-3.93103e+00 -4.75862e+00       4.467e+11  7.244345e-01 -7.223072e-03 -4.432503e-01  2.755655e-01
-3.51724e+00 -4.75862e+00       5.405e+11  8.433471e-01  4.679720e-02 -1.308268e-01  1.566529e-01
-3.10345e+00 -4.75862e+00       6.156e+11  8.963864e-01  6.537168e-02  1.304107e-01  1.036136e-01
-2.68966e+00 -4.75862e+00       5.769e+11  8.856789e-01  8.206812e-02  3.201882e-01  1.143211e-01
-2.27586e+00 -4.75862e+00       4.664e+11  8.359706e-01  1.133269e-01  4.658549e-01  1.640294e-01
-1.86207e+00 -4.75862e+00       3.574e+11  7.768173e-01  1.227414e-01  5.520691e-01  2.231827e-01
-1.44828e+00 -4.75862e+00       2.726e+11  7.086203e-01  4.788227e-02  5.613137e-01  2.913797e-01
-1.03448e+00 -4.75862e+00       2.266e+11  5.968726e-01 -1.708634e-01  5.297845e-01  4.031274e-01
-6.20690e-01 -4.75862e+00       2.287e+11  4.661895e-01 -3.973544e-01  5.376007e-01  5.338105e-01
-2.06897e-01 -4.75862e+00       2.390e+11  3.581619e-01 -4.915832e-01  5.458129e-01  6.418381e-01
 2.06897e-01 -4.75862e+00       2.206e+11  2.652057e-01 -5.296824e-01  4.577741e-01  7.347943e-01
 6.20690e-01 -4.75862e+00       1.856e+11  2.315384e-01 -4.906233e-01  1.983374e-01  7.684616e-01
 1.03448e+00 -4.75862e+00       1.719e+11  3.171071e-01 -2.479997e-01 -2.335697e-01  6.828929e-01
 1.44828e+00 -4.75862e+00       2.256e+11  5.162875e-01  1.122986e-02 -5.407766e-01  4.837125e-01
 1.86207e+00 -4.75862e+00       3.767e+11  7.209793e-01  6.384374e-02 -5.439262e-01  2.790207e-01
 2.27586e+00 -4.75862e+00       5.748e+11  8.455266e-01  5.254434e-02 -4.484303e-01  1.544734e-01
 2.68966e+00 -4.75862e+00       6.917e+11  9.070762e-01  4.250332e-02 -3.343458e-01  9.292376e-02
 3.10345e+00 -4.75862e+00       6.672e+11  9.249930e-01  3.917448e-02 -1.742692e-01  7.500696e-02
 3.51724e+00 -4.75862e+00       5.730e+11  8.908176e-01  4.342804e-02  7.586325e-02  1.091824e-01
 3.93103e+00 -4.75862e+00       4.958e+11  8.101994e-01  4.157867e-02  3.574284e-01  1.898006e-01
 4.34483e+00 -4.75862e+00       4.684e+11  7.188614e-01  1.628895e-02  5.532946e-01  2.811386e-01
 4.75862e+00 -4.75862e+00       5.452e+11  5.928858e-01  2.973732e-03  6.904327e-01  4.071142e-01
 5.17241e+00 -4.75862e+00       8.433e+11  4.169680e-01  1.226773e-02  8.246050e-01  5.830320e-01
 5.58621e+00 -4.75862e+00       1.343e+12  2.792062e-01  1.221859e-02  9.109308e-01  7.207938e-01
 6.00000e+00 -4.75862e+00       1.708e+12  1.835305e-01  5.046497e-03  9.537301e-01  8.164695e-01
-6.00000e+00 -4.34483e+00       1.272e+12  1.228425e-01 -4.986448e-03 -9.392247e-01  8.771575e-01
-5.58621e+00 -4.34483e+00       9.597e+11  2.533724e-01 -2.745243e-02 -8.928220e-01  7.466276e-01
-5.17241e+00 -4.34483e+00       6.558e+11  3.717831e-01 -6.672712e-02 -8.398095e-01  6.282169e-01
-4.75862e+00 -4.34483e+00       4.665e+11  4.862563e-01 -6.912703e-02 -7.436546e-01  5.137437e-01
-4.34483e+00 -4.34483e+00       4.667e+11  6.665844e-01 -2.324748e-03 -5.196717e-01  3.334156e-01
-3.93103e+00 -4.34483e+00       5.728e+11  8.321409e-01  4.583377e-02 -2.557377e-01  1.678591e-01
-3.51724e+00 -4.34483e+00       6.190e+11  9.204665e-01  6.647880e-02 -5.419060e-02  7.953354e-02
-3.10345e+00 -4.34483e+00       5.448e+11  9.516815e-01  8.691513e-02  8.347440e-02  4.831848e-02
-2.68966e+00 -4.34483e+00       4.375e+11  9.529339e-01  8.465046e-02  1.478022e-01  4.706608e-02
-2.27586e+00 -4.34483e+00       3.683e+11  9.340986e-01  2.179715e-02  1.205465e-01  6.590143e-02
-1.86207e+00 -4.34483e+00       3.147e+11  8.834128e-01 -2.473807e-02  3.674041e-02  1.165872e-01
-1.44828e+00 -4.34483e+00       2.282e+11  7.725337e-01  1.376883e-02 -6.135990e-02  2.274663e-01
-1.03448e+00 -4.34483e+00       1.372e+11  5.979216e-01  8.903270e-02 -1.765288e-01  4.020784e-01
-6.20690e-01 -4.34483e+00       9.119e+10  5.209924e-01  3.769424e-02 -3.401751e-01  4.790076e-01
-2.06897e-01 -4.34483e+00       8.713e+10  6.411088e-01 -1.241534e-01 -4.604659e-01  3.588912e-01
 2.06897e-01 -4.34483e+00       1.072e+11  7.602863e-01 -1.407102e-01 -4.567329e-01  2.397137e-01
 6.20690e-01 -4.34483e+00       1.497e+11  8.194759e-01 -5.363796e-02 -3.852057e-01  1.805241e-01
 1.03448e+00 -4.34483e+00       2.025e+11  8.278537e-01  2.148311e-03 -2.806268e-01  1.721463e-01
 1.44828e+00 -4.34483e+00       2.241e+11  7.870431e-01  7.512605e-03 -1.807172e-01  2.129569e-01
 1.86207e+00 -4.34483e+00       2.218e+11  7.427258e-01 -4.279493e-03 -1.613832e-01  2.572742e-01
 2.27586e+00 -4.34483e+00       2.855e+11  8.224131e-01  2.607530e-02 -2.037497e-01  1.775869e-01
 2.68966e+00 -4.34483e+00       4.675e+11  9.281687e-01  5.014289e-02 -1.638745e-01  7.183131e-02
 3.10345e+00 -4.34483e+00       6.630e+11  9.673460e-01  4.477222e-02 -8.267871e-02  3.265404e-02
 3.51724e+00 -4.34483e+00       7.099e+11  9.569140e-01  3.659536e-02  2.667753e-02  4.308596e-02
 3.93103e+00 -4.34483e+00       6.174e+11  8.875106e-01  3.587841e-02  2.124698e-01  1.124894e-01
 4.34483e+00 -4.34483e+00       5.112e+11  7.602193e-01  3.487537e-02  4.603317e-01  2.397807e-01
 4.75862e+00 -4.34483e+00       4.624e+11  6.190940e-01  1.559667e-02  6.570195e-01  3.809060e-01
 5.17241e+00 -4.34483e+00       5.387e+11  4.414489e-01  3.303379e-03  7.893965e-01  5.585511e-01
 5.58621e+00 -4.34483e+00       8.407e+11  2.412423e-01  1.094292e-02  8.927360e-01  7.587577e-01
 6.00000e+00 -4.34483e+00       1.279e+12  1.049413e-01  1.073251e-02  9.486514e-01  8.950587e-01
-6.00000e+00 -3.93103e+00       9.079e+11  7.536983e-02 -1.835693e-02 -9.211297e-01  9.246302e-01
-5.58621e+00 -3.93103e+00       6.328e+11  2.159373e-01 -5.886397e-02 -8.827746e-01  7.840627e-01
-5.17241e+00 -3.93103e+00       4.536e+11  3.583461e-01 -7.235074e-02 -8.067968e-01  6.416539e-01
-4.75862e+00 -3.93103e+00       4.449e+11  5.727868e-01 -1.019583e-02 -6.144936e-01  4.272132e-01
-4.34483e+00 -3.93103e+00       5.432e+11  7.769996e-01  4.198868e-02 -3.858692e-01  2.230004e-01
-3.93103e+00 -3.93103e+00       5.812e+11  8.947892e-01  6.576358e-02 -2.167672e-01  1.052108e-01
-3.51724e+00 -3.93103e+00       5.062e+11  9.470388e-01  8.197741e-02 -1.161338e-01  5.296117e-02
-3.10345e+00 -3.93103e+00       4.081e+11  9.494344e-01  6.868518e-02 -1.021894e-01  5.056562e-02
-2.68966e+00 -3.93103e+00       3.232e+11  9.052457e-01  2.894838e-02 -1.486141e-01  9.475430e-02
-2.27586e+00 -3.93103e+00       2.230e+11  8.152110e-01 -2.847943e-03 -1.611583e-01  1.847890e-01
-1.86207e+00 -3.93103e+00       1.308e+11  6.676074e-01 -1.204166e-01 -4.206209e-02  3.323926e-01
-1.44828e+00 -3.93103e+00       8.173e+10  5.065460e-01 -4.071521e-01  2.086372e-01  4.934540e-01
-1.03448e+00 -3.93103e+00       6.430e+10  3.800949e-01 -6.194545e-01  3.758678e-01  6.199051e-01
-6.20690e-01 -3.93103e+00       6.097e+10  1.952317e-01 -6.765456e-01  3.729781e-01  8.047683e-01
-2.06897e-01 -3.93103e+00       6.142e+10 -9.279400e-03 -6.826730e-01  2.086035e-01  9.907206e-01
 2.06897e-01 -3.93103e+00       6.331e+10 -2.654979e-02 -6.562683e-01 -6.505208e-02  9.734502e-01
 6.20690e-01 -3.93103e+00       7.373e+10  2.656164e-01 -5.769615e-01 -2.675841e-01  7.343836e-01
 1.03448e+00 -3.93103e+00       1.042e+11  6.294253e-01 -4.487550e-01 -2.889195e-01  3.705747e-01
 1.44828e+00 -3.93103e+00       1.589e+11  8.261572e-01 -2.969847e-01 -1.874204e-01  1.738428e-01
 1.86207e+00 -3.93103e+00       2.193e+11  8.911845e-01 -1.486518e-01 -5.687583e-02  1.088155e-01
 2.27586e+00 -3.93103e+00       2.527e+11  8.900167e-01 -4.033495e-02  2.222042e-02  1.099833e-01
 2.68966e+00 -3.93103e+00       2.839e+11  8.923335e-01  2.698126e-02  2.916782e-02  1.076665e-01
 3.10345e+00 -3.93103e+00       4.080e+11  9.393020e-01  5.451071e-02  4.985946e-02  6.069802e-02
 3.51724e+00 -3.93103e+00       5.971e+11  9.625092e-01  4.887672e-02  1.113442e-01  3.749082e-02
 3.93103e+00 -3.93103e+00       6.728e+11  9.369631e-01  3.777122e-02  1.987487e-01  6.303692e-02
 4.34483e+00 -3.93103e+00       5.927e+11  8.434820e-01  3.361656e-02  3.528238e-01  1.565180e-01
 4.75862e+00 -3.93103e+00       4.808e+11  6.817220e-01  2.982290e-02  5.678090e-01  3.182780e-01
 5.17241e+00 -3.93103e+00       4.321e+11  4.939865e-01  1.050163e-02  7.441517e-01  5.060135e-01
 5.58621e+00 -3.93103e+00       5.343e+11  2.621952e-01  2.669460e-03  8.571211e-01  7.378048e-01
 6.00000e+00 -3.93103e+00       8.494e+11  5.724683e-02  1.056052e-02  9.259534e-01  9.427532e-01
-6.00000e+00 -3.51724e+00       6.120e+11  4.448253e-02 -3.873911e-02 -8.983111e-01  9.555175e-01
-5.58621e+00 -3.51724e+00       4.299e+11  2.077696e-01 -7.263507e-02 -8.492073e-01  7.922304e-01
-5.17241e+00 -3.51724e+00       3.945e+11  4.436706e-01 -2.991252e-02 -7.017520e-01  5.563294e-01
-4.75862e+00 -3.51724e+00       4.785e+11  6.892104e-01  3.164194e-02 -4.989952e-01  3.107896e-01
-4.34483e+00 -3.51724e+00       5.288e+11  8.395687e-01  6.092672e-02 -3.452693e-01  1.604313e-01
-3.93103e+00 -3.51724e+00       4.692e+11  9.093986e-01  7.773751e-02 -2.589480e-01  9.060137e-02
-3.51724e+00 -3.51724e+00       3.720e+11  9.120252e-01  7.123112e-02 -2.528184e-01  8.797484e-02
-3.10345e+00 -3.51724e+00       2.777e+11  8.635515e-01  3.984995e-02 -2.770370e-01  1.364485e-01
-2.68966e+00 -3.51724e+00       1.824e+11  8.019663e-01 -1.606781e-02 -2.051960e-01  1.980337e-01
-2.27586e+00 -3.51724e+00       1.201e+11  7.693124e-01 -1.453516e-01  6.139157e-02  2.306876e-01
-1.86207e+00 -3.51724e+00       1.092e+11  7.427523e-01 -2.187674e-01  3.761994e-01  2.572477e-01
-1.44828e+00 -3.51724e+00       1.371e+11  6.036931e-01 -1.694007e-01  5.803650e-01  3.963069e-01
-1.03448e+00 -3.51724e+00       1.949e+11  3.318115e-01 -1.680403e-01  6.701041e-01  6.681885e-01
-6.20690e-01 -3.51724e+00       2.570e+11 -3.838123e-03 -2.319473e-01  5.501521e-01  9.961619e-01
-2.06897e-01 -3.51724e+00       2.964e+11 -2.504335e-01 -2.782875e-01  1.433896e-01  7.495665e-01
 2.06897e-01 -3.51724e+00       3.165e+11 -1.940954e-01 -2.367588e-01 -3.662469e-01  8.059046e-01
 6.20690e-01 -3.51724e+00       3.154e+11  1.328238e-01 -1.393472e-01 -6.289679e-01  8.671762e-01
 1.03448e+00 -3.51724e+00       2.883e+11  5.058495e-01 -7.907824e-02 -5.935419e-01  4.941505e-01
 1.44828e+00 -3.51724e+00       2.492e+11  7.596052e-01 -9.516692e-02 -4.426060e-01  2.403948e-01
 1.86207e+00 -3.51724e+00       2.171e+11  8.702801e-01 -1.442295e-01 -2.658434e-01  1.297199e-01
 2.27586e+00 -3.51724e+00       2.193e+11  9.059328e-01 -1.399127e-01 -3.211547e-02  9.406716e-02
 2.68966e+00 -3.51724e+00       2.475e+11  9.041533e-01 -6.465913e-02  1.362801e-01  9.584673e-02
 3.10345e+00 -3.51724e+00       2.836e+11  9.016982e-01  1.808286e-02  1.847792e-01  9.830178e-02
 3.51724e+00 -3.51724e+00       3.868e+11  9.266229e-01  5.738628e-02  2.032875e-01  7.337710e-02
 3.93103e+00 -3.51724e+00       5.468e+11  9.340447e-01  5.151458e-02  2.515168e-01  6.595525e-02
 4.34483e+00 -3.51724e+00       6.044e+11  8.909734e-01  3.839373e-02  3.307038e-01  1.090266e-01
 4.75862e+00 -3.51724e+00       5.214e+11  7.693231e-01  3.191930e-02  4.749083e-01  2.306769e-01
 5.17241e+00 -3.51724e+00       4.191e+11  5.731194e-01  2.268670e-02  6.671756e-01  4.268806e-01
 5.58621e+00 -3.51724e+00       4.015e+11  3.334643e-01  3.696494e-03  8.133486e-01  6.665357e-01
 6.00000e+00 -3.51724e+00       5.540e+11  6.692258e-02  5.656710e-03  8.917255e-01  9.330774e-01
-6.00000e+00 -3.10345e+00       4.397e+11  1.160014e-01 -1.425313e-01 -8.677119e-01  8.839986e-01
-5.58621e+00 -3.10345e+00       3.645e+11  3.171695e-01 -1.044120e-01 -7.874121e-01  6.828305e-01
-5.17241e+00 -3.10345e+00       4.036e+11  5.832506e-01 -3.279598e-03 -6.032381e-01  4.167494e-01
-4.75862e+00 -3.10345e+00       4.685e+11  7.707611e-01  5.202519e-02 -4.462091e-01  2.292389e-01
-4.34483e+00 -3.10345e+00       4.377e+11  8.618619e-01  7.492897e-02 -3.553711e-01  1.381381e-01
-3.93103e+00 -3.10345e+00       3.462e+11  8.789077e-01  7.623501e-02 -3.364388e-01  1.210923e-01
-3.51724e+00 -3.10345e+00       2.551e+11  8.413370e-01  5.190647e-02 -3.466713e-01  1.586630e-01
-3.10345e+00 -3.10345e+00       1.838e+11  8.230176e-01 -3.139884e-03 -2.347690e-01  1.769824e-01
-2.68966e+00 -3.10345e+00       2.091e+11  8.952790e-01 -6.322820e-02  8.499327e-02  1.047210e-01
-2.27586e+00 -3.10345e+00       4.671e+11  9.264302e-01 -4.811821e-02  2.855576e-01  7.356977e-02
-1.86207e+00 -3.10345e+00       9.760e+11  9.036050e-01 -3.017081e-02  3.768774e-01  9.639504e-02
-1.44828e+00 -3.10345e+00       1.354e+12  8.637220e-01 -9.497563e-03  4.486399e-01  1.362780e-01
-1.03448e+00 -3.10345e+00       1.196e+12  8.042132e-01  3.620682e-02  5.047819e-01  1.957868e-01
-6.20690e-01 -3.10345e+00       7.280e+11  7.123742e-01  1.315835e-01  4.854324e-01  2.876258e-01
-2.06897e-01 -3.10345e+00       4.204e+11  6.098086e-01  2.550645e-01  1.761803e-01  3.901914e-01
 2.06897e-01 -3.10345e+00       4.397e+11  6.426077e-01  1.998840e-01 -3.577195e-01  3.573923e-01
 6.20690e-01 -3.10345e+00       7.966e+11  7.571052e-01  4.927606e-02 -5.184842e-01  2.428948e-01
 1.03448e+00 -3.10345e+00       1.348e+12  8.359657e-01 -2.589242e-02 -4.836217e-01  1.640343e-01
 1.44828e+00 -3.10345e+00       1.591e+12  8.849411e-01 -4.949034e-02 -4.177501e-01  1.150589e-01
 1.86207e+00 -3.10345e+00       1.219e+12  9.184050e-01 -5.233640e-02 -3.426941e-01  8.159496e-02
 2.27586e+00 -3.10345e+00       6.548e+11  9.423268e-01 -5.747755e-02 -2.352949e-01  5.767318e-02
 2.68966e+00 -3.10345e+00       3.406e+11  9.431992e-01 -7.549553e-02 -3.570647e-02  5.680082e-02
 3.10345e+00 -3.10345e+00       2.613e+11  9.087427e-01 -4.815469e-02  1.908442e-01  9.125730e-02
 3.51724e+00 -3.10345e+00       2.801e+11  8.921882e-01  2.445681e-02  2.791954e-01  1.078118e-01
 3.93103e+00 -3.10345e+00       3.795e+11  9.064088e-01  5.943279e-02  3.060912e-01  9.359118e-02
 4.34483e+00 -3.10345e+00       5.081e+11  8.986131e-01  5.131251e-02  3.500966e-01  1.013869e-01
 4.75862e+00 -3.10345e+00       5.162e+11  8.355876e-01  3.843116e-02  4.245306e-01  1.644124e-01
 5.17241e+00 -3.10345e+00       4.022e+11  6.794004e-01  2.794658e-02  5.583389e-01  3.205996e-01
 5.58621e+00 -3.10345e+00       3.000e+11  4.191607e-01  1.468524e-03  7.287808e-01  5.808393e-01
 6.00000e+00 -3.10345e+00       3.127e+11  1.070433e-01 -1.334693e-02  8.345568e-01  8.929567e-01
-6.00000e+00 -2.68966e+00       3.360e+11  1.436812e-01 -1.179664e-01 -8.416663e-01  8.563188e-01
-5.58621e+00 -2.68966e+00       3.186e+11  4.281530e-01 -4.815655e-02 -6.896636e-01  5.718470e-01
-5.17241e+00 -2.68966e+00       3.842e+11  6.879539e-01  2.376014e-02 -5.172322e-01  3.120461e-01
-4.75862e+00 -2.68966e+00       4.029e+11  8.173399e-01  6.068097e-02 -4.169977e-01  1.826601e-01
-4.34483e+00 -2.68966e+00       3.341e+11  8.569726e-01  7.820936e-02 -3.807832e-01  1.430274e-01
-3.93103e+00 -2.68966e+00       2.483e+11  8.358089e-01  6.575561e-02 -3.822027e-01  1.641911e-01
-3.51724e+00 -2.68966e+00       2.072e+11  8.461585e-01  2.021106e-02 -2.726431e-01  1.538415e-01
-3.10345e+00 -2.68966e+00       3.599e+11  9.515641e-01 -1.205707e-02 -3.163040e-02  4.843594e-02
-2.68966e+00 -2.68966e+00       9.295e+11  9.883179e-01 -1.999900e-03  5.808270e-02  1.168208e-02
-2.27586e+00 -2.68966e+00       1.677e+12  9.903266e-01  8.921865e-03  9.280742e-02  9.673364e-03
-1.86207e+00 -2.68966e+00       1.767e+12  9.860091e-01  2.161857e-02  1.202934e-01  1.399090e-02
-1.44828e+00 -2.68966e+00       1.104e+12  9.759195e-01  4.405867e-02  1.468832e-01  2.408054e-02
-1.03448e+00 -2.68966e+00       5.063e+11  9.555675e-01  8.451298e-02  1.629653e-01  4.443250e-02
-6.20690e-01 -2.68966e+00       2.960e+11  9.409123e-01  1.038631e-01  1.286672e-01  5.908766e-02
-2.06897e-01 -2.68966e+00       2.520e+11  9.429087e-01  7.181342e-02  8.341811e-02  5.709130e-02
 2.06897e-01 -2.68966e+00       2.304e+11  9.378584e-01  5.021565e-02  5.230113e-02  6.214158e-02
 6.20690e-01 -2.68966e+00       2.569e+11  9.377371e-01  3.306231e-02 -2.682494e-02  6.226286e-02
 1.03448e+00 -2.68966e+00       5.072e+11  9.655347e-01 -3.265755e-03 -1.056396e-01  3.446534e-02
 1.44828e+00 -2.68966e+00       1.183e+12  9.837730e-01 -2.028129e-02 -1.146714e-01  1.622703e-02
 1.86207e+00 -2.68966e+00       1.941e+12  9.899027e-01 -2.699285e-02 -1.021425e-01  1.009735e-02
 2.27586e+00 -2.68966e+00       1.920e+12  9.920175e-01 -3.126465e-02 -8.170996e-02  7.982454e-03
 2.68966e+00 -2.68966e+00       1.152e+12  9.901621e-01 -3.658137e-02 -4.520624e-02  9.837903e-03
 3.10345e+00 -2.68966e+00       5.089e+11  9.699448e-01 -4.559344e-02  5.202575e-02  3.005523e-02
 3.51724e+00 -2.68966e+00       2.838e+11  9.123675e-01 -2.274413e-02  2.384949e-01  8.763248e-02
 3.93103e+00 -2.68966e+00       2.811e+11  8.851460e-01  4.134340e-02  3.372688e-01  1.148540e-01
 4.34483e+00 -2.68966e+00       3.791e+11  8.908845e-01  6.067964e-02  3.672171e-01  1.091155e-01
 4.75862e+00 -2.68966e+00       4.551e+11  8.659827e-01  4.667299e-02  4.086741e-01  1.340173e-01
 5.17241e+00 -2.68966e+00       4.030e+11  7.666677e-01  3.195726e-02  4.920647e-01  2.333323e-01
 5.58621e+00 -2.68966e+00       2.963e+11  5.383369e-01  1.340492e-02  6.444860e-01  4.616631e-01
 6.00000e+00 -2.68966e+00       2.567e+11  1.859840e-01 -1.232815e-02  7.930156e-01  8.140160e-01
-6.00000e+00 -2.27586e+00       2.391e+11  2.270232e-01 -1.259573e-02 -7.625367e-01  7.729768e-01
-5.58621e+00 -2.27586e+00       2.864e+11  5.836827e-01  1.207014e-02 -5.809726e-01  4.163173e-01
-5.17241e+00 -2.27586e+00       3.524e+11  7.673007e-01  4.608143e-02 -4.632129e-01  2.326993e-01
-4.75862e+00 -2.27586e+00       3.283e+11  8.391517e-01  7.271372e-02 -4.046093e-01  1.608483e-01
-4.34483e+00 -2.27586e+00       2.503e+11  8.439067e-01  7.572952e-02 -3.914850e-01  1.560933e-01
-3.93103e+00 -2.27586e+00       2.121e+11  8.509891e-01  4.161695e-02 -3.271062e-01  1.490109e-01
-3.51724e+00 -2.27586e+00       3.823e+11  9.484283e-01  7.766668e-03 -1.443817e-01  5.157167e-02
-3.10345e+00 -2.27586e+00       1.015e+12  9.896453e-01  9.461732e-03 -7.550781e-02  1.035467e-02
-2.68966e+00 -2.27586e+00       1.823e+12  9.960030e-01  1.507709e-02 -5.457488e-02  3.996975e-03
-2.27586e+00 -2.27586e+00       1.876e+12  9.967301e-01  2.196998e-02 -3.961618e-02  3.269860e-03
-1.86207e+00 -2.27586e+00       1.194e+12  9.947826e-01  3.623787e-02 -2.575404e-02  5.217434e-03
-1.44828e+00 -2.27586e+00       7.498e+11  9.896227e-01  6.383840e-02 -1.598167e-02  1.037730e-02
-1.03448e+00 -2.27586e+00       9.018e+11  9.893434e-01  7.647015e-02 -1.295057e-02  1.065658e-02
-6.20690e-01 -2.27586e+00       1.336e+12  9.923279e-01  6.679700e-02 -3.308550e-03  7.672087e-03
-2.06897e-01 -2.27586e+00       1.610e+12  9.935316e-01  5.528943e-02  1.948927e-02  6.468364e-03
 2.06897e-01 -2.27586e+00       1.486e+12  9.917805e-01  5.230887e-02  5.237355e-02  8.219522e-03
 6.20690e-01 -2.27586e+00       1.041e+12  9.862121e-01  5.836541e-02  8.648042e-02  1.378787e-02
 1.03448e+00 -2.27586e+00       5.933e+11  9.766754e-01  5.628223e-02  1.089556e-01  2.332463e-02
 1.44828e+00 -2.27586e+00       5.315e+11  9.789392e-01  9.008954e-03  8.069173e-02  2.106082e-02
 1.86207e+00 -2.27586e+00       1.104e+12  9.919792e-01 -1.816948e-02  5.130564e-02  8.020832e-03
 2.27586e+00 -2.27586e+00       1.941e+12  9.959179e-01 -2.257643e-02  4.997974e-02  4.082050e-03
 2.68966e+00 -2.27586e+00       2.011e+12  9.959408e-01 -2.538224e-02  5.725897e-02  4.059159e-03
 3.10345e+00 -2.27586e+00       1.214e+12  9.914393e-01 -2.957545e-02  7.721201e-02  8.560694e-03
 3.51724e+00 -2.27586e+00       5.136e+11  9.669659e-01 -3.204498e-02  1.465971e-01  3.303408e-02
 3.93103e+00 -2.27586e+00       2.745e+11  9.081588e-01  3.183631e-03  2.910134e-01  9.184118e-02
 4.34483e+00 -2.27586e+00       2.891e+11  8.875609e-01  5.395304e-02  3.647674e-01  1.124391e-01
 4.75862e+00 -2.27586e+00       3.771e+11  8.805878e-01  5.449911e-02  3.954459e-01  1.194122e-01
 5.17241e+00 -2.27586e+00       3.879e+11  8.281498e-01  4.053036e-02  4.476447e-01  1.718502e-01
 5.58621e+00 -2.27586e+00       3.013e+11  6.756089e-01  3.403196e-02  5.560771e-01  3.243911e-01
 6.00000e+00 -2.27586e+00       2.327e+11  3.463772e-01  1.930191e-02  7.237074e-01  6.536228e-01
-6.00000e+00 -1.86207e+00       1.916e+11  4.767244e-01 -2.570803e-02 -5.748404e-01  5.232756e-01
-5.58621e+00 -1.86207e+00       2.810e+11  6.945263e-01  4.622985e-02 -4.918927e-01  3.054737e-01
-5.17241e+00 -1.86207e+00       3.101e+11  8.091133e-01  7.656912e-02 -4.102921e-01  1.908867e-01
-4.75862e+00 -1.86207e+00       2.555e+11  8.563219e-01  7.841294e-02 -3.685927e-01  1.436781e-01
-4.34483e+00 -1.86207e+00       2.026e+11  8.606981e-01  5.608603e-02 -3.480702e-01  1.393019e-01
-3.93103e+00 -1.86207e+00       2.949e+11  9.265451e-01  2.035930e-02 -2.228997e-01  7.345486e-02
-3.51724e+00 -1.86207e+00       8.007e+11  9.796012e-01  1.244909e-02 -1.444549e-01  2.039883e-02
-3.10345e+00 -1.86207e+00       1.651e+12  9.899081e-01  1.493275e-02 -1.259813e-01  1.009194e-02
-2.68966e+00 -1.86207e+00       1.969e+12  9.918876e-01  1.862026e-02 -1.169199e-01  8.112444e-03
-2.27586e+00 -1.86207e+00       1.486e+12  9.916430e-01  2.696573e-02 -1.110974e-01  8.357025e-03
-1.86207e+00 -1.86207e+00       1.170e+12  9.895898e-01  3.690589e-02 -1.120650e-01  1.041021e-02
-1.44828e+00 -1.86207e+00       1.502e+12  9.901642e-01  3.044978e-02 -1.046120e-01  9.835826e-03
-1.03448e+00 -1.86207e+00       2.400e+12  9.938017e-01  2.322876e-02 -7.234211e-02  6.198338e-03
-6.20690e-01 -1.86207e+00       4.017e+12  9.969384e-01  2.171273e-02 -3.689721e-02  3.061637e-03
-2.06897e-01 -1.86207e+00       5.578e+12  9.982209e-01  1.915680e-02 -1.136269e-02  1.779107e-03
 2.06897e-01 -1.86207e+00       5.411e+12  9.981681e-01  1.542702e-02  1.229049e-02  1.831913e-03
 6.20690e-01 -1.86207e+00       3.584e+12  9.963281e-01  1.153514e-02  4.402140e-02  3.671913e-03
 1.03448e+00 -1.86207e+00       1.817e+12  9.906306e-01  8.232603e-03  9.609300e-02  9.369368e-03
 1.44828e+00 -1.86207e+00       9.062e+11  9.813072e-01  7.422067e-03  1.542460e-01  1.869282e-02
 1.86207e+00 -1.86207e+00       7.255e+11  9.805797e-01 -2.844846e-03  1.521208e-01  1.942029e-02
 2.27586e+00 -1.86207e+00       1.270e+12  9.885959e-01 -1.530540e-02  1.229402e-01  1.140414e-02
 2.68966e+00 -1.86207e+00       1.980e+12  9.912128e-01 -1.877150e-02  1.179951e-01  8.787209e-03
 3.10345e+00 -1.86207e+00       1.806e+12  9.906339e-01 -2.125984e-02  1.220681e-01  9.366115e-03
 3.51724e+00 -1.86207e+00       9.618e+11  9.840753e-01 -2.446135e-02  1.409203e-01  1.592475e-02
 3.93103e+00 -1.86207e+00       3.905e+11  9.537698e-01 -1.734799e-02  2.123747e-01  4.623019e-02
 4.34483e+00 -1.86207e+00       2.485e+11  9.073548e-01  3.067131e-02  3.230048e-01  9.264521e-02
 4.75862e+00 -1.86207e+00       3.017e+11  8.937239e-01  5.675538e-02  3.703500e-01  1.062761e-01
 5.17241e+00 -1.86207e+00       3.607e+11  8.596917e-01  4.776768e-02  4.169677e-01  1.403083e-01
 5.58621e+00 -1.86207e+00       3.221e+11  7.698415e-01  3.676637e-02  5.056281e-01  2.301585e-01
 6.00000e+00 -1.86207e+00       2.392e+11  6.156881e-01  2.950128e-02  6.277679e-01  3.843119e-01
-6.00000e+00 -1.44828e+00       1.827e+11  5.904570e-01 -1.660431e-02 -5.332038e-01  4.095430e-01
-5.58621e+00 -1.44828e+00       2.349e+11  8.037983e-01  1.836984e-02 -3.740473e-01  1.962017e-01
-5.17241e+00 -1.44828e+00       2.458e+11  8.869826e-01  2.435291e-02 -3.202446e-01  1.130174e-01
-4.75862e+00 -1.44828e+00       2.068e+11  9.001344e-01  3.755611e-02 -3.201261e-01  9.986563e-02
-4.34483e+00 -1.44828e+00       2.097e+11  9.137696e-01  3.436692e-02 -2.716573e-01  8.623036e-02
-3.93103e+00 -1.44828e+00       4.838e+11  9.680001e-01  1.430740e-02 -1.762203e-01  3.199991e-02
-3.51724e+00 -1.44828e+00       1.226e+12  9.857020e-01  1.239064e-02 -1.497224e-01  1.429799e-02
-3.10345e+00 -1.44828e+00       1.898e+12  9.888553e-01  1.401163e-02 -1.425452e-01  1.114468e-02
-2.68966e+00 -1.44828e+00       1.775e+12  9.892188e-01  1.763699e-02 -1.393992e-01  1.078122e-02
-2.27586e+00 -1.44828e+00       1.605e+12  9.887941e-01  2.209086e-02 -1.361728e-01  1.120592e-02
-1.86207e+00 -1.44828e+00       3.315e+12  9.914571e-01  1.481330e-02 -1.173261e-01  8.542864e-03
-1.44828e+00 -1.44828e+00       1.010e+13  9.944931e-01  5.546940e-03 -9.499064e-02  5.506878e-03
-1.03448e+00 -1.44828e+00       2.491e+13  9.964074e-01 -1.443860e-03 -7.394416e-02  3.592606e-03
-6.20690e-01 -1.44828e+00       4.405e+13  9.978017e-01 -6.787404e-03 -4.955247e-02  2.198337e-03
-2.06897e-01 -1.44828e+00       5.728e+13  9.986868e-01 -1.047436e-02 -2.086166e-02  1.313208e-03
 2.06897e-01 -1.44828e+00       5.683e+13  9.988472e-01 -1.277714e-02  9.616089e-03  1.152823e-03
 6.20690e-01 -1.44828e+00       4.283e+13  9.982661e-01 -1.419407e-02  3.812495e-02  1.733872e-03
 1.03448e+00 -1.44828e+00       2.343e+13  9.971001e-01 -1.502075e-02  6.277586e-02  2.899865e-03
 1.44828e+00 -1.44828e+00       8.860e+12  9.951373e-01 -1.513160e-02  8.587547e-02  4.862721e-03
 1.86207e+00 -1.44828e+00       2.457e+12  9.907624e-01 -1.373501e-02  1.162418e-01  9.237610e-03
 2.27586e+00 -1.44828e+00       1.089e+12  9.858329e-01 -1.259250e-02  1.445963e-01  1.416709e-02
 2.68966e+00 -1.44828e+00       1.564e+12  9.886665e-01 -1.500008e-02  1.370106e-01  1.133355e-02
 3.10345e+00 -1.44828e+00       1.933e+12  9.897510e-01 -1.674141e-02  1.345827e-01  1.024899e-02
 3.51724e+00 -1.44828e+00       1.370e+12  9.881918e-01 -1.862818e-02  1.396159e-01  1.180825e-02
 3.93103e+00 -1.44828e+00       6.025e+11  9.777527e-01 -1.761594e-02  1.665030e-01  2.224732e-02
 4.34483e+00 -1.44828e+00       2.682e+11  9.462254e-01  7.803557e-03  2.438750e-01  5.377463e-02
 4.75862e+00 -1.44828e+00       2.372e+11  9.295411e-01  3.838564e-02  2.984270e-01  7.045889e-02
 5.17241e+00 -1.44828e+00       2.789e+11  9.179923e-01  3.510440e-02  3.232388e-01  8.200770e-02
 5.58621e+00 -1.44828e+00       2.583e+11  8.604746e-01  2.505094e-02  3.755456e-01  1.395254e-01
 6.00000e+00 -1.44828e+00       1.786e+11  6.851500e-01  1.366854e-03  5.029480e-01  3.148500e-01
-6.00000e+00 -1.03448e+00       1.784e+11  7.946207e-01 -1.273604e-02 -3.949948e-01  2.053793e-01
-5.58621e+00 -1.03448e+00       2.416e+11  8.806502e-01  4.762780e-02 -3.238103e-01  1.193498e-01
-5.17241e+00 -1.03448e+00       2.296e+11  9.199687e-01  6.581192e-02 -2.722090e-01  8.003126e-02
-4.75862e+00 -1.03448e+00       1.803e+11  9.310456e-01  5.421050e-02 -2.476597e-01  6.895438e-02
-4.34483e+00 -1.03448e+00       2.472e+11  9.581953e-01  2.043027e-02 -1.880642e-01  4.180467e-02
-3.93103e+00 -1.03448e+00       6.900e+11  9.844572e-01  1.136533e-02 -1.419314e-01  1.554282e-02
-3.51724e+00 -1.03448e+00       1.493e+12  9.901216e-01  1.178115e-02 -1.318550e-01  9.878423e-03
-3.10345e+00 -1.03448e+00       1.898e+12  9.910145e-01  1.272956e-02 -1.293599e-01  8.985503e-03
-2.68966e+00 -1.03448e+00       1.799e+12  9.908550e-01  1.376221e-02 -1.286148e-01  9.144961e-03
-2.27586e+00 -1.03448e+00       3.243e+12  9.920760e-01  8.215958e-03 -1.187687e-01  7.923992e-03
-1.86207e+00 -1.03448e+00       1.043e+13  9.939683e-01  7.760106e-04 -1.048484e-01  6.031661e-03
-1.44828e+00 -1.03448e+00       2.706e+13  9.953513e-01 -4.264767e-03 -9.145103e-02  4.648651e-03
-1.03448e+00 -1.03448e+00       4.836e+13  9.966475e-01 -7.679808e-03 -7.467794e-02  3.352455e-03
-6.20690e-01 -1.03448e+00       6.298e+13  9.979201e-01 -9.461439e-03 -5.172247e-02  2.079892e-03
-2.06897e-01 -1.03448e+00       6.785e+13  9.988700e-01 -9.870798e-03 -2.140760e-02  1.130037e-03
 2.06897e-01 -1.03448e+00       6.796e+13  9.990443e-01 -1.006516e-02  1.230143e-02  9.556952e-04
 6.20690e-01 -1.03448e+00       6.284e+13  9.984260e-01 -1.109879e-02  4.159095e-02  1.573968e-03
 1.03448e+00 -1.03448e+00       4.737e+13  9.974360e-01 -1.276865e-02  6.336583e-02  2.563954e-03
 1.44828e+00 -1.03448e+00       2.552e+13  9.963440e-01 -1.442238e-02  7.947062e-02  3.655966e-03
 1.86207e+00 -1.03448e+00       9.093e+12  9.949930e-01 -1.554794e-02  9.341199e-02  5.006959e-03
 2.27586e+00 -1.03448e+00       2.404e+12  9.924855e-01 -1.508369e-02  1.109657e-01  7.514542e-03
 2.68966e+00 -1.03448e+00       1.379e+12  9.910885e-01 -1.243264e-02  1.210248e-01  8.911469e-03
 3.10345e+00 -1.03448e+00       1.799e+12  9.922694e-01 -1.263777e-02  1.171561e-01  7.730627e-03
 3.51724e+00 -1.03448e+00       1.586e+12  9.921893e-01 -1.372833e-02  1.177316e-01  7.810700e-03
 3.93103e+00 -1.03448e+00       8.129e+11  9.890898e-01 -1.402769e-02  1.277533e-01  1.091016e-02
 4.34483e+00 -1.03448e+00       3.231e+11  9.750342e-01 -1.596409e-03  1.699479e-01  2.496582e-02
 4.75862e+00 -1.03448e+00       2.291e+11  9.566189e-01  3.431379e-02  2.310733e-01  4.338106e-02
 5.17241e+00 -1.03448e+00       2.767e+11  9.471041e-01  3.938240e-02  2.608056e-01  5.289586e-02
 5.58621e+00 -1.03448e+00       2.753e+11  9.198812e-01  2.683038e-02  3.071510e-01  8.011880e-02
 6.00000e+00 -1.03448e+00       2.048e+11  8.597011e-01  1.646044e-02  3.904947e-01  1.402989e-01
-6.00000e+00 -6.20690e-01       1.462e+11  9.341493e-01 -1.834803e-02 -2.221246e-01  6.585069e-02
-5.58621e+00 -6.20690e-01       2.114e+11  9.629554e-01 -3.716150e-03 -1.944597e-01  3.704462e-02
-5.17241e+00 -6.20690e-01       2.078e+11  9.716389e-01  1.431744e-02 -1.805878e-01  2.836110e-02
-4.75862e+00 -6.20690e-01       1.779e+11  9.729378e-01  2.355978e-02 -1.635792e-01  2.706220e-02
-4.34483e+00 -6.20690e-01       3.012e+11  9.851875e-01  1.136925e-02 -1.177256e-01  1.481252e-02
-3.93103e+00 -6.20690e-01       8.454e+11  9.935421e-01  7.632360e-03 -9.696298e-02  6.457929e-03
-3.51724e+00 -6.20690e-01       1.619e+12  9.951589e-01  8.061180e-03 -9.317718e-02  4.841060e-03
-3.10345e+00 -6.20690e-01       1.876e+12  9.952316e-01  8.092653e-03 -9.354661e-02  4.768379e-03
-2.68966e+00 -6.20690e-01       2.194e+12  9.952233e-01  5.306195e-03 -9.282603e-02  4.776704e-03
-2.27586e+00 -6.20690e-01       5.804e+12  9.961591e-01 -4.750335e-04 -8.408483e-02  3.840938e-03
-1.86207e+00 -6.20690e-01       1.721e+13  9.968909e-01 -4.002539e-03 -7.618528e-02  3.109060e-03
-1.44828e+00 -6.20690e-01       3.483e+13  9.974694e-01 -6.218893e-03 -6.819967e-02  2.530586e-03
-1.03448e+00 -6.20690e-01       4.644e+13  9.980755e-01 -7.391512e-03 -5.788248e-02  1.924514e-03
-6.20690e-01 -6.20690e-01       4.463e+13  9.987398e-01 -7.283759e-03 -4.277581e-02  1.260222e-03
-2.06897e-01 -6.20690e-01       3.820e+13  9.993372e-01 -5.919052e-03 -1.888965e-02  6.627848e-04
 2.06897e-01 -6.20690e-01       3.864e+13  9.994842e-01 -5.018794e-03  1.087711e-02  5.157561e-04
 6.20690e-01 -6.20690e-01       4.550e+13  9.991446e-01 -6.098621e-03  3.330283e-02  8.554052e-04
 1.03448e+00 -6.20690e-01       4.667e+13  9.986805e-01 -8.008677e-03  4.692907e-02  1.319538e-03
 1.44828e+00 -6.20690e-01       3.389e+13  9.982346e-01 -9.811796e-03  5.603754e-02  1.765390e-03
 1.86207e+00 -6.20690e-01       1.580e+13  9.977769e-01 -1.121951e-02  6.318137e-02  2.223103e-03
 2.27586e+00 -6.20690e-01       4.737e+12  9.970841e-01 -1.190284e-02  7.072906e-02  2.915903e-03
 2.68966e+00 -6.20690e-01       1.608e+12  9.961471e-01 -1.009044e-02  7.827739e-02  3.852862e-03
 3.10345e+00 -6.20690e-01       1.668e+12  9.965824e-01 -8.318776e-03  7.598025e-02  3.417588e-03
 3.51724e+00 -6.20690e-01       1.659e+12  9.967952e-01 -8.376671e-03  7.509225e-02  3.204800e-03
 3.93103e+00 -6.20690e-01       9.623e+11  9.960746e-01 -8.012347e-03  7.879542e-02  3.925372e-03
 4.34483e+00 -6.20690e-01       3.857e+11  9.921337e-01 -1.565361e-03  9.716779e-02  7.866347e-03
 4.75862e+00 -6.20690e-01       2.194e+11  9.854419e-01  1.617105e-02  1.306930e-01  1.455811e-02
 5.17241e+00 -6.20690e-01       2.289e+11  9.834397e-01  1.624270e-02  1.458602e-01  1.656030e-02
 5.58621e+00 -6.20690e-01       2.270e+11  9.774468e-01  1.071464e-02  1.633574e-01  2.255320e-02
 6.00000e+00 -6.20690e-01       1.683e+11  9.572512e-01  1.206613e-02  2.030524e-01  4.274876e-02
-6.00000e+00 -2.06897e-01       1.348e+11  9.901237e-01 -9.720898e-03 -8.356026e-02  9.876274e-03
-5.58621e+00 -2.06897e-01       1.905e+11  9.949227e-01 -6.983813e-03 -6.834974e-02  5.077347e-03
-5.17241e+00 -2.06897e-01       1.854e+11  9.958609e-01 -4.637150e-03 -6.619598e-02  4.139145e-03
-4.75862e+00 -2.06897e-01       1.713e+11  9.957188e-01 -2.094839e-03 -6.256215e-02  4.281217e-03
-4.34483e+00 -2.06897e-01       3.343e+11  9.975491e-01  5.273460e-04 -4.758277e-02  2.450853e-03
-3.93103e+00 -2.06897e-01       9.246e+11  9.987271e-01  2.766790e-03 -4.151574e-02  1.272921e-03
-3.51724e+00 -2.06897e-01       1.666e+12  9.989247e-01  3.597714e-03 -4.103444e-02  1.075255e-03
-3.10345e+00 -2.06897e-01       1.885e+12  9.988105e-01  2.540443e-03 -4.315910e-02  1.189545e-03
-2.68966e+00 -2.06897e-01       2.586e+12  9.988756e-01 -2.136000e-03 -4.243678e-02  1.124398e-03
-2.27586e+00 -2.06897e-01       7.506e+12  9.992276e-01 -5.041311e-03 -3.630421e-02  7.724109e-04
-1.86207e+00 -2.06897e-01       2.026e+13  9.993996e-01 -5.610137e-03 -3.237388e-02  6.003773e-04
-1.44828e+00 -2.06897e-01       3.558e+13  9.995104e-01 -5.720738e-03 -2.907113e-02  4.895616e-04
-1.03448e+00 -2.06897e-01       4.004e+13  9.996165e-01 -5.535252e-03 -2.525519e-02  3.834518e-04
-6.20690e-01 -2.06897e-01       3.139e+13  9.997304e-01 -5.018711e-03 -1.994983e-02  2.695818e-04
-2.06897e-01 -2.06897e-01       2.208e+13  9.998506e-01 -4.255119e-03 -1.059033e-02  1.494066e-04
 2.06897e-01 -2.06897e-01       2.255e+13  9.999124e-01 -4.101595e-03  2.372757e-03  8.760769e-05
 6.20690e-01 -2.06897e-01       3.252e+13  9.998877e-01 -4.788547e-03  1.044284e-02  1.122777e-04
 1.03448e+00 -2.06897e-01       4.087e+13  9.998440e-01 -5.481215e-03  1.441120e-02  1.560024e-04
 1.44828e+00 -2.06897e-01       3.517e+13  9.998018e-01 -5.962270e-03  1.685140e-02  1.981504e-04
 1.86207e+00 -2.06897e-01       1.899e+13  9.997546e-01 -6.202481e-03  1.866068e-02  2.453620e-04
 2.27586e+00 -2.06897e-01       6.350e+12  9.996628e-01 -6.099931e-03  2.055195e-02  3.371652e-04
 2.68966e+00 -2.06897e-01       1.903e+12  9.994787e-01 -5.171042e-03  2.210356e-02  5.212973e-04
 3.10345e+00 -2.06897e-01       1.612e+12  9.995698e-01 -4.150262e-03  1.978504e-02  4.302049e-04
 3.51724e+00 -2.06897e-01       1.671e+12  9.996724e-01 -3.669968e-03  1.903877e-02  3.276436e-04
 3.93103e+00 -2.06897e-01       1.035e+12  9.996205e-01 -2.688452e-03  1.991039e-02  3.795275e-04
 4.34483e+00 -2.06897e-01       4.216e+11  9.992240e-01 -2.841085e-05  2.355858e-02  7.759691e-04
 4.75862e+00 -2.06897e-01       2.119e+11  9.985024e-01  2.093679e-03  2.898107e-02  1.497577e-03
 5.17241e+00 -2.06897e-01       2.071e+11  9.983703e-01  5.565192e-04  3.094330e-02  1.629695e-03
 5.58621e+00 -2.06897e-01       2.127e+11  9.979667e-01  1.581394e-03  3.500874e-02  2.033318e-03
 6.00000e+00 -2.06897e-01       1.553e+11  9.957104e-01 -5.698913e-05  4.610573e-02  4.289599e-03
-6.00000e+00  2.06897e-01       1.344e+11  9.917959e-01 -9.818858e-03  5.009404e-02  8.204135e-03
-5.58621e+00  2.06897e-01       1.900e+11  9.957562e-01 -2.848739e-03  4.328195e-02  4.243839e-03
-5.17241e+00  2.06897e-01       1.847e+11  9.968711e-01 -9.132153e-03  4.476514e-02  3.128908e-03
-4.75862e+00  2.06897e-01       1.707e+11  9.974937e-01 -1.770073e-02  4.094616e-02  2.506326e-03
-4.34483e+00  2.06897e-01       3.345e+11  9.989530e-01 -9.158385e-03  2.434274e-02  1.046955e-03
-3.93103e+00  2.06897e-01       9.271e+11  9.995464e-01 -2.706202e-03  1.881915e-02  4.535998e-04
-3.51724e+00  2.06897e-01       1.672e+12  9.996344e-01 -1.379512e-03  1.690316e-02  3.655616e-04
-3.10345e+00  2.06897e-01       1.897e+12  9.996326e-01 -3.160946e-03  1.354480e-02  3.674140e-04
-2.68966e+00  2.06897e-01       2.602e+12  9.996772e-01 -8.191809e-03  1.276288e-02  3.228478e-04
-2.27586e+00  2.06897e-01       7.520e+12  9.997458e-01 -8.346528e-03  1.629084e-02  2.542269e-04
-1.86207e+00  2.06897e-01       2.026e+13  9.997841e-01 -6.337858e-03  1.697069e-02  2.159487e-04
-1.44828e+00  2.06897e-01       3.555e+13  9.998206e-01 -4.576566e-03  1.603116e-02  1.793769e-04
-1.03448e+00  2.06897e-01       4.000e+13  9.998601e-01 -3.287270e-03  1.399334e-02  1.398806e-04
-6.20690e-01  2.06897e-01       3.138e+13  9.998986e-01 -2.825898e-03  1.020032e-02  1.013777e-04
-2.06897e-01  2.06897e-01       2.209e+13  9.999104e-01 -3.905320e-03  1.930265e-03  8.957558e-05
 2.06897e-01  2.06897e-01       2.257e+13  9.998397e-01 -5.542001e-03 -1.101844e-02  1.603179e-04
 6.20690e-01  2.06897e-01       3.255e+13  9.997330e-01 -5.242513e-03 -1.980416e-02  2.670181e-04
 1.03448e+00  2.06897e-01       4.092e+13  9.996370e-01 -4.030762e-03 -2.466665e-02  3.630471e-04
 1.44828e+00  2.06897e-01       3.523e+13  9.995447e-01 -2.701808e-03 -2.819759e-02  4.553182e-04
 1.86207e+00  2.06897e-01       1.903e+13  9.994491e-01 -1.363964e-03 -3.118144e-02  5.509490e-04
 2.27586e+00  2.06897e-01       6.368e+12  9.993305e-01  3.556667e-05 -3.398888e-02  6.694618e-04
 2.68966e+00  2.06897e-01       1.911e+12  9.990932e-01  8.363060e-04 -3.831670e-02  9.067659e-04
 3.10345e+00  2.06897e-01       1.614e+12  9.989811e-01  9.850839e-05 -4.152730e-02  1.018916e-03
 3.51724e+00  2.06897e-01       1.671e+12  9.990166e-01  8.282862e-04 -4.144145e-02  9.833770e-04
 3.93103e+00  2.06897e-01       1.035e+12  9.988648e-01  2.535139e-03 -4.251368e-02  1.135196e-03
 4.34483e+00  2.06897e-01       4.224e+11  9.978983e-01  3.216302e-03 -5.055486e-02  2.101734e-03
 4.75862e+00  2.06897e-01       2.128e+11  9.956196e-01 -6.666829e-03 -7.105114e-02  4.380443e-03
 5.17241e+00  2.06897e-01       2.080e+11  9.944311e-01 -1.278757e-02 -8.212005e-02  5.568930e-03
 5.58621e+00  2.06897e-01       2.138e+11  9.928281e-01 -1.014049e-02 -8.811247e-02  7.171877e-03
 6.00000e+00  2.06897e-01       1.564e+11  9.871264e-01 -1.422355e-02 -1.051975e-01  1.287364e-02
-6.00000e+00  6.20690e-01       1.454e+11  9.343993e-01  7.291411e-03  1.937645e-01  6.560066e-02
-5.58621e+00  6.20690e-01       2.102e+11  9.642852e-01 -3.680354e-04  1.749865e-01  3.571480e-02
-5.17241e+00  6.20690e-01       2.058e+11  9.738862e-01 -2.442508e-02  1.650384e-01  2.611375e-02
-4.75862e+00  6.20690e-01       1.758e+11  9.774314e-01 -4.259719e-02  1.460492e-01  2.256856e-02
-4.34483e+00  6.20690e-01       3.011e+11  9.894253e-01 -2.204806e-02  9.563628e-02  1.057467e-02
-3.93103e+00  6.20690e-01       8.516e+11  9.958871e-01 -8.846778e-03  7.526445e-02  4.112933e-03
-3.51724e+00  6.20690e-01       1.637e+12  9.970594e-01 -6.556552e-03  7.067035e-02  2.940588e-03
-3.10345e+00  6.20690e-01       1.910e+12  9.973635e-01 -8.221728e-03  6.646593e-02  2.636504e-03
-2.68966e+00  6.20690e-01       2.246e+12  9.974891e-01 -1.374439e-02  6.318360e-02  2.510911e-03
-2.27586e+00  6.20690e-01       5.857e+12  9.976530e-01 -1.265651e-02  6.343044e-02  2.346956e-03
-1.86207e+00  6.20690e-01       1.721e+13  9.979571e-01 -8.111781e-03  6.068272e-02  2.042928e-03
-1.44828e+00  6.20690e-01       3.474e+13  9.983142e-01 -4.383017e-03  5.517332e-02  1.685812e-03
-1.03448e+00  6.20690e-01       4.630e+13  9.987262e-01 -1.830163e-03  4.659714e-02  1.273849e-03
-6.20690e-01  6.20690e-01       4.452e+13  9.991736e-01 -9.911215e-04  3.283980e-02  8.264350e-04
-2.06897e-01  6.20690e-01       3.817e+13  9.994958e-01 -2.319719e-03  9.814749e-03  5.041649e-04
 2.06897e-01  6.20690e-01       3.869e+13  9.993413e-01 -3.930461e-03 -1.982772e-02  6.587429e-04
 6.20690e-01  6.20690e-01       4.564e+13  9.987758e-01 -3.138483e-03 -4.272133e-02  1.224229e-03
 1.03448e+00  6.20690e-01       4.687e+13  9.981450e-01 -8.666692e-04 -5.713856e-02  1.854964e-03
 1.44828e+00  6.20690e-01       3.406e+13  9.975448e-01  1.687237e-03 -6.729142e-02  2.455161e-03
 1.86207e+00  6.20690e-01       1.590e+13  9.969507e-01  4.199845e-03 -7.553627e-02  3.049270e-03
 2.27586e+00  6.20690e-01       4.788e+12  9.962103e-01  6.587546e-03 -8.389916e-02  3.789725e-03
 2.68966e+00  6.20690e-01       1.629e+12  9.950645e-01  6.286318e-03 -9.506753e-02  4.935507e-03
 3.10345e+00  6.20690e-01       1.673e+12  9.949566e-01  4.215086e-03 -9.721600e-02  5.043398e-03
 3.51724e+00  6.20690e-01       1.659e+12  9.950085e-01  5.476946e-03 -9.652466e-02  4.991519e-03
 3.93103e+00  6.20690e-01       9.637e+11  9.939353e-01  7.824535e-03 -1.006735e-01  6.064731e-03
 4.34483e+00  6.20690e-01       3.889e+11  9.881224e-01  4.565935e-03 -1.246143e-01  1.187761e-02
 4.75862e+00  6.20690e-01       2.226e+11  9.773938e-01 -2.190766e-02 -1.710353e-01  2.260616e-02
 5.17241e+00  6.20690e-01       2.315e+11  9.726547e-01 -3.202804e-02 -1.905928e-01  2.734533e-02
 5.58621e+00  6.20690e-01       2.296e+11  9.621667e-01 -2.711361e-02 -2.114815e-01  3.783333e-02
 6.00000e+00  6.20690e-01       1.710e+11  9.322354e-01 -3.731186e-02 -2.606499e-01  6.776464e-02
-6.00000e+00  1.03448e+00       1.769e+11  8.027125e-01  5.800108e-03  3.736356e-01  1.972875e-01
-5.58621e+00  1.03448e+00       2.399e+11  8.860757e-01 -5.104939e-02  3.107435e-01  1.139243e-01
-5.17241e+00  1.03448e+00       2.267e+11  9.238972e-01 -7.548297e-02  2.594114e-01  7.610284e-02
-4.75862e+00  1.03448e+00       1.767e+11  9.369528e-01 -7.363295e-02  2.299549e-01  6.304718e-02
-4.34483e+00  1.03448e+00       2.460e+11  9.651390e-01 -3.465138e-02  1.662685e-01  3.486104e-02
-3.93103e+00  1.03448e+00       6.992e+11  9.881316e-01 -1.426520e-02  1.215387e-01  1.186839e-02
-3.51724e+00  1.03448e+00       1.522e+12  9.927235e-01 -1.083248e-02  1.117130e-01  7.276463e-03
-3.10345e+00  1.03448e+00       1.953e+12  9.936692e-01 -1.191631e-02  1.064730e-01  6.330758e-03
-2.68966e+00  1.03448e+00       1.887e+12  9.939283e-01 -1.783624e-02  1.010792e-01  6.071705e-03
-2.27586e+00  1.03448e+00       3.355e+12  9.943924e-01 -1.958426e-02  9.648745e-02  5.607625e-03
-1.86207e+00  1.03448e+00       1.051e+13  9.954875e-01 -1.295670e-02  8.881627e-02  4.512508e-03
-1.44828e+00  1.03448e+00       2.705e+13  9.965101e-01 -6.878786e-03  7.822043e-02  3.489908e-03
-1.03448e+00  1.03448e+00       4.823e+13  9.975152e-01 -2.271733e-03  6.325682e-02  2.484802e-03
-6.20690e-01  1.03448e+00       6.282e+13  9.984820e-01  4.827864e-04  4.156227e-02  1.517970e-03
-2.06897e-01  1.03448e+00       6.778e+13  9.990960e-01  1.383003e-03  1.195757e-02  9.039567e-04
 2.06897e-01  1.03448e+00       6.805e+13  9.989284e-01  1.649525e-03 -2.160640e-02  1.071590e-03
 6.20690e-01  1.03448e+00       6.308e+13  9.980022e-01  2.760984e-03 -5.124308e-02  1.997838e-03
 1.03448e+00  1.03448e+00       4.763e+13  9.967357e-01  4.804568e-03 -7.378673e-02  3.264288e-03
 1.44828e+00  1.03448e+00       2.570e+13  9.953832e-01  7.235832e-03 -9.098192e-02  4.616788e-03
 1.86207e+00  1.03448e+00       9.205e+12  9.938478e-01  9.847052e-03 -1.059572e-01  6.152159e-03
 2.27586e+00  1.03448e+00       2.471e+12  9.913861e-01  1.201916e-02 -1.243042e-01  8.613861e-03
 2.68966e+00  1.03448e+00       1.407e+12  9.894040e-01  8.691382e-03 -1.388509e-01  1.059595e-02
 3.10345e+00  1.03448e+00       1.807e+12  9.900682e-01  7.701772e-03 -1.364587e-01  9.931844e-03
 3.51724e+00  1.03448e+00       1.589e+12  9.898329e-01  9.966000e-03 -1.365792e-01  1.016713e-02
 3.93103e+00  1.03448e+00       8.159e+11  9.859478e-01  1.275139e-02 -1.475079e-01  1.405225e-02
 4.34483e+00  1.03448e+00       3.275e+11  9.680661e-01  2.770522e-03 -1.983296e-01  3.193394e-02
 4.75862e+00  1.03448e+00       2.342e+11  9.445716e-01 -3.818951e-02 -2.719790e-01  5.542837e-02
 5.17241e+00  1.03448e+00       2.814e+11  9.330721e-01 -4.928507e-02 -2.998811e-01  6.692791e-02
 5.58621e+00  1.03448e+00       2.791e+11  8.998601e-01 -3.970649e-02 -3.453706e-01  1.001399e-01
 6.00000e+00  1.03448e+00       2.088e+11  8.269268e-01 -3.409294e-02 -4.372282e-01  1.730732e-01
-6.00000e+00  1.44828e+00       1.780e+11  6.122750e-01 -8.457920e-03  5.095057e-01  3.877250e-01
-5.58621e+00  1.44828e+00       2.310e+11  8.106474e-01 -3.320628e-02  3.557136e-01  1.893526e-01
-5.17241e+00  1.44828e+00       2.410e+11  8.891309e-01 -3.319164e-02  3.049839e-01  1.108691e-01
-4.75862e+00  1.44828e+00       2.009e+11  9.030645e-01 -5.007344e-02  3.074062e-01  9.693547e-02
-4.34483e+00  1.44828e+00       2.053e+11  9.200480e-01 -5.126782e-02  2.570109e-01  7.995203e-02
-3.93103e+00  1.44828e+00       4.894e+11  9.726596e-01 -2.279351e-02  1.586909e-01  2.734035e-02
-3.51724e+00  1.44828e+00       1.254e+12  9.884137e-01 -1.501531e-02  1.326749e-01  1.158631e-02
-3.10345e+00  1.44828e+00       1.959e+12  9.911822e-01 -1.499514e-02  1.246955e-01  8.817830e-03
-2.68966e+00  1.44828e+00       1.882e+12  9.917190e-01 -1.965858e-02  1.186279e-01  8.280955e-03
-2.27586e+00  1.44828e+00       1.772e+12  9.912435e-01 -2.752365e-02  1.145631e-01  8.756534e-03
-1.86207e+00  1.44828e+00       3.518e+12  9.929608e-01 -2.398774e-02  1.007131e-01  7.039185e-03
-1.44828e+00  1.44828e+00       1.026e+13  9.956321e-01 -1.619904e-02  8.041225e-02  4.367873e-03
-1.03448e+00  1.44828e+00       2.498e+13  9.972945e-01 -9.164879e-03  6.103224e-02  2.705464e-03
-6.20690e-01  1.44828e+00       4.409e+13  9.983791e-01 -3.154762e-03  3.819866e-02  1.620894e-03
-2.06897e-01  1.44828e+00       5.739e+13  9.989348e-01  1.261952e-03  1.048758e-02  1.065244e-03
 2.06897e-01  1.44828e+00       5.702e+13  9.987603e-01  4.174288e-03 -1.970017e-02  1.239707e-03
 6.20690e-01  1.44828e+00       4.301e+13  9.978347e-01  6.165976e-03 -4.861928e-02  2.165258e-03
 1.03448e+00  1.44828e+00       2.356e+13  9.963101e-01  7.819299e-03 -7.434292e-02  3.689872e-03
 1.44828e+00  1.44828e+00       8.996e+12  9.940440e-01  9.724635e-03 -9.883748e-02  5.955953e-03
 1.86207e+00  1.44828e+00       2.588e+12  9.898161e-01  1.249949e-02 -1.295559e-01  1.018386e-02
 2.27586e+00  1.44828e+00       1.159e+12  9.849287e-01  1.229406e-02 -1.594973e-01  1.507132e-02
 2.68966e+00  1.44828e+00       1.580e+12  9.866635e-01  9.652463e-03 -1.545336e-01  1.333647e-02
 3.10345e+00  1.44828e+00       1.930e+12  9.875684e-01  1.111818e-02 -1.511232e-01  1.243161e-02
 3.51724e+00  1.44828e+00       1.367e+12  9.857422e-01  1.443957e-02 -1.556697e-01  1.425776e-02
 3.93103e+00  1.44828e+00       6.063e+11  9.735123e-01  1.572086e-02 -1.848263e-01  2.648772e-02
 4.34483e+00  1.44828e+00       2.748e+11  9.363191e-01 -9.801238e-03 -2.718347e-01  6.368092e-02
 4.75862e+00  1.44828e+00       2.433e+11  9.144403e-01 -4.487892e-02 -3.356469e-01  8.555972e-02
 5.17241e+00  1.44828e+00       2.862e+11  8.999360e-01 -4.056996e-02 -3.618730e-01  1.000640e-01
 5.58621e+00  1.44828e+00       2.668e+11  8.365845e-01 -2.869140e-02 -4.134239e-01  1.634155e-01
 6.00000e+00  1.44828e+00       1.864e+11  6.523507e-01 -6.782312e-03 -5.380868e-01  3.476493e-01
-6.00000e+00  1.86207e+00       1.912e+11  4.804669e-01  1.703752e-02  5.686744e-01  5.195331e-01
-5.58621e+00  1.86207e+00       2.818e+11  6.966792e-01 -4.772925e-02  4.889780e-01  3.033208e-01
-5.17241e+00  1.86207e+00       3.080e+11  8.091023e-01 -7.803356e-02  4.075466e-01  1.908977e-01
-4.75862e+00  1.86207e+00       2.493e+11  8.557677e-01 -8.660599e-02  3.633120e-01  1.442323e-01
-4.34483e+00  1.86207e+00       1.948e+11  8.630277e-01 -7.411420e-02  3.393466e-01  1.369723e-01
-3.93103e+00  1.86207e+00       2.945e+11  9.325239e-01 -3.550315e-02  2.074222e-01  6.747611e-02
-3.51724e+00  1.86207e+00       8.229e+11  9.824559e-01 -1.809077e-02  1.301915e-01  1.754414e-02
-3.10345e+00  1.86207e+00       1.710e+12  9.915776e-01 -1.696774e-02  1.126017e-01  8.422400e-03
-2.68966e+00  1.86207e+00       2.077e+12  9.932314e-01 -2.023122e-02  1.034888e-01  6.768559e-03
-2.27586e+00  1.86207e+00       1.663e+12  9.927080e-01 -2.917451e-02  9.893036e-02  7.291953e-03
-1.86207e+00  1.86207e+00       1.442e+12  9.900442e-01 -3.617206e-02  1.070627e-01  9.955845e-03
-1.44828e+00  1.86207e+00       1.861e+12  9.896826e-01 -2.584190e-02  1.040132e-01  1.031741e-02
-1.03448e+00  1.86207e+00       2.739e+12  9.929041e-01 -1.880059e-02  6.532205e-02  7.095932e-03
-6.20690e-01  1.86207e+00       4.197e+12  9.963340e-01 -2.225727e-02  1.806576e-02  3.665995e-03
-2.06897e-01  1.86207e+00       5.597e+12  9.976235e-01 -2.350533e-02 -1.315356e-02  2.376541e-03
 2.06897e-01  1.86207e+00       5.408e+12  9.971985e-01 -1.933619e-02 -3.815294e-02  2.801525e-03
 6.20690e-01  1.86207e+00       3.721e+12  9.950366e-01 -9.948751e-03 -6.934643e-02  4.963436e-03
 1.03448e+00  1.86207e+00       2.108e+12  9.902963e-01  3.777191e-03 -1.131665e-01  9.703706e-03
 1.44828e+00  1.86207e+00       1.184e+12  9.840148e-01  1.207475e-02 -1.547327e-01  1.598524e-02
 1.86207e+00  1.86207e+00       8.681e+11  9.818190e-01  1.162924e-02 -1.625036e-01  1.818096e-02
 2.27586e+00  1.86207e+00       1.309e+12  9.872440e-01  1.056874e-02 -1.394638e-01  1.275596e-02
 2.68966e+00  1.86207e+00       1.979e+12  9.898002e-01  1.222494e-02 -1.313903e-01  1.019978e-02
 3.10345e+00  1.86207e+00       1.797e+12  9.892146e-01  1.553114e-02 -1.339513e-01  1.078537e-02
 3.51724e+00  1.86207e+00       9.604e+11  9.818750e-01  1.966920e-02 -1.533165e-01  1.812498e-02
 3.93103e+00  1.86207e+00       3.970e+11  9.476724e-01  1.226307e-02 -2.315573e-01  5.232755e-02
 4.34483e+00  1.86207e+00       2.575e+11  8.957583e-01 -3.585243e-02 -3.529672e-01  1.042417e-01
 4.75862e+00  1.86207e+00       3.119e+11  8.803010e-01 -6.209643e-02 -4.008043e-01  1.196990e-01
 5.17241e+00  1.86207e+00       3.704e+11  8.438087e-01 -5.495064e-02 -4.433314e-01  1.561913e-01
 5.58621e+00  1.86207e+00       3.294e+11  7.457945e-01 -4.728515e-02 -5.316764e-01  2.542055e-01
 6.00000e+00  1.86207e+00       2.463e+11  5.824944e-01 -4.342316e-02 -6.574935e-01  4.175056e-01
-6.00000e+00  2.27586e+00       2.324e+11  2.487014e-01  8.410536e-03  7.504618e-01  7.512986e-01
-5.58621e+00  2.27586e+00       2.852e+11  5.929224e-01 -1.440048e-02  5.714846e-01  4.070776e-01
-5.17241e+00  2.27586e+00       3.512e+11  7.692253e-01 -4.153792e-02  4.590325e-01  2.307747e-01
-4.75862e+00  2.27586e+00       3.234e+11  8.385228e-01 -6.985014e-02  4.022938e-01  1.614772e-01
-4.34483e+00  2.27586e+00       2.416e+11  8.413495e-01 -8.348471e-02  3.896826e-01  1.586505e-01
-3.93103e+00  2.27586e+00       2.045e+11  8.498422e-01 -6.113630e-02  3.222902e-01  1.501578e-01
-3.51724e+00  2.27586e+00       3.898e+11  9.512130e-01 -2.142001e-02  1.332154e-01  4.878700e-02
-3.10345e+00  2.27586e+00       1.057e+12  9.906327e-01 -1.541277e-02  6.554768e-02  9.367262e-03
-2.68966e+00  2.27586e+00       1.911e+12  9.964224e-01 -1.900101e-02  4.523819e-02  3.577555e-03
-2.27586e+00  2.27586e+00       2.020e+12  9.968875e-01 -2.612576e-02  3.187820e-02  3.112487e-03
-1.86207e+00  2.27586e+00       1.414e+12  9.949302e-01 -3.924728e-02  2.577415e-02  5.069815e-03
-1.44828e+00  2.27586e+00       1.052e+12  9.912493e-01 -5.523004e-02  3.280333e-02  8.750717e-03
-1.03448e+00  2.27586e+00       1.328e+12  9.916540e-01 -5.806306e-02  3.548090e-02  8.345984e-03
-6.20690e-01  2.27586e+00       1.952e+12  9.941751e-01 -4.764850e-02  2.571956e-02  5.824865e-03
-2.06897e-01  2.27586e+00       2.371e+12  9.955277e-01 -3.531661e-02  3.883698e-03  4.472335e-03
 2.06897e-01  2.27586e+00       2.223e+12  9.947950e-01 -2.951517e-02 -2.898019e-02  5.205050e-03
 6.20690e-01  2.27586e+00       1.582e+12  9.911367e-01 -3.068548e-02 -6.743878e-02  8.863308e-03
 1.03448e+00  2.27586e+00       8.903e+11  9.835945e-01 -2.800909e-02 -1.068302e-01  1.640548e-02
 1.44828e+00  2.27586e+00       6.550e+11  9.805481e-01 -5.186705e-03 -1.111824e-01  1.945190e-02
 1.86207e+00  2.27586e+00       1.136e+12  9.908941e-01  8.799246e-03 -7.107108e-02  9.105904e-03
 2.27586e+00  2.27586e+00       1.929e+12  9.954166e-01  1.241977e-02 -5.955798e-02  4.583380e-03
 2.68966e+00  2.27586e+00       1.985e+12  9.956266e-01  1.623077e-02 -6.408574e-02  4.373428e-03
 3.10345e+00  2.27586e+00       1.200e+12  9.907249e-01  2.142709e-02 -8.425350e-02  9.275131e-03
 3.51724e+00  2.27586e+00       5.166e+11  9.637449e-01  2.359483e-02 -1.589678e-01  3.625507e-02
 3.93103e+00  2.27586e+00       2.839e+11  9.008058e-01 -1.128378e-02 -3.136584e-01  9.919419e-02
 4.34483e+00  2.27586e+00       2.971e+11  8.774170e-01 -5.961405e-02 -3.911750e-01  1.225830e-01
 4.75862e+00  2.27586e+00       3.830e+11  8.683992e-01 -6.142412e-02 -4.195122e-01  1.316008e-01
 5.17241e+00  2.27586e+00       3.918e+11  8.116048e-01 -4.955419e-02 -4.696986e-01  1.883952e-01
 5.58621e+00  2.27586e+00       3.036e+11  6.511736e-01 -4.627498e-02 -5.774796e-01  3.488264e-01
 6.00000e+00  2.27586e+00       2.348e+11  3.209053e-01 -3.236329e-02 -7.388052e-01  6.790947e-01
-6.00000e+00  2.68966e+00       3.173e+11  1.563147e-01  1.243873e-01  8.265570e-01  8.436853e-01
-5.58621e+00  2.68966e+00       3.114e+11  4.389735e-01  4.119665e-02  6.764955e-01  5.610265e-01
-5.17241e+00  2.68966e+00       3.825e+11  6.892499e-01 -2.360178e-02  5.129538e-01  3.107501e-01
-4.75862e+00  2.68966e+00       3.992e+11  8.155300e-01 -5.486275e-02  4.169873e-01  1.844700e-01
-4.34483e+00  2.68966e+00       3.262e+11  8.537422e-01 -7.557350e-02  3.818445e-01  1.462578e-01
-3.93103e+00  2.68966e+00       2.373e+11  8.300784e-01 -7.543105e-02  3.848497e-01  1.699216e-01
-3.51724e+00  2.68966e+00       2.001e+11  8.427182e-01 -4.377923e-02  2.704628e-01  1.572818e-01
-3.10345e+00  2.68966e+00       3.736e+11  9.533852e-01 -6.705855e-03  2.377757e-02  4.661479e-02
-2.68966e+00  2.68966e+00       9.869e+11  9.884008e-01 -9.448197e-03 -6.305612e-02  1.159922e-02
-2.27586e+00  2.68966e+00       1.783e+12  9.898582e-01 -1.906987e-02 -9.725695e-02  1.014177e-02
-1.86207e+00  2.68966e+00       1.910e+12  9.856684e-01 -3.259827e-02 -1.243247e-01  1.433165e-02
-1.44828e+00  2.68966e+00       1.314e+12  9.790264e-01 -5.491938e-02 -1.413348e-01  2.097364e-02
-1.03448e+00  2.68966e+00       8.267e+11  9.746624e-01 -7.956485e-02 -1.157634e-01  2.533760e-02
-6.20690e-01  2.68966e+00       6.840e+11  9.773773e-01 -7.288015e-02 -5.929796e-02  2.262273e-02
-2.06897e-01  2.68966e+00       6.304e+11  9.787249e-01 -4.567929e-02 -4.072966e-02  2.127508e-02
 2.06897e-01  2.68966e+00       5.530e+11  9.735154e-01 -3.359852e-02 -6.189879e-02  2.648464e-02
 6.20690e-01  2.68966e+00       4.806e+11  9.626396e-01 -3.979105e-02 -7.046787e-02  3.736037e-02
 1.03448e+00  2.68966e+00       6.089e+11  9.662838e-01 -2.273885e-02  2.189540e-02  3.371620e-02
 1.44828e+00  2.68966e+00       1.197e+12  9.819695e-01  2.000698e-03  9.592503e-02  1.803051e-02
 1.86207e+00  2.68966e+00       1.906e+12  9.892565e-01  1.240414e-02  1.019461e-01  1.074352e-02
 2.27586e+00  2.68966e+00       1.867e+12  9.918374e-01  1.843969e-02  8.436594e-02  8.162608e-03
 2.68966e+00  2.68966e+00       1.122e+12  9.900555e-01  2.483226e-02  4.664390e-02  9.944475e-03
 3.10345e+00  2.68966e+00       5.063e+11  9.686128e-01  3.097691e-02 -5.643103e-02  3.138719e-02
 3.51724e+00  2.68966e+00       2.934e+11  9.092702e-01  5.490529e-03 -2.524040e-01  9.072984e-02
 3.93103e+00  2.68966e+00       2.915e+11  8.808732e-01 -4.828540e-02 -3.550136e-01  1.191268e-01
 4.34483e+00  2.68966e+00       3.877e+11  8.844074e-01 -6.353921e-02 -3.843221e-01  1.155926e-01
 4.75862e+00  2.68966e+00       4.636e+11  8.567458e-01 -5.113483e-02 -4.246110e-01  1.432542e-01
 5.17241e+00  2.68966e+00       4.098e+11  7.518771e-01 -3.928365e-02 -5.089615e-01  2.481229e-01
 5.58621e+00  2.68966e+00       3.030e+11  5.224024e-01 -2.098787e-02 -6.621650e-01  4.775976e-01
 6.00000e+00  2.68966e+00       2.622e+11  1.910488e-01  1.117284e-02 -7.993899e-01  8.089512e-01
-6.00000e+00  3.10345e+00       4.101e+11  1.160602e-01  1.549109e-01  8.533251e-01  8.839398e-01
-5.58621e+00  3.10345e+00       3.482e+11  3.266740e-01  1.031812e-01  7.726345e-01  6.733260e-01
-5.17241e+00  3.10345e+00       4.021e+11  5.880077e-01 -1.054495e-03  5.981163e-01  4.119923e-01
-4.75862e+00  3.10345e+00       4.688e+11  7.690853e-01 -4.844764e-02  4.485090e-01  2.309147e-01
-4.34483e+00  3.10345e+00       4.325e+11  8.579957e-01 -6.820804e-02  3.593814e-01  1.420043e-01
-3.93103e+00  3.10345e+00       3.355e+11  8.725919e-01 -7.372605e-02  3.415888e-01  1.274081e-01
-3.51724e+00  3.10345e+00       2.415e+11  8.303597e-01 -6.481122e-02  3.569024e-01  1.696403e-01
-3.10345e+00  3.10345e+00       1.740e+11  8.115529e-01 -2.913322e-02  2.462158e-01  1.884471e-01
-2.68966e+00  3.10345e+00       2.159e+11  8.979091e-01  3.119390e-02 -8.753560e-02  1.020909e-01
-2.27586e+00  3.10345e+00       5.097e+11  9.317551e-01  2.543273e-02 -2.799775e-01  6.824493e-02
-1.86207e+00  3.10345e+00       1.073e+12  9.101242e-01  5.477734e-03 -3.657995e-01  8.987576e-02
-1.44828e+00  3.10345e+00       1.491e+12  8.711163e-01 -2.298883e-02 -4.332418e-01  1.288837e-01
-1.03448e+00  3.10345e+00       1.306e+12  8.093964e-01 -7.545932e-02 -4.864411e-01  1.906036e-01
-6.20690e-01  3.10345e+00       7.722e+11  7.040680e-01 -1.675653e-01 -4.654548e-01  2.959320e-01
-2.06897e-01  3.10345e+00       4.288e+11  5.732143e-01 -2.667437e-01 -1.328103e-01  4.267857e-01
 2.06897e-01  3.10345e+00       4.485e+11  6.113693e-01 -2.072860e-01  4.151272e-01  3.886307e-01
 6.20690e-01  3.10345e+00       7.926e+11  7.357071e-01 -8.730700e-02  5.557486e-01  2.642929e-01
 1.03448e+00  3.10345e+00       1.289e+12  8.172812e-01 -1.676122e-02  5.160286e-01  1.827188e-01
 1.44828e+00  3.10345e+00       1.488e+12  8.704574e-01  1.628425e-02  4.456195e-01  1.295426e-01
 1.86207e+00  3.10345e+00       1.140e+12  9.093098e-01  2.977488e-02  3.629357e-01  9.069023e-02
 2.27586e+00  3.10345e+00       6.252e+11  9.381271e-01  4.015142e-02  2.477834e-01  6.187287e-02
 2.68966e+00  3.10345e+00       3.380e+11  9.408794e-01  4.984781e-02  4.022869e-02  5.912062e-02
 3.10345e+00  3.10345e+00       2.694e+11  9.073723e-01  1.873382e-02 -1.987192e-01  9.262771e-02
 3.51724e+00  3.10345e+00       2.900e+11  8.915922e-01 -3.681834e-02 -2.924669e-01  1.084078e-01
 3.93103e+00  3.10345e+00       3.862e+11  9.034307e-01 -6.179908e-02 -3.194760e-01  9.656933e-02
 4.34483e+00  3.10345e+00       5.162e+11  8.937589e-01 -5.487269e-02 -3.629655e-01  1.062411e-01
 4.75862e+00  3.10345e+00       5.219e+11  8.286348e-01 -4.567333e-02 -4.361129e-01  1.713652e-01
 5.17241e+00  3.10345e+00       4.043e+11  6.674910e-01 -3.671276e-02 -5.723833e-01  3.325090e-01
 5.58621e+00  3.10345e+00       3.050e+11  4.170271e-01 -2.703989e-03 -7.411438e-01  5.829729e-01
 6.00000e+00  3.10345e+00       3.160e+11  1.252502e-01  2.090663e-02 -8.331065e-01  8.747498e-01
-6.00000e+00  3.51724e+00       5.936e+11  4.442102e-02  4.551781e-02  8.961457e-01  9.555790e-01
-5.58621e+00  3.51724e+00       4.117e+11  2.133189e-01  7.641518e-02  8.455298e-01  7.866811e-01
-5.17241e+00  3.51724e+00       3.932e+11  4.510344e-01  1.905562e-02  7.012620e-01  5.489656e-01
-4.75862e+00  3.51724e+00       4.860e+11  6.875184e-01 -3.661800e-02  5.051467e-01  3.124816e-01
-4.34483e+00  3.51724e+00       5.304e+11  8.351863e-01 -5.571700e-02  3.517416e-01  1.648137e-01
-3.93103e+00  3.51724e+00       4.635e+11  9.050008e-01 -6.668642e-02  2.658364e-01  9.499921e-02
-3.51724e+00  3.51724e+00       3.606e+11  9.048927e-01 -6.453657e-02  2.627989e-01  9.510731e-02
-3.10345e+00  3.51724e+00       2.628e+11  8.504714e-01 -5.315156e-02  2.931560e-01  1.495286e-01
-2.68966e+00  3.51724e+00       1.695e+11  7.835319e-01 -2.574668e-02  2.337805e-01  2.164681e-01
-2.27586e+00  3.51724e+00       1.147e+11  7.605677e-01  9.242481e-02 -4.596641e-02  2.394323e-01
-1.86207e+00  3.51724e+00       1.167e+11  7.596520e-01  1.756897e-01 -3.941084e-01  2.403480e-01
-1.44828e+00  3.51724e+00       1.525e+11  6.436843e-01  1.588850e-01 -6.058980e-01  3.563157e-01
-1.03448e+00  3.51724e+00       2.058e+11  3.819404e-01  1.734240e-01 -7.170056e-01  6.180596e-01
-6.20690e-01  3.51724e+00       2.605e+11  3.854053e-02  2.257193e-01 -6.434616e-01  9.614595e-01
-2.06897e-01  3.51724e+00       2.893e+11 -2.465094e-01  2.604362e-01 -2.910680e-01  7.534906e-01
 2.06897e-01  3.51724e+00       2.928e+11 -2.540716e-01  2.286314e-01  2.355620e-01  7.459284e-01
 6.20690e-01  3.51724e+00       2.829e+11  6.716375e-02  1.505454e-01  5.838622e-01  9.328363e-01
 1.03448e+00  3.51724e+00       2.638e+11  4.761821e-01  1.006005e-01  6.097595e-01  5.238179e-01
 1.44828e+00  3.51724e+00       2.368e+11  7.400277e-01  9.760662e-02  4.894125e-01  2.599723e-01
 1.86207e+00  3.51724e+00       2.081e+11  8.496237e-01  1.080732e-01  3.168008e-01  1.503763e-01
 2.27586e+00  3.51724e+00       2.136e+11  8.952278e-01  8.367788e-02  5.005413e-02  1.047722e-01
 2.68966e+00  3.51724e+00       2.528e+11  9.038756e-01  1.962648e-02 -1.412852e-01  9.612442e-02
 3.10345e+00  3.51724e+00       2.916e+11  9.047500e-01 -3.475950e-02 -1.918172e-01  9.524997e-02
 3.51724e+00  3.51724e+00       3.891e+11  9.267100e-01 -5.807083e-02 -2.094470e-01  7.328996e-02
 3.93103e+00  3.51724e+00       5.528e+11  9.316661e-01 -5.311706e-02 -2.602562e-01  6.833390e-02
 4.34483e+00  3.51724e+00       6.133e+11  8.872059e-01 -4.565247e-02 -3.397454e-01  1.127941e-01
 4.75862e+00  3.51724e+00       5.240e+11  7.621978e-01 -4.472947e-02 -4.844187e-01  2.378022e-01
 5.17241e+00  3.51724e+00       4.200e+11  5.661743e-01 -3.329155e-02 -6.781471e-01  4.338257e-01
 5.58621e+00  3.51724e+00       4.016e+11  3.394153e-01 -4.676913e-03 -8.155763e-01  6.605847e-01
 6.00000e+00  3.51724e+00       5.521e+11  6.945773e-02 -7.378295e-03 -8.895996e-01  9.305423e-01
-6.00000e+00  3.93103e+00       8.997e+11  7.424456e-02  1.975077e-02  9.208481e-01  9.257554e-01
-5.58621e+00  3.93103e+00       6.063e+11  2.155270e-01  7.064147e-02  8.803450e-01  7.844730e-01
-5.17241e+00  3.93103e+00       4.369e+11  3.641461e-01  7.408094e-02  8.048775e-01  6.358539e-01
-4.75862e+00  3.93103e+00       4.508e+11  5.769458e-01 -9.101558e-04  6.190287e-01  4.230542e-01
-4.34483e+00  3.93103e+00       5.552e+11  7.731303e-01 -4.476707e-02  3.966383e-01  2.268697e-01
-3.93103e+00  3.93103e+00       5.836e+11  8.907025e-01 -5.802012e-02  2.256625e-01  1.092975e-01
-3.51724e+00  3.93103e+00       5.021e+11  9.443019e-01 -6.612754e-02  1.266905e-01  5.569807e-02
-3.10345e+00  3.93103e+00       3.992e+11  9.440477e-01 -5.410310e-02  1.191372e-01  5.595227e-02
-2.68966e+00  3.93103e+00       3.092e+11  8.928318e-01 -3.534520e-02  1.689660e-01  1.071682e-01
-2.27586e+00  3.93103e+00       2.102e+11  7.971193e-01 -4.282456e-02  1.868824e-01  2.028807e-01
-1.86207e+00  3.93103e+00       1.211e+11  6.542804e-01  3.400431e-02  8.630307e-02  3.457196e-01
-1.44828e+00  3.93103e+00       7.413e+10  5.060456e-01  3.275816e-01 -1.733041e-01  4.939544e-01
-1.03448e+00  3.93103e+00       6.003e+10  3.984568e-01  5.236352e-01 -4.283575e-01  6.015432e-01
-6.20690e-01  3.93103e+00       5.749e+10  2.102295e-01  4.754648e-01 -5.440467e-01  7.897705e-01
-2.06897e-01  3.93103e+00       5.508e+10 -6.527380e-02  3.821086e-01 -4.714204e-01  9.347262e-01
 2.06897e-01  3.93103e+00       5.380e+10 -1.781700e-01  3.499844e-01 -1.868107e-01  8.218300e-01
 6.20690e-01  3.93103e+00       6.185e+10  1.107053e-01  3.897331e-01  1.386032e-01  8.892947e-01
 1.03448e+00  3.93103e+00       8.759e+10  5.334831e-01  3.692964e-01  2.762758e-01  4.665169e-01
 1.44828e+00  3.93103e+00       1.397e+11  7.902417e-01  2.250426e-01  1.985093e-01  2.097583e-01
 1.86207e+00  3.93103e+00       2.129e+11  8.862217e-01  7.238648e-02  5.449049e-02  1.137783e-01
 2.27586e+00  3.93103e+00       2.614e+11  8.964055e-01 -9.275693e-03 -2.371384e-02  1.035945e-01
 2.68966e+00  3.93103e+00       2.866e+11  8.970309e-01 -3.975922e-02 -2.510113e-02  1.029691e-01
 3.10345e+00  3.93103e+00       4.005e+11  9.389448e-01 -5.111812e-02 -4.573102e-02  6.105523e-02
 3.51724e+00  3.93103e+00       5.976e+11  9.612543e-01 -4.837148e-02 -1.140351e-01  3.874573e-02
 3.93103e+00  3.93103e+00       6.797e+11  9.357475e-01 -4.420038e-02 -2.029801e-01  6.425245e-02
 4.34483e+00  3.93103e+00       5.901e+11  8.400448e-01 -4.744547e-02 -3.571456e-01  1.599552e-01
 4.75862e+00  3.93103e+00       4.743e+11  6.752072e-01 -4.317090e-02 -5.775900e-01  3.247928e-01
 5.17241e+00  3.93103e+00       4.272e+11  4.996994e-01 -1.124326e-02 -7.469765e-01  5.003006e-01
 5.58621e+00  3.93103e+00       5.258e+11  2.704582e-01  9.075364e-04 -8.525439e-01  7.295418e-01
 6.00000e+00  3.93103e+00       8.455e+11  5.479438e-02 -1.450814e-02 -9.247536e-01  9.452056e-01
-6.00000e+00  4.34483e+00       1.280e+12  1.254858e-01 -1.520863e-03  9.394702e-01  8.745142e-01
-5.58621e+00  4.34483e+00       9.477e+11  2.512457e-01  3.450318e-02  8.931472e-01  7.487543e-01
-5.17241e+00  4.34483e+00       6.251e+11  3.720060e-01  8.228812e-02  8.391340e-01  6.279940e-01
-4.75862e+00  4.34483e+00       4.527e+11  4.900788e-01  6.842837e-02  7.461998e-01  5.099212e-01
-4.34483e+00  4.34483e+00       4.790e+11  6.687746e-01 -1.030673e-02  5.291607e-01  3.312254e-01
-3.93103e+00  4.34483e+00       5.901e+11  8.282272e-01 -4.907394e-02  2.707025e-01  1.717728e-01
-3.51724e+00  4.34483e+00       6.237e+11  9.174330e-01 -5.869593e-02  6.415063e-02  8.256699e-02
-3.10345e+00  4.34483e+00       5.443e+11  9.527406e-01 -6.779654e-02 -7.326694e-02  4.725944e-02
-2.68966e+00  4.34483e+00       4.377e+11  9.566404e-01 -5.641498e-02 -1.247455e-01  4.335957e-02
-2.27586e+00  4.34483e+00       3.619e+11  9.335221e-01 -4.194497e-03 -8.687701e-02  6.647792e-02
-1.86207e+00  4.34483e+00       3.020e+11  8.692920e-01  4.990251e-03 -2.476198e-04  1.307080e-01
-1.44828e+00  4.34483e+00       2.200e+11  7.414716e-01 -8.846527e-02  9.379741e-02  2.585284e-01
-1.03448e+00  4.34483e+00       1.355e+11  5.568230e-01 -2.170369e-01  1.949815e-01  4.431770e-01
-6.20690e-01  4.34483e+00       8.819e+10  4.637069e-01 -1.853386e-01  3.494177e-01  5.362931e-01
-2.06897e-01  4.34483e+00       7.963e+10  5.744723e-01  1.265714e-02  4.866034e-01  4.255277e-01
 2.06897e-01  4.34483e+00       1.011e+11  7.220166e-01  5.581877e-02  4.853710e-01  2.779834e-01
 6.20690e-01  4.34483e+00       1.540e+11  8.066599e-01 -3.117669e-02  4.054915e-01  1.933401e-01
 1.03448e+00  4.34483e+00       2.191e+11  8.291246e-01 -8.665119e-02  3.009115e-01  1.708754e-01
 1.44828e+00  4.34483e+00       2.424e+11  7.992917e-01 -7.928400e-02  2.026436e-01  2.007083e-01
 1.86207e+00  4.34483e+00       2.241e+11  7.485377e-01 -2.542417e-02  1.784055e-01  2.514623e-01
 2.27586e+00  4.34483e+00       2.673e+11  8.097737e-01 -1.325109e-02  2.233303e-01  1.902263e-01
 2.68966e+00  4.34483e+00       4.486e+11  9.212923e-01 -3.936958e-02  1.744662e-01  7.870771e-02
 3.10345e+00  4.34483e+00       6.627e+11  9.649859e-01 -4.337439e-02  8.339190e-02  3.501408e-02
 3.51724e+00  4.34483e+00       7.143e+11  9.567420e-01 -4.431636e-02 -2.610686e-02  4.325796e-02
 3.93103e+00  4.34483e+00       6.061e+11  8.852849e-01 -5.320386e-02 -2.111247e-01  1.147151e-01
 4.34483e+00  4.34483e+00       4.959e+11  7.530147e-01 -5.211259e-02 -4.701682e-01  2.469853e-01
 4.75862e+00  4.34483e+00       4.524e+11  6.239608e-01 -1.717042e-02 -6.606472e-01  3.760392e-01
 5.17241e+00  4.34483e+00       5.224e+11  4.540572e-01  4.423154e-03 -7.808581e-01  5.459428e-01
 5.58621e+00  4.34483e+00       8.222e+11  2.402888e-01 -1.237519e-02 -8.898893e-01  7.597112e-01
 6.00000e+00  4.34483e+00       1.277e+12  9.951390e-02 -1.666713e-02 -9.498445e-01  9.004861e-01
-6.00000e+00  4.75862e+00       1.626e+12  1.947625e-01 -1.138396e-02  9.471347e-01  8.052375e-01
-5.58621e+00  4.75862e+00       1.384e+12  2.996223e-01  2.847095e-03  8.992714e-01  7.003777e-01
-5.17241e+00  4.75862e+00       1.007e+12  4.203886e-01  4.303268e-02  8.322115e-01  5.796114e-01
-4.75862e+00  4.75862e+00       6.520e+11  5.202687e-01  9.273694e-02  7.652279e-01  4.797313e-01
-4.34483e+00  4.75862e+00       4.547e+11  6.011543e-01  7.742645e-02  6.757692e-01  3.988457e-01
-3.93103e+00  4.75862e+00       4.612e+11  7.270527e-01 -7.458833e-03  4.572498e-01  2.729473e-01
-3.51724e+00  4.75862e+00       5.655e+11  8.421896e-01 -5.332532e-02  1.522433e-01  1.578104e-01
-3.10345e+00  4.75862e+00       6.252e+11  8.939464e-01 -6.082354e-02 -1.162154e-01  1.060536e-01
-2.68966e+00  4.75862e+00       5.761e+11  8.870291e-01 -6.658089e-02 -3.163922e-01  1.129709e-01
-2.27586e+00  4.75862e+00       4.719e+11  8.494101e-01 -8.179060e-02 -4.548107e-01  1.505899e-01
-1.86207e+00  4.75862e+00       3.710e+11  8.117173e-01 -6.488549e-02 -5.183027e-01  1.882827e-01
-1.44828e+00  4.75862e+00       2.842e+11  7.617518e-01  2.273342e-02 -5.124827e-01  2.382482e-01
-1.03448e+00  4.75862e+00       2.279e+11  6.400792e-01  2.118903e-01 -4.938390e-01  3.599208e-01
-6.20690e-01  4.75862e+00       2.214e+11  4.850152e-01  4.064754e-01 -5.228425e-01  5.149848e-01
-2.06897e-01  4.75862e+00       2.288e+11  3.742190e-01  4.903088e-01 -5.349493e-01  6.257810e-01
 2.06897e-01  4.75862e+00       2.098e+11  2.730240e-01  5.313747e-01 -4.480458e-01  7.269760e-01
 6.20690e-01  4.75862e+00       1.705e+11  1.934596e-01  5.238251e-01 -2.120910e-01  8.065404e-01
 1.03448e+00  4.75862e+00       1.464e+11  2.126507e-01  3.371419e-01  1.952447e-01  7.873493e-01
 1.44828e+00  4.75862e+00       1.921e+11  4.303123e-01  6.268314e-02  5.357188e-01  5.696877e-01
 1.86207e+00  4.75862e+00       3.485e+11  6.856257e-01 -3.141341e-02  5.528404e-01  3.143743e-01
 2.27586e+00  4.75862e+00       5.661e+11  8.330803e-01 -4.371054e-02  4.527871e-01  1.669197e-01
 2.68966e+00  4.75862e+00       6.994e+11  9.041995e-01 -4.450770e-02  3.348128e-01  9.580049e-02
 3.10345e+00  4.75862e+00       6.632e+11  9.242774e-01 -5.263576e-02  1.823670e-01  7.572255e-02
 3.51724e+00  4.75862e+00       5.461e+11  8.848756e-01 -6.904167e-02 -6.947433e-02  1.151244e-01
 3.93103e+00  4.75862e+00       4.706e+11  8.003091e-01 -6.295726e-02 -3.720122e-01  1.996909e-01
 4.34483e+00  4.75862e+00       4.543e+11  7.240231e-01 -1.590993e-02 -5.575440e-01  2.759769e-01
 4.75862e+00  4.75862e+00       5.232e+11  6.081479e-01  9.759945e-03 -6.766599e-01  3.918521e-01
 5.17241e+00  4.75862e+00       8.118e+11  4.178944e-01 -1.086601e-02 -8.194056e-01  5.821056e-01
 5.58621e+00  4.75862e+00       1.325e+12  2.723723e-01 -1.867154e-02 -9.133670e-01  7.276277e-01
 6.00000e+00  4.75862e+00       1.714e+12  1.797792e-01 -8.589385e-03 -9.561396e-01  8.202208e-01
-6.00000e+00  5.17241e+00       1.829e+12  2.768105e-01 -1.078816e-02  9.396703e-01  7.231895e-01
-5.58621e+00  5.17241e+00       1.765e+12  3.641085e-01 -9.982810e-03  8.949645e-01  6.358915e-01
-5.17241e+00  5.17241e+00       1.487e+12  4.696719e-01  6.159979e-03  8.237390e-01  5.303281e-01
-4.75862e+00  5.17241e+00       1.097e+12  5.824293e-01  4.780527e-02  7.324214e-01  4.175707e-01
-4.34483e+00  5.17241e+00       7.085e+11  6.644962e-01  1.015694e-01  6.511237e-01  3.355038e-01
-3.93103e+00  5.17241e+00       4.529e+11  7.072877e-01  1.026981e-01  5.822874e-01  2.927123e-01
-3.51724e+00  5.17241e+00       4.003e+11  7.705225e-01  1.632674e-02  4.249171e-01  2.294775e-01
-3.10345e+00  5.17241e+00       4.601e+11  8.216615e-01 -5.376684e-02  1.163336e-01  1.783385e-01
-2.68966e+00  5.17241e+00       5.318e+11  8.065401e-01 -7.723373e-02 -2.459929e-01  1.934599e-01
-2.27586e+00  5.17241e+00       5.438e+11  7.226459e-01 -6.669712e-02 -5.257189e-01  2.773541e-01
-1.86207e+00  5.17241e+00       4.769e+11  5.581826e-01 -6.474837e-02 -7.238396e-01  4.418174e-01
-1.44828e+00  5.17241e+00       4.065e+11  3.178117e-01 -1.100644e-01 -8.600997e-01  6.821883e-01
-1.03448e+00  5.17241e+00       3.457e+11  7.467043e-02 -1.651024e-01 -8.928517e-01  9.253296e-01
-6.20690e-01  5.17241e+00       2.588e+11 -1.823966e-01 -1.881384e-01 -7.822668e-01  8.176034e-01
-2.06897e-01  5.17241e+00       1.866e+11 -4.717330e-01 -1.730634e-01 -3.726348e-01  5.282670e-01
 2.06897e-01  5.17241e+00       1.869e+11 -5.384606e-01 -1.459099e-01  3.212056e-01  4.615394e-01
 6.20690e-01  5.17241e+00       2.648e+11 -3.026310e-01 -1.359883e-01  7.494526e-01  6.973690e-01
 1.03448e+00  5.17241e+00       3.799e+11  5.772408e-03 -1.143870e-01  8.684069e-01  9.942276e-01
 1.44828e+00  5.17241e+00       4.902e+11  3.240609e-01 -7.781369e-02  8.327200e-01  6.759391e-01
 1.86207e+00  5.17241e+00       5.668e+11  5.815728e-01 -5.523272e-02  7.248675e-01  4.184272e-01
 2.27586e+00  5.17241e+00       5.630e+11  7.341368e-01 -6.173087e-02  5.836007e-01  2.658632e-01
 2.68966e+00  5.17241e+00       4.860e+11  8.122364e-01 -8.719676e-02  3.540223e-01  1.877636e-01
 3.10345e+00  5.17241e+00       4.223e+11  8.392238e-01 -1.040373e-01 -1.038633e-03  1.607762e-01
 3.51724e+00  5.17241e+00       4.143e+11  8.299775e-01 -6.640617e-02 -2.957161e-01  1.700225e-01
 3.93103e+00  5.17241e+00       4.381e+11  8.097218e-01  7.460877e-04 -4.249884e-01  1.902782e-01
 4.34483e+00  5.17241e+00       5.209e+11  7.341825e-01  1.670000e-02 -5.361652e-01  2.658175e-01
 4.75862e+00  5.17241e+00       8.134e+11  5.750035e-01 -1.221805e-02 -7.156230e-01  4.249965e-01
 5.17241e+00  5.17241e+00       1.366e+12  4.398763e-01 -1.975884e-02 -8.445248e-01  5.601237e-01
 5.58621e+00  5.17241e+00       1.860e+12  3.488191e-01 -8.304094e-03 -9.087144e-01  6.511809e-01
 6.00000e+00  5.17241e+00       1.943e+12  2.732107e-01  3.971939e-03 -9.435768e-01  7.267893e-01
-6.00000e+00  5.58621e+00       1.884e+12  3.760601e-01 -6.430271e-03  9.128214e-01  6.239399e-01
-5.58621e+00  5.58621e+00       1.978e+12  4.392059e-01 -1.015496e-02  8.764427e-01  5.607941e-01
-5.17241e+00  5.58621e+00       1.858e+12  5.261671e-01 -9.123078e-03  8.107818e-01  4.738329e-01
-4.75862e+00  5.58621e+00       1.588e+12  6.255566e-01  5.807569e-03  7.133405e-01  3.744434e-01
-4.34483e+00  5.58621e+00       1.223e+12  7.260507e-01  4.417200e-02  5.919034e-01  2.739493e-01
-3.93103e+00  5.58621e+00       8.217e+11  7.966235e-01  1.018467e-01  4.836918e-01  2.033765e-01
-3.51724e+00  5.58621e+00       4.862e+11  8.142113e-01  1.387628e-01  4.196451e-01  1.857887e-01
-3.10345e+00  5.58621e+00       3.401e+11  8.281321e-01  8.096999e-02  3.511877e-01  1.718679e-01
-2.68966e+00  5.58621e+00       3.347e+11  8.567325e-01 -1.370149e-02  1.958055e-01  1.432675e-01
-2.27586e+00  5.58621e+00       3.442e+11  7.909734e-01 -8.721414e-02 -7.993289e-02  2.090266e-01
-1.86207e+00  5.58621e+00       3.492e+11  5.519590e-01 -1.405649e-01 -4.613525e-01  4.480410e-01
-1.44828e+00  5.58621e+00       3.684e+11  1.994535e-01 -1.499858e-01 -7.517410e-01  8.005465e-01
-1.03448e+00  5.58621e+00       3.714e+11 -1.395222e-01 -1.039676e-01 -7.999118e-01  8.604778e-01
-6.20690e-01  5.58621e+00       3.360e+11 -4.618578e-01 -2.571133e-02 -5.851334e-01  5.381422e-01
-2.06897e-01  5.58621e+00       3.000e+11 -6.895065e-01  2.874425e-02 -1.193064e-01  3.104935e-01
 2.06897e-01  5.58621e+00       2.960e+11 -6.556476e-01  2.584966e-02  4.013637e-01  3.443524e-01
 6.20690e-01  5.58621e+00       3.212e+11 -4.049444e-01 -2.100232e-02  7.486848e-01  5.950556e-01
 1.03448e+00  5.58621e+00       3.483e+11 -1.156858e-01 -8.385953e-02  8.865285e-01  8.843142e-01
 1.44828e+00  5.58621e+00       3.344e+11  1.411203e-01 -1.363058e-01  8.579706e-01  8.588797e-01
 1.86207e+00  5.58621e+00       2.913e+11  4.211472e-01 -1.800696e-01  6.295587e-01  5.788528e-01
 2.27586e+00  5.58621e+00       2.817e+11  6.870907e-01 -1.931335e-01  2.411688e-01  3.129093e-01
 2.68966e+00  5.58621e+00       3.148e+11  8.161996e-01 -1.264861e-01 -5.471437e-02  1.838004e-01
 3.10345e+00  5.58621e+00       3.673e+11  8.635010e-01 -1.879455e-02 -1.795117e-01  1.364990e-01
 3.51724e+00  5.58621e+00       4.184e+11  8.769100e-01  3.853182e-02 -2.263502e-01  1.230900e-01
 3.93103e+00  5.58621e+00       5.220e+11  8.249674e-01  1.658700e-02 -3.597109e-01  1.750326e-01
 4.34483e+00  5.58621e+00       8.475e+11  7.042537e-01 -1.895439e-02 -5.874446e-01  2.957463e-01
 4.75862e+00  5.58621e+00       1.435e+12  5.955826e-01 -1.983402e-02 -7.446277e-01  4.044174e-01
 5.17241e+00  5.58621e+00       1.983e+12  5.142374e-01 -5.129002e-03 -8.283219e-01  4.857626e-01
 5.58621e+00  5.58621e+00       2.140e+12  4.422171e-01  6.990185e-03 -8.790078e-01  5.577829e-01
 6.00000e+00  5.58621e+00       1.908e+12  3.723815e-01  8.815655e-03 -9.137629e-01  6.276185e-01
-6.00000e+00  6.00000e+00       1.745e+12  4.972743e-01 -4.138868e-03  8.553875e-01  5.027257e-01
-5.58621e+00  6.00000e+00       2.068e+12  5.387238e-01 -5.633376e-03  8.301024e-01  4.612762e-01
-5.17241e+00  6.00000e+00       2.066e+12  5.937110e-01 -9.180551e-03  7.838493e-01  4.062890e-01
-4.75862e+00  6.00000e+00       1.889e+12  6.718153e-01 -8.494589e-03  6.980757e-01  3.281847e-01
-4.34483e+00  6.00000e+00       1.649e+12  7.568786e-01  2.599227e-03  5.730854e-01  2.431214e-01
-3.93103e+00  6.00000e+00       1.351e+12  8.356638e-01  3.189616e-02  4.170920e-01  1.643362e-01
-3.51724e+00  6.00000e+00       1.002e+12  8.927531e-01  8.367486e-02  2.603168e-01  1.072469e-01
-3.10345e+00  6.00000e+00       6.305e+11  9.029234e-01  1.495898e-01  1.569347e-01  9.707658e-02
-2.68966e+00  6.00000e+00       3.500e+11  8.582448e-01  1.828230e-01  1.269930e-01  1.417552e-01
-2.27586e+00  6.00000e+00       2.445e+11  8.341764e-01  1.102075e-01  6.748340e-02  1.658236e-01
-1.86207e+00  6.00000e+00       2.524e+11  8.803055e-01  3.365408e-02 -5.032864e-02  1.196945e-01
-1.44828e+00  6.00000e+00       2.444e+11  8.666638e-01 -2.346557e-02 -1.120282e-01  1.333362e-01
-1.03448e+00  6.00000e+00       1.919e+11  6.885243e-01 -1.910319e-01 -1.923127e-01  3.114757e-01
-6.20690e-01  6.00000e+00       1.575e+11  3.243816e-01 -4.753473e-01 -3.394021e-01  6.756184e-01
-2.06897e-01  6.00000e+00       1.523e+11  3.027789e-02 -6.517102e-01 -3.565641e-01  9.697221e-01
 2.06897e-01  6.00000e+00       1.511e+11 -6.296143e-02 -6.822082e-01 -1.567893e-01  9.370386e-01
 6.20690e-01  6.00000e+00       1.510e+11  8.055720e-02 -5.890573e-01  1.021428e-01  9.194428e-01
 1.03448e+00  6.00000e+00       1.581e+11  3.684505e-01 -4.132196e-01  1.662843e-01  6.315495e-01
 1.44828e+00  6.00000e+00       1.764e+11  5.809805e-01 -2.476258e-01  5.730227e-02  4.190195e-01
 1.86207e+00  6.00000e+00       2.230e+11  7.115589e-01 -8.681733e-02  2.060439e-02  2.884411e-01
 2.27586e+00  6.00000e+00       2.954e+11  8.117602e-01  4.303131e-02  7.204306e-02  1.882398e-01
 2.68966e+00  6.00000e+00       3.492e+11  8.616279e-01  8.512250e-02  1.104548e-01  1.383721e-01
 3.10345e+00  6.00000e+00       3.940e+11  8.812668e-01  5.045794e-02  5.648085e-02  1.187332e-01
 3.51724e+00  6.00000e+00       5.452e+11  8.671503e-01 -8.186419e-03 -1.760026e-01  1.328497e-01
 3.93103e+00  6.00000e+00       9.390e+11  8.051024e-01 -2.725099e-02 -4.452432e-01  1.948976e-01
 4.34483e+00  6.00000e+00       1.549e+12  7.344493e-01 -1.509287e-02 -6.148594e-01  2.655507e-01
 4.75862e+00  6.00000e+00       2.095e+12  6.702483e-01  2.629652e-03 -7.127481e-01  3.297517e-01
 5.17241e+00  6.00000e+00       2.278e+12  6.065458e-01  1.187923e-02 -7.781287e-01  3.934542e-01
 5.58621e+00  6.00000e+00       2.075e+12  5.410752e-01  9.439262e-03 -8.272413e-01  4.589248e-01
 6.00000e+00  6.00000e+00       1.754e+12  4.785455e-01  5.913057e-03 -8.628391e-01  5.214545e-01
