 EB(GeV)    EMITTANCEx EMITTANCEy SIZEx(m)   SIZEy(m)   DIVx(rad)  DIVy(rad)
 1.500e+00  5.941e-09  5.941e-11  1.840e-04  1.299e-05  3.228e-05  4.574e-06
 betax      alphax     betay      alphay     eta        deta       E_spread  
 5.700e+00  0.000e+00  2.840e+00  0.000e+00  0.000e+00  0.000e+00  1.000e-03
 Ibeam(A) 
  2.000e-01


           x            y       F.Density            PL            PC          PL45        1-|PL|
          mm           mm  ph/s/mm^2/0.1%             -             -             -             -
-6.00000e+00 -6.00000e+00       1.877e+12  4.583657e-01  3.790750e-03 -8.696534e-01  5.416343e-01
-5.58621e+00 -6.00000e+00       2.103e+12  5.007144e-01  1.084469e-03 -8.431468e-01  4.992856e-01
-5.17241e+00 -6.00000e+00       1.914e+12  5.607120e-01 -2.748952e-03 -7.902057e-01  4.392880e-01
-4.75862e+00 -6.00000e+00       1.581e+12  6.494633e-01 -8.043210e-03 -6.914515e-01  3.505367e-01
-4.34483e+00 -6.00000e+00       1.306e+12  7.521231e-01 -1.576596e-02 -5.520884e-01  2.478769e-01
-3.93103e+00 -6.00000e+00       1.039e+12  8.347275e-01 -3.989810e-02 -4.150846e-01  1.652725e-01
-3.51724e+00 -6.00000e+00       6.954e+11  8.697039e-01 -8.878171e-02 -3.188385e-01  1.302961e-01
-3.10345e+00 -6.00000e+00       3.984e+11  8.508620e-01 -1.331415e-01 -2.569306e-01  1.491380e-01
-2.68966e+00 -6.00000e+00       2.813e+11  8.352349e-01 -9.650049e-02 -1.476474e-01  1.647651e-01
-2.27586e+00 -6.00000e+00       2.736e+11  8.404845e-01 -2.087022e-02 -4.621152e-03  1.595155e-01
-1.86207e+00 -6.00000e+00       2.548e+11  7.718020e-01  6.119505e-02  1.568523e-01  2.281980e-01
-1.44828e+00 -6.00000e+00       2.149e+11  5.958631e-01  1.315159e-01  3.727742e-01  4.041369e-01
-1.03448e+00 -6.00000e+00       1.763e+11  2.500182e-01  1.143177e-01  4.955345e-01  7.499818e-01
-6.20690e-01 -6.00000e+00       1.541e+11 -3.012388e-01  6.809803e-02  3.599041e-01  6.987612e-01
-2.06897e-01 -6.00000e+00       1.553e+11 -6.916168e-01  6.794452e-02  2.291902e-02  3.083832e-01
 2.06897e-01 -6.00000e+00       1.575e+11 -7.052523e-01  5.959314e-02 -2.990812e-01  2.947477e-01
 6.20690e-01 -6.00000e+00       1.492e+11 -4.382515e-01  5.375333e-02 -5.039190e-01  5.617485e-01
 1.03448e+00 -6.00000e+00       1.569e+11  3.539996e-02  1.326934e-01 -5.434733e-01  9.646000e-01
 1.44828e+00 -6.00000e+00       2.000e+11  4.357592e-01  2.031021e-01 -4.559521e-01  5.642408e-01
 1.86207e+00 -6.00000e+00       2.429e+11  6.370059e-01  1.745934e-01 -3.046741e-01  3.629941e-01
 2.27586e+00 -6.00000e+00       2.690e+11  7.452534e-01  8.111150e-02 -1.218369e-01  2.547466e-01
 2.68966e+00 -6.00000e+00       3.146e+11  8.291471e-01 -1.391761e-02  5.853546e-03  1.708529e-01
 3.10345e+00 -6.00000e+00       3.703e+11  8.776455e-01 -3.237164e-02  6.967457e-02  1.223545e-01
 3.51724e+00 -6.00000e+00       4.438e+11  8.744596e-01  8.017777e-03  1.812626e-01  1.255404e-01
 3.93103e+00 -6.00000e+00       6.619e+11  8.123944e-01  3.191512e-02  3.970581e-01  1.876056e-01
 4.34483e+00 -6.00000e+00       1.131e+12  7.267496e-01  1.965921e-02  5.886028e-01  2.732504e-01
 4.75862e+00 -6.00000e+00       1.690e+12  6.476109e-01  4.234486e-03  7.076547e-01  3.523891e-01
 5.17241e+00 -6.00000e+00       2.019e+12  5.689155e-01 -4.210581e-03  7.887960e-01  4.310845e-01
 5.58621e+00 -6.00000e+00       2.041e+12  4.888803e-01 -5.933019e-03  8.490369e-01  5.111197e-01
 6.00000e+00 -6.00000e+00       1.862e+12  4.223871e-01 -6.126707e-03  8.871091e-01  5.776129e-01
-6.00000e+00 -5.58621e+00       1.937e+12  3.325291e-01  1.881095e-03 -9.251386e-01  6.674709e-01
-5.58621e+00 -5.58621e+00       1.827e+12  3.995888e-01 -1.089374e-03 -8.853082e-01  6.004112e-01
-5.17241e+00 -5.58621e+00       1.534e+12  4.996092e-01 -5.102907e-03 -8.095936e-01  5.003908e-01
-4.75862e+00 -5.58621e+00       1.237e+12  6.173666e-01 -1.842533e-02 -7.044178e-01  3.826334e-01
-4.34483e+00 -5.58621e+00       9.129e+11  7.108291e-01 -5.438646e-02 -6.056898e-01  2.891709e-01
-3.93103e+00 -5.58621e+00       5.735e+11  7.539054e-01 -1.005007e-01 -5.303856e-01  2.460946e-01
-3.51724e+00 -5.58621e+00       3.753e+11  7.785566e-01 -9.203800e-02 -4.337411e-01  2.214434e-01
-3.10345e+00 -5.58621e+00       3.409e+11  8.159181e-01 -1.564037e-02 -2.521290e-01  1.840819e-01
-2.68966e+00 -5.58621e+00       3.631e+11  7.874611e-01  5.575295e-02  5.848578e-02  2.125389e-01
-2.27586e+00 -5.58621e+00       4.069e+11  6.575577e-01  1.006580e-01  4.519056e-01  3.424423e-01
-1.86207e+00 -5.58621e+00       4.399e+11  4.775518e-01  9.910830e-02  7.267444e-01  5.224482e-01
-1.44828e+00 -5.58621e+00       3.966e+11  2.571338e-01  6.579399e-02  8.538292e-01  7.428662e-01
-1.03448e+00 -5.58621e+00       2.998e+11 -4.403267e-02  4.343291e-02  8.731627e-01  9.559673e-01
-6.20690e-01 -5.58621e+00       2.229e+11 -3.994710e-01  7.006906e-02  7.278432e-01  6.005290e-01
-2.06897e-01 -5.58621e+00       1.918e+11 -6.621148e-01  1.133302e-01  3.406573e-01  3.378852e-01
 2.06897e-01 -5.58621e+00       2.024e+11 -6.486478e-01  1.018745e-01 -2.097032e-01  3.513522e-01
 6.20690e-01 -5.58621e+00       2.557e+11 -3.536901e-01  5.688412e-02 -6.660264e-01  6.463099e-01
 1.03448e+00 -5.58621e+00       3.387e+11  1.358993e-03  4.230410e-02 -8.618503e-01  9.986410e-01
 1.44828e+00 -5.58621e+00       4.116e+11  2.925302e-01  5.695798e-02 -8.639721e-01  7.074698e-01
 1.86207e+00 -5.58621e+00       4.383e+11  5.141296e-01  7.103194e-02 -7.502056e-01  4.858704e-01
 2.27586e+00 -5.58621e+00       4.148e+11  6.843057e-01  7.820830e-02 -5.199084e-01  3.156943e-01
 2.68966e+00 -5.58621e+00       3.835e+11  8.025294e-01  8.616632e-02 -1.881485e-01  1.974706e-01
 3.10345e+00 -5.58621e+00       3.750e+11  8.454917e-01  6.262124e-02  1.039461e-01  1.545083e-01
 3.51724e+00 -5.58621e+00       3.943e+11  8.457607e-01  8.008993e-03  2.763062e-01  1.542393e-01
 3.93103e+00 -5.58621e+00       4.496e+11  8.170997e-01 -7.433504e-03  3.895433e-01  1.829003e-01
 4.34483e+00 -5.58621e+00       6.210e+11  7.181068e-01  1.531500e-02  5.564245e-01  2.818932e-01
 4.75862e+00 -5.58621e+00       1.039e+12  5.897871e-01  1.944371e-02  7.256437e-01  4.102129e-01
 5.17241e+00 -5.58621e+00       1.587e+12  4.883942e-01  8.970757e-03  8.272803e-01  5.116058e-01
 5.58621e+00 -5.58621e+00       1.915e+12  4.013378e-01 -3.715830e-04  8.882915e-01  5.986622e-01
 6.00000e+00 -5.58621e+00       1.898e+12  3.187440e-01 -4.615228e-03  9.292691e-01  6.812560e-01
-6.00000e+00 -5.17241e+00       1.660e+12  2.265275e-01 -1.725255e-03 -9.437829e-01  7.734725e-01
-5.58621e+00 -5.17241e+00       1.433e+12  3.323126e-01 -5.886172e-03 -8.902137e-01  6.676874e-01
-5.17241e+00 -5.17241e+00       1.149e+12  4.618353e-01 -2.303500e-02 -8.148258e-01  5.381647e-01
-4.75862e+00 -5.17241e+00       8.251e+11  5.628286e-01 -5.884645e-02 -7.447102e-01  4.371714e-01
-4.34483e+00 -5.17241e+00       5.254e+11  6.224858e-01 -9.233351e-02 -6.733427e-01  3.775142e-01
-3.93103e+00 -5.17241e+00       3.994e+11  7.000181e-01 -5.330911e-02 -5.260540e-01  2.999819e-01
-3.51724e+00 -5.17241e+00       4.323e+11  7.980440e-01  2.435465e-02 -2.419040e-01  2.019560e-01
-3.10345e+00 -5.17241e+00       5.178e+11  8.514266e-01  6.455257e-02  8.965560e-02  1.485734e-01
-2.68966e+00 -5.17241e+00       5.524e+11  8.388266e-01  7.267886e-02  3.474297e-01  1.611734e-01
-2.27586e+00 -5.17241e+00       4.935e+11  7.569262e-01  8.780024e-02  5.425812e-01  2.430738e-01
-1.86207e+00 -5.17241e+00       3.995e+11  6.194330e-01  1.252944e-01  7.019876e-01  3.805670e-01
-1.44828e+00 -5.17241e+00       3.082e+11  4.506214e-01  1.357509e-01  8.119771e-01  5.493786e-01
-1.03448e+00 -5.17241e+00       2.476e+11  2.394626e-01  1.109204e-01  8.705470e-01  7.605374e-01
-6.20690e-01 -5.17241e+00       2.221e+11  1.620315e-02  1.292195e-01  8.401011e-01  9.837969e-01
-2.06897e-01 -5.17241e+00       1.986e+11 -2.180577e-01  1.923453e-01  6.696470e-01  7.819423e-01
 2.06897e-01 -5.17241e+00       1.770e+11 -4.316016e-01  2.149628e-01  3.054820e-01  5.683984e-01
 6.20690e-01 -5.17241e+00       1.783e+11 -3.875310e-01  1.403885e-01 -2.014546e-01  6.124690e-01
 1.03448e+00 -5.17241e+00       2.318e+11  4.150738e-02  6.144061e-02 -6.130109e-01  9.584926e-01
 1.44828e+00 -5.17241e+00       3.570e+11  4.405196e-01  5.451395e-02 -7.373646e-01  5.594804e-01
 1.86207e+00 -5.17241e+00       4.999e+11  6.467986e-01  5.767273e-02 -6.857955e-01  3.532014e-01
 2.27586e+00 -5.17241e+00       5.843e+11  7.742555e-01  4.991231e-02 -5.604732e-01  2.257445e-01
 2.68966e+00 -5.17241e+00       5.884e+11  8.565985e-01  4.662166e-02 -3.875496e-01  1.434015e-01
 3.10345e+00 -5.17241e+00       5.327e+11  8.846041e-01  5.235434e-02 -1.435416e-01  1.153959e-01
 3.51724e+00 -5.17241e+00       4.688e+11  8.562133e-01  5.546289e-02  1.576684e-01  1.437867e-01
 3.93103e+00 -5.17241e+00       4.354e+11  7.967690e-01  3.002650e-02  4.018299e-01  2.032310e-01
 4.34483e+00 -5.17241e+00       4.572e+11  7.242977e-01 -2.726464e-04  5.498304e-01  2.757023e-01
 4.75862e+00 -5.17241e+00       6.004e+11  5.905801e-01  7.287799e-03  6.923853e-01  4.094199e-01
 5.17241e+00 -5.17241e+00       9.840e+11  4.268979e-01  1.542317e-02  8.319255e-01  5.731021e-01
 5.58621e+00 -5.17241e+00       1.519e+12  3.129580e-01  1.080054e-02  9.110263e-01  6.870420e-01
 6.00000e+00 -5.17241e+00       1.841e+12  2.281722e-01  5.828043e-03  9.508479e-01  7.718278e-01
-6.00000e+00 -4.75862e+00       1.372e+12  1.525745e-01 -6.440880e-04 -9.429014e-01  8.474255e-01
-5.58621e+00 -4.75862e+00       1.075e+12  2.775025e-01 -1.635674e-02 -8.935034e-01  7.224975e-01
-5.17241e+00 -4.75862e+00       7.589e+11  3.964021e-01 -5.600493e-02 -8.369623e-01  6.035979e-01
-4.75862e+00 -4.75862e+00       5.050e+11  4.897305e-01 -8.517547e-02 -7.647161e-01  5.102695e-01
-4.34483e+00 -4.75862e+00       4.256e+11  6.254412e-01 -3.449283e-02 -5.908000e-01  3.745588e-01
-3.93103e+00 -4.75862e+00       4.986e+11  7.888320e-01  3.382749e-02 -3.107646e-01  2.111680e-01
-3.51724e+00 -4.75862e+00       5.830e+11  8.914502e-01  6.135435e-02 -5.545762e-02  1.085498e-01
-3.10345e+00 -4.75862e+00       5.651e+11  9.262139e-01  7.686821e-02  1.357000e-01  7.378606e-02
-2.68966e+00 -4.75862e+00       4.697e+11  9.183834e-01  9.871718e-02  2.739531e-01  8.161656e-02
-2.27586e+00 -4.75862e+00       3.759e+11  8.943409e-01  8.190031e-02  3.398343e-01  1.056591e-01
-1.86207e+00 -4.75862e+00       3.206e+11  8.662321e-01 -2.055790e-02  3.306341e-01  1.337679e-01
-1.44828e+00 -4.75862e+00       3.028e+11  8.482376e-01 -1.062890e-01  2.665397e-01  1.517624e-01
-1.03448e+00 -4.75862e+00       2.752e+11  8.280858e-01 -6.333253e-02  1.324024e-01  1.719142e-01
-6.20690e-01 -4.75862e+00       2.228e+11  7.577103e-01  5.941997e-02 -1.001782e-01  2.422897e-01
-2.06897e-01 -4.75862e+00       1.891e+11  6.676893e-01  1.501995e-01 -3.276161e-01  3.323107e-01
 2.06897e-01 -4.75862e+00       1.856e+11  6.576085e-01  1.601277e-01 -3.379895e-01  3.423915e-01
 6.20690e-01 -4.75862e+00       1.852e+11  6.491182e-01  1.090874e-01 -1.698008e-01  3.508818e-01
 1.03448e+00 -4.75862e+00       1.759e+11  5.519832e-01 -2.221075e-02 -3.854974e-02  4.480168e-01
 1.44828e+00 -4.75862e+00       1.791e+11  5.072723e-01 -1.200213e-01 -1.455844e-01  4.927277e-01
 1.86207e+00 -4.75862e+00       2.380e+11  6.668955e-01 -3.563898e-02 -3.414814e-01  3.331045e-01
 2.27586e+00 -4.75862e+00       3.877e+11  8.407236e-01  4.145463e-02 -3.536079e-01  1.592764e-01
 2.68966e+00 -4.75862e+00       5.746e+11  9.246947e-01  4.789718e-02 -2.680726e-01  7.530531e-02
 3.10345e+00 -4.75862e+00       6.675e+11  9.520811e-01  4.087421e-02 -1.558225e-01  4.791887e-02
 3.51724e+00 -4.75862e+00       6.260e+11  9.311920e-01  4.005885e-02  1.130408e-02  6.880800e-02
 3.93103e+00 -4.75862e+00       5.317e+11  8.507226e-01  4.370745e-02  2.581885e-01  1.492774e-01
 4.34483e+00 -4.75862e+00       4.607e+11  7.351235e-01  3.110495e-02  5.048341e-01  2.648765e-01
 4.75862e+00 -4.75862e+00       4.561e+11  6.106306e-01  3.687187e-03  6.698491e-01  3.893694e-01
 5.17241e+00 -4.75862e+00       6.010e+11  4.332296e-01  4.896199e-03  8.005301e-01  5.667704e-01
 5.58621e+00 -4.75862e+00       9.780e+11  2.569238e-01  1.429770e-02  9.012190e-01  7.430762e-01
 6.00000e+00 -4.75862e+00       1.415e+12  1.392986e-01  1.025660e-02  9.520379e-01  8.607014e-01
-6.00000e+00 -4.34483e+00       1.011e+12  9.321685e-02 -1.029967e-02 -9.298748e-01  9.067832e-01
-5.58621e+00 -4.34483e+00       7.205e+11  2.255650e-01 -4.734101e-02 -8.912809e-01  7.744350e-01
-5.17241e+00 -4.34483e+00       4.915e+11  3.476048e-01 -7.973520e-02 -8.297349e-01  6.523952e-01
-4.75862e+00 -4.34483e+00       4.252e+11  5.287890e-01 -3.376803e-02 -6.671037e-01  4.712110e-01
-4.34483e+00 -4.34483e+00       5.039e+11  7.390364e-01  3.234615e-02 -4.232572e-01  2.609636e-01
-3.93103e+00 -4.34483e+00       5.737e+11  8.746349e-01  6.078363e-02 -2.169773e-01  1.253651e-01
-3.51724e+00 -4.34483e+00       5.326e+11  9.403730e-01  7.832294e-02 -7.086035e-02  5.962705e-02
-3.10345e+00 -4.34483e+00       4.370e+11  9.598637e-01  8.026218e-02  2.718097e-03  4.013627e-02
-2.68966e+00 -4.34483e+00       3.602e+11  9.418823e-01  3.633523e-02 -1.367410e-02  5.811766e-02
-2.27586e+00 -4.34483e+00       2.883e+11  8.851235e-01  2.713644e-03 -7.033658e-02  1.148765e-01
-1.86207e+00 -4.34483e+00       1.955e+11  7.711906e-01  9.909984e-03 -1.038736e-01  2.288094e-01
-1.44828e+00 -4.34483e+00       1.181e+11  5.497177e-01 -1.148012e-01 -8.135564e-02  4.502823e-01
-1.03448e+00 -4.34483e+00       8.354e+10  2.637168e-01 -4.935929e-01 -2.239975e-02  7.362832e-01
-6.20690e-01 -4.34483e+00       7.137e+10  9.535411e-02 -7.499780e-01 -6.317790e-02  9.046459e-01
-2.06897e-01 -4.34483e+00       6.903e+10  1.229842e-01 -7.531925e-01 -2.774373e-01  8.770158e-01
 2.06897e-01 -4.34483e+00       8.301e+10  3.197116e-01 -6.461331e-01 -4.715568e-01  6.802884e-01
 6.20690e-01 -4.34483e+00       1.139e+11  5.409392e-01 -5.181935e-01 -4.715727e-01  4.590608e-01
 1.03448e+00 -4.34483e+00       1.539e+11  7.283640e-01 -3.392635e-01 -3.430828e-01  2.716360e-01
 1.44828e+00 -4.34483e+00       1.966e+11  8.428842e-01 -1.419120e-01 -1.884015e-01  1.571158e-01
 1.86207e+00 -4.34483e+00       2.238e+11  8.569364e-01 -2.642816e-02 -8.853789e-02  1.430636e-01
 2.27586e+00 -4.34483e+00       2.377e+11  8.374253e-01  9.326055e-03 -7.229547e-02  1.625747e-01
 2.68966e+00 -4.34483e+00       3.149e+11  8.914967e-01  3.613248e-02 -7.587214e-02  1.085033e-01
 3.10345e+00 -4.34483e+00       4.906e+11  9.546019e-01  4.883362e-02 -1.990154e-02  4.539813e-02
 3.51724e+00 -4.34483e+00       6.393e+11  9.660288e-01  4.266921e-02  6.237643e-02  3.397117e-02
 3.93103e+00 -4.34483e+00       6.374e+11  9.233979e-01  3.725856e-02  1.846945e-01  7.660214e-02
 4.34483e+00 -4.34483e+00       5.391e+11  8.102650e-01  3.738227e-02  3.836776e-01  1.897350e-01
 4.75862e+00 -4.34483e+00       4.519e+11  6.503873e-01  2.640976e-02  6.062146e-01  3.496127e-01
 5.17241e+00 -4.34483e+00       4.436e+11  4.729701e-01  2.947220e-03  7.642526e-01  5.270299e-01
 5.58621e+00 -4.34483e+00       6.064e+11  2.523673e-01  5.536732e-03  8.722120e-01  7.476327e-01
 6.00000e+00 -4.34483e+00       9.723e+11  7.371671e-02  1.375916e-02  9.368827e-01  9.262833e-01
-6.00000e+00 -3.93103e+00       6.912e+11  4.717004e-02 -3.294380e-02 -9.108485e-01  9.528300e-01
-5.58621e+00 -3.93103e+00       4.759e+11  1.921178e-01 -7.371086e-02 -8.703352e-01  8.078822e-01
-5.17241e+00 -3.93103e+00       3.983e+11  3.982855e-01 -4.507245e-02 -7.436245e-01  6.017145e-01
-4.75862e+00 -3.93103e+00       4.630e+11  6.492484e-01  2.400377e-02 -5.346209e-01  3.507516e-01
-4.34483e+00 -3.93103e+00       5.297e+11  8.186855e-01  5.775876e-02 -3.567130e-01  1.813145e-01
-3.93103e+00 -3.93103e+00       4.916e+11  9.068885e-01  7.514859e-02 -2.379017e-01  9.311150e-02
-3.51724e+00 -3.93103e+00       4.006e+11  9.312254e-01  7.392721e-02 -1.962796e-01  6.877460e-02
-3.10345e+00 -3.93103e+00       3.157e+11  8.984438e-01  4.483787e-02 -2.234188e-01  1.015562e-01
-2.68966e+00 -3.93103e+00       2.243e+11  8.287122e-01  1.628017e-02 -2.240540e-01  1.712878e-01
-2.27586e+00 -3.93103e+00       1.379e+11  7.384630e-01 -6.628041e-02 -8.251455e-02  2.615370e-01
-1.86207e+00 -3.93103e+00       9.117e+10  6.446680e-01 -2.609414e-01  2.230568e-01  3.553320e-01
-1.44828e+00 -3.93103e+00       7.811e+10  5.108460e-01 -3.647256e-01  4.452140e-01  4.891540e-01
-1.03448e+00 -3.93103e+00       7.475e+10  2.956235e-01 -3.328160e-01  4.105214e-01  7.043765e-01
-6.20690e-01 -3.93103e+00       7.682e+10  1.548161e-01 -2.624680e-01  9.433893e-02  8.451839e-01
-2.06897e-01 -3.93103e+00       9.422e+10  2.667642e-01 -2.025194e-01 -2.888771e-01  7.332358e-01
 2.06897e-01 -3.93103e+00       1.278e+11  4.788049e-01 -1.757005e-01 -5.028977e-01  5.211951e-01
 6.20690e-01 -3.93103e+00       1.606e+11  6.215570e-01 -1.699048e-01 -5.807838e-01  3.784430e-01
 1.03448e+00 -3.93103e+00       1.687e+11  6.919714e-01 -1.801467e-01 -5.732695e-01  3.080286e-01
 1.44828e+00 -3.93103e+00       1.612e+11  7.608647e-01 -2.090222e-01 -4.343233e-01  2.391353e-01
 1.86207e+00 -3.93103e+00       1.773e+11  8.558865e-01 -1.962963e-01 -1.688427e-01  1.441135e-01
 2.27586e+00 -3.93103e+00       2.179e+11  9.002027e-01 -1.091375e-01  3.518241e-02  9.979732e-02
 2.68966e+00 -3.93103e+00       2.486e+11  8.946021e-01 -1.920385e-02  1.176886e-01  1.053979e-01
 3.10345e+00 -3.93103e+00       2.996e+11  9.065825e-01  3.885248e-02  1.298675e-01  9.341755e-02
 3.51724e+00 -3.93103e+00       4.377e+11  9.397713e-01  5.440710e-02  1.650612e-01  6.022866e-02
 3.93103e+00 -3.93103e+00       5.821e+11  9.375368e-01  4.604775e-02  2.306487e-01  6.246324e-02
 4.34483e+00 -3.93103e+00       5.916e+11  8.766731e-01  3.767107e-02  3.337521e-01  1.233269e-01
 4.75862e+00 -3.93103e+00       4.969e+11  7.343306e-01  3.407364e-02  5.063926e-01  2.656694e-01
 5.17241e+00 -3.93103e+00       4.130e+11  5.358944e-01  1.965361e-02  7.008235e-01  4.641056e-01
 5.58621e+00 -3.93103e+00       4.261e+11  3.034941e-01  4.926554e-04  8.332938e-01  6.965059e-01
 6.00000e+00 -3.93103e+00       6.223e+11  5.619083e-02  8.032497e-03  9.060520e-01  9.438092e-01
-6.00000e+00 -3.51724e+00       5.141e+11  7.878000e-02 -9.294151e-02 -9.047028e-01  9.212200e-01
-5.58621e+00 -3.51724e+00       3.947e+11  2.595656e-01 -6.275577e-02 -8.318341e-01  7.404344e-01
-5.17241e+00 -3.51724e+00       4.095e+11  5.263738e-01  1.819099e-02 -6.459913e-01  4.736262e-01
-4.75862e+00 -3.51724e+00       4.722e+11  7.339732e-01  5.868335e-02 -4.727075e-01  2.660268e-01
-4.34483e+00 -3.51724e+00       4.511e+11  8.492001e-01  7.329591e-02 -3.600193e-01  1.507999e-01
-3.93103e+00 -3.51724e+00       3.672e+11  8.859495e-01  7.584993e-02 -3.214627e-01  1.140505e-01
-3.51724e+00 -3.51724e+00       2.803e+11  8.544918e-01  5.677447e-02 -3.383803e-01  1.455082e-01
-3.10345e+00 -3.51724e+00       1.966e+11  8.074432e-01  1.967631e-02 -2.933369e-01  1.925568e-01
-2.68966e+00 -3.51724e+00       1.477e+11  8.168926e-01 -6.244675e-02 -3.746598e-02  1.831074e-01
-2.27586e+00 -3.51724e+00       2.016e+11  8.568806e-01 -1.020454e-01  3.076370e-01  1.431194e-01
-1.86207e+00 -3.51724e+00       4.203e+11  8.147635e-01 -9.106438e-02  4.876506e-01  1.852365e-01
-1.44828e+00 -3.51724e+00       7.522e+11  7.213101e-01 -9.912291e-02  6.001460e-01  2.786899e-01
-1.03448e+00 -3.51724e+00       9.396e+11  5.745268e-01 -1.056919e-01  6.849118e-01  4.254732e-01
-6.20690e-01 -3.51724e+00       8.299e+11  3.343548e-01 -9.403311e-02  6.783853e-01  6.656452e-01
-2.06897e-01 -3.51724e+00       6.423e+11  4.138067e-02 -7.268774e-02  3.275819e-01  9.586193e-01
 2.06897e-01 -3.51724e+00       6.682e+11  7.956972e-02 -9.415288e-02 -3.668415e-01  9.204303e-01
 6.20690e-01 -3.51724e+00       9.183e+11  3.949952e-01 -1.234507e-01 -6.715024e-01  6.050048e-01
 1.03448e+00 -3.51724e+00       1.092e+12  6.226650e-01 -1.163907e-01 -6.564665e-01  3.773350e-01
 1.44828e+00 -3.51724e+00       9.348e+11  7.601587e-01 -9.131932e-02 -5.527123e-01  2.398413e-01
 1.86207e+00 -3.51724e+00       5.947e+11  8.558210e-01 -7.399816e-02 -4.032999e-01  1.441790e-01
 2.27586e+00 -3.51724e+00       3.459e+11  9.164222e-01 -8.674164e-02 -1.968862e-01  8.357782e-02
 2.68966e+00 -3.51724e+00       2.542e+11  9.197835e-01 -8.787716e-02  5.792131e-02  8.021654e-02
 3.10345e+00 -3.51724e+00       2.491e+11  8.923785e-01 -2.625599e-02  2.245898e-01  1.076215e-01
 3.51724e+00 -3.51724e+00       2.924e+11  8.920429e-01  3.980022e-02  2.675272e-01  1.079571e-01
 3.93103e+00 -3.51724e+00       4.104e+11  9.098687e-01  5.772659e-02  2.971563e-01  9.013132e-02
 4.34483e+00 -3.51724e+00       5.282e+11  8.908078e-01  4.766808e-02  3.557411e-01  1.091922e-01
 4.75862e+00 -3.51724e+00       5.236e+11  8.053802e-01  4.037720e-02  4.550866e-01  1.946198e-01
 5.17241e+00 -3.51724e+00       4.237e+11  6.330641e-01  3.852791e-02  6.076059e-01  3.669359e-01
 5.58621e+00 -3.51724e+00       3.369e+11  3.775400e-01  2.168865e-02  7.657193e-01  6.224600e-01
 6.00000e+00 -3.51724e+00       3.665e+11  6.650152e-02  7.152505e-03  8.602886e-01  9.334985e-01
-6.00000e+00 -3.10345e+00       3.577e+11  9.920032e-02 -1.253634e-01 -8.536405e-01  9.007997e-01
-5.58621e+00 -3.10345e+00       3.355e+11  3.765170e-01 -4.858980e-02 -7.217666e-01  6.234830e-01
-5.17241e+00 -3.10345e+00       3.970e+11  6.424313e-01  3.022012e-02 -5.566164e-01  3.575687e-01
-4.75862e+00 -3.10345e+00       4.126e+11  7.873953e-01  6.619721e-02 -4.469560e-01  2.126047e-01
-4.34483e+00 -3.10345e+00       3.446e+11  8.430404e-01  7.951003e-02 -3.975413e-01  1.569596e-01
-3.93103e+00 -3.10345e+00       2.607e+11  8.261809e-01  6.860352e-02 -4.003360e-01  1.738191e-01
-3.51724e+00 -3.10345e+00       1.995e+11  8.094687e-01  3.244231e-02 -3.318991e-01  1.905313e-01
-3.10345e+00 -3.10345e+00       2.498e+11  9.078560e-01 -1.885686e-02 -5.792903e-02  9.214395e-02
-2.68966e+00 -3.10345e+00       6.104e+11  9.733199e-01 -1.812280e-02  1.068338e-01  2.668007e-02
-2.27586e+00 -3.10345e+00       1.287e+12  9.769505e-01 -5.229195e-03  1.635711e-01  2.304950e-02
-1.86207e+00 -3.10345e+00       1.679e+12  9.676808e-01  9.680615e-03  2.038168e-01  3.231924e-02
-1.44828e+00 -3.10345e+00       1.295e+12  9.487812e-01  3.375437e-02  2.407929e-01  5.121875e-02
-1.03448e+00 -3.10345e+00       6.247e+11  9.040923e-01  7.690015e-02  2.763802e-01  9.590773e-02
-6.20690e-01 -3.10345e+00       2.517e+11  8.026628e-01  1.652697e-01  2.894940e-01  1.973372e-01
-2.06897e-01 -3.10345e+00       1.534e+11  7.183415e-01  2.528193e-01  1.764590e-01  2.816585e-01
 2.06897e-01 -3.10345e+00       1.678e+11  7.646010e-01  1.697921e-01 -6.612682e-02  2.353990e-01
 6.20690e-01 -3.10345e+00       3.130e+11  8.786315e-01  2.759812e-02 -2.242020e-01  1.213685e-01
 1.03448e+00 -3.10345e+00       7.386e+11  9.424223e-01 -1.632280e-02 -2.411449e-01  5.757770e-02
 1.44828e+00 -3.10345e+00       1.439e+12  9.639523e-01 -2.736143e-02 -2.213397e-01  3.604775e-02
 1.86207e+00 -3.10345e+00       1.863e+12  9.734442e-01 -3.457556e-02 -1.916089e-01  2.655578e-02
 2.27586e+00 -3.10345e+00       1.500e+12  9.791774e-01 -3.925445e-02 -1.502042e-01  2.082259e-02
 2.68966e+00 -3.10345e+00       7.951e+11  9.780931e-01 -4.645557e-02 -7.749470e-02  2.190685e-02
 3.10345e+00 -3.10345e+00       3.747e+11  9.475947e-01 -5.353666e-02  8.623297e-02  5.240529e-02
 3.51724e+00 -3.10345e+00       2.607e+11  8.874644e-01 -1.286770e-02  2.846735e-01  1.125356e-01
 3.93103e+00 -3.10345e+00       2.889e+11  8.733686e-01  4.753713e-02  3.540474e-01  1.266314e-01
 4.34483e+00 -3.10345e+00       3.955e+11  8.788941e-01  5.953878e-02  3.865172e-01  1.211059e-01
 4.75862e+00 -3.10345e+00       4.679e+11  8.435323e-01  4.713135e-02  4.384562e-01  1.564677e-01
 5.17241e+00 -3.10345e+00       4.140e+11  7.279251e-01  3.542446e-02  5.316321e-01  2.720749e-01
 5.58621e+00 -3.10345e+00       3.103e+11  4.923656e-01  1.712278e-02  6.805023e-01  5.076344e-01
 6.00000e+00 -3.10345e+00       2.718e+11  1.581345e-01 -1.167386e-02  8.089830e-01  8.418655e-01
-6.00000e+00 -2.68966e+00       2.808e+11  1.713489e-01 -7.450107e-02 -7.923869e-01  8.286511e-01
-5.58621e+00 -2.68966e+00       3.085e+11  5.135391e-01 -4.913713e-03 -6.249462e-01  4.864609e-01
-5.17241e+00 -2.68966e+00       3.583e+11  7.224983e-01  4.222142e-02 -5.041302e-01  2.775017e-01
-4.75862e+00 -2.68966e+00       3.292e+11  8.093771e-01  7.050315e-02 -4.426174e-01  1.906229e-01
-4.34483e+00 -2.68966e+00       2.533e+11  8.156416e-01  7.595466e-02 -4.293465e-01  1.843584e-01
-3.93103e+00 -2.68966e+00       2.071e+11  8.134236e-01  4.713773e-02 -3.729849e-01  1.865764e-01
-3.51724e+00 -2.68966e+00       3.243e+11  9.247218e-01  6.726609e-03 -1.647867e-01  7.527820e-02
-3.10345e+00 -2.68966e+00       8.508e+11  9.858213e-01  4.445713e-03 -6.614428e-02  1.417873e-02
-2.68966e+00 -2.68966e+00       1.640e+12  9.953816e-01  1.083819e-02 -3.648460e-02  4.618424e-03
-2.27586e+00 -2.68966e+00       1.845e+12  9.960385e-01  1.922982e-02 -1.536673e-02  3.961453e-03
-1.86207e+00 -2.68966e+00       1.249e+12  9.931542e-01  3.480588e-02  5.429845e-03  6.845776e-03
-1.44828e+00 -2.68966e+00       6.836e+11  9.851943e-01  6.218048e-02  2.371204e-02  1.480565e-02
-1.03448e+00 -2.68966e+00       5.809e+11  9.796557e-01  9.237068e-02  3.734767e-02  2.034432e-02
-6.20690e-01 -2.68966e+00       7.596e+11  9.815819e-01  1.118702e-01  5.114927e-02  1.841813e-02
-2.06897e-01 -2.68966e+00       9.110e+11  9.820003e-01  1.199198e-01  6.789144e-02  1.799967e-02
 2.06897e-01 -2.68966e+00       8.231e+11  9.775972e-01  1.221829e-01  9.274152e-02  2.240277e-02
 6.20690e-01 -2.68966e+00       5.567e+11  9.664730e-01  1.141602e-01  1.220994e-01  3.352705e-02
 1.03448e+00 -2.68966e+00       3.765e+11  9.567762e-01  6.174136e-02  1.161579e-01  4.322376e-02
 1.44828e+00 -2.68966e+00       5.565e+11  9.773314e-01 -7.845399e-03  4.461377e-02  2.266857e-02
 1.86207e+00 -2.68966e+00       1.237e+12  9.924319e-01 -2.254573e-02  2.199931e-02  7.568054e-03
 2.27586e+00 -2.68966e+00       1.953e+12  9.960349e-01 -2.571434e-02  2.635884e-02  3.965101e-03
 2.68966e+00 -2.68966e+00       1.828e+12  9.954089e-01 -2.884974e-02  4.029491e-02  4.591065e-03
 3.10345e+00 -2.68966e+00       1.033e+12  9.879677e-01 -3.410522e-02  7.347944e-02  1.203235e-02
 3.51724e+00 -2.68966e+00       4.434e+11  9.515233e-01 -3.557199e-02  1.732560e-01  4.847668e-02
 3.93103e+00 -2.68966e+00       2.627e+11  8.801037e-01  7.666253e-03  3.369620e-01  1.198963e-01
 4.34483e+00 -2.68966e+00       2.894e+11  8.615648e-01  5.809109e-02  4.057574e-01  1.384352e-01
 4.75862e+00 -2.68966e+00       3.759e+11  8.537455e-01  5.744898e-02  4.377793e-01  1.462545e-01
 5.17241e+00 -2.68966e+00       3.871e+11  7.903372e-01  4.212428e-02  4.918400e-01  2.096628e-01
 5.58621e+00 -2.68966e+00       3.061e+11  6.127709e-01  2.915728e-02  5.995198e-01  3.872291e-01
 6.00000e+00 -2.68966e+00       2.392e+11  2.685359e-01  5.334100e-03  7.478042e-01  7.314641e-01
-6.00000e+00 -2.27586e+00       2.138e+11  3.537227e-01  6.441570e-03 -6.631952e-01  6.462773e-01
-5.58621e+00 -2.27586e+00       2.871e+11  6.446781e-01  3.145692e-02 -5.468887e-01  3.553219e-01
-5.17241e+00 -2.27586e+00       3.102e+11  7.710127e-01  6.397580e-02 -4.727869e-01  2.289873e-01
-4.75862e+00 -2.27586e+00       2.541e+11  8.129996e-01  8.201303e-02 -4.361034e-01  1.870004e-01
-4.34483e+00 -2.27586e+00       2.019e+11  8.145811e-01  6.521823e-02 -4.055705e-01  1.854189e-01
-3.93103e+00 -2.27586e+00       2.933e+11  9.037507e-01  2.341511e-02 -2.572565e-01  9.624927e-02
-3.51724e+00 -2.27586e+00       7.810e+11  9.731448e-01  1.229250e-02 -1.659373e-01  2.685522e-02
-3.10345e+00 -2.27586e+00       1.593e+12  9.868296e-01  1.443243e-02 -1.426801e-01  1.317038e-02
-2.68966e+00 -2.27586e+00       1.900e+12  9.897044e-01  1.905826e-02 -1.298130e-01  1.029559e-02
-2.27586e+00 -2.27586e+00       1.446e+12  9.898333e-01  3.015005e-02 -1.199687e-01  1.016674e-02
-1.86207e+00 -2.27586e+00       1.152e+12  9.875353e-01  4.441296e-02 -1.201307e-01  1.246465e-02
-1.44828e+00 -2.27586e+00       1.467e+12  9.878193e-01  3.742545e-02 -1.164880e-01  1.218067e-02
-1.03448e+00 -2.27586e+00       2.136e+12  9.918669e-01  2.475426e-02 -8.419850e-02  8.133123e-03
-6.20690e-01 -2.27586e+00       3.085e+12  9.959505e-01  2.121142e-02 -3.827553e-02  4.049541e-03
-2.06897e-01 -2.27586e+00       3.925e+12  9.975786e-01  2.053694e-02 -1.120258e-03  2.421447e-03
 2.06897e-01 -2.27586e+00       3.756e+12  9.969152e-01  1.750401e-02  3.244954e-02  3.084802e-03
 6.20690e-01 -2.27586e+00       2.638e+12  9.932846e-01  1.290213e-02  7.691763e-02  6.715447e-03
 1.03448e+00 -2.27586e+00       1.530e+12  9.848173e-01  1.105461e-02  1.381524e-01  1.518266e-02
 1.44828e+00 -2.27586e+00       8.619e+11  9.737867e-01  1.365714e-02  1.879318e-01  2.621334e-02
 1.86207e+00 -2.27586e+00       7.226e+11  9.745557e-01 -7.611551e-04  1.722612e-01  2.544434e-02
 2.27586e+00 -2.27586e+00       1.258e+12  9.852741e-01 -1.769067e-02  1.386374e-01  1.472586e-02
 2.68966e+00 -2.27586e+00       1.923e+12  9.885109e-01 -2.171895e-02  1.340096e-01  1.148907e-02
 3.10345e+00 -2.27586e+00       1.740e+12  9.874128e-01 -2.449439e-02  1.403258e-01  1.258724e-02
 3.51724e+00 -2.27586e+00       9.333e+11  9.780229e-01 -2.834811e-02  1.648921e-01  2.197711e-02
 3.93103e+00 -2.27586e+00       3.862e+11  9.363765e-01 -2.038009e-02  2.507249e-01  6.362350e-02
 4.34483e+00 -2.27586e+00       2.474e+11  8.731053e-01  3.391622e-02  3.784494e-01  1.268947e-01
 4.75862e+00 -2.27586e+00       2.947e+11  8.590328e-01  6.327028e-02  4.275291e-01  1.409672e-01
 5.17241e+00 -2.27586e+00       3.466e+11  8.275769e-01  5.228021e-02  4.660586e-01  1.724231e-01
 5.58621e+00 -2.27586e+00       3.074e+11  7.223013e-01  4.206683e-02  5.398559e-01  2.776987e-01
 6.00000e+00 -2.27586e+00       2.314e+11  4.771475e-01  3.624929e-02  6.671246e-01  5.228525e-01
-6.00000e+00 -1.86207e+00       2.141e+11  5.217337e-01 -6.404664e-04 -5.664462e-01  4.782663e-01
-5.58621e+00 -1.86207e+00       2.678e+11  7.066832e-01  7.220677e-02 -4.801346e-01  2.933168e-01
-5.17241e+00 -1.86207e+00       2.481e+11  8.050971e-01  8.543496e-02 -4.124773e-01  1.949029e-01
-4.75862e+00 -1.86207e+00       1.943e+11  8.332734e-01  7.010964e-02 -3.913517e-01  1.667266e-01
-4.34483e+00 -1.86207e+00       2.183e+11  8.777542e-01  3.805183e-02 -3.187037e-01  1.222458e-01
-3.93103e+00 -1.86207e+00       5.421e+11  9.561945e-01  1.757393e-02 -2.181407e-01  4.380546e-02
-3.51724e+00 -1.86207e+00       1.292e+12  9.777982e-01  1.567589e-02 -1.911551e-01  2.220178e-02
-3.10345e+00 -1.86207e+00       1.859e+12  9.819899e-01  1.744755e-02 -1.820128e-01  1.801014e-02
-2.68966e+00 -1.86207e+00       1.693e+12  9.827787e-01  2.271596e-02 -1.765424e-01  1.722130e-02
-2.27586e+00 -1.86207e+00       1.751e+12  9.830562e-01  2.711773e-02 -1.695319e-01  1.694375e-02
-1.86207e+00 -1.86207e+00       4.145e+12  9.871910e-01  1.703062e-02 -1.472005e-01  1.280898e-02
-1.44828e+00 -1.86207e+00       1.230e+13  9.912016e-01  6.555283e-03 -1.223050e-01  8.798436e-03
-1.03448e+00 -1.86207e+00       2.844e+13  9.940693e-01 -1.481259e-03 -9.634408e-02  5.930662e-03
-6.20690e-01 -1.86207e+00       4.768e+13  9.963701e-01 -7.640798e-03 -6.463506e-02  3.629905e-03
-2.06897e-01 -1.86207e+00       6.025e+13  9.978699e-01 -1.184239e-02 -2.661711e-02  2.130122e-03
 2.06897e-01 -1.86207e+00       5.985e+13  9.980989e-01 -1.446450e-02  1.406265e-02  1.901084e-03
 6.20690e-01 -1.86207e+00       4.652e+13  9.970076e-01 -1.619072e-02  5.212225e-02  2.992449e-03
 1.03448e+00 -1.86207e+00       2.685e+13  9.949304e-01 -1.738366e-02  8.479300e-02  5.069574e-03
 1.44828e+00 -1.86207e+00       1.085e+13  9.917982e-01 -1.775334e-02  1.141944e-01  8.201827e-03
 1.86207e+00 -1.86207e+00       3.131e+12  9.858048e-01 -1.598365e-02  1.490571e-01  1.419522e-02
 2.27586e+00 -1.86207e+00       1.154e+12  9.772237e-01 -1.348106e-02  1.873722e-01  2.277630e-02
 2.68966e+00 -1.86207e+00       1.442e+12  9.802743e-01 -1.692483e-02  1.819518e-01  1.972572e-02
 3.10345e+00 -1.86207e+00       1.865e+12  9.822342e-01 -1.906843e-02  1.781297e-01  1.776577e-02
 3.51724e+00 -1.86207e+00       1.419e+12  9.802494e-01 -2.143402e-02  1.836507e-01  1.975057e-02
 3.93103e+00 -1.86207e+00       6.592e+11  9.665776e-01 -2.216366e-02  2.122139e-01  3.342236e-02
 4.34483e+00 -1.86207e+00       2.816e+11  9.190809e-01  1.841528e-03  3.025452e-01  8.091908e-02
 4.75862e+00 -1.86207e+00       2.356e+11  8.788048e-01  4.979638e-02  3.901505e-01  1.211952e-01
 5.17241e+00 -1.86207e+00       2.957e+11  8.546740e-01  5.538565e-02  4.317389e-01  1.453260e-01
 5.58621e+00 -1.86207e+00       3.035e+11  7.809918e-01  4.178677e-02  4.974943e-01  2.190082e-01
 6.00000e+00 -1.86207e+00       2.397e+11  6.355967e-01  2.432642e-02  6.069118e-01  3.644033e-01
-6.00000e+00 -1.44828e+00       1.707e+11  6.883065e-01  5.202284e-03 -4.388628e-01  3.116935e-01
-5.58621e+00 -1.44828e+00       2.122e+11  8.379752e-01  4.911940e-03 -3.617794e-01  1.620248e-01
-5.17241e+00 -1.44828e+00       2.002e+11  8.802483e-01  2.024790e-02 -3.520858e-01  1.197517e-01
-4.75862e+00 -1.44828e+00       1.777e+11  8.852830e-01  4.171913e-02 -3.372979e-01  1.147170e-01
-4.34483e+00 -1.44828e+00       3.058e+11  9.383869e-01  2.634811e-02 -2.450451e-01  6.161311e-02
-3.93103e+00 -1.44828e+00       8.372e+11  9.732367e-01  1.585965e-02 -1.999129e-01  2.676327e-02
-3.51724e+00 -1.44828e+00       1.587e+12  9.802968e-01  1.515538e-02 -1.899286e-01  1.970315e-02
-3.10345e+00 -1.44828e+00       1.828e+12  9.815737e-01  1.670596e-02 -1.863367e-01  1.842627e-02
-2.68966e+00 -1.44828e+00       2.032e+12  9.819512e-01  1.767078e-02 -1.823935e-01  1.804880e-02
-2.27586e+00 -1.44828e+00       5.031e+12  9.844856e-01  9.034888e-03 -1.696920e-01  1.551444e-02
-1.86207e+00 -1.44828e+00       1.520e+13  9.871464e-01  4.443086e-04 -1.552067e-01  1.285362e-02
-1.44828e+00 -1.44828e+00       3.272e+13  9.895976e-01 -5.674333e-03 -1.383020e-01  1.040241e-02
-1.03448e+00 -1.44828e+00       4.767e+13  9.922735e-01 -9.662795e-03 -1.152826e-01  7.726481e-03
-6.20690e-01 -1.44828e+00       5.114e+13  9.951335e-01 -1.104990e-02 -8.168868e-02  4.866518e-03
-2.06897e-01 -1.44828e+00       4.823e+13  9.974304e-01 -9.897300e-03 -3.261182e-02  2.569648e-03
 2.06897e-01 -1.44828e+00       4.867e+13  9.977318e-01 -8.739388e-03  2.509716e-02  2.268190e-03
 6.20690e-01 -1.44828e+00       5.192e+13  9.960124e-01 -1.021832e-02  7.196241e-02  3.987631e-03
 1.03448e+00 -1.44828e+00       4.769e+13  9.936166e-01 -1.339805e-02  1.035449e-01  6.383362e-03
 1.44828e+00 -1.44828e+00       3.159e+13  9.912111e-01 -1.672711e-02  1.257583e-01  8.788867e-03
 1.86207e+00 -1.44828e+00       1.371e+13  9.887019e-01 -1.941134e-02  1.437047e-01  1.129812e-02
 2.27586e+00 -1.44828e+00       3.957e+12  9.850722e-01 -2.049297e-02  1.630291e-01  1.492785e-02
 2.68966e+00 -1.44828e+00       1.468e+12  9.806584e-01 -1.712652e-02  1.826604e-01  1.934161e-02
 3.10345e+00 -1.44828e+00       1.645e+12  9.820831e-01 -1.535547e-02  1.799044e-01  1.791685e-02
 3.51724e+00 -1.44828e+00       1.634e+12  9.824455e-01 -1.660146e-02  1.791318e-01  1.755449e-02
 3.93103e+00 -1.44828e+00       9.501e+11  9.782470e-01 -1.795504e-02  1.888577e-01  2.175297e-02
 4.34483e+00 -1.44828e+00       3.848e+11  9.574583e-01 -8.584043e-03  2.325512e-01  4.254171e-02
 4.75862e+00 -1.44828e+00       2.143e+11  9.221364e-01  2.956659e-02  3.096521e-01  7.786358e-02
 5.17241e+00 -1.44828e+00       2.236e+11  9.117878e-01  3.977992e-02  3.420371e-01  8.821220e-02
 5.58621e+00 -1.44828e+00       2.335e+11  8.805911e-01  3.185127e-02  3.712783e-01  1.194089e-01
 6.00000e+00 -1.44828e+00       1.805e+11  7.639101e-01  2.450170e-02  4.432412e-01  2.360899e-01
-6.00000e+00 -1.03448e+00       1.824e+11  7.989198e-01  3.858906e-02 -3.849601e-01  2.010802e-01
-5.58621e+00 -1.03448e+00       2.051e+11  8.814023e-01  7.521875e-02 -3.057538e-01  1.185977e-01
-5.17241e+00 -1.03448e+00       1.716e+11  9.141703e-01  6.814249e-02 -2.655664e-01  8.582965e-02
-4.75862e+00 -1.03448e+00       1.725e+11  9.331852e-01  3.569146e-02 -2.379926e-01  6.681481e-02
-4.34483e+00 -1.03448e+00       4.140e+11  9.708321e-01  1.528376e-02 -1.843480e-01  2.916789e-02
-3.93103e+00 -1.03448e+00       1.062e+12  9.835607e-01  1.283995e-02 -1.667249e-01  1.643928e-02
-3.51724e+00 -1.03448e+00       1.686e+12  9.858711e-01  1.272667e-02 -1.629656e-01  1.412887e-02
-3.10345e+00 -1.03448e+00       1.893e+12  9.860502e-01  1.252642e-02 -1.624133e-01  1.394979e-02
-2.68966e+00 -1.03448e+00       3.409e+12  9.868869e-01  6.961995e-03 -1.573590e-01  1.311314e-02
-2.27586e+00 -1.03448e+00       1.018e+13  9.884651e-01 -2.783930e-04 -1.485577e-01  1.153495e-02
-1.86207e+00 -1.03448e+00       2.319e+13  9.898163e-01 -5.299148e-03 -1.396500e-01  1.018373e-02
-1.44828e+00 -1.03448e+00       3.301e+13  9.912155e-01 -8.836914e-03 -1.290040e-01  8.784493e-03
-1.03448e+00 -1.03448e+00       2.927e+13  9.927805e-01 -1.083370e-02 -1.155199e-01  7.219498e-03
-6.20690e-01 -1.03448e+00       1.709e+13  9.945635e-01 -1.056117e-02 -9.608917e-02  5.436523e-03
-2.06897e-01 -1.03448e+00       8.485e+12  9.966099e-01 -4.875240e-03 -4.836106e-02  3.390098e-03
 2.06897e-01 -1.03448e+00       8.813e+12  9.969896e-01  2.557364e-03  4.573894e-02  3.010444e-03
 6.20690e-01 -1.03448e+00       1.812e+13  9.955068e-01 -8.909806e-04  8.770974e-02  4.493244e-03
 1.03448e+00 -1.03448e+00       3.054e+13  9.940895e-01 -6.068408e-03  1.045563e-01  5.910453e-03
 1.44828e+00 -1.03448e+00       3.336e+13  9.927863e-01 -1.057949e-02  1.165610e-01  7.213651e-03
 1.86207e+00 -1.03448e+00       2.227e+13  9.915289e-01 -1.431030e-02  1.266065e-01  8.471069e-03
 2.27586e+00 -1.03448e+00       8.928e+12  9.900997e-01 -1.712278e-02  1.362173e-01  9.900301e-03
 2.68966e+00 -1.03448e+00       2.572e+12  9.879394e-01 -1.764788e-02  1.475890e-01  1.206056e-02
 3.10345e+00 -1.03448e+00       1.528e+12  9.873712e-01 -1.366012e-02  1.505073e-01  1.262882e-02
 3.51724e+00 -1.03448e+00       1.639e+12  9.882149e-01 -1.287103e-02  1.474959e-01  1.178513e-02
 3.93103e+00 -1.03448e+00       1.149e+12  9.872141e-01 -1.357481e-02  1.502973e-01  1.278592e-02
 4.34483e+00 -1.03448e+00       4.985e+11  9.799747e-01 -1.094617e-02  1.692275e-01  2.002528e-02
 4.75862e+00 -1.03448e+00       2.235e+11  9.577511e-01  1.516629e-02  2.274286e-01  4.224893e-02
 5.17241e+00 -1.03448e+00       2.176e+11  9.420737e-01  4.271278e-02  2.733838e-01  5.792627e-02
 5.58621e+00 -1.03448e+00       2.451e+11  9.210187e-01  3.778392e-02  3.065954e-01  7.898130e-02
 6.00000e+00 -1.03448e+00       2.012e+11  8.621532e-01  2.026437e-02  3.755179e-01  1.378468e-01
-6.00000e+00 -6.20690e-01       1.622e+11  9.358950e-01 -1.411707e-02 -2.400683e-01  6.410498e-02
-5.58621e+00 -6.20690e-01       1.905e+11  9.575118e-01  1.438928e-02 -2.157038e-01  4.248824e-02
-5.17241e+00 -6.20690e-01       1.655e+11  9.651753e-01  3.093611e-02 -1.927156e-01  3.482475e-02
-4.75862e+00 -6.20690e-01       1.925e+11  9.746796e-01  2.243114e-02 -1.544173e-01  2.532044e-02
-4.34483e+00 -6.20690e-01       5.074e+11  9.887252e-01  1.002923e-02 -1.214987e-01  1.127476e-02
-3.93103e+00 -6.20690e-01       1.194e+12  9.925812e-01  8.756393e-03 -1.139278e-01  7.418767e-03
-3.51724e+00 -6.20690e-01       1.722e+12  9.931209e-01  8.288518e-03 -1.133567e-01  6.879093e-03
-3.10345e+00 -6.20690e-01       2.143e+12  9.930441e-01  5.346192e-03 -1.141432e-01  6.955909e-03
-2.68966e+00 -6.20690e-01       5.022e+12  9.937064e-01 -5.261893e-04 -1.093477e-01  6.293634e-03
-2.27586e+00 -6.20690e-01       1.364e+13  9.943973e-01 -4.273334e-03 -1.037538e-01  5.602658e-03
-1.86207e+00 -6.20690e-01       2.434e+13  9.949455e-01 -6.749453e-03 -9.849873e-02  5.054475e-03
-1.44828e+00 -6.20690e-01       2.580e+13  9.955047e-01 -8.505590e-03 -9.250305e-02  4.495321e-03
-1.03448e+00 -6.20690e-01       1.635e+13  9.961455e-01 -9.561159e-03 -8.471147e-02  3.854493e-03
-6.20690e-01 -6.20690e-01       6.866e+12  9.970905e-01 -9.776688e-03 -6.940170e-02  2.909508e-03
-2.06897e-01 -6.20690e-01       3.052e+12  9.986051e-01 -8.532288e-03 -2.895031e-02  1.394886e-03
 2.06897e-01 -6.20690e-01       3.164e+12  9.987664e-01 -4.220495e-03  2.715080e-02  1.233591e-03
 6.20690e-01 -6.20690e-01       7.401e+12  9.976980e-01 -1.864561e-03  6.192860e-02  2.301998e-03
 1.03448e+00 -6.20690e-01       1.749e+13  9.970511e-01 -3.981653e-03  7.415028e-02  2.948890e-03
 1.44828e+00 -6.20690e-01       2.680e+13  9.965972e-01 -6.893197e-03  8.033000e-02  3.402776e-03
 1.86207e+00 -6.20690e-01       2.415e+13  9.961784e-01 -9.502256e-03  8.520774e-02  3.821561e-03
 2.27586e+00 -6.20690e-01       1.255e+13  9.957237e-01 -1.159157e-02  8.978765e-02  4.276337e-03
 2.68966e+00 -6.20690e-01       4.043e+12  9.950644e-01 -1.272485e-02  9.494076e-02  4.935574e-03
 3.10345e+00 -6.20690e-01       1.633e+12  9.946006e-01 -1.064911e-02  9.716394e-02  5.399371e-03
 3.51724e+00 -6.20690e-01       1.586e+12  9.950889e-01 -8.772926e-03  9.404126e-02  4.911070e-03
 3.93103e+00 -6.20690e-01       1.249e+12  9.950041e-01 -8.541344e-03  9.436867e-02  4.995936e-03
 4.34483e+00 -6.20690e-01       5.943e+11  9.931105e-01 -6.304769e-03  1.022113e-01  6.889478e-03
 4.75862e+00 -6.20690e-01       2.494e+11  9.861548e-01  8.385990e-03  1.302973e-01  1.384516e-02
 5.17241e+00 -6.20690e-01       1.969e+11  9.800440e-01  2.159544e-02  1.584431e-01  1.995596e-02
 5.58621e+00 -6.20690e-01       2.052e+11  9.747064e-01  1.402038e-02  1.769568e-01  2.529365e-02
 6.00000e+00 -6.20690e-01       1.735e+11  9.592043e-01  8.689456e-03  2.106832e-01  4.079572e-02
-6.00000e+00 -2.06897e-01       1.462e+11  9.924311e-01 -1.156155e-02 -8.209963e-02  7.568940e-03
-5.58621e+00 -2.06897e-01       1.721e+11  9.945836e-01 -5.446604e-03 -7.649466e-02  5.416428e-03
-5.17241e+00 -2.06897e-01       1.545e+11  9.948565e-01 -1.487238e-03 -7.282230e-02  5.143540e-03
-4.75862e+00 -2.06897e-01       2.050e+11  9.960089e-01  9.081631e-04 -6.030122e-02  3.991147e-03
-4.34483e+00 -2.06897e-01       5.596e+11  9.979747e-01  2.674094e-03 -5.006437e-02  2.025317e-03
-3.93103e+00 -2.06897e-01       1.252e+12  9.985183e-01  3.719892e-03 -4.809050e-02  1.481717e-03
-3.51724e+00 -2.06897e-01       1.742e+12  9.984945e-01  3.005989e-03 -4.947448e-02  1.505539e-03
-3.10345e+00 -2.06897e-01       2.359e+12  9.984676e-01 -1.267610e-03 -5.040846e-02  1.532421e-03
-2.68966e+00 -2.06897e-01       5.971e+12  9.987956e-01 -4.898446e-03 -4.583561e-02  1.204442e-03
-2.27586e+00 -2.06897e-01       1.497e+13  9.990014e-01 -5.701762e-03 -4.224719e-02  9.986419e-04
-1.86207e+00 -2.06897e-01       2.355e+13  9.991209e-01 -5.929794e-03 -3.961913e-02  8.791400e-04
-1.44828e+00 -2.06897e-01       2.169e+13  9.992282e-01 -5.928488e-03 -3.688877e-02  7.717917e-04
-1.03448e+00 -2.06897e-01       1.219e+13  9.993631e-01 -5.606450e-03 -3.283990e-02  6.368825e-04
-6.20690e-01 -2.06897e-01       5.542e+12  9.996173e-01 -4.477625e-03 -2.285240e-02  3.827077e-04
-2.06897e-01 -2.06897e-01       3.852e+12  9.998921e-01 -3.150754e-03 -7.659152e-03  1.079317e-04
 2.06897e-01 -2.06897e-01       3.944e+12  9.999299e-01 -3.258961e-03  3.321529e-03  7.007098e-05
 6.20690e-01 -2.06897e-01       5.951e+12  9.997926e-01 -4.142963e-03  1.584731e-02  2.074142e-04
 1.03448e+00 -2.06897e-01       1.317e+13  9.996665e-01 -5.060489e-03  2.288122e-02  3.334967e-04
 1.44828e+00 -2.06897e-01       2.285e+13  9.996068e-01 -5.755362e-03  2.523410e-02  3.932402e-04
 1.86207e+00 -2.06897e-01       2.373e+13  9.995648e-01 -6.239610e-03  2.653499e-02  4.352323e-04
 2.27586e+00 -2.06897e-01       1.407e+13  9.995173e-01 -6.469547e-03  2.763043e-02  4.827424e-04
 2.68966e+00 -2.06897e-01       4.963e+12  9.994269e-01 -6.296719e-03  2.875989e-02  5.731021e-04
 3.10345e+00 -2.06897e-01       1.779e+12  9.993294e-01 -5.252734e-03  2.787138e-02  6.706408e-04
 3.51724e+00 -2.06897e-01       1.561e+12  9.994606e-01 -4.176760e-03  2.508291e-02  5.393864e-04
 3.93103e+00 -2.06897e-01       1.289e+12  9.995070e-01 -3.353028e-03  2.489521e-02  4.930374e-04
 4.34483e+00 -2.06897e-01       6.443e+11  9.993235e-01 -1.594351e-03  2.660569e-02  6.765078e-04
 4.75862e+00 -2.06897e-01       2.591e+11  9.986160e-01  1.786762e-03  3.144632e-02  1.384005e-03
 5.17241e+00 -2.06897e-01       1.777e+11  9.979971e-01  2.443938e-04  3.533072e-02  2.002910e-03
 5.58621e+00 -2.06897e-01       1.834e+11  9.977250e-01 -2.085919e-03  3.825366e-02  2.274970e-03
 6.00000e+00 -2.06897e-01       1.597e+11  9.964795e-01 -2.118291e-03  4.453979e-02  3.520536e-03
-6.00000e+00  2.06897e-01       1.459e+11  9.928109e-01  4.204675e-03  5.250983e-02  7.189080e-03
-5.58621e+00  2.06897e-01       1.715e+11  9.954375e-01 -2.156884e-03  5.458569e-02  4.562495e-03
-5.17241e+00  2.06897e-01       1.537e+11  9.963958e-01 -1.639580e-02  5.277417e-02  3.604168e-03
-4.75862e+00  2.06897e-01       2.045e+11  9.979798e-01 -1.602561e-02  3.667130e-02  2.020179e-03
-4.34483e+00  2.06897e-01       5.609e+11  9.992134e-01 -4.976650e-03  2.563352e-02  7.865518e-04
-3.93103e+00  2.06897e-01       1.257e+12  9.994574e-01 -1.638982e-03  2.330494e-02  5.425655e-04
-3.51724e+00  2.06897e-01       1.751e+12  9.994955e-01 -2.349086e-03  2.059200e-02  5.045235e-04
-3.10345e+00  2.06897e-01       2.371e+12  9.995336e-01 -6.947077e-03  1.912118e-02  4.664271e-04
-2.68966e+00  2.06897e-01       5.978e+12  9.995652e-01 -8.269112e-03  2.319454e-02  4.348478e-04
-2.27586e+00  2.06897e-01       1.495e+13  9.995775e-01 -6.349859e-03  2.525008e-02  4.225239e-04
-1.86207e+00  2.06897e-01       2.351e+13  9.995959e-01 -4.389533e-03  2.550614e-02  4.041164e-04
-1.44828e+00  2.06897e-01       2.165e+13  9.996232e-01 -2.684629e-03  2.490203e-02  3.768008e-04
-1.03448e+00  2.06897e-01       1.216e+13  9.996726e-01 -1.301579e-03  2.267981e-02  3.273953e-04
-6.20690e-01  2.06897e-01       5.500e+12  9.997989e-01 -5.962177e-04  1.407571e-02  2.010994e-04
-2.06897e-01  2.06897e-01       3.788e+12  9.999361e-01 -9.252882e-04 -1.006398e-04  6.387528e-05
 2.06897e-01  2.06897e-01       3.882e+12  9.998711e-01 -2.272140e-03 -1.018571e-02  1.288644e-04
 6.20690e-01  2.06897e-01       5.916e+12  9.995725e-01 -5.773009e-03 -2.398997e-02  4.274686e-04
 1.03448e+00  2.06897e-01       1.317e+13  9.993539e-01 -6.678939e-03 -3.269609e-02  6.461097e-04
 1.44828e+00  2.06897e-01       2.288e+13  9.992588e-01 -5.266843e-03 -3.596584e-02  7.412418e-04
 1.86207e+00  2.06897e-01       2.378e+13  9.991820e-01 -3.440447e-03 -3.812926e-02  8.179774e-04
 2.27586e+00  2.06897e-01       1.410e+13  9.990961e-01 -1.550272e-03 -4.014405e-02  9.039299e-04
 2.68966e+00  2.06897e-01       4.979e+12  9.989665e-01  3.532240e-04 -4.248010e-02  1.033492e-03
 3.10345e+00  2.06897e-01       1.785e+12  9.987089e-01  8.559630e-04 -4.674176e-02  1.291072e-03
 3.51724e+00  2.06897e-01       1.563e+12  9.986518e-01  2.532384e-04 -4.856811e-02  1.348196e-03
 3.93103e+00  2.06897e-01       1.290e+12  9.986368e-01  1.469523e-03 -4.855161e-02  1.363249e-03
 4.34483e+00  2.06897e-01       6.452e+11  9.981920e-01  3.246188e-03 -5.165811e-02  1.808045e-03
 4.75862e+00  2.06897e-01       2.601e+11  9.962801e-01 -9.312338e-04 -6.620931e-02  3.719931e-03
 5.17241e+00  2.06897e-01       1.785e+11  9.937989e-01 -1.444679e-02 -8.491810e-02  6.201144e-03
 5.58621e+00  2.06897e-01       1.842e+11  9.920977e-01 -1.420380e-02 -9.330440e-02  7.902265e-03
 6.00000e+00  2.06897e-01       1.606e+11  9.880894e-01 -1.542170e-02 -1.065393e-01  1.191064e-02
-6.00000e+00  6.20690e-01       1.618e+11  9.383387e-01  1.094033e-02  2.161302e-01  6.166132e-02
-5.58621e+00  6.20690e-01       1.891e+11  9.602636e-01 -1.955934e-02  1.997966e-01  3.973643e-02
-5.17241e+00  6.20690e-01       1.632e+11  9.688486e-01 -4.712733e-02  1.772738e-01  3.115144e-02
-4.75862e+00  6.20690e-01       1.911e+11  9.801928e-01 -3.883975e-02  1.320133e-01  1.980718e-02
-4.34483e+00  6.20690e-01       5.099e+11  9.923342e-01 -1.367101e-02  9.778175e-02  7.665770e-03
-3.93103e+00  6.20690e-01       1.204e+12  9.951682e-01 -7.358749e-03  9.058861e-02  4.831832e-03
-3.51724e+00  6.20690e-01       1.742e+12  9.957758e-01 -7.365774e-03  8.687045e-02  4.224205e-03
-3.10345e+00  6.20690e-01       2.176e+12  9.959947e-01 -1.187533e-02  8.400467e-02  4.005283e-03
-2.68966e+00  6.20690e-01       5.050e+12  9.959163e-01 -1.217615e-02  8.652767e-02  4.083673e-03
-2.27586e+00  6.20690e-01       1.361e+13  9.960090e-01 -7.792588e-03  8.694170e-02  3.990995e-03
-1.86207e+00  6.20690e-01       2.423e+13  9.962598e-01 -3.726984e-03  8.463013e-02  3.740198e-03
-1.44828e+00  6.20690e-01       2.567e+13  9.965989e-01 -3.887929e-04  8.068713e-02  3.401114e-03
-1.03448e+00  6.20690e-01       1.629e+13  9.970314e-01  2.156889e-03  7.463299e-02  2.968577e-03
-6.20690e-01  6.20690e-01       6.825e+12  9.977142e-01  3.853369e-03  6.085860e-02  2.285808e-03
-2.06897e-01  6.20690e-01       2.979e+12  9.987674e-01  3.858556e-03  2.078052e-02  1.232572e-03
 2.06897e-01  6.20690e-01       3.088e+12  9.983029e-01 -3.657966e-03 -3.734487e-02  1.697073e-03
 6.20690e-01  6.20690e-01       7.375e+12  9.968975e-01 -9.619810e-03 -7.215783e-02  3.102456e-03
 1.03448e+00  6.20690e-01       1.754e+13  9.961759e-01 -7.479379e-03 -8.431660e-02  3.824083e-03
 1.44828e+00  6.20690e-01       2.691e+13  9.956566e-01 -3.501451e-03 -9.091014e-02  4.343387e-03
 1.86207e+00  6.20690e-01       2.427e+13  9.951418e-01  4.648271e-04 -9.649868e-02  4.858218e-03
 2.27586e+00  6.20690e-01       1.264e+13  9.945817e-01  4.246010e-03 -1.019029e-01  5.418343e-03
 2.68966e+00  6.20690e-01       4.086e+12  9.938045e-01  7.581146e-03 -1.084020e-01  6.195469e-03
 3.10345e+00  6.20690e-01       1.650e+12  9.927978e-01  6.637446e-03 -1.164375e-01  7.202152e-03
 3.51724e+00  6.20690e-01       1.592e+12  9.928438e-01  4.963572e-03 -1.166342e-01  7.156219e-03
 3.93103e+00  6.20690e-01       1.252e+12  9.925846e-01  6.700873e-03 -1.169278e-01  7.415400e-03
 4.34483e+00  6.20690e-01       5.975e+11  9.897770e-01  7.989482e-03 -1.267881e-01  1.022301e-02
 4.75862e+00  6.20690e-01       2.527e+11  9.792236e-01 -7.277231e-03 -1.654033e-01  2.077639e-02
 5.17241e+00  6.20690e-01       1.997e+11  9.690761e-01 -3.471876e-02 -2.025111e-01  3.092390e-02
 5.58621e+00  6.20690e-01       2.078e+11  9.598194e-01 -3.254566e-02 -2.228132e-01  4.018055e-02
 6.00000e+00  6.20690e-01       1.761e+11  9.355845e-01 -3.032848e-02 -2.651098e-01  6.441549e-02
-6.00000e+00  1.03448e+00       1.817e+11  8.126662e-01 -4.840977e-02  3.687330e-01  1.873338e-01
-5.58621e+00  1.03448e+00       2.040e+11  8.880458e-01 -8.556899e-02  2.936533e-01  1.119542e-01
-5.17241e+00  1.03448e+00       1.692e+11  9.193003e-01 -8.702836e-02  2.498925e-01  8.069973e-02
-4.75862e+00  1.03448e+00       1.698e+11  9.412529e-01 -5.681539e-02  2.167884e-01  5.874712e-02
-4.34483e+00  1.03448e+00       4.164e+11  9.766631e-01 -2.218098e-02  1.625403e-01  2.333694e-02
-3.93103e+00  1.03448e+00       1.077e+12  9.873281e-01 -1.273226e-02  1.456555e-01  1.267186e-02
-3.51724e+00  1.03448e+00       1.721e+12  9.893947e-01 -1.146100e-02  1.400432e-01  1.060525e-02
-3.10345e+00  1.03448e+00       1.955e+12  9.900725e-01 -1.553416e-02  1.350266e-01  9.927486e-03
-2.68966e+00  1.03448e+00       3.488e+12  9.902892e-01 -1.782706e-02  1.336546e-01  9.710756e-03
-2.27586e+00  1.03448e+00       1.021e+13  9.908288e-01 -1.170835e-02  1.316783e-01  9.171192e-03
-1.86207e+00  1.03448e+00       2.308e+13  9.916831e-01 -5.552822e-03  1.260158e-01  8.316861e-03
-1.44828e+00  1.03448e+00       3.279e+13  9.927477e-01 -6.726769e-04  1.173616e-01  7.252272e-03
-1.03448e+00  1.03448e+00       2.911e+13  9.940181e-01  2.568088e-03  1.053298e-01  5.981858e-03
-6.20690e-01  1.03448e+00       1.710e+13  9.954941e-01  3.041159e-03  8.679535e-02  4.505885e-03
-2.06897e-01  1.03448e+00       8.593e+12  9.969655e-01 -3.607846e-03  3.916534e-02  3.034499e-03
 2.06897e-01  1.03448e+00       8.938e+12  9.963864e-01 -1.371868e-02 -5.478364e-02  3.613612e-03
 6.20690e-01  1.03448e+00       1.826e+13  9.945582e-01 -1.035822e-02 -9.702715e-02  5.441759e-03
 1.03448e+00  1.03448e+00       3.075e+13  9.930060e-01 -4.301320e-03 -1.141174e-01  6.994008e-03
 1.44828e+00  1.03448e+00       3.362e+13  9.915550e-01  1.255899e-03 -1.265987e-01  8.444967e-03
 1.86207e+00  1.03448e+00       2.248e+13  9.901198e-01  6.277152e-03 -1.373700e-01  9.880175e-03
 2.27586e+00  1.03448e+00       9.054e+12  9.885229e-01  1.095626e-02 -1.478329e-01  1.147707e-02
 2.68966e+00  1.03448e+00       2.627e+12  9.861108e-01  1.399093e-02 -1.613960e-01  1.388924e-02
 3.10345e+00  1.03448e+00       1.544e+12  9.846174e-01  9.514451e-03 -1.702319e-01  1.538257e-02
 3.51724e+00  1.03448e+00       1.641e+12  9.851188e-01  8.623534e-03 -1.681000e-01  1.488116e-02
 3.93103e+00  1.03448e+00       1.151e+12  9.838226e-01  1.116219e-02 -1.706877e-01  1.617735e-02
 4.34483e+00  1.03448e+00       5.028e+11  9.746626e-01  1.145189e-02 -1.929660e-01  2.533741e-02
 4.75862e+00  1.03448e+00       2.294e+11  9.463340e-01 -1.474377e-02 -2.651661e-01  5.366605e-02
 5.17241e+00  1.03448e+00       2.234e+11  9.267274e-01 -4.843157e-02 -3.173400e-01  7.327258e-02
 5.58621e+00  1.03448e+00       2.500e+11  9.020625e-01 -4.625726e-02 -3.471353e-01  9.793754e-02
 6.00000e+00  1.03448e+00       2.058e+11  8.324865e-01 -2.910577e-02 -4.188089e-01  1.675135e-01
-6.00000e+00  1.44828e+00       1.673e+11  6.982716e-01 -2.437514e-02  4.167994e-01  3.017284e-01
-5.58621e+00  1.44828e+00       2.083e+11  8.405536e-01 -1.258308e-02  3.440293e-01  1.594464e-01
-5.17241e+00  1.44828e+00       1.952e+11  8.823710e-01 -2.825162e-02  3.376337e-01  1.176290e-01
-4.75862e+00  1.44828e+00       1.731e+11  8.906951e-01 -5.808337e-02  3.227342e-01  1.093049e-01
-4.34483e+00  1.44828e+00       3.077e+11  9.455182e-01 -3.727270e-02  2.256522e-01  5.448177e-02
-3.93103e+00  1.44828e+00       8.554e+11  9.775872e-01 -1.793019e-02  1.812294e-01  2.241277e-02
-3.51724e+00  1.44828e+00       1.630e+12  9.837955e-01 -1.432089e-02  1.713002e-01  1.620446e-02
-3.10345e+00  1.44828e+00       1.908e+12  9.852326e-01 -1.675695e-02  1.653848e-01  1.476737e-02
-2.68966e+00  1.44828e+00       2.159e+12  9.856785e-01 -2.312646e-02  1.602142e-01  1.432153e-02
-2.27586e+00  1.44828e+00       5.165e+12  9.871279e-01 -1.931810e-02  1.528242e-01  1.287213e-02
-1.86207e+00  1.44828e+00       1.521e+13  9.891558e-01 -1.115347e-02  1.417210e-01  1.084421e-02
-1.44828e+00  1.44828e+00       3.250e+13  9.911981e-01 -4.317012e-03  1.268788e-01  8.801904e-03
-1.03448e+00  1.44828e+00       4.726e+13  9.934859e-01  6.114706e-04  1.053562e-01  6.514139e-03
-6.20690e-01  1.44828e+00       5.075e+13  9.959305e-01  2.703100e-03  7.268529e-02  4.069455e-03
-2.06897e-01  1.44828e+00       4.800e+13  9.977344e-01  1.647102e-03  2.398304e-02  2.265554e-03
 2.06897e-01  1.44828e+00       4.862e+13  9.975104e-01  1.170037e-04 -3.368496e-02  2.489552e-03
 6.20690e-01  1.44828e+00       5.206e+13  9.953771e-01  1.444682e-03 -8.065732e-02  4.622898e-03
 1.03448e+00  1.44828e+00       4.796e+13  9.926747e-01  4.949260e-03 -1.125372e-01  7.325285e-03
 1.44828e+00  1.44828e+00       3.186e+13  9.899874e-01  9.072163e-03 -1.353405e-01  1.001263e-02
 1.86207e+00  1.44828e+00       1.390e+13  9.871941e-01  1.328878e-02 -1.541857e-01  1.280591e-02
 2.27586e+00  1.44828e+00       4.073e+12  9.833302e-01  1.734043e-02 -1.748774e-01  1.666983e-02
 2.68966e+00  1.44828e+00       1.520e+12  9.782783e-01  1.529608e-02 -1.988693e-01  2.172174e-02
 3.10345e+00  1.44828e+00       1.658e+12  9.789707e-01  1.052760e-02 -1.983467e-01  2.102931e-02
 3.51724e+00  1.44828e+00       1.635e+12  9.792391e-01  1.202122e-02 -1.966758e-01  2.076087e-02
 3.93103e+00  1.44828e+00       9.527e+11  9.744132e-01  1.499685e-02 -2.065017e-01  2.558679e-02
 4.34483e+00  1.44828e+00       3.903e+11  9.501611e-01  7.379371e-03 -2.552034e-01  4.983894e-02
 4.75862e+00  1.44828e+00       2.197e+11  9.076028e-01 -3.373621e-02 -3.438621e-01  9.239721e-02
 5.17241e+00  1.44828e+00       2.292e+11  8.925628e-01 -4.664974e-02 -3.812017e-01  1.074372e-01
 5.58621e+00  1.44828e+00       2.406e+11  8.563942e-01 -3.729273e-02 -4.104722e-01  1.436058e-01
 6.00000e+00  1.44828e+00       1.872e+11  7.306951e-01 -3.276542e-02 -4.809148e-01  2.693049e-01
-6.00000e+00  1.86207e+00       2.124e+11  5.277139e-01 -8.714567e-03  5.617624e-01  4.722861e-01
-5.58621e+00  1.86207e+00       2.658e+11  7.091766e-01 -7.771550e-02  4.776479e-01  2.908234e-01
-5.17241e+00  1.86207e+00       2.442e+11  8.054623e-01 -9.324413e-02  4.066313e-01  1.945377e-01
-4.75862e+00  1.86207e+00       1.887e+11  8.347123e-01 -8.501026e-02  3.816298e-01  1.652877e-01
-4.34483e+00  1.86207e+00       2.156e+11  8.845172e-01 -5.489965e-02  3.036739e-01  1.154828e-01
-3.93103e+00  1.86207e+00       5.550e+11  9.614386e-01 -2.461046e-02  2.016569e-01  3.856137e-02
-3.51724e+00  1.86207e+00       1.333e+12  9.810579e-01 -1.725754e-02  1.755146e-01  1.894212e-02
-3.10345e+00  1.86207e+00       1.941e+12  9.847327e-01 -1.775543e-02  1.663746e-01  1.526730e-02
-2.68966e+00  1.86207e+00       1.838e+12  9.853119e-01 -2.375380e-02  1.607282e-01  1.468805e-02
-2.27586e+00  1.86207e+00       1.977e+12  9.849184e-01 -2.960324e-02  1.564293e-01  1.508164e-02
-1.86207e+00  1.86207e+00       4.414e+12  9.884750e-01 -2.325147e-02  1.355185e-01  1.152498e-02
-1.44828e+00  1.86207e+00       1.249e+13  9.924986e-01 -1.543231e-02  1.101081e-01  7.501396e-03
-1.03448e+00  1.86207e+00       2.848e+13  9.951320e-01 -8.139458e-03  8.530392e-02  4.868016e-03
-6.20690e-01  1.86207e+00       4.763e+13  9.970576e-01 -1.763390e-03  5.506635e-02  2.942401e-03
-2.06897e-01  1.86207e+00       6.024e+13  9.981703e-01  2.918674e-03  1.795330e-02  1.829734e-03
 2.06897e-01  1.86207e+00       5.997e+13  9.980242e-01  6.026215e-03 -2.246885e-02  1.975827e-03
 6.20690e-01  1.86207e+00       4.671e+13  9.965558e-01  8.264674e-03 -6.082624e-02  3.444201e-03
 1.03448e+00  1.86207e+00       2.704e+13  9.940644e-01  1.032116e-02 -9.442679e-02  5.935589e-03
 1.44828e+00  1.86207e+00       1.105e+13  9.904571e-01  1.290373e-02 -1.255450e-01  9.542946e-03
 1.86207e+00  1.86207e+00       3.325e+12  9.841742e-01  1.677179e-02 -1.624567e-01  1.582577e-02
 2.27586e+00  1.86207e+00       1.263e+12  9.757824e-01  1.772772e-02 -2.023234e-01  2.421756e-02
 2.68966e+00  1.86207e+00       1.472e+12  9.779665e-01  1.273460e-02 -1.978664e-01  2.203351e-02
 3.10345e+00  1.86207e+00       1.864e+12  9.799076e-01  1.320448e-02 -1.920597e-01  2.009237e-02
 3.51724e+00  1.86207e+00       1.414e+12  9.776741e-01  1.649588e-02 -1.969724e-01  2.232594e-02
 3.93103e+00  1.86207e+00       6.614e+11  9.620209e-01  1.835457e-02 -2.281995e-01  3.797913e-02
 4.34483e+00  1.86207e+00       2.894e+11  9.084883e-01 -6.031652e-03 -3.287237e-01  9.151167e-02
 4.75862e+00  1.86207e+00       2.452e+11  8.638500e-01 -5.513738e-02 -4.226161e-01  1.361500e-01
 5.17241e+00  1.86207e+00       3.058e+11  8.379311e-01 -6.266553e-02 -4.607746e-01  1.620689e-01
 5.58621e+00  1.86207e+00       3.121e+11  7.591609e-01 -5.198180e-02 -5.225094e-01  2.408391e-01
 6.00000e+00  1.86207e+00       2.472e+11  6.045925e-01 -3.826436e-02 -6.322286e-01  3.954075e-01
-6.00000e+00  2.27586e+00       2.114e+11  3.658460e-01 -8.673911e-03  6.550380e-01  6.341540e-01
-5.58621e+00  2.27586e+00       2.862e+11  6.467603e-01 -2.735390e-02  5.430640e-01  3.532397e-01
-5.17241e+00  2.27586e+00       3.069e+11  7.700273e-01 -5.871506e-02  4.721235e-01  2.299727e-01
-4.75862e+00  2.27586e+00       2.476e+11  8.107980e-01 -8.500709e-02  4.355987e-01  1.892020e-01
-4.34483e+00  2.27586e+00       1.943e+11  8.135875e-01 -8.248731e-02  4.025148e-01  1.864125e-01
-3.93103e+00  2.27586e+00       2.952e+11  9.088318e-01 -4.073913e-02  2.446997e-01  9.116818e-02
-3.51724e+00  2.27586e+00       8.115e+11  9.758901e-01 -2.050382e-02  1.537125e-01  2.410995e-02
-3.10345e+00  2.27586e+00       1.666e+12  9.884406e-01 -1.898022e-02  1.313367e-01  1.155941e-02
-2.68966e+00  2.27586e+00       2.031e+12  9.908416e-01 -2.290398e-02  1.197268e-01  9.158423e-03
-2.27586e+00  2.27586e+00       1.664e+12  9.902631e-01 -3.255374e-02  1.151736e-01  9.736930e-03
-1.86207e+00  2.27586e+00       1.491e+12  9.870397e-01 -3.821755e-02  1.263053e-01  1.296029e-02
-1.44828e+00  2.27586e+00       1.941e+12  9.865308e-01 -2.404970e-02  1.260330e-01  1.346920e-02
-1.03448e+00  2.27586e+00       2.653e+12  9.900322e-01 -9.493546e-03  8.843150e-02  9.967811e-03
-6.20690e-01  2.27586e+00       3.486e+12  9.943656e-01 -8.579819e-03  2.899955e-02  5.634438e-03
-2.06897e-01  2.27586e+00       4.175e+12  9.962299e-01 -1.198580e-02 -1.993601e-02  3.770087e-03
 2.06897e-01  2.27586e+00       3.995e+12  9.952958e-01 -8.082131e-03 -5.786370e-02  4.704234e-03
 6.20690e-01  2.27586e+00       3.014e+12  9.916941e-01  4.106896e-03 -9.942745e-02  8.305915e-03
 1.03448e+00  2.27586e+00       2.002e+12  9.853458e-01  1.587711e-02 -1.461813e-01  1.465424e-02
 1.44828e+00  2.27586e+00       1.233e+12  9.776700e-01  1.726313e-02 -1.835654e-01  2.232998e-02
 1.86207e+00  2.27586e+00       8.963e+11  9.750246e-01  1.378779e-02 -1.867555e-01  2.497537e-02
 2.27586e+00  2.27586e+00       1.302e+12  9.832945e-01  1.234124e-02 -1.552225e-01  1.670555e-02
 2.68966e+00  2.27586e+00       1.918e+12  9.871410e-01  1.349297e-02 -1.448272e-01  1.285896e-02
 3.10345e+00  2.27586e+00       1.725e+12  9.861814e-01  1.690659e-02 -1.492628e-01  1.381863e-02
 3.51724e+00  2.27586e+00       9.296e+11  9.757728e-01  2.171882e-02 -1.749690e-01  2.422722e-02
 3.93103e+00  2.27586e+00       3.938e+11  9.297342e-01  1.387375e-02 -2.690436e-01  7.026581e-02
 4.34483e+00  2.27586e+00       2.582e+11  8.622741e-01 -3.733806e-02 -4.055770e-01  1.377259e-01
 4.75862e+00  2.27586e+00       3.047e+11  8.469831e-01 -6.521024e-02 -4.525151e-01  1.530169e-01
 5.17241e+00  2.27586e+00       3.548e+11  8.134170e-01 -5.620610e-02 -4.864322e-01  1.865830e-01
 5.58621e+00  2.27586e+00       3.125e+11  7.016899e-01 -5.012808e-02 -5.583207e-01  2.983101e-01
 6.00000e+00  2.27586e+00       2.345e+11  4.501558e-01 -5.003527e-02 -6.843573e-01  5.498442e-01
-6.00000e+00  2.68966e+00       2.694e+11  1.896837e-01  7.110362e-02  7.776760e-01  8.103163e-01
-5.58621e+00  2.68966e+00       3.057e+11  5.208875e-01 -1.109760e-03  6.157669e-01  4.791125e-01
-5.17241e+00  2.68966e+00       3.563e+11  7.216817e-01 -3.888053e-02  5.018873e-01  2.783183e-01
-4.75862e+00  2.68966e+00       3.235e+11  8.058207e-01 -6.634795e-02  4.436143e-01  1.941793e-01
-4.34483e+00  2.68966e+00       2.439e+11  8.092128e-01 -8.224746e-02  4.327473e-01  1.907872e-01
-3.93103e+00  2.68966e+00       1.990e+11  8.080723e-01 -6.971014e-02  3.745053e-01  1.919277e-01
-3.51724e+00  2.68966e+00       3.330e+11  9.276535e-01 -2.692322e-02  1.565568e-01  7.234649e-02
-3.10345e+00  2.68966e+00       8.977e+11  9.867343e-01 -1.507656e-02  5.938431e-02  1.326570e-02
-2.68966e+00  2.68966e+00       1.734e+12  9.955225e-01 -1.861009e-02  3.003414e-02  4.477485e-03
-2.27586e+00  2.68966e+00       1.996e+12  9.959765e-01 -2.669695e-02  1.055426e-02  4.023466e-03
-1.86207e+00  2.68966e+00       1.487e+12  9.935167e-01 -4.007661e-02  3.069516e-04  6.483272e-03
-1.44828e+00  2.68966e+00       1.003e+12  9.886254e-01 -5.348339e-02  8.888428e-03  1.137460e-02
-1.03448e+00  2.68966e+00       9.578e+11  9.869656e-01 -6.223318e-02  7.581539e-03  1.303440e-02
-6.20690e-01  2.68966e+00       1.226e+12  9.893445e-01 -7.182906e-02 -1.504950e-02  1.065548e-02
-2.06897e-01  2.68966e+00       1.462e+12  9.902103e-01 -7.519258e-02 -3.958408e-02  9.789747e-03
 2.06897e-01  2.68966e+00       1.341e+12  9.875378e-01 -7.258060e-02 -7.060803e-02  1.246225e-02
 6.20690e-01  2.68966e+00       9.298e+11  9.797916e-01 -6.136393e-02 -1.118143e-01  2.020841e-02
 1.03448e+00  2.68966e+00       5.927e+11  9.682532e-01 -2.942625e-02 -1.447869e-01  3.174679e-02
 1.44828e+00  2.68966e+00       6.564e+11  9.748205e-01  4.290233e-03 -9.437567e-02  2.517948e-02
 1.86207e+00  2.68966e+00       1.262e+12  9.902018e-01  1.081472e-02 -3.977941e-02  9.798245e-03
 2.27586e+00  2.68966e+00       1.933e+12  9.954704e-01  1.353541e-02 -3.103545e-02  4.529600e-03
 2.68966e+00  2.68966e+00       1.792e+12  9.953422e-01  1.776559e-02 -4.195921e-02  4.657808e-03
 3.10345e+00  2.68966e+00       1.014e+12  9.874741e-01  2.397741e-02 -7.616915e-02  1.252586e-02
 3.51724e+00  2.68966e+00       4.459e+11  9.481439e-01  2.319468e-02 -1.834232e-01  5.185615e-02
 3.93103e+00  2.68966e+00       2.732e+11  8.741299e-01 -1.922751e-02 -3.557489e-01  1.258701e-01
 4.34483e+00  2.68966e+00       2.991e+11  8.544611e-01 -6.186417e-02 -4.249385e-01  1.455389e-01
 4.75862e+00  2.68966e+00       3.842e+11  8.449182e-01 -6.033168e-02 -4.548129e-01  1.550818e-01
 5.17241e+00  2.68966e+00       3.939e+11  7.773590e-01 -4.748689e-02 -5.085928e-01  2.226410e-01
 5.58621e+00  2.68966e+00       3.113e+11  5.943017e-01 -3.707933e-02 -6.176254e-01  4.056983e-01
 6.00000e+00  2.68966e+00       2.434e+11  2.601347e-01 -9.533608e-03 -7.605627e-01  7.398653e-01
-6.00000e+00  3.10345e+00       3.362e+11  1.080962e-01  1.337897e-01  8.393499e-01  8.919038e-01
-5.58621e+00  3.10345e+00       3.287e+11  3.873895e-01  4.383139e-02  7.116349e-01  6.126105e-01
-5.17241e+00  3.10345e+00       3.973e+11  6.431033e-01 -2.775197e-02  5.565577e-01  3.568967e-01
-4.75862e+00  3.10345e+00       4.099e+11  7.838594e-01 -5.708386e-02  4.508236e-01  2.161406e-01
-4.34483e+00  3.10345e+00       3.365e+11  8.371330e-01 -7.173710e-02  4.025111e-01  1.628670e-01
-3.93103e+00  3.10345e+00       2.484e+11  8.161594e-01 -7.368177e-02  4.085294e-01  1.838406e-01
-3.51724e+00  3.10345e+00       1.896e+11  7.986379e-01 -5.815708e-02  3.406709e-01  2.013621e-01
-3.10345e+00  3.10345e+00       2.584e+11  9.102375e-01 -8.882624e-03  5.530785e-02  8.976248e-02
-2.68966e+00  3.10345e+00       6.603e+11  9.750466e-01 -4.877488e-05 -1.031333e-01  2.495343e-02
-2.27586e+00  3.10345e+00       1.385e+12  9.777256e-01 -1.115687e-02 -1.588222e-01  2.227442e-02
-1.86207e+00  3.10345e+00       1.799e+12  9.678562e-01 -2.693685e-02 -2.006082e-01  3.214381e-02
-1.44828e+00  3.10345e+00       1.429e+12  9.507037e-01 -4.890054e-02 -2.408477e-01  4.929631e-02
-1.03448e+00  3.10345e+00       8.328e+11  9.282373e-01 -7.784489e-02 -2.702387e-01  7.176270e-02
-6.20690e-01  3.10345e+00       5.625e+11  9.207375e-01 -1.139513e-01 -2.590890e-01  7.926249e-02
-2.06897e-01  3.10345e+00       4.923e+11  9.227156e-01 -1.440144e-01 -2.344614e-01  7.728438e-02
 2.06897e-01  3.10345e+00       4.278e+11  9.090598e-01 -1.392720e-01 -1.971826e-01  9.094024e-02
 6.20690e-01  3.10345e+00       4.475e+11  9.048390e-01 -6.574686e-02 -2.451888e-02  9.516097e-02
 1.03448e+00  3.10345e+00       7.842e+11  9.372505e-01 -5.754329e-03  1.725881e-01  6.274950e-02
 1.44828e+00  3.10345e+00       1.430e+12  9.598549e-01  6.797701e-03  2.182747e-01  4.014505e-02
 1.86207e+00  3.10345e+00       1.805e+12  9.707365e-01  1.372155e-02  2.018654e-01  2.926351e-02
 2.27586e+00  3.10345e+00       1.438e+12  9.773909e-01  2.140121e-02  1.611999e-01  2.260912e-02
 2.68966e+00  3.10345e+00       7.688e+11  9.769713e-01  3.114982e-02  8.462093e-02  2.302872e-02
 3.10345e+00  3.10345e+00       3.749e+11  9.454879e-01  3.309712e-02 -8.894587e-02  5.451209e-02
 3.51724e+00  3.10345e+00       2.703e+11  8.850199e-01 -7.888643e-03 -2.978605e-01  1.149801e-01
 3.93103e+00  3.10345e+00       2.980e+11  8.701215e-01 -5.477303e-02 -3.698952e-01  1.298785e-01
 4.34483e+00  3.10345e+00       4.036e+11  8.736302e-01 -6.231760e-02 -4.008103e-01  1.263698e-01
 4.75862e+00  3.10345e+00       4.760e+11  8.362201e-01 -5.228502e-02 -4.512066e-01  1.637799e-01
 5.17241e+00  3.10345e+00       4.187e+11  7.160038e-01 -4.434641e-02 -5.446217e-01  2.839962e-01
 5.58621e+00  3.10345e+00       3.148e+11  4.800937e-01 -2.497276e-02 -6.952621e-01  5.199063e-01
 6.00000e+00  3.10345e+00       2.759e+11  1.690084e-01  1.449444e-02 -8.146505e-01  8.309916e-01
-6.00000e+00  3.51724e+00       4.814e+11  8.425340e-02  1.147701e-01  8.942385e-01  9.157466e-01
-5.58621e+00  3.51724e+00       3.787e+11  2.764632e-01  7.150664e-02  8.221864e-01  7.235368e-01
-5.17241e+00  3.51724e+00       4.127e+11  5.347264e-01 -1.942129e-02  6.469637e-01  4.652736e-01
-4.75862e+00  3.51724e+00       4.770e+11  7.308187e-01 -5.468411e-02  4.805925e-01  2.691813e-01
-4.34483e+00  3.51724e+00       4.481e+11  8.436113e-01 -6.308467e-02  3.674397e-01  1.563887e-01
-3.93103e+00  3.51724e+00       3.578e+11  8.784920e-01 -6.649440e-02  3.297963e-01  1.215080e-01
-3.51724e+00  3.51724e+00       2.664e+11  8.415066e-01 -6.380251e-02  3.517629e-01  1.584934e-01
-3.10345e+00  3.51724e+00       1.835e+11  7.882205e-01 -5.388785e-02  3.154403e-01  2.117795e-01
-2.68966e+00  3.51724e+00       1.456e+11  8.115990e-01  1.716862e-02  4.363574e-02  1.884010e-01
-2.27586e+00  3.51724e+00       2.247e+11  8.724685e-01  6.838086e-02 -2.997790e-01  1.275315e-01
-1.86207e+00  3.51724e+00       4.801e+11  8.389034e-01  5.855447e-02 -4.667421e-01  1.610966e-01
-1.44828e+00  3.51724e+00       8.553e+11  7.542963e-01  4.606177e-02 -5.774424e-01  2.457037e-01
-1.03448e+00  3.51724e+00       1.073e+12  6.218787e-01  1.631147e-02 -6.645756e-01  3.781213e-01
-6.20690e-01  3.51724e+00       9.472e+11  4.007730e-01 -5.089790e-02 -6.756645e-01  5.992270e-01
-2.06897e-01  3.51724e+00       7.043e+11  9.221326e-02 -1.433890e-01 -3.879216e-01  9.077867e-01
 2.06897e-01  3.51724e+00       6.582e+11  2.287023e-02 -1.315164e-01  2.941953e-01  9.771298e-01
 6.20690e-01  3.51724e+00       8.330e+11  3.008126e-01 -2.386608e-02  6.787258e-01  6.991874e-01
 1.03448e+00  3.51724e+00       9.662e+11  5.544056e-01  3.569377e-02  6.939151e-01  4.455944e-01
 1.44828e+00  3.51724e+00       8.349e+11  7.215372e-01  5.104589e-02  5.868060e-01  2.784628e-01
 1.86207e+00  3.51724e+00       5.497e+11  8.389598e-01  5.597094e-02  4.279361e-01  1.610402e-01
 2.27586e+00  3.51724e+00       3.337e+11  9.093260e-01  6.582073e-02  2.190632e-01  9.067397e-02
 2.68966e+00  3.51724e+00       2.542e+11  9.161029e-01  4.899650e-02 -5.000369e-02  8.389715e-02
 3.10345e+00  3.51724e+00       2.575e+11  8.929284e-01 -6.100345e-03 -2.322458e-01  1.070716e-01
 3.51724e+00  3.51724e+00       3.001e+11  8.931616e-01 -4.889024e-02 -2.772617e-01  1.068384e-01
 3.93103e+00  3.51724e+00       4.155e+11  9.078900e-01 -5.772938e-02 -3.068718e-01  9.211001e-02
 4.34483e+00  3.51724e+00       5.371e+11  8.869064e-01 -5.072659e-02 -3.662630e-01  1.130936e-01
 4.75862e+00  3.51724e+00       5.283e+11  8.009642e-01 -4.947394e-02 -4.628325e-01  1.990358e-01
 5.17241e+00  3.51724e+00       4.187e+11  6.264372e-01 -4.987677e-02 -6.143102e-01  3.735628e-01
 5.58621e+00  3.51724e+00       3.278e+11  3.784648e-01 -2.225144e-02 -7.698606e-01  6.215352e-01
 6.00000e+00  3.51724e+00       3.526e+11  7.546129e-02  2.739982e-03 -8.551018e-01  9.245387e-01
-6.00000e+00  3.93103e+00       6.742e+11  4.486702e-02  4.077151e-02  9.103131e-01  9.551330e-01
-5.58621e+00  3.93103e+00       4.539e+11  1.945988e-01  8.179617e-02  8.687689e-01  8.054012e-01
-5.17241e+00  3.93103e+00       3.945e+11  4.057371e-01  3.552903e-02  7.444836e-01  5.942629e-01
-4.75862e+00  3.93103e+00       4.727e+11  6.478531e-01 -3.075483e-02  5.434473e-01  3.521469e-01
-4.34483e+00  3.93103e+00       5.346e+11  8.131277e-01 -5.272113e-02  3.668255e-01  1.868723e-01
-3.93103e+00  3.93103e+00       4.882e+11  9.023453e-01 -6.101718e-02  2.470897e-01  9.765470e-02
-3.51724e+00  3.93103e+00       3.920e+11  9.250867e-01 -5.901533e-02  2.091931e-01  7.491330e-02
-3.10345e+00  3.93103e+00       3.018e+11  8.866239e-01 -4.705089e-02  2.414969e-01  1.133761e-01
-2.68966e+00  3.93103e+00       2.096e+11  8.101542e-01 -5.283103e-02  2.530107e-01  1.898458e-01
-2.27586e+00  3.93103e+00       1.264e+11  7.176234e-01 -4.280666e-03  1.296140e-01  2.823766e-01
-1.86207e+00  3.93103e+00       8.583e+10  6.361255e-01  1.944795e-01 -2.115546e-01  3.638745e-01
-1.44828e+00  3.93103e+00       8.425e+10  5.281432e-01  3.141075e-01 -5.249149e-01  4.718568e-01
-1.03448e+00  3.93103e+00       8.874e+10  3.142827e-01  3.502944e-01 -6.198836e-01  6.857173e-01
-6.20690e-01  3.93103e+00       8.406e+10  5.242052e-02  4.261183e-01 -4.536007e-01  9.475795e-01
-2.06897e-01  3.93103e+00       8.533e+10 -1.758679e-02  4.770997e-01  3.487744e-02  9.824132e-01
 2.06897e-01  3.93103e+00       1.086e+11  2.078600e-01  4.088791e-01  4.934421e-01  7.921400e-01
 6.20690e-01  3.93103e+00       1.423e+11  4.336960e-01  2.937863e-01  6.645521e-01  5.663040e-01
 1.03448e+00  3.93103e+00       1.553e+11  5.640638e-01  2.027259e-01  6.612820e-01  4.359362e-01
 1.44828e+00  3.93103e+00       1.481e+11  6.811702e-01  1.627842e-01  5.038033e-01  3.188298e-01
 1.86207e+00  3.93103e+00       1.640e+11  8.237348e-01  1.266013e-01  1.976042e-01  1.762652e-01
 2.27586e+00  3.93103e+00       2.153e+11  8.948563e-01  4.236786e-02 -3.713422e-02  1.051437e-01
 2.68966e+00  3.93103e+00       2.572e+11  8.990727e-01 -2.121707e-02 -1.234053e-01  1.009273e-01
 3.10345e+00  3.93103e+00       3.029e+11  9.101755e-01 -4.656457e-02 -1.307706e-01  8.982447e-02
 3.51724e+00  3.93103e+00       4.362e+11  9.399065e-01 -5.114513e-02 -1.660369e-01  6.009353e-02
 3.93103e+00  3.93103e+00       5.878e+11  9.361380e-01 -4.673373e-02 -2.356193e-01  6.386200e-02
 4.34483e+00  3.93103e+00       5.968e+11  8.746137e-01 -4.607860e-02 -3.387582e-01  1.253863e-01
 4.75862e+00  3.93103e+00       4.947e+11  7.286484e-01 -4.849360e-02 -5.136038e-01  2.713516e-01
 5.17241e+00  3.93103e+00       4.106e+11  5.338931e-01 -2.819174e-02 -7.092745e-01  4.661069e-01
 5.58621e+00  3.93103e+00       4.217e+11  3.149342e-01  2.615866e-03 -8.320994e-01  6.850658e-01
 6.00000e+00  3.93103e+00       6.152e+11  5.917324e-02 -8.332750e-03 -9.032854e-01  9.408268e-01
-6.00000e+00  4.34483e+00       1.013e+12  9.232378e-02  1.096367e-02  9.311635e-01  9.076762e-01
-5.58621e+00  4.34483e+00       6.964e+11  2.228837e-01  6.019590e-02  8.916725e-01  7.771163e-01
-5.17241e+00  4.34483e+00       4.690e+11  3.498020e-01  8.711841e-02  8.306144e-01  6.501980e-01
-4.75862e+00  4.34483e+00       4.273e+11  5.339072e-01  2.198369e-02  6.718606e-01  4.660928e-01
-4.34483e+00  4.34483e+00       5.197e+11  7.360557e-01 -3.843037e-02  4.367911e-01  2.639443e-01
-3.93103e+00  4.34483e+00       5.811e+11  8.693876e-01 -5.463687e-02  2.298695e-01  1.306124e-01
-3.51724e+00  4.34483e+00       5.311e+11  9.380914e-01 -6.105927e-02  8.126093e-02  6.190860e-02
-3.10345e+00  4.34483e+00       4.335e+11  9.584891e-01 -5.604737e-02  1.480837e-02  4.151091e-02
-2.68966e+00  4.34483e+00       3.509e+11  9.359405e-01 -2.305427e-02  3.958199e-02  6.405954e-02
-2.27586e+00  4.34483e+00       2.746e+11  8.695311e-01 -2.482591e-02  9.885879e-02  1.304689e-01
-1.86207e+00  4.34483e+00       1.850e+11  7.503400e-01 -8.843672e-02  1.317014e-01  2.496600e-01
-1.44828e+00  4.34483e+00       1.083e+11  5.414590e-01 -3.826925e-02  1.161467e-01  4.585410e-01
-1.03448e+00  4.34483e+00       6.973e+10  2.511730e-01  3.446301e-01  6.413985e-02  7.488270e-01
-6.20690e-01  4.34483e+00       5.798e+10  6.179548e-02  7.115874e-01  8.902581e-02  9.382045e-01
-2.06897e-01  4.34483e+00       5.816e+10  7.295962e-02  7.723724e-01  2.789664e-01  9.270404e-01
 2.06897e-01  4.34483e+00       6.733e+10  2.230976e-01  6.646015e-01  4.793458e-01  7.769024e-01
 6.20690e-01  4.34483e+00       8.700e+10  4.457107e-01  4.837837e-01  5.058591e-01  5.542893e-01
 1.03448e+00  4.34483e+00       1.263e+11  6.950830e-01  2.364828e-01  3.525280e-01  3.049170e-01
 1.44828e+00  4.34483e+00       1.888e+11  8.437964e-01  3.379945e-02  1.811553e-01  1.562036e-01
 1.86207e+00  4.34483e+00       2.351e+11  8.666849e-01 -4.590418e-02  8.889300e-02  1.333151e-01
 2.27586e+00  4.34483e+00       2.434e+11  8.457055e-01 -3.939948e-02  7.908571e-02  1.542945e-01
 2.68966e+00  4.34483e+00       3.039e+11  8.892909e-01 -3.085143e-02  8.946688e-02  1.107091e-01
 3.10345e+00  4.34483e+00       4.805e+11  9.523728e-01 -4.138911e-02  2.628782e-02  4.762720e-02
 3.51724e+00  4.34483e+00       6.426e+11  9.650242e-01 -4.289138e-02 -6.294918e-02  3.497579e-02
 3.93103e+00  4.34483e+00       6.388e+11  9.232602e-01 -4.710974e-02 -1.845781e-01  7.673979e-02
 4.34483e+00  4.34483e+00       5.289e+11  8.061702e-01 -5.539215e-02 -3.867384e-01  1.938298e-01
 4.75862e+00  4.34483e+00       4.426e+11  6.465667e-01 -3.880448e-02 -6.156459e-01  3.534333e-01
 5.17241e+00  4.34483e+00       4.346e+11  4.850690e-01  7.127108e-04 -7.623339e-01  5.149310e-01
 5.58621e+00  4.34483e+00       5.904e+11  2.600320e-01 -1.558874e-03 -8.666393e-01  7.399680e-01
 6.00000e+00  4.34483e+00       9.618e+11  6.977625e-02 -1.831520e-02 -9.364772e-01  9.302238e-01
-6.00000e+00  4.75862e+00       1.386e+12  1.568842e-01 -7.374488e-03  9.435641e-01  8.431158e-01
-5.58621e+00  4.75862e+00       1.079e+12  2.751531e-01  2.133180e-02  8.963178e-01  7.248469e-01
-5.17241e+00  4.75862e+00       7.300e+11  3.936621e-01  7.363346e-02  8.391014e-01  6.063379e-01
-4.75862e+00  4.75862e+00       4.815e+11  4.900251e-01  9.432867e-02  7.691154e-01  5.099749e-01
-4.34483e+00  4.75862e+00       4.306e+11  6.291365e-01  2.131754e-02  5.993795e-01  3.708635e-01
-3.93103e+00  4.75862e+00       5.211e+11  7.875156e-01 -4.209616e-02  3.289868e-01  2.124844e-01
-3.51724e+00  4.75862e+00       5.958e+11  8.874495e-01 -5.732258e-02  7.291741e-02  1.125505e-01
-3.10345e+00  4.75862e+00       5.651e+11  9.256747e-01 -6.085119e-02 -1.268687e-01  7.432531e-02
-2.68966e+00  4.75862e+00       4.720e+11  9.248088e-01 -6.800900e-02 -2.602649e-01  7.519118e-02
-2.27586e+00  4.75862e+00       3.817e+11  9.091139e-01 -3.812675e-02 -3.075672e-01  9.088613e-02
-1.86207e+00  4.75862e+00       3.192e+11  8.830717e-01  5.175581e-02 -2.843385e-01  1.169283e-01
-1.44828e+00  4.75862e+00       2.909e+11  8.551882e-01  9.818529e-02 -2.107515e-01  1.448118e-01
-1.03448e+00  4.75862e+00       2.640e+11  8.155598e-01  1.466231e-03 -6.618560e-02  1.844402e-01
-6.20690e-01  4.75862e+00       2.219e+11  7.171081e-01 -1.851954e-01  1.569920e-01  2.828919e-01
-2.06897e-01  4.75862e+00       1.971e+11  6.119080e-01 -3.217786e-01  3.509619e-01  3.880920e-01
 2.06897e-01  4.75862e+00       1.984e+11  6.142552e-01 -3.284091e-01  3.528340e-01  3.857448e-01
 6.20690e-01  4.75862e+00       1.990e+11  6.412206e-01 -2.397437e-01  1.980257e-01  3.587794e-01
 1.03448e+00  4.75862e+00       1.828e+11  5.793512e-01 -5.872306e-02  6.290174e-02  4.206488e-01
 1.44828e+00  4.75862e+00       1.700e+11  5.068639e-01  1.144027e-01  1.484912e-01  4.931361e-01
 1.86207e+00  4.75862e+00       2.127e+11  6.311527e-01  7.534046e-02  3.614004e-01  3.688473e-01
 2.27586e+00  4.75862e+00       3.623e+11  8.206571e-01 -1.683528e-02  3.725553e-01  1.793429e-01
 2.68966e+00  4.75862e+00       5.669e+11  9.172482e-01 -3.946799e-02  2.745360e-01  8.275180e-02
 3.10345e+00  4.75862e+00       6.723e+11  9.505054e-01 -4.328183e-02  1.580470e-01  4.949459e-02
 3.51724e+00  4.75862e+00       6.187e+11  9.310101e-01 -5.467582e-02 -4.067242e-03  6.898987e-02
 3.93103e+00  4.75862e+00       5.094e+11  8.447830e-01 -6.797821e-02 -2.583406e-01  1.552170e-01
 4.34483e+00  4.75862e+00       4.437e+11  7.297981e-01 -4.610769e-02 -5.168816e-01  2.702019e-01
 4.75862e+00  4.75862e+00       4.422e+11  6.232408e-01  2.516807e-03 -6.664195e-01  3.767592e-01
 5.17241e+00  4.75862e+00       5.765e+11  4.444822e-01  4.215854e-03 -7.907101e-01  5.555178e-01
 5.58621e+00  4.75862e+00       9.536e+11  2.530904e-01 -1.718730e-02 -9.006061e-01  7.469096e-01
 6.00000e+00  4.75862e+00       1.413e+12  1.334615e-01 -1.560601e-02 -9.545353e-01  8.665385e-01
-6.00000e+00  5.17241e+00       1.641e+12  2.324266e-01 -1.435705e-02  9.425518e-01  7.675734e-01
-5.58621e+00  5.17241e+00       1.473e+12  3.357021e-01 -4.908371e-03  8.917230e-01  6.642979e-01
-5.17241e+00  5.17241e+00       1.158e+12  4.579355e-01  3.046316e-02  8.190416e-01  5.420645e-01
-4.75862e+00  5.17241e+00       7.948e+11  5.615702e-01  8.240085e-02  7.468298e-01  4.384298e-01
-4.34483e+00  5.17241e+00       4.991e+11  6.213560e-01  1.083312e-01  6.816738e-01  3.786440e-01
-3.93103e+00  5.17241e+00       3.994e+11  7.010760e-01  4.066154e-02  5.421899e-01  2.989240e-01
-3.51724e+00  5.17241e+00       4.581e+11  8.021889e-01 -3.914638e-02  2.632196e-01  1.978111e-01
-3.10345e+00  5.17241e+00       5.425e+11  8.530971e-01 -6.656080e-02 -6.168984e-02  1.469029e-01
-2.68966e+00  5.17241e+00       5.558e+11  8.378216e-01 -6.261594e-02 -3.332861e-01  1.621784e-01
-2.27586e+00  5.17241e+00       4.899e+11  7.580535e-01 -6.678754e-02 -5.436766e-01  2.419465e-01
-1.86207e+00  5.17241e+00       4.040e+11  6.366310e-01 -9.162301e-02 -6.986223e-01  3.633690e-01
-1.44828e+00  5.17241e+00       3.226e+11  4.940735e-01 -7.096584e-02 -7.983332e-01  5.059265e-01
-1.03448e+00  5.17241e+00       2.694e+11  3.363668e-01  1.637049e-02 -8.659311e-01  6.636332e-01
-6.20690e-01  5.17241e+00       2.413e+11  1.950186e-01  6.308552e-02 -8.857297e-01  8.049814e-01
-2.06897e-01  5.17241e+00       2.064e+11  1.241361e-02  4.842732e-02 -8.177627e-01  9.875864e-01
 2.06897e-01  5.17241e+00       1.749e+11 -2.492106e-01  5.312408e-02 -5.485244e-01  7.507894e-01
 6.20690e-01  5.17241e+00       1.731e+11 -3.413816e-01  9.610270e-02 -2.778046e-03  6.586184e-01
 1.03448e+00  5.17241e+00       2.235e+11 -1.420714e-02  6.362635e-02  5.364124e-01  9.857929e-01
 1.44828e+00  5.17241e+00       3.444e+11  3.859257e-01 -1.786088e-02  7.325766e-01  6.140743e-01
 1.86207e+00  5.17241e+00       4.954e+11  6.241063e-01 -4.918370e-02  6.874420e-01  3.758937e-01
 2.27586e+00  5.17241e+00       5.920e+11  7.697954e-01 -4.889730e-02  5.587688e-01  2.302046e-01
 2.68966e+00  5.17241e+00       5.862e+11  8.551929e-01 -5.686169e-02  3.964464e-01  1.448071e-01
 3.10345e+00  5.17241e+00       5.053e+11  8.773726e-01 -8.080338e-02  1.606293e-01  1.226274e-01
 3.51724e+00  5.17241e+00       4.337e+11  8.423176e-01 -9.033697e-02 -1.656291e-01  1.576824e-01
 3.93103e+00  5.17241e+00       4.145e+11  7.919268e-01 -4.370299e-02 -4.195512e-01  2.080732e-01
 4.34483e+00  5.17241e+00       4.386e+11  7.389171e-01  1.347784e-02 -5.406765e-01  2.610829e-01
 4.75862e+00  5.17241e+00       5.672e+11  6.016004e-01  8.188554e-03 -6.779285e-01  3.983996e-01
 5.17241e+00  5.17241e+00       9.547e+11  4.225780e-01 -1.754231e-02 -8.327909e-01  5.774220e-01
 5.58621e+00  5.17241e+00       1.514e+12  3.081446e-01 -1.958335e-02 -9.152167e-01  6.918554e-01
 6.00000e+00  5.17241e+00       1.843e+12  2.281964e-01 -1.090003e-02 -9.531779e-01  7.718036e-01
-6.00000e+00  5.58621e+00       1.813e+12  3.231991e-01 -9.140036e-03  9.293383e-01  6.768009e-01
-5.58621e+00  5.58621e+00       1.786e+12  4.051496e-01 -1.178695e-02  8.845479e-01  5.948504e-01
-5.17241e+00  5.58621e+00       1.585e+12  5.054537e-01 -3.396510e-03  8.122190e-01  4.945463e-01
-4.75862e+00  5.58621e+00       1.266e+12  6.146550e-01  2.724652e-02  7.132238e-01  3.853450e-01
-4.34483e+00  5.58621e+00       8.918e+11  7.083157e-01  8.187647e-02  6.106405e-01  2.916843e-01
-3.93103e+00  5.58621e+00       5.453e+11  7.524251e-01  1.293056e-01  5.381337e-01  2.475749e-01
-3.51724e+00  5.58621e+00       3.615e+11  7.772037e-01  9.211039e-02  4.639531e-01  2.227963e-01
-3.10345e+00  5.58621e+00       3.510e+11  8.238553e-01 -7.164658e-03  2.833766e-01  1.761447e-01
-2.68966e+00  5.58621e+00       3.957e+11  8.053773e-01 -7.447912e-02 -3.245894e-02  1.946227e-01
-2.27586e+00  5.58621e+00       4.363e+11  6.830849e-01 -1.024474e-01 -4.158154e-01  3.169151e-01
-1.86207e+00  5.58621e+00       4.443e+11  4.953043e-01 -8.473687e-02 -6.999011e-01  5.046957e-01
-1.44828e+00  5.58621e+00       3.818e+11  2.522784e-01 -4.377865e-02 -8.351672e-01  7.477216e-01
-1.03448e+00  5.58621e+00       2.850e+11 -9.509375e-02 -2.612573e-02 -8.374181e-01  9.049063e-01
-6.20690e-01  5.58621e+00       2.228e+11 -4.961779e-01 -5.767964e-02 -6.443878e-01  5.038221e-01
-2.06897e-01  5.58621e+00       2.072e+11 -7.376223e-01 -9.046694e-02 -2.362086e-01  2.623777e-01
 2.06897e-01  5.58621e+00       2.230e+11 -6.780356e-01 -8.346190e-02  2.711795e-01  3.219644e-01
 6.20690e-01  5.58621e+00       2.709e+11 -3.505293e-01 -5.437993e-02  6.849505e-01  6.494707e-01
 1.03448e+00  5.58621e+00       3.462e+11  2.969394e-02 -3.870527e-02  8.651991e-01  9.703061e-01
 1.44828e+00  5.58621e+00       4.123e+11  3.158237e-01 -4.936089e-02  8.680289e-01  6.841763e-01
 1.86207e+00  5.58621e+00       4.248e+11  5.080398e-01 -8.064476e-02  7.709596e-01  4.919602e-01
 2.27586e+00  5.58621e+00       3.797e+11  6.527170e-01 -1.233996e-01  5.510812e-01  3.472830e-01
 2.68966e+00  5.58621e+00       3.372e+11  7.701175e-01 -1.500927e-01  1.822922e-01  2.298825e-01
 3.10345e+00  5.58621e+00       3.412e+11  8.298773e-01 -1.019664e-01 -1.457571e-01  1.701227e-01
 3.51724e+00  5.58621e+00       3.778e+11  8.493621e-01 -7.938663e-03 -2.914820e-01  1.506379e-01
 3.93103e+00  5.58621e+00       4.274e+11  8.324045e-01  3.548476e-02 -3.669224e-01  1.675955e-01
 4.34483e+00  5.58621e+00       5.788e+11  7.265198e-01  5.030880e-03 -5.375637e-01  2.734802e-01
 4.75862e+00  5.58621e+00       9.892e+11  5.837726e-01 -2.127447e-02 -7.293103e-01  4.162274e-01
 5.17241e+00  5.58621e+00       1.564e+12  4.794517e-01 -1.560742e-02 -8.370434e-01  5.205483e-01
 5.58621e+00  5.58621e+00       1.937e+12  3.990541e-01 -2.972474e-04 -8.946925e-01  6.009459e-01
 6.00000e+00  5.58621e+00       1.906e+12  3.251320e-01  8.906763e-03 -9.305044e-01  6.748680e-01
-6.00000e+00  6.00000e+00       1.821e+12  4.371998e-01 -4.131921e-03  8.887168e-01  5.628002e-01
-5.58621e+00  6.00000e+00       1.948e+12  4.888016e-01 -8.520264e-03  8.572478e-01  5.111984e-01
-5.17241e+00  6.00000e+00       1.847e+12  5.651207e-01 -1.110651e-02  7.951468e-01  4.348793e-01
-4.75862e+00  6.00000e+00       1.643e+12  6.576669e-01 -4.357632e-03  6.968382e-01  3.423331e-01
-4.34483e+00  6.00000e+00       1.370e+12  7.514357e-01  2.042336e-02  5.669948e-01  2.485643e-01
-3.93103e+00  6.00000e+00       1.042e+12  8.319314e-01  6.908764e-02  4.253406e-01  1.680686e-01
-3.51724e+00  6.00000e+00       6.771e+11  8.689478e-01  1.326764e-01  3.194371e-01  1.310522e-01
-3.10345e+00  6.00000e+00       3.823e+11  8.520091e-01  1.649515e-01  2.704475e-01  1.479909e-01
-2.68966e+00  6.00000e+00       2.666e+11  8.523697e-01  9.348339e-02  2.024957e-01  1.476303e-01
-2.27586e+00  6.00000e+00       2.687e+11  8.841198e-01  1.667381e-04  7.381565e-02  1.158802e-01
-1.86207e+00  6.00000e+00       2.671e+11  8.269268e-01 -9.724478e-02 -1.052592e-01  1.730732e-01
-1.44828e+00  6.00000e+00       2.410e+11  6.421764e-01 -1.955126e-01 -3.585170e-01  3.578236e-01
-1.03448e+00  6.00000e+00       2.046e+11  3.112645e-01 -2.055066e-01 -5.363232e-01  6.887355e-01
-6.20690e-01  6.00000e+00       1.695e+11 -1.979723e-01 -1.611741e-01 -4.608320e-01  8.020277e-01
-2.06897e-01  6.00000e+00       1.541e+11 -6.371992e-01 -1.545219e-01 -1.252096e-01  3.628008e-01
 2.06897e-01  6.00000e+00       1.464e+11 -7.308083e-01 -1.714288e-01  2.257322e-01  2.691917e-01
 6.20690e-01  6.00000e+00       1.354e+11 -5.185956e-01 -2.198216e-01  4.432603e-01  4.814044e-01
 1.03448e+00  6.00000e+00       1.402e+11 -6.863351e-02 -3.341905e-01  4.830212e-01  9.313665e-01
 1.44828e+00  6.00000e+00       1.691e+11  3.522825e-01 -3.779391e-01  3.791852e-01  6.477175e-01
 1.86207e+00  6.00000e+00       2.006e+11  6.029325e-01 -2.942172e-01  1.935414e-01  3.970675e-01
 2.27586e+00  6.00000e+00       2.387e+11  7.514309e-01 -1.368128e-01  1.776018e-02  2.485691e-01
 2.68966e+00  6.00000e+00       3.025e+11  8.451590e-01  7.300745e-03 -4.147575e-02  1.548410e-01
 3.10345e+00  6.00000e+00       3.582e+11  8.873343e-01  6.613666e-02 -4.630758e-02  1.126657e-01
 3.51724e+00  6.00000e+00       4.143e+11  8.805313e-01  4.120537e-02 -1.360699e-01  1.194687e-01
 3.93103e+00  6.00000e+00       6.117e+11  8.116433e-01 -1.212644e-02 -3.836200e-01  1.883567e-01
 4.34483e+00  6.00000e+00       1.073e+12  7.179123e-01 -2.450653e-02 -6.041142e-01  2.820877e-01
 4.75862e+00  6.00000e+00       1.664e+12  6.381264e-01 -1.071480e-02 -7.282900e-01  3.618736e-01
 5.17241e+00  6.00000e+00       2.061e+12  5.678287e-01  5.435098e-03 -8.021271e-01  4.321713e-01
 5.58621e+00  6.00000e+00       2.069e+12  4.990679e-01  1.163243e-02 -8.530314e-01  5.009321e-01
 6.00000e+00  6.00000e+00       1.804e+12  4.314483e-01  7.924296e-03 -8.898422e-01  5.685517e-01
