 EB(GeV)    EMITTANCEx EMITTANCEy SIZEx(m)   SIZEy(m)   DIVx(rad)  DIVy(rad)
 1.500e+00  5.941e-09  5.941e-11  1.840e-04  1.299e-05  3.228e-05  4.574e-06
 betax      alphax     betay      alphay     eta        deta       E_spread  
 5.700e+00  0.000e+00  2.840e+00  0.000e+00  0.000e+00  0.000e+00  1.000e-03
 Ibeam(A) 
  2.000e-01


           x            y       F.Density            PL            PC          PL45        1-|PL|
          mm           mm  ph/s/mm^2/0.1%             -             -             -             -
-6.00000e+00 -6.00000e+00       1.367e+12  5.811926e-01  1.408162e-02 -7.851817e-01  4.188074e-01
-5.58621e+00 -6.00000e+00       1.932e+12  6.412655e-01  8.384186e-03 -7.431735e-01  3.587345e-01
-5.17241e+00 -6.00000e+00       2.476e+12  6.814168e-01  3.722092e-03 -7.111409e-01  3.185832e-01
-4.75862e+00 -6.00000e+00       2.504e+12  7.171332e-01 -1.854707e-03 -6.693782e-01  2.828668e-01
-4.34483e+00 -6.00000e+00       2.103e+12  7.681230e-01 -1.157010e-02 -5.859175e-01  2.318770e-01
-3.93103e+00 -6.00000e+00       1.690e+12  8.330861e-01 -2.036939e-02 -4.369870e-01  1.669139e-01
-3.51724e+00 -6.00000e+00       1.409e+12  8.899693e-01 -2.331063e-02 -2.410687e-01  1.100307e-01
-3.10345e+00 -6.00000e+00       1.135e+12  9.188757e-01 -3.313981e-02 -5.355674e-02  8.112427e-02
-2.68966e+00 -6.00000e+00       7.785e+11  9.113300e-01 -6.337814e-02  8.256782e-02  8.867003e-02
-2.27586e+00 -6.00000e+00       4.520e+11  8.617120e-01 -1.158814e-01  1.349956e-01  1.382880e-01
-1.86207e+00 -6.00000e+00       2.706e+11  7.600925e-01 -1.966615e-01  7.943050e-02  2.399075e-01
-1.44828e+00 -6.00000e+00       2.064e+11  6.539351e-01 -2.139314e-01  4.628532e-02  3.460649e-01
-1.03448e+00 -6.00000e+00       1.968e+11  5.729441e-01 -1.155340e-02  1.500527e-01  4.270559e-01
-6.20690e-01 -6.00000e+00       2.020e+11  4.166957e-01  2.603564e-01  3.089039e-01  5.833043e-01
-2.06897e-01 -6.00000e+00       2.026e+11  2.238336e-01  4.186344e-01  3.901734e-01  7.761664e-01
 2.06897e-01 -6.00000e+00       1.969e+11  1.609905e-01  4.418211e-01  3.158863e-01  8.390095e-01
 6.20690e-01 -6.00000e+00       1.993e+11  3.073923e-01  2.702630e-01  1.281332e-01  6.926077e-01
 1.03448e+00 -6.00000e+00       2.285e+11  5.160609e-01 -4.387368e-02 -8.914480e-02  4.839391e-01
 1.44828e+00 -6.00000e+00       2.759e+11  6.349411e-01 -1.813567e-01 -2.531147e-01  3.650589e-01
 1.86207e+00 -6.00000e+00       3.118e+11  6.987408e-01 -9.514751e-02 -3.279459e-01  3.012592e-01
 2.27586e+00 -6.00000e+00       3.533e+11  7.689283e-01  2.299787e-02 -3.209325e-01  2.310717e-01
 2.68966e+00 -6.00000e+00       4.463e+11  8.478304e-01  6.435639e-02 -2.058855e-01  1.521696e-01
 3.10345e+00 -6.00000e+00       6.670e+11  8.894187e-01  5.095476e-02  3.447853e-02  1.105813e-01
 3.51724e+00 -6.00000e+00       1.133e+12  8.760262e-01  1.924618e-02  2.861366e-01  1.239738e-01
 3.93103e+00 -6.00000e+00       1.786e+12  8.354666e-01 -1.340884e-03  4.592206e-01  1.645334e-01
 4.34483e+00 -6.00000e+00       2.301e+12  7.823728e-01 -8.151875e-03  5.758080e-01  2.176272e-01
 4.75862e+00 -6.00000e+00       2.474e+12  7.176813e-01 -6.914051e-03  6.673948e-01  2.823187e-01
 5.17241e+00 -6.00000e+00       2.367e+12  6.544444e-01 -4.759125e-03  7.349480e-01  3.455556e-01
 5.58621e+00 -6.00000e+00       2.073e+12  6.043273e-01 -7.624537e-03  7.765119e-01  3.956727e-01
 6.00000e+00 -6.00000e+00       1.616e+12  5.676537e-01 -1.421793e-02  8.013968e-01  4.323463e-01
-6.00000e+00 -5.58621e+00       1.770e+12  4.863894e-01  8.719847e-03 -8.553621e-01  5.136106e-01
-5.58621e+00 -5.58621e+00       2.305e+12  5.282592e-01  3.768436e-03 -8.327358e-01  4.717408e-01
-5.17241e+00 -5.58621e+00       2.377e+12  5.730950e-01 -1.863413e-03 -7.957055e-01  4.269050e-01
-4.75862e+00 -5.58621e+00       2.060e+12  6.417131e-01 -8.612707e-03 -7.198078e-01  3.582869e-01
-4.34483e+00 -5.58621e+00       1.687e+12  7.330894e-01 -1.426295e-02 -5.911573e-01  2.669106e-01
-3.93103e+00 -5.58621e+00       1.352e+12  8.222208e-01 -2.608195e-02 -4.370947e-01  1.777792e-01
-3.51724e+00 -5.58621e+00       9.643e+11  8.771673e-01 -5.721772e-02 -3.102878e-01  1.228327e-01
-3.10345e+00 -5.58621e+00       5.782e+11  8.814719e-01 -1.030223e-01 -2.332455e-01  1.185281e-01
-2.68966e+00 -5.58621e+00       3.655e+11  8.522616e-01 -1.097761e-01 -1.665200e-01  1.477384e-01
-2.27586e+00 -5.58621e+00       3.214e+11  8.441894e-01 -4.870356e-02 -5.176415e-02  1.558106e-01
-1.86207e+00 -5.58621e+00       2.999e+11  8.020913e-01  1.463197e-02  6.956842e-02  1.979087e-01
-1.44828e+00 -5.58621e+00       2.427e+11  6.715980e-01  9.184109e-02  2.453328e-01  3.284020e-01
-1.03448e+00 -5.58621e+00       1.858e+11  4.875475e-01  1.203000e-01  4.372803e-01  5.124525e-01
-6.20690e-01 -5.58621e+00       1.395e+11  2.476398e-01  1.590712e-02  4.399849e-01  7.523602e-01
-2.06897e-01 -5.58621e+00       1.082e+11 -6.124497e-02 -1.435703e-01  1.840272e-01  9.387550e-01
 2.06897e-01 -5.58621e+00       9.969e+10 -1.816752e-01 -1.668804e-01 -1.518346e-01  8.183248e-01
 6.20690e-01 -5.58621e+00       1.196e+11  3.194988e-02  1.114389e-02 -3.802161e-01  9.680501e-01
 1.03448e+00 -5.58621e+00       1.785e+11  3.482642e-01  1.624551e-01 -4.610241e-01  6.517358e-01
 1.44828e+00 -5.58621e+00       2.505e+11  5.708570e-01  1.813709e-01 -3.900735e-01  4.291430e-01
 1.86207e+00 -5.58621e+00       2.913e+11  6.999264e-01  1.366280e-01 -2.215121e-01  3.000736e-01
 2.27586e+00 -5.58621e+00       3.252e+11  7.851565e-01  4.698069e-02 -6.036951e-02  2.148435e-01
 2.68966e+00 -5.58621e+00       3.838e+11  8.530614e-01 -1.500513e-02  1.169782e-02  1.469386e-01
 3.10345e+00 -5.58621e+00       4.587e+11  8.902780e-01  7.997006e-04  6.724355e-02  1.097220e-01
 3.51724e+00 -5.58621e+00       6.082e+11  8.739795e-01  2.922789e-02  2.222565e-01  1.260205e-01
 3.93103e+00 -5.58621e+00       9.888e+11  8.013335e-01  2.440020e-02  4.511291e-01  1.986665e-01
 4.34483e+00 -5.58621e+00       1.634e+12  7.201539e-01  8.610374e-03  6.202308e-01  2.798461e-01
 4.75862e+00 -5.58621e+00       2.218e+12  6.470261e-01 -1.100116e-03  7.233721e-01  3.529739e-01
 5.17241e+00 -5.58621e+00       2.404e+12  5.730177e-01 -4.200138e-03  7.959833e-01  4.269823e-01
 5.58621e+00 -5.58621e+00       2.231e+12  5.033542e-01 -4.722386e-03  8.478626e-01  4.966458e-01
 6.00000e+00 -5.58621e+00       1.860e+12  4.495978e-01 -8.950062e-03  8.782572e-01  5.504022e-01
-6.00000e+00 -5.17241e+00       2.055e+12  3.735215e-01  4.937738e-03 -9.121688e-01  6.264785e-01
-5.58621e+00 -5.17241e+00       2.218e+12  4.220141e-01 -4.307211e-04 -8.846877e-01  5.779859e-01
-5.17241e+00 -5.17241e+00       1.984e+12  4.974209e-01 -5.557132e-03 -8.262007e-01  5.025791e-01
-4.75862e+00 -5.17241e+00       1.616e+12  6.018286e-01 -1.238179e-02 -7.265163e-01  3.981714e-01
-4.34483e+00 -5.17241e+00       1.231e+12  7.075756e-01 -3.268002e-02 -6.094756e-01  2.924244e-01
-3.93103e+00 -5.17241e+00       8.214e+11  7.741976e-01 -7.157215e-02 -5.153899e-01  2.258024e-01
-3.51724e+00 -5.17241e+00       5.093e+11  7.970396e-01 -9.476678e-02 -4.410069e-01  2.029604e-01
-3.10345e+00 -5.17241e+00       3.940e+11  8.181348e-01 -4.989893e-02 -3.287528e-01  1.818652e-01
-2.68966e+00 -5.17241e+00       3.742e+11  8.177065e-01  1.447454e-02 -1.184210e-01  1.822935e-01
-2.27586e+00 -5.17241e+00       3.787e+11  7.125237e-01  7.318812e-02  2.565651e-01  2.874763e-01
-1.86207e+00 -5.17241e+00       4.264e+11  4.958753e-01  1.108285e-01  6.367433e-01  5.041247e-01
-1.44828e+00 -5.17241e+00       4.677e+11  2.254025e-01  1.061895e-01  8.163111e-01  7.745975e-01
-1.03448e+00 -5.17241e+00       4.449e+11 -1.161358e-01  7.929141e-02  8.132619e-01  8.838642e-01
-6.20690e-01 -5.17241e+00       3.913e+11 -4.880889e-01  5.584426e-02  6.107036e-01  5.119111e-01
-2.06897e-01 -5.17241e+00       3.625e+11 -7.142319e-01  4.300354e-02  1.696416e-01  2.857681e-01
 2.06897e-01 -5.17241e+00       3.832e+11 -6.471615e-01  4.552665e-02 -3.653045e-01  3.528385e-01
 6.20690e-01 -5.17241e+00       4.326e+11 -3.757651e-01  6.299662e-02 -7.325852e-01  6.242349e-01
 1.03448e+00 -5.17241e+00       4.613e+11 -5.884135e-02  8.140356e-02 -8.796049e-01  9.411586e-01
 1.44828e+00 -5.17241e+00       4.534e+11  2.443933e-01  8.401371e-02 -8.610944e-01  7.556067e-01
 1.86207e+00 -5.17241e+00       4.265e+11  5.128154e-01  6.834218e-02 -6.887131e-01  4.871846e-01
 2.27586e+00 -5.17241e+00       4.098e+11  7.282875e-01  6.686864e-02 -3.678646e-01  2.717125e-01
 2.68966e+00 -5.17241e+00       4.165e+11  8.384535e-01  7.564607e-02 -3.966049e-02  1.615465e-01
 3.10345e+00 -5.17241e+00       4.329e+11  8.598291e-01  4.599947e-02  1.757135e-01  1.401709e-01
 3.51724e+00 -5.17241e+00       4.740e+11  8.559363e-01  8.521488e-03  2.926238e-01  1.440637e-01
 3.93103e+00 -5.17241e+00       5.910e+11  8.113213e-01  1.065322e-02  4.143818e-01  1.886787e-01
 4.34483e+00 -5.17241e+00       9.199e+11  6.976326e-01  1.803850e-02  6.007782e-01  3.023674e-01
 4.75862e+00 -5.17241e+00       1.528e+12  5.838325e-01  1.128991e-02  7.486244e-01  4.161675e-01
 5.17241e+00 -5.17241e+00       2.098e+12  4.964237e-01  3.031654e-03  8.333890e-01  5.035763e-01
 5.58621e+00 -5.17241e+00       2.247e+12  4.181151e-01 -1.749045e-03  8.871811e-01  5.818849e-01
 6.00000e+00 -5.17241e+00       2.003e+12  3.476919e-01 -4.521749e-03  9.224930e-01  6.523081e-01
-6.00000e+00 -4.75862e+00       1.797e+12  2.584569e-01 -4.756938e-03 -9.442929e-01  7.415431e-01
-5.58621e+00 -4.75862e+00       1.797e+12  3.420191e-01 -7.328427e-03 -9.015581e-01  6.579809e-01
-5.17241e+00 -4.75862e+00       1.520e+12  4.553772e-01 -1.427401e-02 -8.282816e-01  5.446228e-01
-4.75862e+00 -4.75862e+00       1.140e+12  5.689572e-01 -3.366516e-02 -7.429428e-01  4.310428e-01
-4.34483e+00 -4.75862e+00       7.467e+11  6.457410e-01 -7.017119e-02 -6.661736e-01  3.542590e-01
-3.93103e+00 -4.75862e+00       4.956e+11  6.987024e-01 -7.659433e-02 -5.755096e-01  3.012976e-01
-3.51724e+00 -4.75862e+00       4.424e+11  7.676391e-01 -1.538128e-02 -3.825363e-01  2.323609e-01
-3.10345e+00 -4.75862e+00       5.042e+11  8.272097e-01  4.299008e-02 -4.043991e-02  1.727903e-01
-2.68966e+00 -4.75862e+00       6.031e+11  8.298507e-01  6.651010e-02  2.947739e-01  1.701493e-01
-2.27586e+00 -4.75862e+00       6.241e+11  7.667211e-01  7.392622e-02  5.171379e-01  2.332789e-01
-1.86207e+00 -4.75862e+00       5.342e+11  6.358567e-01  1.019200e-01  6.800957e-01  3.641433e-01
-1.44828e+00 -4.75862e+00       4.066e+11  4.532119e-01  1.430978e-01  8.013279e-01  5.467881e-01
-1.03448e+00 -4.75862e+00       2.743e+11  2.372878e-01  1.458611e-01  8.604167e-01  7.627122e-01
-6.20690e-01 -4.75862e+00       1.770e+11 -6.525573e-02  9.910645e-02  8.199831e-01  9.347443e-01
-2.06897e-01 -4.75862e+00       1.383e+11 -3.839909e-01  5.134642e-02  5.884153e-01  6.160091e-01
 2.06897e-01 -4.75862e+00       1.379e+11 -4.287436e-01  1.904701e-02  8.904809e-02  5.712564e-01
 6.20690e-01 -4.75862e+00       1.882e+11 -7.711927e-02  1.470284e-02 -5.274989e-01  9.228807e-01
 1.03448e+00 -4.75862e+00       3.211e+11  2.818993e-01  4.686239e-02 -7.957417e-01  7.181007e-01
 1.44828e+00 -4.75862e+00       5.020e+11  5.000492e-01  6.267766e-02 -7.879666e-01  4.999508e-01
 1.86207e+00 -4.75862e+00       6.505e+11  6.616243e-01  5.557184e-02 -6.863757e-01  3.383757e-01
 2.27586e+00 -4.75862e+00       6.934e+11  7.776899e-01  4.545444e-02 -5.507494e-01  2.223101e-01
 2.68966e+00 -4.75862e+00       6.276e+11  8.491473e-01  4.114281e-02 -3.450011e-01  1.508527e-01
 3.10345e+00 -4.75862e+00       5.465e+11  8.723583e-01  4.695508e-02 -3.235096e-02  1.276417e-01
 3.51724e+00 -4.75862e+00       5.021e+11  8.441038e-01  4.723968e-02  2.651888e-01  1.558962e-01
 3.93103e+00 -4.75862e+00       4.987e+11  7.942494e-01  2.144971e-02  4.457084e-01  2.057506e-01
 4.34483e+00 -4.75862e+00       5.885e+11  7.131678e-01  7.501035e-03  5.737821e-01  2.868322e-01
 4.75862e+00 -4.75862e+00       8.823e+11  5.665601e-01  1.234738e-02  7.257387e-01  4.334399e-01
 5.17241e+00 -4.75862e+00       1.426e+12  4.263824e-01  7.633626e-03  8.477442e-01  5.736176e-01
 5.58621e+00 -4.75862e+00       1.928e+12  3.327225e-01  1.397174e-04  9.137743e-01  6.672775e-01
 6.00000e+00 -4.75862e+00       1.988e+12  2.624425e-01 -6.493569e-04  9.480254e-01  7.375575e-01
-6.00000e+00 -4.34483e+00       1.713e+12  1.852027e-01 -2.869673e-04 -9.501270e-01  8.147973e-01
-5.58621e+00 -4.34483e+00       1.428e+12  2.855386e-01 -7.343263e-03 -9.019447e-01  7.144614e-01
-5.17241e+00 -4.34483e+00       1.051e+12  4.102612e-01 -3.056218e-02 -8.334003e-01  5.897388e-01
-4.75862e+00 -4.34483e+00       7.026e+11  5.145625e-01 -6.869251e-02 -7.642641e-01  4.854375e-01
-4.34483e+00 -4.34483e+00       4.966e+11  6.013608e-01 -6.689227e-02 -6.642952e-01  3.986392e-01
-3.93103e+00 -4.34483e+00       4.895e+11  7.319751e-01 -2.256132e-03 -4.307726e-01  2.680249e-01
-3.51724e+00 -4.34483e+00       6.030e+11  8.574642e-01  4.461497e-02 -1.224602e-01  1.425358e-01
-3.10345e+00 -4.34483e+00       6.844e+11  9.136113e-01  6.373844e-02  1.153369e-01  8.638870e-02
-2.68966e+00 -4.34483e+00       6.247e+11  9.116961e-01  8.664771e-02  2.782045e-01  8.830393e-02
-2.27586e+00 -4.34483e+00       4.842e+11  8.809622e-01  1.161085e-01  3.938079e-01  1.190378e-01
-1.86207e+00 -4.34483e+00       3.629e+11  8.424294e-01  9.702375e-02  4.544849e-01  1.575706e-01
-1.44828e+00 -4.34483e+00       3.068e+11  8.021674e-01 -2.036879e-02  4.661635e-01  1.978326e-01
-1.03448e+00 -4.34483e+00       3.171e+11  7.804227e-01 -1.232651e-01  4.629760e-01  2.195773e-01
-6.20690e-01 -4.34483e+00       3.340e+11  7.805703e-01 -1.075591e-01  4.541602e-01  2.194297e-01
-2.06897e-01 -4.34483e+00       3.089e+11  7.587160e-01 -4.371307e-02  4.450652e-01  2.412840e-01
 2.06897e-01 -4.34483e+00       2.590e+11  6.529108e-01 -2.833084e-02  4.454091e-01  3.470892e-01
 6.20690e-01 -4.34483e+00       2.097e+11  4.617470e-01 -1.074458e-01  3.816354e-01  5.382530e-01
 1.03448e+00 -4.34483e+00       1.791e+11  3.513353e-01 -1.664846e-01  9.544597e-02  6.486647e-01
 1.44828e+00 -4.34483e+00       2.052e+11  5.138228e-01 -4.534675e-02 -3.204373e-01  4.861772e-01
 1.86207e+00 -4.34483e+00       3.392e+11  7.526406e-01  5.352901e-02 -4.457695e-01  2.473594e-01
 2.27586e+00 -4.34483e+00       5.733e+11  8.792197e-01  5.503653e-02 -3.754062e-01  1.207803e-01
 2.68966e+00 -4.34483e+00       7.650e+11  9.318330e-01  4.212436e-02 -2.796295e-01  6.816696e-02
 3.10345e+00 -4.34483e+00       7.706e+11  9.424578e-01  3.400322e-02 -1.517806e-01  5.754219e-02
 3.51724e+00 -4.34483e+00       6.521e+11  9.044585e-01  3.436032e-02  7.050109e-02  9.554154e-02
 3.93103e+00 -4.34483e+00       5.486e+11  8.171154e-01  3.803570e-02  3.529785e-01  1.828846e-01
 4.34483e+00 -4.34483e+00       5.058e+11  7.180507e-01  2.252917e-02  5.589675e-01  2.819493e-01
 4.75862e+00 -4.34483e+00       5.802e+11  5.885434e-01  6.397031e-03  6.964065e-01  4.114566e-01
 5.17241e+00 -4.34483e+00       8.943e+11  4.101317e-01  9.993302e-03  8.271075e-01  5.898683e-01
 5.58621e+00 -4.34483e+00       1.416e+12  2.715325e-01  1.045521e-02  9.127285e-01  7.284675e-01
 6.00000e+00 -4.34483e+00       1.775e+12  1.795590e-01  5.280497e-03  9.547187e-01  8.204410e-01
-6.00000e+00 -3.93103e+00       1.325e+12  1.192669e-01 -1.294190e-02 -9.357977e-01  8.807331e-01
-5.58621e+00 -3.93103e+00       9.836e+11  2.713724e-01 -5.092079e-02 -8.760374e-01  7.286276e-01
-5.17241e+00 -3.93103e+00       7.028e+11  4.113471e-01 -8.342103e-02 -8.235024e-01  5.886529e-01
-4.75862e+00 -3.93103e+00       5.113e+11  5.086878e-01 -6.331976e-02 -7.452615e-01  4.913122e-01
-4.34483e+00 -3.93103e+00       4.969e+11  6.689431e-01  1.917916e-03 -5.249623e-01  3.310569e-01
-3.93103e+00 -3.93103e+00       6.116e+11  8.377614e-01  4.284472e-02 -2.564353e-01  1.622386e-01
-3.51724e+00 -3.93103e+00       6.691e+11  9.274214e-01  6.466353e-02 -6.612774e-02  7.257865e-02
-3.10345e+00 -3.93103e+00       5.852e+11  9.596537e-01  8.772233e-02  5.176606e-02  4.034634e-02
-2.68966e+00 -3.93103e+00       4.649e+11  9.626519e-01  8.541310e-02  9.218453e-02  3.734813e-02
-2.27586e+00 -3.93103e+00       3.896e+11  9.398703e-01  3.060091e-02  4.260307e-02  6.012968e-02
-1.86207e+00 -3.93103e+00       3.156e+11  8.748337e-01 -9.014861e-03 -4.896051e-02  1.251663e-01
-1.44828e+00 -3.93103e+00       2.054e+11  7.398552e-01 -1.784125e-02 -1.437794e-01  2.601448e-01
-1.03448e+00 -3.93103e+00       1.189e+11  5.277863e-01 -1.502899e-01 -2.443829e-01  4.722137e-01
-6.20690e-01 -3.93103e+00       9.630e+10  4.003087e-01 -5.182178e-01 -3.192234e-01  5.996913e-01
-2.06897e-01 -3.93103e+00       1.101e+11  4.369464e-01 -7.054688e-01 -3.426831e-01  5.630536e-01
 2.06897e-01 -3.93103e+00       1.305e+11  5.605554e-01 -6.262078e-01 -3.520011e-01  4.394446e-01
 6.20690e-01 -3.93103e+00       1.612e+11  7.352777e-01 -3.871893e-01 -3.200635e-01  2.647223e-01
 1.03448e+00 -3.93103e+00       2.151e+11  8.497874e-01 -1.651504e-01 -2.338940e-01  1.502126e-01
 1.44828e+00 -3.93103e+00       2.574e+11  8.585676e-01 -5.682193e-02 -1.449857e-01  1.414324e-01
 1.86207e+00 -3.93103e+00       2.546e+11  8.169362e-01 -4.023953e-03 -1.118249e-01  1.830638e-01
 2.27586e+00 -3.93103e+00       2.913e+11  8.456980e-01  4.285178e-02 -1.451653e-01  1.543020e-01
 2.68966e+00 -3.93103e+00       4.694e+11  9.351115e-01  5.802015e-02 -1.189634e-01  6.488855e-02
 3.10345e+00 -3.93103e+00       7.034e+11  9.722328e-01  4.627694e-02 -4.889335e-02  2.776716e-02
 3.51724e+00 -3.93103e+00       7.803e+11  9.619996e-01  3.383183e-02  4.454596e-02  3.800035e-02
 3.93103e+00 -3.93103e+00       6.768e+11  8.944307e-01  3.018829e-02  2.157178e-01  1.055693e-01
 4.34483e+00 -3.93103e+00       5.510e+11  7.679349e-01  3.433256e-02  4.591754e-01  2.320651e-01
 4.75862e+00 -3.93103e+00       4.741e+11  6.296945e-01  2.438204e-02  6.469038e-01  3.703055e-01
 5.17241e+00 -3.93103e+00       5.089e+11  4.419569e-01  4.764524e-03  7.748687e-01  5.580431e-01
 5.58621e+00 -3.93103e+00       7.948e+11  2.227536e-01  2.015611e-03  8.864925e-01  7.772464e-01
 6.00000e+00 -3.93103e+00       1.254e+12  8.642783e-02 -1.782481e-03  9.480384e-01  9.135722e-01
-6.00000e+00 -3.51724e+00       9.485e+11  8.675096e-02 -1.379895e-02 -9.203869e-01  9.132490e-01
-5.58621e+00 -3.51724e+00       6.621e+11  2.280812e-01 -4.810894e-02 -8.758194e-01  7.719188e-01
-5.17241e+00 -3.51724e+00       4.685e+11  3.719374e-01 -6.899638e-02 -8.011830e-01  6.280626e-01
-4.75862e+00 -3.51724e+00       4.516e+11  5.775443e-01 -1.785632e-02 -6.156481e-01  4.224557e-01
-4.34483e+00 -3.51724e+00       5.619e+11  7.819189e-01  3.527216e-02 -3.831968e-01  2.180811e-01
-3.93103e+00 -3.51724e+00       6.221e+11  8.994306e-01  6.185009e-02 -2.160958e-01  1.005694e-01
-3.51724e+00 -3.51724e+00       5.489e+11  9.498027e-01  8.191139e-02 -1.240482e-01  5.019726e-02
-3.10345e+00 -3.51724e+00       4.371e+11  9.512106e-01  7.524907e-02 -1.176724e-01  4.878938e-02
-2.68966e+00 -3.51724e+00       3.387e+11  9.061706e-01  3.447621e-02 -1.658996e-01  9.382943e-02
-2.27586e+00 -3.51724e+00       2.262e+11  8.178007e-01 -2.153811e-02 -1.656563e-01  1.821993e-01
-1.86207e+00 -3.51724e+00       1.305e+11  6.901106e-01 -1.778560e-01 -5.812583e-03  3.098894e-01
-1.44828e+00 -3.51724e+00       8.559e+10  5.685334e-01 -4.472155e-01  2.766592e-01  4.314666e-01
-1.03448e+00 -3.51724e+00       7.241e+10  4.199960e-01 -6.028493e-01  4.312829e-01  5.800040e-01
-6.20690e-01 -3.51724e+00       6.936e+10  1.773261e-01 -6.531192e-01  3.760602e-01  8.226739e-01
-2.06897e-01 -3.51724e+00       6.808e+10 -4.795041e-02 -6.599887e-01  8.031948e-02  9.520496e-01
 2.06897e-01 -3.51724e+00       7.057e+10 -6.076612e-02 -6.206872e-01 -3.088923e-01  9.392339e-01
 6.20690e-01 -3.51724e+00       7.924e+10  1.808489e-01 -5.559003e-01 -4.856990e-01  8.191511e-01
 1.03448e+00 -3.51724e+00       1.018e+11  5.398990e-01 -4.635140e-01 -3.948051e-01  4.601010e-01
 1.44828e+00 -3.51724e+00       1.538e+11  7.964401e-01 -3.273432e-01 -2.032918e-01  2.035599e-01
 1.86207e+00 -3.51724e+00       2.259e+11  8.912350e-01 -1.826217e-01 -4.469201e-02  1.087650e-01
 2.27586e+00 -3.51724e+00       2.730e+11  9.024542e-01 -6.458281e-02  4.122310e-02  9.754577e-02
 2.68966e+00 -3.51724e+00       3.052e+11  9.061599e-01  2.510863e-02  5.212277e-02  9.384010e-02
 3.10345e+00 -3.51724e+00       4.331e+11  9.456955e-01  6.024665e-02  6.655008e-02  5.430447e-02
 3.51724e+00 -3.51724e+00       6.414e+11  9.650899e-01  4.969640e-02  1.194965e-01  3.491014e-02
 3.93103e+00 -3.51724e+00       7.233e+11  9.398759e-01  3.490708e-02  1.992982e-01  6.012409e-02
 4.34483e+00 -3.51724e+00       6.238e+11  8.492173e-01  2.878926e-02  3.494525e-01  1.507827e-01
 4.75862e+00 -3.51724e+00       4.955e+11  6.898779e-01  2.629628e-02  5.655541e-01  3.101221e-01
 5.17241e+00 -3.51724e+00       4.520e+11  5.002334e-01  1.087877e-02  7.423988e-01  4.997666e-01
 5.58621e+00 -3.51724e+00       5.826e+11  2.676301e-01  4.452978e-03  8.569448e-01  7.323699e-01
 6.00000e+00 -3.51724e+00       9.170e+11  7.468156e-02  1.047686e-02  9.269653e-01  9.253184e-01
-6.00000e+00 -3.10345e+00       6.496e+11  8.439538e-02 -3.919852e-02 -8.932268e-01  9.156046e-01
-5.58621e+00 -3.10345e+00       4.546e+11  2.458183e-01 -7.383872e-02 -8.439727e-01  7.541817e-01
-5.17241e+00 -3.10345e+00       3.954e+11  4.565325e-01 -4.334443e-02 -7.075899e-01  5.434675e-01
-4.75862e+00 -3.10345e+00       4.791e+11  6.966390e-01  2.123980e-02 -4.940290e-01  3.033610e-01
-4.34483e+00 -3.10345e+00       5.592e+11  8.482066e-01  5.502677e-02 -3.309515e-01  1.517934e-01
-3.93103e+00 -3.10345e+00       5.153e+11  9.177702e-01  7.603702e-02 -2.423205e-01  8.222982e-02
-3.51724e+00 -3.10345e+00       4.081e+11  9.244599e-01  7.691133e-02 -2.337241e-01  7.554010e-02
-3.10345e+00 -3.10345e+00       3.015e+11  8.816672e-01  4.382094e-02 -2.610534e-01  1.183328e-01
-2.68966e+00 -3.10345e+00       1.969e+11  8.251303e-01 -2.378024e-02 -1.990019e-01  1.748697e-01
-2.27586e+00 -3.10345e+00       1.293e+11  8.030492e-01 -1.554502e-01  5.068704e-02  1.969508e-01
-1.86207e+00 -3.10345e+00       1.195e+11  7.951304e-01 -2.207340e-01  3.413757e-01  2.048696e-01
-1.44828e+00 -3.10345e+00       1.577e+11  6.696500e-01 -1.678964e-01  5.374068e-01  3.303500e-01
-1.03448e+00 -3.10345e+00       2.324e+11  4.104638e-01 -1.620537e-01  6.358386e-01  5.895362e-01
-6.20690e-01 -3.10345e+00       3.038e+11  8.231246e-02 -2.167118e-01  5.238240e-01  9.176875e-01
-2.06897e-01 -3.10345e+00       3.451e+11 -1.619435e-01 -2.598786e-01  9.923916e-02  8.380565e-01
 2.06897e-01 -3.10345e+00       3.715e+11 -1.017217e-01 -2.232012e-01 -4.242618e-01  8.982783e-01
 6.20690e-01 -3.10345e+00       3.655e+11  1.845216e-01 -1.358163e-01 -6.778591e-01  8.154784e-01
 1.03448e+00 -3.10345e+00       3.094e+11  4.979218e-01 -7.631241e-02 -6.415517e-01  5.020782e-01
 1.44828e+00 -3.10345e+00       2.462e+11  7.442780e-01 -9.176267e-02 -4.665606e-01  2.557220e-01
 1.86207e+00 -3.10345e+00       2.145e+11  8.719000e-01 -1.479068e-01 -2.620203e-01  1.281000e-01
 2.27586e+00 -3.10345e+00       2.272e+11  9.122800e-01 -1.449072e-01 -2.947331e-02  8.771996e-02
 2.68966e+00 -3.10345e+00       2.633e+11  9.128495e-01 -6.872757e-02  1.288831e-01  8.715048e-02
 3.10345e+00 -3.10345e+00       3.065e+11  9.149652e-01  2.058207e-02  1.740818e-01  8.503478e-02
 3.51724e+00 -3.10345e+00       4.264e+11  9.387093e-01  5.962464e-02  1.920190e-01  6.129075e-02
 3.93103e+00 -3.10345e+00       5.990e+11  9.422336e-01  4.897949e-02  2.366241e-01  5.776643e-02
 4.34483e+00 -3.10345e+00       6.404e+11  8.982658e-01  3.385936e-02  3.151756e-01  1.017342e-01
 4.75862e+00 -3.10345e+00       5.291e+11  7.788880e-01  2.758350e-02  4.644593e-01  2.211120e-01
 5.17241e+00 -3.10345e+00       4.145e+11  5.856813e-01  1.967177e-02  6.606962e-01  4.143187e-01
 5.58621e+00 -3.10345e+00       4.096e+11  3.393212e-01  3.065702e-03  8.084309e-01  6.606788e-01
 6.00000e+00 -3.10345e+00       5.887e+11  8.263850e-02  6.614866e-03  8.923153e-01  9.173615e-01
-6.00000e+00 -2.68966e+00       3.826e+11  2.965083e-02  1.773761e-02 -8.389979e-01  9.703492e-01
-5.58621e+00 -2.68966e+00       2.998e+11  2.833283e-01 -1.475023e-02 -7.401517e-01  7.166717e-01
-5.17241e+00 -2.68966e+00       3.670e+11  5.782178e-01  1.591995e-02 -5.702883e-01  4.217822e-01
-4.75862e+00 -2.68966e+00       4.726e+11  7.774930e-01  4.468039e-02 -4.131721e-01  2.225070e-01
-4.34483e+00 -2.68966e+00       4.788e+11  8.800194e-01  6.340307e-02 -3.162812e-01  1.199806e-01
-3.93103e+00 -2.68966e+00       3.912e+11  9.059895e-01  7.495081e-02 -2.930261e-01  9.401047e-02
-3.51724e+00 -2.68966e+00       2.874e+11  8.753471e-01  5.664792e-02 -3.103798e-01  1.246529e-01
-3.10345e+00 -2.68966e+00       2.004e+11  8.462541e-01 -9.665118e-04 -2.384583e-01  1.537459e-01
-2.68966e+00 -2.68966e+00       1.961e+11  8.953280e-01 -7.056033e-02  4.129442e-02  1.046720e-01
-2.27586e+00 -2.68966e+00       4.062e+11  9.315995e-01 -5.112502e-02  2.620890e-01  6.840048e-02
-1.86207e+00 -2.68966e+00       8.904e+11  9.118207e-01 -2.396092e-02  3.602975e-01  8.817932e-02
-1.44828e+00 -2.68966e+00       1.326e+12  8.746046e-01 -2.768969e-03  4.346719e-01  1.253954e-01
-1.03448e+00 -2.68966e+00       1.250e+12  8.199037e-01  3.606721e-02  4.985732e-01  1.800963e-01
-6.20690e-01 -2.68966e+00       7.968e+11  7.355986e-01  1.192705e-01  5.098742e-01  2.644014e-01
-2.06897e-01 -2.68966e+00       4.576e+11  6.324130e-01  2.406446e-01  2.586114e-01  3.675870e-01
 2.06897e-01 -2.68966e+00       4.833e+11  6.667301e-01  1.823677e-01 -3.065447e-01  3.332699e-01
 6.20690e-01 -2.68966e+00       9.149e+11  7.889058e-01  3.241114e-02 -4.818635e-01  2.110942e-01
 1.03448e+00 -2.68966e+00       1.517e+12  8.621966e-01 -3.014362e-02 -4.476978e-01  1.378034e-01
 1.44828e+00 -2.68966e+00       1.676e+12  9.032779e-01 -4.657207e-02 -3.887096e-01  9.672213e-02
 1.86207e+00 -2.68966e+00       1.178e+12  9.297961e-01 -4.808896e-02 -3.241430e-01  7.020387e-02
 2.27586e+00 -2.68966e+00       5.901e+11  9.480533e-01 -5.694176e-02 -2.232004e-01  5.194669e-02
 2.68966e+00 -2.68966e+00       3.181e+11  9.454935e-01 -7.723522e-02 -1.785479e-02  5.450651e-02
 3.10345e+00 -2.68966e+00       2.700e+11  9.192357e-01 -4.036271e-02  1.824306e-01  8.076429e-02
 3.51724e+00 -2.68966e+00       3.082e+11  9.147068e-01  3.350264e-02  2.469166e-01  8.529319e-02
 3.93103e+00 -2.68966e+00       4.302e+11  9.288823e-01  5.787499e-02  2.695396e-01  7.111769e-02
 4.34483e+00 -2.68966e+00       5.552e+11  9.142232e-01  4.307009e-02  3.152242e-01  8.577681e-02
 4.75862e+00 -2.68966e+00       5.448e+11  8.392527e-01  2.946565e-02  4.127832e-01  1.607473e-01
 5.17241e+00 -2.68966e+00       4.471e+11  6.885726e-01  2.626652e-02  5.797339e-01  3.114274e-01
 5.58621e+00 -2.68966e+00       3.856e+11  4.845047e-01  1.906209e-02  7.416281e-01  5.154953e-01
 6.00000e+00 -2.68966e+00       4.413e+11  1.997917e-01  5.554378e-03  8.416559e-01  8.002083e-01
-6.00000e+00 -2.27586e+00       2.568e+11  1.997873e-01 -1.281399e-01 -7.274391e-01  8.002127e-01
-5.58621e+00 -2.27586e+00       2.766e+11  4.636923e-01 -6.433890e-02 -6.322046e-01  5.363077e-01
-5.17241e+00 -2.27586e+00       3.710e+11  6.940948e-01  1.711267e-02 -4.827775e-01  3.059052e-01
-4.75862e+00 -2.27586e+00       4.281e+11  8.367092e-01  4.854097e-02 -3.663722e-01  1.632908e-01
-4.34483e+00 -2.27586e+00       3.823e+11  8.944834e-01  6.518007e-02 -3.181026e-01  1.055166e-01
-3.93103e+00 -2.27586e+00       2.891e+11  8.852229e-01  6.537955e-02 -3.253499e-01  1.147771e-01
-3.51724e+00 -2.27586e+00       2.155e+11  8.669088e-01  2.726495e-02 -2.783531e-01  1.330912e-01
-3.10345e+00 -2.27586e+00       2.776e+11  9.370368e-01 -1.831486e-02 -5.398115e-02  6.296323e-02
-2.68966e+00 -2.27586e+00       7.144e+11  9.848288e-01 -6.053121e-03  7.134139e-02  1.517122e-02
-2.27586e+00 -2.27586e+00       1.511e+12  9.891221e-01  8.844713e-03  1.103399e-01  1.087791e-02
-1.86207e+00 -2.27586e+00       1.908e+12  9.860223e-01  2.034903e-02  1.361243e-01  1.397765e-02
-1.44828e+00 -2.27586e+00       1.391e+12  9.793413e-01  3.583583e-02  1.581226e-01  2.065866e-02
-1.03448e+00 -2.27586e+00       6.415e+11  9.630815e-01  6.658375e-02  1.776982e-01  3.691853e-02
-6.20690e-01 -2.27586e+00       2.853e+11  9.326291e-01  1.255573e-01  1.780922e-01  6.737085e-02
-2.06897e-01 -2.27586e+00       2.069e+11  9.186148e-01  1.565357e-01  1.325295e-01  8.138518e-02
 2.06897e-01 -2.27586e+00       1.932e+11  9.159263e-01  1.307160e-01  4.977460e-02  8.407372e-02
 6.20690e-01 -2.27586e+00       2.686e+11  9.378585e-01  4.640825e-02 -8.080874e-02  6.214153e-02
 1.03448e+00 -2.27586e+00       6.678e+11  9.723687e-01 -7.327219e-03 -1.342909e-01  2.763134e-02
 1.44828e+00 -2.27586e+00       1.518e+12  9.852576e-01 -2.073657e-02 -1.308021e-01  1.474237e-02
 1.86207e+00 -2.27586e+00       2.175e+12  9.895573e-01 -2.675259e-02 -1.173303e-01  1.044269e-02
 2.27586e+00 -2.27586e+00       1.824e+12  9.913167e-01 -3.073473e-02 -9.806726e-02  8.683320e-03
 2.68966e+00 -2.27586e+00       9.452e+11  9.888846e-01 -3.708105e-02 -5.925284e-02  1.111541e-02
 3.10345e+00 -2.27586e+00       4.126e+11  9.664721e-01 -4.561598e-02  5.721869e-02  3.352792e-02
 3.51724e+00 -2.27586e+00       2.780e+11  9.244397e-01 -8.977683e-03  2.246305e-01  7.556032e-02
 3.93103e+00 -2.27586e+00       3.179e+11  9.192253e-01  4.744630e-02  2.826368e-01  8.077475e-02
 4.34483e+00 -2.27586e+00       4.337e+11  9.217317e-01  5.108470e-02  3.090278e-01  7.826833e-02
 4.75862e+00 -2.27586e+00       4.912e+11  8.836583e-01  3.413671e-02  3.666694e-01  1.163417e-01
 5.17241e+00 -2.27586e+00       4.240e+11  7.765429e-01  2.089503e-02  4.877804e-01  2.234571e-01
 5.58621e+00 -2.27586e+00       3.261e+11  6.106505e-01  9.400606e-03  6.474533e-01  3.893495e-01
 6.00000e+00 -2.27586e+00       2.911e+11  3.807820e-01  1.166677e-03  7.562220e-01  6.192180e-01
-6.00000e+00 -1.86207e+00       2.718e+11  3.308596e-01 -1.143975e-01 -7.798499e-01  6.691404e-01
-5.58621e+00 -1.86207e+00       2.772e+11  5.918092e-01 -4.767210e-02 -5.835182e-01  4.081908e-01
-5.17241e+00 -1.86207e+00       3.490e+11  8.002657e-01  1.126613e-02 -4.039575e-01  1.997343e-01
-4.75862e+00 -1.86207e+00       3.707e+11  8.894356e-01  4.099017e-02 -3.258992e-01  1.105644e-01
-4.34483e+00 -1.86207e+00       3.053e+11  9.043620e-01  6.141511e-02 -3.134898e-01  9.563803e-02
-3.93103e+00 -1.86207e+00       2.282e+11  8.878573e-01  4.904930e-02 -3.024028e-01  1.121427e-01
-3.51724e+00 -1.86207e+00       2.716e+11  9.343305e-01  5.668318e-03 -1.544837e-01  6.566948e-02
-3.10345e+00 -1.86207e+00       7.041e+11  9.877085e-01  3.472523e-03 -4.248815e-02  1.229148e-02
-2.68966e+00 -1.86207e+00       1.582e+12  9.972882e-01  1.223314e-02 -1.518372e-02  2.711801e-03
-2.27586e+00 -1.86207e+00       2.083e+12  9.983043e-01  1.836972e-02 -1.263201e-03  1.695696e-03
-1.86207e+00 -1.86207e+00       1.567e+12  9.973473e-01  2.622074e-02  9.223611e-03  2.652679e-03
-1.44828e+00 -1.86207e+00       7.806e+11  9.926720e-01  4.078265e-02  1.428877e-02  7.327992e-03
-1.03448e+00 -1.86207e+00       4.302e+11  9.805404e-01  7.019014e-02  1.752107e-02  1.945958e-02
-6.20690e-01 -1.86207e+00       4.277e+11  9.735040e-01  1.110562e-01  3.357519e-02  2.649595e-02
-2.06897e-01 -1.86207e+00       5.026e+11  9.743024e-01  1.310548e-01  4.378449e-02  2.569762e-02
 2.06897e-01 -1.86207e+00       4.657e+11  9.729697e-01  1.271866e-01  4.759761e-02  2.703034e-02
 6.20690e-01 -1.86207e+00       3.363e+11  9.674862e-01  9.175736e-02  5.069217e-02  3.251383e-02
 1.03448e+00 -1.86207e+00       3.116e+11  9.716754e-01  1.775296e-02  3.962053e-02  2.832459e-02
 1.44828e+00 -1.86207e+00       6.763e+11  9.899119e-01 -1.363374e-02  1.139493e-02  1.008811e-02
 1.86207e+00 -1.86207e+00       1.568e+12  9.967771e-01 -1.780546e-02  4.625191e-03  3.222917e-03
 2.27586e+00 -1.86207e+00       2.255e+12  9.982740e-01 -2.074490e-02  7.822838e-03  1.726003e-03
 2.68966e+00 -1.86207e+00       1.838e+12  9.977922e-01 -2.375249e-02  1.651581e-02  2.207755e-03
 3.10345e+00 -1.86207e+00       9.055e+11  9.921643e-01 -2.837812e-02  4.336493e-02  7.835670e-03
 3.51724e+00 -1.86207e+00       3.818e+11  9.650882e-01 -2.469243e-02  1.374353e-01  3.491183e-02
 3.93103e+00 -1.86207e+00       2.743e+11  9.312624e-01  2.286479e-02  2.546504e-01  6.873762e-02
 4.34483e+00 -1.86207e+00       3.397e+11  9.317416e-01  5.031108e-02  2.874452e-01  6.825837e-02
 4.75862e+00 -1.86207e+00       4.138e+11  9.217559e-01  3.794839e-02  3.129361e-01  7.824406e-02
 5.17241e+00 -1.86207e+00       3.715e+11  8.597726e-01  2.091640e-02  3.784317e-01  1.402274e-01
 5.58621e+00 -1.86207e+00       2.606e+11  6.862938e-01 -1.426942e-03  5.302131e-01  3.137062e-01
 6.00000e+00 -1.86207e+00       2.045e+11  3.574032e-01 -2.797962e-02  7.235887e-01  6.425968e-01
-6.00000e+00 -1.44828e+00       1.506e+11  5.331232e-01  4.863129e-04 -5.425135e-01  4.668768e-01
-5.58621e+00 -1.44828e+00       2.461e+11  7.706486e-01  1.945295e-02 -4.289980e-01  2.293514e-01
-5.17241e+00 -1.44828e+00       3.383e+11  8.703034e-01  4.651343e-02 -3.441884e-01  1.296966e-01
-4.75862e+00 -1.44828e+00       3.227e+11  9.116653e-01  6.496271e-02 -2.938774e-01  8.833470e-02
-4.34483e+00 -1.44828e+00       2.425e+11  9.161534e-01  6.135126e-02 -2.798517e-01  8.384655e-02
-3.93103e+00 -1.44828e+00       2.223e+11  9.280033e-01  2.634539e-02 -2.196067e-01  7.199670e-02
-3.51724e+00 -1.44828e+00       4.850e+11  9.788056e-01  6.834045e-03 -1.043484e-01  2.119440e-02
-3.10345e+00 -1.44828e+00       1.266e+12  9.946466e-01  1.091691e-02 -7.177167e-02  5.353385e-03
-2.68966e+00 -1.44828e+00       2.049e+12  9.971177e-01  1.464446e-02 -6.191502e-02  2.882286e-03
-2.27586e+00 -1.44828e+00       1.880e+12  9.973295e-01  1.887265e-02 -5.593835e-02  2.670499e-03
-1.86207e+00 -1.44828e+00       1.178e+12  9.959490e-01  2.870343e-02 -5.358595e-02  4.051035e-03
-1.44828e+00 -1.44828e+00       1.006e+12  9.942839e-01  3.567448e-02 -5.566426e-02  5.716148e-03
-1.03448e+00 -1.44828e+00       1.371e+12  9.953472e-01  2.003746e-02 -5.242545e-02  4.652819e-03
-6.20690e-01 -1.44828e+00       1.630e+12  9.964835e-01 -2.830444e-03 -3.705510e-02  3.516477e-03
-2.06897e-01 -1.44828e+00       1.564e+12  9.966461e-01 -2.244384e-02 -2.697326e-03  3.353873e-03
 2.06897e-01 -1.44828e+00       1.439e+12  9.954963e-01 -2.641214e-02  4.613190e-02  4.503728e-03
 6.20690e-01 -1.44828e+00       1.285e+12  9.934074e-01 -1.377227e-02  8.466626e-02  6.592595e-03
 1.03448e+00 -1.44828e+00       9.383e+11  9.906518e-01  1.625385e-03  1.035034e-01  9.348179e-03
 1.44828e+00 -1.44828e+00       6.489e+11  9.887858e-01  3.816362e-03  9.570356e-02  1.121421e-02
 1.86207e+00 -1.44828e+00       9.600e+11  9.936920e-01 -1.033993e-02  6.471762e-02  6.308015e-03
 2.27586e+00 -1.44828e+00       1.845e+12  9.967827e-01 -1.537146e-02  5.654925e-02  3.217323e-03
 2.68966e+00 -1.44828e+00       2.208e+12  9.973277e-01 -1.768393e-02  5.753066e-02  2.672316e-03
 3.10345e+00 -1.44828e+00       1.487e+12  9.960343e-01 -2.020123e-02  6.456838e-02  3.965658e-03
 3.51724e+00 -1.44828e+00       6.391e+11  9.873344e-01 -2.177008e-02  9.596229e-02  1.266564e-02
 3.93103e+00 -1.44828e+00       2.966e+11  9.596079e-01  2.096564e-04  1.870130e-01  4.039215e-02
 4.34483e+00 -1.44828e+00       2.865e+11  9.442331e-01  4.212498e-02  2.537232e-01  5.576694e-02
 4.75862e+00 -1.44828e+00       3.777e+11  9.384655e-01  4.391703e-02  2.820805e-01  6.153447e-02
 5.17241e+00 -1.44828e+00       3.918e+11  9.092058e-01  3.297144e-02  3.308345e-01  9.079423e-02
 5.58621e+00 -1.44828e+00       3.010e+11  8.352508e-01  3.282543e-02  4.265107e-01  1.647492e-01
 6.00000e+00 -1.44828e+00       2.149e+11  6.865590e-01  3.096869e-02  5.656540e-01  3.134410e-01
-6.00000e+00 -1.03448e+00       1.708e+11  6.834121e-01 -4.411558e-02 -5.355320e-01  3.165879e-01
-5.58621e+00 -1.03448e+00       2.305e+11  8.569551e-01  1.658101e-04 -3.294187e-01  1.430449e-01
-5.17241e+00 -1.03448e+00       2.857e+11  9.329410e-01  1.472580e-02 -2.363971e-01  6.705897e-02
-4.75862e+00 -1.03448e+00       2.654e+11  9.541285e-01  2.414928e-02 -2.173611e-01  4.587150e-02
-4.34483e+00 -1.03448e+00       2.124e+11  9.508783e-01  3.074106e-02 -2.152762e-01  4.912171e-02
-3.93103e+00 -1.03448e+00       2.773e+11  9.692128e-01  1.348955e-02 -1.428712e-01  3.078720e-02
-3.51724e+00 -1.03448e+00       7.590e+11  9.915278e-01  8.115644e-03 -8.884303e-02  8.472175e-03
-3.10345e+00 -1.03448e+00       1.665e+12  9.960592e-01  1.067184e-02 -7.753093e-02  3.940848e-03
-2.68966e+00 -1.03448e+00       2.095e+12  9.967599e-01  1.273950e-02 -7.355253e-02  3.240063e-03
-2.27586e+00 -1.03448e+00       1.609e+12  9.964014e-01  1.623599e-02 -7.304281e-02  3.598630e-03
-1.86207e+00 -1.03448e+00       1.192e+12  9.952492e-01  1.919305e-02 -7.711847e-02  4.750752e-03
-1.44828e+00 -1.03448e+00       1.422e+12  9.952972e-01  1.334659e-02 -7.434328e-02  4.702837e-03
-1.03448e+00 -1.03448e+00       2.219e+12  9.968032e-01  1.076370e-02 -5.517926e-02  3.196806e-03
-6.20690e-01 -1.03448e+00       3.842e+12  9.983680e-01  1.208342e-02 -3.294221e-02  1.631981e-03
-2.06897e-01 -1.03448e+00       5.554e+12  9.991560e-01  1.069924e-02 -1.770470e-02  8.440204e-04
 2.06897e-01 -1.03448e+00       5.459e+12  9.993405e-01  7.831929e-03 -4.671319e-03  6.594932e-04
 6.20690e-01 -1.03448e+00       3.568e+12  9.987393e-01  4.011550e-03  1.344656e-02  1.260725e-03
 1.03448e+00 -1.03448e+00       1.780e+12  9.963826e-01 -1.507251e-03  4.830866e-02  3.617374e-03
 1.44828e+00 -1.03448e+00       9.087e+11  9.926159e-01 -5.195809e-03  9.022782e-02  7.384052e-03
 1.86207e+00 -1.03448e+00       7.751e+11  9.928767e-01 -7.371944e-03  8.752829e-02  7.123326e-03
 2.27586e+00 -1.03448e+00       1.389e+12  9.961810e-01 -1.086143e-02  6.787931e-02  3.818988e-03
 2.68966e+00 -1.03448e+00       2.112e+12  9.972437e-01 -1.274121e-02  6.429203e-02  2.756251e-03
 3.10345e+00 -1.03448e+00       1.843e+12  9.971166e-01 -1.426340e-02  6.599476e-02  2.883409e-03
 3.51724e+00 -1.03448e+00       9.336e+11  9.947068e-01 -1.533465e-02  7.685610e-02  5.293231e-03
 3.93103e+00 -1.03448e+00       3.746e+11  9.835654e-01 -6.705253e-03  1.212122e-01  1.643463e-02
 4.34483e+00 -1.03448e+00       2.532e+11  9.704629e-01  2.235262e-02  1.795750e-01  2.953707e-02
 4.75862e+00 -1.03448e+00       2.979e+11  9.692330e-01  2.803876e-02  1.981117e-01  3.076695e-02
 5.17241e+00 -1.03448e+00       3.205e+11  9.566282e-01  2.002761e-02  2.227021e-01  4.337176e-02
 5.58621e+00 -1.03448e+00       2.433e+11  9.050835e-01  7.655206e-03  2.940446e-01  9.491649e-02
 6.00000e+00 -1.03448e+00       1.509e+11  7.502504e-01 -2.189608e-02  4.643176e-01  2.497496e-01
-6.00000e+00 -6.20690e-01       1.610e+11  8.831939e-01 -5.072465e-02 -3.169831e-01  1.168061e-01
-5.58621e+00 -6.20690e-01       2.390e+11  9.406042e-01  1.651406e-02 -2.179151e-01  5.939577e-02
-5.17241e+00 -6.20690e-01       2.783e+11  9.678764e-01  3.274310e-02 -1.611113e-01  3.212361e-02
-4.75862e+00 -6.20690e-01       2.344e+11  9.773213e-01  2.776233e-02 -1.415038e-01  2.267865e-02
-4.34483e+00 -6.20690e-01       1.939e+11  9.784234e-01  1.400556e-02 -1.338192e-01  2.157662e-02
-3.93103e+00 -6.20690e-01       3.459e+11  9.899505e-01  4.437708e-03 -8.642680e-02  1.004947e-02
-3.51724e+00 -6.20690e-01       9.780e+11  9.966185e-01  5.866824e-03 -6.489787e-02  3.381459e-03
-3.10345e+00 -6.20690e-01       1.858e+12  9.978053e-01  7.491325e-03 -6.057643e-02  2.194702e-03
-2.68966e+00 -6.20690e-01       2.014e+12  9.978743e-01  8.539253e-03 -6.005935e-02  2.125665e-03
-2.27586e+00 -6.20690e-01       1.510e+12  9.974668e-01  9.473423e-03 -6.270594e-02  2.533182e-03
-1.86207e+00 -6.20690e-01       1.605e+12  9.974718e-01  6.586855e-03 -6.050357e-02  2.528187e-03
-1.44828e+00 -6.20690e-01       3.631e+12  9.985008e-01  2.233581e-03 -4.554853e-02  1.499157e-03
-1.03448e+00 -6.20690e-01       9.744e+12  9.992081e-01 -5.489377e-04 -3.243281e-02  7.919158e-04
-6.20690e-01 -6.20690e-01       2.024e+13  9.995528e-01 -3.060004e-03 -2.218055e-02  4.471733e-04
-2.06897e-01 -6.20690e-01       2.909e+13  9.997398e-01 -5.042738e-03 -1.214730e-02  2.602432e-04
 2.06897e-01 -6.20690e-01       2.878e+13  9.998196e-01 -6.312414e-03 -2.128153e-03  1.804377e-04
 6.20690e-01 -6.20690e-01       1.953e+13  9.997893e-01 -7.001170e-03  7.319887e-03  2.107156e-04
 1.03448e+00 -6.20690e-01       9.002e+12  9.995613e-01 -7.426899e-03  1.709835e-02  4.387279e-04
 1.44828e+00 -6.20690e-01       2.968e+12  9.987285e-01 -7.842341e-03  3.251229e-02  1.271497e-03
 1.86207e+00 -6.20690e-01       1.059e+12  9.970422e-01 -7.456005e-03  5.502617e-02  2.957754e-03
 2.27586e+00 -6.20690e-01       1.161e+12  9.976975e-01 -7.164860e-03  5.079506e-02  2.302544e-03
 2.68966e+00 -6.20690e-01       1.922e+12  9.985605e-01 -8.030163e-03  4.511920e-02  1.439469e-03
 3.10345e+00 -6.20690e-01       1.982e+12  9.987039e-01 -8.772240e-03  4.491419e-02  1.296068e-03
 3.51724e+00 -6.20690e-01       1.155e+12  9.981856e-01 -9.112616e-03  4.869899e-02  1.814358e-03
 3.93103e+00 -6.20690e-01       4.590e+11  9.952222e-01 -5.880032e-03  6.655330e-02  4.777831e-03
 4.34483e+00 -6.20690e-01       2.486e+11  9.891044e-01  1.110213e-02  1.041042e-01  1.089558e-02
 4.75862e+00 -6.20690e-01       2.859e+11  9.867372e-01  2.160294e-02  1.254112e-01  1.326280e-02
 5.17241e+00 -6.20690e-01       3.371e+11  9.814742e-01  1.715072e-02  1.476778e-01  1.852580e-02
 5.58621e+00 -6.20690e-01       2.807e+11  9.657604e-01  7.670750e-03  1.940528e-01  3.423961e-02
 6.00000e+00 -6.20690e-01       1.810e+11  9.308332e-01 -3.323650e-03  2.670613e-01  6.916685e-02
-6.00000e+00 -2.06897e-01       1.442e+11  9.843616e-01 -2.082678e-02 -1.123479e-01  1.563838e-02
-5.58621e+00 -2.06897e-01       2.367e+11  9.919380e-01  2.791565e-03 -8.227596e-02  8.062000e-03
-5.17241e+00 -2.06897e-01       2.789e+11  9.953334e-01  8.914071e-03 -6.414286e-02  4.666581e-03
-4.75862e+00 -2.06897e-01       2.302e+11  9.963399e-01  6.640394e-03 -5.710182e-02  3.660055e-03
-4.34483e+00 -2.06897e-01       1.944e+11  9.963333e-01 -3.114324e-04 -5.277574e-02  3.666702e-03
-3.93103e+00 -2.06897e-01       3.927e+11  9.982763e-01 -6.653786e-04 -3.636322e-02  1.723675e-03
-3.51724e+00 -2.06897e-01       1.092e+12  9.992564e-01  2.309573e-03 -3.008292e-02  7.435793e-04
-3.10345e+00 -2.06897e-01       1.928e+12  9.994086e-01  3.397608e-03 -2.924181e-02  5.913661e-04
-2.68966e+00 -2.06897e-01       1.964e+12  9.993105e-01  3.330617e-03 -3.093977e-02  6.895460e-04
-2.27586e+00 -2.06897e-01       1.547e+12  9.991371e-01  1.053342e-03 -3.421220e-02  8.629225e-04
-1.86207e+00 -2.06897e-01       2.263e+12  9.993980e-01 -3.451846e-03 -2.940859e-02  6.020185e-04
-1.44828e+00 -2.06897e-01       6.525e+12  9.996902e-01 -4.879321e-03 -2.162599e-02  3.098128e-04
-1.03448e+00 -2.06897e-01       1.764e+13  9.998018e-01 -5.337539e-03 -1.685630e-02  1.982226e-04
-6.20690e-01 -2.06897e-01       3.429e+13  9.998667e-01 -5.699094e-03 -1.278713e-02  1.333059e-04
-2.06897e-01 -2.06897e-01       4.704e+13  9.999144e-01 -5.913451e-03 -8.653733e-03  8.561450e-05
 2.06897e-01 -2.06897e-01       4.661e+13  9.999444e-01 -5.996965e-03 -4.674947e-03  5.561981e-05
 6.20690e-01 -2.06897e-01       3.327e+13  9.999546e-01 -6.009268e-03 -1.265973e-03  4.543672e-05
 1.03448e+00 -2.06897e-01       1.658e+13  9.999370e-01 -6.015544e-03  1.633874e-03  6.301541e-05
 1.44828e+00 -2.06897e-01       5.687e+12  9.998424e-01 -6.035126e-03  5.571583e-03  1.575910e-04
 1.86207e+00 -2.06897e-01       1.626e+12  9.995323e-01 -5.495858e-03  1.372110e-02  4.677313e-04
 2.27586e+00 -2.06897e-01       1.120e+12  9.994751e-01 -3.960861e-03  1.443849e-02  5.249491e-04
 2.68966e+00 -2.06897e-01       1.797e+12  9.997638e-01 -3.927015e-03  1.012143e-02  2.361673e-04
 3.10345e+00 -2.06897e-01       2.003e+12  9.998578e-01 -3.899327e-03  9.535981e-03  1.421618e-04
 3.51724e+00 -2.06897e-01       1.258e+12  9.998253e-01 -3.323217e-03  1.044179e-02  1.746650e-04
 3.93103e+00 -2.06897e-01       5.126e+11  9.995163e-01 -9.922204e-04  1.447788e-02  4.836557e-04
 4.34483e+00 -2.06897e-01       2.578e+11  9.987999e-01  4.613804e-03  2.292215e-02  1.200095e-03
 4.75862e+00 -2.06897e-01       2.836e+11  9.986267e-01  5.419333e-03  2.929801e-02  1.373318e-03
 5.17241e+00 -2.06897e-01       3.325e+11  9.983520e-01  1.894641e-03  3.685084e-02  1.648037e-03
 5.58621e+00 -2.06897e-01       2.811e+11  9.972045e-01 -2.228146e-03  4.852660e-02  2.795520e-03
 6.00000e+00 -2.06897e-01       1.858e+11  9.944459e-01 -6.367747e-03  6.382345e-02  5.554085e-03
-6.00000e+00  2.06897e-01       1.439e+11  9.867712e-01  5.085115e-03  6.988537e-02  1.322883e-02
-5.58621e+00  2.06897e-01       2.367e+11  9.935123e-01 -8.932516e-03  5.774403e-02  6.487717e-03
-5.17241e+00  2.06897e-01       2.786e+11  9.964457e-01 -1.690822e-02  4.635781e-02  3.554345e-03
-4.75862e+00  2.06897e-01       2.296e+11  9.974926e-01 -2.264159e-02  3.829244e-02  2.507445e-03
-4.34483e+00  2.06897e-01       1.935e+11  9.980815e-01 -1.927088e-02  2.991642e-02  1.918528e-03
-3.93103e+00  2.06897e-01       3.927e+11  9.993151e-01 -6.708688e-03  1.415863e-02  6.849086e-04
-3.51724e+00  2.06897e-01       1.095e+12  9.997559e-01 -2.258261e-03  9.401322e-03  2.440655e-04
-3.10345e+00  2.06897e-01       1.936e+12  9.998096e-01 -1.498794e-03  7.702646e-03  1.903577e-04
-2.68966e+00  2.06897e-01       1.978e+12  9.997616e-01 -2.493162e-03  4.652844e-03  2.383606e-04
-2.27586e+00  2.06897e-01       1.568e+12  9.996853e-01 -6.882888e-03  9.734919e-04  3.147071e-04
-1.86207e+00  2.06897e-01       2.289e+12  9.997760e-01 -1.100804e-02  2.508542e-03  2.239802e-04
-1.44828e+00  2.06897e-01       6.546e+12  9.998873e-01 -9.640423e-03  2.614101e-03  1.127222e-04
-1.03448e+00  2.06897e-01       1.765e+13  9.999327e-01 -7.621913e-03  7.493167e-04  6.728865e-05
-6.20690e-01  2.06897e-01       3.431e+13  9.999505e-01 -5.918597e-03 -1.792811e-03  4.948070e-05
-2.06897e-01  2.06897e-01       4.707e+13  9.999470e-01 -4.617037e-03 -5.128625e-03  5.298635e-05
 2.06897e-01  2.06897e-01       4.664e+13  9.999204e-01 -3.729508e-03 -9.075352e-03  7.963048e-05
 6.20690e-01  2.06897e-01       3.329e+13  9.998712e-01 -3.173986e-03 -1.320755e-02  1.287639e-04
 1.03448e+00  2.06897e-01       1.659e+13  9.998034e-01 -2.834871e-03 -1.713729e-02  1.966309e-04
 1.44828e+00  2.06897e-01       5.696e+12  9.997200e-01 -2.514264e-03 -2.049542e-02  2.799891e-04
 1.86207e+00  2.06897e-01       1.639e+12  9.995901e-01 -1.467318e-03 -2.325829e-02  4.098696e-04
 2.27586e+00  2.06897e-01       1.128e+12  9.994058e-01  2.504050e-05 -2.822371e-02  5.942199e-04
 2.68966e+00  2.06897e-01       1.799e+12  9.994343e-01  2.297553e-04 -3.009333e-02  5.657228e-04
 3.10345e+00  2.06897e-01       2.004e+12  9.994668e-01  9.706364e-04 -3.017363e-02  5.331987e-04
 3.51724e+00  2.06897e-01       1.258e+12  9.993670e-01  2.514746e-03 -3.111027e-02  6.329536e-04
 3.93103e+00  2.06897e-01       5.138e+11  9.986668e-01  4.401576e-03 -3.820736e-02  1.333206e-03
 4.34483e+00  2.06897e-01       2.592e+11  9.968366e-01 -2.134853e-03 -6.022136e-02  3.163356e-03
 4.75862e+00  2.06897e-01       2.850e+11  9.961257e-01 -1.253488e-02 -7.198360e-02  3.874265e-03
 5.17241e+00  2.06897e-01       3.337e+11  9.951412e-01 -1.337244e-02 -7.824356e-02  4.858837e-03
 5.58621e+00  2.06897e-01       2.822e+11  9.918216e-01 -1.359731e-02 -9.750968e-02  8.178390e-03
 6.00000e+00  2.06897e-01       1.871e+11  9.853924e-01 -1.822190e-02 -1.309460e-01  1.460760e-02
-6.00000e+00  6.20690e-01       1.595e+11  8.982041e-01  3.246737e-02  2.740466e-01  1.017959e-01
-5.58621e+00  6.20690e-01       2.387e+11  9.482934e-01 -2.687340e-02  1.925955e-01  5.170662e-02
-5.17241e+00  6.20690e-01       2.776e+11  9.718067e-01 -4.296965e-02  1.424429e-01  2.819332e-02
-4.75862e+00  6.20690e-01       2.325e+11  9.803728e-01 -4.357300e-02  1.222348e-01  1.962720e-02
-4.34483e+00  6.20690e-01       1.914e+11  9.829320e-01 -3.336973e-02  1.122164e-01  1.706805e-02
-3.93103e+00  6.20690e-01       3.459e+11  9.930690e-01 -1.347077e-02  6.496851e-02  6.930955e-03
-3.51724e+00  6.20690e-01       9.873e+11  9.980317e-01 -6.782109e-03  4.490126e-02  1.968299e-03
-3.10345e+00  6.20690e-01       1.883e+12  9.988434e-01 -6.168787e-03  4.023301e-02  1.156602e-03
-2.68966e+00  6.20690e-01       2.058e+12  9.989649e-01 -7.724780e-03  3.615686e-02  1.035136e-03
-2.27586e+00  6.20690e-01       1.574e+12  9.987959e-01 -1.327210e-02  3.223928e-02  1.204081e-03
-1.86207e+00  6.20690e-01       1.689e+12  9.985520e-01 -1.882928e-02  3.244842e-02  1.448008e-03
-1.44828e+00  6.20690e-01       3.709e+12  9.990268e-01 -1.660360e-02  2.502135e-02  9.731930e-04
-1.03448e+00  6.20690e-01       9.782e+12  9.995277e-01 -1.289192e-02  1.454371e-02  4.723110e-04
-6.20690e-01  6.20690e-01       2.024e+13  9.997497e-01 -9.252483e-03  5.773440e-03  2.503138e-04
-2.06897e-01  6.20690e-01       2.909e+13  9.998008e-01 -6.226562e-03 -3.410309e-03  1.991520e-04
 2.06897e-01  6.20690e-01       2.876e+13  9.997258e-01 -4.124448e-03 -1.340619e-02  2.742206e-04
 6.20690e-01  6.20690e-01       1.949e+13  9.995364e-01 -2.857670e-03 -2.356316e-02  4.636231e-04
 1.03448e+00  6.20690e-01       8.993e+12  9.992179e-01 -1.995068e-03 -3.379057e-02  7.821474e-04
 1.44828e+00  6.20690e-01       3.010e+12  9.986413e-01 -5.247717e-04 -4.580819e-02  1.358715e-03
 1.86207e+00  6.20690e-01       1.104e+12  9.976505e-01  2.696889e-03 -6.069011e-02  2.349498e-03
 2.27586e+00  6.20690e-01       1.179e+12  9.974161e-01  3.973463e-03 -6.559088e-02  2.583859e-03
 2.68966e+00  6.20690e-01       1.921e+12  9.976768e-01  4.489978e-03 -6.435280e-02  2.323194e-03
 3.10345e+00  6.20690e-01       1.976e+12  9.976807e-01  6.052541e-03 -6.438560e-02  2.319306e-03
 3.51724e+00  6.20690e-01       1.152e+12  9.969161e-01  8.498893e-03 -6.835047e-02  3.083859e-03
 3.93103e+00  6.20690e-01       4.609e+11  9.925677e-01  8.785325e-03 -9.040445e-02  7.432332e-03
 4.34483e+00  6.20690e-01       2.521e+11  9.832449e-01 -1.037867e-02 -1.421070e-01  1.675512e-02
 4.75862e+00  6.20690e-01       2.898e+11  9.797434e-01 -2.631018e-02 -1.676866e-01  2.025659e-02
 5.17241e+00  6.20690e-01       3.413e+11  9.729228e-01 -2.229572e-02 -1.870414e-01  2.707719e-02
 5.58621e+00  6.20690e-01       2.846e+11  9.516473e-01 -1.355942e-02 -2.376257e-01  4.835274e-02
 6.00000e+00  6.20690e-01       1.851e+11  9.070278e-01 -5.977116e-03 -3.249316e-01  9.297220e-02
-6.00000e+00  1.03448e+00       1.664e+11  7.131790e-01  1.839592e-02  4.988620e-01  2.868210e-01
-5.58621e+00  1.03448e+00       2.281e+11  8.697365e-01 -1.780427e-02  3.016602e-01  1.302635e-01
-5.17241e+00  1.03448e+00       2.838e+11  9.375797e-01 -2.389471e-02  2.158117e-01  6.242032e-02
-4.75862e+00  1.03448e+00       2.626e+11  9.569978e-01 -3.358618e-02  2.005488e-01  4.300222e-02
-4.34483e+00  1.03448e+00       2.084e+11  9.556061e-01 -4.546626e-02  1.999375e-01  4.439388e-02
-3.93103e+00  1.03448e+00       2.756e+11  9.741922e-01 -2.547089e-02  1.240495e-01  2.580784e-02
-3.51724e+00  1.03448e+00       7.700e+11  9.937271e-01 -1.117493e-02  6.984053e-02  6.272887e-03
-3.10345e+00  1.03448e+00       1.701e+12  9.973802e-01 -1.042229e-02  5.898295e-02  2.619795e-03
-2.68966e+00  1.03448e+00       2.160e+12  9.979542e-01 -1.226339e-02  5.345258e-02  2.045771e-03
-2.27586e+00  1.03448e+00       1.706e+12  9.977403e-01 -1.808144e-02  4.877321e-02  2.259675e-03
-1.86207e+00  1.03448e+00       1.334e+12  9.965701e-01 -2.646903e-02  5.251782e-02  3.429891e-03
-1.44828e+00  1.03448e+00       1.598e+12  9.959280e-01 -2.377747e-02  5.681999e-02  4.072043e-03
-1.03448e+00  1.03448e+00       2.348e+12  9.968409e-01 -2.157539e-02  3.724371e-02  3.159108e-03
-6.20690e-01  1.03448e+00       3.837e+12  9.982275e-01 -2.437612e-02  9.445807e-03  1.772522e-03
-2.06897e-01  1.03448e+00       5.425e+12  9.989028e-01 -2.377039e-02 -7.945909e-03  1.097180e-03
 2.06897e-01  1.03448e+00       5.312e+12  9.989318e-01 -2.050090e-02 -2.100294e-02  1.068234e-03
 6.20690e-01  1.03448e+00       3.529e+12  9.983533e-01 -1.501073e-02 -3.695053e-02  1.646668e-03
 1.03448e+00  1.03448e+00       1.877e+12  9.968184e-01 -5.326641e-03 -6.141711e-02  3.181638e-03
 1.44828e+00  1.03448e+00       1.038e+12  9.947108e-01  3.764016e-03 -8.654398e-02  5.289209e-03
 1.86207e+00  1.03448e+00       8.464e+11  9.941403e-01  6.534375e-03 -9.220068e-02  5.859717e-03
 2.27586e+00  1.03448e+00       1.409e+12  9.955500e-01  6.577502e-03 -8.430967e-02  4.449973e-03
 2.68966e+00  1.03448e+00       2.113e+12  9.961612e-01  7.898210e-03 -8.168951e-02  3.838848e-03
 3.10345e+00  1.03448e+00       1.840e+12  9.958843e-01  1.029751e-02 -8.312104e-02  4.115673e-03
 3.51724e+00  1.03448e+00       9.345e+11  9.928856e-01  1.355481e-02 -9.467651e-02  7.114436e-03
 3.93103e+00  1.03448e+00       3.790e+11  9.789346e-01  7.993175e-03 -1.453928e-01  2.106537e-02
 4.34483e+00  1.03448e+00       2.578e+11  9.615715e-01 -2.560189e-02 -2.155805e-01  3.842850e-02
 4.75862e+00  1.03448e+00       3.029e+11  9.585290e-01 -3.547257e-02 -2.374802e-01  4.147105e-02
 5.17241e+00  1.03448e+00       3.271e+11  9.429319e-01 -2.488181e-02 -2.618116e-01  5.706807e-02
 5.58621e+00  1.03448e+00       2.497e+11  8.829302e-01 -1.157654e-02 -3.348280e-01  1.170698e-01
 6.00000e+00  1.03448e+00       1.566e+11  7.137275e-01  1.211790e-02 -5.074532e-01  2.862725e-01
-6.00000e+00  1.44828e+00       1.491e+11  5.378135e-01 -1.848470e-02  5.271522e-01  4.621865e-01
-5.58621e+00  1.44828e+00       2.464e+11  7.737966e-01 -2.588555e-02  4.171664e-01  2.262034e-01
-5.17241e+00  1.44828e+00       3.375e+11  8.731213e-01 -4.770338e-02  3.354522e-01  1.268787e-01
-4.75862e+00  1.44828e+00       3.187e+11  9.138056e-01 -6.974262e-02  2.850965e-01  8.619440e-02
-4.34483e+00  1.44828e+00       2.358e+11  9.191105e-01 -7.385301e-02  2.693457e-01  8.088950e-02
-3.93103e+00  1.44828e+00       2.166e+11  9.330588e-01 -4.209285e-02  2.049745e-01  6.694117e-02
-3.51724e+00  1.44828e+00       4.905e+11  9.818867e-01 -1.415827e-02  8.726823e-02  1.811327e-02
-3.10345e+00  1.44828e+00       1.300e+12  9.958526e-01 -1.284106e-02  5.606484e-02  4.147395e-03
-2.68966e+00  1.44828e+00       2.120e+12  9.978553e-01 -1.540091e-02  4.632163e-02  2.144726e-03
-2.27586e+00  1.44828e+00       1.990e+12  9.979147e-01 -2.055055e-02  3.902711e-02  2.085323e-03
-1.86207e+00  1.44828e+00       1.337e+12  9.965554e-01 -3.225034e-02  3.654015e-02  3.444643e-03
-1.44828e+00  1.44828e+00       1.246e+12  9.948062e-01 -3.948359e-02  4.872153e-02  5.193814e-03
-1.03448e+00  1.44828e+00       1.733e+12  9.953031e-01 -2.387841e-02  5.705798e-02  4.696875e-03
-6.20690e-01  1.44828e+00       2.095e+12  9.962803e-01 -3.672533e-05  4.960596e-02  3.719736e-03
-2.06897e-01  1.44828e+00       2.065e+12  9.969454e-01  2.098378e-02  2.327089e-02  3.054642e-03
 2.06897e-01  1.44828e+00       1.941e+12  9.969435e-01  2.679639e-02 -1.819206e-02  3.056481e-03
 6.20690e-01  1.44828e+00       1.736e+12  9.960046e-01  1.731679e-02 -5.499108e-02  3.995358e-03
 1.03448e+00  1.44828e+00       1.247e+12  9.941050e-01  5.202652e-03 -7.929523e-02  5.895005e-03
 1.44828e+00  1.44828e+00       7.934e+11  9.918721e-01  8.283690e-04 -9.119578e-02  8.127904e-03
 1.86207e+00  1.44828e+00       1.003e+12  9.939665e-01  6.104692e-03 -7.983292e-02  6.033549e-03
 2.27586e+00  1.44828e+00       1.846e+12  9.961754e-01  9.117993e-03 -7.208201e-02  3.824620e-03
 2.68966e+00  1.44828e+00       2.195e+12  9.965214e-01  1.193344e-02 -7.234986e-02  3.478619e-03
 3.10345e+00  1.44828e+00       1.478e+12  9.949511e-01  1.560394e-02 -7.947917e-02  5.048869e-03
 3.51724e+00  1.44828e+00       6.409e+11  9.847464e-01  1.929929e-02 -1.136853e-01  1.525356e-02
 3.93103e+00  1.44828e+00       3.035e+11  9.527546e-01 -6.026179e-04 -2.147571e-01  4.724543e-02
 4.34483e+00  1.44828e+00       2.935e+11  9.343795e-01 -4.576953e-02 -2.879679e-01  6.562050e-02
 4.75862e+00  1.44828e+00       3.835e+11  9.269566e-01 -5.222224e-02 -3.135704e-01  7.304342e-02
 5.17241e+00  1.44828e+00       3.949e+11  8.925244e-01 -4.491595e-02 -3.609556e-01  1.074756e-01
 5.58621e+00  1.44828e+00       3.022e+11  8.070330e-01 -5.152317e-02 -4.614110e-01  1.929670e-01
 6.00000e+00  1.44828e+00       2.176e+11  6.466417e-01 -5.671834e-02 -6.042808e-01  3.533583e-01
-6.00000e+00  1.86207e+00       2.594e+11  3.556349e-01  1.059449e-01  7.591493e-01  6.443651e-01
-5.58621e+00  1.86207e+00       2.709e+11  6.078132e-01  2.951079e-02  5.642930e-01  3.921868e-01
-5.17241e+00  1.86207e+00       3.446e+11  8.045880e-01 -1.937685e-02  3.922875e-01  1.954120e-01
-4.75862e+00  1.86207e+00       3.638e+11  8.899589e-01 -4.269184e-02  3.181699e-01  1.100411e-01
-4.34483e+00  1.86207e+00       2.952e+11  9.047982e-01 -6.673968e-02  3.072183e-01  9.520179e-02
-3.93103e+00  1.86207e+00       2.175e+11  8.895941e-01 -6.439701e-02  2.955298e-01  1.104059e-01
-3.51724e+00  1.86207e+00       2.674e+11  9.383797e-01 -2.266439e-02  1.396362e-01  6.162027e-02
-3.10345e+00  1.86207e+00       7.225e+11  9.890464e-01 -1.118161e-02  2.852445e-02  1.095364e-02
-2.68966e+00  1.86207e+00       1.642e+12  9.974392e-01 -1.581352e-02  2.678138e-03  2.560820e-03
-2.27586e+00  1.86207e+00       2.190e+12  9.980778e-01 -2.169683e-02 -1.067852e-02  1.922159e-03
-1.86207e+00  1.86207e+00       1.718e+12  9.969206e-01 -3.112463e-02 -1.978744e-02  3.079414e-03
-1.44828e+00  1.86207e+00       9.726e+11  9.930094e-01 -4.459499e-02 -1.842849e-02  6.990590e-03
-1.03448e+00  1.86207e+00       6.338e+11  9.854664e-01 -6.012747e-02 -1.357086e-02  1.453364e-02
-6.20690e-01  1.86207e+00       6.348e+11  9.812455e-01 -8.663044e-02 -2.988072e-02  1.875452e-02
-2.06897e-01  1.86207e+00       7.187e+11  9.815489e-01 -1.040688e-01 -4.505383e-02  1.845110e-02
 2.06897e-01  1.86207e+00       6.586e+11  9.804347e-01 -9.974302e-02 -5.594121e-02  1.956534e-02
 6.20690e-01  1.86207e+00       4.790e+11  9.764846e-01 -6.701758e-02 -7.120656e-02  2.351539e-02
 1.03448e+00  1.86207e+00       4.085e+11  9.778887e-01 -1.284031e-02 -7.488267e-02  2.211131e-02
 1.44828e+00  1.86207e+00       7.257e+11  9.905784e-01  5.986112e-03 -3.613265e-02  9.421557e-03
 1.86207e+00  1.86207e+00       1.573e+12  9.968432e-01  9.907124e-03 -1.658294e-02  3.156772e-03
 2.27586e+00  1.86207e+00       2.236e+12  9.982769e-01  1.420078e-02 -1.645573e-02  1.723126e-03
 2.68966e+00  1.86207e+00       1.819e+12  9.976534e-01  1.817087e-02 -2.493419e-02  2.346639e-03
 3.10345e+00  1.86207e+00       9.022e+11  9.911774e-01  2.329649e-02 -5.353572e-02  8.822592e-03
 3.51724e+00  1.86207e+00       3.901e+11  9.608166e-01  1.918933e-02 -1.547869e-01  3.918340e-02
 3.93103e+00  1.86207e+00       2.843e+11  9.235314e-01 -2.781290e-02 -2.799887e-01  7.646861e-02
 4.34483e+00  1.86207e+00       3.475e+11  9.218638e-01 -5.654581e-02 -3.153788e-01  7.813618e-02
 4.75862e+00  1.86207e+00       4.220e+11  9.089242e-01 -4.471444e-02 -3.415475e-01  9.107585e-02
 5.17241e+00  1.86207e+00       3.811e+11  8.405654e-01 -2.783103e-02 -4.090843e-01  1.594346e-01
 5.58621e+00  1.86207e+00       2.707e+11  6.609607e-01 -6.306843e-03 -5.604126e-01  3.390393e-01
 6.00000e+00  1.86207e+00       2.140e+11  3.442767e-01  2.036756e-02 -7.388119e-01  6.557233e-01
-6.00000e+00  2.27586e+00       2.469e+11  1.994765e-01  1.138741e-01  7.145712e-01  8.005235e-01
-5.58621e+00  2.27586e+00       2.735e+11  4.704372e-01  4.201528e-02  6.216207e-01  5.295628e-01
-5.17241e+00  2.27586e+00       3.723e+11  6.970348e-01 -3.155417e-02  4.768659e-01  3.029652e-01
-4.75862e+00  2.27586e+00       4.261e+11  8.364879e-01 -5.327704e-02  3.606317e-01  1.635121e-01
-4.34483e+00  2.27586e+00       3.757e+11  8.934274e-01 -6.647532e-02  3.127814e-01  1.065726e-01
-3.93103e+00  2.27586e+00       2.795e+11  8.836973e-01 -7.193245e-02  3.226189e-01  1.163027e-01
-3.51724e+00  2.27586e+00       2.065e+11  8.651120e-01 -4.546404e-02  2.773240e-01  1.348880e-01
-3.10345e+00  2.27586e+00       2.785e+11  9.386863e-01 -7.293164e-04  4.345470e-02  6.131366e-02
-2.68966e+00  2.27586e+00       7.458e+11  9.847438e-01 -3.842304e-03 -8.114247e-02  1.525622e-02
-2.27586e+00  2.27586e+00       1.594e+12  9.882257e-01 -1.550586e-02 -1.188059e-01  1.177427e-02
-1.86207e+00  2.27586e+00       2.027e+12  9.848096e-01 -2.773082e-02 -1.445358e-01  1.519038e-02
-1.44828e+00  2.27586e+00       1.528e+12  9.788026e-01 -4.741153e-02 -1.662407e-01  2.119737e-02
-1.03448e+00  2.27586e+00       8.426e+11  9.707671e-01 -8.389918e-02 -1.697977e-01  2.923293e-02
-6.20690e-01  2.27586e+00       5.809e+11  9.690324e-01 -1.170372e-01 -1.287609e-01  3.096758e-02
-2.06897e-01  2.27586e+00       5.393e+11  9.719448e-01 -1.175190e-01 -9.529554e-02  2.805521e-02
 2.06897e-01  2.27586e+00       4.692e+11  9.678370e-01 -1.131212e-01 -8.713852e-02  3.216298e-02
 6.20690e-01  2.27586e+00       4.231e+11  9.610738e-01 -9.022016e-02 -3.119494e-02  3.892623e-02
 1.03448e+00  2.27586e+00       7.079e+11  9.734477e-01 -2.694353e-02  9.204390e-02  2.655234e-02
 1.44828e+00  2.27586e+00       1.493e+12  9.849133e-01  3.988639e-03  1.260900e-01  1.508674e-02
 1.86207e+00  2.27586e+00       2.117e+12  9.894792e-01  1.461248e-02  1.177939e-01  1.052085e-02
 2.27586e+00  2.27586e+00       1.770e+12  9.914389e-01  2.007569e-02  9.771382e-02  8.561120e-03
 2.68966e+00  2.27586e+00       9.236e+11  9.888076e-01  2.645166e-02  5.625314e-02  1.119238e-02
 3.10345e+00  2.27586e+00       4.155e+11  9.644049e-01  3.214912e-02 -6.768820e-02  3.559508e-02
 3.51724e+00  2.27586e+00       2.889e+11  9.204409e-01 -2.529326e-03 -2.428222e-01  7.955908e-02
 3.93103e+00  2.27586e+00       3.275e+11  9.130834e-01 -5.256500e-02 -3.051594e-01  8.691659e-02
 4.34483e+00  2.27586e+00       4.444e+11  9.130634e-01 -5.609115e-02 -3.326342e-01  8.693661e-02
 4.75862e+00  2.27586e+00       5.062e+11  8.716638e-01 -4.093276e-02 -3.899978e-01  1.283362e-01
 5.17241e+00  2.27586e+00       4.392e+11  7.592826e-01 -3.049562e-02 -5.111630e-01  2.407174e-01
 5.58621e+00  2.27586e+00       3.416e+11  5.926805e-01 -1.983375e-02 -6.697365e-01  4.073195e-01
 6.00000e+00  2.27586e+00       3.059e+11  3.736782e-01 -6.783597e-03 -7.698908e-01  6.263218e-01
-6.00000e+00  2.68966e+00       3.741e+11  2.709964e-02 -3.569145e-02  8.431487e-01  9.729004e-01
-5.58621e+00  2.68966e+00       2.934e+11  2.846753e-01 -8.651638e-03  7.411015e-01  7.153247e-01
-5.17241e+00  2.68966e+00       3.697e+11  5.790909e-01 -3.469119e-02  5.723380e-01  4.209091e-01
-4.75862e+00  2.68966e+00       4.748e+11  7.743689e-01 -5.210726e-02  4.154053e-01  2.256311e-01
-4.34483e+00  2.68966e+00       4.741e+11  8.771067e-01 -6.307228e-02  3.168582e-01  1.228933e-01
-3.93103e+00  2.68966e+00       3.813e+11  9.030535e-01 -7.400259e-02  2.941449e-01  9.694653e-02
-3.51724e+00  2.68966e+00       2.744e+11  8.703227e-01 -6.496604e-02  3.147148e-01  1.296773e-01
-3.10345e+00  2.68966e+00       1.888e+11  8.387365e-01 -2.274037e-02  2.473107e-01  1.612635e-01
-2.68966e+00  2.68966e+00       1.935e+11  8.943176e-01  4.229249e-02 -4.573985e-02  1.056824e-01
-2.27586e+00  2.68966e+00       4.264e+11  9.329931e-01  3.191109e-02 -2.666641e-01  6.700692e-02
-1.86207e+00  2.68966e+00       9.588e+11  9.146838e-01  7.353854e-03 -3.590238e-01  8.531619e-02
-1.44828e+00  2.68966e+00       1.452e+12  8.797699e-01 -1.782048e-02 -4.274165e-01  1.202301e-01
-1.03448e+00  2.68966e+00       1.378e+12  8.263945e-01 -6.254171e-02 -4.867918e-01  1.736055e-01
-6.20690e-01  2.68966e+00       8.612e+11  7.359091e-01 -1.507637e-01 -4.987329e-01  2.640909e-01
-2.06897e-01  2.68966e+00       4.662e+11  6.047823e-01 -2.800117e-01 -2.415104e-01  3.952177e-01
 2.06897e-01  2.68966e+00       4.709e+11  6.264068e-01 -2.255599e-01  3.563010e-01  3.735932e-01
 6.20690e-01  2.68966e+00       8.762e+11  7.630762e-01 -6.997700e-02  5.214654e-01  2.369238e-01
 1.03448e+00  2.68966e+00       1.430e+12  8.451788e-01  6.487130e-04  4.766435e-01  1.548212e-01
 1.44828e+00  2.68966e+00       1.570e+12  8.923788e-01  2.439288e-02  4.096763e-01  1.076212e-01
 1.86207e+00  2.68966e+00       1.111e+12  9.238700e-01  3.077344e-02  3.372953e-01  7.613002e-02
 2.27586e+00  2.68966e+00       5.696e+11  9.456076e-01  3.947548e-02  2.301263e-01  5.439237e-02
 2.68966e+00  2.68966e+00       3.193e+11  9.435044e-01  5.162933e-02  1.794108e-02  5.649563e-02
 3.10345e+00  2.68966e+00       2.797e+11  9.177317e-01  1.770859e-02 -1.919104e-01  8.226831e-02
 3.51724e+00  2.68966e+00       3.175e+11  9.127680e-01 -4.155931e-02 -2.613462e-01  8.723203e-02
 3.93103e+00  2.68966e+00       4.372e+11  9.244002e-01 -6.181315e-02 -2.858236e-01  7.559977e-02
 4.34483e+00  2.68966e+00       5.667e+11  9.068513e-01 -4.906467e-02 -3.331671e-01  9.314866e-02
 4.75862e+00  2.68966e+00       5.585e+11  8.277094e-01 -3.917628e-02 -4.320389e-01  1.722906e-01
 5.17241e+00  2.68966e+00       4.606e+11  6.731380e-01 -3.930860e-02 -5.998849e-01  3.268620e-01
 5.58621e+00  2.68966e+00       4.007e+11  4.725823e-01 -3.091707e-02 -7.568833e-01  5.274177e-01
 6.00000e+00  2.68966e+00       4.613e+11  1.903796e-01 -1.400215e-02 -8.505965e-01  8.096204e-01
-6.00000e+00  3.10345e+00       6.298e+11  8.125085e-02  3.513565e-02  8.905306e-01  9.187492e-01
-5.58621e+00  3.10345e+00       4.313e+11  2.474262e-01  7.264119e-02  8.371108e-01  7.525738e-01
-5.17241e+00  3.10345e+00       3.882e+11  4.629757e-01  3.143951e-02  7.014571e-01  5.370243e-01
-4.75862e+00  3.10345e+00       4.840e+11  6.968503e-01 -2.920298e-02  4.952092e-01  3.031497e-01
-4.34483e+00  3.10345e+00       5.610e+11  8.456429e-01 -5.403532e-02  3.339003e-01  1.543571e-01
-3.93103e+00  3.10345e+00       5.099e+11  9.149530e-01 -6.990152e-02  2.459778e-01  8.504698e-02
-3.51724e+00  3.10345e+00       3.970e+11  9.197361e-01 -7.238743e-02  2.397926e-01  8.026388e-02
-3.10345e+00  3.10345e+00       2.872e+11  8.725198e-01 -5.268369e-02  2.708327e-01  1.274802e-01
-2.68966e+00  3.10345e+00       1.849e+11  8.117032e-01 -6.386029e-03  2.171608e-01  1.882968e-01
-2.27586e+00  3.10345e+00       1.237e+11  7.959139e-01  1.126272e-01 -3.878705e-02  2.040861e-01
-1.86207e+00  3.10345e+00       1.218e+11  8.006600e-01  1.793156e-01 -3.533001e-01  1.993400e-01
-1.44828e+00  3.10345e+00       1.603e+11  6.789190e-01  1.504077e-01 -5.636327e-01  3.210810e-01
-1.03448e+00  3.10345e+00       2.284e+11  4.134417e-01  1.579947e-01 -6.826531e-01  5.865583e-01
-6.20690e-01  3.10345e+00       2.980e+11  8.119054e-02  2.036052e-01 -6.048370e-01  9.188095e-01
-2.06897e-01  3.10345e+00       3.343e+11 -1.849028e-01  2.338219e-01 -2.245810e-01  8.150972e-01
 2.06897e-01  3.10345e+00       3.461e+11 -1.652340e-01  1.997182e-01  3.173507e-01  8.347660e-01
 6.20690e-01  3.10345e+00       3.332e+11  1.301135e-01  1.221119e-01  6.370794e-01  8.698865e-01
 1.03448e+00  3.10345e+00       2.874e+11  4.805476e-01  6.994675e-02  6.423231e-01  5.194524e-01
 1.44828e+00  3.10345e+00       2.364e+11  7.372222e-01  7.445092e-02  4.969223e-01  2.627778e-01
 1.86207e+00  3.10345e+00       2.075e+11  8.587850e-01  1.037122e-01  3.052511e-01  1.412150e-01
 2.27586e+00  3.10345e+00       2.237e+11  9.042893e-01  9.193317e-02  4.520373e-02  9.571070e-02
 2.68966e+00  3.10345e+00       2.699e+11  9.127211e-01  3.142823e-02 -1.336226e-01  8.727889e-02
 3.10345e+00  3.10345e+00       3.141e+11  9.167129e-01 -3.266177e-02 -1.826845e-01  8.328709e-02
 3.51724e+00  3.10345e+00       4.290e+11  9.375224e-01 -6.182544e-02 -2.022237e-01  6.247761e-02
 3.93103e+00  3.10345e+00       6.065e+11  9.388972e-01 -5.345552e-02 -2.486754e-01  6.110285e-02
 4.34483e+00  3.10345e+00       6.492e+11  8.928060e-01 -4.263301e-02 -3.268749e-01  1.071940e-01
 4.75862e+00  3.10345e+00       5.331e+11  7.682017e-01 -3.952374e-02 -4.786475e-01  2.317983e-01
 5.17241e+00  3.10345e+00       4.210e+11  5.769779e-01 -2.869270e-02 -6.752062e-01  4.230221e-01
 5.58621e+00  3.10345e+00       4.180e+11  3.446267e-01 -6.575204e-03 -8.110322e-01  6.553733e-01
 6.00000e+00  3.10345e+00       5.978e+11  8.346522e-02 -1.191406e-02 -8.910176e-01  9.165348e-01
-6.00000e+00  3.51724e+00       9.408e+11  8.868764e-02  1.103794e-02  9.195803e-01  9.113124e-01
-5.58621e+00  3.51724e+00       6.391e+11  2.298988e-01  5.550764e-02  8.725851e-01  7.701012e-01
-5.17241e+00  3.51724e+00       4.508e+11  3.775528e-01  7.069800e-02  7.973337e-01  6.224472e-01
-4.75862e+00  3.51724e+00       4.539e+11  5.820762e-01  6.706157e-03  6.164322e-01  4.179238e-01
-4.34483e+00  3.51724e+00       5.722e+11  7.798974e-01 -4.056411e-02  3.895068e-01  2.201026e-01
-3.93103e+00  3.51724e+00       6.249e+11  8.965568e-01 -5.847162e-02  2.213610e-01  1.034432e-01
-3.51724e+00  3.51724e+00       5.445e+11  9.475557e-01 -7.184369e-02  1.311690e-01  5.244428e-02
-3.10345e+00  3.51724e+00       4.276e+11  9.464513e-01 -6.520039e-02  1.302645e-01  5.354872e-02
-2.68966e+00  3.51724e+00       3.248e+11  8.949550e-01 -4.038971e-02  1.810364e-01  1.050450e-01
-2.27586e+00  3.51724e+00       2.143e+11  8.012122e-01 -1.508203e-02  1.852976e-01  1.987878e-01
-1.86207e+00  3.51724e+00       1.227e+11  6.794403e-01  1.131040e-01  3.642449e-02  3.205597e-01
-1.44828e+00  3.51724e+00       8.110e+10  5.780470e-01  3.719582e-01 -2.717077e-01  4.219530e-01
-1.03448e+00  3.51724e+00       7.108e+10  4.424978e-01  4.662145e-01 -5.127452e-01  5.575022e-01
-6.20690e-01  3.51724e+00       6.805e+10  1.665548e-01  4.207859e-01 -5.633519e-01  8.334452e-01
-2.06897e-01  3.51724e+00       6.295e+10 -1.785495e-01  3.617182e-01 -3.350480e-01  8.214505e-01
 2.06897e-01  3.51724e+00       6.009e+10 -3.282343e-01  3.155136e-01  1.134918e-01  6.717657e-01
 6.20690e-01  3.51724e+00       6.464e+10 -8.185938e-02  3.209382e-01  4.171645e-01  9.181406e-01
 1.03448e+00  3.51724e+00       8.392e+10  3.920510e-01  3.386017e-01  4.064221e-01  6.079490e-01
 1.44828e+00  3.51724e+00       1.349e+11  7.473523e-01  2.490960e-01  2.221945e-01  2.526477e-01
 1.86207e+00  3.51724e+00       2.184e+11  8.830467e-01  1.140360e-01  4.628456e-02  1.169533e-01
 2.27586e+00  3.51724e+00       2.809e+11  9.069434e-01  2.141130e-02 -4.173127e-02  9.305657e-02
 2.68966e+00  3.51724e+00       3.089e+11  9.102218e-01 -3.587840e-02 -5.019093e-02  8.977825e-02
 3.10345e+00  3.51724e+00       4.270e+11  9.451758e-01 -5.938735e-02 -6.731527e-02  5.482423e-02
 3.51724e+00  3.51724e+00       6.437e+11  9.633976e-01 -5.212793e-02 -1.263949e-01  3.660239e-02
 3.93103e+00  3.51724e+00       7.315e+11  9.376306e-01 -4.303696e-02 -2.068193e-01  6.236944e-02
 4.34483e+00  3.51724e+00       6.230e+11  8.437177e-01 -4.226818e-02 -3.575834e-01  1.562823e-01
 4.75862e+00  3.51724e+00       4.930e+11  6.816759e-01 -3.803895e-02 -5.781368e-01  3.183241e-01
 5.17241e+00  3.51724e+00       4.513e+11  5.037235e-01 -1.289965e-02 -7.458497e-01  4.962765e-01
 5.58621e+00  3.51724e+00       5.781e+11  2.715133e-01 -5.767644e-03 -8.538042e-01  7.284867e-01
 6.00000e+00  3.51724e+00       9.163e+11  7.018658e-02 -1.749993e-02 -9.263319e-01  9.298134e-01
-6.00000e+00  3.93103e+00       1.314e+12  1.202174e-01  1.731264e-03  9.341545e-01  8.797826e-01
-5.58621e+00  3.93103e+00       9.589e+11  2.659576e-01  5.261058e-02  8.725040e-01  7.340424e-01
-5.17241e+00  3.93103e+00       6.621e+11  4.133195e-01  1.014054e-01  8.148334e-01  5.866805e-01
-4.75862e+00  3.93103e+00       4.928e+11  5.175095e-01  6.957235e-02  7.403645e-01  4.824905e-01
-4.34483e+00  3.93103e+00       5.071e+11  6.736718e-01 -1.206521e-02  5.308822e-01  3.263282e-01
-3.93103e+00  3.93103e+00       6.277e+11  8.349666e-01 -4.774296e-02  2.678458e-01  1.650334e-01
-3.51724e+00  3.93103e+00       6.739e+11  9.251242e-01 -6.015435e-02  7.315745e-02  7.487581e-02
-3.10345e+00  3.93103e+00       5.844e+11  9.604462e-01 -7.354158e-02 -4.244936e-02  3.955375e-02
-2.68966e+00  3.93103e+00       4.625e+11  9.641684e-01 -6.417142e-02 -7.092088e-02  3.583164e-02
-2.27586e+00  3.93103e+00       3.805e+11  9.344973e-01 -2.074279e-02 -1.423380e-02  6.550272e-02
-1.86207e+00  3.93103e+00       3.028e+11  8.553635e-01 -1.596891e-02  7.644236e-02  1.446365e-01
-1.44828e+00  3.93103e+00       1.968e+11  7.059779e-01 -5.952261e-02  1.620294e-01  2.940221e-01
-1.03448e+00  3.93103e+00       1.112e+11  4.825692e-01  1.191605e-02  2.389351e-01  5.174308e-01
-6.20690e-01  3.93103e+00       8.016e+10  3.152096e-01  3.959163e-01  2.893512e-01  6.847904e-01
-2.06897e-01  3.93103e+00       8.267e+10  3.168781e-01  6.720126e-01  3.079153e-01  6.831219e-01
 2.06897e-01  3.93103e+00       9.889e+10  4.684766e-01  5.921571e-01  3.329792e-01  5.315234e-01
 6.20690e-01  3.93103e+00       1.400e+11  7.095067e-01  3.017330e-01  3.147258e-01  2.904933e-01
 1.03448e+00  3.93103e+00       2.158e+11  8.509819e-01  7.991428e-02  2.391684e-01  1.490181e-01
 1.44828e+00  3.93103e+00       2.743e+11  8.678502e-01 -6.499640e-03  1.615548e-01  1.321498e-01
 1.86207e+00  3.93103e+00       2.644e+11  8.262429e-01 -2.668278e-02  1.305672e-01  1.737571e-01
 2.27586e+00  3.93103e+00       2.786e+11  8.387024e-01 -3.852074e-02  1.614980e-01  1.612976e-01
 2.68966e+00  3.93103e+00       4.501e+11  9.298215e-01 -5.200834e-02  1.254461e-01  7.017848e-02
 3.10345e+00  3.93103e+00       7.028e+11  9.704038e-01 -4.776049e-02  4.623638e-02  2.959623e-02
 3.51724e+00  3.93103e+00       7.875e+11  9.614353e-01 -4.266406e-02 -4.722113e-02  3.856475e-02
 3.93103e+00  3.93103e+00       6.687e+11  8.917745e-01 -4.616676e-02 -2.173192e-01  1.082255e-01
 4.34483e+00  3.93103e+00       5.356e+11  7.613825e-01 -4.898492e-02 -4.680102e-01  2.386175e-01
 4.75862e+00  3.93103e+00       4.598e+11  6.322662e-01 -2.352440e-02 -6.493544e-01  3.677338e-01
 5.17241e+00  3.93103e+00       4.973e+11  4.481712e-01  6.566778e-03 -7.693584e-01  5.518288e-01
 5.58621e+00  3.93103e+00       8.049e+11  2.217985e-01  2.931013e-04 -8.862159e-01  7.782015e-01
 6.00000e+00  3.93103e+00       1.294e+12  8.589597e-02  8.463018e-05 -9.494924e-01  9.141040e-01
-6.00000e+00  4.34483e+00       1.686e+12  1.896622e-01 -1.097797e-02  9.486245e-01  8.103378e-01
-5.58621e+00  4.34483e+00       1.442e+12  2.884076e-01  1.824103e-03  9.018145e-01  7.115924e-01
-5.17241e+00  4.34483e+00       1.037e+12  4.096617e-01  3.905626e-02  8.332054e-01  5.903383e-01
-4.75862e+00  4.34483e+00       6.707e+11  5.155746e-01  8.506149e-02  7.633954e-01  4.844254e-01
-4.34483e+00  4.34483e+00       4.828e+11  6.024970e-01  6.706487e-02  6.702901e-01  3.975030e-01
-3.93103e+00  4.34483e+00       5.035e+11  7.336186e-01 -1.102450e-02  4.435392e-01  2.663814e-01
-3.51724e+00  4.34483e+00       6.248e+11  8.552869e-01 -5.119447e-02  1.392050e-01  1.447131e-01
-3.10345e+00  4.34483e+00       6.923e+11  9.112958e-01 -6.076231e-02 -1.071526e-01  8.870418e-02
-2.68966e+00  4.34483e+00       6.259e+11  9.144334e-01 -7.346556e-02 -2.746252e-01  8.556657e-02
-2.27586e+00  4.34483e+00       4.920e+11  8.957593e-01 -8.666648e-02 -3.763569e-01  1.042407e-01
-1.86207e+00  4.34483e+00       3.740e+11  8.716753e-01 -4.877544e-02 -4.138495e-01  1.283247e-01
-1.44828e+00  4.34483e+00       3.119e+11  8.331426e-01  6.246566e-02 -4.168535e-01  1.668574e-01
-1.03448e+00  4.34483e+00       3.153e+11  8.059098e-01  1.383564e-01 -4.122411e-01  1.940902e-01
-6.20690e-01  4.34483e+00       3.326e+11  8.125950e-01  1.002179e-01 -3.877622e-01  1.874050e-01
-2.06897e-01  4.34483e+00       3.138e+11  8.045364e-01  2.504476e-02 -3.617936e-01  1.954636e-01
 2.06897e-01  4.34483e+00       2.681e+11  7.157924e-01  1.196236e-02 -3.642834e-01  2.842076e-01
 6.20690e-01  4.34483e+00       2.150e+11  5.272091e-01  1.064190e-01 -3.338820e-01  4.727909e-01
 1.03448e+00  4.34483e+00       1.701e+11  3.505100e-01  2.072609e-01 -1.097872e-01  6.494900e-01
 1.44828e+00  4.34483e+00       1.764e+11  4.396267e-01  1.100216e-01  3.099710e-01  5.603733e-01
 1.86207e+00  4.34483e+00       3.033e+11  7.155450e-01 -2.482522e-02  4.576270e-01  2.844550e-01
 2.27586e+00  4.34483e+00       5.554e+11  8.680555e-01 -4.762328e-02  3.791558e-01  1.319445e-01
 2.68966e+00  4.34483e+00       7.722e+11  9.291176e-01 -4.465958e-02  2.782899e-01  7.088245e-02
 3.10345e+00  4.34483e+00       7.734e+11  9.420978e-01 -4.576023e-02  1.555469e-01  5.790218e-02
 3.51724e+00  4.34483e+00       6.298e+11  9.002428e-01 -5.567182e-02 -6.576527e-02  9.975723e-02
 3.93103e+00  4.34483e+00       5.251e+11  8.078145e-01 -5.653882e-02 -3.665770e-01  1.921855e-01
 4.34483e+00  4.34483e+00       4.943e+11  7.212091e-01 -2.348913e-02 -5.639809e-01  2.787909e-01
 4.75862e+00  4.34483e+00       5.622e+11  6.009989e-01  2.029307e-03 -6.847154e-01  3.990011e-01
 5.17241e+00  4.34483e+00       8.681e+11  4.102797e-01 -1.145988e-02 -8.224486e-01  5.897203e-01
 5.58621e+00  4.34483e+00       1.402e+12  2.651240e-01 -1.788020e-02 -9.144829e-01  7.348760e-01
 6.00000e+00  4.34483e+00       1.775e+12  1.755614e-01 -9.390591e-03 -9.562338e-01  8.244386e-01
-6.00000e+00  4.75862e+00       1.902e+12  2.672776e-01 -1.068358e-02  9.420229e-01  7.327224e-01
-5.58621e+00  4.75862e+00       1.864e+12  3.480089e-01 -9.050199e-03  9.008528e-01  6.519911e-01
-5.17241e+00  4.75862e+00       1.552e+12  4.506971e-01  7.095272e-03  8.318060e-01  5.493029e-01
-4.75862e+00  4.75862e+00       1.114e+12  5.646936e-01  4.754228e-02  7.418754e-01  4.353064e-01
-4.34483e+00  4.75862e+00       7.106e+11  6.493053e-01  9.554596e-02  6.625267e-01  3.506947e-01
-3.93103e+00  4.75862e+00       4.795e+11  6.989429e-01  8.319421e-02  5.887321e-01  3.010571e-01
-3.51724e+00  4.75862e+00       4.533e+11  7.703816e-01  9.275799e-04  4.045141e-01  2.296184e-01
-3.10345e+00  4.75862e+00       5.324e+11  8.313698e-01 -5.547682e-02  6.674886e-02  1.686302e-01
-2.68966e+00  4.75862e+00       6.204e+11  8.297670e-01 -6.893096e-02 -2.751625e-01  1.702330e-01
-2.27586e+00  4.75862e+00       6.231e+11  7.621748e-01 -6.620215e-02 -5.169731e-01  2.378252e-01
-1.86207e+00  4.75862e+00       5.337e+11  6.383518e-01 -8.625418e-02 -6.907577e-01  3.616482e-01
-1.44828e+00  4.75862e+00       4.151e+11  4.836790e-01 -1.196895e-01 -8.074348e-01  5.163210e-01
-1.03448e+00  4.75862e+00       2.883e+11  2.909273e-01 -1.022467e-01 -8.644490e-01  7.090727e-01
-6.20690e-01  4.75862e+00       1.960e+11 -8.808398e-03  7.518337e-03 -8.468615e-01  9.911916e-01
-2.06897e-01  4.75862e+00       1.590e+11 -3.303039e-01  1.317889e-01 -6.721657e-01  6.696961e-01
 2.06897e-01  4.75862e+00       1.519e+11 -4.489591e-01  1.645011e-01 -2.335827e-01  5.510409e-01
 6.20690e-01  4.75862e+00       1.863e+11 -1.937421e-01  7.916705e-02  4.208053e-01  8.062579e-01
 1.03448e+00  4.75862e+00       3.042e+11  1.972376e-01 -2.677156e-02  7.741231e-01  8.027624e-01
 1.44828e+00  4.75862e+00       4.923e+11  4.679087e-01 -6.016727e-02  7.832867e-01  5.320913e-01
 1.86207e+00  4.75862e+00       6.634e+11  6.562143e-01 -5.562929e-02  6.788488e-01  3.437857e-01
 2.27586e+00  4.75862e+00       7.067e+11  7.780781e-01 -5.334392e-02  5.511136e-01  2.219219e-01
 2.68966e+00  4.75862e+00       6.078e+11  8.429610e-01 -6.469605e-02  3.634590e-01  1.570390e-01
 3.10345e+00  4.75862e+00       5.021e+11  8.579781e-01 -8.121495e-02  3.450911e-02  1.420219e-01
 3.51724e+00  4.75862e+00       4.717e+11  8.334152e-01 -6.795459e-02 -2.903531e-01  1.665848e-01
 3.93103e+00  4.75862e+00       4.829e+11  8.009727e-01 -1.741348e-02 -4.471953e-01  1.990273e-01
 4.34483e+00  4.75862e+00       5.588e+11  7.262131e-01  7.989455e-03 -5.538790e-01  2.737869e-01
 4.75862e+00  4.75862e+00       8.548e+11  5.663814e-01 -1.077671e-02 -7.205893e-01  4.336186e-01
 5.17241e+00  4.75862e+00       1.432e+12  4.247446e-01 -1.867795e-02 -8.492056e-01  5.752554e-01
 5.58621e+00  4.75862e+00       1.951e+12  3.328202e-01 -9.566247e-03 -9.131697e-01  6.671798e-01
 6.00000e+00  4.75862e+00       2.006e+12  2.597970e-01  1.574795e-03 -9.462337e-01  7.402030e-01
-6.00000e+00  5.17241e+00       1.943e+12  3.593749e-01 -7.658543e-03  9.179151e-01  6.406251e-01
-5.58621e+00  5.17241e+00       2.105e+12  4.209395e-01 -9.872277e-03  8.840442e-01  5.790605e-01
-5.17241e+00  5.17241e+00       1.995e+12  5.045539e-01 -7.541266e-03  8.225008e-01  4.954461e-01
-4.75862e+00  5.17241e+00       1.669e+12  6.036354e-01  8.880462e-03  7.285265e-01  3.963646e-01
-4.34483e+00  5.17241e+00       1.232e+12  7.058904e-01  4.841828e-02  6.123902e-01  2.941096e-01
-3.93103e+00  5.17241e+00       7.930e+11  7.750234e-01  1.018991e-01  5.143078e-01  2.249766e-01
-3.51724e+00  5.17241e+00       4.869e+11  7.962801e-01  1.165110e-01  4.554156e-01  2.037199e-01
-3.10345e+00  5.17241e+00       3.883e+11  8.229309e-01  4.334026e-02  3.680523e-01  1.770691e-01
-2.68966e+00  5.17241e+00       3.921e+11  8.357607e-01 -3.697066e-02  1.568992e-01  1.642393e-01
-2.27586e+00  5.17241e+00       4.096e+11  7.389354e-01 -9.621151e-02 -2.193049e-01  2.610646e-01
-1.86207e+00  5.17241e+00       4.485e+11  5.160061e-01 -1.165542e-01 -6.069804e-01  4.839939e-01
-1.44828e+00  5.17241e+00       4.710e+11  2.284831e-01 -8.967086e-02 -8.021497e-01  7.715169e-01
-1.03448e+00  5.17241e+00       4.323e+11 -1.271083e-01 -5.339218e-02 -7.985091e-01  8.728917e-01
-6.20690e-01  5.17241e+00       3.715e+11 -5.086406e-01 -4.341419e-02 -5.782337e-01  4.913594e-01
-2.06897e-01  5.17241e+00       3.453e+11 -7.207953e-01 -5.177665e-02 -1.167395e-01  2.792047e-01
 2.06897e-01  5.17241e+00       3.746e+11 -6.146702e-01 -5.736709e-02  4.158623e-01  3.853298e-01
 6.20690e-01  5.17241e+00       4.360e+11 -3.153729e-01 -6.148078e-02  7.624196e-01  6.846271e-01
 1.03448e+00  5.17241e+00       4.731e+11 -6.452619e-03 -7.014011e-02  8.938833e-01  9.935474e-01
 1.44828e+00  5.17241e+00       4.532e+11  2.509539e-01 -8.820901e-02  8.824304e-01  7.490461e-01
 1.86207e+00  5.17241e+00       3.930e+11  4.698002e-01 -1.127740e-01  7.288521e-01  5.301998e-01
 2.27586e+00  5.17241e+00       3.507e+11  6.815635e-01 -1.359525e-01  3.745742e-01  3.184365e-01
 2.68966e+00  5.17241e+00       3.671e+11  8.183550e-01 -1.246372e-01 -1.013079e-02  1.816450e-01
 3.10345e+00  5.17241e+00       4.128e+11  8.596327e-01 -5.649398e-02 -2.102613e-01  1.403673e-01
 3.51724e+00  5.17241e+00       4.588e+11  8.667121e-01  1.085321e-02 -2.807643e-01  1.332879e-01
 3.93103e+00  5.17241e+00       5.562e+11  8.222613e-01  1.419853e-02 -3.841585e-01  1.777387e-01
 4.34483e+00  5.17241e+00       8.696e+11  6.972826e-01 -1.480461e-02 -5.907240e-01  3.027174e-01
 4.75862e+00  5.17241e+00       1.482e+12  5.757635e-01 -1.979762e-02 -7.539275e-01  4.242365e-01
 5.17241e+00  5.17241e+00       2.090e+12  4.902020e-01 -8.016301e-03 -8.397849e-01  5.097980e-01
 5.58621e+00  5.17241e+00       2.257e+12  4.187427e-01  3.709940e-03 -8.887028e-01  5.812573e-01
 6.00000e+00  5.17241e+00       1.971e+12  3.500672e-01  7.331641e-03 -9.214079e-01  6.499328e-01
-6.00000e+00  5.58621e+00       1.794e+12  4.701018e-01 -6.041217e-03  8.682020e-01  5.298982e-01
-5.58621e+00  5.58621e+00       2.173e+12  5.122486e-01 -6.805023e-03  8.437958e-01  4.877514e-01
-5.17241e+00  5.58621e+00       2.227e+12  5.700677e-01 -8.786056e-03  7.971346e-01  4.299323e-01
-4.75862e+00  5.58621e+00       2.065e+12  6.493056e-01 -6.605700e-03  7.143792e-01  3.506944e-01
-4.34483e+00  5.58621e+00       1.771e+12  7.364892e-01  6.952803e-03  5.937113e-01  2.635108e-01
-3.93103e+00  5.58621e+00       1.384e+12  8.204528e-01  4.019220e-02  4.442483e-01  1.795472e-01
-3.51724e+00  5.58621e+00       9.529e+11  8.774139e-01  9.417019e-02  3.078053e-01  1.225861e-01
-3.10345e+00  5.58621e+00       5.640e+11  8.821444e-01  1.480123e-01  2.315751e-01  1.178556e-01
-2.68966e+00  5.58621e+00       3.497e+11  8.568097e-01  1.331437e-01  1.972933e-01  1.431903e-01
-2.27586e+00  5.58621e+00       3.087e+11  8.770518e-01  4.454023e-02  1.148001e-01  1.229482e-01
-1.86207e+00  5.58621e+00       3.004e+11  8.782542e-01 -3.313074e-02 -1.716308e-03  1.217458e-01
-1.44828e+00  5.58621e+00       2.540e+11  7.812721e-01 -1.412754e-01 -1.924828e-01  2.187279e-01
-1.03448e+00  5.58621e+00       2.026e+11  5.873884e-01 -2.391136e-01 -4.408301e-01  4.126116e-01
-6.20690e-01  5.58621e+00       1.539e+11  3.222056e-01 -2.318808e-01 -5.718144e-01  6.777944e-01
-2.06897e-01  5.58621e+00       1.105e+11 -2.771732e-02 -1.621721e-01 -4.869358e-01  9.722827e-01
 2.06897e-01  5.58621e+00       9.089e+10 -2.545952e-01 -1.792182e-01 -1.856784e-01  7.454048e-01
 6.20690e-01  5.58621e+00       1.026e+11 -8.586987e-02 -3.269511e-01  1.450842e-01  9.141301e-01
 1.03448e+00  5.58621e+00       1.445e+11  2.630748e-01 -3.840986e-01  3.016016e-01  7.369252e-01
 1.44828e+00  5.58621e+00       1.998e+11  5.436080e-01 -3.157473e-01  2.478097e-01  4.563920e-01
 1.86207e+00  5.58621e+00       2.527e+11  7.144412e-01 -2.021933e-01  9.224418e-02  2.855588e-01
 2.27586e+00  5.58621e+00       3.149e+11  8.118706e-01 -6.213133e-02 -4.650903e-03  1.881294e-01
 2.68966e+00  5.58621e+00       3.790e+11  8.682712e-01  3.800978e-02 -8.624229e-03  1.317288e-01
 3.10345e+00  5.58621e+00       4.340e+11  8.937789e-01  4.780401e-02 -2.326190e-02  1.062211e-01
 3.51724e+00  5.58621e+00       5.643e+11  8.746016e-01  3.136571e-03 -1.832875e-01  1.253984e-01
 3.93103e+00  5.58621e+00       9.296e+11  7.967425e-01 -2.427637e-02 -4.442547e-01  2.032575e-01
 4.34483e+00  5.58621e+00       1.576e+12  7.107930e-01 -1.891497e-02 -6.310316e-01  2.892070e-01
 4.75862e+00  5.58621e+00       2.214e+12  6.408138e-01 -2.956344e-03 -7.338473e-01  3.591862e-01
 5.17241e+00  5.58621e+00       2.439e+12  5.759438e-01  8.019508e-03 -7.978348e-01  4.240562e-01
 5.58621e+00  5.58621e+00       2.200e+12  5.099779e-01  8.568834e-03 -8.449498e-01  4.900221e-01
 6.00000e+00  5.58621e+00       1.807e+12  4.491572e-01  6.849496e-03 -8.777759e-01  5.508428e-01
-6.00000e+00  6.00000e+00       1.437e+12  5.812344e-01 -5.723311e-03  7.948813e-01  4.187656e-01
-5.58621e+00  6.00000e+00       2.001e+12  6.266918e-01 -5.334947e-03  7.643395e-01  3.733082e-01
-5.17241e+00  6.00000e+00       2.347e+12  6.631695e-01 -6.037175e-03  7.336288e-01  3.368305e-01
-4.75862e+00  6.00000e+00       2.288e+12  7.085886e-01 -7.450141e-03  6.814637e-01  2.914114e-01
-4.34483e+00  6.00000e+00       2.047e+12  7.732103e-01 -5.257708e-03  5.826111e-01  2.267897e-01
-3.93103e+00  6.00000e+00       1.793e+12  8.397698e-01  4.040582e-03  4.361016e-01  1.602302e-01
-3.51724e+00  6.00000e+00       1.499e+12  8.911256e-01  2.591083e-02  2.535987e-01  1.088744e-01
-3.10345e+00  6.00000e+00       1.157e+12  9.190047e-01  6.584950e-02  5.800919e-02  8.099531e-02
-2.68966e+00  6.00000e+00       7.851e+11  9.111441e-01  1.266080e-01 -9.643203e-02  8.885590e-02
-2.27586e+00  6.00000e+00       4.637e+11  8.606257e-01  1.960269e-01 -1.560699e-01  1.393743e-01
-1.86207e+00  6.00000e+00       2.716e+11  7.605807e-01  2.429382e-01 -8.512691e-02  2.394193e-01
-1.44828e+00  6.00000e+00       1.888e+11  6.520699e-01  2.183766e-01 -9.849054e-03  3.479301e-01
-1.03448e+00  6.00000e+00       1.696e+11  6.164540e-01  3.627904e-02 -1.046134e-01  3.835460e-01
-6.20690e-01  6.00000e+00       1.763e+11  5.592679e-01 -2.045215e-01 -2.935413e-01  4.407321e-01
-2.06897e-01  6.00000e+00       1.822e+11  4.473881e-01 -3.518055e-01 -4.133132e-01  5.526119e-01
 2.06897e-01  6.00000e+00       1.809e+11  4.024223e-01 -3.791256e-01 -3.614137e-01  5.975777e-01
 6.20690e-01  6.00000e+00       1.900e+11  5.054948e-01 -2.182135e-01 -1.374370e-01  4.945052e-01
 1.03448e+00  6.00000e+00       2.291e+11  6.402963e-01  6.052236e-02  1.293786e-01  3.597037e-01
 1.44828e+00  6.00000e+00       2.796e+11  6.920295e-01  1.899605e-01  3.002688e-01  3.079705e-01
 1.86207e+00  6.00000e+00       3.057e+11  6.994668e-01  1.572848e-01  3.794690e-01  3.005332e-01
 2.27586e+00  6.00000e+00       3.322e+11  7.360944e-01  7.729563e-02  3.917568e-01  2.639056e-01
 2.68966e+00  6.00000e+00       4.158e+11  8.227743e-01  9.763415e-03  2.732335e-01  1.772257e-01
 3.10345e+00  6.00000e+00       6.254e+11  8.790361e-01 -2.773232e-02 -1.454176e-03  1.209639e-01
 3.51724e+00  6.00000e+00       1.063e+12  8.671924e-01 -2.844987e-02 -2.910422e-01  1.328076e-01
 3.93103e+00  6.00000e+00       1.718e+12  8.260046e-01 -9.571756e-03 -4.811723e-01  1.739954e-01
 4.34483e+00  6.00000e+00       2.326e+12  7.787174e-01  8.043212e-03 -5.917677e-01  2.212826e-01
 4.75862e+00  6.00000e+00       2.548e+12  7.251052e-01  1.384160e-02 -6.681589e-01  2.748948e-01
 5.17241e+00  6.00000e+00       2.334e+12  6.656594e-01  8.607103e-03 -7.298460e-01  3.343406e-01
 5.58621e+00  6.00000e+00       1.993e+12  6.066235e-01  5.115681e-03 -7.773332e-01  3.933765e-01
 6.00000e+00  6.00000e+00       1.636e+12  5.593956e-01  1.171484e-02 -8.085805e-01  4.406044e-01
