 EB(GeV)    EMITTANCEx EMITTANCEy SIZEx(m)   SIZEy(m)   DIVx(rad)  DIVy(rad)
 1.500e+00  5.941e-09  5.941e-11  1.840e-04  1.299e-05  3.228e-05  4.574e-06
 betax      alphax     betay      alphay     eta        deta       E_spread  
 5.700e+00  0.000e+00  2.840e+00  0.000e+00  0.000e+00  0.000e+00  1.000e-03
 Ibeam(A) 
  2.000e-01


           x            y       F.Density            PL            PC          PL45        1-|PL|
          mm           mm  ph/s/mm^2/0.1%             -             -             -             -
-6.00000e+00 -6.00000e+00       1.875e+12  3.777935e-01  1.438185e-03 -9.047429e-01  6.222065e-01
-5.58621e+00 -6.00000e+00       1.786e+12  4.385934e-01 -6.709102e-05 -8.655193e-01  5.614066e-01
-5.17241e+00 -6.00000e+00       1.504e+12  5.305635e-01 -3.569218e-03 -7.901346e-01  4.694365e-01
-4.75862e+00 -6.00000e+00       1.240e+12  6.447551e-01 -1.201702e-02 -6.780267e-01  3.552449e-01
-4.34483e+00 -6.00000e+00       9.866e+11  7.449795e-01 -3.911257e-02 -5.620747e-01  2.550205e-01
-3.93103e+00 -6.00000e+00       6.674e+11  7.969492e-01 -8.902613e-02 -4.749553e-01  2.030508e-01
-3.51724e+00 -6.00000e+00       3.936e+11  8.033425e-01 -1.238322e-01 -4.009229e-01  1.966575e-01
-3.10345e+00 -6.00000e+00       2.923e+11  8.243973e-01 -7.180245e-02 -2.695797e-01  1.756027e-01
-2.68966e+00 -6.00000e+00       2.922e+11  8.322466e-01  1.226889e-02 -7.514553e-02  1.677534e-01
-2.27586e+00 -6.00000e+00       2.985e+11  7.168284e-01  8.379880e-02  2.193105e-01  2.831716e-01
-1.86207e+00 -6.00000e+00       3.134e+11  4.350158e-01  1.353870e-01  5.802041e-01  5.649842e-01
-1.44828e+00 -6.00000e+00       3.389e+11  1.024417e-01  1.531629e-01  8.091152e-01  8.975583e-01
-1.03448e+00 -6.00000e+00       3.324e+11 -1.905394e-01  1.251818e-01  8.264946e-01  8.094606e-01
-6.20690e-01 -6.00000e+00       2.849e+11 -4.830063e-01  6.384815e-02  6.282760e-01  5.169937e-01
-2.06897e-01 -6.00000e+00       2.435e+11 -7.098636e-01  1.471230e-02  1.916140e-01  2.901364e-01
 2.06897e-01 -6.00000e+00       2.397e+11 -6.844907e-01  1.782697e-02 -3.394018e-01  3.155093e-01
 6.20690e-01 -6.00000e+00       2.759e+11 -4.095954e-01  6.011657e-02 -7.215438e-01  5.904046e-01
 1.03448e+00 -6.00000e+00       3.314e+11 -8.152729e-02  9.698888e-02 -8.764832e-01  9.184727e-01
 1.44828e+00 -6.00000e+00       3.534e+11  1.912552e-01  1.075170e-01 -8.604074e-01  8.087448e-01
 1.86207e+00 -6.00000e+00       3.249e+11  4.430638e-01  1.142685e-01 -6.865621e-01  5.569362e-01
 2.27586e+00 -6.00000e+00       2.989e+11  6.726304e-01  1.280831e-01 -3.739367e-01  3.273696e-01
 2.68966e+00 -6.00000e+00       2.988e+11  7.970467e-01  9.681714e-02 -7.791290e-02  2.029533e-01
 3.10345e+00 -6.00000e+00       3.230e+11  8.452237e-01  1.687468e-02  1.198054e-01  1.547763e-01
 3.51724e+00 -6.00000e+00       3.665e+11  8.620221e-01 -2.573235e-02  2.282627e-01  1.379779e-01
 3.93103e+00 -6.00000e+00       4.408e+11  8.251275e-01 -1.604608e-03  3.523608e-01  1.748725e-01
 4.34483e+00 -6.00000e+00       6.683e+11  7.232846e-01  2.519497e-02  5.509090e-01  2.767154e-01
 4.75862e+00 -6.00000e+00       1.128e+12  6.172782e-01  1.865916e-02  7.087401e-01  3.827218e-01
 5.17241e+00 -6.00000e+00       1.614e+12  5.283672e-01  5.054767e-03  8.028541e-01  4.716328e-01
 5.58621e+00 -6.00000e+00       1.849e+12  4.420767e-01 -3.771393e-03  8.666748e-01  5.579233e-01
 6.00000e+00 -6.00000e+00       1.822e+12  3.593769e-01 -6.041958e-03  9.111654e-01  6.406231e-01
-6.00000e+00 -5.58621e+00       1.635e+12  2.622192e-01 -8.244860e-05 -9.383196e-01  7.377808e-01
-5.58621e+00 -5.58621e+00       1.444e+12  3.630142e-01 -1.258914e-03 -8.853172e-01  6.369858e-01
-5.17241e+00 -5.58621e+00       1.176e+12  4.839169e-01 -1.177361e-02 -8.056884e-01  5.160831e-01
-4.75862e+00 -5.58621e+00       8.816e+11  5.933174e-01 -4.793432e-02 -7.204571e-01  4.066826e-01
-4.34483e+00 -5.58621e+00       5.725e+11  6.581492e-01 -9.580474e-02 -6.482284e-01  3.418508e-01
-3.93103e+00 -5.58621e+00       3.802e+11  7.077808e-01 -8.887681e-02 -5.433400e-01  2.922192e-01
-3.51724e+00 -5.58621e+00       3.584e+11  7.836293e-01 -7.168106e-03 -3.200301e-01  2.163707e-01
-3.10345e+00 -5.58621e+00       4.171e+11  8.213286e-01  5.853409e-02  1.174678e-02  1.786714e-01
-2.68966e+00 -5.58621e+00       4.728e+11  7.972724e-01  8.130502e-02  3.351079e-01  2.027276e-01
-2.27586e+00 -5.58621e+00       4.575e+11  7.111823e-01  7.689634e-02  5.643505e-01  2.888177e-01
-1.86207e+00 -5.58621e+00       3.871e+11  5.263940e-01  9.435997e-02  7.400853e-01  4.736060e-01
-1.44828e+00 -5.58621e+00       3.331e+11  2.564464e-01  1.552294e-01  8.575452e-01  7.435536e-01
-1.03448e+00 -5.58621e+00       2.782e+11 -9.326903e-03  1.978696e-01  8.609968e-01  9.906731e-01
-6.20690e-01 -5.58621e+00       2.015e+11 -2.823176e-01  1.808963e-01  7.002127e-01  7.176824e-01
-2.06897e-01 -5.58621e+00       1.493e+11 -5.171133e-01  1.047969e-01  2.358167e-01  4.828867e-01
 2.06897e-01 -5.58621e+00       1.582e+11 -4.729170e-01  6.836162e-02 -4.168245e-01  5.270830e-01
 6.20690e-01 -5.58621e+00       2.287e+11 -2.209398e-01  1.011860e-01 -7.967657e-01  7.790602e-01
 1.03448e+00 -5.58621e+00       3.248e+11  2.762979e-02  1.165257e-01 -9.038832e-01  9.723702e-01
 1.44828e+00 -5.58621e+00       3.967e+11  2.766695e-01  9.558345e-02 -8.741664e-01  7.233305e-01
 1.86207e+00 -5.58621e+00       4.455e+11  5.328548e-01  6.399245e-02 -7.553595e-01  4.671452e-01
 2.27586e+00 -5.58621e+00       4.830e+11  7.233321e-01  5.421812e-02 -5.884085e-01  2.766679e-01
 2.68966e+00 -5.58621e+00       4.778e+11  8.234402e-01  6.224825e-02 -3.777214e-01  1.765598e-01
 3.10345e+00 -5.58621e+00       4.314e+11  8.572965e-01  7.202536e-02 -9.302154e-02  1.427035e-01
 3.51724e+00 -5.58621e+00       3.925e+11  8.406880e-01  5.536265e-02  2.019503e-01  1.593120e-01
 3.93103e+00 -5.58621e+00       3.906e+11  8.025160e-01  7.027192e-03  3.979936e-01  1.974840e-01
 4.34483e+00 -5.58621e+00       4.414e+11  7.346700e-01 -9.028640e-03  5.291425e-01  2.653300e-01
 4.75862e+00 -5.58621e+00       6.350e+11  5.971612e-01  1.326213e-02  6.905771e-01  4.028388e-01
 5.17241e+00 -5.58621e+00       1.055e+12  4.584204e-01  1.752962e-02  8.225709e-01  5.415796e-01
 5.58621e+00 -5.58621e+00       1.513e+12  3.531050e-01  6.253125e-03  8.967722e-01  6.468950e-01
 6.00000e+00 -5.58621e+00       1.726e+12  2.630595e-01 -2.476447e-03  9.405406e-01  7.369405e-01
-6.00000e+00 -5.17241e+00       1.374e+12  1.827033e-01  6.659730e-04 -9.406785e-01  8.172967e-01
-5.58621e+00 -5.17241e+00       1.103e+12  3.067671e-01 -1.181180e-02 -8.883073e-01  6.932329e-01
-5.17241e+00 -5.17241e+00       8.067e+11  4.252319e-01 -4.914876e-02 -8.283252e-01  5.747681e-01
-4.75862e+00 -5.17241e+00       5.302e+11  5.097626e-01 -9.040495e-02 -7.631205e-01  4.902374e-01
-4.34483e+00 -5.17241e+00       3.975e+11  6.151287e-01 -6.027457e-02 -6.231567e-01  3.848713e-01
-3.93103e+00 -5.17241e+00       4.318e+11  7.626805e-01  1.986900e-02 -3.557180e-01  2.373195e-01
-3.51724e+00 -5.17241e+00       5.167e+11  8.661000e-01  6.035231e-02 -7.003111e-02  1.339000e-01
-3.10345e+00 -5.17241e+00       5.333e+11  9.015047e-01  7.234859e-02  1.591792e-01  9.849529e-02
-2.68966e+00 -5.17241e+00       4.667e+11  8.795935e-01  9.031267e-02  3.424086e-01  1.204065e-01
-2.27586e+00 -5.17241e+00       3.818e+11  8.286969e-01  1.097779e-01  4.731349e-01  1.713031e-01
-1.86207e+00 -5.17241e+00       3.083e+11  7.734481e-01  7.642706e-02  5.190771e-01  2.265519e-01
-1.44828e+00 -5.17241e+00       2.520e+11  6.950685e-01 -6.536401e-02  4.964353e-01  3.049315e-01
-1.03448e+00 -5.17241e+00       2.316e+11  5.927596e-01 -2.850946e-01  4.840930e-01  4.072404e-01
-6.20690e-01 -5.17241e+00       2.393e+11  5.198195e-01 -3.990423e-01  5.209101e-01  4.801805e-01
-2.06897e-01 -5.17241e+00       2.359e+11  4.497389e-01 -4.149285e-01  5.425560e-01  5.502611e-01
 2.06897e-01 -5.17241e+00       2.132e+11  3.453825e-01 -4.476691e-01  4.734680e-01  6.546175e-01
 6.20690e-01 -5.17241e+00       1.881e+11  2.676358e-01 -4.860997e-01  2.495714e-01  7.323642e-01
 1.03448e+00 -5.17241e+00       1.755e+11  3.095776e-01 -3.727969e-01 -1.140718e-01  6.904224e-01
 1.44828e+00 -5.17241e+00       2.015e+11  4.686001e-01 -1.077777e-01 -4.506929e-01  5.313999e-01
 1.86207e+00 -5.17241e+00       3.007e+11  6.686324e-01  3.453190e-02 -5.403422e-01  3.313676e-01
 2.27586e+00 -5.17241e+00       4.539e+11  8.150609e-01  5.189458e-02 -4.678594e-01  1.849391e-01
 2.68966e+00 -5.17241e+00       5.684e+11  8.955135e-01  4.609406e-02 -3.515349e-01  1.044865e-01
 3.10345e+00 -5.17241e+00       5.877e+11  9.279350e-01  4.417288e-02 -1.966112e-01  7.206496e-02
 3.51724e+00 -5.17241e+00       5.343e+11  9.068900e-01  5.009853e-02  2.099478e-02  9.311002e-02
 3.93103e+00 -5.17241e+00       4.615e+11  8.300519e-01  5.009133e-02  2.890165e-01  1.699481e-01
 4.34483e+00 -5.17241e+00       4.176e+11  7.307176e-01  2.139528e-02  5.160374e-01  2.692824e-01
 4.75862e+00 -5.17241e+00       4.424e+11  6.151879e-01 -4.824786e-03  6.649885e-01  3.848121e-01
 5.17241e+00 -5.17241e+00       6.219e+11  4.408719e-01  8.272037e-03  8.007768e-01  5.591281e-01
 5.58621e+00 -5.17241e+00       1.018e+12  2.807978e-01  1.644601e-02  9.005136e-01  7.192022e-01
 6.00000e+00 -5.17241e+00       1.429e+12  1.705917e-01  9.182445e-03  9.500272e-01  8.294083e-01
-6.00000e+00 -4.75862e+00       1.037e+12  1.189824e-01 -9.251916e-03 -9.319403e-01  8.810176e-01
-5.58621e+00 -4.75862e+00       7.571e+11  2.476659e-01 -4.412796e-02 -8.932031e-01  7.523341e-01
-5.17241e+00 -4.75862e+00       5.102e+11  3.566127e-01 -8.243592e-02 -8.377259e-01  6.433873e-01
-4.75862e+00 -4.75862e+00       4.068e+11  5.127149e-01 -4.873136e-02 -6.935908e-01  4.872851e-01
-4.34483e+00 -4.75862e+00       4.613e+11  7.169749e-01  2.523566e-02 -4.481471e-01  2.830251e-01
-3.93103e+00 -4.75862e+00       5.373e+11  8.586950e-01  5.908800e-02 -2.200802e-01  1.413050e-01
-3.51724e+00 -4.75862e+00       5.203e+11  9.297558e-01  7.443224e-02 -4.401619e-02  7.024425e-02
-3.10345e+00 -4.75862e+00       4.374e+11  9.525817e-01  8.422707e-02  7.441188e-02  4.741832e-02
-2.68966e+00 -4.75862e+00       3.610e+11  9.436400e-01  4.902352e-02  1.070074e-01  5.636001e-02
-2.27586e+00 -4.75862e+00       3.052e+11  9.077811e-01 -1.704878e-02  6.889377e-02  9.221891e-02
-1.86207e+00 -4.75862e+00       2.409e+11  8.371317e-01 -7.141911e-03  1.486477e-02  1.628683e-01
-1.44828e+00 -4.75862e+00       1.618e+11  7.127145e-01  8.398395e-02 -3.785691e-02  2.872855e-01
-1.03448e+00 -4.75862e+00       1.060e+11  5.574940e-01  5.521945e-02 -1.530073e-01  4.425060e-01
-6.20690e-01 -4.75862e+00       8.992e+10  4.708912e-01 -2.488455e-01 -3.384593e-01  5.291088e-01
-2.06897e-01 -4.75862e+00       9.723e+10  4.873469e-01 -4.723408e-01 -4.304971e-01  5.126531e-01
 2.06897e-01 -4.75862e+00       1.106e+11  5.887652e-01 -4.401276e-01 -4.279814e-01  4.112348e-01
 6.20690e-01 -4.75862e+00       1.283e+11  7.265062e-01 -2.379534e-01 -3.781544e-01  2.734938e-01
 1.03448e+00 -4.75862e+00       1.570e+11  8.088846e-01 -3.171689e-02 -2.981612e-01  1.911154e-01
 1.44828e+00 -4.75862e+00       1.841e+11  8.014309e-01  4.350434e-02 -2.087178e-01  1.985691e-01
 1.86207e+00 -4.75862e+00       1.959e+11  7.552294e-01  9.761995e-03 -1.586209e-01  2.447706e-01
 2.27586e+00 -4.75862e+00       2.338e+11  7.898805e-01 -8.466314e-03 -1.778586e-01  2.101195e-01
 2.68966e+00 -4.75862e+00       3.561e+11  8.980391e-01  3.030638e-02 -1.592642e-01  1.019609e-01
 3.10345e+00 -4.75862e+00       5.237e+11  9.574303e-01  4.448697e-02 -8.193756e-02  4.256970e-02
 3.51724e+00 -4.75862e+00       6.110e+11  9.614259e-01  4.149707e-02  2.287091e-02  3.857407e-02
 3.93103e+00 -4.75862e+00       5.757e+11  9.087956e-01  4.194251e-02  1.802469e-01  9.120438e-02
 4.34483e+00 -4.75862e+00       4.884e+11  7.905033e-01  4.249575e-02  4.034793e-01  2.094967e-01
 4.75862e+00 -4.75862e+00       4.233e+11  6.404163e-01  2.206951e-02  6.197638e-01  3.595837e-01
 5.17241e+00 -4.75862e+00       4.373e+11  4.720219e-01 -2.033832e-03  7.672659e-01  5.279781e-01
 5.58621e+00 -4.75862e+00       6.203e+11  2.599672e-01  7.708536e-03  8.760314e-01  7.400328e-01
 6.00000e+00 -4.75862e+00       9.945e+11  9.313573e-02  1.504251e-02  9.404127e-01  9.068643e-01
-6.00000e+00 -4.34483e+00       7.200e+11  6.254374e-02 -3.455605e-02 -9.184624e-01  9.374563e-01
-5.58621e+00 -4.34483e+00       4.955e+11  1.960379e-01 -7.615964e-02 -8.814584e-01  8.039621e-01
-5.17241e+00 -4.34483e+00       3.959e+11  3.830734e-01 -5.155890e-02 -7.638302e-01  6.169266e-01
-4.75862e+00 -4.34483e+00       4.439e+11  6.297306e-01  2.109917e-02 -5.545676e-01  3.702694e-01
-4.34483e+00 -4.34483e+00       5.104e+11  8.055232e-01  5.708203e-02 -3.646110e-01  1.944768e-01
-3.93103e+00 -4.34483e+00       4.836e+11  9.024032e-01  7.287666e-02 -2.249909e-01  9.759680e-02
-3.51724e+00 -4.34483e+00       4.006e+11  9.386491e-01  7.301226e-02 -1.531418e-01  6.135086e-02
-3.10345e+00 -4.34483e+00       3.244e+11  9.202716e-01  4.223289e-02 -1.624250e-01  7.972837e-02
-2.68966e+00 -4.34483e+00       2.474e+11  8.606475e-01  2.159714e-02 -1.872993e-01  1.393525e-01
-2.27586e+00 -4.34483e+00       1.612e+11  7.608275e-01 -5.492013e-04 -1.329805e-01  2.391725e-01
-1.86207e+00 -4.34483e+00       9.685e+10  6.109550e-01 -1.568096e-01  7.160238e-02  3.890450e-01
-1.44828e+00 -4.34483e+00       6.864e+10  4.432582e-01 -3.909357e-01  3.280888e-01  5.567418e-01
-1.03448e+00 -4.34483e+00       6.322e+10  2.237210e-01 -4.568561e-01  3.779131e-01  7.762790e-01
-6.20690e-01 -4.34483e+00       6.777e+10 -3.851146e-02 -4.063481e-01  1.136858e-01  9.614885e-01
-2.06897e-01 -4.34483e+00       7.839e+10 -1.260622e-01 -3.308969e-01 -3.306840e-01  8.739378e-01
 2.06897e-01 -4.34483e+00       9.086e+10  4.232900e-03 -2.701579e-01 -6.343550e-01  9.957671e-01
 6.20690e-01 -4.34483e+00       9.799e+10  2.247934e-01 -2.530972e-01 -6.803352e-01  7.752066e-01
 1.03448e+00 -4.34483e+00       1.072e+11  5.101674e-01 -2.751656e-01 -5.140017e-01  4.898326e-01
 1.44828e+00 -4.34483e+00       1.358e+11  7.652037e-01 -2.576370e-01 -2.809029e-01  2.347963e-01
 1.86207e+00 -4.34483e+00       1.799e+11  8.793795e-01 -1.610666e-01 -9.876613e-02  1.206205e-01
 2.27586e+00 -4.34483e+00       2.147e+11  8.937574e-01 -5.234132e-02  2.223328e-02  1.062426e-01
 2.68966e+00 -4.34483e+00       2.379e+11  8.808514e-01  1.028832e-02  6.490583e-02  1.191486e-01
 3.10345e+00 -4.34483e+00       3.094e+11  9.112277e-01  3.896451e-02  7.747822e-02  8.877229e-02
 3.51724e+00 -4.34483e+00       4.575e+11  9.474235e-01  4.787474e-02  1.312364e-01  5.257653e-02
 3.93103e+00 -4.34483e+00       5.713e+11  9.381478e-01  4.326520e-02  2.116814e-01  6.185219e-02
 4.34483e+00 -4.34483e+00       5.569e+11  8.658051e-01  4.001443e-02  3.355598e-01  1.341949e-01
 4.75862e+00 -4.34483e+00       4.700e+11  7.158159e-01  3.756409e-02  5.232096e-01  2.841841e-01
 5.17241e+00 -4.34483e+00       4.010e+11  5.235938e-01  1.774124e-02  7.131142e-01  4.764062e-01
 5.58621e+00 -4.34483e+00       4.245e+11  2.993495e-01 -1.824247e-03  8.393693e-01  7.006505e-01
 6.00000e+00 -4.34483e+00       6.296e+11  6.046995e-02  9.066749e-03  9.121537e-01  9.395300e-01
-6.00000e+00 -3.93103e+00       4.797e+11  1.606041e-02 -5.905007e-02 -8.948903e-01  9.839396e-01
-5.58621e+00 -3.93103e+00       3.679e+11  2.203013e-01 -6.063545e-02 -8.176561e-01  7.796987e-01
-5.17241e+00 -3.93103e+00       3.960e+11  5.041613e-01  8.840617e-03 -6.485640e-01  4.958387e-01
-4.75862e+00 -3.93103e+00       4.603e+11  7.198462e-01  5.271896e-02 -4.840149e-01  2.801538e-01
-4.34483e+00 -3.93103e+00       4.426e+11  8.423446e-01  7.066495e-02 -3.654073e-01  1.576554e-01
-3.93103e+00 -3.93103e+00       3.641e+11  8.878755e-01  7.312823e-02 -3.116124e-01  1.121245e-01
-3.51724e+00 -3.93103e+00       2.848e+11  8.639942e-01  5.456735e-02 -3.222744e-01  1.360058e-01
-3.10345e+00 -3.93103e+00       2.057e+11  8.107480e-01  3.187947e-02 -3.031181e-01  1.892520e-01
-2.68966e+00 -3.93103e+00       1.401e+11  7.796041e-01 -3.318063e-02 -1.129095e-01  2.203959e-01
-2.27586e+00 -3.93103e+00       1.320e+11  7.885797e-01 -1.270478e-01  2.631974e-01  2.114203e-01
-1.86207e+00 -3.93103e+00       2.105e+11  7.429394e-01 -1.336252e-01  5.259054e-01  2.570606e-01
-1.44828e+00 -3.93103e+00       3.761e+11  6.148113e-01 -1.567039e-01  6.580929e-01  3.851887e-01
-1.03448e+00 -3.93103e+00       5.543e+11  4.133679e-01 -2.181772e-01  7.168092e-01  5.866321e-01
-6.20690e-01 -3.93103e+00       6.303e+11  1.326334e-01 -2.954831e-01  6.369535e-01  8.673666e-01
-2.06897e-01 -3.93103e+00       6.179e+11 -1.332464e-01 -3.591855e-01  2.683565e-01  8.667536e-01
 2.06897e-01 -3.93103e+00       6.319e+11 -1.212414e-01 -3.490347e-01 -3.049413e-01  8.787586e-01
 6.20690e-01 -3.93103e+00       6.778e+11  1.627506e-01 -2.644265e-01 -6.502896e-01  8.372494e-01
 1.03448e+00 -3.93103e+00       6.487e+11  4.668326e-01 -1.699531e-01 -6.813163e-01  5.331674e-01
 1.44828e+00 -3.93103e+00       5.189e+11  7.022644e-01 -1.063579e-01 -5.437867e-01  2.977356e-01
 1.86207e+00 -3.93103e+00       3.668e+11  8.523092e-01 -9.263075e-02 -3.517704e-01  1.476908e-01
 2.27586e+00 -3.93103e+00       2.633e+11  9.135278e-01 -1.068399e-01 -1.327439e-01  8.647215e-02
 2.68966e+00 -3.93103e+00       2.309e+11  9.091270e-01 -7.695834e-02  1.002469e-01  9.087298e-02
 3.10345e+00 -3.93103e+00       2.400e+11  8.853495e-01 -6.569249e-03  2.230187e-01  1.146505e-01
 3.51724e+00 -3.93103e+00       2.926e+11  8.926987e-01  4.336521e-02  2.513099e-01  1.073013e-01
 3.93103e+00 -3.93103e+00       4.144e+11  9.111336e-01  5.370827e-02  2.896596e-01  8.886644e-02
 4.34483e+00 -3.93103e+00       5.159e+11  8.875059e-01  4.603892e-02  3.563066e-01  1.124941e-01
 4.75862e+00 -3.93103e+00       5.006e+11  7.916366e-01  3.988274e-02  4.657221e-01  2.083634e-01
 5.17241e+00 -3.93103e+00       4.182e+11  6.079461e-01  3.298400e-02  6.315029e-01  3.920539e-01
 5.58621e+00 -3.93103e+00       3.639e+11  3.719947e-01  1.055932e-02  7.901586e-01  6.280053e-01
 6.00000e+00 -3.93103e+00       4.246e+11  9.339590e-02  8.949917e-04  8.773699e-01  9.066041e-01
-6.00000e+00 -3.51724e+00       3.297e+11  6.001539e-02 -1.253372e-01 -8.241887e-01  9.399846e-01
-5.58621e+00 -3.51724e+00       3.342e+11  3.538440e-01 -4.503919e-02 -7.158329e-01  6.461560e-01
-5.17241e+00 -3.51724e+00       3.964e+11  6.161152e-01  3.231044e-02 -5.743237e-01  3.838848e-01
-4.75862e+00 -3.51724e+00       4.022e+11  7.684129e-01  6.497167e-02 -4.677784e-01  2.315871e-01
-4.34483e+00 -3.51724e+00       3.349e+11  8.307615e-01  7.598025e-02 -4.144719e-01  1.692385e-01
-3.93103e+00 -3.51724e+00       2.574e+11  8.152348e-01  6.648333e-02 -4.152131e-01  1.847652e-01
-3.51724e+00 -3.51724e+00       1.953e+11  7.896169e-01  3.998553e-02 -3.601766e-01  2.103831e-01
-3.10345e+00 -3.51724e+00       2.090e+11  8.739612e-01 -1.526747e-02 -8.624778e-02  1.260388e-01
-2.68966e+00 -3.51724e+00       4.554e+11  9.569492e-01 -3.139529e-02  1.348762e-01  4.305085e-02
-2.27586e+00 -3.51724e+00       1.004e+12  9.616167e-01 -2.212942e-02  2.142726e-01  3.838329e-02
-1.86207e+00 -3.51724e+00       1.469e+12  9.452125e-01 -7.675318e-03  2.694166e-01  5.478747e-02
-1.44828e+00 -3.51724e+00       1.319e+12  9.143629e-01  1.890346e-02  3.183708e-01  8.563707e-02
-1.03448e+00 -3.51724e+00       7.500e+11  8.498350e-01  5.845033e-02  3.464624e-01  1.501650e-01
-6.20690e-01 -3.51724e+00       3.265e+11  7.064873e-01  8.171240e-02  2.742817e-01  2.935127e-01
-2.06897e-01 -3.51724e+00       1.915e+11  5.715473e-01  1.858863e-02 -3.837007e-02  4.284527e-01
 2.06897e-01 -3.51724e+00       2.375e+11  6.884636e-01 -3.848755e-02 -3.154914e-01  3.115364e-01
 6.20690e-01 -3.51724e+00       4.479e+11  8.333412e-01 -2.777027e-02 -3.774259e-01  1.666588e-01
 1.03448e+00 -3.51724e+00       8.888e+11  8.998117e-01 -2.186108e-02 -3.604092e-01  1.001883e-01
 1.44828e+00 -3.51724e+00       1.435e+12  9.297652e-01 -3.231530e-02 -3.206659e-01  7.023476e-02
 1.86207e+00 -3.51724e+00       1.599e+12  9.489051e-01 -4.181890e-02 -2.671250e-01  5.109487e-02
 2.27586e+00 -3.51724e+00       1.171e+12  9.629614e-01 -4.700280e-02 -1.954814e-01  3.703857e-02
 2.68966e+00 -3.51724e+00       6.173e+11  9.661201e-01 -5.542030e-02 -8.122710e-02  3.387990e-02
 3.10345e+00 -3.51724e+00       3.229e+11  9.319183e-01 -5.616686e-02  1.209190e-01  6.808171e-02
 3.51724e+00 -3.51724e+00       2.484e+11  8.724180e-01 -5.823593e-03  3.085340e-01  1.275820e-01
 3.93103e+00 -3.51724e+00       2.834e+11  8.621985e-01  4.866411e-02  3.665558e-01  1.378015e-01
 4.34483e+00 -3.51724e+00       3.867e+11  8.676513e-01  5.793935e-02  4.022619e-01  1.323487e-01
 4.75862e+00 -3.51724e+00       4.559e+11  8.267772e-01  4.738183e-02  4.604372e-01  1.732228e-01
 5.17241e+00 -3.51724e+00       4.146e+11  7.002631e-01  3.649293e-02  5.608167e-01  2.997369e-01
 5.58621e+00 -3.51724e+00       3.294e+11  4.728863e-01  1.518208e-02  7.094772e-01  5.271137e-01
 6.00000e+00 -3.51724e+00       2.955e+11  1.917796e-01 -2.023173e-02  8.255717e-01  8.082204e-01
-6.00000e+00 -3.10345e+00       2.734e+11  1.541529e-01 -8.592485e-02 -7.476290e-01  8.458471e-01
-5.58621e+00 -3.10345e+00       3.201e+11  4.685753e-01  7.968434e-03 -6.339990e-01  5.314247e-01
-5.17241e+00 -3.10345e+00       3.510e+11  6.811272e-01  4.940827e-02 -5.313679e-01  3.188728e-01
-4.75862e+00 -3.10345e+00       3.116e+11  7.807984e-01  6.867940e-02 -4.746008e-01  2.192016e-01
-4.34483e+00 -3.10345e+00       2.426e+11  7.863504e-01  7.375920e-02 -4.648659e-01  2.136496e-01
-3.93103e+00 -3.10345e+00       2.023e+11  7.868181e-01  5.087828e-02 -4.011164e-01  2.131819e-01
-3.51724e+00 -3.10345e+00       3.104e+11  9.126514e-01  8.187572e-03 -1.776411e-01  8.734857e-02
-3.10345e+00 -3.10345e+00       7.890e+11  9.828477e-01  1.904587e-04 -6.568371e-02  1.715227e-02
-2.68966e+00 -3.10345e+00       1.516e+12  9.938873e-01  5.670448e-03 -2.833380e-02  6.112729e-03
-2.27586e+00 -3.10345e+00       1.740e+12  9.938233e-01  1.570301e-02  5.710008e-04  6.176650e-03
-1.86207e+00 -3.10345e+00       1.225e+12  9.887832e-01  3.520503e-02  2.999082e-02  1.121675e-02
-1.44828e+00 -3.10345e+00       6.925e+11  9.779844e-01  6.345434e-02  4.983329e-02  2.201555e-02
-1.03448e+00 -3.10345e+00       5.473e+11  9.712629e-01  7.736754e-02  5.414069e-02  2.873713e-02
-6.20690e-01 -3.10345e+00       6.266e+11  9.722069e-01  8.946894e-02  7.596411e-02  2.779314e-02
-2.06897e-01 -3.10345e+00       6.944e+11  9.704662e-01  1.051188e-01  1.071547e-01  2.953378e-02
 2.06897e-01 -3.10345e+00       6.193e+11  9.624013e-01  1.078855e-01  1.401304e-01  3.759865e-02
 6.20690e-01 -3.10345e+00       4.516e+11  9.480860e-01  8.568510e-02  1.638149e-01  5.191404e-02
 1.03448e+00 -3.10345e+00       3.743e+11  9.457452e-01  3.018137e-02  1.159877e-01  5.425481e-02
 1.44828e+00 -3.10345e+00       6.051e+11  9.742082e-01 -1.445690e-02  1.933457e-02  2.579177e-02
 1.86207e+00 -3.10345e+00       1.246e+12  9.908055e-01 -2.506091e-02 -2.614770e-03  9.194456e-03
 2.27586e+00 -3.10345e+00       1.842e+12  9.948980e-01 -2.809788e-02  7.518386e-03  5.101965e-03
 2.68966e+00 -3.10345e+00       1.670e+12  9.938984e-01 -3.127530e-02  3.038499e-02  6.101620e-03
 3.10345e+00 -3.10345e+00       9.477e+11  9.842515e-01 -3.700799e-02  7.725426e-02  1.574846e-02
 3.51724e+00 -3.10345e+00       4.227e+11  9.406096e-01 -3.759525e-02  1.955659e-01  5.939037e-02
 3.93103e+00 -3.10345e+00       2.566e+11  8.587250e-01  6.797617e-03  3.689739e-01  1.412750e-01
 4.34483e+00 -3.10345e+00       2.772e+11  8.365249e-01  5.598086e-02  4.391263e-01  1.634751e-01
 4.75862e+00 -3.10345e+00       3.587e+11  8.277771e-01  5.634689e-02  4.741839e-01  1.722229e-01
 5.17241e+00 -3.10345e+00       3.863e+11  7.535650e-01  4.207480e-02  5.361107e-01  2.464350e-01
 5.58621e+00 -3.10345e+00       3.336e+11  5.726761e-01  2.700168e-02  6.485040e-01  4.273239e-01
 6.00000e+00 -3.10345e+00       2.720e+11  3.083183e-01 -2.777320e-03  7.766345e-01  6.916817e-01
-6.00000e+00 -2.68966e+00       2.521e+11  2.875503e-01 -3.616266e-02 -6.823830e-01  7.124497e-01
-5.58621e+00 -2.68966e+00       2.911e+11  5.752219e-01  3.276618e-02 -5.710143e-01  4.247781e-01
-5.17241e+00 -2.68966e+00       2.860e+11  7.299697e-01  5.448775e-02 -5.041085e-01  2.700303e-01
-4.75862e+00 -2.68966e+00       2.335e+11  7.719146e-01  7.052302e-02 -4.857739e-01  2.280854e-01
-4.34483e+00 -2.68966e+00       1.984e+11  7.768006e-01  6.400188e-02 -4.465374e-01  2.231994e-01
-3.93103e+00 -2.68966e+00       3.196e+11  8.950946e-01  2.434887e-02 -2.796283e-01  1.049054e-01
-3.51724e+00 -2.68966e+00       8.325e+11  9.679319e-01  1.134872e-02 -1.925483e-01  3.206809e-02
-3.10345e+00 -2.68966e+00       1.584e+12  9.824062e-01  1.280633e-02 -1.667862e-01  1.759376e-02
-2.68966e+00 -2.68966e+00       1.792e+12  9.859839e-01  1.890975e-02 -1.497354e-01  1.401613e-02
-2.27586e+00 -2.68966e+00       1.377e+12  9.862246e-01  3.328424e-02 -1.374305e-01  1.377544e-02
-1.86207e+00 -2.68966e+00       1.240e+12  9.838915e-01  4.640432e-02 -1.405086e-01  1.610849e-02
-1.44828e+00 -2.68966e+00       1.791e+12  9.856082e-01  3.520440e-02 -1.332213e-01  1.439176e-02
-1.03448e+00 -2.68966e+00       2.891e+12  9.910930e-01  2.008917e-02 -9.468169e-02  8.907027e-03
-6.20690e-01 -2.68966e+00       4.408e+12  9.956995e-01  1.333429e-02 -4.558252e-02  4.300518e-03
-2.06897e-01 -2.68966e+00       5.626e+12  9.974153e-01  1.041980e-02 -2.428158e-03  2.584725e-03
 2.06897e-01 -2.68966e+00       5.417e+12  9.965673e-01  6.900267e-03  3.837761e-02  3.432716e-03
 6.20690e-01 -2.68966e+00       3.869e+12  9.926899e-01  3.211879e-03  8.573660e-02  7.310081e-03
 1.03448e+00 -2.68966e+00       2.197e+12  9.840089e-01  3.566235e-03  1.445586e-01  1.599108e-02
 1.44828e+00 -2.68966e+00       1.120e+12  9.707387e-01  9.948260e-03  2.010677e-01  2.926129e-02
 1.86207e+00 -2.68966e+00       7.676e+11  9.667842e-01  5.508954e-04  2.020215e-01  3.321581e-02
 2.27586e+00 -2.68966e+00       1.168e+12  9.795536e-01 -1.935983e-02  1.627497e-01  2.044643e-02
 2.68966e+00 -2.68966e+00       1.791e+12  9.841901e-01 -2.406554e-02  1.563674e-01  1.580985e-02
 3.10345e+00 -2.68966e+00       1.699e+12  9.826501e-01 -2.669777e-02  1.653211e-01  1.734989e-02
 3.51724e+00 -2.68966e+00       9.690e+11  9.714197e-01 -3.082767e-02  1.938413e-01  2.858028e-02
 3.93103e+00 -2.68966e+00       4.125e+11  9.239286e-01 -2.495394e-02  2.826045e-01  7.607142e-02
 4.34483e+00 -2.68966e+00       2.443e+11  8.420151e-01  2.664692e-02  4.224438e-01  1.579849e-01
 4.75862e+00 -2.68966e+00       2.691e+11  8.212344e-01  6.084365e-02  4.786373e-01  1.787656e-01
 5.17241e+00 -2.68966e+00       3.225e+11  7.880355e-01  5.178078e-02  5.167856e-01  2.119645e-01
 5.58621e+00 -2.68966e+00       3.089e+11  6.646517e-01  3.767729e-02  5.886514e-01  3.353483e-01
 6.00000e+00 -2.68966e+00       2.466e+11  4.155522e-01  1.461247e-02  7.029855e-01  5.844478e-01
-6.00000e+00 -2.27586e+00       2.168e+11  4.592665e-01  5.462538e-03 -5.980097e-01  5.407335e-01
-5.58621e+00 -2.27586e+00       2.504e+11  6.821346e-01  3.050880e-02 -5.206637e-01  3.178654e-01
-5.17241e+00 -2.27586e+00       2.287e+11  7.648371e-01  5.582861e-02 -4.896553e-01  2.351629e-01
-4.75862e+00 -2.27586e+00       1.876e+11  7.762167e-01  7.207253e-02 -4.678488e-01  2.237833e-01
-4.34483e+00 -2.27586e+00       2.525e+11  8.585810e-01  4.177509e-02 -3.540077e-01  1.414190e-01
-3.93103e+00 -2.27586e+00       6.570e+11  9.463237e-01  1.908528e-02 -2.633479e-01  5.367635e-02
-3.51724e+00 -2.27586e+00       1.395e+12  9.671131e-01  1.649764e-02 -2.394538e-01  3.288687e-02
-3.10345e+00 -2.27586e+00       1.792e+12  9.718352e-01  1.902292e-02 -2.286724e-01  2.816477e-02
-2.68966e+00 -2.27586e+00       1.650e+12  9.729150e-01  2.651001e-02 -2.220805e-01  2.708496e-02
-2.27586e+00 -2.27586e+00       2.325e+12  9.746135e-01  2.652114e-02 -2.123899e-01  2.538650e-02
-1.86207e+00 -2.27586e+00       6.424e+12  9.802950e-01  1.409416e-02 -1.881387e-01  1.970497e-02
-1.44828e+00 -2.27586e+00       1.737e+13  9.854647e-01  4.118253e-03 -1.603558e-01  1.453531e-02
-1.03448e+00 -2.27586e+00       3.513e+13  9.899343e-01 -3.610901e-03 -1.276450e-01  1.006575e-02
-6.20690e-01 -2.27586e+00       5.278e+13  9.939053e-01 -9.391733e-03 -8.585850e-02  6.094706e-03
-2.06897e-01 -2.27586e+00       6.283e+13  9.965832e-01 -1.309365e-02 -3.478706e-02  3.416833e-03
 2.06897e-01 -2.27586e+00       6.267e+13  9.969635e-01 -1.534258e-02  2.019631e-02  3.036534e-03
 6.20690e-01 -2.27586e+00       5.207e+13  9.949525e-01 -1.714355e-02  7.109174e-02  5.047520e-03
 1.03448e+00 -2.27586e+00       3.372e+13  9.913178e-01 -1.894284e-02  1.138109e-01  8.682187e-03
 1.44828e+00 -2.27586e+00       1.574e+13  9.864814e-01 -2.042718e-02  1.502215e-01  1.351856e-02
 1.86207e+00 -2.27586e+00       5.156e+12  9.792274e-01 -2.041623e-02  1.873155e-01  2.077265e-02
 2.27586e+00 -2.27586e+00       1.560e+12  9.675240e-01 -1.782605e-02  2.306370e-01  3.247597e-02
 2.68966e+00 -2.27586e+00       1.305e+12  9.674109e-01 -1.929378e-02  2.347458e-01  3.258909e-02
 3.10345e+00 -2.27586e+00       1.736e+12  9.710177e-01 -2.146557e-02  2.280227e-01  2.898225e-02
 3.51724e+00 -2.27586e+00       1.484e+12  9.690336e-01 -2.393057e-02  2.335818e-01  3.096639e-02
 3.93103e+00 -2.27586e+00       7.658e+11  9.543412e-01 -2.617050e-02  2.605260e-01  4.565876e-02
 4.34483e+00 -2.27586e+00       3.209e+11  8.982657e-01 -6.955731e-03  3.481727e-01  1.017343e-01
 4.75862e+00 -2.27586e+00       2.250e+11  8.350928e-01  4.919379e-02  4.516302e-01  1.649072e-01
 5.17241e+00 -2.27586e+00       2.585e+11  8.172802e-01  5.858141e-02  4.884078e-01  1.827198e-01
 5.58621e+00 -2.27586e+00       2.690e+11  7.520626e-01  4.465701e-02  5.299661e-01  2.479374e-01
 6.00000e+00 -2.27586e+00       2.192e+11  5.597297e-01  3.342924e-02  6.103746e-01  4.402703e-01
-6.00000e+00 -1.86207e+00       2.059e+11  6.051072e-01  2.237035e-02 -5.447271e-01  3.948928e-01
-5.58621e+00 -1.86207e+00       2.230e+11  7.333083e-01  6.938009e-02 -4.949731e-01  2.666917e-01
-5.17241e+00 -1.86207e+00       1.842e+11  7.853097e-01  8.979157e-02 -4.535572e-01  2.146903e-01
-4.75862e+00 -1.86207e+00       1.824e+11  8.288932e-01  6.434485e-02 -3.936715e-01  1.711068e-01
-4.34483e+00 -1.86207e+00       4.105e+11  9.237684e-01  2.686676e-02 -2.987633e-01  7.623156e-02
-3.93103e+00 -1.86207e+00       1.030e+12  9.576321e-01  1.848672e-02 -2.669965e-01  4.236793e-02
-3.51724e+00 -1.86207e+00       1.642e+12  9.645467e-01  1.791538e-02 -2.577868e-01  3.545326e-02
-3.10345e+00 -1.86207e+00       1.810e+12  9.660672e-01  2.049526e-02 -2.534372e-01  3.393276e-02
-2.68966e+00 -1.86207e+00       2.895e+12  9.674488e-01  1.761747e-02 -2.475490e-01  3.255123e-02
-2.27586e+00 -1.86207e+00       8.392e+12  9.709825e-01  6.689410e-03 -2.347746e-01  2.901751e-02
-1.86207e+00 -1.86207e+00       2.069e+13  9.747480e-01 -2.136294e-03 -2.189210e-01  2.525204e-02
-1.44828e+00 -1.86207e+00       3.386e+13  9.788810e-01 -8.756194e-03 -1.985349e-01  2.111899e-02
-1.03448e+00 -1.86207e+00       3.678e+13  9.836764e-01 -1.297442e-02 -1.704981e-01  1.632364e-02
-6.20690e-01 -1.86207e+00       2.907e+13  9.891551e-01 -1.359579e-02 -1.275396e-01  1.084489e-02
-2.06897e-01 -1.86207e+00       2.136e+13  9.942208e-01 -8.963538e-03 -5.160283e-02  5.779209e-03
 2.06897e-01 -1.86207e+00       2.183e+13  9.946620e-01 -3.629074e-03  5.041043e-02  5.338015e-03
 6.20690e-01 -1.86207e+00       3.031e+13  9.905768e-01 -5.372796e-03  1.198973e-01  9.423217e-03
 1.03448e+00 -1.86207e+00       3.797e+13  9.859419e-01 -1.059131e-02  1.583463e-01  1.405811e-02
 1.44828e+00 -1.86207e+00       3.385e+13  9.816363e-01 -1.603982e-02  1.844445e-01  1.836367e-02
 1.86207e+00 -1.86207e+00       1.952e+13  9.774440e-01 -2.079760e-02  2.054658e-01  2.255603e-02
 2.27586e+00 -1.86207e+00       7.105e+12  9.725166e-01 -2.423539e-02  2.258306e-01  2.748339e-02
 2.68966e+00 -1.86207e+00       2.098e+12  9.654412e-01 -2.384419e-02  2.494830e-01  3.455877e-02
 3.10345e+00 -1.86207e+00       1.487e+12  9.645254e-01 -1.924686e-02  2.536858e-01  3.547457e-02
 3.51724e+00 -1.86207e+00       1.610e+12  9.661651e-01 -1.945905e-02  2.501836e-01  3.383488e-02
 3.93103e+00 -1.86207e+00       1.112e+12  9.623152e-01 -2.159413e-02  2.573330e-01  3.768480e-02
 4.34483e+00 -1.86207e+00       4.896e+11  9.399301e-01 -1.825150e-02  2.933716e-01  6.006992e-02
 4.75862e+00 -1.86207e+00       2.298e+11  8.780317e-01  2.289336e-02  3.891392e-01  1.219683e-01
 5.17241e+00 -1.86207e+00       2.196e+11  8.403067e-01  6.278668e-02  4.549750e-01  1.596933e-01
 5.58621e+00 -1.86207e+00       2.468e+11  7.997101e-01  5.404926e-02  4.932169e-01  2.002899e-01
 6.00000e+00 -1.86207e+00       2.182e+11  6.895645e-01  3.970790e-02  5.614053e-01  3.104355e-01
-6.00000e+00 -1.44828e+00       1.711e+11  7.203477e-01  5.789187e-02 -4.083599e-01  2.796523e-01
-5.58621e+00 -1.44828e+00       1.696e+11  8.258355e-01  4.626936e-02 -3.629159e-01  1.741645e-01
-5.17241e+00 -1.44828e+00       1.475e+11  8.523573e-01  3.799943e-02 -3.650088e-01  1.476427e-01
-4.75862e+00 -1.44828e+00       2.212e+11  9.037599e-01  3.127256e-02 -3.119018e-01  9.624008e-02
-4.34483e+00 -1.44828e+00       6.034e+11  9.538566e-01  1.949678e-02 -2.609237e-01  4.614345e-02
-3.93103e+00 -1.44828e+00       1.271e+12  9.661461e-01  1.590120e-02 -2.484841e-01  3.385392e-02
-3.51724e+00 -1.44828e+00       1.709e+12  9.684364e-01  1.569098e-02 -2.453729e-01  3.156362e-02
-3.10345e+00 -1.44828e+00       2.378e+12  9.686813e-01  1.373692e-02 -2.445555e-01  3.131872e-02
-2.68966e+00 -1.44828e+00       6.076e+12  9.701995e-01  4.975642e-03 -2.392780e-01  2.980050e-02
-2.27586e+00 -1.44828e+00       1.497e+13  9.723326e-01 -2.939020e-03 -2.310347e-01  2.766742e-02
-1.86207e+00 -1.44828e+00       2.357e+13  9.746850e-01 -9.124003e-03 -2.207476e-01  2.531501e-02
-1.44828e+00 -1.44828e+00       2.231e+13  9.774638e-01 -1.393662e-02 -2.072554e-01  2.253616e-02
-1.03448e+00 -1.44828e+00       1.318e+13  9.812477e-01 -1.689160e-02 -1.853012e-01  1.875232e-02
-6.20690e-01 -1.44828e+00       6.067e+12  9.879723e-01 -1.571987e-02 -1.321585e-01  1.202770e-02
-2.06897e-01 -1.44828e+00       3.776e+12  9.957263e-01 -9.744597e-03 -3.838872e-02  4.273710e-03
 2.06897e-01 -1.44828e+00       3.841e+12  9.955028e-01 -4.095121e-03  4.693128e-02  4.497157e-03
 6.20690e-01 -1.44828e+00       6.441e+12  9.884257e-01  1.101315e-03  1.330164e-01  1.157427e-02
 1.03448e+00 -1.44828e+00       1.418e+13  9.831391e-01 -1.427839e-03  1.768558e-01  1.686094e-02
 1.44828e+00 -1.44828e+00       2.349e+13  9.801845e-01 -7.555580e-03  1.946462e-01  1.981554e-02
 1.86207e+00 -1.44828e+00       2.376e+13  9.777412e-01 -1.366039e-02  2.067232e-01  2.225876e-02
 2.27586e+00 -1.44828e+00       1.403e+13  9.752249e-01 -1.893222e-02  2.177377e-01  2.477510e-02
 2.68966e+00 -1.44828e+00       5.010e+12  9.720083e-01 -2.273794e-02  2.298299e-01  2.799172e-02
 3.10345e+00 -1.44828e+00       1.771e+12  9.687150e-01 -2.123112e-02  2.401099e-01  3.128505e-02
 3.51724e+00 -1.44828e+00       1.517e+12  9.701534e-01 -1.711323e-02  2.357112e-01  2.984665e-02
 3.93103e+00 -1.44828e+00       1.296e+12  9.700210e-01 -1.746834e-02  2.352069e-01  2.997898e-02
 4.34483e+00 -1.44828e+00       6.787e+11  9.624611e-01 -1.715912e-02  2.484373e-01  3.753891e-02
 4.75862e+00 -1.44828e+00       2.717e+11  9.314756e-01 -3.652000e-04  2.998147e-01  6.852435e-02
 5.17241e+00 -1.44828e+00       1.786e+11  8.917358e-01  3.894047e-02  3.727394e-01  1.082642e-01
 5.58621e+00 -1.44828e+00       2.013e+11  8.674376e-01  4.876119e-02  4.072906e-01  1.325624e-01
 6.00000e+00 -1.44828e+00       1.913e+11  7.914323e-01  4.316124e-02  4.517526e-01  2.085677e-01
-6.00000e+00 -1.03448e+00       1.667e+11  8.330405e-01  3.649325e-02 -3.766636e-01  1.669595e-01
-5.58621e+00 -1.03448e+00       1.601e+11  8.842777e-01  6.731574e-02 -3.294484e-01  1.157223e-01
-5.17241e+00 -1.03448e+00       1.449e+11  9.086827e-01  6.285238e-02 -2.866872e-01  9.131733e-02
-4.75862e+00 -1.03448e+00       2.798e+11  9.517863e-01  2.646831e-02 -2.319090e-01  4.821374e-02
-4.34483e+00 -1.03448e+00       7.625e+11  9.733530e-01  1.470356e-02 -2.090816e-01  2.664700e-02
-3.93103e+00 -1.03448e+00       1.393e+12  9.777658e-01  1.257623e-02 -2.041978e-01  2.223420e-02
-3.51724e+00 -1.03448e+00       1.833e+12  9.781322e-01  1.076669e-02 -2.047722e-01  2.186782e-02
-3.10345e+00 -1.03448e+00       3.441e+12  9.781615e-01  4.876983e-03 -2.051052e-01  2.183848e-02
-2.68966e+00 -1.03448e+00       8.943e+12  9.791357e-01 -1.851617e-03 -2.011121e-01  2.086428e-02
-2.27586e+00 -1.03448e+00       1.666e+13  9.803036e-01 -7.032501e-03 -1.955012e-01  1.969638e-02
-1.86207e+00 -1.03448e+00       1.843e+13  9.817303e-01 -1.115886e-02 -1.877835e-01  1.826972e-02
-1.44828e+00 -1.03448e+00       1.230e+13  9.839830e-01 -1.352253e-02 -1.736562e-01  1.601697e-02
-1.03448e+00 -1.03448e+00       6.094e+12  9.887339e-01 -1.055595e-02 -1.375545e-01  1.126615e-02
-6.20690e-01 -1.03448e+00       3.636e+12  9.953591e-01 -6.473597e-05 -7.333848e-02  4.640914e-03
-2.06897e-01 -1.03448e+00       3.112e+12  9.984227e-01  7.760590e-03 -1.667319e-02  1.577251e-03
 2.06897e-01 -1.03448e+00       3.261e+12  9.982199e-01  8.821760e-03  3.144361e-02  1.780100e-03
 6.20690e-01 -1.03448e+00       4.040e+12  9.952651e-01  5.370136e-03  7.989124e-02  4.734880e-03
 1.03448e+00 -1.03448e+00       6.799e+12  9.897781e-01  1.126633e-03  1.327933e-01  1.022191e-02
 1.44828e+00 -1.03448e+00       1.342e+13  9.860823e-01 -3.684360e-03  1.622871e-01  1.391767e-02
 1.86207e+00 -1.03448e+00       1.935e+13  9.843467e-01 -8.776718e-03  1.738134e-01  1.565332e-02
 2.27586e+00 -1.03448e+00       1.647e+13  9.830862e-01 -1.347338e-02  1.807985e-01  1.691382e-02
 2.68966e+00 -1.03448e+00       7.999e+12  9.817127e-01 -1.742067e-02  1.873562e-01  1.828733e-02
 3.10345e+00 -1.03448e+00       2.657e+12  9.800203e-01 -1.902694e-02  1.938727e-01  1.997973e-02
 3.51724e+00 -1.03448e+00       1.484e+12  9.803299e-01 -1.462898e-02  1.913282e-01  1.967008e-02
 3.93103e+00 -1.03448e+00       1.339e+12  9.811712e-01 -1.281043e-02  1.876970e-01  1.882875e-02
 4.34483e+00 -1.03448e+00       8.182e+11  9.788523e-01 -1.252016e-02  1.927292e-01  2.114772e-02
 4.75862e+00 -1.03448e+00       3.374e+11  9.658579e-01 -2.715082e-03  2.209631e-01  3.414206e-02
 5.17241e+00 -1.03448e+00       1.839e+11  9.388838e-01  3.393775e-02  2.806882e-01  6.111625e-02
 5.58621e+00 -1.03448e+00       1.856e+11  9.212740e-01  4.372332e-02  3.151966e-01  7.872601e-02
 6.00000e+00 -1.03448e+00       1.763e+11  8.831232e-01  2.936093e-02  3.567645e-01  1.168768e-01
-6.00000e+00 -6.20690e-01       1.397e+11  9.445300e-01 -1.514885e-02 -2.194562e-01  5.546996e-02
-5.58621e+00 -6.20690e-01       1.365e+11  9.568643e-01  2.321696e-03 -2.150713e-01  4.313571e-02
-5.17241e+00 -6.20690e-01       1.447e+11  9.645667e-01  1.789323e-02 -1.907879e-01  3.543331e-02
-4.75862e+00 -6.20690e-01       3.331e+11  9.816643e-01  1.383031e-02 -1.519297e-01  1.833565e-02
-4.34483e+00 -6.20690e-01       8.581e+11  9.884085e-01  1.010333e-02 -1.406933e-01  1.159147e-02
-3.93103e+00 -6.20690e-01       1.440e+12  9.896142e-01  8.487301e-03 -1.395520e-01  1.038581e-02
-3.51724e+00 -6.20690e-01       2.009e+12  9.894883e-01  4.860642e-03 -1.415269e-01  1.051173e-02
-3.10345e+00 -6.20690e-01       4.387e+12  9.897902e-01 -9.568946e-04 -1.402493e-01  1.020975e-02
-2.68966e+00 -6.20690e-01       1.035e+13  9.903673e-01 -4.852116e-03 -1.366659e-01  9.632651e-03
-2.27586e+00 -6.20690e-01       1.573e+13  9.909153e-01 -7.640004e-03 -1.326660e-01  9.084677e-03
-1.86207e+00 -6.20690e-01       1.396e+13  9.916168e-01 -9.668081e-03 -1.268907e-01  8.383247e-03
-1.44828e+00 -6.20690e-01       7.682e+12  9.928670e-01 -9.927078e-03 -1.152541e-01  7.133023e-03
-1.03448e+00 -6.20690e-01       3.337e+12  9.951923e-01 -6.018515e-03 -9.076112e-02  4.807713e-03
-6.20690e-01 -6.20690e-01       1.532e+12  9.976470e-01  7.563889e-04 -5.905017e-02  2.353021e-03
-2.06897e-01 -6.20690e-01       8.532e+11  9.989668e-01  6.479358e-03 -1.920934e-02  1.033207e-03
 2.06897e-01 -6.20690e-01       9.699e+11  9.987068e-01  8.607573e-03  3.464157e-02  1.293244e-03
 6.20690e-01 -6.20690e-01       1.902e+12  9.975339e-01  5.188026e-03  6.365735e-02  2.466104e-03
 1.03448e+00 -6.20690e-01       3.989e+12  9.957908e-01  6.636774e-04  8.635794e-02  4.209234e-03
 1.44828e+00 -6.20690e-01       8.692e+12  9.941607e-01 -3.251928e-03  1.046930e-01  5.839318e-03
 1.86207e+00 -6.20690e-01       1.506e+13  9.933046e-01 -6.588941e-03  1.133985e-01  6.695428e-03
 2.27586e+00 -6.20690e-01       1.604e+13  9.928059e-01 -9.526174e-03  1.177698e-01  7.194149e-03
 2.68966e+00 -6.20690e-01       9.660e+12  9.923447e-01 -1.200117e-02  1.211874e-01  7.655324e-03
 3.10345e+00 -6.20690e-01       3.559e+12  9.917896e-01 -1.347812e-02  1.243235e-01  8.210424e-03
 3.51724e+00 -6.20690e-01       1.564e+12  9.918358e-01 -1.125147e-02  1.222476e-01  8.164169e-03
 3.93103e+00 -6.20690e-01       1.335e+12  9.924606e-01 -8.734226e-03  1.179673e-01  7.539389e-03
 4.34483e+00 -6.20690e-01       9.014e+11  9.920124e-01 -7.809082e-03  1.192953e-01  7.987629e-03
 4.75862e+00 -6.20690e-01       3.910e+11  9.885583e-01 -3.253154e-03  1.306721e-01  1.144172e-02
 5.17241e+00 -6.20690e-01       1.766e+11  9.799075e-01  1.147150e-02  1.588323e-01  2.009245e-02
 5.58621e+00 -6.20690e-01       1.505e+11  9.745601e-01  1.504849e-02  1.795860e-01  2.543985e-02
 6.00000e+00 -6.20690e-01       1.485e+11  9.649811e-01  1.252463e-02  1.985410e-01  3.501888e-02
-6.00000e+00 -2.06897e-01       1.289e+11  9.921519e-01 -6.646523e-03 -7.459097e-02  7.848108e-03
-5.58621e+00 -2.06897e-01       1.236e+11  9.936123e-01 -8.174663e-03 -7.585718e-02  6.387722e-03
-5.17241e+00 -2.06897e-01       1.430e+11  9.942291e-01 -3.680310e-03 -7.232898e-02  5.770909e-03
-4.75862e+00 -2.06897e-01       3.624e+11  9.968373e-01  2.571926e-03 -6.096110e-02  3.162693e-03
-4.34483e+00 -2.06897e-01       9.050e+11  9.978374e-01  4.125091e-03 -5.766427e-02  2.162571e-03
-3.93103e+00 -2.06897e-01       1.464e+12  9.979245e-01  3.199507e-03 -5.862491e-02  2.075483e-03
-3.51724e+00 -2.06897e-01       2.138e+12  9.978612e-01 -1.128562e-03 -6.037503e-02  2.138790e-03
-3.10345e+00 -2.06897e-01       4.883e+12  9.981405e-01 -4.931402e-03 -5.742381e-02  1.859477e-03
-2.68966e+00 -2.06897e-01       1.076e+13  9.983745e-01 -5.905865e-03 -5.415856e-02  1.625546e-03
-2.27586e+00 -2.06897e-01       1.478e+13  9.985214e-01 -6.261273e-03 -5.161259e-02  1.478566e-03
-1.86207e+00 -2.06897e-01       1.179e+13  9.986722e-01 -6.291674e-03 -4.862159e-02  1.327782e-03
-1.44828e+00 -2.06897e-01       5.929e+12  9.989058e-01 -5.441570e-03 -4.357044e-02  1.094233e-03
-1.03448e+00 -2.06897e-01       2.407e+12  9.992961e-01 -2.978711e-03 -3.458770e-02  7.038729e-04
-6.20690e-01 -2.06897e-01       1.086e+12  9.997689e-01 -9.168844e-04 -2.314829e-02  2.310533e-04
-2.06897e-01 -2.06897e-01       7.049e+11  9.998533e-01 -1.603871e-03 -1.004578e-02  1.467334e-04
 2.06897e-01 -2.06897e-01       7.764e+11  9.999001e-01 -2.175819e-03  6.563326e-03  9.993379e-05
 6.20690e-01 -2.06897e-01       1.360e+12  9.997459e-01 -2.722043e-03  2.203088e-02  2.541028e-04
 1.03448e+00 -2.06897e-01       2.973e+12  9.994691e-01 -4.086250e-03  3.023572e-02  5.309382e-04
 1.44828e+00 -2.06897e-01       6.867e+12  9.993058e-01 -5.420424e-03  3.436521e-02  6.941566e-04
 1.86207e+00 -2.06897e-01       1.295e+13  9.992243e-01 -6.307415e-03  3.627766e-02  7.756995e-04
 2.27586e+00 -2.06897e-01       1.533e+13  9.991754e-01 -6.841400e-03  3.728169e-02  8.245910e-04
 2.68966e+00 -2.06897e-01       1.027e+13  9.991248e-01 -7.072498e-03  3.807360e-02  8.751625e-04
 3.10345e+00 -2.06897e-01       4.072e+12  9.990462e-01 -6.869004e-03  3.856256e-02  9.538165e-04
 3.51724e+00 -2.06897e-01       1.645e+12  9.990415e-01 -5.671971e-03  3.595897e-02  9.584743e-04
 3.93103e+00 -2.06897e-01       1.322e+12  9.991999e-01 -4.205277e-03  3.276895e-02  8.000840e-04
 4.34483e+00 -2.06897e-01       9.321e+11  9.991956e-01 -2.929756e-03  3.282164e-02  8.043918e-04
 4.75862e+00 -2.06897e-01       4.150e+11  9.988163e-01 -7.465715e-04  3.488830e-02  1.183725e-03
 5.17241e+00 -2.06897e-01       1.729e+11  9.977752e-01  1.852438e-03  3.833972e-02  2.224754e-03
 5.58621e+00 -2.06897e-01       1.411e+11  9.973448e-01  3.192663e-03  4.052602e-02  2.655205e-03
 6.00000e+00 -2.06897e-01       1.456e+11  9.964751e-01  5.757569e-03  4.565450e-02  3.524925e-03
-6.00000e+00  2.06897e-01       1.284e+11  9.934748e-01 -4.146457e-03  4.509244e-02  6.525173e-03
-5.58621e+00  2.06897e-01       1.231e+11  9.953255e-01 -9.351145e-03  4.958861e-02  4.674499e-03
-5.17241e+00  2.06897e-01       1.426e+11  9.967445e-01 -1.631370e-02  4.557781e-02  3.255525e-03
-4.75862e+00  2.06897e-01       3.628e+11  9.986387e-01 -7.460140e-03  3.397829e-02  1.361328e-03
-4.34483e+00  2.06897e-01       9.069e+11  9.991457e-01 -2.328180e-03  3.076099e-02  8.543287e-04
-3.93103e+00  2.06897e-01       1.469e+12  9.992375e-01 -2.291042e-03  2.848460e-02  7.625221e-04
-3.51724e+00  2.06897e-01       2.144e+12  9.992774e-01 -6.458623e-03  2.750625e-02  7.226381e-04
-3.10345e+00  2.06897e-01       4.882e+12  9.992578e-01 -8.104069e-03  3.200580e-02  7.421580e-04
-2.68966e+00  2.06897e-01       1.074e+13  9.992269e-01 -6.241981e-03  3.504678e-02  7.730767e-04
-2.27586e+00  2.06897e-01       1.474e+13  9.992189e-01 -4.138479e-03  3.604091e-02  7.810681e-04
-1.86207e+00  2.06897e-01       1.176e+13  9.992419e-01 -2.253598e-03  3.569738e-02  7.581285e-04
-1.44828e+00  2.06897e-01       5.894e+12  9.993421e-01 -7.683603e-04  3.276023e-02  6.579369e-04
-1.03448e+00  2.06897e-01       2.375e+12  9.995994e-01 -5.641449e-05  2.472482e-02  4.005507e-04
-6.20690e-01  2.06897e-01       1.066e+12  9.999641e-01  9.892739e-05  1.258404e-02  3.591827e-05
-2.06897e-01  2.06897e-01       6.956e+11  9.997792e-01 -1.689479e-04 -5.717920e-04  2.208369e-04
 2.06897e-01  2.06897e-01       7.659e+11  9.999093e-01 -4.189141e-03 -1.060250e-02  9.071275e-05
 6.20690e-01  2.06897e-01       1.338e+12  9.997119e-01 -9.169611e-03 -1.947264e-02  2.881377e-04
 1.03448e+00  2.06897e-01       2.942e+12  9.993000e-01 -9.787520e-03 -3.051200e-02  7.000131e-04
 1.44828e+00  2.06897e-01       6.846e+12  9.989335e-01 -8.424186e-03 -4.111656e-02  1.066517e-03
 1.86207e+00  2.06897e-01       1.296e+13  9.987386e-01 -6.495196e-03 -4.663543e-02  1.261364e-03
 2.27586e+00  2.06897e-01       1.536e+13  9.986386e-01 -4.311594e-03 -4.913259e-02  1.361354e-03
 2.68966e+00  2.06897e-01       1.030e+13  9.985522e-01 -1.973597e-03 -5.080306e-02  1.447839e-03
 3.10345e+00  2.06897e-01       4.087e+12  9.984120e-01  3.648121e-04 -5.283560e-02  1.588007e-03
 3.51724e+00  2.06897e-01       1.651e+12  9.981526e-01  9.313963e-04 -5.662463e-02  1.847370e-03
 3.93103e+00  2.06897e-01       1.325e+12  9.981027e-01  5.373510e-04 -5.791570e-02  1.897262e-03
 4.34483e+00  2.06897e-01       9.334e+11  9.979976e-01  2.004869e-03 -5.826257e-02  2.002426e-03
 4.75862e+00  2.06897e-01       4.159e+11  9.970789e-01  3.119143e-03 -6.353023e-02  2.921132e-03
 5.17241e+00  2.06897e-01       1.736e+11  9.939531e-01 -3.898752e-03 -8.335027e-02  6.046861e-03
 5.58621e+00  2.06897e-01       1.419e+11  9.914397e-01 -1.058033e-02 -1.014784e-01  8.560273e-03
 6.00000e+00  2.06897e-01       1.465e+11  9.891005e-01 -9.102154e-03 -1.072517e-01  1.089955e-02
-6.00000e+00  6.20690e-01       1.397e+11  9.480359e-01  1.128568e-02  1.924176e-01  5.196411e-02
-5.58621e+00  6.20690e-01       1.357e+11  9.612721e-01 -1.455822e-02  1.935689e-01  3.872793e-02
-5.17241e+00  6.20690e-01       1.434e+11  9.711191e-01 -3.761384e-02  1.685465e-01  2.888090e-02
-4.75862e+00  6.20690e-01       3.337e+11  9.869293e-01 -2.036141e-02  1.265765e-01  1.307069e-02
-4.34483e+00  6.20690e-01       8.630e+11  9.921057e-01 -9.147356e-03  1.152379e-01  7.894322e-03
-3.93103e+00  6.20690e-01       1.452e+12  9.931780e-01 -7.436002e-03  1.115941e-01  6.822034e-03
-3.51724e+00  6.20690e-01       2.027e+12  9.933936e-01 -1.101385e-02  1.102255e-01  6.606430e-03
-3.10345e+00  6.20690e-01       4.392e+12  9.929597e-01 -1.152515e-02  1.151894e-01  7.040325e-03
-2.68966e+00  6.20690e-01       1.029e+13  9.927520e-01 -7.223072e-03  1.180350e-01  7.247996e-03
-2.27586e+00  6.20690e-01       1.561e+13  9.928572e-01 -2.837134e-03  1.175581e-01  7.142818e-03
-1.86207e+00  6.20690e-01       1.383e+13  9.932081e-01  9.006656e-04  1.143656e-01  6.791866e-03
-1.44828e+00  6.20690e-01       7.569e+12  9.940763e-01  3.257977e-03  1.050214e-01  5.923744e-03
-1.03448e+00  6.20690e-01       3.216e+12  9.959820e-01  2.333916e-03  8.201177e-02  4.017996e-03
-6.20690e-01  6.20690e-01       1.432e+12  9.981593e-01 -2.021517e-03  5.029753e-02  1.840705e-03
-2.06897e-01  6.20690e-01       7.874e+11  9.991662e-01 -9.661870e-03  1.251410e-02  8.337647e-04
 2.06897e-01  6.20690e-01       9.022e+11  9.985586e-01 -1.870709e-02 -3.552750e-02  1.441380e-03
 6.20690e-01  6.20690e-01       1.802e+12  9.972105e-01 -1.791964e-02 -6.348533e-02  2.789507e-03
 1.03448e+00  6.20690e-01       3.883e+12  9.950254e-01 -1.388447e-02 -9.057032e-02  4.974593e-03
 1.44828e+00  6.20690e-01       8.644e+12  9.929553e-01 -9.852244e-03 -1.134625e-01  7.044653e-03
 1.86207e+00  6.20690e-01       1.510e+13  9.919088e-01 -5.471786e-03 -1.241529e-01  8.091183e-03
 2.27586e+00  6.20690e-01       1.613e+13  9.913163e-01 -8.812065e-04 -1.293803e-01  8.683725e-03
 2.68966e+00  6.20690e-01       9.739e+12  9.907701e-01  3.736820e-03 -1.334460e-01  9.229947e-03
 3.10345e+00  6.20690e-01       3.598e+12  9.900167e-01  7.804580e-03 -1.383042e-01  9.983263e-03
 3.51724e+00  6.20690e-01       1.576e+12  9.892800e-01  6.912164e-03 -1.429636e-01  1.071999e-02
 3.93103e+00  6.20690e-01       1.338e+12  9.894251e-01  5.205677e-03 -1.419864e-01  1.057485e-02
 4.34483e+00  6.20690e-01       9.034e+11  9.886461e-01  6.900251e-03 -1.435564e-01  1.135394e-02
 4.75862e+00  6.20690e-01       3.934e+11  9.833752e-01  5.342740e-03 -1.589300e-01  1.662479e-02
 5.17241e+00  6.20690e-01       1.788e+11  9.689278e-01 -1.632340e-02 -2.018842e-01  3.107217e-02
 5.58621e+00  6.20690e-01       1.527e+11  9.581488e-01 -2.869040e-02 -2.331718e-01  4.185116e-02
 6.00000e+00  6.20690e-01       1.513e+11  9.430758e-01 -2.343820e-02 -2.545657e-01  5.692424e-02
-6.00000e+00  1.03448e+00       1.648e+11  8.399327e-01 -3.759963e-02  3.641842e-01  1.600673e-01
-5.58621e+00  1.03448e+00       1.571e+11  8.886140e-01 -7.659668e-02  3.197233e-01  1.113860e-01
-5.17241e+00  1.03448e+00       1.422e+11  9.160700e-01 -8.225283e-02  2.702784e-01  8.392998e-02
-4.75862e+00  1.03448e+00       2.803e+11  9.599381e-01 -3.607774e-02  2.087159e-01  4.006189e-02
-4.34483e+00  1.03448e+00       7.697e+11  9.787078e-01 -1.544325e-02  1.865301e-01  2.129220e-02
-3.93103e+00  1.03448e+00       1.411e+12  9.824816e-01 -1.152845e-02  1.805936e-01  1.751839e-02
-3.51724e+00  1.03448e+00       1.869e+12  9.833592e-01 -1.429986e-02  1.774558e-01  1.664084e-02
-3.10345e+00  1.03448e+00       3.478e+12  9.828574e-01 -1.605251e-02  1.806901e-01  1.714260e-02
-2.68966e+00  1.03448e+00       8.907e+12  9.826330e-01 -1.022072e-02  1.830902e-01  1.736699e-02
-2.27586e+00  1.03448e+00       1.650e+13  9.831194e-01 -3.731322e-03  1.810360e-01  1.688055e-02
-1.86207e+00  1.03448e+00       1.822e+13  9.840578e-01  1.893145e-03  1.757441e-01  1.594223e-02
-1.44828e+00  1.03448e+00       1.211e+13  9.857899e-01  5.955167e-03  1.638946e-01  1.421012e-02
-1.03448e+00  1.03448e+00       5.860e+12  9.897930e-01  5.399889e-03  1.301964e-01  1.020705e-02
-6.20690e-01  1.03448e+00       3.316e+12  9.958198e-01 -3.275172e-03  6.537490e-02  4.180181e-03
-2.06897e-01  1.03448e+00       2.759e+12  9.985468e-01 -1.238846e-02  7.429581e-03  1.453171e-03
 2.06897e-01  1.03448e+00       2.916e+12  9.979034e-01 -1.581780e-02 -3.946034e-02  2.096587e-03
 6.20690e-01  1.03448e+00       3.746e+12  9.942931e-01 -1.442824e-02 -8.823038e-02  5.706933e-03
 1.03448e+00  1.03448e+00       6.632e+12  9.880802e-01 -1.239290e-02 -1.428647e-01  1.191982e-02
 1.44828e+00  1.03448e+00       1.342e+13  9.841608e-01 -8.075626e-03 -1.726718e-01  1.583924e-02
 1.86207e+00  1.03448e+00       1.947e+13  9.823528e-01 -2.003549e-03 -1.843984e-01  1.764722e-02
 2.27586e+00  1.03448e+00       1.662e+13  9.810027e-01  4.341470e-03 -1.917215e-01  1.899726e-02
 2.68966e+00  1.03448e+00       8.105e+12  9.795036e-01  1.057424e-02 -1.988159e-01  2.049645e-02
 3.10345e+00  1.03448e+00       2.707e+12  9.773588e-01  1.491030e-02 -2.078801e-01  2.264119e-02
 3.51724e+00  1.03448e+00       1.503e+12  9.764099e-01  1.083674e-02 -2.119951e-01  2.359006e-02
 3.93103e+00  1.03448e+00       1.347e+12  9.768142e-01  9.602207e-03 -2.097563e-01  2.318583e-02
 4.34483e+00  1.03448e+00       8.234e+11  9.738208e-01  1.176638e-02 -2.152497e-01  2.617918e-02
 4.75862e+00  1.03448e+00       3.419e+11  9.572713e-01  4.718017e-03 -2.494111e-01  4.272869e-02
 5.17241e+00  1.03448e+00       1.885e+11  9.229505e-01 -3.787838e-02 -3.218006e-01  7.704954e-02
 5.58621e+00  1.03448e+00       1.899e+11  9.007507e-01 -5.612865e-02 -3.574517e-01  9.924934e-02
 6.00000e+00  1.03448e+00       1.803e+11  8.540097e-01 -4.265495e-02 -3.990503e-01  1.459903e-01
-6.00000e+00  1.44828e+00       1.677e+11  7.279365e-01 -7.328220e-02  3.928110e-01  2.720635e-01
-5.58621e+00  1.44828e+00       1.660e+11  8.289375e-01 -5.808711e-02  3.474703e-01  1.710625e-01
-5.17241e+00  1.44828e+00       1.439e+11  8.588071e-01 -5.551791e-02  3.485866e-01  1.411929e-01
-4.75862e+00  1.44828e+00       2.209e+11  9.141031e-01 -4.540740e-02  2.920932e-01  8.589691e-02
-4.34483e+00  1.44828e+00       6.142e+11  9.606350e-01 -2.348892e-02  2.407595e-01  3.936497e-02
-3.93103e+00  1.44828e+00       1.301e+12  9.713864e-01 -1.603695e-02  2.281900e-01  2.861356e-02
-3.51724e+00  1.44828e+00       1.767e+12  9.738293e-01 -1.665055e-02  2.227463e-01  2.617065e-02
-3.10345e+00  1.44828e+00       2.463e+12  9.741313e-01 -2.080246e-02  2.213256e-01  2.586870e-02
-2.68966e+00  1.44828e+00       6.117e+12  9.742772e-01 -1.590578e-02  2.217621e-01  2.572284e-02
-2.27586e+00  1.44828e+00       1.483e+13  9.755017e-01 -7.715877e-03  2.173056e-01  2.449832e-02
-1.86207e+00  1.44828e+00       2.325e+13  9.773186e-01 -4.497575e-04  2.091743e-01  2.268143e-02
-1.44828e+00  1.44828e+00       2.204e+13  9.796683e-01  5.613007e-03  1.972449e-01  2.033172e-02
-1.03448e+00  1.44828e+00       1.306e+13  9.829851e-01  9.826791e-03  1.767538e-01  1.701495e-02
-6.20690e-01  1.44828e+00       5.936e+12  9.888875e-01  1.013147e-02  1.257471e-01  1.111247e-02
-2.06897e-01  1.44828e+00       3.546e+12  9.957158e-01  5.492243e-03  2.988340e-02  4.284166e-03
 2.06897e-01  1.44828e+00       3.614e+12  9.944555e-01 -1.724174e-03 -6.136280e-02  5.544459e-03
 6.20690e-01  1.44828e+00       6.338e+12  9.864730e-01 -1.085281e-02 -1.466583e-01  1.352705e-02
 1.03448e+00  1.44828e+00       1.422e+13  9.811504e-01 -9.446311e-03 -1.873824e-01  1.884955e-02
 1.44828e+00  1.44828e+00       2.366e+13  9.782242e-01 -2.665404e-03 -2.042083e-01  2.177578e-02
 1.86207e+00  1.44828e+00       2.399e+13  9.757239e-01  4.670108e-03 -2.161475e-01  2.427614e-02
 2.27586e+00  1.44828e+00       1.423e+13  9.730797e-01  1.175383e-02 -2.273913e-01  2.692028e-02
 2.68966e+00  1.44828e+00       5.131e+12  9.696267e-01  1.836404e-02 -2.403785e-01  3.037331e-02
 3.10345e+00  1.44828e+00       1.822e+12  9.653023e-01  1.832288e-02 -2.554089e-01  3.469772e-02
 3.51724e+00  1.44828e+00       1.534e+12  9.656796e-01  1.145059e-02 -2.549938e-01  3.432035e-02
 3.93103e+00  1.44828e+00       1.302e+12  9.653060e-01  1.206404e-02 -2.543223e-01  3.469399e-02
 4.34483e+00  1.44828e+00       6.835e+11  9.563904e-01  1.382949e-02 -2.688381e-01  4.360960e-02
 4.75862e+00  1.44828e+00       2.772e+11  9.194553e-01 -1.131110e-03 -3.287164e-01  8.054470e-02
 5.17241e+00  1.44828e+00       1.846e+11  8.711631e-01 -4.151135e-02 -4.142866e-01  1.288369e-01
 5.58621e+00  1.44828e+00       2.078e+11  8.432016e-01 -5.000610e-02 -4.486748e-01  1.567984e-01
 6.00000e+00  1.44828e+00       1.977e+11  7.606147e-01 -4.289284e-02 -4.892807e-01  2.393853e-01
-6.00000e+00  1.86207e+00       2.057e+11  6.096563e-01 -1.966350e-02  5.386519e-01  3.903437e-01
-5.58621e+00  1.86207e+00       2.209e+11  7.355474e-01 -6.659687e-02  4.900150e-01  2.644526e-01
-5.17241e+00  1.86207e+00       1.799e+11  7.873767e-01 -9.786205e-02  4.455695e-01  2.126233e-01
-4.75862e+00  1.86207e+00       1.791e+11  8.367728e-01 -8.195334e-02  3.781459e-01  1.632272e-01
-4.34483e+00  1.86207e+00       4.180e+11  9.316761e-01 -3.518193e-02  2.807669e-01  6.832386e-02
-3.93103e+00  1.86207e+00       1.060e+12  9.626376e-01 -2.011843e-02  2.504924e-01  3.736237e-02
-3.51724e+00  1.86207e+00       1.706e+12  9.688468e-01 -1.787310e-02  2.412325e-01  3.115316e-02
-3.10345e+00  1.86207e+00       1.927e+12  9.704131e-01 -2.204783e-02  2.357570e-01  2.958689e-02
-2.68966e+00  1.86207e+00       3.053e+12  9.711955e-01 -2.396497e-02  2.317396e-01  2.880447e-02
-2.27586e+00  1.86207e+00       8.474e+12  9.738991e-01 -1.600751e-02  2.219655e-01  2.610088e-02
-1.86207e+00  1.86207e+00       2.049e+13  9.771723e-01 -7.599484e-03  2.079475e-01  2.282766e-02
-1.44828e+00  1.86207e+00       3.334e+13  9.808664e-01 -3.982745e-04  1.889872e-01  1.913364e-02
-1.03448e+00  1.86207e+00       3.625e+13  9.852510e-01  4.714411e-03  1.618017e-01  1.474897e-02
-6.20690e-01  1.86207e+00       2.882e+13  9.902840e-01  5.964234e-03  1.188861e-01  9.715966e-03
-2.06897e-01  1.86207e+00       2.139e+13  9.946378e-01  1.069322e-03  4.255227e-02  5.362181e-03
 2.06897e-01  1.86207e+00       2.196e+13  9.941666e-01 -5.287739e-03 -5.917542e-02  5.833449e-03
 6.20690e-01  1.86207e+00       3.044e+13  9.895364e-01 -4.020900e-03 -1.283577e-01  1.046360e-02
 1.03448e+00  1.86207e+00       3.815e+13  9.846367e-01  1.422199e-03 -1.665945e-01  1.536331e-02
 1.44828e+00  1.86207e+00       3.411e+13  9.801190e-01  7.536381e-03 -1.926922e-01  1.988102e-02
 1.86207e+00  1.86207e+00       1.978e+13  9.756568e-01  1.361192e-02 -2.141254e-01  2.434321e-02
 2.27586e+00  1.86207e+00       7.296e+12  9.703373e-01  1.981766e-02 -2.355697e-01  2.966267e-02
 2.68966e+00  1.86207e+00       2.200e+12  9.624779e-01  2.334925e-02 -2.625042e-01  3.752211e-02
 3.10345e+00  1.86207e+00       1.521e+12  9.604393e-01  1.534946e-02 -2.708211e-01  3.956075e-02
 3.51724e+00  1.86207e+00       1.617e+12  9.621383e-01  1.335315e-02 -2.662265e-01  3.786170e-02
 3.93103e+00  1.86207e+00       1.115e+12  9.579394e-01  1.624305e-02 -2.726864e-01  4.206056e-02
 4.34483e+00  1.86207e+00       4.958e+11  9.324282e-01  1.402141e-02 -3.120207e-01  6.757181e-02
 4.75862e+00  1.86207e+00       2.384e+11  8.631813e-01 -2.661343e-02 -4.178087e-01  1.368187e-01
 5.17241e+00  1.86207e+00       2.277e+11  8.220277e-01 -6.720539e-02 -4.855279e-01  1.779723e-01
 5.58621e+00  1.86207e+00       2.534e+11  7.782309e-01 -6.111434e-02 -5.193240e-01  2.217691e-01
 6.00000e+00  1.86207e+00       2.239e+11  6.589908e-01 -5.148266e-02 -5.860943e-01  3.410092e-01
-6.00000e+00  2.27586e+00       2.133e+11  4.657896e-01 -1.178328e-02  5.877585e-01  5.342104e-01
-5.58621e+00  2.27586e+00       2.465e+11  6.809210e-01 -2.612738e-02  5.145982e-01  3.190790e-01
-5.17241e+00  2.27586e+00       2.227e+11  7.622783e-01 -5.309511e-02  4.864866e-01  2.377217e-01
-4.75862e+00  2.27586e+00       1.810e+11  7.753824e-01 -8.510956e-02  4.641957e-01  2.246176e-01
-4.34483e+00  2.27586e+00       2.536e+11  8.656560e-01 -5.961435e-02  3.410198e-01  1.343440e-01
-3.93103e+00  2.27586e+00       6.806e+11  9.511130e-01 -2.692503e-02  2.499954e-01  4.888696e-02
-3.51724e+00  2.27586e+00       1.453e+12  9.702953e-01 -1.974431e-02  2.269605e-01  2.970466e-02
-3.10345e+00  2.27586e+00       1.903e+12  9.744273e-01 -2.115644e-02  2.169499e-01  2.557271e-02
-2.68966e+00  2.27586e+00       1.850e+12  9.746889e-01 -2.780303e-02  2.129821e-01  2.531107e-02
-2.27586e+00  2.27586e+00       2.619e+12  9.755172e-01 -2.800700e-02  2.060158e-01  2.448278e-02
-1.86207e+00  2.27586e+00       6.711e+12  9.814831e-01 -1.991094e-02  1.795837e-01  1.851692e-02
-1.44828e+00  2.27586e+00       1.744e+13  9.868806e-01 -1.266602e-02  1.507227e-01  1.311937e-02
-1.03448e+00  2.27586e+00       3.486e+13  9.910915e-01 -5.614322e-03  1.189166e-01  8.908535e-03
-6.20690e-01  2.27586e+00       5.228e+13  9.946525e-01  4.229555e-04  7.820447e-02  5.347483e-03
-2.06897e-01  2.27586e+00       6.235e+13  9.969133e-01  4.530944e-03  2.770662e-02  3.086670e-03
 2.06897e-01  2.27586e+00       6.242e+13  9.968948e-01  7.049994e-03 -2.710388e-02  3.105210e-03
 6.20690e-01  2.27586e+00       5.207e+13  9.945019e-01  9.106445e-03 -7.808043e-02  5.498058e-03
 1.03448e+00  2.27586e+00       3.388e+13  9.904513e-01  1.156219e-02 -1.213384e-01  9.548689e-03
 1.44828e+00  2.27586e+00       1.600e+13  9.850486e-01  1.498067e-02 -1.591933e-01  1.495136e-02
 1.86207e+00  2.27586e+00       5.428e+12  9.770124e-01  1.996924e-02 -1.990398e-01  2.298755e-02
 2.27586e+00  2.27586e+00       1.734e+12  9.647113e-01  2.394872e-02 -2.459374e-01  3.528873e-02
 2.68966e+00  2.27586e+00       1.366e+12  9.637735e-01  1.692145e-02 -2.522503e-01  3.622652e-02
 3.10345e+00  2.27586e+00       1.743e+12  9.680038e-01  1.384988e-02 -2.417543e-01  3.199625e-02
 3.51724e+00  2.27586e+00       1.479e+12  9.663191e-01  1.620347e-02 -2.451260e-01  3.368090e-02
 3.93103e+00  2.27586e+00       7.664e+11  9.503248e-01  1.911016e-02 -2.728848e-01  4.967523e-02
 4.34483e+00  2.27586e+00       3.285e+11  8.888739e-01  3.021124e-04 -3.686187e-01  1.111261e-01
 4.75862e+00  2.27586e+00       2.331e+11  8.205660e-01 -5.227170e-02 -4.797573e-01  1.794340e-01
 5.17241e+00  2.27586e+00       2.659e+11  7.995885e-01 -6.007267e-02 -5.162689e-01  2.004115e-01
 5.58621e+00  2.27586e+00       2.771e+11  7.298238e-01 -4.782553e-02 -5.565133e-01  2.701762e-01
 6.00000e+00  2.27586e+00       2.272e+11  5.343083e-01 -4.123359e-02 -6.349251e-01  4.656917e-01
-6.00000e+00  2.68966e+00       2.480e+11  2.973873e-01  1.758629e-02  6.759517e-01  7.026127e-01
-5.58621e+00  2.68966e+00       2.890e+11  5.735938e-01 -3.940189e-02  5.695512e-01  4.264062e-01
-5.17241e+00  2.68966e+00       2.811e+11  7.248476e-01 -5.047619e-02  5.041133e-01  2.751524e-01
-4.75862e+00  2.68966e+00       2.255e+11  7.654641e-01 -6.993367e-02  4.871559e-01  2.345359e-01
-4.34483e+00  2.68966e+00       1.912e+11  7.724368e-01 -8.040204e-02  4.446717e-01  2.275632e-01
-3.93103e+00  2.68966e+00       3.275e+11  8.994621e-01 -4.262898e-02  2.688160e-01  1.005379e-01
-3.51724e+00  2.68966e+00       8.740e+11  9.702001e-01 -2.174524e-02  1.835059e-01  2.979992e-02
-3.10345e+00  2.68966e+00       1.669e+12  9.837463e-01 -1.982145e-02  1.589338e-01  1.625372e-02
-2.68966e+00  2.68966e+00       1.946e+12  9.866262e-01 -2.435702e-02  1.449515e-01  1.337378e-02
-2.27586e+00  2.68966e+00       1.646e+12  9.854739e-01 -3.403132e-02  1.428166e-01  1.452609e-02
-1.86207e+00  2.68966e+00       1.662e+12  9.819435e-01 -3.546136e-02  1.568083e-01  1.805650e-02
-1.44828e+00  2.68966e+00       2.378e+12  9.832984e-01 -1.926340e-02  1.473481e-01  1.670157e-02
-1.03448e+00  2.68966e+00       3.543e+12  9.889363e-01 -5.246700e-03  1.008320e-01  1.106372e-02
-6.20690e-01  2.68966e+00       4.955e+12  9.942610e-01 -2.527282e-03  4.025928e-02  5.738957e-03
-2.06897e-01  2.68966e+00       6.034e+12  9.962758e-01 -3.089020e-03 -1.152890e-02  3.724193e-03
 2.06897e-01  2.68966e+00       5.820e+12  9.950540e-01  1.243067e-03 -5.634429e-02  4.945970e-03
 6.20690e-01  2.68966e+00       4.406e+12  9.907618e-01  1.102437e-02 -1.039851e-01  9.238183e-03
 1.03448e+00  2.68966e+00       2.809e+12  9.830447e-01  2.007174e-02 -1.564371e-01  1.695529e-02
 1.44828e+00  2.68966e+00       1.595e+12  9.725993e-01  2.119188e-02 -2.041987e-01  2.740066e-02
 1.86207e+00  2.68966e+00       1.001e+12  9.661288e-01  1.797355e-02 -2.193232e-01  3.387124e-02
 2.27586e+00  2.68966e+00       1.237e+12  9.761712e-01  1.489907e-02 -1.813672e-01  2.382881e-02
 2.68966e+00  2.68966e+00       1.792e+12  9.825274e-01  1.378549e-02 -1.656239e-01  1.747264e-02
 3.10345e+00  2.68966e+00       1.681e+12  9.816980e-01  1.615066e-02 -1.712707e-01  1.830200e-02
 3.51724e+00  2.68966e+00       9.608e+11  9.698444e-01  2.090434e-02 -2.001369e-01  3.015555e-02
 3.93103e+00  2.68966e+00       4.190e+11  9.186840e-01  1.427703e-02 -2.958875e-01  8.131600e-02
 4.34483e+00  2.68966e+00       2.553e+11  8.337689e-01 -3.391667e-02 -4.436325e-01  1.662311e-01
 4.75862e+00  2.68966e+00       2.793e+11  8.106016e-01 -6.265432e-02 -5.004524e-01  1.893984e-01
 5.17241e+00  2.68966e+00       3.338e+11  7.739361e-01 -5.429353e-02 -5.377626e-01  2.260639e-01
 5.58621e+00  2.68966e+00       3.213e+11  6.466621e-01 -4.444131e-02 -6.089484e-01  3.533379e-01
 6.00000e+00  2.68966e+00       2.584e+11  4.000812e-01 -2.370699e-02 -7.217900e-01  5.999188e-01
-6.00000e+00  3.10345e+00       2.670e+11  1.595445e-01  6.536155e-02  7.430867e-01  8.404555e-01
-5.58621e+00  3.10345e+00       3.199e+11  4.665944e-01 -2.063601e-02  6.349209e-01  5.334056e-01
-5.17241e+00  3.10345e+00       3.487e+11  6.745187e-01 -4.650335e-02  5.339559e-01  3.254813e-01
-4.75862e+00  3.10345e+00       3.047e+11  7.734351e-01 -6.087949e-02  4.781529e-01  2.265649e-01
-4.34483e+00  3.10345e+00       2.322e+11  7.758581e-01 -7.755195e-02  4.714967e-01  2.241419e-01
-3.93103e+00  3.10345e+00       1.948e+11  7.782750e-01 -7.468443e-02  4.054890e-01  2.217250e-01
-3.51724e+00  3.10345e+00       3.246e+11  9.154288e-01 -3.126597e-02  1.740721e-01  8.457116e-02
-3.10345e+00  3.10345e+00       8.459e+11  9.834027e-01 -1.502456e-02  6.537376e-02  1.659728e-02
-2.68966e+00  3.10345e+00       1.618e+12  9.937283e-01 -1.801172e-02  2.789572e-02  6.271716e-03
-2.27586e+00  3.10345e+00       1.898e+12  9.936589e-01 -2.663468e-02  1.158310e-03  6.341145e-03
-1.86207e+00  3.10345e+00       1.488e+12  9.900186e-01 -4.003512e-02 -1.297242e-02  9.981396e-03
-1.44828e+00  3.10345e+00       1.060e+12  9.846676e-01 -4.953834e-02  2.631234e-03  1.533236e-02
-1.03448e+00  3.10345e+00       9.617e+11  9.828999e-01 -4.596142e-02  1.130055e-02  1.710007e-02
-6.20690e-01  3.10345e+00       1.081e+12  9.846650e-01 -4.852332e-02 -2.197732e-02  1.533505e-02
-2.06897e-01  3.10345e+00       1.190e+12  9.846322e-01 -5.554609e-02 -6.421820e-02  1.536777e-02
 2.06897e-01  3.10345e+00       1.085e+12  9.799152e-01 -5.246403e-02 -1.061116e-01  2.008480e-02
 6.20690e-01  3.10345e+00       8.083e+11  9.692283e-01 -3.353405e-02 -1.495432e-01  3.077172e-02
 1.03448e+00  3.10345e+00       6.004e+11  9.573835e-01 -4.343038e-03 -1.626028e-01  4.261652e-02
 1.44828e+00  3.10345e+00       7.177e+11  9.678184e-01  1.204976e-02 -8.275211e-02  3.218164e-02
 1.86207e+00  3.10345e+00       1.281e+12  9.864902e-01  1.261326e-02 -1.911634e-02  1.350983e-02
 2.27586e+00  3.10345e+00       1.826e+12  9.936554e-01  1.297296e-02 -1.120472e-02  6.344645e-03
 2.68966e+00  3.10345e+00       1.632e+12  9.938259e-01  1.684839e-02 -2.875641e-02  6.174083e-03
 3.10345e+00  3.10345e+00       9.280e+11  9.840829e-01  2.403743e-02 -7.569319e-02  1.591710e-02
 3.51724e+00  3.10345e+00       4.253e+11  9.379168e-01  2.192827e-02 -2.016029e-01  6.208321e-02
 3.93103e+00  3.10345e+00       2.676e+11  8.545513e-01 -2.145657e-02 -3.844834e-01  1.454487e-01
 4.34483e+00  3.10345e+00       2.873e+11  8.312897e-01 -5.937757e-02 -4.556425e-01  1.687103e-01
 4.75862e+00  3.10345e+00       3.686e+11  8.199290e-01 -5.733849e-02 -4.892997e-01  1.800710e-01
 5.17241e+00  3.10345e+00       3.980e+11  7.420360e-01 -4.742550e-02 -5.513132e-01  2.579640e-01
 5.58621e+00  3.10345e+00       3.453e+11  5.581446e-01 -3.803997e-02 -6.642074e-01  4.418554e-01
 6.00000e+00  3.10345e+00       2.839e+11  3.030601e-01 -6.114103e-03 -7.909453e-01  6.969399e-01
-6.00000e+00  3.51724e+00       3.140e+11  5.819807e-02  1.184067e-01  8.170190e-01  9.418019e-01
-5.58621e+00  3.51724e+00       3.314e+11  3.562507e-01  3.108342e-02  7.140590e-01  6.437493e-01
-5.17241e+00  3.51724e+00       3.983e+11  6.112769e-01 -3.210737e-02  5.791894e-01  3.887231e-01
-4.75862e+00  3.51724e+00       3.998e+11  7.620191e-01 -5.372859e-02  4.742522e-01  2.379809e-01
-4.34483e+00  3.51724e+00       3.270e+11  8.231476e-01 -6.435327e-02  4.218078e-01  1.768524e-01
-3.93103e+00  3.51724e+00       2.448e+11  8.028032e-01 -7.005136e-02  4.268036e-01  1.971968e-01
-3.51724e+00  3.51724e+00       1.848e+11  7.748886e-01 -6.833340e-02  3.741265e-01  2.251114e-01
-3.10345e+00  3.51724e+00       2.181e+11  8.776087e-01 -1.707701e-02  8.697574e-02  1.223913e-01
-2.68966e+00  3.51724e+00       5.077e+11  9.617550e-01  7.694036e-03 -1.212954e-01  3.824505e-02
-2.27586e+00  3.51724e+00       1.105e+12  9.650844e-01 -2.371482e-03 -1.985546e-01  3.491558e-02
-1.86207e+00  3.51724e+00       1.589e+12  9.472778e-01 -2.072314e-02 -2.553776e-01  5.272219e-02
-1.44828e+00  3.51724e+00       1.428e+12  9.151056e-01 -4.437567e-02 -3.082390e-01  8.489439e-02
-1.03448e+00  3.51724e+00       8.794e+11  8.616583e-01 -5.661907e-02 -3.479362e-01  1.383417e-01
-6.20690e-01  3.51724e+00       5.121e+11  8.030623e-01 -2.201874e-02 -3.444994e-01  1.969377e-01
-2.06897e-01  3.51724e+00       3.948e+11  7.825792e-01  3.083754e-02 -2.825187e-01  2.174208e-01
 2.06897e-01  3.51724e+00       3.934e+11  7.914406e-01  6.250778e-02 -1.067655e-01  2.085594e-01
 6.20690e-01  3.51724e+00       5.456e+11  8.405675e-01  5.022711e-02  1.691895e-01  1.594325e-01
 1.03448e+00  3.51724e+00       9.450e+11  8.928436e-01  1.356718e-02  3.126786e-01  1.071564e-01
 1.44828e+00  3.51724e+00       1.427e+12  9.228621e-01  3.115129e-03  3.257403e-01  7.713794e-02
 1.86207e+00  3.51724e+00       1.527e+12  9.427407e-01  1.081928e-02  2.860378e-01  5.725927e-02
 2.27586e+00  3.51724e+00       1.105e+12  9.585549e-01  2.361275e-02  2.147991e-01  4.144506e-02
 2.68966e+00  3.51724e+00       5.923e+11  9.636517e-01  3.750380e-02  9.491674e-02  3.634835e-02
 3.10345e+00  3.51724e+00       3.234e+11  9.294823e-01  3.079570e-02 -1.199038e-01  7.051770e-02
 3.51724e+00  3.51724e+00       2.582e+11  8.711079e-01 -1.828916e-02 -3.196658e-01  1.288921e-01
 3.93103e+00  3.51724e+00       2.925e+11  8.609295e-01 -5.461933e-02 -3.793199e-01  1.390705e-01
 4.34483e+00  3.51724e+00       3.946e+11  8.644772e-01 -5.729599e-02 -4.131112e-01  1.355228e-01
 4.75862e+00  3.51724e+00       4.648e+11  8.215415e-01 -5.033971e-02 -4.707333e-01  1.784585e-01
 5.17241e+00  3.51724e+00       4.218e+11  6.912303e-01 -4.618885e-02 -5.721015e-01  3.087697e-01
 5.58621e+00  3.51724e+00       3.380e+11  4.638118e-01 -2.681679e-02 -7.235950e-01  5.361882e-01
 6.00000e+00  3.51724e+00       3.069e+11  2.018937e-01  1.795557e-02 -8.348722e-01  7.981063e-01
-6.00000e+00  3.93103e+00       4.589e+11  1.650196e-02  6.982976e-02  8.937694e-01  9.834980e-01
-5.58621e+00  3.93103e+00       3.588e+11  2.294752e-01  5.524002e-02  8.178588e-01  7.705248e-01
-5.17241e+00  3.93103e+00       4.019e+11  5.057099e-01 -1.795675e-02  6.556921e-01  4.942901e-01
-4.75862e+00  3.93103e+00       4.654e+11  7.130794e-01 -4.900483e-02  4.945778e-01  2.869206e-01
-4.34483e+00  3.93103e+00       4.397e+11  8.355798e-01 -5.648701e-02  3.746762e-01  1.644202e-01
-3.93103e+00  3.93103e+00       3.555e+11  8.799874e-01 -5.820660e-02  3.223282e-01  1.200126e-01
-3.51724e+00  3.93103e+00       2.708e+11  8.503299e-01 -5.700576e-02  3.389153e-01  1.496701e-01
-3.10345e+00  3.93103e+00       1.909e+11  7.888973e-01 -6.643282e-02  3.318255e-01  2.111027e-01
-2.68966e+00  3.93103e+00       1.337e+11  7.648760e-01 -2.120660e-02  1.340665e-01  2.351240e-01
-2.27586e+00  3.93103e+00       1.482e+11  8.138946e-01  8.582105e-02 -2.600189e-01  1.861054e-01
-1.86207e+00  3.93103e+00       2.590e+11  7.965555e-01  1.021254e-01 -4.929340e-01  2.034445e-01
-1.44828e+00  3.93103e+00       4.505e+11  6.863858e-01  1.045110e-01 -6.253239e-01  3.136142e-01
-1.03448e+00  3.93103e+00       6.413e+11  5.004941e-01  1.182289e-01 -7.148614e-01  4.995059e-01
-6.20690e-01  3.93103e+00       7.062e+11  2.267948e-01  1.303289e-01 -7.057580e-01  7.732052e-01
-2.06897e-01  3.93103e+00       6.465e+11 -9.540903e-02  1.385446e-01 -4.450835e-01  9.045910e-01
 2.06897e-01  3.93103e+00       5.931e+11 -2.181425e-01  1.433899e-01  1.191970e-01  7.818575e-01
 6.20690e-01  3.93103e+00       5.889e+11  1.533476e-02  1.329869e-01  5.816799e-01  9.846652e-01
 1.03448e+00  3.93103e+00       5.549e+11  3.642812e-01  1.091966e-01  6.913208e-01  6.357188e-01
 1.44828e+00  3.93103e+00       4.581e+11  6.534627e-01  9.215150e-02  5.764069e-01  3.465373e-01
 1.86207e+00  3.93103e+00       3.412e+11  8.300086e-01  8.918815e-02  3.909965e-01  1.699914e-01
 2.27586e+00  3.93103e+00       2.541e+11  9.007052e-01  7.994781e-02  1.654407e-01  9.929482e-02
 2.68966e+00  3.93103e+00       2.314e+11  9.042409e-01  2.926760e-02 -9.591340e-02  9.575908e-02
 3.10345e+00  3.93103e+00       2.487e+11  8.871309e-01 -2.751068e-02 -2.316383e-01  1.128691e-01
 3.51724e+00  3.93103e+00       2.987e+11  8.951525e-01 -5.001466e-02 -2.569740e-01  1.048475e-01
 3.93103e+00  3.93103e+00       4.179e+11  9.109941e-01 -5.046305e-02 -2.938679e-01  8.900587e-02
 4.34483e+00  3.93103e+00       5.231e+11  8.854581e-01 -4.672848e-02 -3.625625e-01  1.145419e-01
 4.75862e+00  3.93103e+00       5.053e+11  7.881513e-01 -4.905421e-02 -4.720634e-01  2.118487e-01
 5.17241e+00  3.93103e+00       4.179e+11  6.020630e-01 -4.729097e-02 -6.397633e-01  3.979370e-01
 5.58621e+00  3.93103e+00       3.622e+11  3.757655e-01 -1.634049e-02 -7.961064e-01  6.242345e-01
 6.00000e+00  3.93103e+00       4.188e+11  1.041737e-01  2.270038e-03 -8.761286e-01  8.958263e-01
-6.00000e+00  4.34483e+00       7.027e+11  5.799855e-02  4.487790e-02  9.188544e-01  9.420014e-01
-5.58621e+00  4.34483e+00       4.708e+11  1.969230e-01  8.773125e-02  8.813629e-01  8.030770e-01
-5.17241e+00  4.34483e+00       3.914e+11  3.909089e-01  4.295540e-02  7.659115e-01  6.090911e-01
-4.75862e+00  4.34483e+00       4.557e+11  6.282289e-01 -2.874810e-02  5.657808e-01  3.717711e-01
-4.34483e+00  4.34483e+00       5.178e+11  7.984165e-01 -5.129915e-02  3.783528e-01  2.015835e-01
-3.93103e+00  4.34483e+00       4.817e+11  8.972489e-01 -5.550784e-02  2.363069e-01  1.027511e-01
-3.51724e+00  4.34483e+00       3.944e+11  9.334025e-01 -5.150057e-02  1.677490e-01  6.659748e-02
-3.10345e+00  4.34483e+00       3.126e+11  9.100426e-01 -3.563300e-02  1.834592e-01  8.995736e-02
-2.68966e+00  4.34483e+00       2.323e+11  8.429531e-01 -5.152903e-02  2.168478e-01  1.570469e-01
-2.27586e+00  4.34483e+00       1.482e+11  7.390842e-01 -7.814652e-02  1.821915e-01  2.609158e-01
-1.86207e+00  4.34483e+00       8.631e+10  5.883323e-01  5.495147e-02 -7.387235e-03  4.116677e-01
-1.44828e+00  4.34483e+00       6.274e+10  4.294083e-01  3.215024e-01 -3.317233e-01  5.705917e-01
-1.03448e+00  4.34483e+00       6.368e+10  2.250910e-01  3.942405e-01 -4.911304e-01  7.749090e-01
-6.20690e-01  4.34483e+00       7.161e+10 -7.273502e-02  3.818045e-01 -3.387276e-01  9.272650e-01
-2.06897e-01  4.34483e+00       8.064e+10 -2.632943e-01  3.593462e-01  6.978287e-02  7.367057e-01
 2.06897e-01  4.34483e+00       8.870e+10 -1.992941e-01  2.857920e-01  4.638132e-01  8.007059e-01
 6.20690e-01  4.34483e+00       9.204e+10  4.509376e-02  2.064131e-01  6.169539e-01  9.549062e-01
 1.03448e+00  4.34483e+00       9.745e+10  3.950465e-01  1.975531e-01  5.166498e-01  6.049535e-01
 1.44828e+00  4.34483e+00       1.211e+11  7.125350e-01  1.869038e-01  3.029629e-01  2.874650e-01
 1.86207e+00  4.34483e+00       1.683e+11  8.644549e-01  8.245110e-02  1.020606e-01  1.355451e-01
 2.27586e+00  4.34483e+00       2.179e+11  8.945094e-01 -1.710562e-02 -3.062872e-02  1.054906e-01
 2.68966e+00  4.34483e+00       2.458e+11  8.873190e-01 -4.485021e-02 -6.922276e-02  1.126810e-01
 3.10345e+00  4.34483e+00       3.073e+11  9.138151e-01 -3.966857e-02 -7.210052e-02  8.618486e-02
 3.51724e+00  4.34483e+00       4.543e+11  9.475784e-01 -4.167934e-02 -1.276564e-01  5.242156e-02
 3.93103e+00  4.34483e+00       5.757e+11  9.376583e-01 -4.327401e-02 -2.130380e-01  6.234175e-02
 4.34483e+00  4.34483e+00       5.581e+11  8.651461e-01 -4.998745e-02 -3.371627e-01  1.348539e-01
 4.75862e+00  4.34483e+00       4.636e+11  7.114787e-01 -5.477049e-02 -5.284070e-01  2.885213e-01
 5.17241e+00  4.34483e+00       3.946e+11  5.246741e-01 -2.663535e-02 -7.197681e-01  4.753259e-01
 5.58621e+00  4.34483e+00       4.148e+11  3.136244e-01  7.831668e-03 -8.366234e-01  6.863756e-01
 6.00000e+00  4.34483e+00       6.173e+11  6.378911e-02 -6.825302e-03 -9.092991e-01  9.362109e-01
-6.00000e+00  4.75862e+00       1.045e+12  1.173346e-01  1.065524e-02  9.344210e-01  8.826654e-01
-5.58621e+00  4.75862e+00       7.345e+11  2.433075e-01  5.935691e-02  8.955148e-01  7.566925e-01
-5.17241e+00  4.75862e+00       4.846e+11  3.570475e-01  9.426410e-02  8.403901e-01  6.429525e-01
-4.75862e+00  4.75862e+00       4.063e+11  5.182991e-01  3.710056e-02  6.987208e-01  4.817009e-01
-4.34483e+00  4.75862e+00       4.793e+11  7.153071e-01 -3.404405e-02  4.635839e-01  2.846929e-01
-3.93103e+00  4.75862e+00       5.489e+11  8.525248e-01 -5.392385e-02  2.380708e-01  1.474752e-01
-3.51724e+00  4.75862e+00       5.203e+11  9.267270e-01 -5.607751e-02  5.612927e-02  7.327299e-02
-3.10345e+00  4.75862e+00       4.363e+11  9.531261e-01 -5.422195e-02 -5.883645e-02  4.687393e-02
-2.68966e+00  4.75862e+00       3.577e+11  9.444375e-01 -2.057764e-02 -7.910129e-02  5.556253e-02
-2.27586e+00  4.75862e+00       2.941e+11  9.025783e-01  1.671007e-02 -3.211390e-02  9.742166e-02
-1.86207e+00  4.75862e+00       2.291e+11  8.198505e-01 -4.460384e-02  2.460848e-02  1.801495e-01
-1.44828e+00  4.75862e+00       1.564e+11  6.861572e-01 -1.979721e-01  7.053903e-02  3.138428e-01
-1.03448e+00  4.75862e+00       9.919e+10  5.237541e-01 -2.459017e-01  1.691470e-01  4.762459e-01
-6.20690e-01  4.75862e+00       7.270e+10  4.085296e-01  2.150946e-02  3.614246e-01  5.914704e-01
-2.06897e-01  4.75862e+00       6.985e+10  4.109296e-01  3.153647e-01  4.762504e-01  5.890704e-01
 2.06897e-01  4.75862e+00       8.156e+10  5.433130e-01  3.061984e-01  4.658957e-01  4.566870e-01
 6.20690e-01  4.75862e+00       1.108e+11  7.181286e-01  9.134663e-02  3.984049e-01  2.818714e-01
 1.03448e+00  4.75862e+00       1.597e+11  8.100789e-01 -8.925085e-02  3.071603e-01  1.899211e-01
 1.44828e+00  4.75862e+00       1.999e+11  8.109396e-01 -1.368232e-01  2.141885e-01  1.890604e-01
 1.86207e+00  4.75862e+00       2.054e+11  7.691598e-01 -7.305129e-02  1.629111e-01  2.308402e-01
 2.27586e+00  4.75862e+00       2.252e+11  7.864737e-01  2.264250e-03  1.924848e-01  2.135263e-01
 2.68966e+00  4.75862e+00       3.388e+11  8.909033e-01 -1.397790e-02  1.784855e-01  1.090967e-01
 3.10345e+00  4.75862e+00       5.165e+11  9.539473e-01 -3.504301e-02  9.024819e-02  4.605269e-02
 3.51724e+00  4.75862e+00       6.138e+11  9.608024e-01 -4.212883e-02 -2.016798e-02  3.919756e-02
 3.93103e+00  4.75862e+00       5.702e+11  9.090971e-01 -5.487538e-02 -1.759665e-01  9.090293e-02
 4.34483e+00  4.75862e+00       4.733e+11  7.857732e-01 -6.412335e-02 -4.061643e-01  2.142268e-01
 4.75862e+00  4.75862e+00       4.112e+11  6.396422e-01 -3.358727e-02 -6.281652e-01  3.603578e-01
 5.17241e+00  4.75862e+00       4.232e+11  4.881201e-01  9.864992e-03 -7.626767e-01  5.118799e-01
 5.58621e+00  4.75862e+00       5.979e+11  2.670689e-01 -1.463966e-03 -8.705717e-01  7.329311e-01
 6.00000e+00  4.75862e+00       9.809e+11  8.820352e-02 -1.856316e-02 -9.410936e-01  9.117965e-01
-6.00000e+00  5.17241e+00       1.390e+12  1.878689e-01 -9.246982e-03  9.420998e-01  8.121311e-01
-5.58621e+00  5.17241e+00       1.117e+12  3.044533e-01  1.655553e-02  8.933114e-01  6.955467e-01
-5.17241e+00  5.17241e+00       7.826e+11  4.210195e-01  6.870961e-02  8.331108e-01  5.789805e-01
-4.75862e+00  5.17241e+00       5.025e+11  5.079067e-01  1.061252e-01  7.694522e-01  4.920933e-01
-4.34483e+00  5.17241e+00       3.957e+11  6.176561e-01  4.863910e-02  6.329900e-01  3.823439e-01
-3.93103e+00  5.17241e+00       4.545e+11  7.643359e-01 -3.288760e-02  3.743347e-01  2.356641e-01
-3.51724e+00  5.17241e+00       5.368e+11  8.632557e-01 -5.924038e-02  9.577903e-02  1.367443e-01
-3.10345e+00  5.17241e+00       5.357e+11  8.995280e-01 -5.799466e-02 -1.437586e-01  1.004720e-01
-2.68966e+00  5.17241e+00       4.658e+11  8.830342e-01 -6.179746e-02 -3.340617e-01  1.169658e-01
-2.27586e+00  5.17241e+00       3.888e+11  8.437509e-01 -6.189225e-02 -4.526923e-01  1.562491e-01
-1.86207e+00  5.17241e+00       3.190e+11  8.051070e-01 -1.198722e-02 -4.819258e-01  1.948930e-01
-1.44828e+00  5.17241e+00       2.549e+11  7.388067e-01  1.118370e-01 -4.570210e-01  2.611933e-01
-1.03448e+00  5.17241e+00       2.214e+11  6.323201e-01  2.880999e-01 -4.519570e-01  3.676799e-01
-6.20690e-01  5.17241e+00       2.222e+11  5.629795e-01  3.780983e-01 -4.858634e-01  4.370205e-01
-2.06897e-01  5.17241e+00       2.198e+11  5.126176e-01  3.843514e-01 -4.987357e-01  4.873824e-01
 2.06897e-01  5.17241e+00       1.997e+11  4.156307e-01  4.144462e-01 -4.341649e-01  5.843693e-01
 6.20690e-01  5.17241e+00       1.727e+11  3.022560e-01  4.689629e-01 -2.339619e-01  6.977440e-01
 1.03448e+00  5.17241e+00       1.533e+11  2.686156e-01  4.090754e-01  1.088775e-01  7.313844e-01
 1.44828e+00  5.17241e+00       1.738e+11  3.934585e-01  1.786358e-01  4.599853e-01  6.065415e-01
 1.86207e+00  5.17241e+00       2.758e+11  6.234785e-01  1.581513e-02  5.585752e-01  3.765215e-01
 2.27586e+00  5.17241e+00       4.409e+11  7.951736e-01 -3.055404e-02  4.804782e-01  2.048264e-01
 2.68966e+00  5.17241e+00       5.692e+11  8.889143e-01 -4.032702e-02  3.562129e-01  1.110857e-01
 3.10345e+00  5.17241e+00       5.866e+11  9.269482e-01 -5.025824e-02  2.034673e-01  7.305175e-02
 3.51724e+00  5.17241e+00       5.157e+11  9.043431e-01 -7.215905e-02 -9.395946e-03  9.565686e-02
 3.93103e+00  5.17241e+00       4.356e+11  8.207487e-01 -7.958411e-02 -2.934409e-01  1.792513e-01
 4.34483e+00  5.17241e+00       4.003e+11  7.288681e-01 -3.314406e-02 -5.274732e-01  2.711319e-01
 4.75862e+00  5.17241e+00       4.241e+11  6.322630e-01  1.730445e-02 -6.571167e-01  3.677370e-01
 5.17241e+00  5.17241e+00       5.905e+11  4.498534e-01  2.435112e-03 -7.925187e-01  5.501466e-01
 5.58621e+00  5.17241e+00       9.914e+11  2.749585e-01 -1.925347e-02 -9.027238e-01  7.250415e-01
 6.00000e+00  5.17241e+00       1.432e+12  1.648941e-01 -1.388745e-02 -9.543582e-01  8.351059e-01
-6.00000e+00  5.58621e+00       1.624e+12  2.680115e-01 -1.261145e-02  9.383690e-01  7.319885e-01
-5.58621e+00  5.58621e+00       1.480e+12  3.697308e-01 -7.723088e-03  8.872165e-01  6.302692e-01
-5.17241e+00  5.58621e+00       1.204e+12  4.837976e-01  1.898109e-02  8.125340e-01  5.162024e-01
-4.75862e+00  5.58621e+00       8.644e+11  5.905766e-01  7.173195e-02  7.277343e-01  4.094234e-01
-4.34483e+00  5.58621e+00       5.428e+11  6.550553e-01  1.202016e-01  6.578200e-01  3.449447e-01
-3.93103e+00  5.58621e+00       3.688e+11  7.057175e-01  8.493905e-02  5.640590e-01  2.942825e-01
-3.51724e+00  5.58621e+00       3.752e+11  7.891194e-01 -1.366579e-02  3.400437e-01  2.108806e-01
-3.10345e+00  5.58621e+00       4.494e+11  8.303569e-01 -6.697932e-02  1.811775e-02  1.696431e-01
-2.68966e+00  5.58621e+00       4.894e+11  8.047719e-01 -7.501633e-02 -3.012742e-01  1.952281e-01
-2.27586e+00  5.58621e+00       4.528e+11  7.095647e-01 -5.800674e-02 -5.512611e-01  2.904353e-01
-1.86207e+00  5.58621e+00       3.825e+11  5.224552e-01 -6.378108e-02 -7.487799e-01  4.775448e-01
-1.44828e+00  5.58621e+00       3.363e+11  2.889651e-01 -1.188568e-01 -8.699189e-01  7.110349e-01
-1.03448e+00  5.58621e+00       2.817e+11  6.836804e-02 -1.671184e-01 -8.717872e-01  9.316320e-01
-6.20690e-01  5.58621e+00       2.048e+11 -1.969922e-01 -1.559462e-01 -7.160856e-01  8.030078e-01
-2.06897e-01  5.58621e+00       1.537e+11 -4.778057e-01 -7.635156e-02 -2.891687e-01  5.221943e-01
 2.06897e-01  5.58621e+00       1.567e+11 -5.197590e-01 -4.804472e-02  3.123921e-01  4.802410e-01
 6.20690e-01  5.58621e+00       2.148e+11 -3.024964e-01 -9.876064e-02  7.259925e-01  6.975036e-01
 1.03448e+00  5.58621e+00       3.082e+11 -2.790404e-02 -1.152939e-01  8.741326e-01  9.720960e-01
 1.44828e+00  5.58621e+00       3.939e+11  2.556293e-01 -8.699042e-02  8.601950e-01  7.443707e-01
 1.86207e+00  5.58621e+00       4.529e+11  5.299455e-01 -5.525726e-02  7.490448e-01  4.700545e-01
 2.27586e+00  5.58621e+00       4.818e+11  7.226026e-01 -5.504625e-02  5.947588e-01  2.773974e-01
 2.68966e+00  5.58621e+00       4.564e+11  8.152275e-01 -8.463085e-02  3.988566e-01  1.847725e-01
 3.10345e+00  5.58621e+00       3.953e+11  8.402963e-01 -1.161149e-01  1.035718e-01  1.597037e-01
 3.51724e+00  5.58621e+00       3.614e+11  8.250461e-01 -9.221058e-02 -2.233234e-01  1.749539e-01
 3.93103e+00  5.58621e+00       3.727e+11  8.043460e-01 -1.083675e-02 -4.100171e-01  1.956540e-01
 4.34483e+00  5.58621e+00       4.189e+11  7.525827e-01  3.164174e-02 -5.131350e-01  2.474173e-01
 4.75862e+00  5.58621e+00       5.937e+11  6.043547e-01  1.593730e-03 -6.807979e-01  3.956453e-01
 5.17241e+00  5.58621e+00       1.016e+12  4.499327e-01 -2.063016e-02 -8.299148e-01  5.500673e-01
 5.58621e+00  5.58621e+00       1.517e+12  3.459204e-01 -1.320854e-02 -9.058466e-01  6.540796e-01
 6.00000e+00  5.58621e+00       1.762e+12  2.641582e-01  1.673054e-03 -9.454022e-01  7.358418e-01
-6.00000e+00  6.00000e+00       1.748e+12  3.635065e-01 -7.547772e-03  9.190361e-01  6.364935e-01
-5.58621e+00  6.00000e+00       1.713e+12  4.411536e-01 -1.237117e-02  8.736597e-01  5.588464e-01
-5.17241e+00  6.00000e+00       1.546e+12  5.392637e-01 -7.946545e-03  7.980715e-01  4.607363e-01
-4.75862e+00  6.00000e+00       1.295e+12  6.441433e-01  1.565254e-02  6.940046e-01  3.558567e-01
-4.34483e+00  6.00000e+00       9.853e+11  7.407037e-01  6.477737e-02  5.761642e-01  2.592963e-01
-3.93103e+00  6.00000e+00       6.420e+11  7.951754e-01  1.258196e-01  4.833959e-01  2.048246e-01
-3.51724e+00  6.00000e+00       3.740e+11  8.019576e-01  1.440276e-01  4.257084e-01  1.980424e-01
-3.10345e+00  6.00000e+00       2.849e+11  8.306738e-01  5.716625e-02  3.184807e-01  1.693262e-01
-2.68966e+00  6.00000e+00       3.066e+11  8.476460e-01 -3.842270e-02  1.094624e-01  1.523540e-01
-2.27586e+00  6.00000e+00       3.327e+11  7.452959e-01 -1.044745e-01 -1.973114e-01  2.547041e-01
-1.86207e+00  6.00000e+00       3.443e+11  4.887678e-01 -1.363600e-01 -5.491096e-01  5.112322e-01
-1.44828e+00  6.00000e+00       3.485e+11  1.526270e-01 -1.279283e-01 -7.903281e-01  8.473730e-01
-1.03448e+00  6.00000e+00       3.259e+11 -1.623209e-01 -7.455353e-02 -8.232604e-01  8.376791e-01
-6.20690e-01  6.00000e+00       2.734e+11 -4.652342e-01  9.648998e-03 -6.186038e-01  5.347658e-01
-2.06897e-01  6.00000e+00       2.317e+11 -6.887675e-01  7.194921e-02 -1.565916e-01  3.112325e-01
 2.06897e-01  6.00000e+00       2.298e+11 -6.541482e-01  6.997546e-02  3.852320e-01  3.458518e-01
 6.20690e-01  6.00000e+00       2.670e+11 -3.927273e-01  1.580458e-02  7.499605e-01  6.072727e-01
 1.03448e+00  6.00000e+00       3.192e+11 -9.551310e-02 -5.385121e-02  8.924198e-01  9.044869e-01
 1.44828e+00  6.00000e+00       3.341e+11  1.521109e-01 -1.135183e-01  8.786983e-01  8.478891e-01
 1.86207e+00  6.00000e+00       2.966e+11  3.881604e-01 -1.740493e-01  7.084931e-01  6.118396e-01
 2.27586e+00  6.00000e+00       2.612e+11  6.219981e-01 -2.180026e-01  3.682594e-01  3.780019e-01
 2.68966e+00  6.00000e+00       2.621e+11  7.712568e-01 -1.650499e-01  2.480540e-02  2.287432e-01
 3.10345e+00  6.00000e+00       3.014e+11  8.431343e-01 -3.774531e-02 -1.603349e-01  1.568657e-01
 3.51724e+00  6.00000e+00       3.518e+11  8.723659e-01  4.545655e-02 -2.203709e-01  1.276341e-01
 3.93103e+00  6.00000e+00       4.121e+11  8.389812e-01  4.021914e-02 -3.220726e-01  1.610188e-01
 4.34483e+00  6.00000e+00       6.195e+11  7.246656e-01 -9.164722e-03 -5.480417e-01  2.753344e-01
 4.75862e+00  6.00000e+00       1.079e+12  6.080696e-01 -2.255835e-02 -7.271535e-01  3.919304e-01
 5.17241e+00  6.00000e+00       1.605e+12  5.197932e-01 -9.635973e-03 -8.224534e-01  4.802068e-01
 5.58621e+00  6.00000e+00       1.892e+12  4.433481e-01  5.858741e-03 -8.792603e-01  5.566519e-01
 6.00000e+00  6.00000e+00       1.831e+12  3.707799e-01  1.111456e-02 -9.170903e-01  6.292201e-01
