 EB(GeV)    EMITTANCEx EMITTANCEy SIZEx(m)   SIZEy(m)   DIVx(rad)  DIVy(rad)
 1.500e+00  5.941e-09  5.941e-11  1.840e-04  1.299e-05  3.228e-05  4.574e-06
 betax      alphax     betay      alphay     eta        deta       E_spread  
 5.700e+00  0.000e+00  2.840e+00  0.000e+00  0.000e+00  0.000e+00  1.000e-03
 Ibeam(A) 
  2.000e-01


           x            y       F.Density            PL            PC          PL45        1-|PL|
          mm           mm  ph/s/mm^2/0.1%             -             -             -             -
-6.00000e+00 -6.00000e+00       1.824e+12  4.811359e-01  5.076495e-03 -8.569082e-01  5.188641e-01
-5.58621e+00 -6.00000e+00       2.157e+12  5.220995e-01  1.718790e-03 -8.320852e-01  4.779005e-01
-5.17241e+00 -6.00000e+00       2.041e+12  5.742766e-01 -2.092807e-03 -7.856975e-01  4.257234e-01
-4.75862e+00 -6.00000e+00       1.699e+12  6.535899e-01 -7.911250e-03 -6.951674e-01  3.464101e-01
-4.34483e+00 -6.00000e+00       1.399e+12  7.513093e-01 -1.386257e-02 -5.564383e-01  2.486907e-01
-3.93103e+00 -6.00000e+00       1.141e+12  8.374614e-01 -3.028337e-02 -4.063060e-01  1.625386e-01
-3.51724e+00 -6.00000e+00       8.120e+11  8.828948e-01 -7.119755e-02 -2.914690e-01  1.171052e-01
-3.10345e+00 -6.00000e+00       4.748e+11  8.726571e-01 -1.255965e-01 -2.263670e-01  1.273429e-01
-2.68966e+00 -6.00000e+00       2.954e+11  8.332400e-01 -1.244099e-01 -1.494976e-01  1.667600e-01
-2.27586e+00 -6.00000e+00       2.692e+11  8.349693e-01 -5.438838e-02 -9.184117e-03  1.650307e-01
-1.86207e+00 -6.00000e+00       2.618e+11  7.936590e-01  1.778370e-02  1.136432e-01  2.063410e-01
-1.44828e+00 -6.00000e+00       2.229e+11  6.471901e-01  1.300774e-01  2.953130e-01  3.528099e-01
-1.03448e+00 -6.00000e+00       1.831e+11  4.539429e-01  2.025141e-01  5.059254e-01  5.460571e-01
-6.20690e-01 -6.00000e+00       1.434e+11  2.476636e-01  1.409972e-01  5.549044e-01  7.523364e-01
-2.06897e-01 -6.00000e+00       1.088e+11 -7.038214e-03  1.685166e-02  3.726207e-01  9.929618e-01
 2.06897e-01 -6.00000e+00       9.636e+10 -1.537380e-01  1.283210e-02  3.906438e-02  8.462620e-01
 6.20690e-01 -6.00000e+00       1.150e+11 -2.159248e-02  1.785784e-01 -2.702772e-01  9.784075e-01
 1.03448e+00 -6.00000e+00       1.651e+11  2.511341e-01  2.711933e-01 -4.295503e-01  7.488659e-01
 1.44828e+00 -6.00000e+00       2.178e+11  4.849146e-01  2.343263e-01 -4.006900e-01  5.150854e-01
 1.86207e+00 -6.00000e+00       2.429e+11  6.386878e-01  1.446157e-01 -2.468039e-01  3.613122e-01
 2.27586e+00 -6.00000e+00       2.733e+11  7.529756e-01  3.004528e-02 -8.830249e-02  2.470244e-01
 2.68966e+00 -6.00000e+00       3.314e+11  8.415343e-01 -3.806053e-02 -1.437046e-02  1.584657e-01
 3.10345e+00 -6.00000e+00       3.870e+11  8.827624e-01 -2.168157e-02  3.901917e-02  1.172376e-01
 3.51724e+00 -6.00000e+00       4.858e+11  8.730209e-01  2.436699e-02  1.844762e-01  1.269791e-01
 3.93103e+00 -6.00000e+00       7.730e+11  8.108653e-01  3.211540e-02  4.150216e-01  1.891347e-01
 4.34483e+00 -6.00000e+00       1.305e+12  7.324617e-01  1.451437e-02  5.927854e-01  2.675383e-01
 4.75862e+00 -6.00000e+00       1.848e+12  6.580648e-01  5.347277e-04  7.039721e-01  3.419352e-01
 5.17241e+00 -6.00000e+00       2.107e+12  5.806557e-01 -5.502398e-03  7.833844e-01  4.193443e-01
 5.58621e+00 -6.00000e+00       2.074e+12  5.038661e-01 -5.776038e-03  8.419197e-01  4.961339e-01
 6.00000e+00 -6.00000e+00       1.853e+12  4.427720e-01 -6.649707e-03  8.775218e-01  5.572280e-01
-6.00000e+00 -5.58621e+00       1.887e+12  3.448684e-01 -6.878152e-03 -9.228460e-01  6.551316e-01
-5.58621e+00 -5.58621e+00       1.875e+12  4.108458e-01 -4.715562e-03 -8.847306e-01  5.891542e-01
-5.17241e+00 -5.58621e+00       1.639e+12  5.050203e-01 -5.078991e-03 -8.130863e-01  4.949797e-01
-4.75862e+00 -5.58621e+00       1.342e+12  6.180942e-01 -1.311122e-02 -7.065058e-01  3.819058e-01
-4.34483e+00 -5.58621e+00       1.024e+12  7.193434e-01 -4.264787e-02 -5.951817e-01  2.806566e-01
-3.93103e+00 -5.58621e+00       6.673e+11  7.724916e-01 -8.992844e-02 -5.122155e-01  2.275084e-01
-3.51724e+00 -5.58621e+00       4.120e+11  7.887693e-01 -1.055484e-01 -4.320448e-01  2.112307e-01
-3.10345e+00 -5.58621e+00       3.380e+11  8.193846e-01 -4.237003e-02 -2.894669e-01  1.806154e-01
-2.68966e+00 -5.58621e+00       3.411e+11  8.089814e-01  3.192466e-02 -4.727568e-02  1.910186e-01
-2.27586e+00 -5.58621e+00       3.619e+11  6.768421e-01  9.367488e-02  3.343999e-01  3.231579e-01
-1.86207e+00 -5.58621e+00       4.042e+11  4.528597e-01  1.204124e-01  6.818097e-01  5.471403e-01
-1.44828e+00 -5.58621e+00       4.150e+11  2.004881e-01  9.889675e-02  8.398923e-01  7.995119e-01
-1.03448e+00 -5.58621e+00       3.606e+11 -1.175856e-01  5.363722e-02  8.303815e-01  8.824144e-01
-6.20690e-01 -5.58621e+00       2.923e+11 -4.865004e-01  2.127131e-02  6.273417e-01  5.134996e-01
-2.06897e-01 -5.58621e+00       2.599e+11 -7.239933e-01  1.288797e-02  1.881526e-01  2.760067e-01
 2.06897e-01 -5.58621e+00       2.745e+11 -6.646453e-01  1.731586e-02 -3.475273e-01  3.353547e-01
 6.20690e-01 -5.58621e+00       3.218e+11 -3.854175e-01  3.318040e-02 -7.249649e-01  6.145825e-01
 1.03448e+00 -5.58621e+00       3.739e+11 -4.932812e-02  5.862647e-02 -8.786543e-01  9.506719e-01
 1.44828e+00 -5.58621e+00       4.090e+11  2.526436e-01  7.892544e-02 -8.674040e-01  7.473564e-01
 1.86207e+00 -5.58621e+00       4.059e+11  4.913064e-01  8.252163e-02 -7.273853e-01  5.086936e-01
 2.27586e+00 -5.58621e+00       3.773e+11  6.875511e-01  8.727565e-02 -4.443597e-01  3.124489e-01
 2.68966e+00 -5.58621e+00       3.641e+11  8.117432e-01  8.941107e-02 -1.071691e-01  1.882568e-01
 3.10345e+00 -5.58621e+00       3.732e+11  8.491969e-01  4.737251e-02  1.367293e-01  1.508031e-01
 3.51724e+00 -5.58621e+00       4.066e+11  8.529910e-01 -3.482273e-03  2.706522e-01  1.470090e-01
 3.93103e+00 -5.58621e+00       4.824e+11  8.185427e-01 -9.978651e-04  3.860355e-01  1.814573e-01
 4.34483e+00 -5.58621e+00       7.114e+11  7.127387e-01  1.996512e-02  5.702139e-01  2.872613e-01
 4.75862e+00 -5.58621e+00       1.197e+12  5.944244e-01  1.623379e-02  7.304226e-01  4.055756e-01
 5.17241e+00 -5.58621e+00       1.745e+12  4.991472e-01  3.697853e-03  8.255407e-01  5.008528e-01
 5.58621e+00 -5.58621e+00       2.043e+12  4.146221e-01 -3.846942e-03  8.860785e-01  5.853779e-01
 6.00000e+00 -5.58621e+00       2.065e+12  3.404128e-01 -4.868895e-03  9.253905e-01  6.595872e-01
-6.00000e+00 -5.17241e+00       1.788e+12  2.466873e-01  5.462760e-04 -9.442024e-01  7.533127e-01
-5.58621e+00 -5.17241e+00       1.572e+12  3.397353e-01 -2.519684e-03 -8.956426e-01  6.602647e-01
-5.17241e+00 -5.17241e+00       1.261e+12  4.603263e-01 -1.401056e-02 -8.190490e-01  5.396737e-01
-4.75862e+00 -5.17241e+00       9.228e+11  5.712850e-01 -4.798126e-02 -7.370667e-01  4.287150e-01
-4.34483e+00 -5.17241e+00       5.956e+11  6.392761e-01 -8.986932e-02 -6.653829e-01  3.607239e-01
-3.93103e+00 -5.17241e+00       4.156e+11  6.978238e-01 -7.289817e-02 -5.535828e-01  3.021762e-01
-3.51724e+00 -5.17241e+00       4.100e+11  7.818602e-01  4.596553e-03 -3.100800e-01  2.181398e-01
-3.10345e+00 -5.17241e+00       4.857e+11  8.344779e-01  5.844935e-02  3.542732e-02  1.655221e-01
-2.68966e+00 -5.17241e+00       5.494e+11  8.245619e-01  7.297426e-02  3.337372e-01  1.754381e-01
-2.27586e+00 -5.17241e+00       5.221e+11  7.450980e-01  7.843473e-02  5.438461e-01  2.549020e-01
-1.86207e+00 -5.17241e+00       4.358e+11  5.907868e-01  1.135944e-01  7.132191e-01  4.092132e-01
-1.44828e+00 -5.17241e+00       3.400e+11  3.987991e-01  1.510750e-01  8.276417e-01  6.012009e-01
-1.03448e+00 -5.17241e+00       2.412e+11  1.637183e-01  1.256966e-01  8.702945e-01  8.362817e-01
-6.20690e-01 -5.17241e+00       1.813e+11 -1.598705e-01  3.722624e-02  8.122621e-01  8.401295e-01
-2.06897e-01 -5.17241e+00       1.652e+11 -4.404045e-01 -2.363959e-02  6.060783e-01  5.595955e-01
 2.06897e-01 -5.17241e+00       1.613e+11 -5.218003e-01 -4.474115e-02  2.034623e-01  4.781997e-01
 6.20690e-01 -5.17241e+00       1.847e+11 -2.392631e-01 -2.620577e-02 -3.886624e-01  7.607369e-01
 1.03448e+00 -5.17241e+00       2.783e+11  1.853724e-01  3.424657e-02 -7.612000e-01  8.146276e-01
 1.44828e+00 -5.17241e+00       4.201e+11  4.421607e-01  6.598252e-02 -8.085072e-01  5.578393e-01
 1.86207e+00 -5.17241e+00       5.353e+11  6.178463e-01  6.091234e-02 -7.180780e-01  3.821537e-01
 2.27586e+00 -5.17241e+00       5.871e+11  7.574371e-01  4.953441e-02 -5.719867e-01  2.425629e-01
 2.68966e+00 -5.17241e+00       5.674e+11  8.439173e-01  4.884246e-02 -3.774411e-01  1.560827e-01
 3.10345e+00 -5.17241e+00       5.059e+11  8.722459e-01  5.600544e-02 -9.941278e-02  1.277541e-01
 3.51724e+00 -5.17241e+00       4.544e+11  8.466991e-01  5.368852e-02  2.057124e-01  1.533009e-01
 3.93103e+00 -5.17241e+00       4.379e+11  7.962930e-01  2.096113e-02  4.178106e-01  2.037070e-01
 4.34483e+00 -5.17241e+00       4.834e+11  7.233742e-01 -1.097676e-03  5.520464e-01  2.766258e-01
 4.75862e+00 -5.17241e+00       6.861e+11  5.826819e-01  1.140249e-02  7.050460e-01  4.173181e-01
 5.17241e+00 -5.17241e+00       1.138e+12  4.358364e-01  1.542627e-02  8.352652e-01  5.641636e-01
 5.58621e+00 -5.17241e+00       1.641e+12  3.301581e-01  7.604803e-03  9.069729e-01  6.698419e-01
 6.00000e+00 -5.17241e+00       1.843e+12  2.433429e-01  1.012507e-04  9.469838e-01  7.566571e-01
-6.00000e+00 -4.75862e+00       1.474e+12  1.650008e-01 -5.611550e-05 -9.456602e-01  8.349992e-01
-5.58621e+00 -4.75862e+00       1.180e+12  2.846679e-01 -1.144689e-02 -8.949255e-01  7.153321e-01
-5.17241e+00 -4.75862e+00       8.521e+11  4.079112e-01 -4.605122e-02 -8.337865e-01  5.920888e-01
-4.75862e+00 -4.75862e+00       5.632e+11  4.996955e-01 -8.382477e-02 -7.678703e-01  5.003045e-01
-4.34483e+00 -4.75862e+00       4.320e+11  6.087825e-01 -5.337959e-02 -6.283399e-01  3.912175e-01
-3.93103e+00 -4.75862e+00       4.761e+11  7.633116e-01  2.067037e-02 -3.572288e-01  2.366884e-01
-3.51724e+00 -4.75862e+00       5.757e+11  8.751135e-01  5.705674e-02 -7.505298e-02  1.248865e-01
-3.10345e+00 -4.75862e+00       5.943e+11  9.158984e-01  7.162903e-02  1.388352e-01  8.410156e-02
-2.68966e+00 -4.75862e+00       5.109e+11  9.054454e-01  9.482094e-02  2.986250e-01  9.455456e-02
-2.27586e+00 -4.75862e+00       4.044e+11  8.731702e-01  1.071299e-01  3.996445e-01  1.268298e-01
-1.86207e+00 -4.75862e+00       3.245e+11  8.342223e-01  3.924062e-02  4.276198e-01  1.657777e-01
-1.44828e+00 -4.75862e+00       2.939e+11  7.972225e-01 -1.044281e-01  4.145159e-01  2.027775e-01
-1.03448e+00 -4.75862e+00       2.991e+11  7.971353e-01 -1.588664e-01  3.856715e-01  2.028647e-01
-6.20690e-01 -4.75862e+00       2.852e+11  8.240093e-01 -7.687967e-02  3.253281e-01  1.759907e-01
-2.06897e-01 -4.75862e+00       2.446e+11  8.274334e-01  4.456493e-02  2.574196e-01  1.725666e-01
 2.06897e-01 -4.75862e+00       2.085e+11  7.408073e-01  7.801373e-02  2.562852e-01  2.591927e-01
 6.20690e-01 -4.75862e+00       1.853e+11  5.469909e-01 -4.597876e-02  2.683474e-01  4.530091e-01
 1.03448e+00 -4.75862e+00       1.735e+11  3.920400e-01 -2.009540e-01  9.914332e-02  6.079600e-01
 1.44828e+00 -4.75862e+00       1.904e+11  4.707062e-01 -1.465647e-01 -2.458770e-01  5.292938e-01
 1.86207e+00 -4.75862e+00       2.800e+11  6.954654e-01  9.609903e-03 -4.338490e-01  3.045346e-01
 2.27586e+00 -4.75862e+00       4.581e+11  8.496361e-01  5.228993e-02 -3.943035e-01  1.503639e-01
 2.68966e+00 -4.75862e+00       6.315e+11  9.210110e-01  4.611909e-02 -2.954035e-01  7.898896e-02
 3.10345e+00 -4.75862e+00       6.795e+11  9.436106e-01  3.954742e-02 -1.691012e-01  5.638935e-02
 3.51724e+00 -4.75862e+00       6.093e+11  9.166941e-01  4.083563e-02  2.707280e-02  8.330589e-02
 3.93103e+00 -4.75862e+00       5.160e+11  8.332065e-01  4.362659e-02  2.953962e-01  1.667935e-01
 4.34483e+00 -4.75862e+00       4.596e+11  7.262446e-01  2.556370e-02  5.280816e-01  2.737554e-01
 4.75862e+00 -4.75862e+00       4.813e+11  6.041907e-01  1.730772e-03  6.781622e-01  3.958093e-01
 5.17241e+00 -4.75862e+00       6.797e+11  4.245252e-01  8.105399e-03  8.104082e-01  5.754748e-01
 5.58621e+00 -4.75862e+00       1.111e+12  2.631529e-01  1.394861e-02  9.062887e-01  7.368471e-01
 6.00000e+00 -4.75862e+00       1.536e+12  1.556974e-01  8.356098e-03  9.535885e-01  8.443026e-01
-6.00000e+00 -4.34483e+00       1.125e+12  1.237463e-01 -2.636281e-02 -9.284264e-01  8.762537e-01
-5.58621e+00 -4.34483e+00       8.420e+11  2.653746e-01 -5.219087e-02 -8.920687e-01  7.346254e-01
-5.17241e+00 -4.34483e+00       5.734e+11  3.626060e-01 -6.769066e-02 -8.481390e-01  6.373940e-01
-4.75862e+00 -4.34483e+00       4.373e+11  4.970091e-01 -3.827377e-02 -7.107103e-01  5.029909e-01
-4.34483e+00 -4.34483e+00       4.881e+11  7.097180e-01  2.227949e-02 -4.552397e-01  2.902820e-01
-3.93103e+00 -4.34483e+00       5.813e+11  8.609499e-01  5.542476e-02 -2.256863e-01  1.390501e-01
-3.51724e+00 -4.34483e+00       5.704e+11  9.343578e-01  7.439238e-02 -6.019582e-02  6.564225e-02
-3.10345e+00 -4.34483e+00       4.754e+11  9.594785e-01  8.672849e-02  4.032419e-02  4.052149e-02
-2.68966e+00 -4.34483e+00       3.890e+11  9.521520e-01  5.390079e-02  5.103071e-02  4.784799e-02
-2.27586e+00 -4.34483e+00       3.249e+11  9.113763e-01  1.854678e-04 -6.844253e-03  8.862368e-02
-1.86207e+00 -4.34483e+00       2.409e+11  8.240391e-01  5.556581e-03 -7.147380e-02  1.759609e-01
-1.44828e+00 -4.34483e+00       1.489e+11  6.567407e-01 -3.055715e-04 -1.225679e-01  3.432593e-01
-1.03448e+00 -4.34483e+00       9.988e+10  4.080973e-01 -2.812004e-01 -1.760603e-01  5.919027e-01
-6.20690e-01 -4.34483e+00       9.433e+10  2.335779e-01 -6.738209e-01 -2.278660e-01  7.664221e-01
-2.06897e-01 -4.34483e+00       1.046e+11  2.211834e-01 -7.958186e-01 -3.026355e-01  7.788166e-01
 2.06897e-01 -4.34483e+00       1.198e+11  3.583624e-01 -7.125018e-01 -3.795953e-01  6.416376e-01
 6.20690e-01 -4.34483e+00       1.410e+11  5.834574e-01 -5.046735e-01 -3.734278e-01  4.165426e-01
 1.03448e+00 -4.34483e+00       1.739e+11  7.795811e-01 -2.403335e-01 -2.783193e-01  2.204189e-01
 1.44828e+00 -4.34483e+00       2.116e+11  8.510570e-01 -6.026091e-02 -1.695286e-01  1.489430e-01
 1.86207e+00 -4.34483e+00       2.264e+11  8.251156e-01 -2.698736e-03 -1.087597e-01  1.748844e-01
 2.27586e+00 -4.34483e+00       2.471e+11  8.208603e-01  1.353062e-02 -1.209140e-01  1.791397e-01
 2.68966e+00 -4.34483e+00       3.626e+11  9.056747e-01  4.270589e-02 -1.126719e-01  9.432531e-02
 3.10345e+00 -4.34483e+00       5.587e+11  9.622841e-01  4.833227e-02 -4.466152e-02  3.771587e-02
 3.51724e+00 -4.34483e+00       6.769e+11  9.649754e-01  4.025688e-02  4.557340e-02  3.502459e-02
 3.93103e+00 -4.34483e+00       6.354e+11  9.118206e-01  3.626120e-02  1.888735e-01  8.817938e-02
 4.34483e+00 -4.34483e+00       5.308e+11  7.885727e-01  3.658417e-02  4.138131e-01  2.114273e-01
 4.75862e+00 -4.34483e+00       4.622e+11  6.359401e-01  2.593155e-02  6.322036e-01  3.640599e-01
 5.17241e+00 -4.34483e+00       4.658e+11  4.680224e-01  1.013909e-02  7.685379e-01  5.319776e-01
 5.58621e+00 -4.34483e+00       6.263e+11  2.426228e-01  1.006826e-02  8.718021e-01  7.573772e-01
 6.00000e+00 -4.34483e+00       9.914e+11  6.607446e-02  6.756212e-03  9.370872e-01  9.339255e-01
-6.00000e+00 -3.93103e+00       7.700e+11  5.780399e-02 -2.653125e-02 -9.153585e-01  9.421960e-01
-5.58621e+00 -3.93103e+00       5.279e+11  1.973937e-01 -6.896741e-02 -8.777317e-01  8.026063e-01
-5.17241e+00 -3.93103e+00       4.109e+11  3.760815e-01 -5.897417e-02 -7.710561e-01  6.239185e-01
-4.75862e+00 -3.93103e+00       4.556e+11  6.216882e-01  1.183734e-02 -5.610342e-01  3.783118e-01
-4.34483e+00 -3.93103e+00       5.416e+11  8.053376e-01  5.261309e-02 -3.636562e-01  1.946624e-01
-3.93103e+00 -3.93103e+00       5.291e+11  9.043170e-01  7.269059e-02 -2.261649e-01  9.568298e-02
-3.51724e+00 -3.93103e+00       4.391e+11  9.408648e-01  7.932832e-02 -1.617225e-01  5.913525e-02
-3.10345e+00 -3.93103e+00       3.508e+11  9.216137e-01  5.297927e-02 -1.798162e-01  7.838632e-02
-2.68966e+00 -3.93103e+00       2.611e+11  8.582940e-01  2.163377e-02 -2.080636e-01  1.417060e-01
-2.27586e+00 -3.93103e+00       1.646e+11  7.602630e-01 -3.327392e-02 -1.347993e-01  2.397370e-01
-1.86207e+00 -3.93103e+00       9.980e+10  6.409123e-01 -2.224385e-01  1.155531e-01  3.590877e-01
-1.44828e+00 -3.93103e+00       7.585e+10  5.122380e-01 -4.227052e-01  3.832698e-01  4.877620e-01
-1.03448e+00 -3.93103e+00       7.064e+10  3.003904e-01 -4.513032e-01  4.160933e-01  6.996096e-01
-6.20690e-01 -3.93103e+00       7.077e+10  6.781289e-02 -3.963820e-01  1.030260e-01  9.321871e-01
-2.06897e-01 -3.93103e+00       8.064e+10  6.163296e-02 -3.196337e-01 -4.076815e-01  9.383670e-01
 2.06897e-01 -3.93103e+00       9.996e+10  2.330890e-01 -2.625982e-01 -7.014269e-01  7.669110e-01
 6.20690e-01 -3.93103e+00       1.138e+11  3.829795e-01 -2.462886e-01 -7.469324e-01  6.170205e-01
 1.03448e+00 -3.93103e+00       1.187e+11  5.340020e-01 -2.710498e-01 -6.147145e-01  4.659980e-01
 1.44828e+00 -3.93103e+00       1.376e+11  7.351119e-01 -2.781572e-01 -3.410398e-01  2.648881e-01
 1.86207e+00 -3.93103e+00       1.846e+11  8.701287e-01 -1.964534e-01 -9.609936e-02  1.298713e-01
 2.27586e+00 -3.93103e+00       2.324e+11  9.002526e-01 -8.437148e-02  4.397201e-02  9.974740e-02
 2.68966e+00 -3.93103e+00       2.601e+11  8.924831e-01  4.229240e-04  8.948058e-02  1.075169e-01
 3.10345e+00 -3.93103e+00       3.324e+11  9.183264e-01  4.747860e-02  9.705639e-02  8.167361e-02
 3.51724e+00 -3.93103e+00       4.962e+11  9.504196e-01  5.323674e-02  1.435697e-01  4.958044e-02
 3.93103e+00 -3.93103e+00       6.237e+11  9.395728e-01  4.274980e-02  2.162723e-01  6.042715e-02
 4.34483e+00 -3.93103e+00       5.970e+11  8.665049e-01  3.586103e-02  3.361207e-01  1.334951e-01
 4.75862e+00 -3.93103e+00       4.902e+11  7.141389e-01  3.263596e-02  5.276588e-01  2.858611e-01
 5.17241e+00 -3.93103e+00       4.167e+11  5.182961e-01  1.569702e-02  7.195179e-01  4.817039e-01
 5.58621e+00 -3.93103e+00       4.614e+11  2.855243e-01  6.640212e-04  8.436473e-01  7.144757e-01
 6.00000e+00 -3.93103e+00       7.038e+11  5.397122e-02  9.966837e-03  9.146729e-01  9.460288e-01
-6.00000e+00 -3.51724e+00       5.142e+11  3.822981e-02 -6.403808e-02 -8.878983e-01  9.617702e-01
-5.58621e+00 -3.51724e+00       3.824e+11  2.247534e-01 -7.777058e-02 -8.243619e-01  7.752466e-01
-5.17241e+00 -3.51724e+00       3.950e+11  4.958172e-01 -9.900341e-03 -6.558101e-01  5.041828e-01
-4.75862e+00 -3.51724e+00       4.776e+11  7.221453e-01  4.414537e-02 -4.761866e-01  2.778547e-01
-4.34483e+00 -3.51724e+00       4.844e+11  8.489747e-01  6.816199e-02 -3.511253e-01  1.510253e-01
-3.93103e+00 -3.51724e+00       4.051e+11  8.982803e-01  7.776628e-02 -2.948656e-01  1.017197e-01
-3.51724e+00 -3.51724e+00       3.139e+11  8.784318e-01  6.204681e-02 -3.081315e-01  1.215682e-01
-3.10345e+00 -3.51724e+00       2.240e+11  8.248001e-01  2.897994e-02 -2.992886e-01  1.751999e-01
-2.68966e+00 -3.51724e+00       1.498e+11  7.957772e-01 -4.684993e-02 -1.257707e-01  2.042228e-01
-2.27586e+00 -3.51724e+00       1.382e+11  8.163515e-01 -1.359881e-01  2.280355e-01  1.836485e-01
-1.86207e+00 -3.51724e+00       2.249e+11  7.725397e-01 -1.260961e-01  4.914829e-01  2.274603e-01
-1.44828e+00 -3.51724e+00       4.184e+11  6.417334e-01 -1.369537e-01  6.369556e-01  3.582666e-01
-1.03448e+00 -3.51724e+00       6.213e+11  4.432864e-01 -1.858875e-01  7.079759e-01  5.567136e-01
-6.20690e-01 -3.51724e+00       6.886e+11  1.630602e-01 -2.513036e-01  6.307062e-01  8.369398e-01
-2.06897e-01 -3.51724e+00       6.640e+11 -9.397184e-02 -3.074089e-01  2.221996e-01  9.060282e-01
 2.06897e-01 -3.51724e+00       7.107e+11 -2.830331e-02 -2.947254e-01 -3.836858e-01  9.716967e-01
 6.20690e-01 -3.51724e+00       8.112e+11  2.721405e-01 -2.216443e-01 -6.838586e-01  7.278595e-01
 1.03448e+00 -3.51724e+00       7.790e+11  5.314816e-01 -1.454941e-01 -6.892000e-01  4.685184e-01
 1.44828e+00 -3.51724e+00       5.794e+11  7.175099e-01 -9.226695e-02 -5.618837e-01  2.824901e-01
 1.86207e+00 -3.51724e+00       3.716e+11  8.494744e-01 -8.491252e-02 -3.689120e-01  1.505256e-01
 2.27586e+00 -3.51724e+00       2.607e+11  9.125938e-01 -1.113654e-01 -1.314754e-01  8.740622e-02
 2.68966e+00 -3.51724e+00       2.400e+11  9.106981e-01 -8.600085e-02  1.047415e-01  8.930195e-02
 3.10345e+00 -3.51724e+00       2.583e+11  8.929426e-01 -9.889450e-03  2.186436e-01  1.070574e-01
 3.51724e+00 -3.51724e+00       3.221e+11  9.048558e-01  4.869349e-02  2.428693e-01  9.514424e-02
 3.93103e+00 -3.51724e+00       4.606e+11  9.209121e-01  5.636844e-02  2.789243e-01  7.908791e-02
 4.34483e+00 -3.51724e+00       5.614e+11  8.941029e-01  4.402435e-02  3.429336e-01  1.058971e-01
 4.75862e+00 -3.51724e+00       5.216e+11  7.953034e-01  3.533780e-02  4.561235e-01  2.046966e-01
 5.17241e+00 -3.51724e+00       4.178e+11  6.080988e-01  2.716502e-02  6.307745e-01  3.919012e-01
 5.58621e+00 -3.51724e+00       3.644e+11  3.641151e-01  5.343392e-03  7.911023e-01  6.358849e-01
 6.00000e+00 -3.51724e+00       4.503e+11  8.151543e-02  2.381121e-05  8.760193e-01  9.184846e-01
-6.00000e+00 -3.10345e+00       3.577e+11  8.320377e-03  9.078082e-03 -8.614444e-01  9.916796e-01
-5.58621e+00 -3.10345e+00       3.222e+11  3.177467e-01  1.576666e-02 -7.319362e-01  6.822533e-01
-5.17241e+00 -3.10345e+00       3.969e+11  6.060359e-01  4.879848e-02 -5.644911e-01  3.939641e-01
-4.75862e+00 -3.10345e+00       4.330e+11  7.754502e-01  6.504558e-02 -4.393408e-01  2.245498e-01
-4.34483e+00 -3.10345e+00       3.771e+11  8.537641e-01  7.418786e-02 -3.753900e-01  1.462359e-01
-3.93103e+00 -3.10345e+00       2.912e+11  8.488081e-01  6.948411e-02 -3.775300e-01  1.511919e-01
-3.51724e+00 -3.10345e+00       2.142e+11  8.131931e-01  3.956186e-02 -3.525315e-01  1.868069e-01
-3.10345e+00 -3.10345e+00       1.988e+11  8.644265e-01 -1.958631e-02 -1.219621e-01  1.355735e-01
-2.68966e+00 -3.10345e+00       4.007e+11  9.528195e-01 -3.327119e-02  1.288537e-01  4.718045e-02
-2.27586e+00 -3.10345e+00       9.499e+11  9.626631e-01 -1.705539e-02  2.164465e-01  3.733686e-02
-1.86207e+00 -3.10345e+00       1.522e+12  9.502848e-01 -1.590104e-03  2.678924e-01  4.971521e-02
-1.44828e+00 -3.10345e+00       1.475e+12  9.287753e-01  2.228038e-02  3.096968e-01  7.122472e-02
-1.03448e+00 -3.10345e+00       8.766e+11  8.886960e-01  5.845170e-02  3.310340e-01  1.113040e-01
-6.20690e-01 -3.10345e+00       3.647e+11  7.975049e-01  8.487121e-02  2.666045e-01  2.024951e-01
-2.06897e-01 -3.10345e+00       1.813e+11  6.795319e-01  1.716836e-02 -3.980708e-02  3.204681e-01
 2.06897e-01 -3.10345e+00       2.223e+11  7.666997e-01 -4.163546e-02 -3.066171e-01  2.333003e-01
 6.20690e-01 -3.10345e+00       4.689e+11  8.780649e-01 -1.854422e-02 -3.437467e-01  1.219351e-01
 1.03448e+00 -3.10345e+00       1.009e+12  9.226527e-01 -1.774547e-02 -3.268740e-01  7.734727e-02
 1.44828e+00 -3.10345e+00       1.643e+12  9.432097e-01 -3.120543e-02 -2.940299e-01  5.679030e-02
 1.86207e+00 -3.10345e+00       1.741e+12  9.571552e-01 -4.003287e-02 -2.508812e-01  4.284483e-02
 2.27586e+00 -3.10345e+00       1.170e+12  9.672866e-01 -4.455090e-02 -1.921174e-01  3.271338e-02
 2.68966e+00 -3.10345e+00       5.686e+11  9.666952e-01 -5.492382e-02 -8.312445e-02  3.330483e-02
 3.10345e+00 -3.10345e+00       3.047e+11  9.299381e-01 -5.574083e-02  1.284268e-01  7.006189e-02
 3.51724e+00 -3.10345e+00       2.594e+11  8.845436e-01  1.473130e-03  2.928596e-01  1.154564e-01
 3.93103e+00 -3.10345e+00       3.168e+11  8.866144e-01  5.473114e-02  3.346436e-01  1.133856e-01
 4.34483e+00 -3.10345e+00       4.356e+11  8.873223e-01  5.657541e-02  3.708935e-01  1.126777e-01
 4.75862e+00 -3.10345e+00       4.988e+11  8.335166e-01  4.375731e-02  4.413309e-01  1.664834e-01
 5.17241e+00 -3.10345e+00       4.496e+11  6.962892e-01  3.876536e-02  5.674349e-01  3.037108e-01
 5.58621e+00 -3.10345e+00       3.725e+11  4.726003e-01  3.489923e-02  7.284733e-01  5.273997e-01
 6.00000e+00 -3.10345e+00       3.767e+11  1.610599e-01  2.064633e-02  8.452207e-01  8.389401e-01
-6.00000e+00 -2.68966e+00       2.474e+11  1.269988e-01  6.080196e-03 -7.524350e-01  8.730012e-01
-5.58621e+00 -2.68966e+00       3.052e+11  4.801603e-01  3.448261e-02 -6.272835e-01  5.198397e-01
-5.17241e+00 -2.68966e+00       3.747e+11  6.927803e-01  6.472128e-02 -5.072213e-01  3.072197e-01
-4.75862e+00 -2.68966e+00       3.542e+11  8.052798e-01  7.545794e-02 -4.265548e-01  1.947202e-01
-4.34483e+00 -2.68966e+00       2.788e+11  8.328376e-01  7.428564e-02 -4.077864e-01  1.671624e-01
-3.93103e+00 -2.68966e+00       2.148e+11  8.144809e-01  5.428532e-02 -3.875455e-01  1.855191e-01
-3.51724e+00 -2.68966e+00       2.536e+11  8.928209e-01  9.241240e-03 -1.948076e-01  1.071791e-01
-3.10345e+00 -2.68966e+00       6.279e+11  9.791992e-01 -7.656009e-04 -4.203321e-02  2.080085e-02
-2.68966e+00 -2.68966e+00       1.401e+12  9.947832e-01  7.060270e-03 -1.002687e-04  5.216774e-03
-2.27586e+00 -2.68966e+00       1.886e+12  9.955777e-01  1.560102e-02  2.417047e-02  4.422321e-03
-1.86207e+00 -2.68966e+00       1.475e+12  9.924179e-01  2.942675e-02  4.674953e-02  7.582087e-03
-1.44828e+00 -2.68966e+00       7.685e+11  9.835118e-01  5.257265e-02  6.602876e-02  1.648818e-02
-1.03448e+00 -2.68966e+00       4.068e+11  9.673665e-01  6.855815e-02  7.403379e-02  3.263350e-02
-6.20690e-01 -2.68966e+00       3.128e+11  9.518393e-01  7.232310e-02  9.986028e-02  4.816068e-02
-2.06897e-01 -2.68966e+00       2.865e+11  9.387602e-01  9.010263e-02  1.434499e-01  6.123981e-02
 2.06897e-01 -2.68966e+00       2.512e+11  9.271262e-01  8.521268e-02  1.660498e-01  7.287377e-02
 6.20690e-01 -2.68966e+00       2.248e+11  9.255926e-01  3.676893e-02  1.378549e-01  7.440745e-02
 1.03448e+00 -2.68966e+00       3.129e+11  9.545815e-01 -6.932598e-03  3.736191e-02  4.541852e-02
 1.44828e+00 -2.68966e+00       7.315e+11  9.841475e-01 -1.934461e-02 -2.105195e-02  1.585246e-02
 1.86207e+00 -2.68966e+00       1.538e+12  9.940176e-01 -2.408552e-02 -2.502595e-02  5.982402e-03
 2.27586e+00 -2.68966e+00       2.053e+12  9.962730e-01 -2.763456e-02 -1.454011e-02  3.726962e-03
 2.68966e+00 -2.68966e+00       1.615e+12  9.950834e-01 -3.140864e-02  5.784297e-03  4.916581e-03
 3.10345e+00 -2.68966e+00       8.028e+11  9.842506e-01 -3.786951e-02  5.549698e-02  1.574937e-02
 3.51724e+00 -2.68966e+00       3.566e+11  9.369268e-01 -3.390415e-02  1.927447e-01  6.307321e-02
 3.93103e+00 -2.68966e+00       2.594e+11  8.783104e-01  2.077161e-02  3.426528e-01  1.216896e-01
 4.34483e+00 -2.68966e+00       3.172e+11  8.728165e-01  5.925521e-02  3.903774e-01  1.271835e-01
 4.75862e+00 -2.68966e+00       4.141e+11  8.520389e-01  5.380706e-02  4.345165e-01  1.479611e-01
 5.17241e+00 -2.68966e+00       4.271e+11  7.673359e-01  4.312726e-02  5.149887e-01  2.326641e-01
 5.58621e+00 -2.68966e+00       3.540e+11  5.959496e-01  3.849043e-02  6.454638e-01  4.040504e-01
 6.00000e+00 -2.68966e+00       2.978e+11  3.272180e-01  2.596428e-02  7.789726e-01  6.727820e-01
-6.00000e+00 -2.27586e+00       2.228e+11  3.326519e-01 -5.699087e-02 -6.457569e-01  6.673481e-01
-5.58621e+00 -2.27586e+00       2.965e+11  5.938702e-01  3.954056e-02 -5.466679e-01  4.061298e-01
-5.17241e+00 -2.27586e+00       3.220e+11  7.551243e-01  6.900870e-02 -4.516057e-01  2.448757e-01
-4.75862e+00 -2.27586e+00       2.737e+11  8.262976e-01  7.059779e-02 -4.091826e-01  1.737024e-01
-4.34483e+00 -2.27586e+00       2.141e+11  8.256859e-01  6.287080e-02 -4.031178e-01  1.743141e-01
-3.93103e+00 -2.27586e+00       2.444e+11  8.802331e-01  2.933182e-02 -2.811615e-01  1.197669e-01
-3.51724e+00 -2.27586e+00       6.039e+11  9.684598e-01  1.063133e-02 -1.503014e-01  3.154016e-02
-3.10345e+00 -2.27586e+00       1.399e+12  9.891863e-01  1.291372e-02 -1.166390e-01  1.081372e-02
-2.68966e+00 -2.27586e+00       1.942e+12  9.928515e-01  1.745709e-02 -1.018311e-01  7.148512e-03
-2.27586e+00 -2.27586e+00       1.597e+12  9.932938e-01  2.648653e-02 -8.974641e-02  6.706233e-03
-1.86207e+00 -2.27586e+00       1.073e+12  9.910972e-01  4.480434e-02 -8.369506e-02  8.902807e-03
-1.44828e+00 -2.27586e+00       1.123e+12  9.894687e-01  4.996423e-02 -8.915200e-02  1.053132e-02
-1.03448e+00 -2.27586e+00       1.473e+12  9.911677e-01  3.194461e-02 -8.343952e-02  8.832333e-03
-6.20690e-01 -2.27586e+00       1.594e+12  9.935178e-01  1.025134e-02 -5.395324e-02  6.482211e-03
-2.06897e-01 -2.27586e+00       1.471e+12  9.947014e-01 -4.641051e-03  2.241300e-03  5.298552e-03
 2.06897e-01 -2.27586e+00       1.346e+12  9.926466e-01 -7.213918e-03  7.103295e-02  7.353421e-03
 6.20690e-01 -2.27586e+00       1.230e+12  9.872949e-01  1.417625e-03  1.274455e-01  1.270515e-02
 1.03448e+00 -2.27586e+00       9.626e+11  9.801359e-01  1.539330e-02  1.622839e-01  1.986412e-02
 1.44828e+00 -2.27586e+00       6.579e+11  9.740965e-01  1.839102e-02  1.669026e-01  2.590346e-02
 1.86207e+00 -2.27586e+00       7.887e+11  9.824326e-01 -8.166448e-03  1.230364e-01  1.756744e-02
 2.27586e+00 -2.27586e+00       1.518e+12  9.906441e-01 -2.016145e-02  1.036743e-01  9.355861e-03
 2.68966e+00 -2.27586e+00       2.039e+12  9.922004e-01 -2.306070e-02  1.048382e-01  7.799616e-03
 3.10345e+00 -2.27586e+00       1.579e+12  9.899747e-01 -2.625252e-02  1.152544e-01  1.002533e-02
 3.51724e+00 -2.27586e+00       7.546e+11  9.762033e-01 -3.012823e-02  1.520138e-01  2.379669e-02
 3.93103e+00 -2.27586e+00       3.262e+11  9.247879e-01 -1.346530e-02  2.639569e-01  7.521212e-02
 4.34483e+00 -2.27586e+00       2.526e+11  8.767514e-01  4.179365e-02  3.745077e-01  1.232486e-01
 4.75862e+00 -2.27586e+00       3.177e+11  8.659684e-01  5.721166e-02  4.160427e-01  1.340316e-01
 5.17241e+00 -2.27586e+00       3.714e+11  8.155231e-01  4.553159e-02  4.718333e-01  1.844769e-01
 5.58621e+00 -2.27586e+00       3.335e+11  6.887856e-01  3.184799e-02  5.753847e-01  3.112144e-01
 6.00000e+00 -2.27586e+00       2.572e+11  4.955317e-01  1.343182e-02  7.032254e-01  5.044683e-01
-6.00000e+00 -1.86207e+00       2.087e+11  4.546013e-01 -3.020675e-02 -6.082773e-01  5.453987e-01
-5.58621e+00 -1.86207e+00       2.529e+11  7.171451e-01  1.996163e-02 -4.542996e-01  2.828549e-01
-5.17241e+00 -1.86207e+00       2.592e+11  8.327231e-01  3.296605e-02 -3.930343e-01  1.672769e-01
-4.75862e+00 -1.86207e+00       2.164e+11  8.542144e-01  5.118297e-02 -3.878315e-01  1.457856e-01
-4.34483e+00 -1.86207e+00       2.045e+11  8.672394e-01  4.754024e-02 -3.378287e-01  1.327606e-01
-3.93103e+00 -1.86207e+00       4.278e+11  9.485485e-01  1.909938e-02 -2.131235e-01  5.145151e-02
-3.51724e+00 -1.86207e+00       1.112e+12  9.797916e-01  1.490705e-02 -1.721531e-01  2.020845e-02
-3.10345e+00 -1.86207e+00       1.834e+12  9.855291e-01  1.665838e-02 -1.605755e-01  1.447086e-02
-2.68966e+00 -1.86207e+00       1.791e+12  9.867224e-01  2.119853e-02 -1.538818e-01  1.327761e-02
-2.27586e+00 -1.86207e+00       1.434e+12  9.860214e-01  2.979791e-02 -1.504433e-01  1.397857e-02
-1.86207e+00 -1.86207e+00       2.091e+12  9.876909e-01  2.656084e-02 -1.362844e-01  1.230906e-02
-1.44828e+00 -1.86207e+00       5.480e+12  9.924119e-01  1.521938e-02 -1.066226e-01  7.588102e-03
-1.03448e+00 -1.86207e+00       1.397e+13  9.955324e-01  6.507480e-03 -7.949418e-02  4.467625e-03
-6.20690e-01 -1.86207e+00       2.664e+13  9.973658e-01 -6.124489e-04 -5.235391e-02  2.634237e-03
-2.06897e-01 -1.86207e+00       3.640e+13  9.983937e-01 -6.027265e-03 -2.193868e-02  1.606311e-03
 2.06897e-01 -1.86207e+00       3.595e+13  9.985472e-01 -9.537813e-03  1.036635e-02  1.452789e-03
 6.20690e-01 -1.86207e+00       2.553e+13  9.977636e-01 -1.139626e-02  4.172709e-02  2.236388e-03
 1.03448e+00 -1.86207e+00       1.272e+13  9.959017e-01 -1.191660e-02  7.172594e-02  4.098304e-03
 1.44828e+00 -1.86207e+00       4.456e+12  9.917345e-01 -1.073615e-02  1.065094e-01  8.265482e-03
 1.86207e+00 -1.86207e+00       1.362e+12  9.824426e-01 -7.568589e-03  1.559612e-01  1.755739e-02
 2.27586e+00 -1.86207e+00       1.009e+12  9.801841e-01 -1.273477e-02  1.699633e-01  1.981592e-02
 2.68966e+00 -1.86207e+00       1.650e+12  9.851594e-01 -1.774298e-02  1.569503e-01  1.484059e-02
 3.10345e+00 -1.86207e+00       1.903e+12  9.860535e-01 -1.988586e-02  1.561474e-01  1.394653e-02
 3.51724e+00 -1.86207e+00       1.258e+12  9.826932e-01 -2.255322e-02  1.653912e-01  1.730680e-02
 3.93103e+00 -1.86207e+00       5.390e+11  9.634206e-01 -2.103690e-02  2.073157e-01  3.657941e-02
 4.34483e+00 -1.86207e+00       2.591e+11  9.132625e-01  1.450197e-02  3.104358e-01  8.673747e-02
 4.75862e+00 -1.86207e+00       2.479e+11  8.926774e-01  5.008121e-02  3.695587e-01  1.073226e-01
 5.17241e+00 -1.86207e+00       2.917e+11  8.749494e-01  4.291503e-02  3.989626e-01  1.250506e-01
 5.58621e+00 -1.86207e+00       2.715e+11  7.912790e-01  2.904169e-02  4.602260e-01  2.087210e-01
 6.00000e+00 -1.86207e+00       1.977e+11  5.658876e-01  3.826735e-03  5.886769e-01  4.341124e-01
-6.00000e+00 -1.44828e+00       1.818e+11  6.951387e-01 -1.039478e-02 -4.717964e-01  3.048613e-01
-5.58621e+00 -1.44828e+00       2.473e+11  8.153435e-01  3.806007e-02 -4.159154e-01  1.846565e-01
-5.17241e+00 -1.44828e+00       2.347e+11  8.670230e-01  7.039832e-02 -3.677214e-01  1.329770e-01
-4.75862e+00 -1.44828e+00       1.856e+11  8.798401e-01  7.146152e-02 -3.350602e-01  1.201599e-01
-4.34483e+00 -1.44828e+00       2.521e+11  9.267385e-01  3.094210e-02 -2.501710e-01  7.326150e-02
-3.93103e+00 -1.44828e+00       6.909e+11  9.727192e-01  1.533881e-02 -1.886096e-01  2.728085e-02
-3.51724e+00 -1.44828e+00       1.479e+12  9.827321e-01  1.475310e-02 -1.746351e-01  1.726790e-02
-3.10345e+00 -1.44828e+00       1.870e+12  9.845769e-01  1.608663e-02 -1.699509e-01  1.542311e-02
-2.68966e+00 -1.44828e+00       1.756e+12  9.846838e-01  1.920768e-02 -1.671437e-01  1.531616e-02
-2.27586e+00 -1.44828e+00       3.031e+12  9.865015e-01  1.449463e-02 -1.553176e-01  1.349853e-02
-1.86207e+00 -1.44828e+00       9.573e+12  9.895763e-01  4.577385e-03 -1.378427e-01  1.042365e-02
-1.44828e+00 -1.44828e+00       2.521e+13  9.919731e-01 -2.638432e-03 -1.200869e-01  8.026890e-03
-1.03448e+00 -1.44828e+00       4.633e+13  9.942461e-01 -7.752845e-03 -9.757780e-02  5.753875e-03
-6.20690e-01 -1.44828e+00       6.232e+13  9.964571e-01 -1.076308e-02 -6.686941e-02  3.542924e-03
-2.06897e-01 -1.44828e+00       6.876e+13  9.980599e-01 -1.192652e-02 -2.692974e-02  1.940099e-03
 2.06897e-01 -1.44828e+00       6.882e+13  9.983017e-01 -1.252345e-02  1.712139e-02  1.698328e-03
 6.20690e-01 -1.44828e+00       6.209e+13  9.971569e-01 -1.383600e-02  5.598796e-02  2.843124e-03
 1.03448e+00 -1.44828e+00       4.524e+13  9.953106e-01 -1.582510e-02  8.568672e-02  4.689360e-03
 1.44828e+00 -1.44828e+00       2.361e+13  9.932165e-01 -1.780292e-02  1.082606e-01  6.783454e-03
 1.86207e+00 -1.44828e+00       8.220e+12  9.905670e-01 -1.906286e-02  1.283825e-01  9.432984e-03
 2.27586e+00 -1.44828e+00       2.190e+12  9.857287e-01 -1.812769e-02  1.540417e-01  1.427127e-02
 2.68966e+00 -1.44828e+00       1.345e+12  9.832657e-01 -1.526986e-02  1.679644e-01  1.673433e-02
 3.10345e+00 -1.44828e+00       1.779e+12  9.852137e-01 -1.587778e-02  1.631289e-01  1.478629e-02
 3.51724e+00 -1.44828e+00       1.571e+12  9.848820e-01 -1.756291e-02  1.643807e-01  1.511801e-02
 3.93103e+00 -1.44828e+00       8.108e+11  9.788177e-01 -1.871670e-02  1.789581e-01  2.118226e-02
 4.34483e+00 -1.44828e+00       3.267e+11  9.521540e-01 -3.269317e-03  2.377606e-01  4.784605e-02
 4.75862e+00 -1.44828e+00       2.304e+11  9.191771e-01  4.360463e-02  3.175776e-01  8.082290e-02
 5.17241e+00 -1.44828e+00       2.714e+11  9.063830e-01  4.992788e-02  3.501765e-01  9.361700e-02
 5.58621e+00 -1.44828e+00       2.713e+11  8.665711e-01  3.620656e-02  3.973586e-01  1.334289e-01
 6.00000e+00 -1.44828e+00       2.076e+11  7.713575e-01  3.265181e-02  4.863895e-01  2.286425e-01
-6.00000e+00 -1.03448e+00       1.576e+11  8.068146e-01  1.841394e-02 -3.397468e-01  1.931854e-01
-5.58621e+00 -1.03448e+00       1.965e+11  9.047096e-01  1.327369e-02 -2.632478e-01  9.529039e-02
-5.17241e+00 -1.03448e+00       1.828e+11  9.310610e-01  1.260819e-02 -2.578227e-01  6.893904e-02
-4.75862e+00 -1.03448e+00       1.717e+11  9.353163e-01  2.312944e-02 -2.502856e-01  6.468367e-02
-4.34483e+00 -1.03448e+00       3.398e+11  9.675874e-01  1.671566e-02 -1.835625e-01  3.241256e-02
-3.93103e+00 -1.03448e+00       9.247e+11  9.844670e-01  1.215999e-02 -1.562568e-01  1.553295e-02
-3.51724e+00 -1.03448e+00       1.648e+12  9.877329e-01  1.192490e-02 -1.506765e-01  1.226709e-02
-3.10345e+00 -1.03448e+00       1.847e+12  9.881143e-01  1.249262e-02 -1.495958e-01  1.188572e-02
-2.68966e+00 -1.03448e+00       2.462e+12  9.884916e-01  9.985066e-03 -1.461408e-01  1.150839e-02
-2.27586e+00 -1.03448e+00       7.041e+12  9.902099e-01  2.357760e-03 -1.357935e-01  9.790116e-03
-1.86207e+00 -1.03448e+00       1.937e+13  9.916805e-01 -3.327203e-03 -1.255459e-01  8.319480e-03
-1.44828e+00 -1.03448e+00       3.531e+13  9.930762e-01 -7.239281e-03 -1.136303e-01  6.923753e-03
-1.03448e+00 -1.03448e+00       4.199e+13  9.946371e-01 -9.439770e-03 -9.765715e-02  5.362925e-03
-6.20690e-01 -1.03448e+00       3.563e+13  9.964115e-01 -9.291282e-03 -7.350124e-02  3.588530e-03
-2.06897e-01 -1.03448e+00       2.736e+13  9.980819e-01 -6.179848e-03 -3.135961e-02  1.918067e-03
 2.06897e-01 -1.03448e+00       2.784e+13  9.983495e-01 -3.532519e-03  2.516371e-02  1.650450e-03
 6.20690e-01 -1.03448e+00       3.673e+13  9.971514e-01 -5.383497e-03  6.455815e-02  2.848646e-03
 1.03448e+00 -1.03448e+00       4.270e+13  9.957259e-01 -8.962552e-03  8.662556e-02  4.274111e-03
 1.44828e+00 -1.03448e+00       3.476e+13  9.944052e-01 -1.236592e-02  1.013861e-01  5.594752e-03
 1.86207e+00 -1.03448e+00       1.802e+13  9.931181e-01 -1.513242e-02  1.130613e-01  6.881870e-03
 2.27586e+00 -1.03448e+00       5.864e+12  9.914657e-01 -1.687918e-02  1.247209e-01  8.534330e-03
 2.68966e+00 -1.03448e+00       1.791e+12  9.890005e-01 -1.552731e-02  1.383203e-01  1.099949e-02
 3.10345e+00 -1.03448e+00       1.592e+12  9.893417e-01 -1.278378e-02  1.380490e-01  1.065829e-02
 3.51724e+00 -1.03448e+00       1.660e+12  9.898629e-01 -1.307459e-02  1.362971e-01  1.013714e-02
 3.93103e+00 -1.03448e+00       1.032e+12  9.882080e-01 -1.352370e-02  1.412656e-01  1.179195e-02
 4.34483e+00 -1.03448e+00       4.220e+11  9.789150e-01 -7.800231e-03  1.668309e-01  2.108498e-02
 4.75862e+00 -1.03448e+00       2.096e+11  9.594925e-01  1.729603e-02  2.219718e-01  4.050751e-02
 5.17241e+00 -1.03448e+00       2.093e+11  9.521588e-01  2.938461e-02  2.514018e-01  4.784119e-02
 5.58621e+00 -1.03448e+00       2.246e+11  9.344577e-01  2.759735e-02  2.752891e-01  6.554230e-02
 6.00000e+00 -1.03448e+00       1.706e+11  8.654241e-01  2.047896e-02  3.370354e-01  1.345759e-01
-6.00000e+00 -6.20690e-01       1.673e+11  9.119193e-01  2.909743e-02 -2.529672e-01  8.808074e-02
-5.58621e+00 -6.20690e-01       1.944e+11  9.520494e-01  4.776027e-02 -1.887880e-01  4.795064e-02
-5.17241e+00 -6.20690e-01       1.655e+11  9.661104e-01  3.717687e-02 -1.649591e-01  3.388963e-02
-4.75862e+00 -6.20690e-01       1.690e+11  9.727781e-01  1.609828e-02 -1.522115e-01  2.722189e-02
-4.34483e+00 -6.20690e-01       4.156e+11  9.879410e-01  8.026122e-03 -1.182432e-01  1.205905e-02
-3.93103e+00 -6.20690e-01       1.073e+12  9.931343e-01  8.211576e-03 -1.071019e-01  6.865723e-03
-3.51724e+00 -6.20690e-01       1.705e+12  9.939899e-01  8.298877e-03 -1.054318e-01  6.010106e-03
-3.10345e+00 -6.20690e-01       1.934e+12  9.938901e-01  6.901502e-03 -1.064746e-01  6.109939e-03
-2.68966e+00 -6.20690e-01       3.598e+12  9.943671e-01  1.408591e-03 -1.025749e-01  5.632871e-03
-2.27586e+00 -6.20690e-01       1.071e+13  9.951843e-01 -3.135827e-03 -9.571992e-02  4.815749e-03
-1.86207e+00 -6.20690e-01       2.366e+13  9.957767e-01 -5.863083e-03 -8.972166e-02  4.223256e-03
-1.44828e+00 -6.20690e-01       3.220e+13  9.963435e-01 -7.659126e-03 -8.307234e-02  3.656546e-03
-1.03448e+00 -6.20690e-01       2.684e+13  9.969519e-01 -8.546712e-03 -7.509099e-02  3.048077e-03
-6.20690e-01 -6.20690e-01       1.429e+13  9.976243e-01 -8.199512e-03 -6.435715e-02  2.375747e-03
-2.06897e-01 -6.20690e-01       6.127e+12  9.984484e-01 -4.534646e-03 -3.586279e-02  1.551635e-03
 2.06897e-01 -6.20690e-01       6.411e+12  9.987432e-01  6.421147e-04  3.059335e-02  1.256785e-03
 6.20690e-01 -6.20690e-01       1.523e+13  9.982434e-01 -1.935999e-03  5.521885e-02  1.756611e-03
 1.03448e+00 -6.20690e-01       2.811e+13  9.977593e-01 -5.242465e-03  6.423955e-02  2.240705e-03
 1.44828e+00 -6.20690e-01       3.264e+13  9.973099e-01 -8.015823e-03  7.090965e-02  2.690067e-03
 1.86207e+00 -6.20690e-01       2.282e+13  9.968743e-01 -1.024944e-02  7.654727e-02  3.125658e-03
 2.27586e+00 -6.20690e-01       9.479e+12  9.963660e-01 -1.187946e-02  8.195786e-02  3.634017e-03
 2.68966e+00 -6.20690e-01       2.748e+12  9.955564e-01 -1.205808e-02  8.828823e-02  4.443592e-03
 3.10345e+00 -6.20690e-01       1.545e+12  9.953764e-01 -9.154507e-03  8.907897e-02  4.623622e-03
 3.51724e+00 -6.20690e-01       1.640e+12  9.958138e-01 -8.296256e-03  8.661976e-02  4.186228e-03
 3.93103e+00 -6.20690e-01       1.156e+12  9.955197e-01 -8.258267e-03  8.797804e-02  4.480307e-03
 4.34483e+00 -6.20690e-01       5.011e+11  9.929901e-01 -5.878766e-03  9.853152e-02  7.009949e-03
 4.75862e+00 -6.20690e-01       2.207e+11  9.852369e-01  1.018468e-02  1.312568e-01  1.476309e-02
 5.17241e+00 -6.20690e-01       2.128e+11  9.798501e-01  2.677704e-02  1.588596e-01  2.014995e-02
 5.58621e+00 -6.20690e-01       2.378e+11  9.718686e-01  2.405598e-02  1.814345e-01  2.813138e-02
 6.00000e+00 -6.20690e-01       1.865e+11  9.473208e-01  1.155727e-02  2.300552e-01  5.267918e-02
-6.00000e+00 -2.06897e-01       1.661e+11  9.879525e-01  3.437348e-03 -9.966927e-02  1.204747e-02
-5.58621e+00 -2.06897e-01       1.950e+11  9.929979e-01  1.259953e-02 -7.762114e-02  7.002091e-03
-5.17241e+00 -2.06897e-01       1.652e+11  9.947512e-01  9.379567e-03 -6.704064e-02  5.248830e-03
-4.75862e+00 -2.06897e-01       1.765e+11  9.955486e-01  1.502656e-03 -5.970922e-02  4.451375e-03
-4.34483e+00 -2.06897e-01       4.595e+11  9.978482e-01  1.632195e-03 -4.861696e-02  2.151845e-03
-3.93103e+00 -2.06897e-01       1.140e+12  9.986257e-01  3.438399e-03 -4.542634e-02  1.374284e-03
-3.51724e+00 -2.06897e-01       1.722e+12  9.986746e-01  3.470473e-03 -4.613218e-02  1.325386e-03
-3.10345e+00 -2.06897e-01       2.042e+12  9.985692e-01  4.186864e-04 -4.810511e-02  1.430784e-03
-2.68966e+00 -2.06897e-01       4.381e+12  9.988510e-01 -4.234310e-03 -4.419563e-02  1.148994e-03
-2.27586e+00 -2.06897e-01       1.249e+13  9.991077e-01 -5.517612e-03 -3.973308e-02  8.923457e-04
-1.86207e+00 -2.06897e-01       2.439e+13  9.992385e-01 -5.801346e-03 -3.679001e-02  7.615388e-04
-1.44828e+00 -2.06897e-01       2.857e+13  9.993424e-01 -5.813788e-03 -3.401730e-02  6.575708e-04
-1.03448e+00 -2.06897e-01       2.000e+13  9.994448e-01 -5.611145e-03 -3.097643e-02  5.551895e-04
-6.20690e-01 -2.06897e-01       8.708e+12  9.995627e-01 -5.222947e-03 -2.695821e-02  4.372513e-04
-2.06897e-01 -2.06897e-01       3.097e+12  9.997609e-01 -4.543798e-03 -1.606706e-02  2.391187e-04
 2.06897e-01 -2.06897e-01       3.262e+12  9.998748e-01 -3.853875e-03  9.126849e-03  1.252129e-04
 6.20690e-01 -2.06897e-01       9.394e+12  9.997891e-01 -4.444083e-03  1.775140e-02  2.108829e-04
 1.03448e+00 -2.06897e-01       2.122e+13  9.997321e-01 -5.220775e-03  2.039884e-02  2.678535e-04
 1.44828e+00 -2.06897e-01       2.939e+13  9.996886e-01 -5.844356e-03  2.213582e-02  3.113578e-04
 1.86207e+00 -2.06897e-01       2.393e+13  9.996472e-01 -6.252031e-03  2.352244e-02  3.527517e-04
 2.27586e+00 -2.06897e-01       1.133e+13  9.995901e-01 -6.379132e-03  2.482752e-02  4.098848e-04
 2.68966e+00 -2.06897e-01       3.455e+12  9.994658e-01 -5.992450e-03  2.618412e-02  5.341572e-04
 3.10345e+00 -2.06897e-01       1.583e+12  9.994100e-01 -4.769595e-03  2.464372e-02  5.899531e-04
 3.51724e+00 -2.06897e-01       1.615e+12  9.995499e-01 -4.014348e-03  2.274495e-02  4.501211e-04
 3.93103e+00 -2.06897e-01       1.207e+12  9.995593e-01 -3.210311e-03  2.299827e-02  4.407200e-04
 4.34483e+00 -2.06897e-01       5.464e+11  9.992941e-01 -1.031793e-03  2.526399e-02  7.058757e-04
 4.75862e+00 -2.06897e-01       2.351e+11  9.985195e-01  5.001956e-03  3.152915e-02  1.480527e-03
 5.17241e+00 -2.06897e-01       2.119e+11  9.982021e-01  6.832415e-03  3.870789e-02  1.797924e-03
 5.58621e+00 -2.06897e-01       2.296e+11  9.977422e-01  2.927509e-03  4.720519e-02  2.257796e-03
 6.00000e+00 -2.06897e-01       1.835e+11  9.961855e-01 -1.790251e-03  6.064574e-02  3.814528e-03
-6.00000e+00  2.06897e-01       1.659e+11  9.912561e-01 -1.065864e-02  7.198510e-02  8.743927e-03
-5.58621e+00  2.06897e-01       1.947e+11  9.948439e-01 -2.245030e-02  5.901292e-02  5.156081e-03
-5.17241e+00  2.06897e-01       1.647e+11  9.963889e-01 -2.927273e-02  4.757285e-02  3.611073e-03
-4.75862e+00  2.06897e-01       1.761e+11  9.977121e-01 -2.089727e-02  3.473199e-02  2.287905e-03
-4.34483e+00  2.06897e-01       4.600e+11  9.991529e-01 -6.118350e-03  2.414294e-02  8.471308e-04
-3.93103e+00  2.06897e-01       1.143e+12  9.995009e-01 -1.918638e-03  2.161464e-02  4.991151e-04
-3.51724e+00  2.06897e-01       1.729e+12  9.995488e-01 -1.747187e-03  1.925927e-02  4.512351e-04
-3.10345e+00  2.06897e-01       2.055e+12  9.995724e-01 -5.528465e-03  1.632635e-02  4.275951e-04
-2.68966e+00  2.06897e-01       4.394e+12  9.996266e-01 -8.660945e-03  1.930725e-02  3.733607e-04
-2.27586e+00  2.06897e-01       1.249e+13  9.996544e-01 -7.084048e-03  2.195489e-02  3.456181e-04
-1.86207e+00  2.06897e-01       2.436e+13  9.996789e-01 -5.099385e-03  2.226902e-02  3.211176e-04
-1.44828e+00  2.06897e-01       2.853e+13  9.997086e-01 -3.401652e-03  2.164174e-02  2.914433e-04
-1.03448e+00  2.06897e-01       1.998e+13  9.997432e-01 -2.042760e-03  2.040916e-02  2.567949e-04
-6.20690e-01  2.06897e-01       8.704e+12  9.997892e-01 -1.057854e-03  1.796692e-02  2.108116e-04
-2.06897e-01  2.06897e-01       3.091e+12  9.998469e-01 -1.247328e-03  7.887639e-03  1.530532e-04
 2.06897e-01  2.06897e-01       3.256e+12  9.996876e-01 -6.436009e-03 -1.833354e-02  3.124185e-04
 6.20690e-01  2.06897e-01       9.401e+12  9.995310e-01 -7.526905e-03 -2.742769e-02  4.689671e-04
 1.03448e+00  2.06897e-01       2.125e+13  9.994526e-01 -6.041197e-03 -3.053834e-02  5.473705e-04
 1.44828e+00  2.06897e-01       2.944e+13  9.993788e-01 -4.284760e-03 -3.300896e-02  6.211766e-04
 1.86207e+00  2.06897e-01       2.398e+13  9.992971e-01 -2.560743e-03 -3.535205e-02  7.028798e-04
 2.27586e+00  2.06897e-01       1.136e+13  9.992010e-01 -8.316718e-04 -3.764118e-02  7.990224e-04
 2.68966e+00  2.06897e-01       3.469e+12  9.990375e-01  7.855733e-04 -4.057237e-02  9.625361e-04
 3.10345e+00  2.06897e-01       1.588e+12  9.987876e-01  4.880019e-04 -4.522511e-02  1.212409e-03
 3.51724e+00  2.06897e-01       1.617e+12  9.987955e-01  4.451197e-04 -4.598848e-02  1.204524e-03
 3.93103e+00  2.06897e-01       1.208e+12  9.987406e-01  1.910254e-03 -4.620862e-02  1.259412e-03
 4.34483e+00  2.06897e-01       5.476e+11  9.981212e-01  3.756338e-03 -5.094303e-02  1.878760e-03
 4.75862e+00  2.06897e-01       2.364e+11  9.959953e-01 -1.626599e-03 -7.069140e-02  4.004655e-03
 5.17241e+00  2.06897e-01       2.132e+11  9.945786e-01 -1.497629e-02 -8.637260e-02  5.421433e-03
 5.58621e+00  2.06897e-01       2.308e+11  9.930252e-01 -1.642073e-02 -9.327678e-02  6.974779e-03
 6.00000e+00  2.06897e-01       1.846e+11  9.881471e-01 -1.318321e-02 -1.155210e-01  1.185287e-02
-6.00000e+00  6.20690e-01       1.660e+11  9.244810e-01 -4.273617e-02  2.267434e-01  7.551902e-02
-5.58621e+00  6.20690e-01       1.927e+11  9.578368e-01 -6.062125e-02  1.690923e-01  4.216318e-02
-5.17241e+00  6.20690e-01       1.631e+11  9.704796e-01 -5.710279e-02  1.435215e-01  2.952037e-02
-4.75862e+00  6.20690e-01       1.665e+11  9.787284e-01 -3.674645e-02  1.274148e-01  2.127163e-02
-4.34483e+00  6.20690e-01       4.167e+11  9.917692e-01 -1.411907e-02  9.468626e-02  8.230818e-03
-3.93103e+00  6.20690e-01       1.083e+12  9.955848e-01 -7.436945e-03  8.449248e-02  4.415195e-03
-3.51724e+00  6.20690e-01       1.726e+12  9.963201e-01 -6.536779e-03  8.061857e-02  3.679855e-03
-3.10345e+00  6.20690e-01       1.970e+12  9.965930e-01 -1.022758e-02  7.658705e-02  3.406985e-03
-2.68966e+00  6.20690e-01       3.642e+12  9.966163e-01 -1.328508e-02  7.723255e-02  3.383728e-03
-2.27586e+00  6.20690e-01       1.071e+13  9.967286e-01 -9.403197e-03  7.790533e-02  3.271411e-03
-1.86207e+00  6.20690e-01       2.357e+13  9.969969e-01 -5.210744e-03  7.534156e-02  3.003118e-03
-1.44828e+00  6.20690e-01       3.206e+13  9.973488e-01 -1.872863e-03  7.080953e-02  2.651233e-03
-1.03448e+00  6.20690e-01       2.676e+13  9.977656e-01  4.185169e-04  6.450882e-02  2.234386e-03
-6.20690e-01  6.20690e-01       1.429e+13  9.982394e-01  1.028855e-03  5.513639e-02  1.760623e-03
-2.06897e-01  6.20690e-01       6.176e+12  9.986859e-01 -3.521638e-03  2.733516e-02  1.314106e-03
 2.06897e-01  6.20690e-01       6.468e+12  9.982883e-01 -1.221627e-02 -3.959334e-02  1.711719e-03
 6.20690e-01  6.20690e-01       1.530e+13  9.975935e-01 -9.637320e-03 -6.474379e-02  2.406492e-03
 1.03448e+00  6.20690e-01       2.823e+13  9.970310e-01 -5.336260e-03 -7.420236e-02  2.968958e-03
 1.44828e+00  6.20690e-01       3.280e+13  9.964822e-01 -1.442896e-03 -8.156157e-02  3.517755e-03
 1.86207e+00  6.20690e-01       2.295e+13  9.959269e-01  2.094693e-03 -8.809882e-02  4.073092e-03
 2.27586e+00  6.20690e-01       9.555e+12  9.953143e-01  5.419083e-03 -9.442060e-02  4.685690e-03
 2.68966e+00  6.20690e-01       2.782e+12  9.943737e-01  7.734059e-03 -1.027017e-01  5.626254e-03
 3.10345e+00  6.20690e-01       1.557e+12  9.935827e-01  5.032372e-03 -1.098134e-01  6.417314e-03
 3.51724e+00  6.20690e-01       1.645e+12  9.937380e-01  4.663668e-03 -1.089059e-01  6.261965e-03
 3.93103e+00  6.20690e-01       1.159e+12  9.932448e-01  6.808939e-03 -1.101768e-01  6.755156e-03
 4.34483e+00  6.20690e-01       5.038e+11  9.895053e-01  8.091236e-03 -1.238236e-01  1.049470e-02
 4.75862e+00  6.20690e-01       2.238e+11  9.775776e-01 -7.229267e-03 -1.715872e-01  2.242236e-02
 5.17241e+00  6.20690e-01       2.161e+11  9.696105e-01 -2.948536e-02 -2.072602e-01  3.038950e-02
 5.58621e+00  6.20690e-01       2.411e+11  9.595312e-01 -2.832498e-02 -2.257983e-01  4.046875e-02
 6.00000e+00  6.20690e-01       1.898e+11  9.270231e-01 -1.525698e-02 -2.773726e-01  7.297688e-02
-6.00000e+00  1.03448e+00       1.550e+11  8.204705e-01 -3.910622e-02  3.128250e-01  1.795295e-01
-5.58621e+00  1.03448e+00       1.939e+11  9.097321e-01 -2.467187e-02  2.408396e-01  9.026792e-02
-5.17241e+00  1.03448e+00       1.797e+11  9.352048e-01 -2.550309e-02  2.376433e-01  6.479520e-02
-4.75862e+00  1.03448e+00       1.683e+11  9.422096e-01 -4.158349e-02  2.311067e-01  5.779040e-02
-4.34483e+00  1.03448e+00       3.402e+11  9.735021e-01 -2.599010e-02  1.627549e-01  2.649786e-02
-3.93103e+00  1.03448e+00       9.361e+11  9.880180e-01 -1.318530e-02  1.359809e-01  1.198201e-02
-3.51724e+00  1.03448e+00       1.677e+12  9.907703e-01 -1.073733e-02  1.294705e-01  9.229735e-03
-3.10345e+00  1.03448e+00       1.903e+12  9.915231e-01 -1.358524e-02  1.242851e-01  8.476880e-03
-2.68966e+00  1.03448e+00       2.545e+12  9.918439e-01 -1.883890e-02  1.205182e-01  8.156089e-03
-2.27586e+00  1.03448e+00       7.107e+12  9.924849e-01 -1.430864e-02  1.176117e-01  7.515121e-03
-1.86207e+00  1.03448e+00       1.932e+13  9.933994e-01 -7.824605e-03  1.112875e-01  6.600597e-03
-1.44828e+00  1.03448e+00       3.510e+13  9.944558e-01 -2.700174e-03  1.015579e-01  5.544166e-03
-1.03448e+00  1.03448e+00       4.173e+13  9.957089e-01  6.585408e-04  8.716355e-02  4.291127e-03
-6.20690e-01  1.03448e+00       3.547e+13  9.971418e-01  1.243603e-03  6.412671e-02  2.858163e-03
-2.06897e-01  1.03448e+00       2.734e+13  9.983417e-01 -2.153833e-03  2.254667e-02  1.658257e-03
 2.06897e-01  1.03448e+00       2.790e+13  9.980553e-01 -5.845190e-03 -3.400071e-02  1.944657e-03
 6.20690e-01  1.03448e+00       3.688e+13  9.964900e-01 -4.257912e-03 -7.373767e-02  3.509978e-03
 1.03448e+00  1.03448e+00       4.294e+13  9.948300e-01 -1.788810e-04 -9.631883e-02  5.169979e-03
 1.44828e+00  1.03448e+00       3.500e+13  9.932932e-01  4.122740e-03 -1.118326e-01  6.706781e-03
 1.86207e+00  1.03448e+00       1.818e+13  9.917905e-01  8.236957e-03 -1.244432e-01  8.209508e-03
 2.27586e+00  1.03448e+00       5.958e+12  9.899836e-01  1.215480e-02 -1.370629e-01  1.001639e-02
 2.68966e+00  1.03448e+00       1.833e+12  9.872165e-01  1.267488e-02 -1.536683e-01  1.278351e-02
 3.10345e+00  1.03448e+00       1.604e+12  9.868097e-01  8.024127e-03 -1.575133e-01  1.319026e-02
 3.51724e+00  1.03448e+00       1.662e+12  9.871358e-01  8.821406e-03 -1.556607e-01  1.286417e-02
 3.93103e+00  1.03448e+00       1.034e+12  9.850172e-01  1.154248e-02 -1.608808e-01  1.498278e-02
 4.34483e+00  1.03448e+00       4.261e+11  9.731340e-01  8.608674e-03 -1.914041e-01  2.686599e-02
 4.75862e+00  1.03448e+00       2.141e+11  9.470775e-01 -2.017188e-02 -2.613138e-01  5.292245e-02
 5.17241e+00  1.03448e+00       2.144e+11  9.357043e-01 -3.495108e-02 -2.982164e-01  6.429572e-02
 5.58621e+00  1.03448e+00       2.309e+11  9.145384e-01 -2.913712e-02 -3.204852e-01  8.546157e-02
 6.00000e+00  1.03448e+00       1.764e+11  8.354993e-01 -2.142821e-02 -3.810276e-01  1.645007e-01
-6.00000e+00  1.44828e+00       1.822e+11  6.974242e-01  7.475848e-03  4.578048e-01  3.025758e-01
-5.58621e+00  1.44828e+00       2.466e+11  8.176954e-01 -3.669987e-02  4.077401e-01  1.823046e-01
-5.17241e+00  1.44828e+00       2.312e+11  8.689114e-01 -7.554358e-02  3.613323e-01  1.310886e-01
-4.75862e+00  1.44828e+00       1.805e+11  8.842177e-01 -8.851340e-02  3.251700e-01  1.157823e-01
-4.34483e+00  1.44828e+00       2.510e+11  9.344593e-01 -4.542133e-02  2.323067e-01  6.554069e-02
-3.93103e+00  1.44828e+00       7.045e+11  9.772275e-01 -1.915056e-02  1.704328e-01  2.277248e-02
-3.51724e+00  1.44828e+00       1.517e+12  9.858985e-01 -1.468396e-02  1.568360e-01  1.410154e-02
-3.10345e+00  1.44828e+00       1.943e+12  9.876627e-01 -1.595534e-02  1.504566e-01  1.233730e-02
-2.68966e+00  1.44828e+00       1.877e+12  9.880432e-01 -2.250306e-02  1.448415e-01  1.195683e-02
-2.27586e+00  1.44828e+00       3.194e+12  9.890590e-01 -2.348794e-02  1.368626e-01  1.094098e-02
-1.86207e+00  1.44828e+00       9.697e+12  9.913746e-01 -1.536831e-02  1.235815e-01  8.625439e-03
-1.44828e+00  1.44828e+00       2.517e+13  9.933896e-01 -7.912220e-03  1.079838e-01  6.610404e-03
-1.03448e+00  1.44828e+00       4.611e+13  9.953118e-01 -1.990466e-03  8.704771e-02  4.688197e-03
-6.20690e-01  1.44828e+00       6.204e+13  9.971515e-01  1.839070e-03  5.740182e-02  2.848517e-03
-2.06897e-01  1.44828e+00       6.858e+13  9.983512e-01  3.486139e-03  1.803469e-02  1.648823e-03
 2.06897e-01  1.44828e+00       6.887e+13  9.981840e-01  4.223638e-03 -2.583424e-02  1.815982e-03
 6.20690e-01  1.44828e+00       6.234e+13  9.966699e-01  5.660296e-03 -6.485897e-02  3.330106e-03
 1.03448e+00  1.44828e+00       4.555e+13  9.944897e-01  8.043111e-03 -9.510218e-02  5.510299e-03
 1.44828e+00  1.44828e+00       2.384e+13  9.920716e-01  1.090220e-02 -1.186111e-01  7.928359e-03
 1.86207e+00  1.44828e+00       8.384e+12  9.891630e-01  1.410156e-02 -1.398471e-01  1.083702e-02
 2.27586e+00  1.44828e+00       2.290e+12  9.843145e-01  1.682078e-02 -1.668195e-01  1.568554e-02
 2.68966e+00  1.44828e+00       1.383e+12  9.811325e-01  1.257991e-02 -1.847639e-01  1.886748e-02
 3.10345e+00  1.44828e+00       1.785e+12  9.825936e-01  1.114982e-02 -1.802744e-01  1.740638e-02
 3.51724e+00  1.44828e+00       1.569e+12  9.821219e-01  1.369868e-02 -1.807293e-01  1.787811e-02
 3.93103e+00  1.44828e+00       8.121e+11  9.750839e-01  1.660988e-02 -1.962257e-01  2.491609e-02
 4.34483e+00  1.44828e+00       3.321e+11  9.439656e-01  2.245531e-03 -2.630767e-01  5.603439e-02
 4.75862e+00  1.44828e+00       2.356e+11  9.049610e-01 -4.908900e-02 -3.532492e-01  9.503901e-02
 5.17241e+00  1.44828e+00       2.745e+11  8.889216e-01 -6.046904e-02 -3.847848e-01  1.110784e-01
 5.58621e+00  1.44828e+00       2.735e+11  8.419981e-01 -4.877898e-02 -4.310919e-01  1.580019e-01
 6.00000e+00  1.44828e+00       2.109e+11  7.334022e-01 -5.094977e-02 -5.247882e-01  2.665978e-01
-6.00000e+00  1.86207e+00       2.037e+11  4.759527e-01  1.010771e-02  5.870457e-01  5.240473e-01
-5.58621e+00  1.86207e+00       2.504e+11  7.247872e-01 -3.114156e-02  4.375226e-01  2.752128e-01
-5.17241e+00  1.86207e+00       2.563e+11  8.350422e-01 -3.657717e-02  3.796462e-01  1.649578e-01
-4.75862e+00  1.86207e+00       2.111e+11  8.559249e-01 -5.804078e-02  3.775254e-01  1.440751e-01
-4.34483e+00  1.86207e+00       1.995e+11  8.722332e-01 -6.275833e-02  3.253737e-01  1.277668e-01
-3.93103e+00  1.86207e+00       4.348e+11  9.539155e-01 -2.860513e-02  1.969772e-01  4.608450e-02
-3.51724e+00  1.86207e+00       1.147e+12  9.826901e-01 -1.797865e-02  1.574507e-01  1.730985e-02
-3.10345e+00  1.86207e+00       1.908e+12  9.877399e-01 -1.769292e-02  1.462903e-01  1.226007e-02
-2.68966e+00  1.86207e+00       1.922e+12  9.887243e-01 -2.235595e-02  1.393185e-01  1.127570e-02
-2.27586e+00  1.86207e+00       1.646e+12  9.875917e-01 -3.066666e-02  1.380048e-01  1.240827e-02
-1.86207e+00  1.86207e+00       2.381e+12  9.883951e-01 -2.823767e-02  1.270627e-01  1.160490e-02
-1.44828e+00  1.86207e+00       5.770e+12  9.931215e-01 -2.134466e-02  9.459437e-02  6.878546e-03
-1.03448e+00  1.86207e+00       1.415e+13  9.963702e-01 -1.551145e-02  6.607494e-02  3.629829e-03
-6.20690e-01  1.86207e+00       2.672e+13  9.979688e-01 -9.084753e-03  4.006504e-02  2.031231e-03
-2.06897e-01  1.86207e+00       3.646e+13  9.986365e-01 -3.376011e-03  1.087524e-02  1.363463e-03
 2.06897e-01  1.86207e+00       3.603e+13  9.984028e-01  8.035149e-04 -2.101563e-02  1.597244e-03
 6.20690e-01  1.86207e+00       2.562e+13  9.971931e-01  3.733374e-03 -5.295318e-02  2.806855e-03
 1.03448e+00  1.86207e+00       1.287e+13  9.948352e-01  6.401588e-03 -8.460388e-02  5.164779e-03
 1.44828e+00  1.86207e+00       4.674e+12  9.902720e-01  1.027721e-02 -1.215242e-01  9.728028e-03
 1.86207e+00  1.86207e+00       1.549e+12  9.817264e-01  1.511415e-02 -1.698717e-01  1.827357e-02
 2.27586e+00  1.86207e+00       1.092e+12  9.787730e-01  1.333370e-02 -1.865148e-01  2.122699e-02
 2.68966e+00  1.86207e+00       1.666e+12  9.830303e-01  1.129766e-02 -1.726977e-01  1.696971e-02
 3.10345e+00  1.86207e+00       1.900e+12  9.839264e-01  1.329695e-02 -1.701904e-01  1.607360e-02
 3.51724e+00  1.86207e+00       1.256e+12  9.801746e-01  1.718514e-02 -1.792759e-01  1.982542e-02
 3.93103e+00  1.86207e+00       5.441e+11  9.585228e-01  1.701505e-02 -2.247080e-01  4.147723e-02
 4.34483e+00  1.86207e+00       2.670e+11  9.026851e-01 -1.759512e-02 -3.377022e-01  9.731490e-02
 4.75862e+00  1.86207e+00       2.554e+11  8.775343e-01 -5.331097e-02 -4.028420e-01  1.224657e-01
 5.17241e+00  1.86207e+00       3.016e+11  8.565832e-01 -4.591188e-02 -4.317407e-01  1.434168e-01
 5.58621e+00  1.86207e+00       2.832e+11  7.678498e-01 -3.297163e-02 -4.911614e-01  2.321502e-01
 6.00000e+00  1.86207e+00       2.081e+11  5.400481e-01 -9.473107e-03 -6.149684e-01  4.599519e-01
-6.00000e+00  2.27586e+00       2.208e+11  3.386475e-01  3.921592e-02  6.447551e-01  6.613525e-01
-5.58621e+00  2.27586e+00       2.963e+11  5.946554e-01 -4.989222e-02  5.492922e-01  4.053446e-01
-5.17241e+00  2.27586e+00       3.187e+11  7.525438e-01 -7.267337e-02  4.518952e-01  2.474562e-01
-4.75862e+00  2.27586e+00       2.665e+11  8.232265e-01 -7.366250e-02  4.060748e-01  1.767735e-01
-4.34483e+00  2.27586e+00       2.051e+11  8.235796e-01 -7.462928e-02  3.993907e-01  1.764204e-01
-3.93103e+00  2.27586e+00       2.419e+11  8.843604e-01 -4.748375e-02  2.697333e-01  1.156396e-01
-3.51724e+00  2.27586e+00       6.257e+11  9.713969e-01 -2.049305e-02  1.383461e-01  2.860313e-02
-3.10345e+00  2.27586e+00       1.462e+12  9.905370e-01 -1.775373e-02  1.058540e-01  9.462979e-03
-2.68966e+00  2.27586e+00       2.056e+12  9.937433e-01 -2.099818e-02  9.187698e-02  6.256693e-03
-2.27586e+00  2.27586e+00       1.784e+12  9.937655e-01 -2.950411e-02  8.304272e-02  6.234485e-03
-1.86207e+00  2.27586e+00       1.363e+12  9.910610e-01 -4.194211e-02  8.844117e-02  8.939022e-03
-1.44828e+00  2.27586e+00       1.563e+12  9.890669e-01 -3.695065e-02  1.035243e-01  1.093314e-02
-1.03448e+00  2.27586e+00       2.085e+12  9.900878e-01 -1.383004e-02  9.967317e-02  9.912199e-03
-6.20690e-01  2.27586e+00       2.291e+12  9.919746e-01  1.342739e-02  7.053649e-02  8.025383e-03
-2.06897e-01  2.27586e+00       2.162e+12  9.934782e-01  3.475166e-02  1.498651e-02  6.521767e-03
 2.06897e-01  2.27586e+00       2.041e+12  9.931663e-01  4.028423e-02 -4.979260e-02  6.833695e-03
 6.20690e-01  2.27586e+00       1.919e+12  9.905200e-01  3.105029e-02 -1.002138e-01  9.479973e-03
 1.03448e+00  2.27586e+00       1.511e+12  9.857840e-01  1.690378e-02 -1.360822e-01  1.421603e-02
 1.44828e+00  2.27586e+00       9.610e+11  9.794302e-01  7.157571e-03 -1.611368e-01  2.056980e-02
 1.86207e+00  2.27586e+00       8.972e+11  9.815386e-01  8.960847e-03 -1.446474e-01  1.846145e-02
 2.27586e+00  2.27586e+00       1.535e+12  9.892802e-01  1.178153e-02 -1.179115e-01  1.071980e-02
 2.68966e+00  2.27586e+00       2.023e+12  9.913432e-01  1.420030e-02 -1.140586e-01  8.656752e-03
 3.10345e+00  2.27586e+00       1.561e+12  9.891122e-01  1.812712e-02 -1.232390e-01  1.088780e-02
 3.51724e+00  2.27586e+00       7.515e+11  9.739713e-01  2.238402e-02 -1.622507e-01  2.602865e-02
 3.93103e+00  2.27586e+00       3.334e+11  9.181368e-01  6.191461e-03 -2.834951e-01  8.186322e-02
 4.34483e+00  2.27586e+00       2.620e+11  8.664496e-01 -4.504237e-02 -4.011722e-01  1.335504e-01
 4.75862e+00  2.27586e+00       3.290e+11  8.533867e-01 -6.072879e-02 -4.419678e-01  1.466133e-01
 5.17241e+00  2.27586e+00       3.847e+11  8.002541e-01 -5.216723e-02 -4.942705e-01  1.997459e-01
 5.58621e+00  2.27586e+00       3.446e+11  6.677887e-01 -4.237980e-02 -5.956665e-01  3.322113e-01
 6.00000e+00  2.27586e+00       2.673e+11  4.717339e-01 -2.515925e-02 -7.237352e-01  5.282661e-01
-6.00000e+00  2.68966e+00       2.449e+11  1.413910e-01 -9.933338e-03  7.553934e-01  8.586090e-01
-5.58621e+00  2.68966e+00       3.086e+11  4.861866e-01 -3.963979e-02  6.317601e-01  5.138134e-01
-5.17241e+00  2.68966e+00       3.768e+11  6.915299e-01 -6.437060e-02  5.116880e-01  3.084701e-01
-4.75862e+00  2.68966e+00       3.505e+11  8.015806e-01 -7.252064e-02  4.282809e-01  1.984194e-01
-4.34483e+00  2.68966e+00       2.703e+11  8.277096e-01 -7.656808e-02  4.086482e-01  1.722904e-01
-3.93103e+00  2.68966e+00       2.052e+11  8.079549e-01 -7.167727e-02  3.904392e-01  1.920451e-01
-3.51724e+00  2.68966e+00       2.551e+11  8.944883e-01 -3.213823e-02  1.878295e-01  1.055117e-01
-3.10345e+00  2.68966e+00       6.621e+11  9.802716e-01 -1.255213e-02  3.574695e-02  1.972840e-02
-2.68966e+00  2.68966e+00       1.483e+12  9.947841e-01 -1.622572e-02 -5.611545e-03  5.215943e-03
-2.27586e+00  2.68966e+00       2.016e+12  9.953406e-01 -2.430885e-02 -2.922492e-02  4.659393e-03
-1.86207e+00  2.68966e+00       1.675e+12  9.927425e-01 -3.754991e-02 -4.562106e-02  7.257455e-03
-1.44828e+00  2.68966e+00       1.057e+12  9.875580e-01 -5.209975e-02 -3.931264e-02  1.244202e-02
-1.03448e+00  2.68966e+00       7.235e+11  9.810708e-01 -4.741898e-02 -1.609799e-02  1.892920e-02
-6.20690e-01  2.68966e+00       5.939e+11  9.746465e-01 -3.405183e-02 -3.784028e-02  2.535352e-02
-2.06897e-01  2.68966e+00       5.316e+11  9.682587e-01 -3.546367e-02 -9.504593e-02  3.174131e-02
 2.06897e-01  2.68966e+00       4.712e+11  9.618347e-01 -2.708469e-02 -1.389415e-01  3.816533e-02
 6.20690e-01  2.68966e+00       4.160e+11  9.568164e-01 -4.405245e-04 -1.550858e-01  4.318359e-02
 1.03448e+00  2.68966e+00       4.522e+11  9.617238e-01  1.010646e-02 -1.121218e-01  3.827620e-02
 1.44828e+00  2.68966e+00       7.964e+11  9.810030e-01  7.318232e-03 -2.184154e-02  1.899700e-02
 1.86207e+00  2.68966e+00       1.541e+12  9.927544e-01  1.027733e-02  1.414063e-02  7.245565e-03
 2.27586e+00  2.68966e+00       2.019e+12  9.961172e-01  1.460763e-02  1.274635e-02  3.882785e-03
 2.68966e+00  2.68966e+00       1.579e+12  9.952054e-01  1.971808e-02 -5.962484e-03  4.794550e-03
 3.10345e+00  2.68966e+00       7.913e+11  9.836425e-01  2.639168e-02 -5.800128e-02  1.635754e-02
 3.51724e+00  2.68966e+00       3.634e+11  9.332557e-01  1.885272e-02 -2.046127e-01  6.674432e-02
 3.93103e+00  2.68966e+00       2.709e+11  8.727696e-01 -3.120664e-02 -3.618015e-01  1.272304e-01
 4.34483e+00  2.68966e+00       3.279e+11  8.649597e-01 -6.264997e-02 -4.108793e-01  1.350403e-01
 4.75862e+00  2.68966e+00       4.259e+11  8.420934e-01 -5.809279e-02 -4.532688e-01  1.579066e-01
 5.17241e+00  2.68966e+00       4.360e+11  7.542197e-01 -5.153655e-02 -5.309397e-01  2.457803e-01
 5.58621e+00  2.68966e+00       3.572e+11  5.766399e-01 -5.029446e-02 -6.610258e-01  4.233601e-01
 6.00000e+00  2.68966e+00       2.997e+11  3.077029e-01 -3.525259e-02 -7.925338e-01  6.922971e-01
-6.00000e+00  3.10345e+00       3.485e+11  2.549852e-02  5.241025e-05  8.636815e-01  9.745015e-01
-5.58621e+00  3.10345e+00       3.234e+11  3.324287e-01 -2.120495e-02  7.362177e-01  6.675713e-01
-5.17241e+00  3.10345e+00       4.029e+11  6.060492e-01 -5.378362e-02  5.722033e-01  3.939508e-01
-4.75862e+00  3.10345e+00       4.331e+11  7.702618e-01 -6.298160e-02  4.452479e-01  2.297382e-01
-4.34483e+00  3.10345e+00       3.700e+11  8.479728e-01 -6.844926e-02  3.793312e-01  1.520272e-01
-3.93103e+00  3.10345e+00       2.789e+11  8.408731e-01 -7.164826e-02  3.832349e-01  1.591269e-01
-3.51724e+00  3.10345e+00       2.015e+11  8.013514e-01 -6.131753e-02  3.632229e-01  1.986486e-01
-3.10345e+00  3.10345e+00       1.977e+11  8.633336e-01 -1.209987e-02  1.203972e-01  1.366664e-01
-2.68966e+00  3.10345e+00       4.319e+11  9.558575e-01  1.090627e-02 -1.265531e-01  4.414252e-02
-2.27586e+00  3.10345e+00       1.032e+12  9.646812e-01 -1.739365e-03 -2.102973e-01  3.531881e-02
-1.86207e+00  3.10345e+00       1.641e+12  9.515276e-01 -1.928541e-02 -2.615667e-01  4.847239e-02
-1.44828e+00  3.10345e+00       1.581e+12  9.285526e-01 -4.396426e-02 -3.076724e-01  7.144745e-02
-1.03448e+00  3.10345e+00       9.578e+11  8.892036e-01 -7.174392e-02 -3.481476e-01  1.107964e-01
-6.20690e-01  3.10345e+00       4.596e+11  8.283648e-01 -7.143738e-02 -3.628731e-01  1.716352e-01
-2.06897e-01  3.10345e+00       2.859e+11  7.869899e-01 -1.606324e-02 -2.952097e-01  2.130101e-01
 2.06897e-01  3.10345e+00       2.941e+11  8.084210e-01  2.453118e-02 -5.872237e-02  1.915790e-01
 6.20690e-01  3.10345e+00       5.018e+11  8.721369e-01  1.227642e-02  2.236784e-01  1.278631e-01
 1.03448e+00  3.10345e+00       1.014e+12  9.154714e-01 -2.131818e-04  3.167504e-01  8.452857e-02
 1.44828e+00  3.10345e+00       1.598e+12  9.375489e-01  6.414170e-03  3.075369e-01  6.245108e-02
 1.86207e+00  3.10345e+00       1.660e+12  9.526923e-01  1.695519e-02  2.670556e-01  4.730768e-02
 2.27586e+00  3.10345e+00       1.113e+12  9.644028e-01  2.632489e-02  2.049996e-01  3.559718e-02
 2.68966e+00  3.10345e+00       5.526e+11  9.649084e-01  3.743543e-02  8.969596e-02  3.509158e-02
 3.10345e+00  3.10345e+00       3.091e+11  9.275501e-01  3.075391e-02 -1.335131e-01  7.244986e-02
 3.51724e+00  3.10345e+00       2.703e+11  8.830162e-01 -1.889925e-02 -3.065805e-01  1.169838e-01
 3.93103e+00  3.10345e+00       3.258e+11  8.837299e-01 -5.781645e-02 -3.496944e-01  1.162701e-01
 4.34483e+00  3.10345e+00       4.454e+11  8.817160e-01 -5.813641e-02 -3.858190e-01  1.182840e-01
 4.75862e+00  3.10345e+00       5.100e+11  8.259683e-01 -5.018303e-02 -4.549956e-01  1.740317e-01
 5.17241e+00  3.10345e+00       4.542e+11  6.862705e-01 -5.104196e-02 -5.783389e-01  3.137295e-01
 5.58621e+00  3.10345e+00       3.703e+11  4.616106e-01 -4.751021e-02 -7.375960e-01  5.383894e-01
 6.00000e+00  3.10345e+00       3.711e+11  1.533743e-01 -2.810200e-02 -8.486959e-01  8.466257e-01
-6.00000e+00  3.51724e+00       4.930e+11  3.783097e-02  7.176938e-02  8.840896e-01  9.621690e-01
-5.58621e+00  3.51724e+00       3.685e+11  2.323271e-01  7.570588e-02  8.198284e-01  7.676729e-01
-5.17241e+00  3.51724e+00       3.972e+11  5.004705e-01 -3.584869e-04  6.572650e-01  4.995295e-01
-4.75862e+00  3.51724e+00       4.827e+11  7.184371e-01 -4.441652e-02  4.829473e-01  2.815629e-01
-4.34483e+00  3.51724e+00       4.822e+11  8.440358e-01 -5.949040e-02  3.576107e-01  1.559642e-01
-3.93103e+00  3.51724e+00       3.966e+11  8.923009e-01 -6.698247e-02  3.025420e-01  1.076991e-01
-3.51724e+00  3.51724e+00       3.003e+11  8.679893e-01 -6.270558e-02  3.200030e-01  1.320107e-01
-3.10345e+00  3.51724e+00       2.093e+11  8.072519e-01 -5.477016e-02  3.211587e-01  1.927481e-01
-2.68966e+00  3.51724e+00       1.413e+11  7.804131e-01  4.558790e-04  1.469191e-01  2.195869e-01
-2.27586e+00  3.51724e+00       1.459e+11  8.266848e-01  9.450675e-02 -2.299130e-01  1.733152e-01
-1.86207e+00  3.51724e+00       2.560e+11  8.014684e-01  9.734405e-02 -4.813492e-01  1.985316e-01
-1.44828e+00  3.51724e+00       4.745e+11  6.851595e-01  9.680746e-02 -6.263472e-01  3.148405e-01
-1.03448e+00  3.51724e+00       7.033e+11  5.053471e-01  1.081020e-01 -7.171844e-01  4.946529e-01
-6.20690e-01  3.51724e+00       7.718e+11  2.400819e-01  1.163907e-01 -7.004225e-01  7.599181e-01
-2.06897e-01  3.51724e+00       6.981e+11 -7.016269e-02  1.231170e-01 -3.964841e-01  9.298373e-01
 2.06897e-01  3.51724e+00       6.678e+11 -1.326789e-01  1.306459e-01  2.243819e-01  8.673211e-01
 6.20690e-01  3.51724e+00       7.134e+11  1.439238e-01  1.217529e-01  6.438908e-01  8.560762e-01
 1.03448e+00  3.51724e+00       6.817e+11  4.505975e-01  9.576414e-02  7.040526e-01  5.494025e-01
 1.44828e+00  3.51724e+00       5.230e+11  6.814858e-01  7.350234e-02  5.848159e-01  3.185142e-01
 1.86207e+00  3.51724e+00       3.514e+11  8.355975e-01  7.260244e-02  3.964527e-01  1.644025e-01
 2.27586e+00  3.51724e+00       2.541e+11  9.041657e-01  7.817561e-02  1.584234e-01  9.583427e-02
 2.68966e+00  3.51724e+00       2.419e+11  9.075028e-01  4.075694e-02 -1.019017e-01  9.249716e-02
 3.10345e+00  3.51724e+00       2.673e+11  8.949970e-01 -1.758892e-02 -2.268286e-01  1.050030e-01
 3.51724e+00  3.51724e+00       3.276e+11  9.060729e-01 -5.351281e-02 -2.505161e-01  9.392714e-02
 3.93103e+00  3.51724e+00       4.652e+11  9.190809e-01 -5.622375e-02 -2.872037e-01  8.091913e-02
 4.34483e+00  3.51724e+00       5.702e+11  8.903669e-01 -4.801584e-02 -3.522281e-01  1.096331e-01
 4.75862e+00  3.51724e+00       5.266e+11  7.890792e-01 -4.546157e-02 -4.650327e-01  2.109208e-01
 5.17241e+00  3.51724e+00       4.193e+11  5.992127e-01 -3.872504e-02 -6.419226e-01  4.007873e-01
 5.58621e+00  3.51724e+00       3.663e+11  3.674915e-01 -7.822824e-03 -7.969371e-01  6.325085e-01
 6.00000e+00  3.51724e+00       4.500e+11  8.961197e-02  1.519681e-03 -8.742695e-01  9.103880e-01
-6.00000e+00  3.93103e+00       7.566e+11  5.659759e-02  3.273535e-02  9.147468e-01  9.434024e-01
-5.58621e+00  3.93103e+00       5.041e+11  1.995087e-01  7.974906e-02  8.757685e-01  8.004913e-01
-5.17241e+00  3.93103e+00       4.031e+11  3.835237e-01  5.230127e-02  7.709536e-01  6.164763e-01
-4.75862e+00  3.93103e+00       4.651e+11  6.222883e-01 -2.145788e-02  5.686119e-01  3.777117e-01
-4.34483e+00  3.93103e+00       5.495e+11  8.002125e-01 -5.066651e-02  3.741257e-01  1.997875e-01
-3.93103e+00  3.93103e+00       5.277e+11  9.001614e-01 -6.053115e-02  2.350849e-01  9.983857e-02
-3.51724e+00  3.93103e+00       4.323e+11  9.363368e-01 -6.248664e-02  1.738955e-01  6.366319e-02
-3.10345e+00  3.93103e+00       3.385e+11  9.123123e-01 -4.701344e-02  1.967972e-01  8.768765e-02
-2.68966e+00  3.93103e+00       2.464e+11  8.419971e-01 -4.614474e-02  2.311997e-01  1.580029e-01
-2.27586e+00  3.93103e+00       1.524e+11  7.407957e-01 -3.145758e-02  1.756580e-01  2.592043e-01
-1.86207e+00  3.93103e+00       9.076e+10  6.267153e-01  1.424138e-01 -6.988750e-02  3.732847e-01
-1.44828e+00  3.93103e+00       7.283e+10  5.137033e-01  3.466314e-01 -4.098873e-01  4.862967e-01
-1.03448e+00  3.93103e+00       7.525e+10  2.998445e-01  3.731831e-01 -5.459710e-01  7.001555e-01
-6.20690e-01  3.93103e+00       7.827e+10 -6.851738e-03  3.913410e-01 -3.585266e-01  9.931483e-01
-2.06897e-01  3.93103e+00       8.394e+10 -1.643335e-01  4.093678e-01  1.427455e-01  8.356665e-01
 2.06897e-01  3.93103e+00       9.671e+10 -4.632623e-02  3.400480e-01  5.917066e-01  9.536738e-01
 6.20690e-01  3.93103e+00       1.059e+11  1.560047e-01  2.340294e-01  7.521238e-01  8.439953e-01
 1.03448e+00  3.93103e+00       1.070e+11  3.813941e-01  1.889292e-01  6.599421e-01  6.186059e-01
 1.44828e+00  3.93103e+00       1.216e+11  6.609005e-01  1.932045e-01  3.794999e-01  3.390995e-01
 1.86207e+00  3.93103e+00       1.714e+11  8.501922e-01  1.197185e-01  1.039292e-01  1.498078e-01
 2.27586e+00  3.93103e+00       2.342e+11  9.002502e-01  2.185405e-02 -4.906339e-02  9.974982e-02
 2.68966e+00  3.93103e+00       2.685e+11  8.986180e-01 -2.999779e-02 -9.225914e-02  1.013820e-01
 3.10345e+00  3.93103e+00       3.313e+11  9.205942e-01 -4.858352e-02 -9.490873e-02  7.940576e-02
 3.51724e+00  3.93103e+00       4.943e+11  9.498769e-01 -5.028824e-02 -1.448171e-01  5.012313e-02
 3.93103e+00  3.93103e+00       6.302e+11  9.381433e-01 -4.558338e-02 -2.211550e-01  6.185669e-02
 4.34483e+00  3.93103e+00       5.995e+11  8.639984e-01 -4.665913e-02 -3.406892e-01  1.360016e-01
 4.75862e+00  3.93103e+00       4.860e+11  7.073020e-01 -4.760323e-02 -5.361607e-01  2.926980e-01
 5.17241e+00  3.93103e+00       4.135e+11  5.187411e-01 -2.183300e-02 -7.265004e-01  4.812589e-01
 5.58621e+00  3.93103e+00       4.541e+11  2.964347e-01  2.928711e-03 -8.404222e-01  7.035653e-01
 6.00000e+00  3.93103e+00       6.947e+11  5.375896e-02 -1.194025e-02 -9.121811e-01  9.462410e-01
-6.00000e+00  4.34483e+00       1.115e+12  1.043363e-01  5.055488e-03  9.347857e-01  8.956637e-01
-5.58621e+00  4.34483e+00       7.853e+11  2.332482e-01  4.962209e-02  8.924415e-01  7.667518e-01
-5.17241e+00  4.34483e+00       5.176e+11  3.546508e-01  8.905265e-02  8.370252e-01  6.453492e-01
-4.75862e+00  4.34483e+00       4.287e+11  5.111741e-01  4.107284e-02  7.044699e-01  4.888259e-01
-4.34483e+00  4.34483e+00       5.055e+11  7.115059e-01 -3.036444e-02  4.675749e-01  2.884941e-01
-3.93103e+00  4.34483e+00       5.930e+11  8.556961e-01 -5.348752e-02  2.401013e-01  1.443039e-01
-3.51724e+00  4.34483e+00       5.705e+11  9.318486e-01 -6.083292e-02  6.989166e-02  6.815139e-02
-3.10345e+00  4.34483e+00       4.734e+11  9.596505e-01 -6.324636e-02 -2.531119e-02  4.034954e-02
-2.68966e+00  4.34483e+00       3.832e+11  9.502813e-01 -3.265172e-02 -2.532524e-02  4.971870e-02
-2.27586e+00  4.34483e+00       3.120e+11  9.003862e-01 -6.024459e-03  3.703357e-02  9.961381e-02
-1.86207e+00  4.34483e+00       2.293e+11  8.010522e-01 -6.016180e-02  9.915080e-02  1.989478e-01
-1.44828e+00  4.34483e+00       1.412e+11  6.325842e-01 -1.237362e-01  1.396704e-01  3.674158e-01
-1.03448e+00  4.34483e+00       8.675e+10  3.849338e-01  8.218306e-02  1.799949e-01  6.150662e-01
-6.20690e-01  4.34483e+00       7.017e+10  1.595252e-01  5.328675e-01  2.193026e-01  8.404748e-01
-2.06897e-01  4.34483e+00       7.103e+10  9.057190e-02  7.396311e-01  2.871118e-01  9.094281e-01
 2.06897e-01  4.34483e+00       7.991e+10  2.242766e-01  6.634931e-01  3.799863e-01  7.757234e-01
 6.20690e-01  4.34483e+00       1.040e+11  5.242008e-01  4.013888e-01  3.770831e-01  4.757992e-01
 1.03448e+00  4.34483e+00       1.564e+11  7.766797e-01  1.153673e-01  2.731340e-01  2.233203e-01
 1.44828e+00  4.34483e+00       2.193e+11  8.582279e-01 -3.149245e-02  1.721040e-01  1.417721e-01
 1.86207e+00  4.34483e+00       2.405e+11  8.378319e-01 -5.441141e-02  1.179566e-01  1.621681e-01
 2.27586e+00  4.34483e+00       2.447e+11  8.228734e-01 -2.600941e-02  1.339459e-01  1.771266e-01
 2.68966e+00  4.34483e+00       3.461e+11  9.004664e-01 -3.198482e-02  1.272543e-01  9.953360e-02
 3.10345e+00  4.34483e+00       5.510e+11  9.596823e-01 -4.266749e-02  4.874180e-02  4.031771e-02
 3.51724e+00  4.34483e+00       6.821e+11  9.642054e-01 -4.317300e-02 -4.636696e-02  3.579461e-02
 3.93103e+00  4.34483e+00       6.329e+11  9.114425e-01 -4.930024e-02 -1.877972e-01  8.855749e-02
 4.34483e+00  4.34483e+00       5.148e+11  7.846692e-01 -5.552333e-02 -4.159579e-01  2.153308e-01
 4.75862e+00  4.34483e+00       4.427e+11  6.349278e-01 -3.076116e-02 -6.369921e-01  3.650722e-01
 5.17241e+00  4.34483e+00       4.609e+11  4.738318e-01  4.426428e-03 -7.697713e-01  5.261682e-01
 5.58621e+00  4.34483e+00       6.692e+11  2.492807e-01 -6.277650e-03 -8.761731e-01  7.507193e-01
 6.00000e+00  4.34483e+00       1.081e+12  7.931837e-02 -1.881685e-02 -9.427622e-01  9.206816e-01
-6.00000e+00  4.75862e+00       1.482e+12  1.707175e-01 -9.499261e-03  9.453801e-01  8.292825e-01
-5.58621e+00  4.75862e+00       1.193e+12  2.842389e-01  1.314709e-02  8.972319e-01  7.157611e-01
-5.17241e+00  4.75862e+00       8.281e+11  4.051205e-01  6.217409e-02  8.358644e-01  5.948795e-01
-4.75862e+00  4.75862e+00       5.348e+11  4.991784e-01  9.844570e-02  7.715424e-01  5.008216e-01
-4.34483e+00  4.75862e+00       4.298e+11  6.114623e-01  4.388762e-02  6.367372e-01  3.885377e-01
-3.93103e+00  4.75862e+00       4.977e+11  7.639843e-01 -3.234019e-02  3.739040e-01  2.360157e-01
-3.51724e+00  4.75862e+00       5.939e+11  8.717039e-01 -5.707517e-02  9.480532e-02  1.282961e-01
-3.10345e+00  4.75862e+00       5.966e+11  9.143523e-01 -6.027230e-02 -1.288601e-01  8.564766e-02
-2.68966e+00  4.75862e+00       5.118e+11  9.105117e-01 -7.020085e-02 -2.900094e-01  8.948829e-02
-2.27586e+00  4.75862e+00       4.122e+11  8.897024e-01 -6.408927e-02 -3.740600e-01  1.102976e-01
-1.86207e+00  4.75862e+00       3.313e+11  8.610638e-01  1.005361e-02 -3.835257e-01  1.389362e-01
-1.44828e+00  4.75862e+00       2.899e+11  8.234977e-01  1.272239e-01 -3.626815e-01  1.765023e-01
-1.03448e+00  4.75862e+00       2.874e+11  8.190749e-01  1.455303e-01 -3.209108e-01  1.809251e-01
-6.20690e-01  4.75862e+00       2.775e+11  8.441705e-01  3.169903e-02 -2.375450e-01  1.558295e-01
-2.06897e-01  4.75862e+00       2.467e+11  8.462218e-01 -1.093855e-01 -1.561134e-01  1.537782e-01
 2.06897e-01  4.75862e+00       2.169e+11  7.765236e-01 -1.422656e-01 -1.624794e-01  2.234764e-01
 6.20690e-01  4.75862e+00       1.916e+11  6.123027e-01 -5.228475e-03 -2.052786e-01  3.876973e-01
 1.03448e+00  4.75862e+00       1.684e+11  4.308256e-01  1.899875e-01 -8.872671e-02  5.691744e-01
 1.44828e+00  4.75862e+00       1.689e+11  4.291387e-01  1.969389e-01  2.445027e-01  5.708613e-01
 1.86207e+00  4.75862e+00       2.493e+11  6.519761e-01  3.498871e-02  4.545584e-01  3.480239e-01
 2.27586e+00  4.75862e+00       4.367e+11  8.316195e-01 -3.334828e-02  4.072548e-01  1.683805e-01
 2.68966e+00  4.75862e+00       6.307e+11  9.151369e-01 -4.202059e-02  2.986128e-01  8.486305e-02
 3.10345e+00  4.75862e+00       6.837e+11  9.427980e-01 -4.600336e-02  1.725078e-01  5.720197e-02
 3.51724e+00  4.75862e+00       5.945e+11  9.151429e-01 -6.007556e-02 -1.830473e-02  8.485714e-02
 3.93103e+00  4.75862e+00       4.909e+11  8.247794e-01 -6.851387e-02 -3.008739e-01  1.752206e-01
 4.34483e+00  4.75862e+00       4.439e+11  7.241464e-01 -3.515542e-02 -5.392647e-01  2.758536e-01
 4.75862e+00  4.75862e+00       4.654e+11  6.193520e-01  8.156114e-03 -6.698781e-01  3.806480e-01
 5.17241e+00  4.75862e+00       6.522e+11  4.319159e-01 -1.859145e-03 -8.017059e-01  5.680841e-01
 5.58621e+00  4.75862e+00       1.088e+12  2.577941e-01 -1.890040e-02 -9.069423e-01  7.422059e-01
 6.00000e+00  4.75862e+00       1.535e+12  1.504531e-01 -1.326751e-02 -9.561411e-01  8.495469e-01
-6.00000e+00  5.17241e+00       1.737e+12  2.498254e-01 -1.195126e-02  9.429534e-01  7.501746e-01
-5.58621e+00  5.17241e+00       1.600e+12  3.457780e-01 -7.296968e-03  8.955581e-01  6.542220e-01
-5.17241e+00  5.17241e+00       1.284e+12  4.588397e-01  1.797659e-02  8.235709e-01  5.411603e-01
-4.75862e+00  5.17241e+00       8.998e+11  5.686464e-01  6.879199e-02  7.406458e-01  4.313536e-01
-4.34483e+00  5.17241e+00       5.649e+11  6.377385e-01  1.116253e-01  6.714666e-01  3.622615e-01
-3.93103e+00  5.17241e+00       4.068e+11  6.969635e-01  6.791746e-02  5.707815e-01  3.030365e-01
-3.51724e+00  5.17241e+00       4.301e+11  7.866584e-01 -2.223852e-02  3.301942e-01  2.133416e-01
-3.10345e+00  5.17241e+00       5.156e+11  8.390246e-01 -6.559542e-02 -6.623268e-03  1.609754e-01
-2.68966e+00  5.17241e+00       5.603e+11  8.253769e-01 -6.773717e-02 -3.126994e-01  1.746231e-01
-2.27586e+00  5.17241e+00       5.177e+11  7.425677e-01 -6.213551e-02 -5.433337e-01  2.574323e-01
-1.86207e+00  5.17241e+00       4.357e+11  6.000026e-01 -8.838290e-02 -7.190894e-01  3.999974e-01
-1.44828e+00  5.17241e+00       3.482e+11  4.336607e-01 -1.149257e-01 -8.226528e-01  5.663393e-01
-1.03448e+00  5.17241e+00       2.571e+11  2.097449e-01 -5.312650e-02 -8.614377e-01  7.902551e-01
-6.20690e-01  5.17241e+00       2.052e+11 -9.591518e-02  1.109158e-01 -8.274665e-01  9.040848e-01
-2.06897e-01  5.17241e+00       1.911e+11 -3.520867e-01  2.327906e-01 -6.683414e-01  6.479133e-01
 2.06897e-01  5.17241e+00       1.821e+11 -4.747218e-01  2.598560e-01 -3.062661e-01  5.252782e-01
 6.20690e-01  5.17241e+00       1.931e+11 -3.070447e-01  1.702518e-01  2.875795e-01  6.929553e-01
 1.03448e+00  5.17241e+00       2.696e+11  9.284957e-02  1.398676e-02  7.297949e-01  9.071504e-01
 1.44828e+00  5.17241e+00       4.083e+11  3.968640e-01 -5.613442e-02  8.057287e-01  6.031360e-01
 1.86207e+00  5.17241e+00       5.391e+11  6.059871e-01 -5.702780e-02  7.131094e-01  3.940129e-01
 2.27586e+00  5.17241e+00       5.964e+11  7.568009e-01 -5.158357e-02  5.711399e-01  2.431991e-01
 2.68966e+00  5.17241e+00       5.559e+11  8.402304e-01 -6.608590e-02  3.931108e-01  1.597696e-01
 3.10345e+00  5.17241e+00       4.698e+11  8.599325e-01 -9.164110e-02  1.130773e-01  1.400675e-01
 3.51724e+00  5.17241e+00       4.201e+11  8.320505e-01 -8.621135e-02 -2.244085e-01  1.679495e-01
 3.93103e+00  5.17241e+00       4.199e+11  7.967074e-01 -2.609557e-02 -4.310332e-01  2.032926e-01
 4.34483e+00  5.17241e+00       4.621e+11  7.398007e-01  1.902336e-02 -5.365737e-01  2.601993e-01
 4.75862e+00  5.17241e+00       6.484e+11  5.901084e-01 -3.521417e-04 -6.925024e-01  4.098916e-01
 5.17241e+00  5.17241e+00       1.102e+12  4.295837e-01 -2.000579e-02 -8.375177e-01  5.704163e-01
 5.58621e+00  5.17241e+00       1.635e+12  3.234985e-01 -1.364589e-02 -9.121706e-01  6.765015e-01
 6.00000e+00  5.17241e+00       1.859e+12  2.431927e-01  1.965127e-04 -9.494983e-01  7.568073e-01
-6.00000e+00  5.58621e+00       1.849e+12  3.424149e-01 -7.926109e-03  9.241154e-01  6.575851e-01
-5.58621e+00  5.58621e+00       1.864e+12  4.173123e-01 -1.141325e-02  8.822009e-01  5.826877e-01
-5.17241e+00  5.58621e+00       1.693e+12  5.129643e-01 -6.459105e-03  8.119636e-01  4.870357e-01
-4.75862e+00  5.58621e+00       1.389e+12  6.188858e-01  1.750978e-02  7.126159e-01  3.811142e-01
-4.34483e+00  5.58621e+00       1.015e+12  7.172889e-01  6.675478e-02  6.010786e-01  2.827111e-01
-3.93103e+00  5.58621e+00       6.389e+11  7.714723e-01  1.226253e-01  5.163902e-01  2.285277e-01
-3.51724e+00  5.58621e+00       3.927e+11  7.869840e-01  1.182101e-01  4.566748e-01  2.130160e-01
-3.10345e+00  5.58621e+00       3.376e+11  8.259420e-01  2.428379e-02  3.293179e-01  1.740580e-01
-2.68966e+00  5.58621e+00       3.658e+11  8.264258e-01 -5.673489e-02  7.468084e-02  1.735742e-01
-2.27586e+00  5.58621e+00       3.965e+11  7.062783e-01 -1.068586e-01 -3.026888e-01  2.937217e-01
-1.86207e+00  5.58621e+00       4.231e+11  4.825226e-01 -1.123118e-01 -6.512554e-01  5.174774e-01
-1.44828e+00  5.58621e+00       4.111e+11  2.157762e-01 -7.330398e-02 -8.226234e-01  7.842238e-01
-1.03448e+00  5.58621e+00       3.425e+11 -1.178896e-01 -2.567048e-02 -8.098877e-01  8.821104e-01
-6.20690e-01  5.58621e+00       2.705e+11 -5.039298e-01 -1.497598e-02 -5.803788e-01  4.960702e-01
-2.06897e-01  5.58621e+00       2.418e+11 -7.326806e-01 -3.493790e-02 -1.127338e-01  2.673194e-01
 2.06897e-01  5.58621e+00       2.620e+11 -6.333429e-01 -4.235882e-02  4.145270e-01  3.666571e-01
 6.20690e-01  5.58621e+00       3.154e+11 -3.260667e-01 -3.768372e-02  7.622911e-01  6.739333e-01
 1.03448e+00  5.58621e+00       3.728e+11  5.130994e-04 -4.321311e-02  8.952919e-01  9.994869e-01
 1.44828e+00  5.58621e+00       4.033e+11  2.619433e-01 -7.015030e-02  8.853199e-01  7.380567e-01
 1.86207e+00  5.58621e+00       3.814e+11  4.597679e-01 -1.111891e-01  7.598593e-01  5.402321e-01
 2.27586e+00  5.58621e+00       3.327e+11  6.414385e-01 -1.546341e-01  4.649493e-01  3.585615e-01
 2.68966e+00  5.58621e+00       3.178e+11  7.823230e-01 -1.545858e-01  7.287455e-02  2.176770e-01
 3.10345e+00  5.58621e+00       3.466e+11  8.419275e-01 -7.366273e-02 -1.806459e-01  1.580725e-01
 3.51724e+00  5.58621e+00       3.920e+11  8.616478e-01  1.562885e-02 -2.719294e-01  1.383522e-01
 3.93103e+00  5.58621e+00       4.547e+11  8.329478e-01  3.291053e-02 -3.565603e-01  1.670522e-01
 4.34483e+00  5.58621e+00       6.635e+11  7.160030e-01 -6.242437e-03 -5.564569e-01  2.839970e-01
 4.75862e+00  5.58621e+00       1.148e+12  5.859691e-01 -2.232733e-02 -7.376325e-01  4.140309e-01
 5.17241e+00  5.58621e+00       1.730e+12  4.919558e-01 -1.183754e-02 -8.349662e-01  5.080442e-01
 5.58621e+00  5.58621e+00       2.030e+12  4.154297e-01  2.983104e-03 -8.894826e-01  5.845703e-01
 6.00000e+00  5.58621e+00       1.917e+12  3.431627e-01  9.282665e-03 -9.248463e-01  6.568373e-01
-6.00000e+00  6.00000e+00       1.806e+12  4.603968e-01 -3.800647e-03  8.767593e-01  5.396032e-01
-5.58621e+00  6.00000e+00       2.003e+12  5.067380e-01 -7.215978e-03  8.483952e-01  4.932620e-01
-5.17241e+00  6.00000e+00       1.931e+12  5.748162e-01 -1.059380e-02  7.921997e-01  4.251838e-01
-4.75862e+00  6.00000e+00       1.739e+12  6.626572e-01 -6.773610e-03  6.976704e-01  3.373428e-01
-4.34483e+00  6.00000e+00       1.479e+12  7.531281e-01  1.195891e-02  5.688025e-01  2.468719e-01
-3.93103e+00  6.00000e+00       1.162e+12  8.347234e-01  5.313614e-02  4.188028e-01  1.652766e-01
-3.51724e+00  6.00000e+00       7.982e+11  8.819694e-01  1.146789e-01  2.917680e-01  1.180306e-01
-3.10345e+00  6.00000e+00       4.607e+11  8.727757e-01  1.684342e-01  2.280285e-01  1.272243e-01
-2.68966e+00  6.00000e+00       2.802e+11  8.442303e-01  1.362206e-01  1.866653e-01  1.557697e-01
-2.27586e+00  6.00000e+00       2.566e+11  8.784823e-01  4.100756e-02  7.886031e-02  1.215177e-01
-1.86207e+00  6.00000e+00       2.619e+11  8.708656e-01 -4.122936e-02 -4.386960e-02  1.291344e-01
-1.44828e+00  6.00000e+00       2.355e+11  7.357609e-01 -1.797242e-01 -2.405678e-01  2.642391e-01
-1.03448e+00  6.00000e+00       2.056e+11  5.011888e-01 -3.059749e-01 -4.881640e-01  4.988112e-01
-6.20690e-01  6.00000e+00       1.694e+11  2.344218e-01 -3.133743e-01 -6.148948e-01  7.655782e-01
-2.06897e-01  6.00000e+00       1.279e+11 -7.399439e-02 -2.645981e-01 -5.399151e-01  9.260056e-01
 2.06897e-01  6.00000e+00       1.070e+11 -2.767460e-01 -3.067602e-01 -2.386834e-01  7.232540e-01
 6.20690e-01  6.00000e+00       1.173e+11 -1.529975e-01 -4.503047e-01  1.145099e-01  8.470025e-01
 1.03448e+00  6.00000e+00       1.478e+11  1.498051e-01 -4.892587e-01  2.959486e-01  8.501949e-01
 1.44828e+00  6.00000e+00       1.776e+11  4.375034e-01 -3.928076e-01  2.596535e-01  5.624966e-01
 1.86207e+00  6.00000e+00       2.039e+11  6.433574e-01 -2.350566e-01  9.915859e-02  3.566426e-01
 2.27586e+00  6.00000e+00       2.550e+11  7.793506e-01 -6.211296e-02  3.580435e-03  2.206494e-01
 2.68966e+00  6.00000e+00       3.241e+11  8.587916e-01  4.934514e-02  6.718042e-03  1.412084e-01
 3.10345e+00  6.00000e+00       3.706e+11  8.884392e-01  7.012195e-02  1.663201e-03  1.115608e-01
 3.51724e+00  6.00000e+00       4.497e+11  8.750520e-01  2.217636e-02 -1.402990e-01  1.249480e-01
 3.93103e+00  6.00000e+00       7.179e+11  8.068531e-01 -2.161807e-02 -4.102060e-01  1.931469e-01
 4.34483e+00  6.00000e+00       1.246e+12  7.226836e-01 -2.221026e-02 -6.110637e-01  2.773164e-01
 4.75862e+00  6.00000e+00       1.836e+12  6.498719e-01 -5.523517e-03 -7.237088e-01  3.501281e-01
 5.17241e+00  6.00000e+00       2.160e+12  5.826205e-01  8.681982e-03 -7.937319e-01  4.173795e-01
 5.58621e+00  6.00000e+00       2.082e+12  5.152422e-01  1.131328e-02 -8.438740e-01  4.847578e-01
 6.00000e+00  6.00000e+00       1.785e+12  4.492706e-01  6.737228e-03 -8.805149e-01  5.507294e-01
