 EB(GeV)    EMITTANCEx EMITTANCEy SIZEx(m)   SIZEy(m)   DIVx(rad)  DIVy(rad)
 1.500e+00  5.941e-09  5.941e-11  1.840e-04  1.299e-05  3.228e-05  4.574e-06
 betax      alphax     betay      alphay     eta        deta       E_spread  
 5.700e+00  0.000e+00  2.840e+00  0.000e+00  0.000e+00  0.000e+00  1.000e-03
 Ibeam(A) 
  2.000e-01


           x            y       F.Density            PL            PC          PL45        1-|PL|
          mm           mm  ph/s/mm^2/0.1%             -             -             -             -
-6.00000e+00 -6.00000e+00       1.912e+12  4.077689e-01  2.190999e-03 -8.935103e-01  5.922311e-01
-5.58621e+00 -6.00000e+00       1.921e+12  4.592579e-01  2.574825e-04 -8.600054e-01  5.407421e-01
-5.17241e+00 -6.00000e+00       1.649e+12  5.389740e-01 -3.459277e-03 -7.923692e-01  4.610260e-01
-4.75862e+00 -6.00000e+00       1.358e+12  6.456883e-01 -9.140142e-03 -6.818469e-01  3.543117e-01
-4.34483e+00 -6.00000e+00       1.110e+12  7.507839e-01 -2.691085e-02 -5.532912e-01  2.492161e-01
-3.93103e+00 -6.00000e+00       8.044e+11  8.165591e-01 -6.926058e-02 -4.490496e-01  1.834409e-01
-3.51724e+00 -6.00000e+00       4.812e+11  8.279557e-01 -1.201480e-01 -3.778940e-01  1.720443e-01
-3.10345e+00 -6.00000e+00       3.080e+11  8.242370e-01 -1.075908e-01 -2.810358e-01  1.757630e-01
-2.68966e+00 -6.00000e+00       2.821e+11  8.461864e-01 -2.747883e-02 -1.254506e-01  1.538136e-01
-2.27586e+00 -6.00000e+00       2.794e+11  7.974033e-01  4.916878e-02  7.647701e-02  2.025967e-01
-1.86207e+00 -6.00000e+00       2.657e+11  5.733049e-01  1.150545e-01  3.729373e-01  4.266951e-01
-1.44828e+00 -6.00000e+00       2.729e+11  1.359107e-01  1.694648e-01  6.541877e-01  8.640893e-01
-1.03448e+00 -6.00000e+00       3.051e+11 -2.928315e-01  2.123764e-01  7.299553e-01  7.071685e-01
-6.20690e-01 -6.00000e+00       3.229e+11 -5.775103e-01  2.152073e-01  5.737232e-01  4.224897e-01
-2.06897e-01 -6.00000e+00       3.147e+11 -7.393937e-01  1.910471e-01  2.069435e-01  2.606063e-01
 2.06897e-01 -6.00000e+00       3.158e+11 -7.040057e-01  1.763386e-01 -2.828119e-01  2.959943e-01
 6.20690e-01 -6.00000e+00       3.354e+11 -4.758202e-01  1.709125e-01 -6.618211e-01  5.241798e-01
 1.03448e+00 -6.00000e+00       3.320e+11 -1.890552e-01  1.508609e-01 -8.239219e-01  8.109448e-01
 1.44828e+00 -6.00000e+00       2.904e+11  1.323330e-01  1.309638e-01 -7.770995e-01  8.676670e-01
 1.86207e+00 -6.00000e+00       2.646e+11  4.899755e-01  1.434809e-01 -5.266956e-01  5.100245e-01
 2.27586e+00 -6.00000e+00       2.741e+11  7.183935e-01  1.367955e-01 -2.392009e-01  2.816065e-01
 2.68966e+00 -6.00000e+00       2.956e+11  8.092319e-01  6.351850e-02 -1.814309e-02  1.907681e-01
 3.10345e+00 -6.00000e+00       3.370e+11  8.574022e-01 -1.487231e-02  1.188544e-01  1.425978e-01
 3.51724e+00 -6.00000e+00       3.886e+11  8.705442e-01 -2.280000e-02  2.054320e-01  1.294558e-01
 3.93103e+00 -6.00000e+00       4.984e+11  8.205812e-01  1.535641e-02  3.615708e-01  1.794188e-01
 4.34483e+00 -6.00000e+00       8.126e+11  7.210594e-01  2.684618e-02  5.689632e-01  2.789406e-01
 4.75862e+00 -6.00000e+00       1.334e+12  6.269330e-01  1.347708e-02  7.110173e-01  3.730670e-01
 5.17241e+00 -6.00000e+00       1.782e+12  5.434182e-01  8.326202e-04  7.986103e-01  4.565818e-01
 5.58621e+00 -6.00000e+00       1.935e+12  4.589598e-01 -5.275420e-03  8.611638e-01  5.410402e-01
 6.00000e+00 -6.00000e+00       1.846e+12  3.814857e-01 -5.962812e-03  9.038053e-01  6.185143e-01
-6.00000e+00 -5.58621e+00       1.793e+12  2.881623e-01  1.091884e-03 -9.346640e-01  7.118377e-01
-5.58621e+00 -5.58621e+00       1.585e+12  3.743273e-01 -1.342854e-03 -8.857268e-01  6.256727e-01
-5.17241e+00 -5.58621e+00       1.302e+12  4.913766e-01 -8.631567e-03 -8.044233e-01  5.086234e-01
-4.75862e+00 -5.58621e+00       1.014e+12  6.070621e-01 -3.474657e-02 -7.112930e-01  3.929379e-01
-4.34483e+00 -5.58621e+00       6.868e+11  6.801987e-01 -8.194567e-02 -6.338225e-01  3.198013e-01
-3.93103e+00 -5.58621e+00       4.277e+11  7.178271e-01 -1.044804e-01 -5.522719e-01  2.821729e-01
-3.51724e+00 -5.58621e+00       3.476e+11  7.748702e-01 -4.163500e-02 -3.874703e-01  2.251298e-01
-3.10345e+00 -5.58621e+00       3.785e+11  8.117597e-01  3.747174e-02 -9.506267e-02  1.882403e-01
-2.68966e+00 -5.58621e+00       4.389e+11  7.790121e-01  8.191908e-02  2.716135e-01  2.209879e-01
-2.27586e+00 -5.58621e+00       4.680e+11  6.913912e-01  8.397736e-02  5.548323e-01  3.086088e-01
-1.86207e+00 -5.58621e+00       4.136e+11  5.346690e-01  7.279277e-02  7.309679e-01  4.653310e-01
-1.44828e+00 -5.58621e+00       3.396e+11  2.344624e-01  1.092144e-01  8.403257e-01  7.655376e-01
-1.03448e+00 -5.58621e+00       3.201e+11 -1.539682e-01  1.895497e-01  8.209440e-01  8.460318e-01
-6.20690e-01 -5.58621e+00       3.218e+11 -4.767104e-01  2.358659e-01  6.218021e-01  5.232896e-01
-2.06897e-01 -5.58621e+00       3.148e+11 -6.849454e-01  2.416762e-01  2.239602e-01  3.150546e-01
 2.06897e-01 -5.58621e+00       3.211e+11 -6.883611e-01  2.241348e-01 -2.788669e-01  3.116389e-01
 6.20690e-01 -5.58621e+00       3.423e+11 -4.844316e-01  1.924517e-01 -6.550806e-01  5.155684e-01
 1.03448e+00 -5.58621e+00       3.601e+11 -1.506070e-01  1.404059e-01 -8.320747e-01  8.493930e-01
 1.44828e+00 -5.58621e+00       3.919e+11  2.415270e-01  8.030545e-02 -8.424607e-01  7.584730e-01
 1.86207e+00 -5.58621e+00       4.463e+11  5.428429e-01  5.536803e-02 -7.430883e-01  4.571571e-01
 2.27586e+00 -5.58621e+00       4.740e+11  7.135946e-01  6.006189e-02 -5.811892e-01  2.864054e-01
 2.68966e+00 -5.58621e+00       4.458e+11  8.082083e-01  7.125474e-02 -3.348010e-01  1.917917e-01
 3.10345e+00 -5.58621e+00       4.023e+11  8.466380e-01  7.493860e-02 -1.645457e-02  1.533620e-01
 3.51724e+00 -5.58621e+00       3.850e+11  8.373906e-01  4.029477e-02  2.486050e-01  1.626094e-01
 3.93103e+00 -5.58621e+00       4.047e+11  8.078516e-01 -5.292179e-03  4.008804e-01  1.921484e-01
 4.34483e+00 -5.58621e+00       4.893e+11  7.305919e-01 -1.161401e-03  5.346077e-01  2.694081e-01
 4.75862e+00 -5.58621e+00       7.572e+11  5.901760e-01  1.888753e-02  7.058002e-01  4.098240e-01
 5.17241e+00 -5.58621e+00       1.246e+12  4.660471e-01  1.553713e-02  8.276231e-01  5.339529e-01
 5.58621e+00 -5.58621e+00       1.685e+12  3.707206e-01  4.895028e-03  8.951875e-01  6.292794e-01
 6.00000e+00 -5.58621e+00       1.815e+12  2.833758e-01 -2.449686e-03  9.371629e-01  7.166242e-01
-6.00000e+00 -5.17241e+00       1.499e+12  1.977598e-01  5.943939e-04 -9.432114e-01  8.022402e-01
-5.58621e+00 -5.17241e+00       1.228e+12  3.152595e-01 -7.225832e-03 -8.894267e-01  6.847405e-01
-5.17241e+00 -5.17241e+00       9.285e+11  4.398781e-01 -3.667430e-02 -8.228526e-01  5.601219e-01
-4.75862e+00 -5.17241e+00       6.226e+11  5.285871e-01 -8.195914e-02 -7.594645e-01  4.714129e-01
-4.34483e+00 -5.17241e+00       4.237e+11  6.065096e-01 -8.163245e-02 -6.573362e-01  3.934904e-01
-3.93103e+00 -5.17241e+00       4.080e+11  7.324178e-01 -4.811935e-03 -4.248543e-01  2.675822e-01
-3.51724e+00 -5.17241e+00       4.913e+11  8.413553e-01  5.215532e-02 -1.165970e-01  1.586447e-01
-3.10345e+00 -5.17241e+00       5.473e+11  8.854346e-01  6.945409e-02  1.482297e-01  1.145654e-01
-2.68966e+00 -5.17241e+00       5.084e+11  8.640339e-01  8.131530e-02  3.523503e-01  1.359661e-01
-2.27586e+00 -5.17241e+00       4.208e+11  7.950262e-01  1.098394e-01  5.187750e-01  2.049738e-01
-1.86207e+00 -5.17241e+00       3.385e+11  7.164554e-01  1.234881e-01  6.234149e-01  2.835446e-01
-1.44828e+00 -5.17241e+00       2.674e+11  6.475099e-01  9.367902e-02  6.330370e-01  3.524901e-01
-1.03448e+00 -5.17241e+00       2.015e+11  5.539897e-01 -3.465378e-02  5.197815e-01  4.460103e-01
-6.20690e-01 -5.17241e+00       1.617e+11  3.960791e-01 -3.510801e-01  3.158257e-01  6.039209e-01
-2.06897e-01 -5.17241e+00       1.563e+11  2.730874e-01 -6.236807e-01  1.577723e-01  7.269126e-01
 2.06897e-01 -5.17241e+00       1.550e+11  2.535434e-01 -6.397082e-01  1.007478e-02  7.464566e-01
 6.20690e-01 -5.17241e+00       1.477e+11  2.764397e-01 -4.098923e-01 -2.259526e-01  7.235603e-01
 1.03448e+00 -5.17241e+00       1.614e+11  3.004460e-01 -7.411367e-02 -5.110254e-01  6.995540e-01
 1.44828e+00 -5.17241e+00       2.328e+11  4.504043e-01  6.323025e-02 -6.463501e-01  5.495957e-01
 1.86207e+00 -5.17241e+00       3.734e+11  6.653338e-01  6.201828e-02 -6.073001e-01  3.346662e-01
 2.27586e+00 -5.17241e+00       5.222e+11  8.058287e-01  5.168677e-02 -5.079229e-01  1.941713e-01
 2.68966e+00 -5.17241e+00       5.951e+11  8.831212e-01  4.520669e-02 -3.750565e-01  1.168788e-01
 3.10345e+00 -5.17241e+00       5.780e+11  9.131686e-01  4.622011e-02 -1.924863e-01  8.683141e-02
 3.51724e+00 -5.17241e+00       5.104e+11  8.866659e-01  5.308877e-02  6.084637e-02  1.133341e-01
 3.93103e+00 -5.17241e+00       4.462e+11  8.121686e-01  4.549572e-02  3.376208e-01  1.878314e-01
 4.34483e+00 -5.17241e+00       4.235e+11  7.256371e-01  1.067252e-02  5.359434e-01  2.743629e-01
 4.75862e+00 -5.17241e+00       4.850e+11  6.068937e-01 -2.804131e-03  6.742575e-01  3.931063e-01
 5.17241e+00 -5.17241e+00       7.359e+11  4.323766e-01  1.321889e-02  8.137002e-01  5.676234e-01
 5.58621e+00 -5.17241e+00       1.194e+12  2.910985e-01  1.520839e-02  9.054565e-01  7.089015e-01
 6.00000e+00 -5.17241e+00       1.578e+12  1.912618e-01  6.760541e-03  9.507529e-01  8.087382e-01
-6.00000e+00 -4.75862e+00       1.156e+12  1.293681e-01 -4.116829e-03 -9.360315e-01  8.706319e-01
-5.58621e+00 -4.75862e+00       8.661e+11  2.594962e-01 -3.206841e-02 -8.924023e-01  7.405038e-01
-5.17241e+00 -4.75862e+00       5.877e+11  3.696677e-01 -7.648447e-02 -8.407033e-01  6.303323e-01
-4.75862e+00 -4.75862e+00       4.261e+11  4.918726e-01 -6.961787e-02 -7.314615e-01  5.081274e-01
-4.34483e+00 -4.75862e+00       4.425e+11  6.808730e-01  6.221322e-03 -4.974256e-01  3.191270e-01
-3.93103e+00 -4.75862e+00       5.345e+11  8.367585e-01  5.239645e-02 -2.418113e-01  1.632415e-01
-3.51724e+00 -4.75862e+00       5.568e+11  9.182559e-01  6.975500e-02 -3.996287e-02  8.174408e-02
-3.10345e+00 -4.75862e+00       4.848e+11  9.450837e-01  8.656963e-02  1.080972e-01  5.491629e-02
-2.68966e+00 -4.75862e+00       3.957e+11  9.409915e-01  7.807381e-02  1.830278e-01  5.900847e-02
-2.27586e+00 -4.75862e+00       3.345e+11  9.178921e-01  3.997836e-03  1.702612e-01  8.210790e-02
-1.86207e+00 -4.75862e+00       2.883e+11  8.708206e-01 -5.066585e-02  1.047710e-01  1.291794e-01
-1.44828e+00 -4.75862e+00       2.199e+11  7.688059e-01  1.313220e-02  2.520625e-02  2.311941e-01
-1.03448e+00 -4.75862e+00       1.423e+11  5.899045e-01  1.748385e-01 -5.663667e-02  4.100955e-01
-6.20690e-01 -4.75862e+00       9.552e+10  4.766844e-01  3.033537e-01 -1.846485e-01  5.233156e-01
-2.06897e-01 -4.75862e+00       8.431e+10  5.776167e-01  2.774344e-01 -3.639774e-01  4.223833e-01
 2.06897e-01 -4.75862e+00       9.961e+10  6.942033e-01  2.009603e-01 -4.557120e-01  3.057967e-01
 6.20690e-01 -4.75862e+00       1.365e+11  7.358705e-01  1.527223e-01 -4.247967e-01  2.641295e-01
 1.03448e+00 -4.75862e+00       1.751e+11  7.388910e-01  1.090528e-01 -3.180025e-01  2.611090e-01
 1.44828e+00 -4.75862e+00       1.885e+11  6.987047e-01  3.525918e-02 -2.063024e-01  3.012953e-01
 1.86207e+00 -4.75862e+00       1.984e+11  6.830376e-01 -3.480210e-02 -1.973426e-01  3.169624e-01
 2.27586e+00 -4.75862e+00       2.714e+11  7.996527e-01 -3.661609e-04 -2.449790e-01  2.003473e-01
 2.68966e+00 -4.75862e+00       4.329e+11  9.150706e-01  4.176957e-02 -2.023884e-01  8.492943e-02
 3.10345e+00 -4.75862e+00       5.923e+11  9.603485e-01  4.427063e-02 -1.124323e-01  3.965149e-02
 3.51724e+00 -4.75862e+00       6.325e+11  9.542674e-01  4.022006e-02  9.236307e-03  4.573264e-02
 3.93103e+00 -4.75862e+00       5.644e+11  8.893350e-01  4.250237e-02  1.982035e-01  1.106650e-01
 4.34483e+00 -4.75862e+00       4.753e+11  7.663358e-01  3.987648e-02  4.416570e-01  2.336642e-01
 4.75862e+00 -4.75862e+00       4.271e+11  6.265136e-01  1.394904e-02  6.434651e-01  3.734864e-01
 5.17241e+00 -4.75862e+00       4.807e+11  4.563262e-01 -1.692602e-03  7.800460e-01  5.436738e-01
 5.58621e+00 -4.75862e+00       7.352e+11  2.534683e-01  1.143786e-02  8.871768e-01  7.465317e-01
 6.00000e+00 -4.75862e+00       1.153e+12  1.083115e-01  1.409628e-02  9.463094e-01  8.916885e-01
-6.00000e+00 -4.34483e+00       8.197e+11  7.304043e-02 -2.360022e-02 -9.223470e-01  9.269596e-01
-5.58621e+00 -4.34483e+00       5.655e+11  2.035220e-01 -6.811784e-02 -8.874766e-01  7.964780e-01
-5.17241e+00 -4.34483e+00       4.165e+11  3.583205e-01 -6.966388e-02 -7.955658e-01  6.416795e-01
-4.75862e+00 -4.34483e+00       4.333e+11  5.923056e-01  2.666427e-03 -5.918396e-01  4.076944e-01
-4.34483e+00 -4.34483e+00       5.183e+11  7.853836e-01  5.007993e-02 -3.780850e-01  2.146164e-01
-3.93103e+00 -4.34483e+00       5.254e+11  8.955334e-01  6.958463e-02 -2.153731e-01  1.044666e-01
-3.51724e+00 -4.34483e+00       4.477e+11  9.446316e-01  7.902886e-02 -1.140599e-01  5.536838e-02
-3.10345e+00 -4.34483e+00       3.648e+11  9.428625e-01  5.520870e-02 -9.895744e-02  5.713749e-02
-2.68966e+00 -4.34483e+00       2.916e+11  8.968786e-01  1.966250e-02 -1.375014e-01  1.031214e-01
-2.27586e+00 -4.34483e+00       2.041e+11  8.074551e-01  1.339202e-02 -1.435712e-01  1.925449e-01
-1.86207e+00 -4.34483e+00       1.226e+11  6.487865e-01 -7.327469e-02 -4.038649e-02  3.512135e-01
-1.44828e+00 -4.34483e+00       7.615e+10  4.479605e-01 -3.517957e-01  1.739886e-01  5.520395e-01
-1.03448e+00 -4.34483e+00       5.743e+10  3.184688e-01 -5.846621e-01  3.283836e-01  6.815312e-01
-6.20690e-01 -4.34483e+00       5.254e+10  2.058859e-01 -6.377752e-01  3.463705e-01  7.941141e-01
-2.06897e-01 -4.34483e+00       5.266e+10  6.582028e-02 -6.256341e-01  2.439187e-01  9.341797e-01
 2.06897e-01 -4.34483e+00       5.637e+10  9.510474e-02 -5.910709e-01  1.732870e-02  9.048953e-01
 6.20690e-01 -4.34483e+00       7.189e+10  3.998272e-01 -5.105992e-01 -2.080520e-01  6.001728e-01
 1.03448e+00 -4.34483e+00       1.066e+11  6.937203e-01 -3.955854e-01 -2.827582e-01  3.062797e-01
 1.44828e+00 -4.34483e+00       1.550e+11  8.366447e-01 -2.605573e-01 -2.134666e-01  1.633553e-01
 1.86207e+00 -4.34483e+00       2.004e+11  8.857904e-01 -1.169873e-01 -8.498817e-02  1.142096e-01
 2.27586e+00 -4.34483e+00       2.257e+11  8.782435e-01 -1.984546e-02  1.886117e-03  1.217565e-01
 2.68966e+00 -4.34483e+00       2.554e+11  8.773815e-01  2.161147e-02  1.428268e-02  1.226185e-01
 3.10345e+00 -4.34483e+00       3.636e+11  9.285670e-01  4.432312e-02  3.748622e-02  7.143305e-02
 3.51724e+00 -4.34483e+00       5.293e+11  9.583379e-01  4.716271e-02  1.041429e-01  4.166206e-02
 3.93103e+00 -4.34483e+00       6.093e+11  9.370870e-01  4.089849e-02  1.959668e-01  6.291302e-02
 4.34483e+00 -4.34483e+00       5.566e+11  8.486074e-01  3.896307e-02  3.447867e-01  1.513926e-01
 4.75862e+00 -4.34483e+00       4.611e+11  6.893851e-01  3.431963e-02  5.527362e-01  3.106149e-01
 5.17241e+00 -4.34483e+00       4.081e+11  5.022232e-01  1.052305e-02  7.355639e-01  4.977768e-01
 5.58621e+00 -4.34483e+00       4.765e+11  2.777753e-01 -6.430839e-04  8.528151e-01  7.222247e-01
 6.00000e+00 -4.34483e+00       7.451e+11  6.099018e-02  1.203072e-02  9.227319e-01  9.390098e-01
-6.00000e+00 -3.93103e+00       5.449e+11  3.188126e-02 -6.086686e-02 -8.987542e-01  9.681187e-01
-5.58621e+00 -3.93103e+00       3.965e+11  2.039594e-01 -8.061959e-02 -8.417393e-01  7.960406e-01
-5.17241e+00 -3.93103e+00       3.929e+11  4.660531e-01 -1.398116e-02 -6.812024e-01  5.339469e-01
-4.75862e+00 -3.93103e+00       4.693e+11  6.992813e-01  4.376689e-02 -4.965790e-01  3.007187e-01
-4.34483e+00 -3.93103e+00       4.817e+11  8.375523e-01  6.708631e-02 -3.570839e-01  1.624477e-01
-3.93103e+00 -3.93103e+00       4.098e+11  9.007509e-01  7.591433e-02 -2.786404e-01  9.924906e-02
-3.51724e+00 -3.93103e+00       3.255e+11  8.941967e-01  6.062636e-02 -2.775883e-01  1.058033e-01
-3.10345e+00 -3.93103e+00       2.434e+11  8.413101e-01  3.650798e-02 -2.906879e-01  1.586899e-01
-2.68966e+00 -3.93103e+00       1.606e+11  7.811984e-01 -7.756313e-03 -1.922142e-01  2.188016e-01
-2.27586e+00 -3.93103e+00       1.105e+11  7.425411e-01 -1.332271e-01  1.099524e-01  2.574589e-01
-1.86207e+00 -3.93103e+00       1.096e+11  6.865257e-01 -1.968946e-01  4.500003e-01  3.134743e-01
-1.44828e+00 -3.93103e+00       1.470e+11  5.300742e-01 -1.668694e-01  6.535994e-01  4.699258e-01
-1.03448e+00 -3.93103e+00       2.116e+11  2.725491e-01 -1.973962e-01  7.226567e-01  7.274509e-01
-6.20690e-01 -3.93103e+00       2.767e+11 -4.228996e-02 -2.844162e-01  5.905321e-01  9.577100e-01
-2.06897e-01 -3.93103e+00       3.155e+11 -2.808610e-01 -3.453389e-01  1.927437e-01  7.191390e-01
 2.06897e-01 -3.93103e+00       3.327e+11 -2.341089e-01 -3.052956e-01 -3.196674e-01  7.658911e-01
 6.20690e-01 -3.93103e+00       3.362e+11  1.063993e-01 -1.907262e-01 -6.095892e-01  8.936007e-01
 1.03448e+00 -3.93103e+00       3.239e+11  5.059967e-01 -1.061943e-01 -5.892548e-01  4.940033e-01
 1.44828e+00 -3.93103e+00       2.894e+11  7.639970e-01 -9.598119e-02 -4.477295e-01  2.360030e-01
 1.86207e+00 -3.93103e+00       2.395e+11  8.714578e-01 -1.253587e-01 -2.863256e-01  1.285422e-01
 2.27586e+00 -3.93103e+00       2.160e+11  9.055078e-01 -1.261972e-01 -5.749420e-02  9.449224e-02
 2.68966e+00 -3.93103e+00       2.285e+11  9.004764e-01 -5.997970e-02  1.331575e-01  9.952361e-02
 3.10345e+00 -3.93103e+00       2.549e+11  8.893166e-01  1.292873e-02  1.976399e-01  1.106834e-01
 3.51724e+00 -3.93103e+00       3.353e+11  9.110249e-01  5.067998e-02  2.169087e-01  8.897506e-02
 3.93103e+00 -3.93103e+00       4.770e+11  9.243686e-01  5.205965e-02  2.661626e-01  7.563138e-02
 4.34483e+00 -3.93103e+00       5.540e+11  8.878249e-01  4.308332e-02  3.434345e-01  1.121751e-01
 4.75862e+00 -3.93103e+00       5.038e+11  7.745539e-01  3.801685e-02  4.732293e-01  2.254461e-01
 5.17241e+00 -3.93103e+00       4.105e+11  5.808258e-01  2.805835e-02  6.541627e-01  4.191742e-01
 5.58621e+00 -3.93103e+00       3.709e+11  3.443764e-01  2.117467e-03  8.066372e-01  6.556236e-01
 6.00000e+00 -3.93103e+00       4.731e+11  7.435031e-02 -6.696162e-04  8.866204e-01  9.256497e-01
-6.00000e+00 -3.51724e+00       4.080e+11  1.592374e-02 -2.731836e-02 -8.916456e-01  9.840763e-01
-5.58621e+00 -3.51724e+00       3.472e+11  2.878167e-01  3.511785e-03 -7.681053e-01  7.121833e-01
-5.17241e+00 -3.51724e+00       4.035e+11  5.754806e-01  4.816435e-02 -5.953556e-01  4.245194e-01
-4.75862e+00 -3.51724e+00       4.318e+11  7.547607e-01  6.575545e-02 -4.631251e-01  2.452393e-01
-4.34483e+00 -3.51724e+00       3.762e+11  8.435722e-01  7.423178e-02 -3.881737e-01  1.564278e-01
-3.93103e+00 -3.51724e+00       2.947e+11  8.462952e-01  6.933165e-02 -3.821684e-01  1.537048e-01
-3.51724e+00 -3.51724e+00       2.187e+11  8.046018e-01  4.690993e-02 -3.732424e-01  1.953982e-01
-3.10345e+00 -3.51724e+00       1.729e+11  8.186967e-01 -6.278768e-03 -1.894260e-01  1.813033e-01
-2.68966e+00 -3.51724e+00       2.578e+11  9.137032e-01 -5.204314e-02  1.378861e-01  8.629679e-02
-2.27586e+00 -3.51724e+00       6.074e+11  9.328629e-01 -4.373729e-02  2.853215e-01  6.713714e-02
-1.86207e+00 -3.51724e+00       1.138e+12  9.098298e-01 -3.130094e-02  3.615551e-01  9.017017e-02
-1.44828e+00 -3.51724e+00       1.373e+12  8.704751e-01 -6.085725e-03  4.250843e-01  1.295249e-01
-1.03448e+00 -3.51724e+00       1.057e+12  8.073823e-01  4.768058e-02  4.629697e-01  1.926177e-01
-6.20690e-01 -3.51724e+00       5.844e+11  7.048834e-01  1.336836e-01  3.794928e-01  2.951166e-01
-2.06897e-01 -3.51724e+00       3.494e+11  6.156766e-01  1.819301e-01 -2.125637e-02  3.843234e-01
 2.06897e-01 -3.51724e+00       3.849e+11  6.726400e-01  1.225520e-01 -4.299772e-01  3.273600e-01
 6.20690e-01 -3.51724e+00       6.588e+11  7.658429e-01  4.629332e-02 -5.229746e-01  2.341571e-01
 1.03448e+00 -3.51724e+00       1.136e+12  8.322777e-01 -1.422584e-02 -4.894350e-01  1.677223e-01
 1.44828e+00 -3.51724e+00       1.484e+12  8.797706e-01 -4.533183e-02 -4.232408e-01  1.202294e-01
 1.86207e+00 -3.51724e+00       1.303e+12  9.154755e-01 -5.392892e-02 -3.427457e-01  8.452454e-02
 2.27586e+00 -3.51724e+00       7.869e+11  9.424285e-01 -5.706097e-02 -2.353113e-01  5.757149e-02
 2.68966e+00 -3.51724e+00       4.040e+11  9.484576e-01 -6.837367e-02 -5.953464e-02  5.154240e-02
 3.10345e+00 -3.51724e+00       2.645e+11  9.092232e-01 -5.181012e-02  1.787334e-01  9.077685e-02
 3.51724e+00 -3.51724e+00       2.535e+11  8.724402e-01  1.305964e-02  3.076029e-01  1.275598e-01
 3.93103e+00 -3.51724e+00       3.216e+11  8.811833e-01  5.514973e-02  3.395319e-01  1.188167e-01
 4.34483e+00 -3.51724e+00       4.391e+11  8.796862e-01  5.412278e-02  3.822794e-01  1.203138e-01
 4.75862e+00 -3.51724e+00       4.926e+11  8.180517e-01  4.416243e-02  4.593097e-01  1.819483e-01
 5.17241e+00 -3.51724e+00       4.426e+11  6.688958e-01  4.148201e-02  5.888445e-01  3.311042e-01
 5.58621e+00 -3.51724e+00       3.677e+11  4.344228e-01  3.624563e-02  7.453953e-01  5.655772e-01
 6.00000e+00 -3.51724e+00       3.681e+11  1.206305e-01  2.289621e-02  8.543132e-01  8.793695e-01
-6.00000e+00 -3.10345e+00       3.056e+11  9.920207e-02 -3.341713e-02 -8.246202e-01  9.007979e-01
-5.58621e+00 -3.10345e+00       3.288e+11  4.439466e-01  2.056292e-02 -6.743470e-01  5.560534e-01
-5.17241e+00 -3.10345e+00       3.805e+11  6.671497e-01  6.137050e-02 -5.458157e-01  3.328503e-01
-4.75862e+00 -3.10345e+00       3.514e+11  7.815529e-01  7.780792e-02 -4.631072e-01  2.184471e-01
-4.34483e+00 -3.10345e+00       2.760e+11  8.100773e-01  7.685465e-02 -4.393142e-01  1.899227e-01
-3.93103e+00 -3.10345e+00       2.125e+11  7.886015e-01  5.831056e-02 -4.199993e-01  2.113985e-01
-3.51724e+00 -3.10345e+00       2.289e+11  8.638142e-01  1.358804e-02 -2.248817e-01  1.361858e-01
-3.10345e+00 -3.10345e+00       5.230e+11  9.705847e-01 -6.434463e-03 -3.266655e-02  2.941531e-02
-2.68966e+00 -3.10345e+00       1.206e+12  9.918921e-01 -3.151125e-04  2.456516e-02  8.107895e-03
-2.27586e+00 -3.10345e+00       1.746e+12  9.918628e-01  9.348198e-03  5.705754e-02  8.137176e-03
-1.86207e+00 -3.10345e+00       1.484e+12  9.856920e-01  2.641342e-02  8.894012e-02  1.430801e-02
-1.44828e+00 -3.10345e+00       8.224e+11  9.714325e-01  5.805317e-02  1.189378e-01  2.856754e-02
-1.03448e+00 -3.10345e+00       4.355e+11  9.520713e-01  8.134315e-02  1.136819e-01  4.792867e-02
-6.20690e-01 -3.10345e+00       3.225e+11  9.426545e-01  3.468013e-02  8.260616e-02  5.734547e-02
-2.06897e-01 -3.10345e+00       2.833e+11  9.346324e-01 -3.006712e-02  9.421146e-02  6.536764e-02
 2.06897e-01 -3.10345e+00       2.570e+11  9.262799e-01 -5.146763e-02  1.128854e-01  7.372015e-02
 6.20690e-01 -3.10345e+00       2.597e+11  9.287258e-01 -2.623940e-02  6.955214e-02  7.127421e-02
 1.03448e+00 -3.10345e+00       3.916e+11  9.549903e-01 -1.063084e-02 -3.346682e-02  4.500970e-02
 1.44828e+00 -3.10345e+00       8.533e+11  9.807094e-01 -2.074513e-02 -7.578822e-02  1.929061e-02
 1.86207e+00 -3.10345e+00       1.586e+12  9.905190e-01 -2.719221e-02 -7.019296e-02  9.481015e-03
 2.27586e+00 -3.10345e+00       1.900e+12  9.932978e-01 -3.096302e-02 -5.069217e-02  6.702151e-03
 2.68966e+00 -3.10345e+00       1.388e+12  9.918601e-01 -3.528749e-02 -1.696364e-02  8.139878e-03
 3.10345e+00 -3.10345e+00       6.787e+11  9.768397e-01 -4.274339e-02  5.758072e-02  2.316031e-02
 3.51724e+00 -3.10345e+00       3.235e+11  9.177294e-01 -3.402448e-02  2.267524e-01  8.227061e-02
 3.93103e+00 -3.10345e+00       2.535e+11  8.556023e-01  2.420940e-02  3.756400e-01  1.443977e-01
 4.34483e+00 -3.10345e+00       3.144e+11  8.521375e-01  6.032496e-02  4.205163e-01  1.478625e-01
 4.75862e+00 -3.10345e+00       4.086e+11  8.318567e-01  5.603699e-02  4.651504e-01  1.681433e-01
 5.17241e+00 -3.10345e+00       4.177e+11  7.447305e-01  4.671482e-02  5.389073e-01  2.552695e-01
 5.58621e+00 -3.10345e+00       3.396e+11  5.521140e-01  4.108826e-02  6.579416e-01  4.478860e-01
 6.00000e+00 -3.10345e+00       2.820e+11  2.218031e-01  2.531398e-02  7.898758e-01  7.781969e-01
-6.00000e+00 -2.68966e+00       2.427e+11  2.594109e-01  3.414805e-03 -7.135244e-01  7.405891e-01
-5.58621e+00 -2.68966e+00       3.081e+11  5.666581e-01  4.179424e-02 -5.998192e-01  4.333419e-01
-5.17241e+00 -2.68966e+00       3.247e+11  7.189626e-01  7.252829e-02 -5.150133e-01  2.810374e-01
-4.75862e+00 -2.68966e+00       2.664e+11  7.810943e-01  8.351404e-02 -4.697655e-01  2.189057e-01
-4.34483e+00 -2.68966e+00       2.072e+11  7.801904e-01  7.102956e-02 -4.500401e-01  2.198096e-01
-3.93103e+00 -2.68966e+00       2.449e+11  8.578861e-01  3.206120e-02 -3.061334e-01  1.421139e-01
-3.51724e+00 -2.68966e+00       6.009e+11  9.624590e-01  1.019443e-02 -1.662571e-01  3.754104e-02
-3.10345e+00 -2.68966e+00       1.356e+12  9.867023e-01  1.113859e-02 -1.280236e-01  1.329765e-02
-2.68966e+00 -2.68966e+00       1.852e+12  9.911932e-01  1.637573e-02 -1.088405e-01  8.806848e-03
-2.27586e+00 -2.68966e+00       1.525e+12  9.918071e-01  2.789042e-02 -9.167787e-02  8.192894e-03
-1.86207e+00 -2.68966e+00       1.050e+12  9.893983e-01  4.991527e-02 -8.278451e-02  1.060166e-02
-1.44828e+00 -2.68966e+00       1.141e+12  9.879463e-01  5.773701e-02 -9.136323e-02  1.205373e-02
-1.03448e+00 -2.68966e+00       1.594e+12  9.900349e-01  4.024942e-02 -8.719191e-02  9.965105e-03
-6.20690e-01 -2.68966e+00       1.894e+12  9.926826e-01  1.653891e-02 -5.734289e-02  7.317395e-03
-2.06897e-01 -2.68966e+00       1.903e+12  9.940534e-01 -1.446451e-03 -2.504506e-03  5.946588e-03
 2.06897e-01 -2.68966e+00       1.768e+12  9.920813e-01 -4.725814e-03  6.365040e-02  7.918719e-03
 6.20690e-01 -2.68966e+00       1.509e+12  9.861902e-01  6.728942e-03  1.222802e-01  1.380976e-02
 1.03448e+00 -2.68966e+00       1.069e+12  9.770149e-01  2.419358e-02  1.659705e-01  2.298514e-02
 1.44828e+00 -2.68966e+00       6.771e+11  9.682544e-01  2.635979e-02  1.794982e-01  3.174557e-02
 1.86207e+00 -2.68966e+00       7.847e+11  9.783885e-01 -7.889909e-03  1.321738e-01  2.161145e-02
 2.27586e+00 -2.68966e+00       1.464e+12  9.887026e-01 -2.199709e-02  1.104410e-01  1.129740e-02
 2.68966e+00 -2.68966e+00       1.940e+12  9.904283e-01 -2.481932e-02  1.135522e-01  9.571655e-03
 3.10345e+00 -2.68966e+00       1.514e+12  9.871594e-01 -2.817425e-02  1.284877e-01  1.284059e-02
 3.51724e+00 -2.68966e+00       7.409e+11  9.696381e-01 -3.274412e-02  1.733508e-01  3.036192e-02
 3.93103e+00 -2.68966e+00       3.254e+11  9.062673e-01 -1.692236e-02  2.981451e-01  9.373271e-02
 4.34483e+00 -2.68966e+00       2.477e+11  8.420077e-01  4.183119e-02  4.239671e-01  1.579923e-01
 4.75862e+00 -2.68966e+00       3.112e+11  8.304214e-01  6.340379e-02  4.686991e-01  1.695786e-01
 5.17241e+00 -2.68966e+00       3.668e+11  7.859857e-01  5.334490e-02  5.153210e-01  2.140143e-01
 5.58621e+00 -2.68966e+00       3.295e+11  6.570595e-01  4.446117e-02  5.973884e-01  3.429405e-01
 6.00000e+00 -2.68966e+00       2.579e+11  3.928897e-01  3.678630e-02  7.192692e-01  6.071103e-01
-6.00000e+00 -2.27586e+00       2.275e+11  4.339759e-01  1.475757e-02 -6.146117e-01  5.660241e-01
-5.58621e+00 -2.27586e+00       2.816e+11  6.407885e-01  7.300145e-02 -5.415359e-01  3.592115e-01
-5.17241e+00 -2.27586e+00       2.583e+11  7.525914e-01  8.958313e-02 -4.754700e-01  2.474086e-01
-4.75862e+00 -2.27586e+00       2.015e+11  7.848562e-01  7.877555e-02 -4.511033e-01  2.151438e-01
-4.34483e+00 -2.27586e+00       2.116e+11  8.324308e-01  4.719072e-02 -3.741312e-01  1.675692e-01
-3.93103e+00 -2.27586e+00       4.886e+11  9.389625e-01  1.959514e-02 -2.482698e-01  6.103751e-02
-3.51724e+00 -2.27586e+00       1.190e+12  9.719531e-01  1.544307e-02 -2.103654e-01  2.804691e-02
-3.10345e+00 -2.27586e+00       1.799e+12  9.785133e-01  1.731636e-02 -1.970551e-01  2.148673e-02
-2.68966e+00 -2.27586e+00       1.680e+12  9.801996e-01  2.406932e-02 -1.880724e-01  1.980043e-02
-2.27586e+00 -2.27586e+00       1.501e+12  9.798690e-01  3.394812e-02 -1.826418e-01  2.013099e-02
-1.86207e+00 -2.27586e+00       2.678e+12  9.835011e-01  2.644481e-02 -1.632068e-01  1.649888e-02
-1.44828e+00 -2.27586e+00       7.230e+12  9.894395e-01  1.417648e-02 -1.307227e-01  1.056052e-02
-1.03448e+00 -2.27586e+00       1.743e+13  9.933856e-01  5.321204e-03 -9.965842e-02  6.614402e-03
-6.20690e-01 -2.27586e+00       3.139e+13  9.960058e-01 -1.910012e-03 -6.602462e-02  3.994174e-03
-2.06897e-01 -2.27586e+00       4.154e+13  9.975670e-01 -7.467916e-03 -2.724998e-02  2.433007e-03
 2.06897e-01 -2.27586e+00       4.107e+13  9.977503e-01 -1.122877e-02  1.428600e-02  2.249694e-03
 6.20690e-01 -2.27586e+00       3.016e+13  9.964251e-01 -1.351616e-02  5.459170e-02  3.574880e-03
 1.03448e+00 -2.27586e+00       1.596e+13  9.935809e-01 -1.460386e-02  9.231956e-02  6.419121e-03
 1.44828e+00 -2.27586e+00       5.982e+12  9.881937e-01 -1.393454e-02  1.323951e-01  1.180630e-02
 1.86207e+00 -2.27586e+00       1.807e+12  9.769786e-01 -1.006017e-02  1.851878e-01  2.302141e-02
 2.27586e+00 -2.27586e+00       1.003e+12  9.699529e-01 -1.290265e-02  2.130275e-01  3.004707e-02
 2.68966e+00 -2.27586e+00       1.501e+12  9.767127e-01 -1.998117e-02  1.971260e-01  2.328729e-02
 3.10345e+00 -2.27586e+00       1.837e+12  9.783480e-01 -2.250702e-02  1.953915e-01  2.165197e-02
 3.51724e+00 -2.27586e+00       1.317e+12  9.743613e-01 -2.546588e-02  2.056331e-01  2.563869e-02
 3.93103e+00 -2.27586e+00       5.979e+11  9.523684e-01 -2.583442e-02  2.471311e-01  4.763165e-02
 4.34483e+00 -2.27586e+00       2.704e+11  8.855453e-01  5.427070e-03  3.589340e-01  1.144547e-01
 4.75862e+00 -2.27586e+00       2.411e+11  8.386235e-01  5.704939e-02  4.494637e-01  1.613765e-01
 5.17241e+00 -2.27586e+00       3.027e+11  8.100812e-01  6.178905e-02  4.928832e-01  1.899188e-01
 5.58621e+00 -2.27586e+00       3.126e+11  7.220551e-01  4.943771e-02  5.584890e-01  2.779449e-01
 6.00000e+00 -2.27586e+00       2.544e+11  5.505968e-01  3.622334e-02  6.637287e-01  4.494032e-01
-6.00000e+00 -1.86207e+00       2.057e+11  5.393911e-01  3.480928e-02 -5.302698e-01  4.606089e-01
-5.58621e+00 -1.86207e+00       2.229e+11  7.367062e-01  5.799191e-02 -4.347521e-01  2.632938e-01
-5.17241e+00 -1.86207e+00       1.950e+11  8.129904e-01  4.826705e-02 -4.106990e-01  1.870096e-01
-4.75862e+00 -1.86207e+00       1.754e+11  8.302251e-01  4.753917e-02 -3.983405e-01  1.697749e-01
-4.34483e+00 -1.86207e+00       3.141e+11  9.113927e-01  2.956279e-02 -2.969729e-01  8.860727e-02
-3.93103e+00 -1.86207e+00       8.452e+11  9.602269e-01  1.836547e-02 -2.456958e-01  3.977311e-02
-3.51724e+00 -1.86207e+00       1.569e+12  9.704114e-01  1.707903e-02 -2.329449e-01  2.958857e-02
-3.10345e+00 -1.86207e+00       1.789e+12  9.726730e-01  1.936018e-02 -2.270778e-01  2.732702e-02
-2.68966e+00 -1.86207e+00       1.976e+12  9.735133e-01  2.223773e-02 -2.214714e-01  2.648671e-02
-2.27586e+00 -1.86207e+00       4.744e+12  9.769534e-01  1.326856e-02 -2.070136e-01  2.304656e-02
-1.86207e+00 -1.86207e+00       1.421e+13  9.808819e-01  3.037595e-03 -1.891975e-01  1.911808e-02
-1.44828e+00 -1.86207e+00       3.116e+13  9.846135e-01 -4.568535e-03 -1.679340e-01  1.538653e-02
-1.03448e+00 -1.86207e+00       4.702e+13  9.886909e-01 -9.887980e-03 -1.388365e-01  1.130912e-02
-6.20690e-01 -1.86207e+00       5.282e+13  9.929752e-01 -1.235285e-02 -9.689941e-02  7.024832e-03
-2.06897e-01 -1.86207e+00       5.182e+13  9.962854e-01 -1.196283e-02 -3.794415e-02  3.714628e-03
 2.06897e-01 -1.86207e+00       5.225e+13  9.966826e-01 -1.112023e-02  2.964875e-02  3.317395e-03
 6.20690e-01 -1.86207e+00       5.357e+13  9.941522e-01 -1.256189e-02  8.602175e-02  5.847800e-03
 1.03448e+00 -1.86207e+00       4.697e+13  9.904930e-01 -1.579294e-02  1.256661e-01  9.507039e-03
 1.44828e+00 -1.86207e+00       2.996e+13  9.866892e-01 -1.930266e-02  1.543141e-01  1.331083e-02
 1.86207e+00 -1.86207e+00       1.269e+13  9.825815e-01 -2.207542e-02  1.780188e-01  1.741849e-02
 2.27586e+00 -1.86207e+00       3.650e+12  9.765298e-01 -2.278612e-02  2.041060e-01  2.347017e-02
 2.68966e+00 -1.86207e+00       1.412e+12  9.696377e-01 -1.924408e-02  2.293609e-01  3.036234e-02
 3.10345e+00 -1.86207e+00       1.611e+12  9.719187e-01 -1.817521e-02  2.254874e-01  2.808133e-02
 3.51724e+00 -1.86207e+00       1.612e+12  9.723245e-01 -1.976230e-02  2.249392e-01  2.767553e-02
 3.93103e+00 -1.86207e+00       9.511e+11  9.658309e-01 -2.174716e-02  2.375076e-01  3.416911e-02
 4.34483e+00 -1.86207e+00       3.897e+11  9.347815e-01 -1.261051e-02  2.900939e-01  6.521849e-02
 4.75862e+00 -1.86207e+00       2.132e+11  8.779171e-01  3.192198e-02  3.869970e-01  1.220829e-01
 5.17241e+00 -1.86207e+00       2.287e+11  8.544294e-01  5.324306e-02  4.359014e-01  1.455706e-01
 5.58621e+00 -1.86207e+00       2.560e+11  8.004966e-01  4.632833e-02  4.787024e-01  1.995034e-01
 6.00000e+00 -1.86207e+00       2.159e+11  6.466935e-01  2.621345e-02  5.618168e-01  3.533065e-01
-6.00000e+00 -1.44828e+00       1.817e+11  7.450886e-01 -1.617155e-02 -4.536669e-01  2.549114e-01
-5.58621e+00 -1.44828e+00       2.053e+11  8.261166e-01  2.618607e-02 -4.241658e-01  1.738834e-01
-5.17241e+00 -1.44828e+00       1.748e+11  8.530196e-01  6.301512e-02 -3.920340e-01  1.469804e-01
-4.75862e+00 -1.44828e+00       1.911e+11  8.886627e-01  5.209521e-02 -3.223714e-01  1.113373e-01
-4.34483e+00 -1.44828e+00       4.740e+11  9.513754e-01  2.170771e-02 -2.486104e-01  4.862462e-02
-3.93103e+00 -1.44828e+00       1.137e+12  9.699084e-01  1.614284e-02 -2.294833e-01  3.009163e-02
-3.51724e+00 -1.44828e+00       1.687e+12  9.734097e-01  1.604257e-02 -2.244978e-01  2.659025e-02
-3.10345e+00 -1.44828e+00       1.948e+12  9.739752e-01  1.668538e-02 -2.223814e-01  2.602475e-02
-2.68966e+00 -1.44828e+00       3.992e+12  9.753902e-01  9.937828e-03 -2.164210e-01  2.460978e-02
-2.27586e+00 -1.44828e+00       1.155e+13  9.776810e-01  8.954650e-04 -2.070090e-01  2.231900e-02
-1.86207e+00 -1.44828e+00       2.393e+13  9.799785e-01 -5.884643e-03 -1.959712e-01  2.002147e-02
-1.44828e+00 -1.44828e+00       3.072e+13  9.825371e-01 -1.096482e-02 -1.821343e-01  1.746289e-02
-1.03448e+00 -1.44828e+00       2.445e+13  9.854484e-01 -1.423279e-02 -1.644564e-01  1.455156e-02
-6.20690e-01 -1.44828e+00       1.269e+13  9.887998e-01 -1.495461e-02 -1.386643e-01  1.120023e-02
-2.06897e-01 -1.44828e+00       5.556e+12  9.927401e-01 -8.610950e-03 -7.023606e-02  7.259918e-03
 2.06897e-01 -1.44828e+00       5.795e+12  9.931207e-01  4.332950e-03  7.529549e-02  6.879266e-03
 6.20690e-01 -1.44828e+00       1.357e+13  9.900748e-01  1.522114e-03  1.324480e-01  9.925184e-03
 1.03448e+00 -1.44828e+00       2.581e+13  9.874133e-01 -5.106830e-03  1.535624e-01  1.258666e-02
 1.44828e+00 -1.44828e+00       3.146e+13  9.849512e-01 -1.128542e-02  1.690086e-01  1.504876e-02
 1.86207e+00 -1.44828e+00       2.329e+13  9.825479e-01 -1.657938e-02  1.822900e-01  1.745215e-02
 2.27586e+00 -1.44828e+00       1.029e+13  9.798958e-01 -2.076526e-02  1.950188e-01  2.010422e-02
 2.68966e+00 -1.44828e+00       3.058e+12  9.760708e-01 -2.248140e-02  2.100586e-01  2.392918e-02
 3.10345e+00 -1.44828e+00       1.513e+12  9.739903e-01 -1.787046e-02  2.175757e-01  2.600969e-02
 3.51724e+00 -1.44828e+00       1.597e+12  9.755219e-01 -1.629526e-02  2.134052e-01  2.447807e-02
 3.93103e+00 -1.44828e+00       1.204e+12  9.740721e-01 -1.757040e-02  2.162108e-01  2.592787e-02
 4.34483e+00 -1.44828e+00       5.561e+11  9.624149e-01 -1.538944e-02  2.383015e-01  3.758512e-02
 4.75862e+00 -1.44828e+00       2.419e+11  9.245040e-01  1.562214e-02  3.078993e-01  7.549600e-02
 5.17241e+00 -1.44828e+00       2.028e+11  8.971038e-01  4.977455e-02  3.653614e-01  1.028962e-01
 5.58621e+00 -1.44828e+00       2.174e+11  8.745697e-01  3.950757e-02  3.961319e-01  1.254303e-01
 6.00000e+00 -1.44828e+00       1.892e+11  8.045340e-01  3.161428e-02  4.514963e-01  1.954660e-01
-6.00000e+00 -1.03448e+00       1.555e+11  8.371887e-01  5.330738e-02 -2.996940e-01  1.628113e-01
-5.58621e+00 -1.03448e+00       1.588e+11  9.033857e-01  3.157413e-02 -2.613743e-01  9.661434e-02
-5.17241e+00 -1.03448e+00       1.406e+11  9.173741e-01  1.874975e-02 -2.719820e-01  8.262588e-02
-4.75862e+00 -1.03448e+00       2.244e+11  9.469942e-01  1.862496e-02 -2.349134e-01  5.300581e-02
-4.34483e+00 -1.03448e+00       6.269e+11  9.740223e-01  1.457577e-02 -1.982141e-01  2.597774e-02
-3.93103e+00 -1.03448e+00       1.302e+12  9.803740e-01  1.275941e-02 -1.899321e-01  1.962596e-02
-3.51724e+00 -1.03448e+00       1.736e+12  9.813455e-01  1.202329e-02 -1.888057e-01  1.865451e-02
-3.10345e+00 -1.03448e+00       2.562e+12  9.814484e-01  8.332759e-03 -1.884542e-01  1.855161e-02
-2.68966e+00 -1.03448e+00       6.760e+12  9.825191e-01  9.548622e-04 -1.837072e-01  1.748093e-02
-2.27586e+00 -1.03448e+00       1.579e+13  9.837130e-01 -4.751263e-03 -1.776872e-01  1.628700e-02
-1.86207e+00 -1.03448e+00       2.271e+13  9.849632e-01 -9.144094e-03 -1.705062e-01  1.503678e-02
-1.44828e+00 -1.03448e+00       1.925e+13  9.864973e-01 -1.242106e-02 -1.605605e-01  1.350270e-02
-1.03448e+00 -1.03448e+00       1.039e+13  9.890629e-01 -1.356693e-02 -1.397608e-01  1.093712e-02
-6.20690e-01 -1.03448e+00       5.307e+12  9.943049e-01 -9.207828e-03 -8.370928e-02  5.695144e-03
-2.06897e-01 -1.03448e+00       4.370e+12  9.984203e-01 -3.671168e-03 -1.934669e-02  1.579688e-03
 2.06897e-01 -1.03448e+00       4.454e+12  9.983649e-01 -2.555858e-03  2.352691e-02  1.635106e-03
 6.20690e-01 -1.03448e+00       5.647e+12  9.946165e-01 -9.388009e-04  8.332292e-02  5.383469e-03
 1.03448e+00 -1.03448e+00       1.126e+13  9.904263e-01 -1.669869e-03  1.313505e-01  9.573729e-03
 1.44828e+00 -1.03448e+00       2.044e+13  9.884960e-01 -6.034624e-03  1.483424e-01  1.150399e-02
 1.86207e+00 -1.03448e+00       2.312e+13  9.872572e-01 -1.081079e-02  1.567725e-01  1.274285e-02
 2.27586e+00 -1.03448e+00       1.501e+13  9.860610e-01 -1.499175e-02  1.637678e-01  1.393898e-02
 2.68966e+00 -1.03448e+00       5.710e+12  9.845441e-01 -1.810761e-02  1.713085e-01  1.545591e-02
 3.10345e+00 -1.03448e+00       1.915e+12  9.827826e-01 -1.731058e-02  1.782229e-01  1.721737e-02
 3.51724e+00 -1.03448e+00       1.509e+12  9.835031e-01 -1.320152e-02  1.749257e-01  1.649689e-02
 3.93103e+00 -1.03448e+00       1.311e+12  9.836815e-01 -1.281042e-02  1.737700e-01  1.631850e-02
 4.34483e+00 -1.03448e+00       6.991e+11  9.800858e-01 -1.210706e-02  1.821645e-01  1.991415e-02
 4.75862e+00 -1.03448e+00       2.735e+11  9.643723e-01 -4.823027e-04  2.174591e-01  3.562774e-02
 5.17241e+00 -1.03448e+00       1.703e+11  9.425709e-01  2.887291e-02  2.722931e-01  5.742907e-02
 5.58621e+00 -1.03448e+00       1.919e+11  9.294476e-01  3.938094e-02  2.986585e-01  7.055240e-02
 6.00000e+00 -1.03448e+00       1.792e+11  8.857158e-01  3.666813e-02  3.345762e-01  1.142842e-01
-6.00000e+00 -6.20690e-01       1.591e+11  9.238586e-01  5.032275e-02 -2.422759e-01  7.614144e-02
-5.58621e+00 -6.20690e-01       1.554e+11  9.521041e-01  5.777467e-02 -1.958566e-01  4.789593e-02
-5.17241e+00 -6.20690e-01       1.368e+11  9.625114e-01  3.915351e-02 -1.752993e-01  3.748860e-02
-4.75862e+00 -6.20690e-01       2.587e+11  9.794763e-01  1.424856e-02 -1.480529e-01  2.052373e-02
-4.34483e+00 -6.20690e-01       7.289e+11  9.890438e-01  9.744582e-03 -1.323881e-01  1.095618e-02
-3.93103e+00 -6.20690e-01       1.377e+12  9.909531e-01  8.975000e-03 -1.294114e-01  9.046948e-03
-3.51724e+00 -6.20690e-01       1.813e+12  9.909996e-01  6.776288e-03 -1.306394e-01  9.000363e-03
-3.10345e+00 -6.20690e-01       3.290e+12  9.911679e-01  1.045917e-03 -1.299818e-01  8.832105e-03
-2.68966e+00 -6.20690e-01       8.671e+12  9.917981e-01 -3.614542e-03 -1.259149e-01  8.201906e-03
-2.27586e+00 -6.20690e-01       1.665e+13  9.923322e-01 -6.573719e-03 -1.218568e-01  7.667758e-03
-1.86207e+00 -6.20690e-01       1.884e+13  9.928977e-01 -8.784983e-03 -1.169449e-01  7.102315e-03
-1.44828e+00 -6.20690e-01       1.269e+13  9.937491e-01 -9.895852e-03 -1.083591e-01  6.250889e-03
-1.03448e+00 -6.20690e-01       6.240e+12  9.955622e-01 -7.613200e-03 -8.616689e-02  4.437794e-03
-6.20690e-01 -6.20690e-01       3.709e+12  9.981604e-01 -4.663247e-04 -4.574992e-02  1.839553e-03
-2.06897e-01 -6.20690e-01       3.201e+12  9.993578e-01  4.432281e-03 -1.051388e-02  6.421632e-04
 2.06897e-01 -6.20690e-01       3.365e+12  9.993074e-01  4.479446e-03  1.896697e-02  6.925788e-04
 6.20690e-01 -6.20690e-01       4.153e+12  9.982596e-01  1.546425e-03  4.806754e-02  1.740392e-03
 1.03448e+00 -6.20690e-01       6.994e+12  9.963011e-01 -1.616194e-03  7.973836e-02  3.698947e-03
 1.44828e+00 -6.20690e-01       1.384e+13  9.950132e-01 -4.661184e-03  9.697880e-02  4.986765e-03
 1.86207e+00 -6.20690e-01       1.972e+13  9.944264e-01 -7.676187e-03  1.034734e-01  5.573557e-03
 2.27586e+00 -6.20690e-01       1.639e+13  9.940036e-01 -1.036788e-02  1.073278e-01  5.996435e-03
 2.68966e+00 -6.20690e-01       7.719e+12  9.935266e-01 -1.250689e-02  1.109459e-01  6.473390e-03
 3.10345e+00 -6.20690e-01       2.532e+12  9.929302e-01 -1.295499e-02  1.141681e-01  7.069841e-03
 3.51724e+00 -6.20690e-01       1.489e+12  9.931853e-01 -9.774922e-03  1.112420e-01  6.814658e-03
 3.93103e+00 -6.20690e-01       1.340e+12  9.935314e-01 -8.472800e-03  1.090046e-01  6.468600e-03
 4.34483e+00 -6.20690e-01       7.916e+11  9.926453e-01 -7.765071e-03  1.121781e-01  7.354685e-03
 4.75862e+00 -6.20690e-01       3.165e+11  9.876822e-01 -4.683958e-04  1.295858e-01  1.231779e-02
 5.17241e+00 -6.20690e-01       1.810e+11  9.779151e-01  2.430278e-02  1.660344e-01  2.208486e-02
 5.58621e+00 -6.20690e-01       1.952e+11  9.711665e-01  3.122587e-02  1.884391e-01  2.883352e-02
 6.00000e+00 -6.20690e-01       1.800e+11  9.542261e-01  2.165181e-02  2.205870e-01  4.577392e-02
-6.00000e+00 -2.06897e-01       1.527e+11  9.898837e-01  6.352862e-03 -9.701102e-02  1.011634e-02
-5.58621e+00 -2.06897e-01       1.511e+11  9.930713e-01  1.082073e-02 -8.083472e-02  6.928713e-03
-5.17241e+00 -2.06897e-01       1.398e+11  9.942460e-01  5.919455e-03 -7.029090e-02  5.753956e-03
-4.75862e+00 -2.06897e-01       2.838e+11  9.965718e-01  2.228460e-03 -5.923426e-02  3.428222e-03
-4.34483e+00 -2.06897e-01       7.817e+11  9.979541e-01  3.562860e-03 -5.444714e-02  2.045875e-03
-3.93103e+00 -2.06897e-01       1.410e+12  9.981819e-01  3.754254e-03 -5.444059e-02  1.818104e-03
-3.51724e+00 -2.06897e-01       1.883e+12  9.980815e-01  7.874632e-04 -5.656341e-02  1.918510e-03
-3.10345e+00 -2.06897e-01       3.733e+12  9.982860e-01 -4.098219e-03 -5.457434e-02  1.713963e-03
-2.68966e+00 -2.06897e-01       9.474e+12  9.985643e-01 -5.675375e-03 -5.073589e-02  1.435699e-03
-2.27586e+00 -2.06897e-01       1.640e+13  9.987153e-01 -6.070747e-03 -4.810522e-02  1.284702e-03
-1.86207e+00 -2.06897e-01       1.654e+13  9.988400e-01 -6.181756e-03 -4.550279e-02  1.159970e-03
-1.44828e+00 -2.06897e-01       1.005e+13  9.990093e-01 -5.741879e-03 -4.144901e-02  9.907278e-04
-1.03448e+00 -2.06897e-01       4.638e+12  9.993144e-01 -3.706668e-03 -3.287947e-02  6.855859e-04
-6.20690e-01 -2.06897e-01       2.433e+12  9.996715e-01 -3.330348e-04 -1.998365e-02  3.284592e-04
-2.06897e-01 -2.06897e-01       1.688e+12  9.998554e-01  1.294348e-03 -5.489101e-03  1.445611e-04
 2.06897e-01 -2.06897e-01       1.853e+12  9.998484e-01 -1.146799e-04  9.980610e-03  1.515725e-04
 6.20690e-01 -2.06897e-01       2.892e+12  9.997302e-01 -2.398200e-03  1.928660e-02  2.697778e-04
 1.03448e+00 -2.06897e-01       5.380e+12  9.995579e-01 -4.290873e-03  2.642119e-02  4.420515e-04
 1.44828e+00 -2.06897e-01       1.117e+13  9.994245e-01 -5.564745e-03  3.092212e-02  5.755248e-04
 1.86207e+00 -2.06897e-01       1.759e+13  9.993589e-01 -6.305800e-03  3.275754e-02  6.410738e-04
 2.27586e+00 -2.06897e-01       1.644e+13  9.993145e-01 -6.732687e-03  3.373732e-02  6.855015e-04
 2.68966e+00 -2.06897e-01       8.643e+12  9.992582e-01 -6.848143e-03  3.457760e-02  7.417772e-04
 3.10345e+00 -2.06897e-01       2.942e+12  9.991655e-01 -6.403049e-03  3.479307e-02  8.345099e-04
 3.51724e+00 -2.06897e-01       1.506e+12  9.992152e-01 -5.014107e-03  3.144045e-02  7.847902e-04
 3.93103e+00 -2.06897e-01       1.343e+12  9.993389e-01 -3.906530e-03  2.961239e-02  6.610977e-04
 4.34483e+00 -2.06897e-01       8.379e+11  9.992736e-01 -2.552865e-03  3.021219e-02  7.263970e-04
 4.75862e+00 -2.06897e-01       3.461e+11  9.987885e-01  1.217297e-03  3.336464e-02  1.211478e-03
 5.17241e+00 -2.06897e-01       1.837e+11  9.979645e-01  6.139664e-03  4.010260e-02  2.035451e-03
 5.58621e+00 -2.06897e-01       1.800e+11  9.975736e-01  2.796939e-03  4.717558e-02  2.426445e-03
 6.00000e+00 -2.06897e-01       1.641e+11  9.966013e-01 -1.812241e-03  5.691148e-02  3.398680e-03
-6.00000e+00  2.06897e-01       1.523e+11  9.923623e-01 -1.209156e-02  7.518733e-02  7.637659e-03
-5.58621e+00  2.06897e-01       1.504e+11  9.947712e-01 -2.596432e-02  6.395827e-02  5.228838e-03
-5.17241e+00  2.06897e-01       1.391e+11  9.964545e-01 -2.914889e-02  4.838371e-02  3.545509e-03
-4.75862e+00  2.06897e-01       2.839e+11  9.985038e-01 -1.108328e-02  3.268248e-02  1.496152e-03
-4.34483e+00  2.06897e-01       7.836e+11  9.992044e-01 -2.854513e-03  2.868744e-02  7.956257e-04
-3.93103e+00  2.06897e-01       1.414e+12  9.993255e-01 -1.659487e-03  2.671703e-02  6.744719e-04
-3.51724e+00  2.06897e-01       1.891e+12  9.993703e-01 -4.772819e-03  2.418444e-02  6.297223e-04
-3.10345e+00  2.06897e-01       3.739e+12  9.993910e-01 -8.251963e-03  2.701938e-02  6.090368e-04
-2.68966e+00  2.06897e-01       9.464e+12  9.993746e-01 -6.989621e-03  3.075673e-02  6.253708e-04
-2.27586e+00  2.06897e-01       1.637e+13  9.993689e-01 -4.900198e-03  3.207461e-02  6.310903e-04
-1.86207e+00  2.06897e-01       1.650e+13  9.993820e-01 -2.995105e-03  3.210921e-02  6.180098e-04
-1.44828e+00  2.06897e-01       1.001e+13  9.994373e-01 -1.451784e-03  3.022812e-02  5.626845e-04
-1.03448e+00  2.06897e-01       4.588e+12  9.996033e-01 -9.411647e-04  2.323737e-02  3.967381e-04
-6.20690e-01  2.06897e-01       2.378e+12  9.998249e-01 -2.520830e-03  1.192476e-02  1.750809e-04
-2.06897e-01  2.06897e-01       1.638e+12  9.998990e-01 -6.441596e-03  1.539434e-03  1.009854e-04
 2.06897e-01  2.06897e-01       1.803e+12  9.998224e-01 -9.741474e-03 -9.280975e-03  1.775515e-04
 6.20690e-01  2.06897e-01       2.840e+12  9.996443e-01 -9.295528e-03 -1.880975e-02  3.556590e-04
 1.03448e+00  2.06897e-01       5.341e+12  9.993071e-01 -8.334126e-03 -3.103344e-02  6.928708e-04
 1.44828e+00  2.06897e-01       1.116e+13  9.990298e-01 -7.142907e-03 -4.011573e-02  9.702302e-04
 1.86207e+00  2.06897e-01       1.762e+13  9.989035e-01 -5.306948e-03 -4.386309e-02  1.096530e-03
 2.27586e+00  2.06897e-01       1.648e+13  9.988221e-01 -3.201787e-03 -4.582957e-02  1.177945e-03
 2.68966e+00  2.06897e-01       8.668e+12  9.987301e-01 -9.677849e-04 -4.753428e-02  1.269892e-03
 3.10345e+00  2.06897e-01       2.953e+12  9.985486e-01  9.907604e-04 -5.019764e-02  1.451448e-03
 3.51724e+00  2.06897e-01       1.509e+12  9.983197e-01  6.009000e-04 -5.402719e-02  1.680317e-03
 3.93103e+00  2.06897e-01       1.344e+12  9.983253e-01  8.694782e-04 -5.434355e-02  1.674726e-03
 4.34483e+00  2.06897e-01       8.385e+11  9.981272e-01  2.698374e-03 -5.536488e-02  1.872785e-03
 4.75862e+00  2.06897e-01       3.471e+11  9.968875e-01  2.958482e-03 -6.445258e-02  3.112452e-03
 5.17241e+00  2.06897e-01       1.848e+11  9.942045e-01 -1.052614e-02 -8.645506e-02  5.795542e-03
 5.58621e+00  2.06897e-01       1.810e+11  9.924251e-01 -2.083779e-02 -9.663452e-02  7.574908e-03
 6.00000e+00  2.06897e-01       1.650e+11  9.887049e-01 -1.806052e-02 -1.104092e-01  1.129515e-02
-6.00000e+00  6.20690e-01       1.580e+11  9.324529e-01 -6.012171e-02  2.242646e-01  6.754710e-02
-5.58621e+00  6.20690e-01       1.540e+11  9.567627e-01 -7.439612e-02  1.799366e-01  4.323733e-02
-5.17241e+00  6.20690e-01       1.353e+11  9.685619e-01 -6.316781e-02  1.528335e-01  3.143813e-02
-4.75862e+00  6.20690e-01       2.589e+11  9.851857e-01 -2.462605e-02  1.217806e-01  1.481433e-02
-4.34483e+00  6.20690e-01       7.338e+11  9.925819e-01 -9.668892e-03  1.077133e-01  7.418071e-03
-3.93103e+00  6.20690e-01       1.388e+12  9.940362e-01 -6.819540e-03  1.035990e-01  5.963842e-03
-3.51724e+00  6.20690e-01       1.834e+12  9.944529e-01 -9.355909e-03  1.003858e-01  5.547136e-03
-3.10345e+00  6.20690e-01       3.311e+12  9.942973e-01 -1.245194e-02  1.026758e-01  5.702739e-03
-2.68966e+00  6.20690e-01       8.650e+12  9.940782e-01 -8.986758e-03  1.062272e-01  5.921808e-03
-2.27586e+00  6.20690e-01       1.655e+13  9.941532e-01 -4.531758e-03  1.062106e-01  5.846756e-03
-1.86207e+00  6.20690e-01       1.871e+13  9.944102e-01 -6.463333e-04  1.038843e-01  5.589848e-03
-1.44828e+00  6.20690e-01       1.257e+13  9.949514e-01  2.267210e-03  9.752223e-02  5.048619e-03
-1.03448e+00  6.20690e-01       6.085e+12  9.963420e-01  2.265668e-03  7.731745e-02  3.658042e-03
-6.20690e-01  6.20690e-01       3.496e+12  9.985156e-01 -3.275000e-03  3.759101e-02  1.484351e-03
-2.06897e-01  6.20690e-01       2.965e+12  9.994494e-01 -9.488731e-03  3.758239e-03  5.505626e-04
 2.06897e-01  6.20690e-01       3.133e+12  9.991968e-01 -1.197138e-02 -2.321772e-02  8.031742e-04
 6.20690e-01  6.20690e-01       3.954e+12  9.978464e-01 -1.111323e-02 -5.247475e-02  2.153574e-03
 1.03448e+00  6.20690e-01       6.882e+12  9.953934e-01 -1.010393e-02 -8.763204e-02  4.606568e-03
 1.44828e+00  6.20690e-01       1.384e+13  9.938481e-01 -7.413314e-03 -1.070816e-01  6.151865e-03
 1.86207e+00  6.20690e-01       1.980e+13  9.931591e-01 -3.309474e-03 -1.145249e-01  6.840860e-03
 2.27586e+00  6.20690e-01       1.649e+13  9.926478e-01  1.052070e-03 -1.190912e-01  7.352180e-03
 2.68966e+00  6.20690e-01       7.786e+12  9.920705e-01  5.360643e-03 -1.235181e-01  7.929522e-03
 3.10345e+00  6.20690e-01       2.561e+12  9.911636e-01  8.212375e-03 -1.297052e-01  8.836359e-03
 3.51724e+00  6.20690e-01       1.497e+12  9.906340e-01  5.587948e-03 -1.335854e-01  9.365973e-03
 3.93103e+00  6.20690e-01       1.343e+12  9.907251e-01  5.550655e-03 -1.325678e-01  9.274938e-03
 4.34483e+00  6.20690e-01       7.943e+11  9.893942e-01  7.811881e-03 -1.362296e-01  1.060578e-02
 4.75862e+00  6.20690e-01       3.199e+11  9.819631e-01  4.338361e-03 -1.607309e-01  1.803694e-02
 5.17241e+00  6.20690e-01       1.845e+11  9.672089e-01 -2.506549e-02 -2.132450e-01  3.279105e-02
 5.58621e+00  6.20690e-01       1.982e+11  9.580039e-01 -4.035281e-02 -2.354396e-01  4.199607e-02
 6.00000e+00  6.20690e-01       1.827e+11  9.350527e-01 -3.220821e-02 -2.661438e-01  6.494726e-02
-6.00000e+00  1.03448e+00       1.525e+11  8.476834e-01 -7.110920e-02  2.766627e-01  1.523166e-01
-5.58621e+00  1.03448e+00       1.558e+11  9.082211e-01 -4.766782e-02  2.398293e-01  9.177893e-02
-5.17241e+00  1.03448e+00       1.374e+11  9.240330e-01 -4.057553e-02  2.502111e-01  7.596701e-02
-4.75862e+00  1.03448e+00       2.231e+11  9.550729e-01 -3.343365e-02  2.120747e-01  4.492706e-02
-4.34483e+00  1.03448e+00       6.331e+11  9.792764e-01 -1.765420e-02  1.759055e-01  2.072356e-02
-3.93103e+00  1.03448e+00       1.321e+12  9.846344e-01 -1.196155e-02  1.672749e-01  1.536562e-02
-3.51724e+00  1.03448e+00       1.775e+12  9.859391e-01 -1.292749e-02  1.626757e-01  1.406094e-02
-3.10345e+00  1.03448e+00       2.618e+12  9.860936e-01 -1.694955e-02  1.617803e-01  1.390642e-02
-2.68966e+00  1.03448e+00       6.779e+12  9.859211e-01 -1.293689e-02  1.641888e-01  1.407892e-02
-2.27586e+00  1.03448e+00       1.567e+13  9.863463e-01 -6.392628e-03  1.625656e-01  1.365371e-02
-1.86207e+00  1.03448e+00       2.249e+13  9.871416e-01 -6.213926e-04  1.579055e-01  1.285840e-02
-1.44828e+00  1.03448e+00       1.907e+13  9.882909e-01  4.125807e-03  1.499027e-01  1.170912e-02
-1.03448e+00  1.03448e+00       1.026e+13  9.903743e-01  6.904073e-03  1.310676e-01  9.625713e-03
-6.20690e-01  1.03448e+00       5.070e+12  9.948588e-01  4.352125e-03  7.655916e-02  5.141162e-03
-2.06897e-01  1.03448e+00       4.010e+12  9.985013e-01 -8.602306e-04  9.988574e-03  1.498705e-03
 2.06897e-01  1.03448e+00       4.099e+12  9.979585e-01 -3.113220e-03 -3.442762e-02  2.041537e-03
 6.20690e-01  1.03448e+00       5.427e+12  9.933397e-01 -8.261915e-03 -9.568109e-02  6.660305e-03
 1.03448e+00  1.03448e+00       1.121e+13  9.887993e-01 -9.791421e-03 -1.423641e-01  1.120071e-02
 1.44828e+00  1.03448e+00       2.054e+13  9.868276e-01 -5.017414e-03 -1.586967e-01  1.317241e-02
 1.86207e+00  1.03448e+00       2.330e+13  9.855129e-01  1.030322e-03 -1.672780e-01  1.448706e-02
 2.27586e+00  1.03448e+00       1.516e+13  9.841893e-01  6.967876e-03 -1.747653e-01  1.581067e-02
 2.68966e+00  1.03448e+00       5.796e+12  9.824980e-01  1.252696e-02 -1.832231e-01  1.750197e-02
 3.10345e+00  1.03448e+00       1.950e+12  9.800705e-01  1.372285e-02 -1.943800e-01  1.992955e-02
 3.51724e+00  1.03448e+00       1.519e+12  9.798801e-01  8.836012e-03 -1.958481e-01  2.011988e-02
 3.93103e+00  1.03448e+00       1.315e+12  9.798294e-01  9.635202e-03 -1.946886e-01  2.017063e-02
 4.34483e+00  1.03448e+00       7.030e+11  9.752531e-01  1.169441e-02 -2.040623e-01  2.474689e-02
 4.75862e+00  1.03448e+00       2.782e+11  9.547569e-01  2.016590e-03 -2.483828e-01  4.524314e-02
 5.17241e+00  1.03448e+00       1.754e+11  9.250590e-01 -2.984119e-02 -3.204619e-01  7.494096e-02
 5.58621e+00  1.03448e+00       1.977e+11  9.091331e-01 -3.876848e-02 -3.476693e-01  9.086692e-02
 6.00000e+00  1.03448e+00       1.849e+11  8.595401e-01 -3.494478e-02 -3.792546e-01  1.404599e-01
-6.00000e+00  1.44828e+00       1.797e+11  7.462208e-01  2.015665e-02  4.375512e-01  2.537792e-01
-5.58621e+00  1.44828e+00       2.022e+11  8.285269e-01 -2.538886e-02  4.136088e-01  1.714731e-01
-5.17241e+00  1.44828e+00       1.709e+11  8.572653e-01 -7.527783e-02  3.822635e-01  1.427347e-01
-4.75862e+00  1.44828e+00       1.887e+11  8.975870e-01 -7.085399e-02  3.056611e-01  1.024130e-01
-4.34483e+00  1.44828e+00       4.802e+11  9.581912e-01 -2.875703e-02  2.288085e-01  4.180876e-02
-3.93103e+00  1.44828e+00       1.161e+12  9.746675e-01 -1.696510e-02  2.100179e-01  2.533255e-02
-3.51724e+00  1.44828e+00       1.739e+12  9.779695e-01 -1.578447e-02  2.036098e-01  2.203053e-02
-3.10345e+00  1.44828e+00       2.039e+12  9.789006e-01 -2.036322e-02  1.990924e-01  2.109943e-02
-2.68966e+00  1.44828e+00       4.096e+12  9.793672e-01 -1.975813e-02  1.972055e-01  2.063279e-02
-2.27586e+00  1.44828e+00       1.154e+13  9.806543e-01 -1.170800e-02  1.923498e-01  1.934566e-02
-1.86207e+00  1.44828e+00       2.370e+13  9.824021e-01 -4.222912e-03  1.837868e-01  1.759794e-02
-1.44828e+00  1.44828e+00       3.038e+13  9.845465e-01  1.877712e-03  1.716071e-01  1.545352e-02
-1.03448e+00  1.44828e+00       2.427e+13  9.871134e-01  6.131663e-03  1.549044e-01  1.288661e-02
-6.20690e-01  1.44828e+00       1.276e+13  9.901437e-01  7.384137e-03  1.289664e-01  9.856341e-03
-2.06897e-01  1.44828e+00       5.725e+12  9.933381e-01  7.896926e-05  5.899512e-02  6.661902e-03
 2.06897e-01  1.44828e+00       5.967e+12  9.921887e-01 -1.539907e-02 -8.497021e-02  7.811259e-03
 6.20690e-01  1.44828e+00       1.374e+13  9.886722e-01 -1.282990e-02 -1.419501e-01  1.132777e-02
 1.03448e+00  1.44828e+00       2.602e+13  9.859087e-01 -5.351189e-03 -1.628201e-01  1.409132e-02
 1.44828e+00  1.44828e+00       3.173e+13  9.833365e-01  1.886034e-03 -1.782541e-01  1.666349e-02
 1.86207e+00  1.44828e+00       2.355e+13  9.807665e-01  8.516282e-03 -1.918583e-01  1.923348e-02
 2.27586e+00  1.44828e+00       1.047e+13  9.779050e-01  1.474339e-02 -2.052249e-01  2.209497e-02
 2.68966e+00  1.44828e+00       3.150e+12  9.736617e-01  1.955072e-02 -2.223568e-01  2.633833e-02
 3.10345e+00  1.44828e+00       1.544e+12  9.701585e-01  1.431335e-02 -2.364752e-01  2.984153e-02
 3.51724e+00  1.44828e+00       1.602e+12  9.712394e-01  1.108234e-02 -2.333637e-01  2.876063e-02
 3.93103e+00  1.44828e+00       1.205e+12  9.695843e-01  1.367398e-02 -2.353800e-01  3.041569e-02
 4.34483e+00  1.44828e+00       5.604e+11  9.558017e-01  1.382382e-02 -2.599418e-01  4.419829e-02
 4.75862e+00  1.44828e+00       2.478e+11  9.108564e-01 -1.759596e-02 -3.406998e-01  8.914364e-02
 5.17241e+00  1.44828e+00       2.077e+11  8.772895e-01 -5.814877e-02 -4.045720e-01  1.227105e-01
 5.58621e+00  1.44828e+00       2.217e+11  8.496611e-01 -4.991503e-02 -4.329632e-01  1.503389e-01
 6.00000e+00  1.44828e+00       1.937e+11  7.684584e-01 -4.529866e-02 -4.888170e-01  2.315416e-01
-6.00000e+00  1.86207e+00       2.021e+11  5.518170e-01 -5.563277e-02  5.193764e-01  4.481830e-01
-5.58621e+00  1.86207e+00       2.188e+11  7.383295e-01 -6.831121e-02  4.249926e-01  2.616705e-01
-5.17241e+00  1.86207e+00       1.893e+11  8.119635e-01 -5.810219e-02  4.016375e-01  1.880365e-01
-4.75862e+00  1.86207e+00       1.702e+11  8.327773e-01 -6.604387e-02  3.895524e-01  1.672227e-01
-4.34483e+00  1.86207e+00       3.177e+11  9.185732e-01 -4.256378e-02  2.810894e-01  8.142678e-02
-3.93103e+00  1.86207e+00       8.699e+11  9.650332e-01 -2.235538e-02  2.291121e-01  3.496677e-02
-3.51724e+00  1.86207e+00       1.625e+12  9.742957e-01 -1.808090e-02  2.164594e-01  2.570430e-02
-3.10345e+00  1.86207e+00       1.895e+12  9.764377e-01 -2.071379e-02  2.097587e-01  2.356228e-02
-2.68966e+00  1.86207e+00       2.147e+12  9.769643e-01 -2.659727e-02  2.047686e-01  2.303573e-02
-2.27586e+00  1.86207e+00       4.928e+12  9.795351e-01 -2.170844e-02  1.934318e-01  2.046492e-02
-1.86207e+00  1.86207e+00       1.424e+13  9.830547e-01 -1.284988e-02  1.772750e-01  1.694526e-02
-1.44828e+00  1.86207e+00       3.085e+13  9.863918e-01 -5.076616e-03  1.576048e-01  1.360815e-02
-1.03448e+00  1.86207e+00       4.641e+13  9.900287e-01  9.520950e-04  1.298763e-01  9.971251e-03
-6.20690e-01  1.86207e+00       5.218e+13  9.938456e-01  4.062156e-03  8.870783e-02  6.154426e-03
-2.06897e-01  1.86207e+00       5.135e+13  9.966260e-01  3.864828e-03  2.993143e-02  3.373998e-03
 2.06897e-01  1.86207e+00       5.201e+13  9.964706e-01  2.808871e-03 -3.765865e-02  3.529369e-03
 6.20690e-01  1.86207e+00       5.358e+13  9.935006e-01  4.113919e-03 -9.395981e-02  6.499420e-03
 1.03448e+00  1.86207e+00       4.718e+13  9.895160e-01  7.577194e-03 -1.336473e-01  1.048397e-02
 1.44828e+00  1.86207e+00       3.023e+13  9.854003e-01  1.187851e-02 -1.627018e-01  1.459967e-02
 1.86207e+00  1.86207e+00       1.292e+13  9.809177e-01  1.661232e-02 -1.873662e-01  1.908230e-02
 2.27586e+00  1.86207e+00       3.813e+12  9.744233e-01  2.166089e-02 -2.153605e-01  2.557668e-02
 2.68966e+00  1.86207e+00       1.485e+12  9.667114e-01  1.966325e-02 -2.450002e-01  3.328861e-02
 3.10345e+00  1.86207e+00       1.628e+12  9.684151e-01  1.335796e-02 -2.421974e-01  3.158489e-02
 3.51724e+00  1.86207e+00       1.612e+12  9.688645e-01  1.449027e-02 -2.402770e-01  3.113555e-02
 3.93103e+00  1.86207e+00       9.539e+11  9.616667e-01  1.774583e-02 -2.528942e-01  3.833333e-02
 4.34483e+00  1.86207e+00       3.973e+11  9.266576e-01  1.003966e-02 -3.104728e-01  7.334240e-02
 4.75862e+00  1.86207e+00       2.218e+11  8.619164e-01 -3.419581e-02 -4.186424e-01  1.380836e-01
 5.17241e+00  1.86207e+00       2.386e+11  8.338107e-01 -5.586470e-02 -4.717852e-01  1.661893e-01
 5.58621e+00  1.86207e+00       2.677e+11  7.768053e-01 -5.023539e-02 -5.115945e-01  2.231947e-01
 6.00000e+00  1.86207e+00       2.267e+11  6.179217e-01 -3.390077e-02 -5.906781e-01  3.820783e-01
-6.00000e+00  2.27586e+00       2.282e+11  4.382716e-01 -1.740177e-02  6.182057e-01  5.617284e-01
-5.58621e+00  2.27586e+00       2.811e+11  6.400493e-01 -7.062641e-02  5.454234e-01  3.599507e-01
-5.17241e+00  2.27586e+00       2.539e+11  7.493097e-01 -8.968424e-02  4.762066e-01  2.506903e-01
-4.75862e+00  2.27586e+00       1.941e+11  7.820895e-01 -8.891679e-02  4.480223e-01  2.179105e-01
-4.34483e+00  2.27586e+00       2.078e+11  8.371359e-01 -6.528753e-02  3.636337e-01  1.628641e-01
-3.93103e+00  2.27586e+00       5.037e+11  9.442636e-01 -2.975839e-02  2.350640e-01  5.573637e-02
-3.51724e+00  2.27586e+00       1.239e+12  9.748810e-01 -1.974287e-02  1.981681e-01  2.511896e-02
-3.10345e+00  2.27586e+00       1.896e+12  9.807528e-01 -1.989476e-02  1.854305e-01  1.924722e-02
-2.68966e+00  2.27586e+00       1.855e+12  9.818531e-01 -2.576191e-02  1.784814e-01  1.814690e-02
-2.27586e+00  2.27586e+00       1.784e+12  9.803844e-01 -3.192345e-02  1.788831e-01  1.961558e-02
-1.86207e+00  2.27586e+00       3.049e+12  9.833786e-01 -2.574249e-02  1.599964e-01  1.662136e-02
-1.44828e+00  2.27586e+00       7.564e+12  9.900197e-01 -1.936312e-02  1.218530e-01  9.980341e-03
-1.03448e+00  2.27586e+00       1.758e+13  9.942805e-01 -1.385667e-02  8.880565e-02  5.719537e-03
-6.20690e-01  2.27586e+00       3.137e+13  9.966681e-01 -7.475101e-03  5.601724e-02  3.331895e-03
-2.06897e-01  2.27586e+00       4.149e+13  9.978513e-01 -1.728911e-03  1.829171e-02  2.148728e-03
 2.06897e-01  2.27586e+00       4.109e+13  9.976370e-01  2.521881e-03 -2.282844e-02  2.362953e-03
 6.20690e-01  2.27586e+00       3.026e+13  9.958647e-01  5.650404e-03 -6.358363e-02  4.135334e-03
 1.03448e+00  2.27586e+00       1.616e+13  9.924188e-01  8.825830e-03 -1.029921e-01  7.581162e-03
 1.44828e+00  2.27586e+00       6.283e+12  9.862272e-01  1.362799e-02 -1.462240e-01  1.377276e-02
 1.86207e+00  2.27586e+00       2.072e+12  9.748915e-01  1.993041e-02 -2.008536e-01  2.510847e-02
 2.27586e+00  2.27586e+00       1.131e+12  9.675826e-01  1.895458e-02 -2.303904e-01  3.241736e-02
 2.68966e+00  2.27586e+00       1.532e+12  9.741073e-01  1.363378e-02 -2.117284e-01  2.589267e-02
 3.10345e+00  2.27586e+00       1.834e+12  9.763333e-01  1.406814e-02 -2.063550e-01  2.366674e-02
 3.51724e+00  2.27586e+00       1.312e+12  9.722084e-01  1.764277e-02 -2.156879e-01  2.779158e-02
 3.93103e+00  2.27586e+00       6.014e+11  9.476663e-01  1.872098e-02 -2.608476e-01  5.233372e-02
 4.34483e+00  2.27586e+00       2.797e+11  8.742183e-01 -1.215778e-02 -3.841799e-01  1.257817e-01
 4.75862e+00  2.27586e+00       2.521e+11  8.239238e-01 -6.141819e-02 -4.789927e-01  1.760762e-01
 5.17241e+00  2.27586e+00       3.147e+11  7.948809e-01 -6.694363e-02 -5.172275e-01  2.051191e-01
 5.58621e+00  2.27586e+00       3.229e+11  7.034804e-01 -5.788436e-02 -5.780189e-01  2.965196e-01
 6.00000e+00  2.27586e+00       2.625e+11  5.244606e-01 -4.890573e-02 -6.829260e-01  4.755394e-01
-6.00000e+00  2.68966e+00       2.402e+11  2.747463e-01 -1.854679e-03  7.110529e-01  7.252537e-01
-5.58621e+00  2.68966e+00       3.082e+11  5.700875e-01 -3.631544e-02  6.011152e-01  4.299125e-01
-5.17241e+00  2.68966e+00       3.220e+11  7.175097e-01 -6.494150e-02  5.176403e-01  2.824903e-01
-4.75862e+00  2.68966e+00       2.596e+11  7.770791e-01 -8.115602e-02  4.711530e-01  2.229209e-01
-4.34483e+00  2.68966e+00       1.987e+11  7.754203e-01 -8.220734e-02  4.506783e-01  2.245797e-01
-3.93103e+00  2.68966e+00       2.456e+11  8.620263e-01 -5.128340e-02  2.980308e-01  1.379737e-01
-3.51724e+00  2.68966e+00       6.311e+11  9.651381e-01 -2.191340e-02  1.590518e-01  3.486186e-02
-3.10345e+00  2.68966e+00       1.430e+12  9.876494e-01 -1.817031e-02  1.218189e-01  1.235057e-02
-2.68966e+00  2.68966e+00       1.980e+12  9.916400e-01 -2.199392e-02  1.039636e-01  8.360006e-03
-2.27586e+00  2.68966e+00       1.743e+12  9.916348e-01 -3.154205e-02  9.338951e-02  8.365155e-03
-1.86207e+00  2.68966e+00       1.394e+12  9.885470e-01 -4.353421e-02  1.012202e-01  1.145304e-02
-1.44828e+00  2.68966e+00       1.660e+12  9.870287e-01 -3.849962e-02  1.163357e-01  1.297130e-02
-1.03448e+00  2.68966e+00       2.337e+12  9.888037e-01 -1.656916e-02  1.092264e-01  1.119633e-02
-6.20690e-01  2.68966e+00       2.801e+12  9.913026e-01  1.027709e-02  7.750490e-02  8.697397e-03
-2.06897e-01  2.68966e+00       2.863e+12  9.931927e-01  3.170507e-02  2.234693e-02  6.807291e-03
 2.06897e-01  2.68966e+00       2.730e+12  9.927971e-01  3.776542e-02 -4.235318e-02  7.202854e-03
 6.20690e-01  2.68966e+00       2.397e+12  9.893403e-01  2.895926e-02 -9.903893e-02  1.065965e-02
 1.03448e+00  2.68966e+00       1.725e+12  9.827531e-01  1.479702e-02 -1.455888e-01  1.724695e-02
 1.44828e+00  2.68966e+00       1.025e+12  9.733792e-01  6.190955e-03 -1.808373e-01  2.662077e-02
 1.86207e+00  2.68966e+00       9.100e+11  9.755040e-01  1.097194e-02 -1.596696e-01  2.449603e-02
 2.27586e+00  2.68966e+00       1.487e+12  9.865097e-01  1.339230e-02 -1.239363e-01  1.349025e-02
 2.68966e+00  2.68966e+00       1.923e+12  9.896100e-01  1.485375e-02 -1.195420e-01  1.039005e-02
 3.10345e+00  2.68966e+00       1.491e+12  9.866439e-01  1.889094e-02 -1.325590e-01  1.335606e-02
 3.51724e+00  2.68966e+00       7.360e+11  9.676966e-01  2.351325e-02 -1.798672e-01  3.230342e-02
 3.93103e+00  2.68966e+00       3.337e+11  8.997458e-01  6.204723e-03 -3.147344e-01  1.002542e-01
 4.34483e+00  2.68966e+00       2.585e+11  8.327314e-01 -4.722576e-02 -4.472095e-01  1.672686e-01
 4.75862e+00  2.68966e+00       3.210e+11  8.195491e-01 -6.657775e-02 -4.901632e-01  1.804509e-01
 5.17241e+00  2.68966e+00       3.743e+11  7.733316e-01 -5.927476e-02 -5.326110e-01  2.266684e-01
 5.58621e+00  2.68966e+00       3.325e+11  6.395068e-01 -5.477147e-02 -6.118127e-01  3.604932e-01
 6.00000e+00  2.68966e+00       2.581e+11  3.719758e-01 -4.952520e-02 -7.319036e-01  6.280242e-01
-6.00000e+00  3.10345e+00       2.954e+11  1.190990e-01  4.190527e-02  8.186126e-01  8.809010e-01
-5.58621e+00  3.10345e+00       3.293e+11  4.523411e-01 -1.834382e-02  6.748219e-01  5.476589e-01
-5.17241e+00  3.10345e+00       3.812e+11  6.645165e-01 -5.425434e-02  5.515346e-01  3.354835e-01
-4.75862e+00  3.10345e+00       3.463e+11  7.754102e-01 -6.895217e-02  4.687273e-01  2.245898e-01
-4.34483e+00  3.10345e+00       2.654e+11  8.009143e-01 -7.562876e-02  4.452716e-01  1.990857e-01
-3.93103e+00  3.10345e+00       2.011e+11  7.760602e-01 -7.651401e-02  4.289142e-01  2.239398e-01
-3.51724e+00  3.10345e+00       2.304e+11  8.634420e-01 -4.078873e-02  2.224489e-01  1.365580e-01
-3.10345e+00  3.10345e+00       5.600e+11  9.717965e-01 -1.140543e-02  3.336465e-02  2.820352e-02
-2.68966e+00  3.10345e+00       1.290e+12  9.918839e-01 -1.341248e-02 -2.304093e-02  8.116133e-03
-2.27586e+00  3.10345e+00       1.869e+12  9.916479e-01 -2.241131e-02 -5.581826e-02  8.352144e-03
-1.86207e+00  3.10345e+00       1.676e+12  9.868015e-01 -3.687687e-02 -8.203292e-02  1.319847e-02
-1.44828e+00  3.10345e+00       1.137e+12  9.803378e-01 -5.508439e-02 -8.081031e-02  1.966217e-02
-1.03448e+00  3.10345e+00       8.282e+11  9.767288e-01 -5.358171e-02 -3.469924e-02  2.327121e-02
-6.20690e-01  3.10345e+00       6.889e+11  9.735478e-01 -1.490040e-02 -9.243795e-03  2.645219e-02
-2.06897e-01  3.10345e+00       5.904e+11  9.674365e-01  3.293462e-02 -3.962024e-02  3.256352e-02
 2.06897e-01  3.10345e+00       5.290e+11  9.609272e-01  5.058406e-02 -9.173254e-02  3.907284e-02
 6.20690e-01  3.10345e+00       4.947e+11  9.543067e-01  3.033600e-02 -1.215902e-01  4.569332e-02
 1.03448e+00  3.10345e+00       5.476e+11  9.551692e-01  6.499531e-03 -7.285985e-02  4.483085e-02
 1.44828e+00  3.10345e+00       9.195e+11  9.744015e-01  6.814776e-03  2.730667e-02  2.559851e-02
 1.86207e+00  3.10345e+00       1.587e+12  9.879915e-01  1.042755e-02  6.162653e-02  1.200846e-02
 2.27586e+00  3.10345e+00       1.856e+12  9.926174e-01  1.411576e-02  5.359935e-02  7.382616e-03
 2.68966e+00  3.10345e+00       1.344e+12  9.917885e-01  2.050915e-02  2.208799e-02  8.211517e-03
 3.10345e+00  3.10345e+00       6.652e+11  9.761795e-01  2.850698e-02 -5.541608e-02  2.382046e-02
 3.51724e+00  3.10345e+00       3.295e+11  9.146176e-01  1.490112e-02 -2.349330e-01  8.538240e-02
 3.93103e+00  3.10345e+00       2.640e+11  8.517522e-01 -3.678189e-02 -3.916010e-01  1.482478e-01
 4.34483e+00  3.10345e+00       3.234e+11  8.462796e-01 -6.284793e-02 -4.373207e-01  1.537204e-01
 4.75862e+00  3.10345e+00       4.177e+11  8.246087e-01 -5.842839e-02 -4.795274e-01  1.753913e-01
 5.17241e+00  3.10345e+00       4.232e+11  7.360946e-01 -5.331875e-02 -5.499020e-01  2.639054e-01
 5.58621e+00  3.10345e+00       3.389e+11  5.405809e-01 -5.088701e-02 -6.674844e-01  4.594191e-01
 6.00000e+00  3.10345e+00       2.779e+11  2.161325e-01 -3.002375e-02 -7.959986e-01  7.838675e-01
-6.00000e+00  3.51724e+00       3.911e+11  3.310301e-02  4.425106e-02  8.899055e-01  9.668970e-01
-5.58621e+00  3.51724e+00       3.466e+11  3.051192e-01 -4.958144e-03  7.706039e-01  6.948808e-01
-5.17241e+00  3.51724e+00       4.104e+11  5.752378e-01 -5.040654e-02  6.047850e-01  4.247622e-01
-4.75862e+00  3.51724e+00       4.328e+11  7.480605e-01 -5.974001e-02  4.719518e-01  2.519395e-01
-4.34483e+00  3.51724e+00       3.697e+11  8.362214e-01 -6.306174e-02  3.955744e-01  1.637786e-01
-3.93103e+00  3.51724e+00       2.827e+11  8.356110e-01 -6.692352e-02  3.926190e-01  1.643890e-01
-3.51724e+00  3.51724e+00       2.052e+11  7.875496e-01 -6.897689e-02  3.913776e-01  2.124504e-01
-3.10345e+00  3.51724e+00       1.695e+11  8.118172e-01 -3.326672e-02  1.966907e-01  1.881828e-01
-2.68966e+00  3.51724e+00       2.848e+11  9.222217e-01  2.124234e-02 -1.290247e-01  7.777826e-02
-2.27586e+00  3.51724e+00       6.837e+11  9.414404e-01  1.679654e-02 -2.655552e-01  5.855956e-02
-1.86207e+00  3.51724e+00       1.258e+12  9.180560e-01 -2.799171e-03 -3.400352e-01  8.194402e-02
-1.44828e+00  3.51724e+00       1.493e+12  8.764876e-01 -3.579280e-02 -4.025145e-01  1.235124e-01
-1.03448e+00  3.51724e+00       1.131e+12  8.059057e-01 -8.552322e-02 -4.403201e-01  1.940943e-01
-6.20690e-01  3.51724e+00       6.214e+11  6.876640e-01 -1.229003e-01 -3.629989e-01  3.123360e-01
-2.06897e-01  3.51724e+00       3.865e+11  5.958530e-01 -6.464987e-02  5.065904e-03  4.041470e-01
 2.06897e-01  3.51724e+00       4.392e+11  6.683286e-01 -1.809555e-02  3.848601e-01  3.316714e-01
 6.20690e-01  3.51724e+00       7.156e+11  7.610098e-01 -3.803375e-02  5.091368e-01  2.389902e-01
 1.03448e+00  3.51724e+00       1.140e+12  8.205881e-01 -2.713538e-02  5.061360e-01  1.794119e-01
 1.44828e+00  3.51724e+00       1.408e+12  8.656066e-01 -6.165629e-05  4.521158e-01  1.343934e-01
 1.86207e+00  3.51724e+00       1.209e+12  9.039603e-01  2.111062e-02  3.705746e-01  9.603969e-02
 2.27586e+00  3.51724e+00       7.387e+11  9.357847e-01  3.713803e-02  2.560577e-01  6.421529e-02
 2.68966e+00  3.51724e+00       3.936e+11  9.451636e-01  4.784169e-02  7.161125e-02  5.483640e-02
 3.10345e+00  3.51724e+00       2.697e+11  9.072291e-01  2.086325e-02 -1.813209e-01  9.277088e-02
 3.51724e+00  3.51724e+00       2.638e+11  8.727851e-01 -3.132437e-02 -3.189026e-01  1.272149e-01
 3.93103e+00  3.51724e+00       3.289e+11  8.801813e-01 -5.580769e-02 -3.505055e-01  1.198187e-01
 4.34483e+00  3.51724e+00       4.471e+11  8.758987e-01 -5.287657e-02 -3.934646e-01  1.241013e-01
 4.75862e+00  3.51724e+00       5.017e+11  8.129344e-01 -4.912189e-02 -4.696380e-01  1.870656e-01
 5.17241e+00  3.51724e+00       4.440e+11  6.629035e-01 -5.345909e-02 -5.960440e-01  3.370965e-01
 5.58621e+00  3.51724e+00       3.601e+11  4.302902e-01 -4.695233e-02 -7.504895e-01  5.697098e-01
 6.00000e+00  3.51724e+00       3.526e+11  1.227722e-01 -2.417539e-02 -8.531488e-01  8.772278e-01
-6.00000e+00  3.93103e+00       5.229e+11  2.847196e-02  7.033891e-02  8.968254e-01  9.715280e-01
-5.58621e+00  3.93103e+00       3.810e+11  2.093904e-01  8.003521e-02  8.397767e-01  7.906096e-01
-5.17241e+00  3.93103e+00       3.960e+11  4.705150e-01  3.050827e-03  6.850613e-01  5.294850e-01
-4.75862e+00  3.93103e+00       4.768e+11  6.940826e-01 -4.381012e-02  5.068412e-01  3.059174e-01
-4.34483e+00  3.93103e+00       4.814e+11  8.312431e-01 -5.584139e-02  3.667402e-01  1.687569e-01
-3.93103e+00  3.93103e+00       4.032e+11  8.944313e-01 -5.958946e-02  2.889739e-01  1.055687e-01
-3.51724e+00  3.93103e+00       3.134e+11  8.836853e-01 -5.430622e-02  2.922405e-01  1.163147e-01
-3.10345e+00  3.93103e+00       2.281e+11  8.229967e-01 -5.844051e-02  3.150891e-01  1.770033e-01
-2.68966e+00  3.93103e+00       1.481e+11  7.573934e-01 -4.697140e-02  2.295465e-01  2.426066e-01
-2.27586e+00  3.93103e+00       1.090e+11  7.398911e-01  7.821252e-02 -1.036257e-01  2.601089e-01
-1.86207e+00  3.93103e+00       1.292e+11  7.342478e-01  1.626565e-01 -4.620434e-01  2.657522e-01
-1.44828e+00  3.93103e+00       1.841e+11  6.271018e-01  1.584747e-01 -6.509505e-01  3.728982e-01
-1.03448e+00  3.93103e+00       2.491e+11  3.991599e-01  1.808312e-01 -7.451692e-01  6.008401e-01
-6.20690e-01  3.93103e+00       3.033e+11  7.980472e-02  2.368909e-01 -6.876101e-01  9.201953e-01
-2.06897e-01  3.93103e+00       3.216e+11 -2.216151e-01  2.828844e-01 -3.819859e-01  7.783849e-01
 2.06897e-01  3.93103e+00       3.102e+11 -2.896694e-01  2.683364e-01  1.302201e-01  7.103306e-01
 6.20690e-01  3.93103e+00       2.944e+11  5.240886e-03  1.968117e-01  5.352314e-01  9.947591e-01
 1.03448e+00  3.93103e+00       2.854e+11  4.436274e-01  1.394367e-01  6.077965e-01  5.563726e-01
 1.44828e+00  3.93103e+00       2.673e+11  7.276348e-01  1.199693e-01  5.006882e-01  2.723652e-01
 1.86207e+00  3.93103e+00       2.278e+11  8.437570e-01  1.109128e-01  3.410164e-01  1.562430e-01
 2.27586e+00  3.93103e+00       2.090e+11  8.911884e-01  7.685119e-02  8.165560e-02  1.088116e-01
 2.68966e+00  3.93103e+00       2.320e+11  8.983246e-01  8.200512e-03 -1.374798e-01  1.016754e-01
 3.10345e+00  3.93103e+00       2.636e+11  8.927838e-01 -3.796707e-02 -2.051403e-01  1.072162e-01
 3.51724e+00  3.93103e+00       3.380e+11  9.127048e-01 -5.154152e-02 -2.198390e-01  8.729522e-02
 3.93103e+00  3.93103e+00       4.804e+11  9.234820e-01 -4.954643e-02 -2.705173e-01  7.651796e-02
 4.34483e+00  3.93103e+00       5.613e+11  8.858010e-01 -4.658170e-02 -3.494587e-01  1.141990e-01
 4.75862e+00  3.93103e+00       5.057e+11  7.706399e-01 -4.970312e-02 -4.793123e-01  2.293601e-01
 5.17241e+00  3.93103e+00       4.093e+11  5.750866e-01 -4.100828e-02 -6.634888e-01  4.249134e-01
 5.58621e+00  3.93103e+00       3.701e+11  3.522133e-01 -3.238653e-03 -8.108310e-01  6.477867e-01
 6.00000e+00  3.93103e+00       4.695e+11  8.446642e-02  4.170193e-03 -8.843464e-01  9.155336e-01
-6.00000e+00  4.34483e+00       8.095e+11  6.947660e-02  3.045668e-02  9.233337e-01  9.305234e-01
-5.58621e+00  4.34483e+00       5.390e+11  2.021904e-01  8.154546e-02  8.875924e-01  7.978096e-01
-5.17241e+00  4.34483e+00       4.053e+11  3.644762e-01  6.592199e-02  7.966266e-01  6.355238e-01
-4.75862e+00  4.34483e+00       4.436e+11  5.942059e-01 -1.367073e-02  6.004019e-01  4.057941e-01
-4.34483e+00  4.34483e+00       5.297e+11  7.793322e-01 -4.885018e-02  3.922110e-01  2.206678e-01
-3.93103e+00  4.34483e+00       5.261e+11  8.904736e-01 -5.612467e-02  2.268271e-01  1.095264e-01
-3.51724e+00  4.34483e+00       4.434e+11  9.411392e-01 -5.706339e-02  1.272646e-01  5.886084e-02
-3.10345e+00  4.34483e+00       3.559e+11  9.362676e-01 -3.864638e-02  1.192254e-01  6.373243e-02
-2.68966e+00  4.34483e+00       2.774e+11  8.830722e-01 -3.137302e-02  1.634435e-01  1.169278e-01
-2.27586e+00  4.34483e+00       1.909e+11  7.884485e-01 -7.279944e-02  1.789446e-01  2.115515e-01
-1.86207e+00  4.34483e+00       1.117e+11  6.328385e-01 -3.656294e-02  1.012963e-01  3.671615e-01
-1.44828e+00  4.34483e+00       6.668e+10  4.306486e-01  2.595008e-01 -1.141378e-01  5.693514e-01
-1.03448e+00  4.34483e+00       5.182e+10  3.152295e-01  5.192264e-01 -3.533521e-01  6.847705e-01
-6.20690e-01  4.34483e+00       4.873e+10  2.207041e-01  4.785627e-01 -4.759399e-01  7.792959e-01
-2.06897e-01  4.34483e+00       4.730e+10  5.407801e-02  3.573087e-01 -4.446575e-01  9.459220e-01
 2.06897e-01  4.34483e+00       4.935e+10  3.293097e-02  3.268906e-01 -2.036393e-01  9.670690e-01
 6.20690e-01  4.34483e+00       6.295e+10  3.206532e-01  3.750219e-01  1.204747e-01  6.793468e-01
 1.03448e+00  4.34483e+00       9.193e+10  6.287729e-01  3.407701e-01  2.808077e-01  3.712271e-01
 1.44828e+00  4.34483e+00       1.367e+11  8.069002e-01  1.901118e-01  2.250286e-01  1.930998e-01
 1.86207e+00  4.34483e+00       1.943e+11  8.813342e-01  3.130816e-02  7.890291e-02  1.186658e-01
 2.27586e+00  4.34483e+00       2.345e+11  8.850922e-01 -4.003091e-02 -7.823094e-03  1.149078e-01
 2.68966e+00  4.34483e+00       2.588e+11  8.831647e-01 -4.016660e-02 -1.128192e-02  1.168353e-01
 3.10345e+00  4.34483e+00       3.562e+11  9.288980e-01 -3.830111e-02 -2.864990e-02  7.110200e-02
 3.51724e+00  4.34483e+00       5.276e+11  9.575951e-01 -4.226883e-02 -1.018917e-01  4.240494e-02
 3.93103e+00  4.34483e+00       6.145e+11  9.367237e-01 -4.417242e-02 -1.972003e-01  6.327627e-02
 4.34483e+00  4.34483e+00       5.539e+11  8.474046e-01 -5.244361e-02 -3.457606e-01  1.525954e-01
 4.75862e+00  4.34483e+00       4.529e+11  6.841652e-01 -5.121784e-02 -5.598617e-01  3.158348e-01
 5.17241e+00  4.34483e+00       4.016e+11  5.076896e-01 -1.438508e-02 -7.401841e-01  4.923104e-01
 5.58621e+00  4.34483e+00       4.651e+11  2.916833e-01  7.243898e-03 -8.479662e-01  7.083167e-01
 6.00000e+00  4.34483e+00       7.326e+11  6.121193e-02 -1.294808e-02 -9.205590e-01  9.387881e-01
-6.00000e+00  4.75862e+00       1.171e+12  1.302188e-01  1.386771e-03  9.382015e-01  8.697812e-01
-5.58621e+00  4.75862e+00       8.516e+11  2.549881e-01  4.390101e-02  8.952315e-01  7.450119e-01
-5.17241e+00  4.75862e+00       5.578e+11  3.679480e-01  9.277716e-02  8.432758e-01  6.320520e-01
-4.75862e+00  4.75862e+00       4.169e+11  4.957209e-01  6.432260e-02  7.360343e-01  5.042791e-01
-4.34483e+00  4.75862e+00       4.585e+11  6.823887e-01 -1.884111e-02  5.099323e-01  3.176113e-01
-3.93103e+00  4.75862e+00       5.517e+11  8.316740e-01 -5.234225e-02  2.610259e-01  1.683260e-01
-3.51724e+00  4.75862e+00       5.599e+11  9.146537e-01 -5.679346e-02  5.319686e-02  8.534632e-02
-3.10345e+00  4.75862e+00       4.841e+11  9.461390e-01 -6.039235e-02 -9.627187e-02  5.386104e-02
-2.68966e+00  4.75862e+00       3.966e+11  9.456485e-01 -4.266524e-02 -1.586938e-01  5.435154e-02
-2.27586e+00  4.75862e+00       3.289e+11  9.210889e-01  1.766182e-02 -1.332097e-01  7.891114e-02
-1.86207e+00  4.75862e+00       2.754e+11  8.634066e-01  2.998922e-02 -6.104195e-02  1.365934e-01
-1.44828e+00  4.75862e+00       2.121e+11  7.462906e-01 -9.484075e-02  1.844218e-02  2.537094e-01
-1.03448e+00  4.75862e+00       1.445e+11  5.632989e-01 -3.072712e-01  9.419854e-02  4.367011e-01
-6.20690e-01  4.75862e+00       1.011e+11  4.489097e-01 -4.346667e-01  2.275393e-01  5.510903e-01
-2.06897e-01  4.75862e+00       8.959e+10  5.331958e-01 -3.719736e-01  4.230237e-01  4.668042e-01
 2.06897e-01  4.75862e+00       1.081e+11  6.617731e-01 -2.776597e-01  5.059841e-01  3.382269e-01
 6.20690e-01  4.75862e+00       1.521e+11  7.257821e-01 -2.446155e-01  4.505739e-01  2.742179e-01
 1.03448e+00  4.75862e+00       1.952e+11  7.438459e-01 -2.135903e-01  3.328502e-01  2.561541e-01
 1.44828e+00  4.75862e+00       2.027e+11  7.153297e-01 -1.266521e-01  2.176840e-01  2.846703e-01
 1.86207e+00  4.75862e+00       1.953e+11  6.861416e-01  1.560366e-03  2.073826e-01  3.138584e-01
 2.27586e+00  4.75862e+00       2.520e+11  7.848813e-01  1.902008e-02  2.679095e-01  2.151187e-01
 2.68966e+00  4.75862e+00       4.151e+11  9.063460e-01 -2.541290e-02  2.184205e-01  9.365401e-02
 3.10345e+00  4.75862e+00       5.901e+11  9.570493e-01 -3.900557e-02  1.172399e-01  4.295070e-02
 3.51724e+00  4.75862e+00       6.344e+11  9.542066e-01 -4.583417e-02 -5.961176e-03  4.579337e-02
 3.93103e+00  4.75862e+00       5.524e+11  8.882502e-01 -6.068402e-02 -1.934584e-01  1.117498e-01
 4.34483e+00  4.75862e+00       4.578e+11  7.595921e-01 -6.149186e-02 -4.486655e-01  2.404079e-01
 4.75862e+00  4.75862e+00       4.152e+11  6.302963e-01 -1.887661e-02 -6.495217e-01  3.697037e-01
 5.17241e+00  4.75862e+00       4.638e+11  4.730726e-01  1.216300e-02 -7.719519e-01  5.269274e-01
 5.58621e+00  4.75862e+00       7.113e+11  2.560412e-01 -9.001882e-03 -8.832074e-01  7.439588e-01
 6.00000e+00  4.75862e+00       1.142e+12  1.025417e-01 -1.923069e-02 -9.478206e-01  8.974583e-01
-6.00000e+00  5.17241e+00       1.502e+12  2.040892e-01 -1.179617e-02  9.434086e-01  7.959108e-01
-5.58621e+00  5.17241e+00       1.255e+12  3.153749e-01  6.471451e-03  8.936519e-01  6.846251e-01
-5.17241e+00  5.17241e+00       9.140e+11  4.352494e-01  5.274441e-02  8.279385e-01  5.647506e-01
-4.75862e+00  5.17241e+00       5.904e+11  5.263439e-01  1.033009e-01  7.642743e-01  4.736561e-01
-4.34483e+00  5.17241e+00       4.115e+11  6.066317e-01  7.931748e-02  6.677806e-01  3.933683e-01
-3.93103e+00  5.17241e+00       4.251e+11  7.359427e-01 -1.203482e-02  4.400808e-01  2.640573e-01
-3.51724e+00  5.17241e+00       5.177e+11  8.411387e-01 -5.711461e-02  1.424355e-01  1.588613e-01
-3.10345e+00  5.17241e+00       5.564e+11  8.835547e-01 -6.118190e-02 -1.280295e-01  1.164453e-01
-2.68966e+00  5.17241e+00       5.059e+11  8.648445e-01 -6.045310e-02 -3.458970e-01  1.351555e-01
-2.27586e+00  5.17241e+00       4.243e+11  8.062896e-01 -7.292405e-02 -5.090048e-01  1.937104e-01
-1.86207e+00  5.17241e+00       3.514e+11  7.489537e-01 -5.874878e-02 -5.950344e-01  2.510463e-01
-1.44828e+00  5.17241e+00       2.821e+11  7.081814e-01 -2.945777e-03 -5.916461e-01  2.918186e-01
-1.03448e+00  5.17241e+00       2.070e+11  6.236796e-01  1.081923e-01 -4.932536e-01  3.763204e-01
-6.20690e-01  5.17241e+00       1.552e+11  4.085454e-01  3.633244e-01 -3.240045e-01  5.914546e-01
-2.06897e-01  5.17241e+00       1.419e+11  2.017870e-01  6.099289e-01 -1.758712e-01  7.982130e-01
 2.06897e-01  5.17241e+00       1.360e+11  1.415163e-01  6.441392e-01 -2.852139e-02  8.584837e-01
 6.20690e-01  5.17241e+00       1.239e+11  1.445881e-01  4.713619e-01  1.824219e-01  8.554119e-01
 1.03448e+00  5.17241e+00       1.336e+11  1.737033e-01  1.831652e-01  4.585351e-01  8.262967e-01
 1.44828e+00  5.17241e+00       2.069e+11  3.743453e-01  2.569739e-02  6.308510e-01  6.256547e-01
 1.86207e+00  5.17241e+00       3.552e+11  6.285563e-01 -2.345251e-02  6.154243e-01  3.714437e-01
 2.27586e+00  5.17241e+00       5.176e+11  7.909691e-01 -4.008053e-02  5.139855e-01  2.090309e-01
 2.68966e+00  5.17241e+00       5.994e+11  8.795712e-01 -4.482877e-02  3.777448e-01  1.204288e-01
 3.10345e+00  5.17241e+00       5.699e+11  9.119991e-01 -5.928194e-02  2.036114e-01  8.800086e-02
 3.51724e+00  5.17241e+00       4.832e+11  8.801065e-01 -8.226444e-02 -5.138951e-02  1.198935e-01
 3.93103e+00  5.17241e+00       4.199e+11  8.013513e-01 -7.268152e-02 -3.505819e-01  1.986487e-01
 4.34483e+00  5.17241e+00       4.074e+11  7.300009e-01 -1.280438e-02 -5.426831e-01  2.699991e-01
 4.75862e+00  5.17241e+00       4.622e+11  6.248530e-01  1.942705e-02 -6.611759e-01  3.751470e-01
 5.17241e+00  5.17241e+00       7.016e+11  4.358251e-01 -7.195333e-03 -8.081683e-01  5.641749e-01
 5.58621e+00  5.17241e+00       1.170e+12  2.841785e-01 -2.041674e-02 -9.088460e-01  7.158215e-01
 6.00000e+00  5.17241e+00       1.582e+12  1.865479e-01 -1.052274e-02 -9.548052e-01  8.134521e-01
-6.00000e+00  5.58621e+00       1.706e+12  2.868927e-01 -1.189995e-02  9.362758e-01  7.131073e-01
-5.58621e+00  5.58621e+00       1.600e+12  3.819893e-01 -1.062808e-02  8.866876e-01  6.180107e-01
-5.17241e+00  5.58621e+00       1.346e+12  4.919077e-01  8.445099e-03  8.116404e-01  5.080923e-01
-4.75862e+00  5.58621e+00       1.009e+12  6.026606e-01  5.387926e-02  7.195577e-01  3.973394e-01
-4.34483e+00  5.58621e+00       6.556e+11  6.779564e-01  1.108647e-01  6.397293e-01  3.220436e-01
-3.93103e+00  5.58621e+00       4.075e+11  7.147483e-01  1.147157e-01  5.709735e-01  2.852517e-01
-3.51724e+00  5.58621e+00       3.522e+11  7.777216e-01  2.207703e-02  4.126057e-01  2.222784e-01
-3.10345e+00  5.58621e+00       4.082e+11  8.222464e-01 -5.450551e-02  1.188912e-01  1.777536e-01
-2.68966e+00  5.58621e+00       4.680e+11  7.931102e-01 -8.332866e-02 -2.351875e-01  2.068898e-01
-2.27586e+00  5.58621e+00       4.719e+11  6.982887e-01 -7.197186e-02 -5.274842e-01  3.017113e-01
-1.86207e+00  5.58621e+00       4.036e+11  5.200726e-01 -4.893065e-02 -7.282778e-01  4.799274e-01
-1.44828e+00  5.58621e+00       3.384e+11  2.124084e-01 -7.189595e-02 -8.642768e-01  7.875916e-01
-1.03448e+00  5.58621e+00       3.267e+11 -1.199515e-01 -1.427045e-01 -8.787043e-01  8.800485e-01
-6.20690e-01  5.58621e+00       3.204e+11 -3.912435e-01 -2.025672e-01 -7.333293e-01  6.087565e-01
-2.06897e-01  5.58621e+00       2.986e+11 -6.178776e-01 -2.358100e-01 -3.828530e-01  3.821224e-01
 2.06897e-01  5.58621e+00       2.974e+11 -6.860160e-01 -2.284938e-01  1.385197e-01  3.139840e-01
 6.20690e-01  5.58621e+00       3.272e+11 -5.094685e-01 -1.824278e-01  5.778523e-01  4.905315e-01
 1.03448e+00  5.58621e+00       3.640e+11 -1.633168e-01 -1.192927e-01  8.001166e-01  8.366832e-01
 1.44828e+00  5.58621e+00       4.059e+11  2.409423e-01 -6.447999e-02  8.301585e-01  7.590577e-01
 1.86207e+00  5.58621e+00       4.531e+11  5.466337e-01 -4.896186e-02  7.422576e-01  4.533663e-01
 2.27586e+00  5.58621e+00       4.620e+11  7.092403e-01 -7.104359e-02  5.976340e-01  2.907597e-01
 2.68966e+00  5.58621e+00       4.126e+11  7.902520e-01 -1.098717e-01  3.591585e-01  2.097480e-01
 3.10345e+00  5.58621e+00       3.623e+11  8.244236e-01 -1.256758e-01  8.426779e-03  1.755764e-01
 3.51724e+00  5.58621e+00       3.586e+11  8.267656e-01 -6.617270e-02 -2.776068e-01  1.732344e-01
 3.93103e+00  5.58621e+00       3.881e+11  8.170772e-01  1.510090e-02 -4.009610e-01  1.829228e-01
 4.34483e+00  5.58621e+00       4.600e+11  7.476474e-01  2.754427e-02 -5.129137e-01  2.523526e-01
 4.75862e+00  5.58621e+00       7.119e+11  5.914687e-01 -1.035968e-02 -7.012056e-01  4.085313e-01
 5.17241e+00  5.58621e+00       1.210e+12  4.573125e-01 -2.094510e-02 -8.358431e-01  5.426875e-01
 5.58621e+00  5.58621e+00       1.690e+12  3.647125e-01 -8.940900e-03 -9.033252e-01  6.352875e-01
 6.00000e+00  5.58621e+00       1.837e+12  2.865895e-01  4.694941e-03 -9.409209e-01  7.134105e-01
-6.00000e+00  6.00000e+00       1.796e+12  3.894355e-01 -5.962140e-03  9.098689e-01  6.105645e-01
-5.58621e+00  6.00000e+00       1.806e+12  4.565375e-01 -1.125385e-02  8.697183e-01  5.434625e-01
-5.17241e+00  6.00000e+00       1.661e+12  5.480228e-01 -1.032246e-02  7.977230e-01  4.519772e-01
-4.75862e+00  6.00000e+00       1.427e+12  6.487122e-01  5.680616e-03  6.945745e-01  3.512878e-01
-4.34483e+00  6.00000e+00       1.130e+12  7.468522e-01  4.576182e-02  5.688504e-01  2.531478e-01
-3.93103e+00  6.00000e+00       7.842e+11  8.145556e-01  1.063723e-01  4.559777e-01  1.854444e-01
-3.51724e+00  6.00000e+00       4.600e+11  8.270212e-01  1.537482e-01  3.897483e-01  1.729788e-01
-3.10345e+00  6.00000e+00       2.935e+11  8.289340e-01  1.086413e-01  3.259874e-01  1.710660e-01
-2.68966e+00  6.00000e+00       2.814e+11  8.651563e-01  4.546244e-03  1.802873e-01  1.348437e-01
-2.27586e+00  6.00000e+00       3.011e+11  8.226528e-01 -7.967497e-02 -4.634408e-02  1.773472e-01
-1.86207e+00  6.00000e+00       3.008e+11  6.171195e-01 -1.429908e-01 -3.567556e-01  3.828805e-01
-1.44828e+00  6.00000e+00       2.990e+11  2.105778e-01 -1.747747e-01 -6.399055e-01  7.894222e-01
-1.03448e+00  6.00000e+00       3.122e+11 -2.406179e-01 -1.869786e-01 -7.361063e-01  7.593821e-01
-6.20690e-01  6.00000e+00       3.198e+11 -5.603631e-01 -1.602000e-01 -5.975898e-01  4.396369e-01
-2.06897e-01  6.00000e+00       3.097e+11 -7.430555e-01 -1.108833e-01 -2.400430e-01  2.569445e-01
 2.06897e-01  6.00000e+00       3.092e+11 -7.278267e-01 -9.729299e-02  2.501400e-01  2.721733e-01
 6.20690e-01  6.00000e+00       3.245e+11 -5.173532e-01 -1.280279e-01  6.394491e-01  4.826468e-01
 1.03448e+00  6.00000e+00       3.148e+11 -2.449584e-01 -1.623175e-01  8.158832e-01  7.550416e-01
 1.44828e+00  6.00000e+00       2.664e+11  6.125811e-02 -2.033689e-01  7.822146e-01  9.387419e-01
 1.86207e+00  6.00000e+00       2.308e+11  4.188787e-01 -2.566293e-01  5.204484e-01  5.811213e-01
 2.27586e+00  6.00000e+00       2.333e+11  6.776863e-01 -2.354334e-01  1.829983e-01  3.223137e-01
 2.68966e+00  6.00000e+00       2.655e+11  8.010244e-01 -1.108615e-01 -5.220254e-02  1.989756e-01
 3.10345e+00  6.00000e+00       3.226e+11  8.649741e-01  1.452926e-02 -1.396557e-01  1.350259e-01
 3.51724e+00  6.00000e+00       3.713e+11  8.822984e-01  5.842271e-02 -1.785132e-01  1.177016e-01
 3.93103e+00  6.00000e+00       4.612e+11  8.295648e-01  2.139016e-02 -3.322717e-01  1.704352e-01
 4.34483e+00  6.00000e+00       7.583e+11  7.171188e-01 -2.003021e-02 -5.745119e-01  2.828812e-01
 4.75862e+00  6.00000e+00       1.289e+12  6.167286e-01 -1.995693e-02 -7.312505e-01  3.832714e-01
 5.17241e+00  6.00000e+00       1.791e+12  5.369142e-01 -3.780507e-03 -8.166610e-01  4.630858e-01
 5.58621e+00  6.00000e+00       1.982e+12  4.640204e-01  9.203811e-03 -8.706084e-01  5.359796e-01
 6.00000e+00  6.00000e+00       1.829e+12  3.933803e-01  1.049772e-02 -9.078781e-01  6.066197e-01
