 EB(GeV)    EMITTANCEx EMITTANCEy SIZEx(m)   SIZEy(m)   DIVx(rad)  DIVy(rad)
 1.500e+00  5.941e-09  5.941e-11  1.840e-04  1.299e-05  3.228e-05  4.574e-06
 betax      alphax     betay      alphay     eta        deta       E_spread  
 5.700e+00  0.000e+00  2.840e+00  0.000e+00  0.000e+00  0.000e+00  1.000e-03
 Ibeam(A) 
  2.000e-01


           x            y       F.Density            PL            PC          PL45        1-|PL|
          mm           mm  ph/s/mm^2/0.1%             -             -             -             -
-6.00000e+00 -6.00000e+00       1.805e+12  4.855708e-01  4.372157e-03 -8.542328e-01  5.144292e-01
-5.58621e+00 -6.00000e+00       2.161e+12  5.271087e-01  1.471121e-03 -8.293125e-01  4.728913e-01
-5.17241e+00 -6.00000e+00       2.069e+12  5.778582e-01 -1.925586e-03 -7.842779e-01  4.221418e-01
-4.75862e+00 -6.00000e+00       1.730e+12  6.548405e-01 -7.782029e-03 -6.959085e-01  3.451595e-01
-4.34483e+00 -6.00000e+00       1.422e+12  7.511157e-01 -1.360323e-02 -5.578221e-01  2.488843e-01
-3.93103e+00 -6.00000e+00       1.166e+12  8.377471e-01 -2.836160e-02 -4.048663e-01  1.622529e-01
-3.51724e+00 -6.00000e+00       8.416e+11  8.854223e-01 -6.695849e-02 -2.851714e-01  1.145777e-01
-3.10345e+00 -6.00000e+00       4.973e+11  8.781017e-01 -1.221591e-01 -2.173294e-01  1.218983e-01
-2.68966e+00 -6.00000e+00       3.016e+11  8.344958e-01 -1.299996e-01 -1.484271e-01  1.655042e-01
-2.27586e+00 -6.00000e+00       2.676e+11  8.319424e-01 -6.245205e-02 -9.489498e-03  1.680576e-01
-1.86207e+00 -6.00000e+00       2.635e+11  7.981668e-01  5.617204e-03  1.076525e-01  2.018332e-01
-1.44828e+00 -6.00000e+00       2.254e+11  6.518003e-01  1.197328e-01  2.703314e-01  3.481997e-01
-1.03448e+00 -6.00000e+00       1.862e+11  4.487695e-01  2.260181e-01  4.946625e-01  5.512305e-01
-6.20690e-01 -6.00000e+00       1.509e+11  2.722528e-01  2.087610e-01  5.896540e-01  7.277472e-01
-2.06897e-01 -6.00000e+00       1.171e+11  8.242955e-02  1.274112e-01  4.670177e-01  9.175704e-01
 2.06897e-01 -6.00000e+00       1.036e+11 -6.223346e-02  1.416537e-01  1.457699e-01  9.377665e-01
 6.20690e-01 -6.00000e+00       1.245e+11  1.400148e-02  2.655551e-01 -2.261018e-01  9.859985e-01
 1.03448e+00 -6.00000e+00       1.754e+11  2.578531e-01  2.966416e-01 -4.198137e-01  7.421469e-01
 1.44828e+00 -6.00000e+00       2.216e+11  4.858711e-01  2.314520e-01 -3.887947e-01  5.141289e-01
 1.86207e+00 -6.00000e+00       2.417e+11  6.390930e-01  1.321700e-01 -2.293637e-01  3.609070e-01
 2.27586e+00 -6.00000e+00       2.757e+11  7.563007e-01  1.690537e-02 -8.347062e-02  2.436993e-01
 2.68966e+00 -6.00000e+00       3.359e+11  8.443113e-01 -4.170298e-02 -2.237348e-02  1.556887e-01
 3.10345e+00 -6.00000e+00       3.914e+11  8.834751e-01 -1.753916e-02  3.179467e-02  1.165249e-01
 3.51724e+00 -6.00000e+00       4.987e+11  8.725533e-01  2.776890e-02  1.868367e-01  1.274467e-01
 3.93103e+00 -6.00000e+00       8.043e+11  8.107911e-01  3.147239e-02  4.192091e-01  1.892089e-01
 4.34483e+00 -6.00000e+00       1.350e+12  7.341390e-01  1.313401e-02  5.933719e-01  2.658610e-01
 4.75862e+00 -6.00000e+00       1.885e+12  6.607110e-01 -3.682379e-04  7.028463e-01  3.392890e-01
 5.17241e+00 -6.00000e+00       2.128e+12  5.834866e-01 -5.848246e-03  7.819990e-01  4.165134e-01
 5.58621e+00 -6.00000e+00       2.088e+12  5.076350e-01 -5.813859e-03  8.401436e-01  4.923650e-01
 6.00000e+00 -6.00000e+00       1.870e+12  4.481224e-01 -7.158405e-03  8.751259e-01  5.518776e-01
-6.00000e+00 -5.58621e+00       1.846e+12  3.464343e-01 -4.970126e-03 -9.227367e-01  6.535657e-01
-5.58621e+00 -5.58621e+00       1.892e+12  4.136649e-01 -2.678819e-03 -8.844445e-01  5.863351e-01
-5.17241e+00 -5.58621e+00       1.669e+12  5.056369e-01 -3.909742e-03 -8.137326e-01  4.943631e-01
-4.75862e+00 -5.58621e+00       1.368e+12  6.184313e-01 -1.230520e-02 -7.061329e-01  3.815687e-01
-4.34483e+00 -5.58621e+00       1.052e+12  7.217646e-01 -4.022332e-02 -5.922644e-01  2.782354e-01
-3.93103e+00 -5.58621e+00       6.932e+11  7.769766e-01 -8.671124e-02 -5.075622e-01  2.230234e-01
-3.51724e+00 -5.58621e+00       4.238e+11  7.921256e-01 -1.075628e-01 -4.299813e-01  2.078744e-01
-3.10345e+00 -5.58621e+00       3.386e+11  8.200896e-01 -4.891650e-02 -2.952395e-01  1.799104e-01
-2.68966e+00 -5.58621e+00       3.375e+11  8.146455e-01  2.546578e-02 -6.945715e-02  1.853545e-01
-2.27586e+00 -5.58621e+00       3.520e+11  6.866493e-01  8.960520e-02  2.993926e-01  3.133507e-01
-1.86207e+00 -5.58621e+00       3.913e+11  4.523024e-01  1.241610e-01  6.627742e-01  5.476976e-01
-1.44828e+00 -5.58621e+00       4.118e+11  1.903618e-01  1.094512e-01  8.342570e-01  8.096382e-01
-1.03448e+00 -5.58621e+00       3.706e+11 -1.289416e-01  6.462161e-02  8.195483e-01  8.710584e-01
-6.20690e-01 -5.58621e+00       3.101e+11 -4.995273e-01  2.832706e-02  5.973954e-01  5.004727e-01
-2.06897e-01 -5.58621e+00       2.817e+11 -7.345384e-01  1.894260e-02  1.500680e-01  2.654616e-01
 2.06897e-01 -5.58621e+00       2.947e+11 -6.756703e-01  2.542281e-02 -3.640191e-01  3.243297e-01
 6.20690e-01 -5.58621e+00       3.329e+11 -4.010503e-01  4.267809e-02 -7.254420e-01  5.989497e-01
 1.03448e+00 -5.58621e+00       3.751e+11 -6.083026e-02  6.786567e-02 -8.775374e-01  9.391697e-01
 1.44828e+00 -5.58621e+00       4.035e+11  2.447625e-01  8.459723e-02 -8.654189e-01  7.552375e-01
 1.86207e+00 -5.58621e+00       3.955e+11  4.877086e-01  8.465555e-02 -7.168644e-01  5.122914e-01
 2.27586e+00 -5.58621e+00       3.686e+11  6.913558e-01  8.963449e-02 -4.208160e-01  3.086442e-01
 2.68966e+00 -5.58621e+00       3.607e+11  8.146233e-01  8.922498e-02 -8.869047e-02  1.853767e-01
 3.10345e+00 -5.58621e+00       3.737e+11  8.503601e-01  4.273227e-02  1.420154e-01  1.496399e-01
 3.51724e+00 -5.58621e+00       4.104e+11  8.549019e-01 -5.489029e-03  2.679965e-01  1.450981e-01
 3.93103e+00 -5.58621e+00       4.922e+11  8.185220e-01  1.286129e-03  3.858047e-01  1.814780e-01
 4.34483e+00 -5.58621e+00       7.366e+11  7.116558e-01  2.114006e-02  5.735605e-01  2.883442e-01
 4.75862e+00 -5.58621e+00       1.238e+12  5.963561e-01  1.600018e-02  7.309834e-01  4.036439e-01
 5.17241e+00 -5.58621e+00       1.774e+12  5.033182e-01  3.228293e-03  8.236551e-01  4.966818e-01
 5.58621e+00 -5.58621e+00       2.032e+12  4.189367e-01 -4.298619e-03  8.837886e-01  5.810633e-01
 6.00000e+00 -5.58621e+00       2.014e+12  3.451454e-01 -2.744168e-03  9.232881e-01  6.548546e-01
-6.00000e+00 -5.17241e+00       1.823e+12  2.524698e-01  8.360779e-04 -9.434645e-01  7.475302e-01
-5.58621e+00 -5.17241e+00       1.604e+12  3.421524e-01 -2.422293e-03 -8.959561e-01  6.578476e-01
-5.17241e+00 -5.17241e+00       1.288e+12  4.615190e-01 -1.307540e-02 -8.190383e-01  5.384810e-01
-4.75862e+00 -5.17241e+00       9.499e+11  5.740971e-01 -4.546908e-02 -7.352408e-01  4.259029e-01
-4.34483e+00 -5.17241e+00       6.159e+11  6.434024e-01 -8.808137e-02 -6.632652e-01  3.565976e-01
-3.93103e+00 -5.17241e+00       4.218e+11  6.983821e-01 -7.693799e-02 -5.580925e-01  3.016179e-01
-3.51724e+00 -5.17241e+00       4.058e+11  7.786477e-01 -8.198461e-04 -3.263616e-01  2.213523e-01
-3.10345e+00 -5.17241e+00       4.770e+11  8.305487e-01  5.626039e-02  1.883256e-02  1.694513e-01
-2.68966e+00 -5.17241e+00       5.457e+11  8.207677e-01  7.331699e-02  3.283403e-01  1.792323e-01
-2.27586e+00 -5.17241e+00       5.277e+11  7.423876e-01  7.693051e-02  5.435782e-01  2.576124e-01
-1.86207e+00 -5.17241e+00       4.444e+11  5.849078e-01  1.094929e-01  7.145716e-01  4.150922e-01
-1.44828e+00 -5.17241e+00       3.515e+11  3.841632e-01  1.532838e-01  8.315706e-01  6.158368e-01
-1.03448e+00 -5.17241e+00       2.479e+11  1.552477e-01  1.407712e-01  8.704763e-01  8.447523e-01
-6.20690e-01 -5.17241e+00       1.709e+11 -1.608812e-01  4.521537e-02  7.992653e-01  8.391188e-01
-2.06897e-01 -5.17241e+00       1.440e+11 -4.518789e-01 -5.359760e-02  5.550139e-01  5.481211e-01
 2.06897e-01 -5.17241e+00       1.447e+11 -4.880127e-01 -8.123685e-02  8.955410e-02  5.119873e-01
 6.20690e-01 -5.17241e+00       1.844e+11 -1.646391e-01 -2.940201e-02 -5.082327e-01  8.353609e-01
 1.03448e+00 -5.17241e+00       2.933e+11  2.024384e-01  4.471506e-02 -8.089402e-01  7.975616e-01
 1.44828e+00 -5.17241e+00       4.345e+11  4.299160e-01  7.091417e-02 -8.238845e-01  5.700840e-01
 1.86207e+00 -5.17241e+00       5.407e+11  6.095402e-01  6.117873e-02 -7.232021e-01  3.904598e-01
 2.27586e+00 -5.17241e+00       5.856e+11  7.536816e-01  4.951396e-02 -5.734361e-01  2.463184e-01
 2.68966e+00 -5.17241e+00       5.609e+11  8.407846e-01  4.956487e-02 -3.729673e-01  1.592154e-01
 3.10345e+00 -5.17241e+00       4.994e+11  8.694845e-01  5.689728e-02 -8.651788e-02  1.305155e-01
 3.51724e+00 -5.17241e+00       4.516e+11  8.449438e-01  5.284522e-02  2.167367e-01  1.550562e-01
 3.93103e+00 -5.17241e+00       4.394e+11  7.966194e-01  1.877592e-02  4.203332e-01  2.033806e-01
 4.34483e+00 -5.17241e+00       4.917e+11  7.229736e-01 -6.754063e-04  5.526477e-01  2.770264e-01
 4.75862e+00 -5.17241e+00       7.091e+11  5.808663e-01  1.241540e-02  7.079484e-01  4.191337e-01
 5.17241e+00 -5.17241e+00       1.178e+12  4.372857e-01  1.533870e-02  8.364306e-01  5.627143e-01
 5.58621e+00 -5.17241e+00       1.678e+12  3.340458e-01  7.382300e-03  9.065755e-01  6.659542e-01
 6.00000e+00 -5.17241e+00       1.861e+12  2.477952e-01 -3.518524e-04  9.462446e-01  7.522048e-01
-6.00000e+00 -4.75862e+00       1.501e+12  1.689450e-01 -2.573024e-04 -9.460933e-01  8.310550e-01
-5.58621e+00 -4.75862e+00       1.208e+12  2.869649e-01 -1.069378e-02 -8.953018e-01  7.130351e-01
-5.17241e+00 -4.75862e+00       8.772e+11  4.107102e-01 -4.357547e-02 -8.331135e-01  5.892898e-01
-4.75862e+00 -4.75862e+00       5.800e+11  5.027733e-01 -8.264091e-02 -7.678559e-01  4.972267e-01
-4.34483e+00 -4.75862e+00       4.355e+11  6.060224e-01 -5.773671e-02 -6.363584e-01  3.939776e-01
-3.93103e+00 -4.75862e+00       4.707e+11  7.569379e-01  1.677301e-02 -3.700537e-01  2.430621e-01
-3.51724e+00 -4.75862e+00       5.719e+11  8.706082e-01  5.580970e-02 -8.165103e-02  1.293918e-01
-3.10345e+00 -4.75862e+00       5.999e+11  9.131396e-01  7.056384e-02  1.386546e-01  8.686038e-02
-2.68966e+00 -4.75862e+00       5.214e+11  9.022543e-01  9.324674e-02  3.032486e-01  9.774574e-02
-2.27586e+00 -4.75862e+00       4.128e+11  8.674984e-01  1.108825e-01  4.122811e-01  1.325016e-01
-1.86207e+00 -4.75862e+00       3.270e+11  8.257730e-01  5.575748e-02  4.486895e-01  1.742270e-01
-1.44828e+00 -4.75862e+00       2.883e+11  7.794063e-01 -9.355728e-02  4.431183e-01  2.205937e-01
-1.03448e+00 -4.75862e+00       2.945e+11  7.647499e-01 -1.831108e-01  4.357128e-01  2.352501e-01
-6.20690e-01 -4.75862e+00       2.925e+11  7.830490e-01 -1.301202e-01  4.160098e-01  2.169510e-01
-2.06897e-01 -4.75862e+00       2.577e+11  7.778285e-01 -2.925169e-02  3.914389e-01  2.221715e-01
 2.06897e-01 -4.75862e+00       2.177e+11  6.751572e-01 -8.843185e-03  3.912210e-01  3.248428e-01
 6.20690e-01 -4.75862e+00       1.894e+11  4.760300e-01 -1.324839e-01  3.404295e-01  5.239700e-01
 1.03448e+00 -4.75862e+00       1.754e+11  3.546479e-01 -2.474288e-01  9.101982e-02  6.453521e-01
 1.44828e+00 -4.75862e+00       1.948e+11  4.731000e-01 -1.368281e-01 -2.870230e-01  5.269000e-01
 1.86207e+00 -4.75862e+00       2.927e+11  7.022968e-01  2.155385e-02 -4.551292e-01  2.977032e-01
 2.27586e+00 -4.75862e+00       4.765e+11  8.503269e-01  5.340312e-02 -4.034553e-01  1.496731e-01
 2.68966e+00 -4.75862e+00       6.437e+11  9.194332e-01  4.543756e-02 -3.019093e-01  8.056676e-02
 3.10345e+00 -4.75862e+00       6.799e+11  9.411016e-01  3.932955e-02 -1.713957e-01  5.889840e-02
 3.51724e+00 -4.75862e+00       6.040e+11  9.128140e-01  4.119228e-02  3.274590e-02  8.718595e-02
 3.93103e+00 -4.75862e+00       5.123e+11  8.291100e-01  4.353284e-02  3.051617e-01  1.708900e-01
 4.34483e+00 -4.75862e+00       4.601e+11  7.245509e-01  2.411580e-02  5.330828e-01  2.754491e-01
 4.75862e+00 -4.75862e+00       4.894e+11  6.025595e-01  1.695336e-03  6.800872e-01  3.974405e-01
 5.17241e+00 -4.75862e+00       7.021e+11  4.229381e-01  9.055443e-03  8.126596e-01  5.770619e-01
 5.58621e+00 -4.75862e+00       1.145e+12  2.652573e-01  1.389523e-02  9.071746e-01  7.347427e-01
 6.00000e+00 -4.75862e+00       1.563e+12  1.598341e-01  7.791430e-03  9.537078e-01  8.401659e-01
-6.00000e+00 -4.34483e+00       1.134e+12  1.064104e-01 -6.410565e-03 -9.347353e-01  8.935896e-01
-5.58621e+00 -4.34483e+00       8.280e+11  2.383719e-01 -3.624490e-02 -8.922615e-01  7.616281e-01
-5.17241e+00 -4.34483e+00       5.592e+11  3.558894e-01 -7.622311e-02 -8.376591e-01  6.441106e-01
-4.75862e+00 -4.34483e+00       4.355e+11  5.016028e-01 -5.412539e-02 -7.086710e-01  4.983972e-01
-4.34483e+00 -4.34483e+00       4.858e+11  7.055179e-01  1.742579e-02 -4.644165e-01  2.944821e-01
-3.93103e+00 -4.34483e+00       5.820e+11  8.568780e-01  5.420543e-02 -2.296193e-01  1.431220e-01
-3.51724e+00 -4.34483e+00       5.791e+11  9.324541e-01  7.303822e-02 -5.840605e-02  6.754587e-02
-3.10345e+00 -4.34483e+00       4.856e+11  9.587480e-01  8.748104e-02  4.835662e-02  4.125204e-02
-2.68966e+00 -4.34483e+00       3.960e+11  9.534943e-01  5.898514e-02  6.696032e-02  4.650567e-02
-2.27586e+00 -4.34483e+00       3.329e+11  9.165616e-01  1.466795e-03  1.113741e-02  8.343838e-02
-1.86207e+00 -4.34483e+00       2.528e+11  8.350906e-01  1.518858e-03 -5.862963e-02  1.649094e-01
-1.44828e+00 -4.34483e+00       1.583e+11  6.803808e-01  1.784450e-02 -1.203675e-01  3.196192e-01
-1.03448e+00 -4.34483e+00       1.032e+11  4.531498e-01 -2.053774e-01 -1.987761e-01  5.468502e-01
-6.20690e-01 -4.34483e+00       9.602e+10  2.951532e-01 -6.094287e-01 -2.727198e-01  7.048468e-01
-2.06897e-01 -4.34483e+00       1.086e+11  2.879750e-01 -7.628208e-01 -3.295176e-01  7.120250e-01
 2.06897e-01 -4.34483e+00       1.242e+11  4.152881e-01 -6.866724e-01 -3.760685e-01  5.847119e-01
 6.20690e-01 -4.34483e+00       1.443e+11  6.258510e-01 -4.654369e-01 -3.586566e-01  3.741490e-01
 1.03448e+00 -4.34483e+00       1.778e+11  8.003297e-01 -1.995612e-01 -2.695392e-01  1.996703e-01
 1.44828e+00 -4.34483e+00       2.148e+11  8.496089e-01 -4.120648e-02 -1.698223e-01  1.503911e-01
 1.86207e+00 -4.34483e+00       2.263e+11  8.144173e-01  4.222897e-04 -1.161281e-01  1.855827e-01
 2.27586e+00 -4.34483e+00       2.508e+11  8.185593e-01  1.518992e-02 -1.336814e-01  1.814407e-01
 2.68966e+00 -4.34483e+00       3.766e+11  9.095659e-01  4.442513e-02 -1.209175e-01  9.043412e-02
 3.10345e+00 -4.34483e+00       5.756e+11  9.637174e-01  4.799158e-02 -5.048602e-02  3.628256e-02
 3.51724e+00 -4.34483e+00       6.844e+11  9.642128e-01  3.958132e-02  4.209564e-02  3.578716e-02
 3.93103e+00 -4.34483e+00       6.339e+11  9.085742e-01  3.619769e-02  1.912600e-01  9.142576e-02
 4.34483e+00 -4.34483e+00       5.251e+11  7.854750e-01  3.651476e-02  4.180172e-01  2.145250e-01
 4.75862e+00 -4.34483e+00       4.527e+11  6.329763e-01  2.099952e-02  6.336599e-01  3.670237e-01
 5.17241e+00 -4.34483e+00       4.808e+11  4.570674e-01  1.703335e-03  7.773648e-01  5.429326e-01
 5.58621e+00 -4.34483e+00       7.093e+11  2.438366e-01  8.750884e-03  8.830720e-01  7.561634e-01
 6.00000e+00 -4.34483e+00       1.120e+12  8.720045e-02  1.298843e-02  9.436495e-01  9.127996e-01
-6.00000e+00 -3.93103e+00       7.914e+11  6.110144e-02 -2.533803e-02 -9.164249e-01  9.388986e-01
-5.58621e+00 -3.93103e+00       5.431e+11  2.002166e-01 -6.754357e-02 -8.791593e-01  7.997834e-01
-5.17241e+00 -3.93103e+00       4.159e+11  3.717101e-01 -6.141762e-02 -7.777263e-01  6.282899e-01
-4.75862e+00 -3.93103e+00       4.536e+11  6.141094e-01  8.690757e-03 -5.685717e-01  3.858906e-01
-4.34483e+00 -3.93103e+00       5.432e+11  8.015341e-01  5.088962e-02 -3.660527e-01  1.984659e-01
-3.93103e+00 -3.93103e+00       5.381e+11  9.033476e-01  7.145782e-02 -2.238304e-01  9.665241e-02
-3.51724e+00 -3.93103e+00       4.492e+11  9.426369e-01  7.987136e-02 -1.535818e-01  5.736307e-02
-3.10345e+00 -3.93103e+00       3.596e+11  9.269411e-01  5.480057e-02 -1.679132e-01  7.305890e-02
-2.68966e+00 -3.93103e+00       2.706e+11  8.661475e-01  2.212540e-02 -2.012790e-01  1.338525e-01
-2.27586e+00 -3.93103e+00       1.724e+11  7.679024e-01 -2.703827e-02 -1.438160e-01  2.320976e-01
-1.86207e+00 -3.93103e+00       1.030e+11  6.421901e-01 -2.083771e-01  8.857096e-02  3.578099e-01
-1.44828e+00 -3.93103e+00       7.571e+10  5.125556e-01 -4.303051e-01  3.645370e-01  4.874444e-01
-1.03448e+00 -3.93103e+00       6.952e+10  3.076101e-01 -4.795025e-01  4.297684e-01  6.923899e-01
-6.20690e-01 -3.93103e+00       6.885e+10  4.656456e-02 -4.288644e-01  1.671185e-01  9.534354e-01
-2.06897e-01 -3.93103e+00       7.509e+10 -3.409682e-02 -3.478375e-01 -3.433597e-01  9.659032e-01
 2.06897e-01 -3.93103e+00       8.927e+10  1.076186e-01 -2.873395e-01 -6.882585e-01  8.923814e-01
 6.20690e-01 -3.93103e+00       1.008e+11  2.877307e-01 -2.770065e-01 -7.435110e-01  7.122693e-01
 1.03448e+00 -3.93103e+00       1.096e+11  5.021191e-01 -3.044338e-01 -5.819394e-01  4.978809e-01
 1.44828e+00 -3.93103e+00       1.366e+11  7.429037e-01 -2.912312e-01 -3.055571e-01  2.570963e-01
 1.86207e+00 -3.93103e+00       1.889e+11  8.749731e-01 -1.919367e-01 -8.408903e-02  1.250269e-01
 2.27586e+00 -3.93103e+00       2.360e+11  8.995144e-01 -7.741822e-02  4.265822e-02  1.004856e-01
 2.68966e+00 -3.93103e+00       2.630e+11  8.919800e-01  4.974026e-03  8.090718e-02  1.080200e-01
 3.10345e+00 -3.93103e+00       3.420e+11  9.214760e-01  4.900717e-02  8.922685e-02  7.852398e-02
 3.51724e+00 -3.93103e+00       5.115e+11  9.527426e-01  5.274682e-02  1.384302e-01  4.725739e-02
 3.93103e+00 -3.93103e+00       6.329e+11  9.396724e-01  4.198282e-02  2.130274e-01  6.032759e-02
 4.34483e+00 -3.93103e+00       5.975e+11  8.633763e-01  3.535768e-02  3.376800e-01  1.366237e-01
 4.75862e+00 -3.93103e+00       4.889e+11  7.087863e-01  3.198736e-02  5.336818e-01  2.912137e-01
 5.17241e+00 -3.93103e+00       4.185e+11  5.140202e-01  1.459425e-02  7.238179e-01  4.859798e-01
 5.58621e+00 -3.93103e+00       4.709e+11  2.811513e-01  8.595510e-04  8.458504e-01  7.188487e-01
 6.00000e+00 -3.93103e+00       7.245e+11  5.332121e-02  1.025069e-02  9.165791e-01  9.466788e-01
-6.00000e+00 -3.51724e+00       5.330e+11  4.147273e-02 -6.034654e-02 -8.919735e-01  9.585273e-01
-5.58621e+00 -3.51724e+00       3.907e+11  2.219636e-01 -7.664045e-02 -8.308826e-01  7.780364e-01
-5.17241e+00 -3.51724e+00       3.953e+11  4.879942e-01 -1.199987e-02 -6.632721e-01  5.120058e-01
-4.75862e+00 -3.51724e+00       4.790e+11  7.175467e-01  4.280601e-02 -4.789548e-01  2.824533e-01
-4.34483e+00 -3.51724e+00       4.920e+11  8.479131e-01  6.703921e-02 -3.494523e-01  1.520869e-01
-3.93103e+00 -3.51724e+00       4.147e+11  9.007785e-01  7.773576e-02 -2.885643e-01  9.922154e-02
-3.51724e+00 -3.51724e+00       3.225e+11  8.843917e-01  6.316641e-02 -2.997220e-01  1.156083e-01
-3.10345e+00 -3.51724e+00       2.316e+11  8.305553e-01  3.045267e-02 -2.976614e-01  1.694447e-01
-2.68966e+00 -3.51724e+00       1.529e+11  7.941109e-01 -4.250791e-02 -1.423410e-01  2.058891e-01
-2.27586e+00 -3.51724e+00       1.305e+11  8.071655e-01 -1.418908e-01  2.023678e-01  1.928345e-01
-1.86207e+00 -3.51724e+00       1.939e+11  7.654148e-01 -1.358710e-01  4.825676e-01  2.345852e-01
-1.44828e+00 -3.51724e+00       3.528e+11  6.261493e-01 -1.417527e-01  6.386376e-01  3.738507e-01
-1.03448e+00 -3.51724e+00       5.388e+11  4.145007e-01 -1.968074e-01  7.066187e-01  5.854993e-01
-6.20690e-01 -3.51724e+00       6.265e+11  1.274453e-01 -2.738646e-01  6.119720e-01  8.725547e-01
-2.06897e-01 -3.51724e+00       6.316e+11 -1.190777e-01 -3.362534e-01  1.945285e-01  8.809223e-01
 2.06897e-01 -3.51724e+00       6.782e+11 -5.085651e-02 -3.165236e-01 -3.907459e-01  9.491435e-01
 6.20690e-01 -3.51724e+00       7.449e+11  2.438850e-01 -2.302984e-01 -6.864593e-01  7.561150e-01
 1.03448e+00 -3.51724e+00       6.871e+11  5.118381e-01 -1.439976e-01 -6.917092e-01  4.881619e-01
 1.44828e+00 -3.51724e+00       5.044e+11  7.126429e-01 -8.956967e-02 -5.546088e-01  2.873571e-01
 1.86207e+00 -3.51724e+00       3.331e+11  8.515841e-01 -8.983134e-02 -3.537910e-01  1.484159e-01
 2.27586e+00 -3.51724e+00       2.482e+11  9.119411e-01 -1.172047e-01 -1.142572e-01  8.805894e-02
 2.68966e+00 -3.51724e+00       2.393e+11  9.093179e-01 -8.373268e-02  1.131936e-01  9.068210e-02
 3.10345e+00 -3.51724e+00       2.613e+11  8.940262e-01 -5.462926e-03  2.150293e-01  1.059738e-01
 3.51724e+00 -3.51724e+00       3.304e+11  9.083426e-01  5.060436e-02  2.367201e-01  9.165739e-02
 3.93103e+00 -3.51724e+00       4.734e+11  9.232730e-01  5.579531e-02  2.747451e-01  7.672700e-02
 4.34483e+00 -3.51724e+00       5.692e+11  8.939216e-01  4.306861e-02  3.409611e-01  1.060784e-01
 4.75862e+00 -3.51724e+00       5.226e+11  7.916270e-01  3.474191e-02  4.585949e-01  2.083730e-01
 5.17241e+00 -3.51724e+00       4.177e+11  6.027899e-01  2.679976e-02  6.359312e-01  3.972101e-01
 5.58621e+00 -3.51724e+00       3.678e+11  3.578585e-01  5.600960e-03  7.942511e-01  6.421415e-01
 6.00000e+00 -3.51724e+00       4.629e+11  7.524061e-02  1.605907e-03  8.785173e-01  9.247594e-01
-6.00000e+00 -3.10345e+00       3.386e+11 -6.060696e-03  5.324614e-03 -8.376240e-01  9.939393e-01
-5.58621e+00 -3.10345e+00       3.129e+11  3.078655e-01  3.300200e-03 -7.202927e-01  6.921345e-01
-5.17241e+00 -3.10345e+00       3.928e+11  5.988918e-01  4.021292e-02 -5.620398e-01  4.011082e-01
-4.75862e+00 -3.10345e+00       4.363e+11  7.749961e-01  6.007247e-02 -4.368915e-01  2.250039e-01
-4.34483e+00 -3.10345e+00       3.856e+11  8.567762e-01  7.283905e-02 -3.714005e-01  1.432238e-01
-3.93103e+00 -3.10345e+00       2.992e+11  8.545532e-01  7.084668e-02 -3.721821e-01  1.454468e-01
-3.51724e+00 -3.10345e+00       2.193e+11  8.169500e-01  4.262249e-02 -3.552537e-01  1.830500e-01
-3.10345e+00 -3.10345e+00       1.917e+11  8.551865e-01 -1.683567e-02 -1.421474e-01  1.448135e-01
-2.68966e+00 -3.10345e+00       3.592e+11  9.460613e-01 -3.711604e-02  1.299470e-01  5.393866e-02
-2.27586e+00 -3.10345e+00       8.659e+11  9.581228e-01 -2.040991e-02  2.294697e-01  4.187717e-02
-1.86207e+00 -3.10345e+00       1.457e+12  9.445628e-01 -4.604258e-03  2.850249e-01  5.543718e-02
-1.44828e+00 -3.10345e+00       1.497e+12  9.216393e-01  1.967109e-02  3.297399e-01  7.836072e-02
-1.03448e+00 -3.10345e+00       9.475e+11  8.821786e-01  5.804237e-02  3.517309e-01  1.178214e-01
-6.20690e-01 -3.10345e+00       4.185e+11  8.027008e-01  9.026004e-02  2.779781e-01  1.972992e-01
-2.06897e-01 -3.10345e+00       2.129e+11  7.111717e-01  3.041779e-02 -5.315380e-02  2.888283e-01
 2.06897e-01 -3.10345e+00       2.541e+11  7.840161e-01 -2.545144e-02 -3.316480e-01  2.159839e-01
 6.20690e-01 -3.10345e+00       5.191e+11  8.742396e-01 -7.628363e-03 -3.691698e-01  1.257604e-01
 1.03448e+00 -3.10345e+00       1.075e+12  9.141735e-01 -1.578506e-02 -3.504719e-01  8.582650e-02
 1.44828e+00 -3.10345e+00       1.669e+12  9.360795e-01 -3.280031e-02 -3.137463e-01  6.392045e-02
 1.86207e+00 -3.10345e+00       1.682e+12  9.519435e-01 -4.180988e-02 -2.666065e-01  4.805648e-02
 2.27586e+00 -3.10345e+00       1.084e+12  9.636177e-01 -4.624508e-02 -2.025457e-01  3.638234e-02
 2.68966e+00 -3.10345e+00       5.217e+11  9.632472e-01 -5.764386e-02 -8.218544e-02  3.675278e-02
 3.10345e+00 -3.10345e+00       2.931e+11  9.258522e-01 -5.529325e-02  1.382353e-01  7.414777e-02
 3.51724e+00 -3.10345e+00       2.611e+11  8.849640e-01  5.527516e-03  2.918279e-01  1.150360e-01
 3.93103e+00 -3.10345e+00       3.252e+11  8.899609e-01  5.595227e-02  3.298688e-01  1.100391e-01
 4.34483e+00 -3.10345e+00       4.450e+11  8.899661e-01  5.524006e-02  3.665601e-01  1.100339e-01
 4.75862e+00 -3.10345e+00       4.998e+11  8.332364e-01  4.102893e-02  4.389620e-01  1.667636e-01
 5.17241e+00 -3.10345e+00       4.473e+11  6.900806e-01  3.357237e-02  5.725577e-01  3.099194e-01
 5.58621e+00 -3.10345e+00       3.771e+11  4.725921e-01  2.608405e-02  7.367310e-01  5.274079e-01
 6.00000e+00 -3.10345e+00       3.869e+11  1.825615e-01  1.206579e-02  8.459974e-01  8.174385e-01
-6.00000e+00 -2.68966e+00       2.429e+11  1.320195e-01 -2.654070e-02 -7.329678e-01  8.679805e-01
-5.58621e+00 -2.68966e+00       3.039e+11  4.691347e-01  2.141414e-02 -6.245854e-01  5.308653e-01
-5.17241e+00 -2.68966e+00       3.749e+11  6.875118e-01  5.840351e-02 -5.043588e-01  3.124882e-01
-4.75862e+00 -2.68966e+00       3.598e+11  8.078302e-01  7.001202e-02 -4.216661e-01  1.921698e-01
-4.34483e+00 -2.68966e+00       2.869e+11  8.389069e-01  7.261038e-02 -4.027336e-01  1.610931e-01
-3.93103e+00 -2.68966e+00       2.192e+11  8.178561e-01  5.617927e-02 -3.891418e-01  1.821439e-01
-3.51724e+00 -2.68966e+00       2.418e+11  8.847441e-01  1.077454e-02 -2.060751e-01  1.152559e-01
-3.10345e+00 -2.68966e+00       5.781e+11  9.765282e-01 -1.709954e-03 -3.738695e-02  2.347178e-02
-2.68966e+00 -2.68966e+00       1.332e+12  9.942642e-01  6.547415e-03  9.429507e-03  5.735797e-03
-2.27586e+00 -2.68966e+00       1.876e+12  9.951109e-01  1.527147e-02  3.488122e-02  4.889102e-03
-1.86207e+00 -2.68966e+00       1.530e+12  9.917840e-01  2.876593e-02  5.819312e-02  8.216031e-03
-1.44828e+00 -2.68966e+00       8.091e+11  9.827870e-01  5.139309e-02  7.865679e-02  1.721302e-02
-1.03448e+00 -2.68966e+00       4.068e+11  9.662339e-01  6.456228e-02  8.276050e-02  3.376612e-02
-6.20690e-01 -2.68966e+00       2.827e+11  9.483854e-01  4.566625e-02  9.388947e-02  5.161457e-02
-2.06897e-01 -2.68966e+00       2.376e+11  9.306730e-01  3.424122e-02  1.352185e-01  6.932697e-02
 2.06897e-01 -2.68966e+00       2.090e+11  9.184198e-01  1.936588e-02  1.577691e-01  8.158016e-02
 6.20690e-01 -2.68966e+00       2.092e+11  9.244922e-01 -7.140119e-03  1.152800e-01  7.550778e-02
 1.03448e+00 -2.68966e+00       3.302e+11  9.578067e-01 -1.646856e-02  1.262296e-02  4.219333e-02
 1.44828e+00 -2.68966e+00       7.915e+11  9.850299e-01 -2.034831e-02 -3.584696e-02  1.497015e-02
 1.86207e+00 -2.68966e+00       1.612e+12  9.939353e-01 -2.452719e-02 -3.639758e-02  6.064654e-03
 2.27586e+00 -2.68966e+00       2.058e+12  9.960477e-01 -2.797205e-02 -2.446386e-02  3.952312e-03
 2.68966e+00 -2.68966e+00       1.551e+12  9.947647e-01 -3.177448e-02 -2.381416e-03  5.235344e-03
 3.10345e+00 -2.68966e+00       7.507e+11  9.827541e-01 -3.863789e-02  5.258896e-02  1.724593e-02
 3.51724e+00 -2.68966e+00       3.412e+11  9.324319e-01 -3.275708e-02  1.999048e-01  6.756812e-02
 3.93103e+00 -2.68966e+00       2.616e+11  8.781879e-01  2.429374e-02  3.435336e-01  1.218121e-01
 4.34483e+00 -2.68966e+00       3.249e+11  8.763617e-01  5.925706e-02  3.851405e-01  1.236383e-01
 4.75862e+00 -2.68966e+00       4.183e+11  8.538284e-01  5.151029e-02  4.298808e-01  1.461716e-01
 5.17241e+00 -2.68966e+00       4.266e+11  7.626795e-01  3.993863e-02  5.166747e-01  2.373205e-01
 5.58621e+00 -2.68966e+00       3.554e+11  5.887843e-01  3.287917e-02  6.545453e-01  4.112157e-01
 6.00000e+00 -2.68966e+00       2.998e+11  3.430810e-01  1.762718e-02  7.819644e-01  6.569190e-01
-6.00000e+00 -2.27586e+00       2.330e+11  3.142689e-01 -8.718635e-02 -6.673040e-01  6.857311e-01
-5.58621e+00 -2.27586e+00       2.945e+11  5.837481e-01  2.475788e-02 -5.476351e-01  4.162519e-01
-5.17241e+00 -2.27586e+00       3.218e+11  7.578164e-01  5.770912e-02 -4.457302e-01  2.421836e-01
-4.75862e+00 -2.27586e+00       2.793e+11  8.318064e-01  6.377663e-02 -4.048903e-01  1.681936e-01
-4.34483e+00 -2.27586e+00       2.188e+11  8.289065e-01  6.301348e-02 -4.023650e-01  1.710935e-01
-3.93103e+00 -2.27586e+00       2.363e+11  8.740096e-01  3.106465e-02 -2.887954e-01  1.259904e-01
-3.51724e+00 -2.27586e+00       5.643e+11  9.662676e-01  9.630187e-03 -1.481145e-01  3.373242e-02
-3.10345e+00 -2.27586e+00       1.344e+12  9.894596e-01  1.194529e-02 -1.107435e-01  1.054040e-02
-2.68966e+00 -2.27586e+00       1.939e+12  9.934517e-01  1.654614e-02 -9.516259e-02  6.548300e-03
-2.27586e+00 -2.27586e+00       1.640e+12  9.939904e-01  2.511215e-02 -8.243372e-02  6.009567e-03
-1.86207e+00 -2.27586e+00       1.071e+12  9.918829e-01  4.369963e-02 -7.433253e-02  8.117112e-03
-1.44828e+00 -2.27586e+00       1.060e+12  9.899376e-01  5.327765e-02 -7.872770e-02  1.006241e-02
-1.03448e+00 -2.27586e+00       1.429e+12  9.915913e-01  3.656940e-02 -7.594222e-02  8.408663e-03
-6.20690e-01 -2.27586e+00       1.620e+12  9.938731e-01  1.306981e-02 -5.148713e-02  6.126867e-03
-2.06897e-01 -2.27586e+00       1.532e+12  9.949671e-01 -5.484266e-03 -1.857289e-04  5.032883e-03
 2.06897e-01 -2.27586e+00       1.404e+12  9.929680e-01 -8.923193e-03  6.654796e-02  7.032013e-03
 6.20690e-01 -2.27586e+00       1.255e+12  9.877801e-01  2.804998e-03  1.211825e-01  1.221990e-02
 1.03448e+00 -2.27586e+00       9.378e+11  9.805943e-01  1.904803e-02  1.543519e-01  1.940572e-02
 1.44828e+00 -2.27586e+00       6.328e+11  9.749156e-01  1.964606e-02  1.556504e-01  2.508445e-02
 1.86207e+00 -2.27586e+00       8.216e+11  9.843040e-01 -9.345703e-03  1.113371e-01  1.569595e-02
 2.27586e+00 -2.27586e+00       1.585e+12  9.917276e-01 -2.022580e-02  9.539115e-02  8.272352e-03
 2.68966e+00 -2.27586e+00       2.050e+12  9.929630e-01 -2.326829e-02  9.749020e-02  7.036978e-03
 3.10345e+00 -2.27586e+00       1.527e+12  9.904237e-01 -2.674611e-02  1.090346e-01  9.576277e-03
 3.51724e+00 -2.27586e+00       7.114e+11  9.752251e-01 -3.066414e-02  1.497434e-01  2.477491e-02
 3.93103e+00 -2.27586e+00       3.143e+11  9.215364e-01 -1.149679e-02  2.681885e-01  7.846361e-02
 4.34483e+00 -2.27586e+00       2.559e+11  8.789261e-01  4.366894e-02  3.713385e-01  1.210739e-01
 4.75862e+00 -2.27586e+00       3.225e+11  8.711312e-01  5.568944e-02  4.074331e-01  1.288688e-01
 5.17241e+00 -2.27586e+00       3.687e+11  8.193097e-01  4.256324e-02  4.624628e-01  1.806903e-01
 5.58621e+00 -2.27586e+00       3.242e+11  6.839245e-01  2.586181e-02  5.698398e-01  3.160755e-01
 6.00000e+00 -2.27586e+00       2.476e+11  4.732360e-01  7.476373e-04  7.029196e-01  5.267640e-01
-6.00000e+00 -1.86207e+00       2.017e+11  4.538434e-01 -2.321672e-02 -6.132741e-01  5.461566e-01
-5.58621e+00 -1.86207e+00       2.535e+11  7.263913e-01  1.018628e-02 -4.586179e-01  2.736087e-01
-5.17241e+00 -1.86207e+00       2.689e+11  8.361272e-01  3.018839e-02 -3.998060e-01  1.638728e-01
-4.75862e+00 -1.86207e+00       2.255e+11  8.555736e-01  5.563628e-02 -3.897449e-01  1.444264e-01
-4.34483e+00 -1.86207e+00       2.037e+11  8.640847e-01  5.107075e-02 -3.416637e-01  1.359153e-01
-3.93103e+00 -1.86207e+00       4.037e+11  9.457600e-01  1.859459e-02 -2.125480e-01  5.423997e-02
-3.51724e+00 -1.86207e+00       1.066e+12  9.801354e-01  1.400241e-02 -1.671736e-01  1.986464e-02
-3.10345e+00 -1.86207e+00       1.818e+12  9.863681e-01  1.607076e-02 -1.549613e-01  1.363188e-02
-2.68966e+00 -1.86207e+00       1.821e+12  9.876277e-01  2.057263e-02 -1.481536e-01  1.237232e-02
-2.27586e+00 -1.86207e+00       1.410e+12  9.868210e-01  2.944240e-02 -1.452585e-01  1.317895e-02
-1.86207e+00 -1.86207e+00       1.809e+12  9.876472e-01  2.854170e-02 -1.344637e-01  1.235284e-02
-1.44828e+00 -1.86207e+00       4.362e+12  9.923751e-01  1.779383e-02 -1.041071e-01  7.624897e-03
-1.03448e+00 -1.86207e+00       1.108e+13  9.957516e-01  9.215643e-03 -7.554921e-02  4.248353e-03
-6.20690e-01 -1.86207e+00       2.162e+13  9.975677e-01  2.011261e-03 -4.921002e-02  2.432263e-03
-2.06897e-01 -1.86207e+00       3.003e+13  9.985117e-01 -3.621139e-03 -2.065727e-02  1.488319e-03
 2.06897e-01 -1.86207e+00       2.961e+13  9.986433e-01 -7.335406e-03  9.652209e-03  1.356693e-03
 6.20690e-01 -1.86207e+00       2.061e+13  9.978930e-01 -9.313586e-03  3.954574e-02  2.107036e-03
 1.03448e+00 -1.86207e+00       9.962e+12  9.959461e-01 -9.784422e-03  6.955712e-02  4.053903e-03
 1.44828e+00 -1.86207e+00       3.434e+12  9.911339e-01 -8.117399e-03  1.076326e-01  8.866109e-03
 1.86207e+00 -1.86207e+00       1.137e+12  9.812256e-01 -4.761712e-03  1.595077e-01  1.877441e-02
 2.27586e+00 -1.86207e+00       1.023e+12  9.814833e-01 -1.176632e-02  1.630262e-01  1.851673e-02
 2.68966e+00 -1.86207e+00       1.705e+12  9.862338e-01 -1.684584e-02  1.507774e-01  1.376620e-02
 3.10345e+00 -1.86207e+00       1.902e+12  9.868405e-01 -1.921651e-02  1.509600e-01  1.315947e-02
 3.51724e+00 -1.86207e+00       1.215e+12  9.830649e-01 -2.208529e-02  1.614234e-01  1.693514e-02
 3.93103e+00 -1.86207e+00       5.132e+11  9.622648e-01 -1.989632e-02  2.070652e-01  3.773520e-02
 4.34483e+00 -1.86207e+00       2.573e+11  9.118959e-01  1.863730e-02  3.128457e-01  8.810407e-02
 4.75862e+00 -1.86207e+00       2.570e+11  8.946006e-01  5.188775e-02  3.674369e-01  1.053994e-01
 5.17241e+00 -1.86207e+00       2.980e+11  8.786356e-01  4.214351e-02  3.936466e-01  1.213644e-01
 5.58621e+00 -1.86207e+00       2.685e+11  7.969321e-01  2.965398e-02  4.508982e-01  2.030679e-01
 6.00000e+00 -1.86207e+00       1.919e+11  5.590615e-01  1.105436e-02  5.817994e-01  4.409385e-01
-6.00000e+00 -1.44828e+00       1.898e+11  6.744807e-01 -7.778774e-03 -4.843535e-01  3.255193e-01
-5.58621e+00 -1.44828e+00       2.530e+11  8.025023e-01  5.417822e-02 -4.175059e-01  1.974977e-01
-5.17241e+00 -1.44828e+00       2.375e+11  8.628270e-01  7.971867e-02 -3.609198e-01  1.371730e-01
-4.75862e+00 -1.44828e+00       1.857e+11  8.795566e-01  7.064778e-02 -3.308453e-01  1.204434e-01
-4.34483e+00 -1.44828e+00       2.422e+11  9.242682e-01  2.940886e-02 -2.522006e-01  7.573179e-02
-3.93103e+00 -1.44828e+00       6.575e+11  9.724416e-01  1.433741e-02 -1.860229e-01  2.755844e-02
-3.51724e+00 -1.44828e+00       1.447e+12  9.833242e-01  1.393784e-02 -1.706166e-01  1.667579e-02
-3.10345e+00 -1.44828e+00       1.880e+12  9.853325e-01  1.538244e-02 -1.655268e-01  1.466752e-02
-2.68966e+00 -1.44828e+00       1.729e+12  9.854156e-01  1.884512e-02 -1.628799e-01  1.458440e-02
-2.27586e+00 -1.44828e+00       2.676e+12  9.868418e-01  1.568244e-02 -1.524553e-01  1.315824e-02
-1.86207e+00 -1.44828e+00       8.304e+12  9.899912e-01  5.711163e-03 -1.343469e-01  1.000877e-02
-1.44828e+00 -1.44828e+00       2.281e+13  9.924261e-01 -1.723900e-03 -1.161601e-01  7.573915e-03
-1.03448e+00 -1.44828e+00       4.419e+13  9.946266e-01 -7.091264e-03 -9.377008e-02  5.373406e-03
-6.20690e-01 -1.44828e+00       6.239e+13  9.967029e-01 -1.048552e-02 -6.386746e-02  3.297105e-03
-2.06897e-01 -1.44828e+00       7.096e+13  9.981755e-01 -1.212810e-02 -2.585365e-02  1.824519e-03
 2.06897e-01 -1.44828e+00       7.091e+13  9.984061e-01 -1.306944e-02  1.561905e-02  1.593867e-03
 6.20690e-01 -1.44828e+00       6.191e+13  9.973725e-01 -1.438675e-02  5.268725e-02  2.627517e-03
 1.03448e+00 -1.44828e+00       4.293e+13  9.956527e-01 -1.612266e-02  8.169221e-02  4.347307e-03
 1.44828e+00 -1.44828e+00       2.122e+13  9.936312e-01 -1.770730e-02  1.042374e-01  6.368769e-03
 1.86207e+00 -1.44828e+00       7.032e+12  9.908975e-01 -1.840835e-02  1.250959e-01  9.102515e-03
 2.27586e+00 -1.44828e+00       1.897e+12  9.857432e-01 -1.680116e-02  1.524454e-01  1.425680e-02
 2.68966e+00 -1.44828e+00       1.355e+12  9.841368e-01 -1.496370e-02  1.632433e-01  1.586324e-02
 3.10345e+00 -1.44828e+00       1.810e+12  9.860193e-01 -1.599894e-02  1.585573e-01  1.398074e-02
 3.51724e+00 -1.44828e+00       1.546e+12  9.855069e-01 -1.760241e-02  1.603710e-01  1.449314e-02
 3.93103e+00 -1.44828e+00       7.754e+11  9.789012e-01 -1.826702e-02  1.763233e-01  2.109882e-02
 4.34483e+00 -1.44828e+00       3.131e+11  9.508170e-01 -1.176378e-03  2.387267e-01  4.918298e-02
 4.75862e+00 -1.44828e+00       2.310e+11  9.180863e-01  4.522265e-02  3.197826e-01  8.191366e-02
 5.17241e+00 -1.44828e+00       2.804e+11  9.032398e-01  5.146173e-02  3.550483e-01  9.676021e-02
 5.58621e+00 -1.44828e+00       2.823e+11  8.585096e-01  3.729400e-02  4.082311e-01  1.414904e-01
 6.00000e+00 -1.44828e+00       2.166e+11  7.610791e-01  2.833168e-02  5.036114e-01  2.389209e-01
-6.00000e+00 -1.03448e+00       1.529e+11  8.188962e-01  2.202451e-03 -3.357985e-01  1.811038e-01
-5.58621e+00 -1.03448e+00       2.005e+11  9.096145e-01 -3.221084e-03 -2.730372e-01  9.038549e-02
-5.17241e+00 -1.03448e+00       1.921e+11  9.325982e-01  8.598900e-03 -2.675408e-01  6.740177e-02
-4.75862e+00 -1.03448e+00       1.751e+11  9.350735e-01  2.658980e-02 -2.553296e-01  6.492650e-02
-4.34483e+00 -1.03448e+00       3.231e+11  9.661609e-01  1.815875e-02 -1.846994e-01  3.383909e-02
-3.93103e+00 -1.03448e+00       8.869e+11  9.845351e-01  1.242197e-02 -1.540077e-01  1.546489e-02
-3.51724e+00 -1.03448e+00       1.629e+12  9.881380e-01  1.228739e-02 -1.477597e-01  1.186195e-02
-3.10345e+00 -1.03448e+00       1.846e+12  9.886016e-01  1.300739e-02 -1.464137e-01  1.139844e-02
-2.68966e+00 -1.03448e+00       2.292e+12  9.888778e-01  1.099992e-02 -1.433476e-01  1.112220e-02
-2.27586e+00 -1.03448e+00       6.312e+12  9.905871e-01  3.148508e-03 -1.327859e-01  9.412935e-03
-1.86207e+00 -1.03448e+00       1.808e+13  9.920895e-01 -2.786217e-03 -1.222046e-01  7.910491e-03
-1.44828e+00 -1.03448e+00       3.499e+13  9.934769e-01 -6.826193e-03 -1.100477e-01  6.523118e-03
-1.03448e+00 -1.03448e+00       4.459e+13  9.950131e-01 -9.164152e-03 -9.368913e-02  4.986854e-03
-6.20690e-01 -1.03448e+00       4.100e+13  9.967307e-01 -9.278589e-03 -6.917646e-02  3.269296e-03
-2.06897e-01 -1.03448e+00       3.390e+13  9.982712e-01 -6.887412e-03 -2.903211e-02  1.728772e-03
 2.06897e-01 -1.03448e+00       3.437e+13  9.985211e-01 -4.917527e-03  2.216295e-02  1.478921e-03
 6.20690e-01 -1.03448e+00       4.201e+13  9.974286e-01 -6.529211e-03  6.000577e-02  2.571414e-03
 1.03448e+00 -1.03448e+00       4.506e+13  9.960493e-01 -9.762098e-03  8.260610e-02  3.950714e-03
 1.44828e+00 -1.03448e+00       3.421e+13  9.947452e-01 -1.293457e-02  9.785602e-02  5.254794e-03
 1.86207e+00 -1.03448e+00       1.668e+13  9.934567e-01 -1.553417e-02  1.098849e-01  6.543342e-03
 2.27586e+00 -1.03448e+00       5.179e+12  9.917344e-01 -1.707141e-02  1.221057e-01  8.265562e-03
 2.68966e+00 -1.03448e+00       1.664e+12  9.892901e-01 -1.495703e-02  1.358181e-01  1.070990e-02
 3.10345e+00 -1.03448e+00       1.619e+12  9.898680e-01 -1.219870e-02  1.346114e-01  1.013198e-02
 3.51724e+00 -1.03448e+00       1.657e+12  9.902958e-01 -1.269598e-02  1.332016e-01  9.704157e-03
 3.93103e+00 -1.03448e+00       9.991e+11  9.884418e-01 -1.318996e-02  1.388394e-01  1.155822e-02
 4.34483e+00 -1.03448e+00       4.049e+11  9.784483e-01 -6.286285e-03  1.666437e-01  2.155169e-02
 4.75862e+00 -1.03448e+00       2.113e+11  9.595505e-01  2.049566e-02  2.213657e-01  4.044951e-02
 5.17241e+00 -1.03448e+00       2.129e+11  9.538313e-01  2.852799e-02  2.473648e-01  4.616869e-02
 5.58621e+00 -1.03448e+00       2.216e+11  9.376370e-01  2.464977e-02  2.700869e-01  6.236296e-02
 6.00000e+00 -1.03448e+00       1.664e+11  8.717138e-01  2.159034e-02  3.296252e-01  1.282862e-01
-6.00000e+00 -6.20690e-01       1.609e+11  9.103355e-01  3.122305e-02 -2.449155e-01  8.966452e-02
-5.58621e+00 -6.20690e-01       1.903e+11  9.541058e-01  3.981461e-02 -1.774913e-01  4.589420e-02
-5.17241e+00 -6.20690e-01       1.656e+11  9.681134e-01  2.574405e-02 -1.602437e-01  3.188659e-02
-4.75862e+00 -6.20690e-01       1.671e+11  9.732502e-01  1.135103e-02 -1.532263e-01  2.674978e-02
-4.34483e+00 -6.20690e-01       3.959e+11  9.877859e-01  7.872325e-03 -1.178741e-01  1.221413e-02
-3.93103e+00 -6.20690e-01       1.040e+12  9.932426e-01  8.282569e-03 -1.056328e-01  6.757387e-03
-3.51724e+00 -6.20690e-01       1.697e+12  9.941691e-01  8.408357e-03 -1.037481e-01  5.830916e-03
-3.10345e+00 -6.20690e-01       1.907e+12  9.940834e-01  7.273072e-03 -1.047665e-01  5.916642e-03
-2.68966e+00 -6.20690e-01       3.306e+12  9.945112e-01  2.041368e-03 -1.010814e-01  5.488753e-03
-2.27586e+00 -6.20690e-01       9.912e+12  9.953642e-01 -2.699503e-03 -9.379210e-02  4.635784e-03
-1.86207e+00 -6.20690e-01       2.305e+13  9.959707e-01 -5.508877e-03 -8.754996e-02  4.029251e-03
-1.44828e+00 -6.20690e-01       3.341e+13  9.965413e-01 -7.347171e-03 -8.066610e-02  3.458731e-03
-1.03448e+00 -6.20690e-01       3.003e+13  9.971578e-01 -8.226343e-03 -7.223893e-02  2.842175e-03
-6.20690e-01 -6.20690e-01       1.764e+13  9.978506e-01 -7.726746e-03 -6.045451e-02  2.149353e-03
-2.06897e-01 -6.20690e-01       8.710e+12  9.986748e-01 -4.041564e-03 -3.174469e-02  1.325183e-03
 2.06897e-01 -6.20690e-01       9.052e+12  9.989364e-01  5.526787e-05  2.587989e-02  1.063622e-03
 6.20690e-01 -6.20690e-01       1.868e+13  9.984328e-01 -2.466555e-03  5.127862e-02  1.567210e-03
 1.03448e+00 -6.20690e-01       3.127e+13  9.979315e-01 -5.689753e-03  6.137571e-02  2.068532e-03
 1.44828e+00 -6.20690e-01       3.370e+13  9.974734e-01 -8.379801e-03  6.850857e-02  2.526618e-03
 1.86207e+00 -6.20690e-01       2.210e+13  9.970310e-01 -1.052164e-02  7.441026e-02  2.968952e-03
 2.27586e+00 -6.20690e-01       8.691e+12  9.965019e-01 -1.202506e-02  8.009934e-02  3.498074e-03
 2.68966e+00 -6.20690e-01       2.495e+12  9.956456e-01 -1.189254e-02  8.679120e-02  4.354380e-03
 3.10345e+00 -6.20690e-01       1.546e+12  9.955466e-01 -9.037470e-03  8.724843e-02  4.453440e-03
 3.51724e+00 -6.20690e-01       1.647e+12  9.959547e-01 -8.422211e-03  8.507166e-02  4.045291e-03
 3.93103e+00 -6.20690e-01       1.126e+12  9.956032e-01 -8.339461e-03  8.675879e-02  4.396770e-03
 4.34483e+00 -6.20690e-01       4.784e+11  9.929160e-01 -5.629085e-03  9.809027e-02  7.084008e-03
 4.75862e+00 -6.20690e-01       2.134e+11  9.853161e-01  9.866858e-03  1.304756e-01  1.468391e-02
 5.17241e+00 -6.20690e-01       2.086e+11  9.806202e-01  2.516775e-02  1.558196e-01  1.937979e-02
 5.58621e+00 -6.20690e-01       2.337e+11  9.728366e-01  2.426166e-02  1.766830e-01  2.716340e-02
 6.00000e+00 -6.20690e-01       1.798e+11  9.464244e-01  1.266227e-02  2.243815e-01  5.357559e-02
-6.00000e+00 -2.06897e-01       1.637e+11  9.865171e-01  6.144638e-03 -9.956862e-02  1.348291e-02
-5.58621e+00 -2.06897e-01       1.924e+11  9.927530e-01  1.343792e-02 -7.431770e-02  7.247029e-03
-5.17241e+00 -2.06897e-01       1.627e+11  9.947428e-01  8.052624e-03 -6.482836e-02  5.257191e-03
-4.75862e+00 -2.06897e-01       1.697e+11  9.954346e-01 -1.360817e-04 -5.979575e-02  4.565446e-03
-4.34483e+00 -2.06897e-01       4.362e+11  9.978145e-01  1.223579e-03 -4.817193e-02  2.185538e-03
-3.93103e+00 -2.06897e-01       1.109e+12  9.986550e-01  3.381238e-03 -4.460261e-02  1.345037e-03
-3.51724e+00 -2.06897e-01       1.716e+12  9.987233e-01  3.543491e-03 -4.516451e-02  1.276690e-03
-3.10345e+00 -2.06897e-01       1.992e+12  9.986046e-01  7.858598e-04 -4.735329e-02  1.395418e-03
-2.68966e+00 -2.06897e-01       4.031e+12  9.988600e-01 -4.017068e-03 -4.384246e-02  1.140017e-03
-2.27586e+00 -2.06897e-01       1.175e+13  9.991313e-01 -5.451484e-03 -3.912747e-02  8.687066e-04
-1.86207e+00 -2.06897e-01       2.420e+13  9.992664e-01 -5.762985e-03 -3.607352e-02  7.336152e-04
-1.44828e+00 -2.06897e-01       3.018e+13  9.993710e-01 -5.790027e-03 -3.323617e-02  6.290271e-04
-1.03448e+00 -2.06897e-01       2.265e+13  9.994722e-01 -5.587106e-03 -3.015726e-02  5.277535e-04
-6.20690e-01 -2.06897e-01       1.054e+13  9.995802e-01 -5.171269e-03 -2.638668e-02  4.197750e-04
-2.06897e-01 -2.06897e-01       3.784e+12  9.997410e-01 -4.348984e-03 -1.652794e-02  2.589746e-04
 2.06897e-01 -2.06897e-01       3.995e+12  9.998607e-01 -3.634514e-03  9.247224e-03  1.393141e-04
 6.20690e-01 -2.06897e-01       1.134e+13  9.998016e-01 -4.422437e-03  1.703880e-02  1.983899e-04
 1.03448e+00 -2.06897e-01       2.392e+13  9.997508e-01 -5.237010e-03  1.953503e-02  2.491548e-04
 1.44828e+00 -2.06897e-01       3.089e+13  9.997081e-01 -5.862510e-03  2.132189e-02  2.918622e-04
 1.86207e+00 -2.06897e-01       2.360e+13  9.996663e-01 -6.261483e-03  2.276089e-02  3.337448e-04
 2.27586e+00 -2.06897e-01       1.057e+13  9.996059e-01 -6.368360e-03  2.412712e-02  3.940678e-04
 2.68966e+00 -2.06897e-01       3.141e+12  9.994728e-01 -5.909567e-03  2.552622e-02  5.272031e-04
 3.10345e+00 -2.06897e-01       1.568e+12  9.994373e-01 -4.638279e-03  2.379095e-02  5.627031e-04
 3.51724e+00 -2.06897e-01       1.634e+12  9.995743e-01 -3.959005e-03  2.208437e-02  4.256710e-04
 3.93103e+00 -2.06897e-01       1.188e+12  9.995742e-01 -3.198503e-03  2.243340e-02  4.257952e-04
 4.34483e+00 -2.06897e-01       5.252e+11  9.992854e-01 -1.113625e-03  2.483796e-02  7.146071e-04
 4.75862e+00 -2.06897e-01       2.266e+11  9.984571e-01  4.988792e-03  3.105410e-02  1.542926e-03
 5.17241e+00 -2.06897e-01       2.113e+11  9.981361e-01  8.307774e-03  3.828054e-02  1.863879e-03
 5.58621e+00 -2.06897e-01       2.323e+11  9.976000e-01  5.876932e-03  4.741422e-02  2.400025e-03
 6.00000e+00 -2.06897e-01       1.817e+11  9.955183e-01  1.535017e-03  6.250669e-02  4.481679e-03
-6.00000e+00  2.06897e-01       1.634e+11  9.908274e-01 -1.686117e-02  7.050498e-02  9.172603e-03
-5.58621e+00  2.06897e-01       1.921e+11  9.948630e-01 -2.552047e-02  5.432155e-02  5.137019e-03
-5.17241e+00  2.06897e-01       1.621e+11  9.964388e-01 -2.887619e-02  4.375383e-02  3.561190e-03
-4.75862e+00  2.06897e-01       1.692e+11  9.976405e-01 -2.038170e-02  3.439313e-02  2.359471e-03
-4.34483e+00  2.06897e-01       4.366e+11  9.991306e-01 -6.363069e-03  2.395788e-02  8.693535e-04
-3.93103e+00  2.06897e-01       1.111e+12  9.995129e-01 -2.053185e-03  2.112608e-02  4.871045e-04
-3.51724e+00  2.06897e-01       1.722e+12  9.995649e-01 -1.694346e-03  1.886345e-02  4.350824e-04
-3.10345e+00  2.06897e-01       2.004e+12  9.995829e-01 -5.162080e-03  1.576616e-02  4.170857e-04
-2.68966e+00  2.06897e-01       4.044e+12  9.996390e-01 -8.709829e-03  1.830829e-02  3.609800e-04
-2.27586e+00  2.06897e-01       1.175e+13  9.996714e-01 -7.286544e-03  2.110922e-02  3.286325e-04
-1.86207e+00  2.06897e-01       2.417e+13  9.996976e-01 -5.292281e-03  2.144522e-02  3.024416e-04
-1.44828e+00  2.06897e-01       3.014e+13  9.997285e-01 -3.586390e-03  2.076655e-02  2.715316e-04
-1.03448e+00  2.06897e-01       2.262e+13  9.997634e-01 -2.251897e-03  1.948013e-02  2.365675e-04
-6.20690e-01  2.06897e-01       1.054e+13  9.998032e-01 -1.438414e-03  1.728952e-02  1.967796e-04
-2.06897e-01  2.06897e-01       3.789e+12  9.998299e-01 -2.513705e-03  8.396667e-03  1.701001e-04
 2.06897e-01  2.06897e-01       4.001e+12  9.996724e-01 -7.787894e-03 -1.837566e-02  3.276344e-04
 6.20690e-01  2.06897e-01       1.135e+13  9.995553e-01 -7.534474e-03 -2.668333e-02  4.447250e-04
 1.03448e+00  2.06897e-01       2.396e+13  9.994829e-01 -5.781776e-03 -2.967189e-02  5.171036e-04
 1.44828e+00  2.06897e-01       3.094e+13  9.994073e-01 -4.022728e-03 -3.223975e-02  5.926701e-04
 1.86207e+00  2.06897e-01       2.365e+13  9.993233e-01 -2.334475e-03 -3.467823e-02  6.766551e-04
 2.27586e+00  2.06897e-01       1.059e+13  9.992242e-01 -6.416529e-04 -3.704450e-02  7.758155e-04
 2.68966e+00  2.06897e-01       3.153e+12  9.990496e-01  8.910724e-04 -4.014729e-02  9.504435e-04
 3.10345e+00  2.06897e-01       1.572e+12  9.988125e-01  4.079039e-04 -4.467987e-02  1.187540e-03
 3.51724e+00  2.06897e-01       1.635e+12  9.988335e-01  4.979441e-04 -4.519344e-02  1.166528e-03
 3.93103e+00  2.06897e-01       1.189e+12  9.987665e-01  2.049040e-03 -4.551101e-02  1.233491e-03
 4.34483e+00  2.06897e-01       5.261e+11  9.980932e-01  4.023050e-03 -5.066379e-02  1.906808e-03
 4.75862e+00  2.06897e-01       2.278e+11  9.958482e-01 -9.211774e-04 -7.162642e-02  4.151828e-03
 5.17241e+00  2.06897e-01       2.124e+11  9.945267e-01 -1.282597e-02 -8.754648e-02  5.473345e-03
 5.58621e+00  2.06897e-01       2.332e+11  9.930795e-01 -1.386825e-02 -9.351863e-02  6.920525e-03
 6.00000e+00  2.06897e-01       1.826e+11  9.877755e-01 -9.487879e-03 -1.149623e-01  1.222450e-02
-6.00000e+00  6.20690e-01       1.595e+11  9.241973e-01 -4.869303e-02  2.164717e-01  7.580266e-02
-5.58621e+00  6.20690e-01       1.891e+11  9.599575e-01 -5.451911e-02  1.555967e-01  4.004249e-02
-5.17241e+00  6.20690e-01       1.642e+11  9.723759e-01 -4.555290e-02  1.376267e-01  2.762410e-02
-4.75862e+00  6.20690e-01       1.658e+11  9.790872e-01 -3.193010e-02  1.286934e-01  2.091283e-02
-4.34483e+00  6.20690e-01       3.979e+11  9.916351e-01 -1.447218e-02  9.424470e-02  8.364938e-03
-3.93103e+00  6.20690e-01       1.050e+12  9.956805e-01 -7.744067e-03  8.285077e-02  4.319498e-03
-3.51724e+00  6.20690e-01       1.718e+12  9.964507e-01 -6.634209e-03  7.897770e-02  3.549307e-03
-3.10345e+00  6.20690e-01       1.942e+12  9.967288e-01 -9.995341e-03  7.482570e-02  3.271191e-03
-2.68966e+00  6.20690e-01       3.353e+12  9.967771e-01 -1.363063e-02  7.486879e-02  3.222931e-03
-2.27586e+00  6.20690e-01       9.936e+12  9.968930e-01 -9.979202e-03  7.562477e-02  3.106961e-03
-1.86207e+00  6.20690e-01       2.299e+13  9.971637e-01 -5.722501e-03  7.303719e-02  2.836281e-03
-1.44828e+00  6.20690e-01       3.329e+13  9.975187e-01 -2.326194e-03  6.832219e-02  2.481271e-03
-1.03448e+00  6.20690e-01       2.994e+13  9.979427e-01 -2.931253e-05  6.158667e-02  2.057311e-03
-6.20690e-01  6.20690e-01       1.764e+13  9.984308e-01  3.970405e-04  5.116998e-02  1.569182e-03
-2.06897e-01  6.20690e-01       8.767e+12  9.988900e-01 -4.163568e-03  2.324407e-02  1.110004e-03
 2.06897e-01  6.20690e-01       9.121e+12  9.985585e-01 -1.118609e-02 -3.470025e-02  1.441539e-03
 6.20690e-01  6.20690e-01       1.877e+13  9.978382e-01 -8.778649e-03 -6.070740e-02  2.161769e-03
 1.03448e+00  6.20690e-01       3.140e+13  9.972389e-01 -4.686744e-03 -7.133599e-02  2.761076e-03
 1.44828e+00  6.20690e-01       3.386e+13  9.966706e-01 -9.644587e-04 -7.922633e-02  3.329402e-03
 1.86207e+00  6.20690e-01       2.224e+13  9.961028e-01  2.415077e-03 -8.607902e-02  3.897170e-03
 2.27586e+00  6.20690e-01       8.766e+12  9.954715e-01  5.587599e-03 -9.269610e-02  4.528467e-03
 2.68966e+00  6.20690e-01       2.527e+12  9.944785e-01  7.588316e-03 -1.015214e-01  5.521549e-03
 3.10345e+00  6.20690e-01       1.557e+12  9.937709e-01  4.786278e-03 -1.081247e-01  6.229080e-03
 3.51724e+00  6.20690e-01       1.651e+12  9.939261e-01  4.724353e-03 -1.071742e-01  6.073934e-03
 3.93103e+00  6.20690e-01       1.129e+12  9.933539e-01  6.888414e-03 -1.088822e-01  6.646097e-03
 4.34483e+00  6.20690e-01       4.819e+11  9.893688e-01  7.768745e-03 -1.237040e-01  1.063123e-02
 4.75862e+00  6.20690e-01       2.176e+11  9.775519e-01 -7.738407e-03 -1.715760e-01  2.244814e-02
 5.17241e+00  6.20690e-01       2.137e+11  9.704809e-01 -2.675102e-02 -2.049123e-01  2.951906e-02
 5.58621e+00  6.20690e-01       2.394e+11  9.609790e-01 -2.519432e-02 -2.212456e-01  3.902097e-02
 6.00000e+00  6.20690e-01       1.849e+11  9.272253e-01 -1.215637e-02 -2.697448e-01  7.277472e-02
-6.00000e+00  1.03448e+00       1.513e+11  8.287511e-01 -2.147947e-02  3.070550e-01  1.712489e-01
-5.58621e+00  1.03448e+00       1.986e+11  9.132025e-01 -6.612613e-03  2.512431e-01  8.679748e-02
-5.17241e+00  1.03448e+00       1.886e+11  9.359435e-01 -2.000984e-02  2.502280e-01  6.405645e-02
-4.75862e+00  1.03448e+00       1.709e+11  9.414600e-01 -4.472637e-02  2.384944e-01  5.853996e-02
-4.34483e+00  1.03448e+00       3.232e+11  9.723611e-01 -2.808089e-02  1.637977e-01  2.763893e-02
-3.93103e+00  1.03448e+00       8.990e+11  9.881723e-01 -1.363332e-02  1.333781e-01  1.182772e-02
-3.51724e+00  1.03448e+00       1.659e+12  9.911585e-01 -1.093306e-02  1.263223e-01  8.841453e-03
-3.10345e+00  1.03448e+00       1.903e+12  9.919430e-01 -1.334233e-02  1.209989e-01  8.057028e-03
-2.68966e+00  1.03448e+00       2.380e+12  9.922418e-01 -1.886937e-02  1.169613e-01  7.758180e-03
-2.27586e+00  1.03448e+00       6.398e+12  9.928557e-01 -1.506640e-02  1.141135e-01  7.144344e-03
-1.86207e+00  1.03448e+00       1.808e+13  9.937782e-01 -8.549935e-03  1.077143e-01  6.221843e-03
-1.44828e+00  1.03448e+00       3.482e+13  9.948248e-01 -3.312479e-03  9.779751e-02  5.175180e-03
-1.03448e+00  1.03448e+00       4.433e+13  9.960532e-01  2.076759e-04  8.303132e-02  3.946764e-03
-6.20690e-01  1.03448e+00       4.080e+13  9.974307e-01  1.094328e-03  5.964218e-02  2.569342e-03
-2.06897e-01  1.03448e+00       3.384e+13  9.985262e-01 -1.440850e-03  2.010348e-02  1.473844e-03
 2.06897e-01  1.03448e+00       3.443e+13  9.982751e-01 -4.218753e-03 -3.101605e-02  1.724897e-03
 6.20690e-01  1.03448e+00       4.218e+13  9.968290e-01 -2.854302e-03 -6.912540e-02  3.170960e-03
 1.03448e+00  1.03448e+00       4.533e+13  9.952124e-01  8.076659e-04 -9.220358e-02  4.787611e-03
 1.44828e+00  1.03448e+00       3.448e+13  9.936937e-01  4.803272e-03 -1.081763e-01  6.306345e-03
 1.86207e+00  1.03448e+00       1.685e+13  9.921992e-01  8.650997e-03 -1.211098e-01  7.800793e-03
 2.27586e+00  1.03448e+00       5.273e+12  9.903441e-01  1.225320e-02 -1.343077e-01  9.655879e-03
 2.68966e+00  1.03448e+00       1.705e+12  9.875111e-01  1.201457e-02 -1.517303e-01  1.248890e-02
 3.10345e+00  1.03448e+00       1.631e+12  9.872760e-01  7.886494e-03 -1.547321e-01  1.272401e-02
 3.51724e+00  1.03448e+00       1.659e+12  9.875158e-01  8.991853e-03 -1.531614e-01  1.248420e-02
 3.93103e+00  1.03448e+00       1.001e+12  9.851631e-01  1.170923e-02 -1.591248e-01  1.483693e-02
 4.34483e+00  1.03448e+00       4.086e+11  9.724291e-01  7.623923e-03 -1.922817e-01  2.757094e-02
 4.75862e+00  1.03448e+00       2.159e+11  9.472354e-01 -2.380852e-02 -2.607512e-01  5.276461e-02
 5.17241e+00  1.03448e+00       2.184e+11  9.376656e-01 -3.600078e-02 -2.925298e-01  6.233441e-02
 5.58621e+00  1.03448e+00       2.281e+11  9.172594e-01 -2.929108e-02 -3.147516e-01  8.274059e-02
 6.00000e+00  1.03448e+00       1.720e+11  8.408132e-01 -2.972943e-02 -3.741160e-01  1.591868e-01
-6.00000e+00  1.44828e+00       1.892e+11  6.814572e-01  5.183058e-03  4.712583e-01  3.185428e-01
-5.58621e+00  1.44828e+00       2.517e+11  8.074809e-01 -5.330413e-02  4.108180e-01  1.925191e-01
-5.17241e+00  1.44828e+00       2.339e+11  8.657214e-01 -8.563047e-02  3.549415e-01  1.342786e-01
-4.75862e+00  1.44828e+00       1.800e+11  8.835118e-01 -8.890697e-02  3.210542e-01  1.164882e-01
-4.34483e+00  1.44828e+00       2.388e+11  9.312489e-01 -4.595772e-02  2.348572e-01  6.875106e-02
-3.93103e+00  1.44828e+00       6.675e+11  9.767957e-01 -1.947718e-02  1.679834e-01  2.320428e-02
-3.51724e+00  1.44828e+00       1.483e+12  9.863596e-01 -1.459182e-02  1.530364e-01  1.364037e-02
-3.10345e+00  1.44828e+00       1.954e+12  9.882713e-01 -1.556009e-02  1.463947e-01  1.172872e-02
-2.68966e+00  1.44828e+00       1.853e+12  9.886762e-01 -2.194228e-02  1.406562e-01  1.132380e-02
-2.27586e+00  1.44828e+00       2.845e+12  9.894718e-01 -2.453668e-02  1.329694e-01  1.052819e-02
-1.86207e+00  1.44828e+00       8.456e+12  9.918277e-01 -1.678989e-02  1.191474e-01  8.172252e-03
-1.44828e+00  1.44828e+00       2.283e+13  9.938606e-01 -9.129726e-03  1.033595e-01  6.139404e-03
-1.03448e+00  1.44828e+00       4.405e+13  9.956903e-01 -2.876109e-03  8.284019e-02  4.309682e-03
-6.20690e-01  1.44828e+00       6.219e+13  9.973837e-01  1.405985e-03  5.424511e-02  2.616294e-03
-2.06897e-01  1.44828e+00       7.086e+13  9.984586e-01  3.592836e-03  1.689390e-02  1.541386e-03
 2.06897e-01  1.44828e+00       7.103e+13  9.982931e-01  4.756621e-03 -2.447604e-02  1.706929e-03
 6.20690e-01  1.44828e+00       6.219e+13  9.968921e-01  6.288197e-03 -6.183576e-02  3.107859e-03
 1.03448e+00  1.44828e+00       4.322e+13  9.948250e-01  8.520855e-03 -9.151153e-02  5.175040e-03
 1.44828e+00  1.44828e+00       2.141e+13  9.924538e-01  1.116932e-02 -1.151532e-01  7.546195e-03
 1.86207e+00  1.44828e+00       7.174e+12  9.894438e-01  1.419178e-02 -1.373155e-01  1.055616e-02
 2.27586e+00  1.44828e+00       1.987e+12  9.843003e-01  1.635562e-02 -1.661432e-01  1.569971e-02
 2.68966e+00  1.44828e+00       1.389e+12  9.819512e-01  1.150001e-02 -1.805526e-01  1.804884e-02
 3.10345e+00  1.44828e+00       1.816e+12  9.834530e-01  1.067072e-02 -1.756080e-01  1.654701e-02
 3.51724e+00  1.44828e+00       1.547e+12  9.827851e-01  1.349757e-02 -1.766385e-01  1.721490e-02
 3.93103e+00  1.44828e+00       7.803e+11  9.750718e-01  1.679823e-02 -1.938900e-01  2.492822e-02
 4.34483e+00  1.44828e+00       3.211e+11  9.424884e-01  2.747024e-03 -2.650685e-01  5.751161e-02
 4.75862e+00  1.44828e+00       2.390e+11  9.046017e-01 -4.732869e-02 -3.553206e-01  9.539829e-02
 5.17241e+00  1.44828e+00       2.868e+11  8.869640e-01 -5.997981e-02 -3.880004e-01  1.130360e-01
 5.58621e+00  1.44828e+00       2.873e+11  8.353285e-01 -4.959389e-02 -4.392554e-01  1.646715e-01
 6.00000e+00  1.44828e+00       2.216e+11  7.250839e-01 -4.659404e-02 -5.390068e-01  2.749161e-01
-6.00000e+00  1.86207e+00       1.967e+11  4.742970e-01  6.970908e-03  5.922276e-01  5.257030e-01
-5.58621e+00  1.86207e+00       2.501e+11  7.324293e-01 -1.590659e-02  4.425754e-01  2.675707e-01
-5.17241e+00  1.86207e+00       2.641e+11  8.377002e-01 -3.046488e-02  3.887101e-01  1.622998e-01
-4.75862e+00  1.86207e+00       2.183e+11  8.571887e-01 -6.305554e-02  3.823141e-01  1.428113e-01
-4.34483e+00  1.86207e+00       1.969e+11  8.692464e-01 -6.978384e-02  3.316919e-01  1.307536e-01
-3.93103e+00  1.86207e+00       4.077e+11  9.514188e-01 -3.048390e-02  1.973166e-01  4.858116e-02
-3.51724e+00  1.86207e+00       1.096e+12  9.829323e-01 -1.805050e-02  1.532167e-01  1.706770e-02
-3.10345e+00  1.86207e+00       1.887e+12  9.884105e-01 -1.750926e-02  1.413546e-01  1.158949e-02
-2.68966e+00  1.86207e+00       1.947e+12  9.895108e-01 -2.191614e-02  1.339671e-01  1.048923e-02
-2.27586e+00  1.86207e+00       1.619e+12  9.884208e-01 -3.069802e-02  1.324459e-01  1.157923e-02
-1.86207e+00  1.86207e+00       2.102e+12  9.883405e-01 -2.953409e-02  1.255928e-01  1.165946e-02
-1.44828e+00  1.86207e+00       4.663e+12  9.928585e-01 -2.256331e-02  9.292812e-02  7.141543e-03
-1.03448e+00  1.86207e+00       1.127e+13  9.964555e-01 -1.751543e-02  6.178541e-02  3.544452e-03
-6.20690e-01  1.86207e+00       2.170e+13  9.981063e-01 -1.154550e-02  3.597595e-02  1.893740e-03
-2.06897e-01  1.86207e+00       3.007e+13  9.987091e-01 -5.795424e-03  8.450784e-03  1.290924e-03
 2.06897e-01  1.86207e+00       2.965e+13  9.984470e-01 -1.421427e-03 -2.153818e-02  1.553002e-03
 6.20690e-01  1.86207e+00       2.066e+13  9.972435e-01  1.714706e-03 -5.215760e-02  2.756511e-03
 1.03448e+00  1.86207e+00       1.009e+13  9.947709e-01  4.802318e-03 -8.406062e-02  5.229098e-03
 1.44828e+00  1.86207e+00       3.656e+12  9.896756e-01  9.584137e-03 -1.239332e-01  1.032440e-02
 1.86207e+00  1.86207e+00       1.319e+12  9.809156e-01  1.494541e-02 -1.731078e-01  1.908437e-02
 2.27586e+00  1.86207e+00       1.098e+12  9.800044e-01  1.331312e-02 -1.804024e-01  1.999564e-02
 2.68966e+00  1.86207e+00       1.718e+12  9.842038e-01  1.204420e-02 -1.664371e-01  1.579620e-02
 3.10345e+00  1.86207e+00       1.896e+12  9.848462e-01  1.420357e-02 -1.647257e-01  1.515377e-02
 3.51724e+00  1.86207e+00       1.211e+12  9.806318e-01  1.809543e-02 -1.751295e-01  1.936822e-02
 3.93103e+00  1.86207e+00       5.164e+11  9.570712e-01  1.698605e-02 -2.252459e-01  4.292881e-02
 4.34483e+00  1.86207e+00       2.637e+11  9.007599e-01 -2.155188e-02 -3.414867e-01  9.924006e-02
 4.75862e+00  1.86207e+00       2.623e+11  8.794459e-01 -5.649584e-02 -4.002573e-01  1.205541e-01
 5.17241e+00  1.86207e+00       3.036e+11  8.596685e-01 -4.664231e-02 -4.269081e-01  1.403315e-01
 5.58621e+00  1.86207e+00       2.756e+11  7.715599e-01 -3.420226e-02 -4.846407e-01  2.284401e-01
 6.00000e+00  1.86207e+00       1.989e+11  5.302193e-01 -1.681758e-02 -6.105789e-01  4.697807e-01
-6.00000e+00  2.27586e+00       2.285e+11  3.249028e-01  6.517687e-02  6.590294e-01  6.750972e-01
-5.58621e+00  2.27586e+00       2.936e+11  5.876355e-01 -4.036655e-02  5.451467e-01  4.123645e-01
-5.17241e+00  2.27586e+00       3.188e+11  7.566127e-01 -6.334290e-02  4.427336e-01  2.433873e-01
-4.75862e+00  2.27586e+00       2.726e+11  8.298484e-01 -6.685960e-02  4.002403e-01  1.701516e-01
-4.34483e+00  2.27586e+00       2.095e+11  8.278650e-01 -7.467684e-02  3.978509e-01  1.721350e-01
-3.93103e+00  2.27586e+00       2.321e+11  8.783607e-01 -5.063142e-02  2.768183e-01  1.216393e-01
-3.51724e+00  2.27586e+00       5.826e+11  9.695495e-01 -2.111258e-02  1.352774e-01  3.045051e-02
-3.10345e+00  2.27586e+00       1.403e+12  9.908563e-01 -1.800107e-02  9.947330e-02  9.143685e-03
-2.68966e+00  2.27586e+00       2.048e+12  9.943152e-01 -2.126346e-02  8.484428e-02  5.684760e-03
-2.27586e+00  2.27586e+00       1.820e+12  9.944485e-01 -2.951576e-02  7.518118e-02  5.551514e-03
-1.86207e+00  2.27586e+00       1.349e+12  9.919431e-01 -4.276597e-02  7.841004e-02  8.056913e-03
-1.44828e+00  2.27586e+00       1.482e+12  9.898176e-01 -4.127522e-02  9.402583e-02  1.018238e-02
-1.03448e+00  2.27586e+00       2.039e+12  9.908387e-01 -1.968369e-02  9.376764e-02  9.161335e-03
-6.20690e-01  2.27586e+00       2.366e+12  9.927225e-01  7.992246e-03  7.080557e-02  7.277528e-03
-2.06897e-01  2.27586e+00       2.316e+12  9.942341e-01  3.110683e-02  2.286617e-02  5.765853e-03
 2.06897e-01  2.27586e+00       2.190e+12  9.940275e-01  3.719014e-02 -3.828947e-02  5.972517e-03
 6.20690e-01  2.27586e+00       1.984e+12  9.914195e-01  2.660546e-02 -8.978717e-02  8.580499e-03
 1.03448e+00  2.27586e+00       1.471e+12  9.864631e-01  1.175350e-02 -1.278529e-01  1.353694e-02
 1.44828e+00  2.27586e+00       9.065e+11  9.798527e-01  3.684657e-03 -1.535146e-01  2.014735e-02
 1.86207e+00  2.27586e+00       9.133e+11  9.830811e-01  8.500307e-03 -1.331362e-01  1.691890e-02
 2.27586e+00  2.27586e+00       1.597e+12  9.904674e-01  1.171282e-02 -1.086930e-01  9.532635e-03
 2.68966e+00  2.27586e+00       2.035e+12  9.921822e-01  1.430222e-02 -1.064421e-01  7.817780e-03
 3.10345e+00  2.27586e+00       1.512e+12  9.895976e-01  1.841135e-02 -1.171135e-01  1.040242e-02
 3.51724e+00  2.27586e+00       7.110e+11  9.729679e-01  2.247417e-02 -1.604035e-01  2.703211e-02
 3.93103e+00  2.27586e+00       3.231e+11  9.150295e-01  3.131806e-03 -2.882445e-01  8.497053e-02
 4.34483e+00  2.27586e+00       2.658e+11  8.682942e-01 -4.796062e-02 -3.992403e-01  1.317058e-01
 4.75862e+00  2.27586e+00       3.334e+11  8.570410e-01 -5.895273e-02 -4.368525e-01  1.429590e-01
 5.17241e+00  2.27586e+00       3.821e+11  8.019684e-01 -4.821475e-02 -4.900425e-01  1.980316e-01
 5.58621e+00  2.27586e+00       3.371e+11  6.621117e-01 -3.610465e-02 -5.950591e-01  3.378883e-01
 6.00000e+00  2.27586e+00       2.602e+11  4.539929e-01 -1.194496e-02 -7.253498e-01  5.460071e-01
-6.00000e+00  2.68966e+00       2.399e+11  1.405743e-01  1.177789e-02  7.356015e-01  8.594257e-01
-5.58621e+00  2.68966e+00       3.066e+11  4.733901e-01 -3.522678e-02  6.287836e-01  5.266099e-01
-5.17241e+00  2.68966e+00       3.763e+11  6.855568e-01 -6.295186e-02  5.080845e-01  3.144432e-01
-4.75862e+00  2.68966e+00       3.555e+11  8.038008e-01 -6.832014e-02  4.229400e-01  1.961992e-01
-4.34483e+00  2.68966e+00       2.776e+11  8.336408e-01 -7.311326e-02  4.039760e-01  1.663592e-01
-3.93103e+00  2.68966e+00       2.085e+11  8.110010e-01 -7.061466e-02  3.929394e-01  1.889990e-01
-3.51724e+00  2.68966e+00       2.410e+11  8.861730e-01 -3.299668e-02  1.994937e-01  1.138270e-01
-3.10345e+00  2.68966e+00       6.083e+11  9.779008e-01 -1.136690e-02  3.156552e-02  2.209922e-02
-2.68966e+00  2.68966e+00       1.410e+12  9.943283e-01 -1.508808e-02 -1.391323e-02  5.671734e-03
-2.27586e+00  2.68966e+00       2.001e+12  9.949225e-01 -2.339116e-02 -3.864109e-02  5.077469e-03
-1.86207e+00  2.68966e+00       1.720e+12  9.922018e-01 -3.701565e-02 -5.669750e-02  7.798244e-03
-1.44828e+00  2.68966e+00       1.091e+12  9.870703e-01 -5.358310e-02 -5.250516e-02  1.292971e-02
-1.03448e+00  2.68966e+00       7.287e+11  9.808124e-01 -4.900364e-02 -2.165698e-02  1.918756e-02
-6.20690e-01  2.68966e+00       5.638e+11  9.735741e-01 -2.034484e-02 -2.644287e-02  2.642595e-02
-2.06897e-01  2.68966e+00       4.675e+11  9.648908e-01  1.139251e-03 -8.017772e-02  3.510919e-02
 2.06897e-01  2.68966e+00       4.136e+11  9.582581e-01  1.582192e-02 -1.291814e-01  4.174186e-02
 6.20690e-01  2.68966e+00       3.946e+11  9.560267e-01  2.375947e-02 -1.424401e-01  4.397329e-02
 1.03448e+00  2.68966e+00       4.648e+11  9.631858e-01  1.165455e-02 -9.181377e-02  3.681418e-02
 1.44828e+00  2.68966e+00       8.498e+11  9.820507e-01  5.777810e-03 -3.372300e-03  1.794930e-02
 1.86207e+00  2.68966e+00       1.609e+12  9.928021e-01  1.024133e-02  2.755434e-02  7.197924e-03
 2.27586e+00  2.68966e+00       2.018e+12  9.958678e-01  1.517971e-02  2.366629e-02  4.132226e-03
 2.68966e+00  2.68966e+00       1.513e+12  9.947753e-01  2.064715e-02  2.641195e-03  5.224708e-03
 3.10345e+00  2.68966e+00       7.395e+11  9.819181e-01  2.745098e-02 -5.530487e-02  1.808194e-02
 3.51724e+00  2.68966e+00       3.476e+11  9.287211e-01  1.743600e-02 -2.122012e-01  7.127888e-02
 3.93103e+00  2.68966e+00       2.721e+11  8.727992e-01 -3.447532e-02 -3.625176e-01  1.272008e-01
 4.34483e+00  2.68966e+00       3.348e+11  8.683112e-01 -6.283626e-02 -4.058007e-01  1.316888e-01
 4.75862e+00  2.68966e+00       4.309e+11  8.434346e-01 -5.597928e-02 -4.493679e-01  1.565654e-01
 5.17241e+00  2.68966e+00       4.385e+11  7.495871e-01 -4.840391e-02 -5.332331e-01  2.504129e-01
 5.58621e+00  2.68966e+00       3.633e+11  5.716426e-01 -4.455628e-02 -6.696434e-01  4.283574e-01
 6.00000e+00  2.68966e+00       3.070e+11  3.293093e-01 -2.700157e-02 -7.942209e-01  6.706907e-01
-6.00000e+00  3.10345e+00       3.323e+11  5.833954e-03 -6.071721e-03  8.432291e-01  9.941660e-01
-5.58621e+00  3.10345e+00       3.149e+11  3.187197e-01 -1.750032e-02  7.272025e-01  6.812803e-01
-5.17241e+00  3.10345e+00       3.989e+11  5.978742e-01 -4.954671e-02  5.702084e-01  4.021258e-01
-4.75862e+00  3.10345e+00       4.365e+11  7.698612e-01 -5.895811e-02  4.424686e-01  2.301388e-01
-4.34483e+00  3.10345e+00       3.788e+11  8.512172e-01 -6.658753e-02  3.752373e-01  1.487828e-01
-3.93103e+00  3.10345e+00       2.872e+11  8.462884e-01 -7.171512e-02  3.778518e-01  1.537116e-01
-3.51724e+00  3.10345e+00       2.062e+11  8.035324e-01 -6.275573e-02  3.661084e-01  1.964676e-01
-3.10345e+00  3.10345e+00       1.887e+11  8.512166e-01 -1.525239e-02  1.413803e-01  1.487834e-01
-2.68966e+00  3.10345e+00       3.859e+11  9.492178e-01  1.360403e-02 -1.282854e-01  5.078222e-02
-2.27586e+00  3.10345e+00       9.421e+11  9.607133e-01  1.243585e-03 -2.224693e-01  3.928673e-02
-1.86207e+00  3.10345e+00       1.574e+12  9.465534e-01 -1.670919e-02 -2.770073e-01  5.344659e-02
-1.44828e+00  3.10345e+00       1.604e+12  9.219282e-01 -4.260203e-02 -3.249657e-01  7.807185e-02
-1.03448e+00  3.10345e+00       1.014e+12  8.799069e-01 -7.411209e-02 -3.645743e-01  1.200931e-01
-6.20690e-01  3.10345e+00       4.756e+11  8.094457e-01 -7.647242e-02 -3.657604e-01  1.905543e-01
-2.06897e-01  3.10345e+00       2.722e+11  7.525892e-01  5.042567e-03 -2.403238e-01  2.474108e-01
 2.06897e-01  3.10345e+00       2.945e+11  7.913368e-01  4.783659e-02  5.303910e-02  2.086632e-01
 6.20690e-01  3.10345e+00       5.403e+11  8.641008e-01  1.028110e-02  2.928741e-01  1.358992e-01
 1.03448e+00  3.10345e+00       1.074e+12  9.063249e-01 -3.145987e-03  3.508957e-01  9.367506e-02
 1.44828e+00  3.10345e+00       1.616e+12  9.297748e-01  6.989776e-03  3.297302e-01  7.022520e-02
 1.86207e+00  3.10345e+00       1.598e+12  9.470555e-01  1.876402e-02  2.830628e-01  5.294446e-02
 2.27586e+00  3.10345e+00       1.030e+12  9.605830e-01  2.832885e-02  2.148092e-01  3.941705e-02
 2.68966e+00  3.10345e+00       5.080e+11  9.612798e-01  3.944116e-02  8.775680e-02  3.872019e-02
 3.10345e+00  3.10345e+00       2.982e+11  9.233154e-01  2.925488e-02 -1.446345e-01  7.668464e-02
 3.51724e+00  3.10345e+00       2.719e+11  8.834809e-01 -2.218645e-02 -3.063687e-01  1.165191e-01
 3.93103e+00  3.10345e+00       3.335e+11  8.869320e-01 -5.858885e-02 -3.453553e-01  1.130680e-01
 4.34483e+00  3.10345e+00       4.544e+11  8.841064e-01 -5.671492e-02 -3.819411e-01  1.158936e-01
 4.75862e+00  3.10345e+00       5.122e+11  8.249396e-01 -4.735802e-02 -4.535277e-01  1.750604e-01
 5.17241e+00  3.10345e+00       4.559e+11  6.790760e-01 -4.580737e-02 -5.849596e-01  3.209240e-01
 5.58621e+00  3.10345e+00       3.811e+11  4.623829e-01 -3.847298e-02 -7.468216e-01  5.376171e-01
 6.00000e+00  3.10345e+00       3.893e+11  1.777750e-01 -1.920949e-02 -8.502219e-01  8.222250e-01
-6.00000e+00  3.51724e+00       5.114e+11  4.162645e-02  6.935899e-02  8.879987e-01  9.583735e-01
-5.58621e+00  3.51724e+00       3.758e+11  2.297221e-01  7.688361e-02  8.262386e-01  7.702779e-01
-5.17241e+00  3.51724e+00       3.971e+11  4.935287e-01  1.996192e-03  6.643494e-01  5.064713e-01
-4.75862e+00  3.51724e+00       4.848e+11  7.142458e-01 -4.400693e-02  4.857478e-01  2.857542e-01
-4.34483e+00  3.51724e+00       4.907e+11  8.430804e-01 -5.912026e-02  3.560185e-01  1.569196e-01
-3.93103e+00  3.51724e+00       4.067e+11  8.950733e-01 -6.667544e-02  2.962291e-01  1.049267e-01
-3.51724e+00  3.51724e+00       3.090e+11  8.744632e-01 -6.215496e-02  3.114592e-01  1.255368e-01
-3.10345e+00  3.51724e+00       2.166e+11  8.135938e-01 -5.396266e-02  3.189982e-01  1.864062e-01
-2.68966e+00  3.51724e+00       1.433e+11  7.773549e-01 -3.579854e-03  1.661614e-01  2.226451e-01
-2.27586e+00  3.51724e+00       1.353e+11  8.148842e-01  9.868080e-02 -2.045714e-01  1.851158e-01
-1.86207e+00  3.51724e+00       2.194e+11  7.938913e-01  1.079880e-01 -4.769222e-01  2.061087e-01
-1.44828e+00  3.51724e+00       3.984e+11  6.702630e-01  1.079643e-01 -6.324138e-01  3.297370e-01
-1.03448e+00  3.51724e+00       6.052e+11  4.768358e-01  1.279914e-01 -7.232782e-01  5.231642e-01
-6.20690e-01  3.51724e+00       6.960e+11  2.023681e-01  1.514447e-01 -6.944982e-01  7.976319e-01
-2.06897e-01  3.51724e+00       6.588e+11 -1.008475e-01  1.727618e-01 -3.813190e-01  8.991525e-01
 2.06897e-01  3.51724e+00       6.357e+11 -1.562737e-01  1.760387e-01  2.210746e-01  8.437263e-01
 6.20690e-01  3.51724e+00       6.556e+11  1.162720e-01  1.465816e-01  6.356733e-01  8.837280e-01
 1.03448e+00  3.51724e+00       6.032e+11  4.337113e-01  1.048160e-01  6.995407e-01  5.662887e-01
 1.44828e+00  3.51724e+00       4.587e+11  6.804664e-01  7.752349e-02  5.747136e-01  3.195336e-01
 1.86207e+00  3.51724e+00       3.172e+11  8.385599e-01  7.781437e-02  3.830721e-01  1.614401e-01
 2.27586e+00  3.51724e+00       2.424e+11  9.030830e-01  8.067472e-02  1.409317e-01  9.691703e-02
 2.68966e+00  3.51724e+00       2.419e+11  9.063114e-01  3.767568e-02 -1.119947e-01  9.368862e-02
 3.10345e+00  3.51724e+00       2.706e+11  8.962248e-01 -2.070866e-02 -2.232690e-01  1.037752e-01
 3.51724e+00  3.51724e+00       3.357e+11  9.094071e-01 -5.462465e-02 -2.438945e-01  9.059294e-02
 3.93103e+00  3.51724e+00       4.782e+11  9.213874e-01 -5.593658e-02 -2.828848e-01  7.861263e-02
 4.34483e+00  3.51724e+00       5.783e+11  8.902444e-01 -4.787869e-02 -3.501938e-01  1.097556e-01
 4.75862e+00  3.51724e+00       5.273e+11  7.854243e-01 -4.587276e-02 -4.675460e-01  2.145757e-01
 5.17241e+00  3.51724e+00       4.188e+11  5.942293e-01 -3.884413e-02 -6.470822e-01  4.057707e-01
 5.58621e+00  3.51724e+00       3.688e+11  3.616147e-01 -7.997481e-03 -7.995159e-01  6.383853e-01
 6.00000e+00  3.51724e+00       4.612e+11  8.210979e-02 -5.872221e-04 -8.764264e-01  9.178902e-01
-6.00000e+00  3.93103e+00       7.785e+11  5.927929e-02  3.055497e-02  9.159307e-01  9.407207e-01
-5.58621e+00  3.93103e+00       5.183e+11  2.011452e-01  7.837485e-02  8.771558e-01  7.988548e-01
-5.17241e+00  3.93103e+00       4.064e+11  3.788549e-01  5.617315e-02  7.770640e-01  6.211451e-01
-4.75862e+00  3.93103e+00       4.626e+11  6.154718e-01 -1.838721e-02  5.755343e-01  3.845282e-01
-4.34483e+00  3.93103e+00       5.515e+11  7.966100e-01 -4.966313e-02  3.764527e-01  2.033900e-01
-3.93103e+00  3.93103e+00       5.369e+11  8.992062e-01 -6.023765e-02  2.325726e-01  1.007938e-01
-3.51724e+00  3.93103e+00       4.426e+11  9.383386e-01 -6.353968e-02  1.656050e-01  6.166138e-02
-3.10345e+00  3.93103e+00       3.475e+11  9.180280e-01 -4.793329e-02  1.851086e-01  8.197201e-02
-2.68966e+00  3.93103e+00       2.558e+11  8.500177e-01 -4.448555e-02  2.238565e-01  1.499823e-01
-2.27586e+00  3.93103e+00       1.600e+11  7.483214e-01 -3.597368e-02  1.822356e-01  2.516786e-01
-1.86207e+00  3.93103e+00       9.364e+10  6.277677e-01  1.255786e-01 -3.932395e-02  3.722323e-01
-1.44828e+00  3.93103e+00       7.132e+10  5.139064e-01  3.506393e-01 -3.784619e-01  4.860936e-01
-1.03448e+00  3.93103e+00       7.183e+10  3.113316e-01  3.778976e-01 -5.403695e-01  6.886684e-01
-6.20690e-01  3.93103e+00       7.456e+10 -7.381403e-03  3.626163e-01 -3.865645e-01  9.926186e-01
-2.06897e-01  3.93103e+00       7.847e+10 -2.210079e-01  3.535961e-01  9.283358e-02  7.789921e-01
 2.06897e-01  3.93103e+00       8.704e+10 -1.529195e-01  2.868017e-01  5.588783e-01  8.470805e-01
 6.20690e-01  3.93103e+00       9.313e+10  5.992274e-02  2.047765e-01  7.288585e-01  9.400773e-01
 1.03448e+00  3.93103e+00       9.716e+10  3.488569e-01  1.953942e-01  6.151822e-01  6.511431e-01
 1.44828e+00  3.93103e+00       1.198e+11  6.740606e-01  2.042061e-01  3.363584e-01  3.259394e-01
 1.86207e+00  3.93103e+00       1.762e+11  8.577053e-01  1.149893e-01  8.868387e-02  1.422947e-01
 2.27586e+00  3.93103e+00       2.390e+11  9.004474e-01  1.652435e-02 -4.828325e-02  9.955259e-02
 2.68966e+00  3.93103e+00       2.711e+11  8.980672e-01 -3.191378e-02 -8.318046e-02  1.019328e-01
 3.10345e+00  3.93103e+00       3.399e+11  9.232118e-01 -4.920049e-02 -8.656120e-02  7.678815e-02
 3.51724e+00  3.93103e+00       5.100e+11  9.519671e-01 -5.018505e-02 -1.399684e-01  4.803287e-02
 3.93103e+00  3.93103e+00       6.400e+11  9.382558e-01 -4.533202e-02 -2.180173e-01  6.174419e-02
 4.34483e+00  3.93103e+00       5.995e+11  8.609540e-01 -4.660606e-02 -3.421247e-01  1.390460e-01
 4.75862e+00  3.93103e+00       4.843e+11  7.022819e-01 -4.680929e-02 -5.422685e-01  2.977181e-01
 5.17241e+00  3.93103e+00       4.154e+11  5.157896e-01 -1.992283e-02 -7.302401e-01  4.842104e-01
 5.58621e+00  3.93103e+00       4.643e+11  2.924414e-01  2.740114e-03 -8.422996e-01  7.075586e-01
 6.00000e+00  3.93103e+00       7.171e+11  5.333409e-02 -1.271729e-02 -9.142013e-01  9.466659e-01
-6.00000e+00  4.34483e+00       1.141e+12  1.074017e-01  3.535287e-03  9.356639e-01  8.925983e-01
-5.58621e+00  4.34483e+00       8.090e+11  2.357387e-01  4.673342e-02  8.927301e-01  7.642613e-01
-5.17241e+00  4.34483e+00       5.318e+11  3.565671e-01  8.852810e-02  8.379713e-01  6.434329e-01
-4.75862e+00  4.34483e+00       4.305e+11  5.065647e-01  4.592142e-02  7.119365e-01  4.934353e-01
-4.34483e+00  4.34483e+00       5.017e+11  7.052018e-01 -2.746868e-02  4.761611e-01  2.947982e-01
-3.93103e+00  4.34483e+00       5.946e+11  8.520415e-01 -5.269363e-02  2.435863e-01  1.479585e-01
-3.51724e+00  4.34483e+00       5.800e+11  9.300773e-01 -6.033891e-02  6.800389e-02  6.992268e-02
-3.10345e+00  4.34483e+00       4.841e+11  9.592880e-01 -6.432981e-02 -3.405716e-02  4.071197e-02
-2.68966e+00  4.34483e+00       3.914e+11  9.526683e-01 -3.583573e-02 -4.137056e-02  4.733174e-02
-2.27586e+00  4.34483e+00       3.208e+11  9.070867e-01 -3.105306e-03  1.977743e-02  9.291333e-02
-1.86207e+00  4.34483e+00       2.409e+11  8.127150e-01 -5.011524e-02  8.767677e-02  1.872850e-01
-1.44828e+00  4.34483e+00       1.511e+11  6.528909e-01 -1.319707e-01  1.378921e-01  3.471091e-01
-1.03448e+00  4.34483e+00       9.164e+10  4.249406e-01  1.113824e-02  1.979961e-01  5.750594e-01
-6.20690e-01  4.34483e+00       7.245e+10  2.197410e-01  4.525122e-01  2.613131e-01  7.802590e-01
-2.06897e-01  4.34483e+00       7.363e+10  1.605477e-01  6.986973e-01  3.132374e-01  8.394523e-01
 2.06897e-01  4.34483e+00       8.360e+10  2.967733e-01  6.305632e-01  3.713039e-01  7.032267e-01
 6.20690e-01  4.34483e+00       1.101e+11  5.832542e-01  3.543905e-01  3.576606e-01  4.167458e-01
 1.03448e+00  4.34483e+00       1.658e+11  8.003863e-01  7.986933e-02  2.668982e-01  1.996137e-01
 1.44828e+00  4.34483e+00       2.258e+11  8.571326e-01 -4.478194e-02  1.760230e-01  1.428674e-01
 1.86207e+00  4.34483e+00       2.396e+11  8.271104e-01 -5.370258e-02  1.271305e-01  1.728896e-01
 2.27586e+00  4.34483e+00       2.458e+11  8.181348e-01 -2.315184e-02  1.482602e-01  1.818652e-01
 2.68966e+00  4.34483e+00       3.589e+11  9.037061e-01 -3.311036e-02  1.353463e-01  9.629391e-02
 3.10345e+00  4.34483e+00       5.685e+11  9.610110e-01 -4.291244e-02  5.392065e-02  3.898900e-02
 3.51724e+00  4.34483e+00       6.895e+11  9.635376e-01 -4.322169e-02 -4.280492e-02  3.646235e-02
 3.93103e+00  4.34483e+00       6.298e+11  9.079236e-01 -4.983961e-02 -1.899143e-01  9.207639e-02
 4.34483e+00  4.34483e+00       5.114e+11  7.793634e-01 -5.533846e-02 -4.240065e-01  2.206366e-01
 4.75862e+00  4.34483e+00       4.435e+11  6.326146e-01 -2.877121e-02 -6.416352e-01  3.673854e-01
 5.17241e+00  4.34483e+00       4.691e+11  4.708989e-01  4.704443e-03 -7.715426e-01  5.291011e-01
 5.58621e+00  4.34483e+00       6.914e+11  2.472202e-01 -7.523924e-03 -8.784110e-01  7.527798e-01
 6.00000e+00  4.34483e+00       1.111e+12  8.204529e-02 -1.883879e-02 -9.440016e-01  9.179547e-01
-6.00000e+00  4.75862e+00       1.506e+12  1.743039e-01 -9.885905e-03  9.457087e-01  8.256961e-01
-5.58621e+00  4.75862e+00       1.222e+12  2.865445e-01  1.125036e-02  8.975760e-01  7.134555e-01
-5.17241e+00  4.75862e+00       8.542e+11  4.077588e-01  5.905545e-02  8.352128e-01  5.922412e-01
-4.75862e+00  4.75862e+00       5.504e+11  5.021972e-01  9.832916e-02  7.712290e-01  4.978028e-01
-4.34483e+00  4.75862e+00       4.313e+11  6.083962e-01  4.940384e-02  6.447025e-01  3.916038e-01
-3.93103e+00  4.75862e+00       4.917e+11  7.580561e-01 -2.933614e-02  3.861432e-01  2.419439e-01
-3.51724e+00  4.75862e+00       5.915e+11  8.674416e-01 -5.688202e-02  1.017141e-01  1.325584e-01
-3.10345e+00  4.75862e+00       6.030e+11  9.113836e-01 -6.027295e-02 -1.282891e-01  8.861643e-02
-2.68966e+00  4.75862e+00       5.220e+11  9.068719e-01 -7.008882e-02 -2.956805e-01  9.312814e-02
-2.27586e+00  4.75862e+00       4.208e+11  8.841070e-01 -6.889293e-02 -3.886172e-01  1.158930e-01
-1.86207e+00  4.75862e+00       3.355e+11  8.546475e-01 -2.937070e-03 -4.054625e-01  1.453525e-01
-1.44828e+00  4.75862e+00       2.868e+11  8.099836e-01  1.237486e-01 -3.927940e-01  1.900164e-01
-1.03448e+00  4.75862e+00       2.839e+11  7.928879e-01  1.787723e-01 -3.763949e-01  2.071121e-01
-6.20690e-01  4.75862e+00       2.835e+11  8.171530e-01  9.854690e-02 -3.343371e-01  1.828470e-01
-2.06897e-01  4.75862e+00       2.573e+11  8.218473e-01 -1.791004e-02 -2.916680e-01  1.781527e-01
 2.06897e-01  4.75862e+00       2.231e+11  7.391309e-01 -3.872983e-02 -2.970940e-01  2.608691e-01
 6.20690e-01  4.75862e+00       1.923e+11  5.545264e-01  9.584694e-02 -2.836436e-01  4.454736e-01
 1.03448e+00  4.75862e+00       1.666e+11  3.818549e-01  2.537734e-01 -8.895282e-02  6.181451e-01
 1.44828e+00  4.75862e+00       1.705e+11  4.191311e-01  1.962834e-01  2.860512e-01  5.808689e-01
 1.86207e+00  4.75862e+00       2.614e+11  6.586092e-01  2.197188e-02  4.747449e-01  3.413908e-01
 2.27586e+00  4.75862e+00       4.565e+11  8.330707e-01 -3.603372e-02  4.149043e-01  1.669293e-01
 2.68966e+00  4.75862e+00       6.445e+11  9.140134e-01 -4.229863e-02  3.044900e-01  8.598662e-02
 3.10345e+00  4.75862e+00       6.836e+11  9.404188e-01 -4.672935e-02  1.753367e-01  5.958122e-02
 3.51724e+00  4.75862e+00       5.875e+11  9.107325e-01 -6.144695e-02 -2.385754e-02  8.926752e-02
 3.93103e+00  4.75862e+00       4.869e+11  8.201830e-01 -6.819708e-02 -3.121160e-01  1.798170e-01
 4.34483e+00  4.75862e+00       4.447e+11  7.234901e-01 -3.218240e-02 -5.435489e-01  2.765099e-01
 4.75862e+00  4.75862e+00       4.725e+11  6.180782e-01  9.078177e-03 -6.706799e-01  3.819218e-01
 5.17241e+00  4.75862e+00       6.738e+11  4.292417e-01 -3.322503e-03 -8.044486e-01  5.707583e-01
 5.58621e+00  4.75862e+00       1.123e+12  2.595554e-01 -1.906697e-02 -9.081687e-01  7.404446e-01
 6.00000e+00  4.75862e+00       1.564e+12  1.548273e-01 -1.261468e-02 -9.562379e-01  8.451727e-01
-6.00000e+00  5.17241e+00       1.753e+12  2.538170e-01 -1.184334e-02  9.425259e-01  7.461830e-01
-5.58621e+00  5.17241e+00       1.627e+12  3.484634e-01 -7.922962e-03  8.955665e-01  6.515366e-01
-5.17241e+00  5.17241e+00       1.315e+12  4.604775e-01  1.581487e-02  8.235265e-01  5.395225e-01
-4.75862e+00  5.17241e+00       9.290e+11  5.711644e-01  6.543023e-02  7.390520e-01  4.288356e-01
-4.34483e+00  5.17241e+00       5.843e+11  6.420020e-01  1.109643e-01  6.685922e-01  3.579980e-01
-3.93103e+00  5.17241e+00       4.110e+11  6.972667e-01  7.428970e-02  5.752336e-01  3.027333e-01
-3.51724e+00  5.17241e+00       4.240e+11  7.833870e-01 -1.712424e-02  3.464885e-01  2.166130e-01
-3.10345e+00  5.17241e+00       5.075e+11  8.357421e-01 -6.471391e-02  9.676465e-03  1.642579e-01
-2.68966e+00  5.17241e+00       5.589e+11  8.221763e-01 -6.921494e-02 -3.057244e-01  1.778237e-01
-2.27586e+00  5.17241e+00       5.235e+11  7.391041e-01 -6.147559e-02 -5.420496e-01  2.608959e-01
-1.86207e+00  5.17241e+00       4.433e+11  5.912726e-01 -8.501952e-02 -7.227305e-01  4.087274e-01
-1.44828e+00  5.17241e+00       3.583e+11  4.191915e-01 -1.210069e-01 -8.302173e-01  5.808085e-01
-1.03448e+00  5.17241e+00       2.610e+11  2.014642e-01 -8.454733e-02 -8.603936e-01  7.985358e-01
-6.20690e-01  5.17241e+00       1.926e+11 -1.205794e-01  7.634386e-02 -7.989197e-01  8.794206e-01
-2.06897e-01  5.17241e+00       1.702e+11 -4.054310e-01  2.351271e-01 -5.932814e-01  5.945690e-01
 2.06897e-01  5.17241e+00       1.662e+11 -4.930917e-01  2.628190e-01 -1.807171e-01  5.069083e-01
 6.20690e-01  5.17241e+00       1.907e+11 -2.683251e-01  1.388717e-01  4.153613e-01  7.316749e-01
 1.03448e+00  5.17241e+00       2.817e+11  1.100354e-01 -1.407476e-02  7.831300e-01  8.899646e-01
 1.44828e+00  5.17241e+00       4.235e+11  3.895551e-01 -6.464215e-02  8.194014e-01  6.104449e-01
 1.86207e+00  5.17241e+00       5.470e+11  6.004192e-01 -5.770589e-02  7.168940e-01  3.995808e-01
 2.27586e+00  5.17241e+00       5.944e+11  7.535663e-01 -5.254620e-02  5.735120e-01  2.464337e-01
 2.68966e+00  5.17241e+00       5.464e+11  8.361130e-01 -6.890906e-02  3.903556e-01  1.638870e-01
 3.10345e+00  5.17241e+00       4.613e+11  8.558992e-01 -9.412440e-02  9.814477e-02  1.441008e-01
 3.51724e+00  5.17241e+00       4.179e+11  8.306007e-01 -8.412476e-02 -2.378554e-01  1.693993e-01
 3.93103e+00  5.17241e+00       4.221e+11  7.985094e-01 -2.159297e-02 -4.317924e-01  2.014906e-01
 4.34483e+00  5.17241e+00       4.694e+11  7.396559e-01  1.953365e-02 -5.356975e-01  2.603441e-01
 4.75862e+00  5.17241e+00       6.704e+11  5.873690e-01 -2.380907e-03 -6.959947e-01  4.126310e-01
 5.17241e+00  5.17241e+00       1.141e+12  4.306449e-01 -2.021798e-02 -8.389452e-01  5.693551e-01
 5.58621e+00  5.17241e+00       1.671e+12  3.272049e-01 -1.286263e-02 -9.117985e-01  6.727951e-01
 6.00000e+00  5.17241e+00       1.875e+12  2.477471e-01  8.406259e-04 -9.486110e-01  7.522529e-01
-6.00000e+00  5.58621e+00       1.857e+12  3.473803e-01 -7.673250e-03  9.225215e-01  6.526197e-01
-5.58621e+00  5.58621e+00       1.882e+12  4.204608e-01 -1.127604e-02  8.815176e-01  5.795392e-01
-5.17241e+00  5.58621e+00       1.719e+12  5.148802e-01 -7.043524e-03  8.118831e-01  4.851198e-01
-4.75862e+00  5.58621e+00       1.420e+12  6.198741e-01  1.537813e-02  7.126285e-01  3.801259e-01
-4.34483e+00  5.58621e+00       1.047e+12  7.190594e-01  6.304638e-02  5.991466e-01  2.809406e-01
-3.93103e+00  5.58621e+00       6.648e+11  7.759326e-01  1.200156e-01  5.109599e-01  2.240674e-01
-3.51724e+00  5.58621e+00       4.036e+11  7.904469e-01  1.232325e-01  4.525146e-01  2.095531e-01
-3.10345e+00  5.58621e+00       3.359e+11  8.262549e-01  3.271361e-02  3.366768e-01  1.737451e-01
-2.68966e+00  5.58621e+00       3.595e+11  8.319597e-01 -5.115318e-02  9.855656e-02  1.680403e-01
-2.27586e+00  5.58621e+00       3.867e+11  7.162895e-01 -1.061305e-01 -2.693678e-01  2.837105e-01
-1.86207e+00  5.58621e+00       4.133e+11  4.844489e-01 -1.188446e-01 -6.317711e-01  5.155511e-01
-1.44828e+00  5.58621e+00       4.117e+11  2.081457e-01 -8.338063e-02 -8.171072e-01  7.918543e-01
-1.03448e+00  5.58621e+00       3.551e+11 -1.245578e-01 -3.097258e-02 -8.018346e-01  8.754422e-01
-6.20690e-01  5.58621e+00       2.881e+11 -5.067656e-01 -1.113188e-02 -5.567739e-01  4.932344e-01
-2.06897e-01  5.58621e+00       2.608e+11 -7.319047e-01 -2.905557e-02 -8.045045e-02  2.680953e-01
 2.06897e-01  5.58621e+00       2.795e+11 -6.345987e-01 -3.955305e-02  4.319114e-01  3.654013e-01
 6.20690e-01  5.58621e+00       3.260e+11 -3.361853e-01 -3.690639e-02  7.665790e-01  6.638147e-01
 1.03448e+00  5.58621e+00       3.742e+11 -1.400409e-02 -4.593174e-02  8.977005e-01  9.859959e-01
 1.44828e+00  5.58621e+00       3.962e+11  2.457412e-01 -7.715305e-02  8.867576e-01  7.542588e-01
 1.86207e+00  5.58621e+00       3.681e+11  4.486597e-01 -1.202994e-01  7.507714e-01  5.513403e-01
 2.27586e+00  5.58621e+00       3.222e+11  6.430727e-01 -1.623071e-01  4.354984e-01  3.569273e-01
 2.68966e+00  5.58621e+00       3.152e+11  7.871447e-01 -1.531788e-01  4.762693e-02  2.128553e-01
 3.10345e+00  5.58621e+00       3.490e+11  8.453067e-01 -6.550682e-02 -1.847154e-01  1.546933e-01
 3.51724e+00  5.58621e+00       3.958e+11  8.645087e-01  2.059037e-02 -2.655443e-01  1.354913e-01
 3.93103e+00  5.58621e+00       4.630e+11  8.323655e-01  3.123348e-02 -3.553216e-01  1.676345e-01
 4.34483e+00  5.58621e+00       6.880e+11  7.136905e-01 -8.695360e-03 -5.614031e-01  2.863095e-01
 4.75862e+00  5.58621e+00       1.190e+12  5.870316e-01 -2.221434e-02 -7.392025e-01  4.129684e-01
 5.17241e+00  5.58621e+00       1.770e+12  4.952868e-01 -1.081781e-02 -8.341488e-01  5.047132e-01
 5.58621e+00  5.58621e+00       2.050e+12  4.195741e-01  3.701975e-03 -8.879381e-01  5.804259e-01
 6.00000e+00  5.58621e+00       1.917e+12  3.476692e-01  9.245348e-03 -9.230989e-01  6.523308e-01
-6.00000e+00  6.00000e+00       1.800e+12  4.661292e-01 -3.798403e-03  8.734753e-01  5.338708e-01
-5.58621e+00  6.00000e+00       2.015e+12  5.114442e-01 -6.920323e-03  8.459133e-01  4.885558e-01
-5.17241e+00  6.00000e+00       1.952e+12  5.774432e-01 -1.039531e-02  7.912485e-01  4.225568e-01
-4.75862e+00  6.00000e+00       1.763e+12  6.639653e-01 -7.175255e-03  6.978403e-01  3.360347e-01
-4.34483e+00  6.00000e+00       1.506e+12  7.535932e-01  1.019178e-02  5.694216e-01  2.464068e-01
-3.93103e+00  6.00000e+00       1.192e+12  8.350607e-01  4.946472e-02  4.179183e-01  1.649393e-01
-3.51724e+00  6.00000e+00       8.294e+11  8.844213e-01  1.099006e-01  2.857841e-01  1.155787e-01
-3.10345e+00  6.00000e+00       4.838e+11  8.780603e-01  1.671719e-01  2.168589e-01  1.219397e-01
-2.68966e+00  6.00000e+00       2.867e+11  8.439652e-01  1.458613e-01  1.803615e-01  1.560348e-01
-2.27586e+00  6.00000e+00       2.538e+11  8.738062e-01  5.079862e-02  7.735764e-02  1.261938e-01
-1.86207e+00  6.00000e+00       2.611e+11  8.783093e-01 -2.646739e-02 -3.670881e-02  1.216907e-01
-1.44828e+00  6.00000e+00       2.347e+11  7.558481e-01 -1.625630e-01 -2.089260e-01  2.441519e-01
-1.03448e+00  6.00000e+00       2.052e+11  5.184895e-01 -3.229919e-01 -4.562349e-01  4.815105e-01
-6.20690e-01  6.00000e+00       1.768e+11  2.654959e-01 -3.780051e-01 -6.042394e-01  7.345041e-01
-2.06897e-01  6.00000e+00       1.412e+11  6.168169e-03 -3.740685e-01 -5.603640e-01  9.938318e-01
 2.06897e-01  6.00000e+00       1.206e+11 -1.744683e-01 -4.301446e-01 -2.901888e-01  8.255317e-01
 6.20690e-01  6.00000e+00       1.289e+11 -9.506243e-02 -5.255794e-01  7.106442e-02  9.049376e-01
 1.03448e+00  6.00000e+00       1.547e+11  1.735382e-01 -5.081306e-01  2.698342e-01  8.264618e-01
 1.44828e+00  6.00000e+00       1.789e+11  4.534126e-01 -3.820787e-01  2.320098e-01  5.465874e-01
 1.86207e+00  6.00000e+00       2.051e+11  6.543205e-01 -2.142984e-01  7.812277e-02  3.456795e-01
 2.27586e+00  6.00000e+00       2.604e+11  7.859489e-01 -4.382220e-02  7.266533e-03  2.140511e-01
 2.68966e+00  6.00000e+00       3.290e+11  8.608924e-01  5.755899e-02  2.146589e-02  1.391076e-01
 3.10345e+00  6.00000e+00       3.735e+11  8.878864e-01  6.906203e-02  1.258353e-02  1.121136e-01
 3.51724e+00  6.00000e+00       4.610e+11  8.736395e-01  1.713356e-02 -1.438018e-01  1.263605e-01
 3.93103e+00  6.00000e+00       7.482e+11  8.061323e-01 -2.321162e-02 -4.163437e-01  1.938677e-01
 4.34483e+00  6.00000e+00       1.292e+12  7.242178e-01 -2.133040e-02 -6.121808e-01  2.757822e-01
 4.75862e+00  6.00000e+00       1.878e+12  6.529338e-01 -4.210983e-03 -7.222641e-01  3.470662e-01
 5.17241e+00  6.00000e+00       2.182e+12  5.863303e-01  9.352940e-03 -7.914353e-01  4.136697e-01
 5.58621e+00  6.00000e+00       2.083e+12  5.192570e-01  1.111357e-02 -8.413432e-01  4.807430e-01
 6.00000e+00  6.00000e+00       1.781e+12  4.537323e-01  6.483743e-03 -8.776927e-01  5.462677e-01
