 EB(GeV)    EMITTANCEx EMITTANCEy SIZEx(m)   SIZEy(m)   DIVx(rad)  DIVy(rad)
 1.500e+00  5.941e-09  5.941e-11  1.840e-04  1.299e-05  3.228e-05  4.574e-06
 betax      alphax     betay      alphay     eta        deta       E_spread  
 5.700e+00  0.000e+00  2.840e+00  0.000e+00  0.000e+00  0.000e+00  1.000e-03
 Ibeam(A) 
  2.000e-01


           x            y       F.Density            PL            PC          PL45        1-|PL|
          mm           mm  ph/s/mm^2/0.1%             -             -             -             -
-6.00000e+00 -6.00000e+00       1.220e+12  6.278202e-01  1.401057e-02 -7.488393e-01  3.721798e-01
-5.58621e+00 -6.00000e+00       1.618e+12  6.839247e-01  1.133027e-02 -6.985042e-01  3.160753e-01
-5.17241e+00 -6.00000e+00       2.264e+12  7.370354e-01  7.251680e-03 -6.502358e-01  2.629646e-01
-4.75862e+00 -6.00000e+00       2.756e+12  7.713098e-01  3.192859e-03 -6.134652e-01  2.286902e-01
-4.34483e+00 -6.00000e+00       2.622e+12  8.032003e-01 -4.744298e-03 -5.620749e-01  1.967997e-01
-3.93103e+00 -6.00000e+00       2.113e+12  8.457743e-01 -1.857122e-02 -4.603785e-01  1.542257e-01
-3.51724e+00 -6.00000e+00       1.681e+12  8.889269e-01 -2.932241e-02 -2.850467e-01  1.110731e-01
-3.10345e+00 -6.00000e+00       1.408e+12  9.088188e-01 -2.869013e-02 -6.195392e-02  9.118123e-02
-2.68966e+00 -6.00000e+00       1.147e+12  8.936168e-01 -3.029155e-02  1.509524e-01  1.063832e-01
-2.27586e+00 -6.00000e+00       8.018e+11  8.400084e-01 -4.567473e-02  3.118109e-01  1.599916e-01
-1.86207e+00 -6.00000e+00       4.744e+11  7.548059e-01 -5.527800e-02  4.083844e-01  2.451941e-01
-1.44828e+00 -6.00000e+00       2.924e+11  6.869611e-01 -3.767508e-02  3.764913e-01  3.130389e-01
-1.03448e+00 -6.00000e+00       2.190e+11  6.203777e-01 -1.015559e-01  1.394132e-01  3.796223e-01
-6.20690e-01 -6.00000e+00       1.928e+11  4.234221e-01 -3.140890e-01 -1.733118e-01  5.765779e-01
-2.06897e-01 -6.00000e+00       1.968e+11  2.357646e-01 -4.756449e-01 -3.667917e-01  7.642354e-01
 2.06897e-01 -6.00000e+00       2.102e+11  2.500827e-01 -4.347969e-01 -4.369311e-01  7.499173e-01
 6.20690e-01 -6.00000e+00       2.150e+11  3.645459e-01 -2.188078e-01 -4.329076e-01  6.354541e-01
 1.03448e+00 -6.00000e+00       2.204e+11  4.126455e-01  4.204596e-02 -4.223133e-01  5.873545e-01
 1.44828e+00 -6.00000e+00       2.563e+11  4.621983e-01  1.418479e-01 -4.763479e-01  5.378017e-01
 1.86207e+00 -6.00000e+00       3.368e+11  6.135970e-01  1.150324e-01 -5.043963e-01  3.864030e-01
 2.27586e+00 -6.00000e+00       4.513e+11  7.582272e-01  8.989650e-02 -4.102114e-01  2.417728e-01
 2.68966e+00 -6.00000e+00       6.600e+11  8.593503e-01  5.777406e-02 -1.709465e-01  1.406497e-01
 3.10345e+00 -6.00000e+00       1.096e+12  9.012403e-01  1.769144e-02  1.067356e-01  9.875966e-02
 3.51724e+00 -6.00000e+00       1.758e+12  8.943455e-01 -6.102589e-03  3.103405e-01  1.056545e-01
 3.93103e+00 -6.00000e+00       2.358e+12  8.612869e-01 -1.173619e-02  4.450081e-01  1.387131e-01
 4.34483e+00 -6.00000e+00       2.636e+12  8.092966e-01 -8.115420e-03  5.517290e-01  1.907034e-01
 4.75862e+00 -6.00000e+00       2.618e+12  7.521873e-01 -4.278361e-03  6.351902e-01  2.478127e-01
 5.17241e+00 -6.00000e+00       2.384e+12  7.038720e-01 -7.235452e-03  6.890777e-01  2.961280e-01
 5.58621e+00 -6.00000e+00       1.947e+12  6.667991e-01 -1.456864e-02  7.220435e-01  3.332009e-01
 6.00000e+00 -6.00000e+00       1.355e+12  6.425253e-01 -1.970761e-02  7.414058e-01  3.574747e-01
-6.00000e+00 -5.58621e+00       1.487e+12  5.400791e-01  1.199883e-02 -8.179792e-01  4.599209e-01
-5.58621e+00 -5.58621e+00       2.147e+12  5.935697e-01  7.699498e-03 -7.863687e-01  4.064303e-01
-5.17241e+00 -5.58621e+00       2.619e+12  6.308330e-01  2.327577e-03 -7.577416e-01  3.691670e-01
-4.75862e+00 -5.58621e+00       2.522e+12  6.755183e-01 -5.467229e-03 -7.074303e-01  3.244817e-01
-4.34483e+00 -5.58621e+00       2.107e+12  7.416798e-01 -1.407321e-02 -6.073698e-01  2.583202e-01
-3.93103e+00 -5.58621e+00       1.719e+12  8.203868e-01 -1.948354e-02 -4.484613e-01  1.796132e-01
-3.51724e+00 -5.58621e+00       1.372e+12  8.857741e-01 -2.899290e-02 -2.719871e-01  1.142259e-01
-3.10345e+00 -5.58621e+00       9.579e+11  9.157936e-01 -5.478776e-02 -1.329716e-01  8.420635e-02
-2.68966e+00 -5.58621e+00       5.642e+11  9.000754e-01 -9.837305e-02 -5.733223e-02  9.992458e-02
-2.27586e+00 -5.58621e+00       3.498e+11  8.424687e-01 -1.281571e-01 -2.550813e-02  1.575313e-01
-1.86207e+00 -5.58621e+00       3.038e+11  8.049905e-01 -7.332250e-02  7.894799e-02  1.950095e-01
-1.44828e+00 -5.58621e+00       3.120e+11  7.977073e-01 -2.280568e-02  1.876139e-01  2.022927e-01
-1.03448e+00 -5.58621e+00       2.814e+11  7.496953e-01 -2.214941e-02  1.341416e-01  2.503047e-01
-6.20690e-01 -5.58621e+00       2.217e+11  5.830415e-01  3.840575e-02 -1.359659e-01  4.169585e-01
-2.06897e-01 -5.58621e+00       1.916e+11  3.725263e-01  1.735622e-01 -4.583152e-01  6.274737e-01
 2.06897e-01 -5.58621e+00       1.982e+11  3.757015e-01  2.063982e-01 -5.388535e-01  6.242985e-01
 6.20690e-01 -5.58621e+00       2.095e+11  5.016192e-01  1.586173e-01 -3.932617e-01  4.983808e-01
 1.03448e+00 -5.58621e+00       2.169e+11  5.629022e-01  1.414171e-01 -1.889279e-01  4.370978e-01
 1.44828e+00 -5.58621e+00       2.463e+11  6.087690e-01  9.654690e-02 -9.307700e-02  3.912310e-01
 1.86207e+00 -5.58621e+00       3.060e+11  7.124324e-01 -1.415251e-02 -1.051159e-01  2.875676e-01
 2.27586e+00 -5.58621e+00       3.742e+11  8.078691e-01 -4.042538e-02 -1.344398e-01  1.921309e-01
 2.68966e+00 -5.58621e+00       4.508e+11  8.708364e-01  1.483824e-02 -1.132690e-01  1.291636e-01
 3.10345e+00 -5.58621e+00       5.914e+11  8.965303e-01  4.336366e-02  2.725713e-02  1.034697e-01
 3.51724e+00 -5.58621e+00       9.317e+11  8.671066e-01  2.960487e-02  2.740206e-01  1.328934e-01
 3.93103e+00 -5.58621e+00       1.573e+12  8.079172e-01  8.750946e-03  4.834865e-01  1.920828e-01
 4.34483e+00 -5.58621e+00       2.272e+12  7.467961e-01 -2.246193e-03  6.135580e-01  2.532039e-01
 4.75862e+00 -5.58621e+00       2.615e+12  6.814832e-01 -4.850281e-03  7.031102e-01  3.185168e-01
 5.17241e+00 -5.58621e+00       2.532e+12  6.144424e-01 -4.239452e-03  7.705862e-01  3.855576e-01
 5.58621e+00 -5.58621e+00       2.190e+12  5.586940e-01 -7.272801e-03  8.140052e-01  4.413060e-01
 6.00000e+00 -5.58621e+00       1.702e+12  5.183622e-01 -1.517418e-02  8.379520e-01  4.816378e-01
-6.00000e+00 -5.17241e+00       1.895e+12  4.449237e-01  8.805503e-03 -8.786598e-01  5.550763e-01
-5.58621e+00 -5.17241e+00       2.400e+12  4.854441e-01  2.977994e-03 -8.574644e-01  5.145559e-01
-5.17241e+00 -5.17241e+00       2.403e+12  5.370742e-01 -3.793907e-03 -8.162592e-01  4.629258e-01
-4.75862e+00 -5.17241e+00       2.057e+12  6.159089e-01 -9.949066e-03 -7.339572e-01  3.840911e-01
-4.34483e+00 -5.17241e+00       1.650e+12  7.154333e-01 -1.770377e-02 -6.068540e-01  2.845667e-01
-3.93103e+00 -5.17241e+00       1.227e+12  8.028227e-01 -3.869145e-02 -4.744456e-01  1.971773e-01
-3.51724e+00 -5.17241e+00       7.870e+11  8.465957e-01 -7.563674e-02 -3.779436e-01  1.534043e-01
-3.10345e+00 -5.17241e+00       4.881e+11  8.486743e-01 -9.364970e-02 -3.086398e-01  1.513257e-01
-2.68966e+00 -5.17241e+00       3.900e+11  8.501018e-01 -4.802006e-02 -2.116935e-01  1.498982e-01
-2.27586e+00 -5.17241e+00       3.520e+11  8.314691e-01  6.551826e-03 -6.476131e-02  1.685309e-01
-1.86207e+00 -5.17241e+00       2.947e+11  7.019995e-01  4.806735e-02  1.864456e-01  2.980005e-01
-1.44828e+00 -5.17241e+00       2.643e+11  3.496746e-01  1.002858e-01  5.384918e-01  6.503254e-01
-1.03448e+00 -5.17241e+00       2.847e+11 -9.650538e-02  1.766824e-01  7.385830e-01  9.034946e-01
-6.20690e-01 -5.17241e+00       3.116e+11 -4.301930e-01  2.302454e-01  6.506768e-01  5.698070e-01
-2.06897e-01 -5.17241e+00       3.116e+11 -6.488801e-01  2.444206e-01  3.173897e-01  3.511199e-01
 2.06897e-01 -5.17241e+00       3.051e+11 -6.843688e-01  2.290613e-01 -1.673018e-01  3.156312e-01
 6.20690e-01 -5.17241e+00       3.063e+11 -4.901546e-01  1.786167e-01 -5.763075e-01  5.098454e-01
 1.03448e+00 -5.17241e+00       2.981e+11 -1.448847e-01  9.946327e-02 -7.479714e-01  8.551153e-01
 1.44828e+00 -5.17241e+00       2.931e+11  3.021161e-01  5.370290e-02 -6.412127e-01  6.978839e-01
 1.86207e+00 -5.17241e+00       3.288e+11  6.687815e-01  8.175360e-02 -3.603668e-01  3.312185e-01
 2.27586e+00 -5.17241e+00       3.776e+11  8.136253e-01  9.748688e-02 -1.099898e-01  1.863747e-01
 2.68966e+00 -5.17241e+00       4.130e+11  8.532627e-01  5.356841e-02  6.562805e-02  1.467373e-01
 3.10345e+00 -5.17241e+00       4.674e+11  8.775111e-01  1.065289e-02  1.592734e-01  1.224889e-01
 3.51724e+00 -5.17241e+00       5.778e+11  8.741566e-01  1.498924e-02  2.530920e-01  1.258434e-01
 3.93103e+00 -5.17241e+00       8.563e+11  8.002713e-01  2.145690e-02  4.414622e-01  1.997287e-01
 4.34483e+00 -5.17241e+00       1.446e+12  6.971681e-01  1.244968e-02  6.304481e-01  3.028319e-01
 4.75862e+00 -5.17241e+00       2.151e+12  6.129533e-01  3.231634e-03  7.455760e-01  3.870467e-01
 5.17241e+00 -5.17241e+00       2.495e+12  5.387506e-01 -1.488701e-03  8.171355e-01  4.612494e-01
 5.58621e+00 -5.17241e+00       2.346e+12  4.683217e-01 -3.450452e-03  8.669261e-01  5.316783e-01
 6.00000e+00 -5.17241e+00       1.918e+12  4.102441e-01 -7.916882e-03  8.976129e-01  5.897559e-01
-6.00000e+00 -4.75862e+00       2.097e+12  3.405164e-01  4.775812e-03 -9.237986e-01  6.594836e-01
-5.58621e+00 -4.75862e+00       2.228e+12  3.920887e-01 -1.453553e-03 -8.952386e-01  6.079113e-01
-5.17241e+00 -4.75862e+00       1.959e+12  4.726911e-01 -7.048614e-03 -8.348821e-01  5.273089e-01
-4.75862e+00 -4.75862e+00       1.544e+12  5.814188e-01 -1.728028e-02 -7.378098e-01  4.185812e-01
-4.34483e+00 -4.75862e+00       1.104e+12  6.835790e-01 -4.393462e-02 -6.338293e-01  3.164210e-01
-3.93103e+00 -4.75862e+00       7.046e+11  7.427951e-01 -7.782973e-02 -5.526666e-01  2.572049e-01
-3.51724e+00 -4.75862e+00       4.846e+11  7.737231e-01 -6.763219e-02 -4.666792e-01  2.262769e-01
-3.10345e+00 -4.75862e+00       4.338e+11  8.057617e-01 -8.981742e-03 -2.861768e-01  1.942383e-01
-2.68966e+00 -4.75862e+00       4.585e+11  7.978893e-01  4.587760e-02  6.947541e-02  2.021107e-01
-2.27586e+00 -4.75862e+00       5.420e+11  7.141152e-01  7.587137e-02  4.597527e-01  2.858848e-01
-1.86207e+00 -4.75862e+00       5.989e+11  5.744004e-01  7.695082e-02  6.986250e-01  4.255996e-01
-1.44828e+00 -4.75862e+00       5.364e+11  3.780410e-01  8.261177e-02  8.271491e-01  6.219590e-01
-1.03448e+00 -4.75862e+00       4.218e+11  8.000286e-02  1.378696e-01  8.450149e-01  9.199971e-01
-6.20690e-01 -4.75862e+00       3.547e+11 -3.145766e-01  2.358722e-01  6.525068e-01  6.854234e-01
-2.06897e-01 -4.75862e+00       3.388e+11 -6.132085e-01  2.913729e-01  2.490886e-01  3.867915e-01
 2.06897e-01 -4.75862e+00       3.434e+11 -6.373200e-01  2.722503e-01 -2.321572e-01  3.626800e-01
 6.20690e-01 -4.75862e+00       3.817e+11 -3.376349e-01  1.883939e-01 -6.395682e-01  6.623651e-01
 1.03448e+00 -4.75862e+00       4.895e+11  9.292135e-02  9.936432e-02 -8.295002e-01  9.070787e-01
 1.44828e+00 -4.75862e+00       6.088e+11  3.897315e-01  6.355790e-02 -8.334755e-01  6.102685e-01
 1.86207e+00 -4.75862e+00       6.216e+11  5.744887e-01  5.406882e-02 -7.356412e-01  4.255113e-01
 2.27586e+00 -4.75862e+00       5.529e+11  7.268711e-01  4.478855e-02 -5.103464e-01  2.731289e-01
 2.68966e+00 -4.75862e+00       5.066e+11  8.364308e-01  4.960024e-02 -1.610329e-01  1.635692e-01
 3.10345e+00 -4.75862e+00       4.964e+11  8.634996e-01  5.683399e-02  1.469990e-01  1.365004e-01
 3.51724e+00 -4.75862e+00       5.049e+11  8.450655e-01  3.319659e-02  3.262336e-01  1.549345e-01
 3.93103e+00 -4.75862e+00       5.754e+11  8.050710e-01  1.245077e-02  4.391275e-01  1.949290e-01
 4.34483e+00 -4.75862e+00       8.248e+11  6.976460e-01  1.322896e-02  5.953756e-01  3.023540e-01
 4.75862e+00 -4.75862e+00       1.379e+12  5.649449e-01  1.127732e-02  7.520506e-01  4.350551e-01
 5.17241e+00 -4.75862e+00       2.029e+12  4.669436e-01  5.409910e-03  8.449839e-01  5.330564e-01
 5.58621e+00 -4.75862e+00       2.293e+12  3.893601e-01  5.862896e-04  8.980002e-01  6.106399e-01
 6.00000e+00 -4.75862e+00       2.058e+12  3.204934e-01 -3.019440e-03  9.310654e-01  6.795066e-01
-6.00000e+00 -4.34483e+00       1.980e+12  2.480651e-01  1.233653e-03 -9.461466e-01  7.519349e-01
-5.58621e+00 -4.34483e+00       1.828e+12  3.221458e-01 -4.324415e-03 -9.061757e-01  6.778542e-01
-5.17241e+00 -4.34483e+00       1.446e+12  4.313931e-01 -1.494076e-02 -8.347987e-01  5.686069e-01
-4.75862e+00 -4.34483e+00       1.023e+12  5.475546e-01 -4.259291e-02 -7.501239e-01  4.524454e-01
-4.34483e+00 -4.34483e+00       6.678e+11  6.283111e-01 -7.346945e-02 -6.747807e-01  3.716889e-01
-3.93103e+00 -4.34483e+00       4.957e+11  6.943799e-01 -5.209002e-02 -5.599428e-01  3.056201e-01
-3.51724e+00 -4.34483e+00       5.088e+11  7.899147e-01  1.028038e-02 -2.947207e-01  2.100853e-01
-3.10345e+00 -4.34483e+00       6.262e+11  8.656078e-01  4.926219e-02  4.839140e-02  1.343922e-01
-2.68966e+00 -4.34483e+00       7.160e+11  8.746148e-01  6.502443e-02  2.986232e-01  1.253852e-01
-2.27586e+00 -4.34483e+00       6.556e+11  8.277072e-01  8.716022e-02  4.652451e-01  1.722928e-01
-1.86207e+00 -4.34483e+00       4.969e+11  7.407222e-01  1.249369e-01  5.985161e-01  2.592778e-01
-1.44828e+00 -4.34483e+00       3.475e+11  6.196853e-01  1.595892e-01  7.081810e-01  3.803147e-01
-1.03448e+00 -4.34483e+00       2.468e+11  4.737579e-01  1.928685e-01  7.706829e-01  5.262421e-01
-6.20690e-01 -4.34483e+00       1.722e+11  3.332489e-01  2.328074e-01  7.195090e-01  6.667511e-01
-2.06897e-01 -4.34483e+00       1.170e+11  1.831961e-01  2.697382e-01  4.448700e-01  8.168039e-01
 2.06897e-01 -4.34483e+00       1.008e+11 -2.363209e-04  3.043482e-01 -8.275432e-02  9.997637e-01
 6.20690e-01 -4.34483e+00       1.267e+11 -3.801254e-02  2.849883e-01 -5.179820e-01  9.619875e-01
 1.03448e+00 -4.34483e+00       2.014e+11  2.312624e-01  1.752586e-01 -6.810514e-01  7.687376e-01
 1.44828e+00 -4.34483e+00       3.635e+11  5.708902e-01  8.410015e-02 -6.563863e-01  4.291098e-01
 1.86207e+00 -4.34483e+00       6.072e+11  7.595308e-01  5.387468e-02 -5.700884e-01  2.404692e-01
 2.27586e+00 -4.34483e+00       7.971e+11  8.483770e-01  4.330373e-02 -4.703379e-01  1.516230e-01
 2.68966e+00 -4.34483e+00       7.976e+11  8.933409e-01  3.497810e-02 -3.377000e-01  1.066591e-01
 3.10345e+00 -4.34483e+00       6.747e+11  9.007870e-01  3.280947e-02 -1.032095e-01  9.921297e-02
 3.51724e+00 -4.34483e+00       5.770e+11  8.600209e-01  4.104445e-02  2.099310e-01  1.399791e-01
 3.93103e+00 -4.34483e+00       5.348e+11  7.942267e-01  3.407103e-02  4.420772e-01  2.057733e-01
 4.34483e+00 -4.34483e+00       5.751e+11  7.121682e-01  1.321495e-02  5.792612e-01  2.878318e-01
 4.75862e+00 -4.34483e+00       8.184e+11  5.667359e-01  9.192260e-03  7.216847e-01  4.332641e-01
 5.17241e+00 -4.34483e+00       1.350e+12  4.174237e-01  9.807125e-03  8.454438e-01  5.825763e-01
 5.58621e+00 -4.34483e+00       1.895e+12  3.165909e-01  6.110955e-03  9.134476e-01  6.834091e-01
 6.00000e+00 -4.34483e+00       2.013e+12  2.412248e-01  1.397011e-03  9.487709e-01  7.587752e-01
-6.00000e+00 -3.93103e+00       1.657e+12  1.752873e-01 -1.178836e-03 -9.488757e-01  8.247127e-01
-5.58621e+00 -3.93103e+00       1.358e+12  2.762364e-01 -1.058147e-02 -8.995356e-01  7.237636e-01
-5.17241e+00 -3.93103e+00       9.713e+11  4.027353e-01 -3.618507e-02 -8.311154e-01  5.972647e-01
-4.75862e+00 -3.93103e+00       6.479e+11  5.093955e-01 -6.833699e-02 -7.605791e-01  4.906045e-01
-4.34483e+00 -3.93103e+00       4.983e+11  6.136717e-01 -4.913853e-02 -6.353665e-01  3.863283e-01
-3.93103e+00 -3.93103e+00       5.462e+11  7.666767e-01  1.220612e-02 -3.700406e-01  2.333233e-01
-3.51724e+00 -3.93103e+00       6.843e+11  8.888683e-01  4.737490e-02 -9.283307e-02  1.111317e-01
-3.10345e+00 -3.93103e+00       7.276e+11  9.379425e-01  6.847025e-02  9.331031e-02  6.205753e-02
-2.68966e+00 -3.93103e+00       6.111e+11  9.422474e-01  9.669311e-02  2.129603e-01  5.775263e-02
-2.27586e+00 -3.93103e+00       4.621e+11  9.309351e-01  1.040112e-01  2.764849e-01  6.906490e-02
-1.86207e+00 -3.93103e+00       3.893e+11  9.204530e-01  4.168400e-02  2.589904e-01  7.954700e-02
-1.44828e+00 -3.93103e+00       3.792e+11  9.055775e-01 -2.328337e-02  1.550259e-01  9.442246e-02
-1.03448e+00 -3.93103e+00       3.476e+11  8.560339e-01 -3.881711e-02 -2.761832e-02  1.439661e-01
-6.20690e-01 -3.93103e+00       2.874e+11  7.505531e-01 -6.058661e-02 -2.810141e-01  2.494469e-01
-2.06897e-01 -3.93103e+00       2.622e+11  6.748809e-01 -1.070070e-01 -4.606434e-01  3.251191e-01
 2.06897e-01 -3.93103e+00       2.804e+11  7.154263e-01 -1.070519e-01 -4.259125e-01  2.845737e-01
 6.20690e-01 -3.93103e+00       2.897e+11  7.639770e-01 -5.830955e-02 -2.684174e-01  2.360230e-01
 1.03448e+00 -3.93103e+00       2.533e+11  7.216267e-01 -1.098994e-02 -1.152726e-01  2.783733e-01
 1.44828e+00 -3.93103e+00       2.130e+11  6.393936e-01  1.704879e-02 -1.245294e-01  3.606064e-01
 1.86207e+00 -3.93103e+00       2.644e+11  7.424816e-01  5.391455e-02 -2.786584e-01  2.575184e-01
 2.27586e+00 -3.93103e+00       4.677e+11  8.923035e-01  6.193630e-02 -2.773025e-01  1.076965e-01
 2.68966e+00 -3.93103e+00       7.406e+11  9.527447e-01  4.715454e-02 -2.020136e-01  4.725530e-02
 3.10345e+00 -3.93103e+00       8.606e+11  9.640253e-01  3.381958e-02 -1.109203e-01  3.597466e-02
 3.51724e+00 -3.93103e+00       7.606e+11  9.315761e-01  2.774170e-02  4.922244e-02  6.842391e-02
 3.93103e+00 -3.93103e+00       6.140e+11  8.420638e-01  3.232700e-02  3.080583e-01  1.579362e-01
 4.34483e+00 -3.93103e+00       5.334e+11  7.289017e-01  2.862533e-02  5.417323e-01  2.710983e-01
 4.75862e+00 -3.93103e+00       5.671e+11  5.986256e-01  1.064854e-02  6.889771e-01  4.013744e-01
 5.17241e+00 -3.93103e+00       8.303e+11  4.155381e-01  7.293101e-03  8.177544e-01  5.844619e-01
 5.58621e+00 -3.93103e+00       1.330e+12  2.646092e-01  8.980229e-03  9.087688e-01  7.353908e-01
 6.00000e+00 -3.93103e+00       1.715e+12  1.702414e-01  5.953848e-03  9.534765e-01  8.297586e-01
-6.00000e+00 -3.51724e+00       1.260e+12  1.269015e-01 -5.118556e-03 -9.361426e-01  8.730985e-01
-5.58621e+00 -3.51724e+00       9.338e+11  2.537295e-01 -2.586760e-02 -8.834859e-01  7.462705e-01
-5.17241e+00 -3.51724e+00       6.335e+11  3.852780e-01 -6.070795e-02 -8.210913e-01  6.147220e-01
-4.75862e+00 -3.51724e+00       4.802e+11  5.182089e-01 -5.560069e-02 -7.112369e-01  4.817911e-01
-4.34483e+00 -3.51724e+00       5.213e+11  7.070136e-01  4.323592e-03 -4.766263e-01  2.929864e-01
-3.93103e+00 -3.51724e+00       6.556e+11  8.637703e-01  4.385555e-02 -2.364961e-01  1.362297e-01
-3.51724e+00 -3.51724e+00       6.889e+11  9.406934e-01  6.794195e-02 -8.005591e-02  5.930661e-02
-3.10345e+00 -3.51724e+00       5.788e+11  9.675967e-01  8.965213e-02  1.364316e-03  3.240327e-02
-2.68966e+00 -3.51724e+00       4.590e+11  9.627401e-01  7.555842e-02 -2.857994e-03  3.725986e-02
-2.27586e+00 -3.51724e+00       3.715e+11  9.199069e-01  2.346548e-02 -7.254033e-02  8.009315e-02
-1.86207e+00 -3.51724e+00       2.583e+11  8.208028e-01 -3.267700e-02 -1.334042e-01  1.791972e-01
-1.44828e+00 -3.51724e+00       1.474e+11  6.263386e-01 -1.994961e-01 -1.077409e-01  3.736614e-01
-1.03448e+00 -3.51724e+00       9.780e+10  3.995324e-01 -5.907480e-01  4.939923e-02  6.004676e-01
-6.20690e-01 -3.51724e+00       8.575e+10  3.085962e-01 -8.474545e-01  1.194962e-01  6.914038e-01
-2.06897e-01 -3.51724e+00       8.103e+10  3.101962e-01 -8.879342e-01 -1.133958e-02  6.898038e-01
 2.06897e-01 -3.51724e+00       9.243e+10  4.170868e-01 -7.991001e-01 -2.311394e-01  5.829132e-01
 6.20690e-01 -3.51724e+00       1.284e+11  5.976980e-01 -6.231326e-01 -3.132050e-01  4.023020e-01
 1.03448e+00 -3.51724e+00       1.869e+11  7.744279e-01 -3.932369e-01 -2.393070e-01  2.255721e-01
 1.44828e+00 -3.51724e+00       2.559e+11  8.734740e-01 -1.921953e-01 -1.213106e-01  1.265260e-01
 1.86207e+00 -3.51724e+00       2.884e+11  8.831837e-01 -6.512447e-02 -5.100474e-02  1.168163e-01
 2.27586e+00 -3.51724e+00       2.972e+11  8.770755e-01  2.612158e-02 -5.545520e-02  1.229245e-01
 2.68966e+00 -3.51724e+00       4.167e+11  9.321912e-01  6.464191e-02 -5.661580e-02  6.780879e-02
 3.10345e+00 -3.51724e+00       6.653e+11  9.725937e-01  5.212306e-02 -3.858559e-03  2.740627e-02
 3.51724e+00 -3.51724e+00       8.179e+11  9.691619e-01  3.523273e-02  6.882838e-02  3.083806e-02
 3.93103e+00 -3.51724e+00       7.403e+11  9.153203e-01  2.657049e-02  2.010959e-01  8.467973e-02
 4.34483e+00 -3.51724e+00       5.852e+11  7.947803e-01  2.809044e-02  4.237161e-01  2.052197e-01
 4.75862e+00 -3.51724e+00       4.979e+11  6.439602e-01  2.144369e-02  6.355030e-01  3.560398e-01
 5.17241e+00 -3.51724e+00       5.569e+11  4.602058e-01  6.234805e-03  7.764878e-01  5.397942e-01
 5.58621e+00 -3.51724e+00       8.538e+11  2.544850e-01  7.119505e-03  8.831287e-01  7.455150e-01
 6.00000e+00 -3.51724e+00       1.277e+12  1.179287e-01  8.893883e-03  9.437006e-01  8.820713e-01
-6.00000e+00 -3.10345e+00       8.930e+11  1.082076e-01 -1.452262e-02 -9.126285e-01  8.917924e-01
-5.58621e+00 -3.10345e+00       6.223e+11  2.550917e-01 -4.778898e-02 -8.602618e-01  7.449083e-01
-5.17241e+00 -3.10345e+00       4.515e+11  4.083633e-01 -6.438267e-02 -7.767297e-01  5.916367e-01
-4.75862e+00 -3.10345e+00       4.560e+11  6.156159e-01 -1.361352e-02 -5.829993e-01  3.843841e-01
-4.34483e+00 -3.10345e+00       5.794e+11  8.077094e-01  3.473164e-02 -3.592275e-01  1.922906e-01
-3.93103e+00 -3.10345e+00       6.362e+11  9.119404e-01  6.140562e-02 -2.114785e-01  8.805959e-02
-3.51724e+00 -3.10345e+00       5.511e+11  9.521236e-01  8.177809e-02 -1.429794e-01  4.787635e-02
-3.10345e+00 -3.10345e+00       4.306e+11  9.437286e-01  7.269434e-02 -1.558882e-01  5.627136e-02
-2.68966e+00 -3.10345e+00       3.176e+11  8.924836e-01  2.662959e-02 -1.944899e-01  1.075164e-01
-2.27586e+00 -3.10345e+00       1.990e+11  8.111869e-01 -6.057906e-02 -1.398024e-01  1.888131e-01
-1.86207e+00 -3.10345e+00       1.189e+11  7.268346e-01 -2.521973e-01  1.037960e-01  2.731654e-01
-1.44828e+00 -3.10345e+00       8.943e+10  6.584521e-01 -4.384759e-01  3.788785e-01  3.415479e-01
-1.03448e+00 -3.10345e+00       7.761e+10  5.490357e-01 -4.972059e-01  4.761393e-01  4.509643e-01
-6.20690e-01 -3.10345e+00       6.554e+10  4.118828e-01 -4.928908e-01  3.350315e-01  5.881172e-01
-2.06897e-01 -3.10345e+00       6.175e+10  3.729589e-01 -4.380112e-01 -8.820192e-02  6.270411e-01
 2.06897e-01 -3.10345e+00       7.537e+10  4.624453e-01 -3.762576e-01 -4.657417e-01  5.375547e-01
 6.20690e-01 -3.10345e+00       9.779e+10  5.481018e-01 -3.521095e-01 -6.006594e-01  4.518982e-01
 1.03448e+00 -3.10345e+00       1.172e+11  6.381348e-01 -3.479751e-01 -5.507068e-01  3.618652e-01
 1.44828e+00 -3.10345e+00       1.471e+11  7.754632e-01 -3.147928e-01 -3.281601e-01  2.245368e-01
 1.86207e+00 -3.10345e+00       2.095e+11  8.823815e-01 -2.173178e-01 -8.276320e-02  1.176185e-01
 2.27586e+00 -3.10345e+00       2.742e+11  9.126780e-01 -1.030040e-01  5.198879e-02  8.732203e-02
 2.68966e+00 -3.10345e+00       3.118e+11  9.168226e-01  2.271085e-03  8.754512e-02  8.317742e-02
 3.10345e+00 -3.10345e+00       4.157e+11  9.449828e-01  5.975790e-02  9.423641e-02  5.501715e-02
 3.51724e+00 -3.10345e+00       6.273e+11  9.649001e-01  5.270081e-02  1.340452e-01  3.509991e-02
 3.93103e+00 -3.10345e+00       7.457e+11  9.466329e-01  3.487752e-02  2.000429e-01  5.336709e-02
 4.34483e+00 -3.10345e+00       6.553e+11  8.701043e-01  2.616885e-02  3.291258e-01  1.298957e-01
 4.75862e+00 -3.10345e+00       5.080e+11  7.217452e-01  2.537214e-02  5.347941e-01  2.782548e-01
 5.17241e+00 -3.10345e+00       4.462e+11  5.334587e-01  1.357479e-02  7.190878e-01  4.665413e-01
 5.58621e+00 -3.10345e+00       5.587e+11  2.987385e-01  4.140474e-03  8.413826e-01  7.012615e-01
 6.00000e+00 -3.10345e+00       8.678e+11  1.010259e-01  8.716462e-03  9.190344e-01  8.989741e-01
-6.00000e+00 -2.68966e+00       6.173e+11  1.252589e-01 -2.697003e-02 -8.851405e-01  8.747411e-01
-5.58621e+00 -2.68966e+00       4.330e+11  2.924497e-01 -5.908869e-02 -8.249952e-01  7.075503e-01
-5.17241e+00 -2.68966e+00       3.825e+11  5.025720e-01 -3.598937e-02 -6.806150e-01  4.974280e-01
-4.75862e+00 -2.68966e+00       4.763e+11  7.297586e-01  2.042507e-02 -4.649664e-01  2.702414e-01
-4.34483e+00 -2.68966e+00       5.683e+11  8.676638e-01  5.174316e-02 -3.090895e-01  1.323362e-01
-3.93103e+00 -2.68966e+00       5.266e+11  9.271862e-01  7.301585e-02 -2.319329e-01  7.281385e-02
-3.51724e+00 -2.68966e+00       4.114e+11  9.289877e-01  7.514908e-02 -2.306673e-01  7.101231e-02
-3.10345e+00 -2.68966e+00       2.955e+11  8.889562e-01  3.942673e-02 -2.518192e-01  1.110438e-01
-2.68966e+00 -2.68966e+00       1.910e+11  8.470536e-01 -4.069116e-02 -1.673955e-01  1.529464e-01
-2.27586e+00 -2.68966e+00       1.390e+11  8.512313e-01 -1.580930e-01  9.527260e-02  1.487687e-01
-1.86207e+00 -2.68966e+00       1.674e+11  8.378446e-01 -1.656742e-01  3.609556e-01  1.621554e-01
-1.44828e+00 -2.68966e+00       2.818e+11  7.164342e-01 -1.243028e-01  5.409148e-01  2.835658e-01
-1.03448e+00 -2.68966e+00       4.321e+11  5.105430e-01 -1.372880e-01  6.323266e-01  4.894570e-01
-6.20690e-01 -2.68966e+00       5.110e+11  2.252140e-01 -1.907073e-01  5.303108e-01  7.747860e-01
-2.06897e-01 -2.68966e+00       5.382e+11  9.320330e-03 -2.403207e-01  5.962597e-02  9.906797e-01
 2.06897e-01 -2.68966e+00       6.207e+11  1.327302e-01 -2.159784e-01 -4.961808e-01  8.672698e-01
 6.20690e-01 -2.68966e+00       6.882e+11  4.023396e-01 -1.476017e-01 -7.009848e-01  5.976604e-01
 1.03448e+00 -2.68966e+00       5.901e+11  6.071394e-01 -9.077707e-02 -6.717734e-01  3.928606e-01
 1.44828e+00 -2.68966e+00       3.933e+11  7.573715e-01 -7.105005e-02 -5.349362e-01  2.426285e-01
 1.86207e+00 -2.68966e+00       2.638e+11  8.718605e-01 -1.081298e-01 -3.193682e-01  1.281395e-01
 2.27586e+00 -2.68966e+00       2.393e+11  9.225420e-01 -1.339475e-01 -6.891994e-02  7.745803e-02
 2.68966e+00 -2.68966e+00       2.688e+11  9.250207e-01 -7.935583e-02  1.100900e-01  7.497930e-02
 3.10345e+00 -2.68966e+00       3.117e+11  9.253850e-01  9.637009e-03  1.719144e-01  7.461502e-02
 3.51724e+00 -2.68966e+00       4.272e+11  9.447674e-01  5.683121e-02  1.889531e-01  5.523260e-02
 3.93103e+00 -2.68966e+00       6.064e+11  9.488986e-01  4.760562e-02  2.256404e-01  5.110142e-02
 4.34483e+00 -2.68966e+00       6.564e+11  9.120135e-01  3.140595e-02  2.957436e-01  8.798654e-02
 4.75862e+00 -2.68966e+00       5.376e+11  8.073029e-01  2.527986e-02  4.362135e-01  1.926971e-01
 5.17241e+00 -2.68966e+00       4.128e+11  6.281008e-01  2.129355e-02  6.312340e-01  3.718992e-01
 5.58621e+00 -2.68966e+00       4.047e+11  3.858504e-01  6.792158e-03  7.875390e-01  6.141496e-01
 6.00000e+00 -2.68966e+00       5.749e+11  1.302498e-01  5.880209e-03  8.839375e-01  8.697502e-01
-6.00000e+00 -2.27586e+00       3.678e+11  2.171741e-01 -1.365141e-01 -7.804263e-01  7.828259e-01
-5.58621e+00 -2.27586e+00       3.097e+11  4.199037e-01 -1.419812e-01 -7.037925e-01  5.800963e-01
-5.17241e+00 -2.27586e+00       3.610e+11  6.358057e-01 -4.756071e-02 -5.463215e-01  3.641943e-01
-4.75862e+00 -2.27586e+00       4.701e+11  8.153401e-01  1.918172e-02 -3.788988e-01  1.846599e-01
-4.34483e+00 -2.27586e+00       4.966e+11  9.042973e-01  5.249620e-02 -2.844657e-01  9.570269e-02
-3.93103e+00 -2.27586e+00       4.103e+11  9.247505e-01  7.088604e-02 -2.624980e-01  7.524951e-02
-3.51724e+00 -2.27586e+00       2.973e+11  8.995549e-01  5.475978e-02 -2.776851e-01  1.004451e-01
-3.10345e+00 -2.27586e+00       2.074e+11  8.770995e-01 -5.145287e-03 -2.092886e-01  1.229005e-01
-2.68966e+00 -2.27586e+00       2.191e+11  9.232509e-01 -6.388802e-02  4.550038e-02  7.674908e-02
-2.27586e+00 -2.27586e+00       4.875e+11  9.530966e-01 -3.525697e-02  2.221870e-01  4.690339e-02
-1.86207e+00 -2.27586e+00       1.053e+12  9.409941e-01 -6.638402e-03  2.985341e-01  5.900588e-02
-1.44828e+00 -2.27586e+00       1.487e+12  9.183242e-01  1.569630e-02  3.575974e-01  8.167578e-02
-1.03448e+00 -2.27586e+00       1.307e+12  8.876954e-01  4.999700e-02  4.077236e-01  1.123046e-01
-6.20690e-01 -2.27586e+00       7.677e+11  8.473198e-01  1.133738e-01  4.179578e-01  1.526802e-01
-2.06897e-01 -2.27586e+00       4.041e+11  8.064560e-01  1.985669e-01  2.359357e-01  1.935440e-01
 2.06897e-01 -2.27586e+00       4.184e+11  8.242970e-01  1.494089e-01 -2.169031e-01  1.757030e-01
 6.20690e-01 -2.27586e+00       8.694e+11  8.802605e-01  3.186422e-02 -3.731154e-01  1.197395e-01
 1.03448e+00 -2.27586e+00       1.594e+12  9.171870e-01 -1.931238e-02 -3.547768e-01  8.281304e-02
 1.44828e+00 -2.27586e+00       1.901e+12  9.394249e-01 -3.548636e-02 -3.140116e-01  6.057510e-02
 1.86207e+00 -2.27586e+00       1.399e+12  9.539404e-01 -3.926635e-02 -2.699412e-01  4.605962e-02
 2.27586e+00 -2.27586e+00       6.958e+11  9.633432e-01 -4.766769e-02 -2.000267e-01  3.665677e-02
 2.68966e+00 -2.27586e+00       3.479e+11  9.582314e-01 -6.846899e-02 -3.377086e-02  4.176856e-02
 3.10345e+00 -2.27586e+00       2.805e+11  9.355766e-01 -3.899395e-02  1.540831e-01  6.442338e-02
 3.51724e+00 -2.27586e+00       3.204e+11  9.324110e-01  3.187451e-02  2.187237e-01  6.758897e-02
 3.93103e+00 -2.27586e+00       4.499e+11  9.446712e-01  5.430551e-02  2.384898e-01  5.532883e-02
 4.34483e+00 -2.27586e+00       5.671e+11  9.341381e-01  3.776599e-02  2.744971e-01  6.586192e-02
 4.75862e+00 -2.27586e+00       5.215e+11  8.719646e-01  1.915571e-02  3.597790e-01  1.280354e-01
 5.17241e+00 -2.27586e+00       3.891e+11  7.339991e-01  3.434744e-03  5.250495e-01  2.660009e-01
 5.58621e+00 -2.27586e+00       3.095e+11  5.461114e-01 -1.053151e-02  6.889926e-01  4.538886e-01
 6.00000e+00 -2.27586e+00       3.523e+11  2.856764e-01  4.591317e-03  7.960917e-01  7.143236e-01
-6.00000e+00 -1.86207e+00       3.572e+11  3.141518e-01 -6.824339e-02 -8.357029e-01  6.858482e-01
-5.58621e+00 -1.86207e+00       2.989e+11  5.207233e-01 -6.139578e-02 -6.929630e-01  4.792767e-01
-5.17241e+00 -1.86207e+00       3.590e+11  7.558445e-01 -6.406694e-03 -4.625760e-01  2.441555e-01
-4.75862e+00 -1.86207e+00       4.442e+11  8.813189e-01  3.219093e-02 -3.250764e-01  1.186811e-01
-4.34483e+00 -1.86207e+00       4.179e+11  9.235277e-01  5.838081e-02 -2.733993e-01  7.647234e-02
-3.93103e+00 -1.86207e+00       3.143e+11  9.185925e-01  6.297485e-02 -2.738294e-01  8.140754e-02
-3.51724e+00 -1.86207e+00       2.268e+11  9.011501e-01  2.721885e-02 -2.457170e-01  9.884990e-02
-3.10345e+00 -1.86207e+00       2.651e+11  9.461830e-01 -1.887527e-02 -6.054792e-02  5.381695e-02
-2.68966e+00 -1.86207e+00       6.685e+11  9.871941e-01 -6.062339e-03  6.136462e-02  1.280595e-02
-2.27586e+00 -1.86207e+00       1.486e+12  9.917765e-01  1.003241e-02  9.670317e-02  8.223512e-03
-1.86207e+00 -1.86207e+00       1.988e+12  9.899429e-01  2.026891e-02  1.182449e-01  1.005713e-02
-1.44828e+00 -1.86207e+00       1.525e+12  9.860175e-01  3.150405e-02  1.356808e-01  1.398250e-02
-1.03448e+00 -1.86207e+00       7.188e+11  9.766723e-01  5.345820e-02  1.507037e-01  2.332770e-02
-6.20690e-01 -1.86207e+00       3.009e+11  9.564315e-01  1.064275e-01  1.558511e-01  4.356852e-02
-2.06897e-01 -1.86207e+00       2.032e+11  9.435877e-01  1.486750e-01  1.259897e-01  5.641229e-02
 2.06897e-01 -1.86207e+00       1.872e+11  9.403022e-01  1.284496e-01  5.354548e-02  5.969784e-02
 6.20690e-01 -1.86207e+00       2.736e+11  9.568540e-01  4.366745e-02 -7.054452e-02  4.314604e-02
 1.03448e+00 -1.86207e+00       7.282e+11  9.810332e-01 -6.366940e-03 -1.167584e-01  1.896678e-02
 1.44828e+00 -1.86207e+00       1.659e+12  9.895013e-01 -1.840767e-02 -1.132207e-01  1.049867e-02
 1.86207e+00 -1.86207e+00       2.295e+12  9.923653e-01 -2.375874e-02 -1.025290e-01  7.634705e-03
 2.27586e+00 -1.86207e+00       1.830e+12  9.934765e-01 -2.729705e-02 -8.771316e-02  6.523514e-03
 2.68966e+00 -1.86207e+00       9.046e+11  9.911064e-01 -3.343834e-02 -5.470774e-02  8.893609e-03
 3.10345e+00 -1.86207e+00       3.971e+11  9.727555e-01 -4.015423e-02  5.186385e-02  2.724451e-02
 3.51724e+00 -1.86207e+00       2.863e+11  9.441559e-01 -1.489898e-03  1.913094e-01  5.584410e-02
 3.93103e+00 -1.86207e+00       3.472e+11  9.438538e-01  4.640900e-02  2.365484e-01  5.614625e-02
 4.34483e+00 -1.86207e+00       4.742e+11  9.459602e-01  4.482546e-02  2.577400e-01  5.403976e-02
 4.75862e+00 -1.86207e+00       4.949e+11  9.195991e-01  2.892758e-02  2.999150e-01  8.040089e-02
 5.17241e+00 -1.86207e+00       3.690e+11  8.248050e-01  1.655911e-02  4.066868e-01  1.751950e-01
 5.58621e+00 -1.86207e+00       2.544e+11  5.946821e-01 -5.225694e-03  6.138325e-01  4.053179e-01
 6.00000e+00 -1.86207e+00       2.598e+11  2.600883e-01 -2.509591e-02  8.029287e-01  7.399117e-01
-6.00000e+00 -1.44828e+00       1.594e+11  4.478250e-01 -2.013756e-02 -5.858810e-01  5.521750e-01
-5.58621e+00 -1.44828e+00       2.218e+11  7.131745e-01  6.994028e-03 -4.641874e-01  2.868255e-01
-5.17241e+00 -1.44828e+00       3.488e+11  8.485422e-01  3.981047e-02 -3.516127e-01  1.514578e-01
-4.75862e+00 -1.44828e+00       4.037e+11  9.127067e-01  5.658416e-02 -2.741838e-01  8.729326e-02
-4.34483e+00 -1.44828e+00       3.387e+11  9.360003e-01  6.091848e-02 -2.436266e-01  6.399967e-02
-3.93103e+00 -1.44828e+00       2.474e+11  9.295556e-01  4.546108e-02 -2.425735e-01  7.044444e-02
-3.51724e+00 -1.44828e+00       2.399e+11  9.452767e-01  6.946663e-03 -1.499694e-01  5.472328e-02
-3.10345e+00 -1.44828e+00       5.516e+11  9.877853e-01 -2.845788e-04 -2.963607e-02  1.221466e-02
-2.68966e+00 -1.44828e+00       1.383e+12  9.977513e-01  9.627144e-03  8.711273e-04  2.248682e-03
-2.27586e+00 -1.44828e+00       2.119e+12  9.987862e-01  1.545723e-02  1.306100e-02  1.213769e-03
-1.86207e+00 -1.44828e+00       1.833e+12  9.983073e-01  2.080180e-02  2.144348e-02  1.692734e-03
-1.44828e+00 -1.44828e+00       9.723e+11  9.960584e-01  2.834620e-02  2.328054e-02  3.941634e-03
-1.03448e+00 -1.44828e+00       4.309e+11  9.883934e-01  3.110077e-02  6.882221e-03  1.160662e-02
-6.20690e-01 -1.44828e+00       2.407e+11  9.719119e-01  2.993153e-02 -1.805960e-02  2.808810e-02
-2.06897e-01 -1.44828e+00       1.841e+11  9.563356e-01  4.743306e-02 -2.701600e-02  4.366441e-02
 2.06897e-01 -1.44828e+00       1.767e+11  9.557133e-01  2.730621e-02 -1.884664e-02  4.428668e-02
 6.20690e-01 -1.44828e+00       1.986e+11  9.662826e-01 -1.973494e-02  8.568410e-03  3.371740e-02
 1.03448e+00 -1.44828e+00       3.373e+11  9.833887e-01 -2.082085e-02  6.963802e-03  1.661132e-02
 1.44828e+00 -1.44828e+00       8.900e+11  9.948156e-01 -1.307156e-02 -1.224141e-02  5.184441e-03
 1.86207e+00 -1.44828e+00       1.894e+12  9.981234e-01 -1.529733e-02 -1.493463e-02  1.876648e-03
 2.27586e+00 -1.44828e+00       2.370e+12  9.988761e-01 -1.824784e-02 -1.136183e-02  1.123895e-03
 2.68966e+00 -1.44828e+00       1.673e+12  9.983675e-01 -2.112732e-02 -3.106668e-03  1.632515e-03
 3.10345e+00 -1.44828e+00       7.475e+11  9.931870e-01 -2.554317e-02  2.629558e-02  6.813016e-03
 3.51724e+00 -1.44828e+00       3.382e+11  9.726663e-01 -1.704238e-02  1.192844e-01  2.733373e-02
 3.93103e+00 -1.44828e+00       2.898e+11  9.566445e-01  2.593020e-02  2.019384e-01  4.335549e-02
 4.34483e+00 -1.44828e+00       3.909e+11  9.557149e-01  4.179575e-02  2.313046e-01  4.428506e-02
 4.75862e+00 -1.44828e+00       4.805e+11  9.404361e-01  3.257681e-02  2.710397e-01  5.956385e-02
 5.17241e+00 -1.44828e+00       4.287e+11  8.948710e-01  2.682977e-02  3.498364e-01  1.051290e-01
 5.58621e+00 -1.44828e+00       3.107e+11  8.075157e-01  3.055024e-02  4.731122e-01  1.924843e-01
 6.00000e+00 -1.44828e+00       2.456e+11  6.494052e-01  2.587955e-02  6.056340e-01  3.505948e-01
-6.00000e+00 -1.03448e+00       1.944e+11  6.400955e-01 -4.027153e-02 -6.287709e-01  3.599045e-01
-5.58621e+00 -1.03448e+00       2.265e+11  8.192575e-01 -2.276737e-02 -4.048325e-01  1.807425e-01
-5.17241e+00 -1.03448e+00       3.184e+11  9.238687e-01  2.999695e-03 -2.528022e-01  7.613129e-02
-4.75862e+00 -1.03448e+00       3.529e+11  9.594213e-01  2.007509e-02 -2.013644e-01  4.057872e-02
-4.34483e+00 -1.03448e+00       2.910e+11  9.630206e-01  3.449588e-02 -1.965219e-01  3.697943e-02
-3.93103e+00 -1.03448e+00       2.236e+11  9.572611e-01  2.547740e-02 -1.816612e-01  4.273886e-02
-3.51724e+00 -1.03448e+00       3.364e+11  9.804975e-01  1.978474e-03 -8.582095e-02  1.950250e-02
-3.10345e+00 -1.03448e+00       9.376e+11  9.962997e-01  5.738575e-03 -4.014666e-02  3.700336e-03
-2.68966e+00 -1.03448e+00       1.892e+12  9.988385e-01  1.048149e-02 -2.976468e-02  1.161453e-03
-2.27586e+00 -1.03448e+00       2.158e+12  9.991272e-01  1.333821e-02 -2.473281e-02  8.728305e-04
-1.86207e+00 -1.03448e+00       1.440e+12  9.985171e-01  1.791196e-02 -2.307680e-02  1.482868e-03
-1.44828e+00 -1.03448e+00       8.116e+11  9.964551e-01  2.978241e-02 -2.480097e-02  3.544940e-03
-1.03448e+00 -1.03448e+00       8.938e+11  9.963525e-01  3.704537e-02 -1.768307e-02  3.647485e-03
-6.20690e-01 -1.03448e+00       1.427e+12  9.980798e-01  2.849335e-02 -5.187533e-03  1.920178e-03
-2.06897e-01 -1.03448e+00       1.834e+12  9.988373e-01  1.976546e-02  9.459290e-03  1.162697e-03
 2.06897e-01 -1.03448e+00       1.726e+12  9.986184e-01  1.721093e-02  2.577412e-02  1.381610e-03
 6.20690e-01 -1.03448e+00       1.191e+12  9.974476e-01  1.974775e-02  3.943889e-02  2.552372e-03
 1.03448e+00 -1.03448e+00       6.646e+11  9.950029e-01  1.723645e-02  4.551190e-02  4.997149e-03
 1.44828e+00 -1.03448e+00       6.217e+11  9.949999e-01 -1.776731e-03  3.227968e-02  5.000140e-03
 1.86207e+00 -1.03448e+00       1.333e+12  9.981007e-01 -1.010943e-02  2.052909e-02  1.899330e-03
 2.27586e+00 -1.03448e+00       2.244e+12  9.991288e-01 -1.246700e-02  1.935124e-02  8.711834e-04
 2.68966e+00 -1.03448e+00       2.139e+12  9.991853e-01 -1.428934e-02  2.158099e-02  8.146883e-04
 3.10345e+00 -1.03448e+00       1.169e+12  9.979072e-01 -1.623060e-02  3.052383e-02  2.092802e-03
 3.51724e+00 -1.03448e+00       4.708e+11  9.905489e-01 -1.441838e-02  6.971975e-02  9.451074e-03
 3.93103e+00 -1.03448e+00       2.822e+11  9.771663e-01  1.191695e-02  1.415874e-01  2.283368e-02
 4.34483e+00 -1.03448e+00       3.257e+11  9.762715e-01  2.953971e-02  1.667589e-01  2.372852e-02
 4.75862e+00 -1.03448e+00       3.931e+11  9.738289e-01  2.169321e-02  1.802392e-01  2.617115e-02
 5.17241e+00 -1.03448e+00       3.444e+11  9.516061e-01  1.222029e-02  2.195461e-01  4.839392e-02
 5.58621e+00 -1.03448e+00       2.215e+11  8.724786e-01 -3.233404e-03  3.377692e-01  1.275214e-01
 6.00000e+00 -1.03448e+00       1.531e+11  6.734423e-01 -3.249273e-02  5.585977e-01  3.265577e-01
-6.00000e+00 -6.20690e-01       1.703e+11  8.654803e-01 -8.932893e-02 -3.691362e-01  1.345197e-01
-5.58621e+00 -6.20690e-01       2.296e+11  9.279372e-01 -1.597233e-02 -2.481595e-01  7.206277e-02
-5.17241e+00 -6.20690e-01       3.129e+11  9.647480e-01  1.737425e-02 -1.650989e-01  3.525201e-02
-4.75862e+00 -6.20690e-01       3.150e+11  9.802939e-01  2.145337e-02 -1.296590e-01  1.970609e-02
-4.34483e+00 -6.20690e-01       2.471e+11  9.825396e-01  1.771478e-02 -1.275056e-01  1.746044e-02
-3.93103e+00 -6.20690e-01       2.193e+11  9.830880e-01  7.349788e-03 -1.083399e-01  1.691199e-02
-3.51724e+00 -6.20690e-01       4.564e+11  9.943507e-01  1.996543e-03 -5.298627e-02  5.649311e-03
-3.10345e+00 -6.20690e-01       1.239e+12  9.985562e-01  5.686708e-03 -3.663772e-02  1.443753e-03
-2.68966e+00 -6.20690e-01       2.108e+12  9.991941e-01  7.791919e-03 -3.276768e-02  8.059053e-04
-2.27586e+00 -6.20690e-01       2.018e+12  9.991675e-01  9.291676e-03 -3.176881e-02  8.325267e-04
-1.86207e+00 -6.20690e-01       1.281e+12  9.986845e-01  1.200642e-02 -3.401220e-02  1.315494e-03
-1.44828e+00 -6.20690e-01       1.072e+12  9.983815e-01  1.106413e-02 -3.452365e-02  1.618543e-03
-1.03448e+00 -6.20690e-01       1.503e+12  9.989293e-01  9.438713e-04 -2.787118e-02  1.070748e-03
-6.20690e-01 -6.20690e-01       1.867e+12  9.992821e-01 -1.083593e-02 -1.751831e-02  7.179419e-04
-2.06897e-01 -6.20690e-01       1.851e+12  9.992892e-01 -2.063235e-02  2.994674e-04  7.107563e-04
 2.06897e-01 -6.20690e-01       1.724e+12  9.989805e-01 -2.248568e-02  2.377650e-02  1.019530e-03
 6.20690e-01 -6.20690e-01       1.521e+12  9.985201e-01 -1.586209e-02  4.164178e-02  1.479850e-03
 1.03448e+00 -6.20690e-01       1.084e+12  9.979213e-01 -7.571049e-03  4.978278e-02  2.078724e-03
 1.44828e+00 -6.20690e-01       7.287e+11  9.973885e-01 -3.370045e-03  4.376869e-02  2.611453e-03
 1.86207e+00 -6.20690e-01       1.053e+12  9.985485e-01 -5.818948e-03  2.473940e-02  1.451493e-03
 2.27586e+00 -6.20690e-01       1.972e+12  9.993892e-01 -7.802186e-03  1.949496e-02  6.108181e-04
 2.68966e+00 -6.20690e-01       2.278e+12  9.995689e-01 -8.937745e-03  1.960194e-02  4.311362e-04
 3.10345e+00 -6.20690e-01       1.473e+12  9.993215e-01 -9.724274e-03  2.265436e-02  6.785202e-04
 3.51724e+00 -6.20690e-01       6.158e+11  9.975491e-01 -9.094820e-03  3.720886e-02  2.450934e-03
 3.93103e+00 -6.20690e-01       2.936e+11  9.925250e-01  2.049069e-03  7.562243e-02  7.474957e-03
 4.34483e+00 -6.20690e-01       2.899e+11  9.903699e-01  1.678686e-02  9.988362e-02  9.630139e-03
 4.75862e+00 -6.20690e-01       3.755e+11  9.885993e-01  1.675669e-02  1.149192e-01  1.140066e-02
 5.17241e+00 -6.20690e-01       3.729e+11  9.802139e-01  1.053116e-02  1.465385e-01  1.978612e-02
 5.58621e+00 -6.20690e-01       2.649e+11  9.587904e-01  3.975830e-04  2.104051e-01  4.120956e-02
 6.00000e+00 -6.20690e-01       1.666e+11  9.085101e-01 -1.200104e-02  3.002884e-01  9.148986e-02
-6.00000e+00 -2.06897e-01       1.394e+11  9.813917e-01 -3.510197e-02 -1.275450e-01  1.860830e-02
-5.58621e+00 -2.06897e-01       2.241e+11  9.904497e-01 -4.776930e-03 -9.001420e-02  9.550312e-03
-5.17241e+00 -2.06897e-01       3.172e+11  9.949440e-01  6.513336e-03 -6.440163e-02  5.056024e-03
-4.75862e+00 -2.06897e-01       3.105e+11  9.968266e-01  6.695245e-03 -5.237816e-02  3.173407e-03
-4.34483e+00 -2.06897e-01       2.347e+11  9.969568e-01  1.917850e-03 -5.126648e-02  3.043209e-03
-3.93103e+00 -2.06897e-01       2.262e+11  9.972075e-01 -3.037990e-03 -4.262762e-02  2.792535e-03
-3.51724e+00 -2.06897e-01       5.364e+11  9.990074e-01 -2.394987e-04 -2.514842e-02  9.926011e-04
-3.10345e+00 -2.06897e-01       1.395e+12  9.996045e-01  2.480550e-03 -2.049159e-02  3.955174e-04
-2.68966e+00 -2.06897e-01       2.176e+12  9.996828e-01  3.293770e-03 -1.974343e-02  3.172340e-04
-2.27586e+00 -2.06897e-01       1.932e+12  9.995876e-01  3.422572e-03 -2.114563e-02  4.123598e-04
-1.86207e+00 -2.06897e-01       1.263e+12  9.993848e-01  2.140532e-03 -2.441245e-02  6.152316e-04
-1.44828e+00 -2.06897e-01       1.212e+12  9.994817e-01 -3.048294e-03 -2.188661e-02  5.182629e-04
-1.03448e+00 -2.06897e-01       1.508e+12  9.997086e-01 -7.997042e-03 -1.591559e-02  2.914401e-04
-6.20690e-01 -2.06897e-01       1.424e+12  9.997917e-01 -1.257883e-02 -1.032348e-02  2.082710e-04
-2.06897e-01 -2.06897e-01       1.077e+12  9.997298e-01 -1.793846e-02 -8.406058e-04  2.702288e-04
 2.06897e-01 -2.06897e-01       1.002e+12  9.995645e-01 -1.909275e-02  1.436044e-02  4.354806e-04
 6.20690e-01 -2.06897e-01       1.157e+12  9.994874e-01 -1.416906e-02  2.407194e-02  5.125552e-04
 1.03448e+00 -2.06897e-01       1.082e+12  9.994312e-01 -8.976054e-03  2.691144e-02  5.687735e-04
 1.44828e+00 -2.06897e-01       7.969e+11  9.993091e-01 -4.679486e-03  2.299993e-02  6.909050e-04
 1.86207e+00 -2.06897e-01       9.651e+11  9.995189e-01 -2.837116e-03  8.477243e-03  4.811314e-04
 2.27586e+00 -2.06897e-01       1.817e+12  9.998274e-01 -3.513945e-03  2.442229e-03  1.726468e-04
 2.68966e+00 -2.06897e-01       2.292e+12  9.999253e-01 -3.907523e-03  1.816549e-03  7.473071e-05
 3.10345e+00 -2.06897e-01       1.616e+12  9.999215e-01 -3.739462e-03  2.552818e-03  7.853674e-05
 3.51724e+00 -2.06897e-01       7.045e+11  9.997539e-01 -2.422775e-03  5.995015e-03  2.461215e-04
 3.93103e+00 -2.06897e-01       3.100e+11  9.991909e-01  1.753884e-03  1.489638e-02  8.090526e-04
 4.34483e+00 -2.06897e-01       2.858e+11  9.988610e-01  5.196666e-03  2.150782e-02  1.139007e-03
 4.75862e+00 -2.06897e-01       3.782e+11  9.987853e-01  3.977292e-03  2.767220e-02  1.214663e-03
 5.17241e+00 -2.06897e-01       3.877e+11  9.981892e-01  1.016748e-03  3.758013e-02  1.810787e-03
 5.58621e+00 -2.06897e-01       2.853e+11  9.965189e-01 -2.631358e-03  5.250434e-02  3.481087e-03
 6.00000e+00 -2.06897e-01       1.820e+11  9.923555e-01 -5.697395e-03  7.093940e-02  7.644512e-03
-6.00000e+00  2.06897e-01       1.390e+11  9.849997e-01  1.516543e-02  7.802860e-02  1.500030e-02
-5.58621e+00  2.06897e-01       2.243e+11  9.924954e-01 -5.288357e-03  5.855163e-02  7.504558e-03
-5.17241e+00  2.06897e-01       3.175e+11  9.962476e-01 -1.349718e-02  4.402357e-02  3.752395e-03
-4.75862e+00  2.06897e-01       3.102e+11  9.977318e-01 -1.826203e-02  3.423565e-02  2.268177e-03
-4.34483e+00  2.06897e-01       2.338e+11  9.981640e-01 -1.986783e-02  3.054609e-02  1.836012e-03
-3.93103e+00  2.06897e-01       2.252e+11  9.986833e-01 -1.283831e-02  2.017453e-02  1.316652e-03
-3.51724e+00  2.06897e-01       5.369e+11  9.996037e-01 -3.685128e-03  4.553835e-03  3.963211e-04
-3.10345e+00  2.06897e-01       1.399e+12  9.998512e-01 -1.732407e-03  1.077310e-03  1.488270e-04
-2.68966e+00  2.06897e-01       2.187e+12  9.998642e-01 -1.834846e-03 -6.249786e-04  1.358152e-04
-2.27586e+00  2.06897e-01       1.948e+12  9.997774e-01 -3.046460e-03 -3.604614e-03  2.225901e-04
-1.86207e+00  2.06897e-01       1.286e+12  9.996027e-01 -7.361961e-03 -6.564742e-03  3.973352e-04
-1.44828e+00  2.06897e-01       1.247e+12  9.996059e-01 -1.222155e-02 -3.208466e-04  3.941499e-04
-1.03448e+00  2.06897e-01       1.554e+12  9.997438e-01 -1.032757e-02  7.547806e-03  2.562344e-04
-6.20690e-01  2.06897e-01       1.465e+12  9.998157e-01 -6.382065e-03  1.198905e-02  1.842649e-04
-2.06897e-01  2.06897e-01       1.106e+12  9.998405e-01 -3.682430e-03  1.322520e-02  1.594771e-04
 2.06897e-01  2.06897e-01       1.032e+12  9.998882e-01 -3.183831e-03  7.562764e-03  1.117750e-04
 6.20690e-01  2.06897e-01       1.200e+12  9.999354e-01 -2.984842e-03  5.969187e-05  6.456385e-05
 1.03448e+00  2.06897e-01       1.123e+12  9.999250e-01 -2.828433e-03 -4.755884e-03  7.503430e-05
 1.44828e+00  2.06897e-01       8.208e+11  9.998059e-01 -1.722693e-03 -9.447441e-03  1.940651e-04
 1.86207e+00  2.06897e-01       9.728e+11  9.996498e-01  1.684729e-04 -1.752467e-02  3.502121e-04
 2.27586e+00  2.06897e-01       1.817e+12  9.996863e-01  3.305854e-04 -2.066729e-02  3.136779e-04
 2.68966e+00  2.06897e-01       2.289e+12  9.997210e-01  7.533326e-04 -2.114331e-02  2.789743e-04
 3.10345e+00  2.06897e-01       1.614e+12  9.996798e-01  1.884368e-03 -2.178712e-02  3.202492e-04
 3.51724e+00  2.06897e-01       7.048e+11  9.993007e-01  4.076295e-03 -2.620507e-02  6.993081e-04
 3.93103e+00  2.06897e-01       3.114e+11  9.979169e-01  2.343430e-03 -4.444783e-02  2.083104e-03
 4.34483e+00  2.06897e-01       2.875e+11  9.969619e-01 -8.334705e-03 -6.175468e-02  3.038062e-03
 4.75862e+00  2.06897e-01       3.801e+11  9.966526e-01 -1.095552e-02 -6.641310e-02  3.347431e-03
 5.17241e+00  2.06897e-01       3.894e+11  9.949917e-01 -9.756542e-03 -7.753387e-02  5.008274e-03
 5.58621e+00  2.06897e-01       2.869e+11  9.908594e-01 -1.134785e-02 -1.042222e-01  9.140577e-03
 6.00000e+00  2.06897e-01       1.836e+11  9.833893e-01 -1.480897e-02 -1.393257e-01  1.661068e-02
-6.00000e+00  6.20690e-01       1.672e+11  8.839873e-01  6.797203e-02  3.199918e-01  1.160127e-01
-5.58621e+00  6.20690e-01       2.286e+11  9.382585e-01 -2.180187e-04  2.143730e-01  6.174152e-02
-5.17241e+00  6.20690e-01       3.124e+11  9.696681e-01 -2.871598e-02  1.430420e-01  3.033188e-02
-4.75862e+00  6.20690e-01       3.137e+11  9.828467e-01 -3.397576e-02  1.107066e-01  1.715328e-02
-4.34483e+00  6.20690e-01       2.447e+11  9.854959e-01 -3.447119e-02  1.077474e-01  1.450415e-02
-3.93103e+00  6.20690e-01       2.166e+11  9.871899e-01 -2.378176e-02  8.749348e-02  1.281012e-02
-3.51724e+00  6.20690e-01       4.576e+11  9.962274e-01 -7.385114e-03  3.300755e-02  3.772573e-03
-3.10345e+00  6.20690e-01       1.252e+12  9.992049e-01 -5.598150e-03  1.798205e-02  7.950531e-04
-2.68966e+00  6.20690e-01       2.140e+12  9.995967e-01 -6.811457e-03  1.367514e-02  4.033458e-04
-2.27586e+00  6.20690e-01       2.064e+12  9.995386e-01 -9.188811e-03  9.516032e-03  4.613612e-04
-1.86207e+00  6.20690e-01       1.345e+12  9.991046e-01 -1.561949e-02  5.821569e-03  8.954140e-04
-1.44828e+00  6.20690e-01       1.169e+12  9.986168e-01 -2.333824e-02  1.258232e-02  1.383223e-03
-1.03448e+00  6.20690e-01       1.652e+12  9.989143e-01 -1.688191e-02  2.175244e-02  1.085740e-03
-6.20690e-01  6.20690e-01       2.061e+12  9.993039e-01 -4.503819e-03  2.234534e-02  6.961243e-04
-2.06897e-01  6.20690e-01       2.062e+12  9.995487e-01  6.421172e-03  1.395598e-02  4.513144e-04
 2.06897e-01  6.20690e-01       1.939e+12  9.996000e-01  9.684607e-03 -2.900395e-03  4.000126e-04
 6.20690e-01  6.20690e-01       1.717e+12  9.994382e-01  5.386678e-03 -1.939237e-02  5.617978e-04
 1.03448e+00  6.20690e-01       1.216e+12  9.991095e-01  4.763111e-05 -2.991087e-02  8.905265e-04
 1.44828e+00  6.20690e-01       7.880e+11  9.986729e-01 -4.820993e-04 -3.561155e-02  1.327063e-03
 1.86207e+00  6.20690e-01       1.070e+12  9.987844e-01  2.934867e-03 -3.724022e-02  1.215562e-03
 2.27586e+00  6.20690e-01       1.974e+12  9.990531e-01  4.077478e-03 -3.719227e-02  9.469160e-04
 2.68966e+00  6.20690e-01       2.274e+12  9.990960e-01  5.471814e-03 -3.773486e-02  9.040353e-04
 3.10345e+00  6.20690e-01       1.470e+12  9.987139e-01  7.736431e-03 -4.067558e-02  1.286122e-03
 3.51724e+00  6.20690e-01       6.174e+11  9.961600e-01  1.064008e-02 -5.682934e-02  3.839959e-03
 3.93103e+00  6.20690e-01       2.967e+11  9.886611e-01  2.486796e-04 -1.054042e-01  1.133890e-02
 4.34483e+00  6.20690e-01       2.933e+11  9.849810e-01 -2.127659e-02 -1.391367e-01  1.501899e-02
 4.75862e+00  6.20690e-01       3.802e+11  9.825972e-01 -2.149029e-02 -1.530246e-01  1.740281e-02
 5.17241e+00  6.20690e-01       3.783e+11  9.714026e-01 -1.323110e-02 -1.846753e-01  2.859735e-02
 5.58621e+00  6.20690e-01       2.700e+11  9.431593e-01 -4.050535e-03 -2.570415e-01  5.684067e-02
 6.00000e+00  6.20690e-01       1.718e+11  8.848410e-01  3.811276e-03 -3.576463e-01  1.151590e-01
-6.00000e+00  1.03448e+00       1.895e+11  6.730552e-01  1.959456e-02  5.935260e-01  3.269448e-01
-5.58621e+00  1.03448e+00       2.239e+11  8.354977e-01  2.440634e-03  3.755530e-01  1.645023e-01
-5.17241e+00  1.03448e+00       3.165e+11  9.290719e-01 -1.306880e-02  2.331438e-01  7.092807e-02
-4.75862e+00  1.03448e+00       3.495e+11  9.613154e-01 -2.663790e-02  1.866272e-01  3.868460e-02
-4.34483e+00  1.03448e+00       2.854e+11  9.653860e-01 -4.542165e-02  1.827418e-01  3.461395e-02
-3.93103e+00  1.03448e+00       2.171e+11  9.617550e-01 -4.232980e-02  1.657145e-01  3.824495e-02
-3.51724e+00  1.03448e+00       3.335e+11  9.837196e-01 -1.240339e-02  6.694831e-02  1.628042e-02
-3.10345e+00  1.03448e+00       9.486e+11  9.971703e-01 -8.079748e-03  2.287242e-02  2.829683e-03
-2.68966e+00  1.03448e+00       1.929e+12  9.991276e-01 -1.087925e-02  1.291447e-02  8.723771e-04
-2.27586e+00  1.03448e+00       2.224e+12  9.992380e-01 -1.432035e-02  6.629768e-03  7.620396e-04
-1.86207e+00  1.03448e+00       1.531e+12  9.985660e-01 -2.090980e-02  1.319217e-03  1.434048e-03
-1.44828e+00  1.03448e+00       9.298e+11  9.966474e-01 -3.613021e-02  1.395251e-03  3.352638e-03
-1.03448e+00  1.03448e+00       1.065e+12  9.963412e-01 -4.645265e-02  8.472892e-03  3.658832e-03
-6.20690e-01  1.03448e+00       1.691e+12  9.978770e-01 -3.856942e-02  7.972287e-03  2.122988e-03
-2.06897e-01  1.03448e+00       2.178e+12  9.988104e-01 -2.866993e-02 -5.041605e-04  1.189595e-03
 2.06897e-01  1.03448e+00       2.058e+12  9.989153e-01 -2.412037e-02 -1.347975e-02  1.084668e-03
 6.20690e-01  1.03448e+00       1.419e+12  9.982328e-01 -2.436667e-02 -2.656077e-02  1.767169e-03
 1.03448e+00  1.03448e+00       7.773e+11  9.967375e-01 -2.004496e-02 -3.688638e-02  3.262515e-03
 1.44828e+00  1.03448e+00       6.653e+11  9.965366e-01 -1.149587e-03 -3.965280e-02  3.463408e-03
 1.86207e+00  1.03448e+00       1.341e+12  9.982618e-01  6.014205e-03 -3.548476e-02  1.738161e-03
 2.27586e+00  1.03448e+00       2.232e+12  9.988619e-01  8.171709e-03 -3.486380e-02  1.138082e-03
 2.68966e+00  1.03448e+00       2.123e+12  9.987852e-01  1.059255e-02 -3.700315e-02  1.214835e-03
 3.10345e+00  1.03448e+00       1.164e+12  9.971672e-01  1.408577e-02 -4.605524e-02  2.832765e-03
 3.51724e+00  1.03448e+00       4.742e+11  9.879681e-01  1.544791e-02 -8.859813e-02  1.203185e-02
 3.93103e+00  1.03448e+00       2.877e+11  9.710418e-01 -1.241196e-02 -1.705255e-01  2.895821e-02
 4.34483e+00  1.03448e+00       3.301e+11  9.685462e-01 -3.771123e-02 -2.007827e-01  3.145384e-02
 4.75862e+00  1.03448e+00       3.979e+11  9.643539e-01 -3.096063e-02 -2.146951e-01  3.564611e-02
 5.17241e+00  1.03448e+00       3.497e+11  9.368367e-01 -1.980980e-02 -2.561722e-01  6.316330e-02
 5.58621e+00  1.03448e+00       2.264e+11  8.456269e-01 -7.510123e-03 -3.789883e-01  1.543731e-01
 6.00000e+00  1.03448e+00       1.581e+11  6.346422e-01  1.060930e-02 -5.979919e-01  3.653578e-01
-6.00000e+00  1.44828e+00       1.570e+11  4.542252e-01 -8.182896e-04  5.725039e-01  5.457748e-01
-5.58621e+00  1.44828e+00       2.224e+11  7.160830e-01 -2.138912e-02  4.523384e-01  2.839170e-01
-5.17241e+00  1.44828e+00       3.503e+11  8.512571e-01 -4.521066e-02  3.433355e-01  1.487429e-01
-4.75862e+00  1.44828e+00       4.022e+11  9.146720e-01 -6.063213e-02  2.663094e-01  8.532804e-02
-4.34483e+00  1.44828e+00       3.335e+11  9.376822e-01 -6.805406e-02  2.341432e-01  6.231777e-02
-3.93103e+00  1.44828e+00       2.400e+11  9.325730e-01 -5.696332e-02  2.319906e-01  6.742698e-02
-3.51724e+00  1.44828e+00       2.339e+11  9.490510e-01 -1.985599e-02  1.357490e-01  5.094904e-02
-3.10345e+00  1.44828e+00       5.580e+11  9.889878e-01 -5.231124e-03  1.407130e-02  1.101220e-02
-2.68966e+00  1.44828e+00       1.422e+12  9.976294e-01 -1.124110e-02 -1.535698e-02  2.370618e-03
-2.27586e+00  1.44828e+00       2.199e+12  9.982911e-01 -1.700447e-02 -2.744120e-02  1.708947e-03
-1.86207e+00  1.44828e+00       1.945e+12  9.975588e-01 -2.433101e-02 -3.604285e-02  2.441184e-03
-1.44828e+00  1.44828e+00       1.114e+12  9.953442e-01 -3.423130e-02 -3.642500e-02  4.655814e-03
-1.03448e+00  1.44828e+00       5.785e+11  9.898698e-01 -3.470515e-02 -1.845448e-02  1.013019e-02
-6.20690e-01  1.44828e+00       3.516e+11  9.789202e-01 -2.690214e-02 -3.954351e-03  2.107981e-02
-2.06897e-01  1.44828e+00       2.539e+11  9.659820e-01 -3.748900e-02 -1.199972e-02  3.401804e-02
 2.06897e-01  1.44828e+00       2.342e+11  9.652331e-01 -2.125955e-02 -2.364006e-02  3.476686e-02
 6.20690e-01  1.44828e+00       2.667e+11  9.760440e-01  1.736237e-02 -3.815427e-02  2.395597e-02
 1.03448e+00  1.44828e+00       4.021e+11  9.881714e-01  1.487398e-02 -3.077764e-02  1.182861e-02
 1.44828e+00  1.44828e+00       9.198e+11  9.959727e-01  5.500946e-03 -4.335657e-03  4.027274e-03
 1.86207e+00  1.44828e+00       1.888e+12  9.984726e-01  8.763548e-03  2.768214e-03  1.527388e-03
 2.27586e+00  1.44828e+00       2.346e+12  9.990314e-01  1.275342e-02 -7.871019e-05  9.686151e-04
 2.68966e+00  1.44828e+00       1.655e+12  9.983431e-01  1.637874e-02 -8.632688e-03  1.656948e-03
 3.10345e+00  1.44828e+00       7.453e+11  9.921957e-01  2.180533e-02 -3.980455e-02  7.804345e-03
 3.51724e+00  1.44828e+00       3.450e+11  9.684135e-01  1.445559e-02 -1.400857e-01  3.158649e-02
 3.93103e+00  1.44828e+00       2.979e+11  9.495869e-01 -2.966565e-02 -2.308108e-01  5.041307e-02
 4.34483e+00  1.44828e+00       3.998e+11  9.477690e-01 -4.865239e-02 -2.600825e-01  5.223102e-02
 4.75862e+00  1.44828e+00       4.898e+11  9.302386e-01 -4.134391e-02 -2.970480e-01  6.976142e-02
 5.17241e+00  1.44828e+00       4.346e+11  8.777466e-01 -3.975615e-02 -3.776004e-01  1.222534e-01
 5.58621e+00  1.44828e+00       3.156e+11  7.797011e-01 -5.098700e-02 -5.076083e-01  2.202989e-01
 6.00000e+00  1.44828e+00       2.524e+11  6.159935e-01 -4.753716e-02 -6.394641e-01  3.840065e-01
-6.00000e+00  1.86207e+00       3.432e+11  3.381217e-01  7.104789e-02  8.190313e-01  6.618783e-01
-5.58621e+00  1.86207e+00       2.900e+11  5.405211e-01  5.235567e-02  6.714486e-01  4.594789e-01
-5.17241e+00  1.86207e+00       3.556e+11  7.635048e-01 -4.547296e-03  4.475663e-01  2.364952e-01
-4.75862e+00  1.86207e+00       4.415e+11  8.830321e-01 -3.726726e-02  3.164267e-01  1.169679e-01
-4.34483e+00  1.86207e+00       4.125e+11  9.239785e-01 -6.374728e-02  2.667002e-01  7.602145e-02
-3.93103e+00  1.86207e+00       3.062e+11  9.196614e-01 -7.334270e-02  2.667233e-01  8.033856e-02
-3.51724e+00  1.86207e+00       2.180e+11  9.029234e-01 -4.391791e-02  2.387117e-01  9.707657e-02
-3.10345e+00  1.86207e+00       2.615e+11  9.481896e-01  3.770645e-03  4.720255e-02  5.181043e-02
-2.68966e+00  1.86207e+00       6.855e+11  9.868256e-01 -7.069965e-04 -7.456262e-02  1.317444e-02
-2.27586e+00  1.86207e+00       1.547e+12  9.905101e-01 -1.387279e-02 -1.086759e-01  9.489920e-03
-1.86207e+00  1.86207e+00       2.087e+12  9.882904e-01 -2.500128e-02 -1.300441e-01  1.170961e-02
-1.44828e+00  1.86207e+00       1.634e+12  9.842757e-01 -4.105410e-02 -1.477272e-01  1.572430e-02
-1.03448e+00  1.86207e+00       8.662e+11  9.779954e-01 -7.415277e-02 -1.544202e-01  2.200464e-02
-6.20690e-01  1.86207e+00       5.271e+11  9.745377e-01 -1.186892e-01 -1.243943e-01  2.546228e-02
-2.06897e-01  1.86207e+00       4.716e+11  9.771501e-01 -1.288372e-01 -8.957532e-02  2.284987e-02
 2.06897e-01  1.86207e+00       4.122e+11  9.753565e-01 -1.252219e-01 -7.177873e-02  2.464353e-02
 6.20690e-01  1.86207e+00       3.934e+11  9.724034e-01 -9.214471e-02 -4.179838e-03  2.759660e-02
 1.03448e+00  1.86207e+00       7.514e+11  9.827474e-01 -2.179131e-02  9.213444e-02  1.725260e-02
 1.44828e+00  1.86207e+00       1.629e+12  9.899933e-01  6.307783e-03  1.079853e-01  1.000675e-02
 1.86207e+00  1.86207e+00       2.241e+12  9.928366e-01  1.526562e-02  9.879119e-02  7.163409e-03
 2.27586e+00  1.86207e+00       1.783e+12  9.939905e-01  1.962164e-02  8.275374e-02  6.009511e-03
 2.68966e+00  1.86207e+00       8.872e+11  9.912723e-01  2.559981e-02  4.749183e-02  8.727660e-03
 3.10345e+00  1.86207e+00       4.003e+11  9.708765e-01  3.104568e-02 -6.543816e-02  2.912353e-02
 3.51724e+00  1.86207e+00       2.954e+11  9.400881e-01 -5.365903e-03 -2.121874e-01  5.991194e-02
 3.93103e+00  1.86207e+00       3.546e+11  9.379088e-01 -5.244799e-02 -2.614294e-01  6.209124e-02
 4.34483e+00  1.86207e+00       4.808e+11  9.380738e-01 -5.340925e-02 -2.821664e-01  6.192625e-02
 4.75862e+00  1.86207e+00       5.010e+11  9.077088e-01 -3.861548e-02 -3.244813e-01  9.229121e-02
 5.17241e+00  1.86207e+00       3.737e+11  8.045222e-01 -2.700201e-02 -4.335903e-01  1.954778e-01
 5.58621e+00  1.86207e+00       2.592e+11  5.696768e-01 -6.209363e-03 -6.369717e-01  4.303232e-01
 6.00000e+00  1.86207e+00       2.647e+11  2.434426e-01  9.788810e-03 -8.106316e-01  7.565574e-01
-6.00000e+00  2.27586e+00       3.515e+11  2.169806e-01  1.307244e-01  7.686638e-01  7.830194e-01
-5.58621e+00  2.27586e+00       2.973e+11  4.250235e-01  1.277368e-01  6.876310e-01  5.749765e-01
-5.17241e+00  2.27586e+00       3.576e+11  6.405757e-01  2.749570e-02  5.352497e-01  3.594243e-01
-4.75862e+00  2.27586e+00       4.690e+11  8.159146e-01 -2.857405e-02  3.728285e-01  1.840854e-01
-4.34483e+00  2.27586e+00       4.917e+11  9.033397e-01 -5.460180e-02  2.804717e-01  9.666032e-02
-3.93103e+00  2.27586e+00       4.008e+11  9.230897e-01 -7.306041e-02  2.603069e-01  7.691030e-02
-3.51724e+00  2.27586e+00       2.849e+11  8.966368e-01 -6.360214e-02  2.779539e-01  1.033632e-01
-3.10345e+00  2.27586e+00       1.965e+11  8.726875e-01 -1.415907e-02  2.119653e-01  1.273125e-01
-2.68966e+00  2.27586e+00       2.150e+11  9.219038e-01  4.283053e-02 -5.343441e-02  7.809619e-02
-2.27586e+00  2.27586e+00       5.022e+11  9.517767e-01  2.266015e-02 -2.320338e-01  4.822330e-02
-1.86207e+00  2.27586e+00       1.115e+12  9.398565e-01 -2.764946e-03 -3.049781e-01  6.014346e-02
-1.44828e+00  2.27586e+00       1.605e+12  9.178372e-01 -2.649834e-02 -3.601092e-01  8.216284e-02
-1.03448e+00  2.27586e+00       1.415e+12  8.865144e-01 -6.413205e-02 -4.090335e-01  1.134856e-01
-6.20690e-01  2.27586e+00       8.008e+11  8.382223e-01 -1.335669e-01 -4.281529e-01  1.617777e-01
-2.06897e-01  2.27586e+00       3.787e+11  7.704305e-01 -2.376310e-01 -2.465456e-01  2.295695e-01
 2.06897e-01  2.27586e+00       3.795e+11  7.885387e-01 -1.820414e-01  2.749219e-01  2.114613e-01
 6.20690e-01  2.27586e+00       8.223e+11  8.652629e-01 -5.041823e-02  4.103268e-01  1.347371e-01
 1.03448e+00  2.27586e+00       1.515e+12  9.090433e-01  3.640447e-03  3.747166e-01  9.095671e-02
 1.44828e+00  2.27586e+00       1.804e+12  9.347353e-01  2.178331e-02  3.256139e-01  6.526474e-02
 1.86207e+00  2.27586e+00       1.333e+12  9.517913e-01  2.660757e-02  2.754031e-01  4.820869e-02
 2.27586e+00  2.27586e+00       6.737e+11  9.628464e-01  3.353481e-02  2.008315e-01  3.715360e-02
 2.68966e+00  2.27586e+00       3.491e+11  9.572771e-01  4.848597e-02  2.924436e-02  4.272292e-02
 3.10345e+00  2.27586e+00       2.897e+11  9.339424e-01  2.179666e-02 -1.661524e-01  6.605761e-02
 3.51724e+00  2.27586e+00       3.288e+11  9.296218e-01 -3.870223e-02 -2.368592e-01  7.037824e-02
 3.93103e+00  2.27586e+00       4.573e+11  9.396739e-01 -5.995400e-02 -2.586420e-01  6.032609e-02
 4.34483e+00  2.27586e+00       5.788e+11  9.264351e-01 -4.540461e-02 -2.952763e-01  7.356494e-02
 4.75862e+00  2.27586e+00       5.352e+11  8.590510e-01 -2.896280e-02 -3.826567e-01  1.409490e-01
 5.17241e+00  2.27586e+00       4.049e+11  7.160533e-01 -1.448391e-02 -5.503891e-01  2.839467e-01
 5.58621e+00  2.27586e+00       3.269e+11  5.381250e-01  2.548971e-03 -7.055161e-01  4.618750e-01
 6.00000e+00  2.27586e+00       3.653e+11  2.852509e-01 -8.053183e-03 -7.997857e-01  7.147491e-01
-6.00000e+00  2.68966e+00       6.028e+11  1.335385e-01  2.677895e-02  8.812096e-01  8.664615e-01
-5.58621e+00  2.68966e+00       4.166e+11  3.024622e-01  6.109610e-02  8.174435e-01  6.975378e-01
-5.17241e+00  2.68966e+00       3.769e+11  5.118362e-01  2.683913e-02  6.735495e-01  4.881638e-01
-4.75862e+00  2.68966e+00       4.802e+11  7.319654e-01 -2.846053e-02  4.632832e-01  2.680346e-01
-4.34483e+00  2.68966e+00       5.696e+11  8.665071e-01 -5.326728e-02  3.088433e-01  1.334929e-01
-3.93103e+00  2.68966e+00       5.208e+11  9.252082e-01 -7.111117e-02  2.323932e-01  7.479177e-02
-3.51724e+00  2.68966e+00       4.000e+11  9.256104e-01 -7.465988e-02  2.329118e-01  7.438964e-02
-3.10345e+00  2.68966e+00       2.820e+11  8.824114e-01 -4.815901e-02  2.568322e-01  1.175886e-01
-2.68966e+00  2.68966e+00       1.806e+11  8.379521e-01  1.799271e-02  1.770414e-01  1.620479e-01
-2.27586e+00  2.68966e+00       1.347e+11  8.475347e-01  1.272103e-01 -9.300831e-02  1.524653e-01
-1.86207e+00  2.68966e+00       1.666e+11  8.379628e-01  1.397343e-01 -3.710750e-01  1.620372e-01
-1.44828e+00  2.68966e+00       2.806e+11  7.150837e-01  1.080556e-01 -5.627260e-01  2.849163e-01
-1.03448e+00  2.68966e+00       4.409e+11  5.148346e-01  1.154893e-01 -6.697285e-01  4.851654e-01
-6.20690e-01  2.68966e+00       5.343e+11  2.410254e-01  1.478371e-01 -6.117040e-01  7.589746e-01
-2.06897e-01  2.68966e+00       5.445e+11 -1.065640e-02  1.807888e-01 -2.111889e-01  9.893436e-01
 2.06897e-01  2.68966e+00       5.829e+11  4.823407e-02  1.678013e-01  3.873534e-01  9.517659e-01
 6.20690e-01  2.68966e+00       6.248e+11  3.303012e-01  1.143501e-01  6.754249e-01  6.696988e-01
 1.03448e+00  2.68966e+00       5.400e+11  5.730093e-01  6.569534e-02  6.732264e-01  4.269907e-01
 1.44828e+00  2.68966e+00       3.709e+11  7.488261e-01  4.770720e-02  5.418749e-01  2.511739e-01
 1.86207e+00  2.68966e+00       2.567e+11  8.681037e-01  7.377664e-02  3.395523e-01  1.318963e-01
 2.27586e+00  2.68966e+00       2.383e+11  9.180633e-01  9.102366e-02  8.265247e-02  8.193667e-02
 2.68966e+00  2.68966e+00       2.759e+11  9.240127e-01  4.752190e-02 -1.137837e-01  7.598729e-02
 3.10345e+00  2.68966e+00       3.202e+11  9.256703e-01 -2.141731e-02 -1.821124e-01  7.432968e-02
 3.51724e+00  2.68966e+00       4.316e+11  9.427451e-01 -6.112356e-02 -2.023844e-01  5.725492e-02
 3.93103e+00  2.68966e+00       6.153e+11  9.448163e-01 -5.400183e-02 -2.408219e-01  5.518369e-02
 4.34483e+00  2.68966e+00       6.667e+11  9.055937e-01 -4.077767e-02 -3.105275e-01  9.440632e-02
 4.75862e+00  2.68966e+00       5.423e+11  7.956679e-01 -3.656218e-02 -4.523403e-01  2.043321e-01
 5.17241e+00  2.68966e+00       4.170e+11  6.154634e-01 -2.983304e-02 -6.464994e-01  3.845366e-01
 5.58621e+00  2.68966e+00       4.089e+11  3.813695e-01 -1.117760e-02 -7.920630e-01  6.186305e-01
 6.00000e+00  2.68966e+00       5.802e+11  1.237673e-01 -1.330270e-02 -8.842404e-01  8.762327e-01
-6.00000e+00  3.10345e+00       8.828e+11  1.130693e-01  1.007272e-02  9.110234e-01  8.869307e-01
-5.58621e+00  3.10345e+00       6.015e+11  2.599826e-01  5.247995e-02  8.557237e-01  7.400174e-01
-5.17241e+00  3.10345e+00       4.360e+11  4.157667e-01  6.390677e-02  7.709412e-01  5.842333e-01
-4.75862e+00  3.10345e+00       4.574e+11  6.205635e-01  2.782151e-03  5.813315e-01  3.794365e-01
-4.34483e+00  3.10345e+00       5.870e+11  8.068599e-01 -4.021654e-02  3.619801e-01  1.931401e-01
-3.93103e+00  3.10345e+00       6.367e+11  9.100561e-01 -6.000622e-02  2.139090e-01  8.994387e-02
-3.51724e+00  3.10345e+00       5.445e+11  9.500183e-01 -7.580922e-02  1.477893e-01  4.998169e-02
-3.10345e+00  3.10345e+00       4.189e+11  9.389706e-01 -6.839384e-02  1.643692e-01  6.102938e-02
-2.68966e+00  3.10345e+00       3.038e+11  8.823557e-01 -3.638765e-02  2.048279e-01  1.176443e-01
-2.27586e+00  3.10345e+00       1.889e+11  7.977969e-01  2.866320e-02  1.550395e-01  2.022031e-01
-1.86207e+00  3.10345e+00       1.141e+11  7.223108e-01  2.025273e-01 -9.061326e-02  2.776892e-01
-1.44828e+00  3.10345e+00       9.029e+10  6.677637e-01  3.550905e-01 -4.051340e-01  3.322363e-01
-1.03448e+00  3.10345e+00       8.280e+10  5.421582e-01  3.707865e-01 -5.663059e-01  4.578418e-01
-6.20690e-01  3.10345e+00       6.965e+10  3.199871e-01  3.811503e-01 -4.944346e-01  6.800129e-01
-2.06897e-01  3.10345e+00       6.026e+10  1.300575e-01  4.048284e-01 -3.357346e-02  8.699425e-01
 2.06897e-01  3.10345e+00       6.840e+10  1.864189e-01  3.537194e-01  5.114901e-01  8.135811e-01
 6.20690e-01  3.10345e+00       8.639e+10  3.373865e-01  2.719822e-01  7.167431e-01  6.626135e-01
 1.03448e+00  3.10345e+00       1.016e+11  4.949971e-01  2.390352e-01  6.607396e-01  5.050029e-01
 1.44828e+00  3.10345e+00       1.298e+11  7.070429e-01  2.256637e-01  3.898553e-01  2.929571e-01
 1.86207e+00  3.10345e+00       1.992e+11  8.652923e-01  1.512335e-01  9.559291e-02  1.347077e-01
 2.27586e+00  3.10345e+00       2.786e+11  9.129298e-01  6.066757e-02 -5.335370e-02  8.707022e-02
 2.68966e+00  3.10345e+00       3.182e+11  9.202701e-01 -1.598796e-02 -9.011537e-02  7.972988e-02
 3.10345e+00  3.10345e+00       4.131e+11  9.449562e-01 -6.105166e-02 -9.946487e-02  5.504377e-02
 3.51724e+00  3.10345e+00       6.299e+11  9.629538e-01 -5.653986e-02 -1.440834e-01  3.704622e-02
 3.93103e+00  3.10345e+00       7.556e+11  9.434667e-01 -4.306561e-02 -2.107113e-01  5.653333e-02
 4.34483e+00  3.10345e+00       6.581e+11  8.634334e-01 -3.807218e-02 -3.402610e-01  1.365666e-01
 4.75862e+00  3.10345e+00       5.084e+11  7.110142e-01 -3.615365e-02 -5.497336e-01  2.889858e-01
 5.17241e+00  3.10345e+00       4.485e+11  5.312589e-01 -1.749845e-02 -7.258874e-01  4.687411e-01
 5.58621e+00  3.10345e+00       5.588e+11  2.984856e-01 -7.943121e-03 -8.406489e-01  7.015144e-01
 6.00000e+00  3.10345e+00       8.715e+11  9.500610e-02 -1.689258e-02 -9.193045e-01  9.049939e-01
-6.00000e+00  3.51724e+00       1.255e+12  1.319107e-01 -3.418008e-03  9.350556e-01  8.680893e-01
-5.58621e+00  3.51724e+00       9.197e+11  2.561375e-01  2.755075e-02  8.814794e-01  7.438625e-01
-5.17241e+00  3.51724e+00       6.074e+11  3.892087e-01  6.961039e-02  8.168171e-01  6.107913e-01
-4.75862e+00  3.51724e+00       4.687e+11  5.233471e-01  5.228134e-02  7.091653e-01  4.766529e-01
-4.34483e+00  3.51724e+00       5.302e+11  7.086792e-01 -1.503928e-02  4.807139e-01  2.913208e-01
-3.93103e+00  3.51724e+00       6.671e+11  8.614253e-01 -4.773424e-02  2.425506e-01  1.385747e-01
-3.51724e+00  3.51724e+00       6.909e+11  9.391721e-01 -6.422898e-02  8.390734e-02  6.082786e-02
-3.10345e+00  3.51724e+00       5.757e+11  9.674562e-01 -7.871025e-02  7.507890e-03  3.254380e-02
-2.68966e+00  3.51724e+00       4.513e+11  9.602076e-01 -6.323036e-02  2.029024e-02  3.979244e-02
-2.27586e+00  3.51724e+00       3.586e+11  9.087380e-01 -2.781782e-02  9.172913e-02  9.126205e-02
-1.86207e+00  3.51724e+00       2.467e+11  7.993214e-01 -6.969339e-03  1.490191e-01  2.006786e-01
-1.44828e+00  3.51724e+00       1.393e+11  6.049416e-01  1.136598e-01  1.137413e-01  3.950584e-01
-1.03448e+00  3.51724e+00       8.889e+10  3.888755e-01  5.006828e-01 -7.623473e-02  6.111245e-01
-6.20690e-01  3.51724e+00       7.481e+10  2.870965e-01  8.099537e-01 -2.002983e-01  7.129035e-01
-2.06897e-01  3.51724e+00       6.741e+10  2.321473e-01  8.983251e-01 -9.784227e-02  7.678527e-01
 2.06897e-01  3.51724e+00       7.088e+10  2.658991e-01  8.391895e-01  1.721499e-01  7.341009e-01
 6.20690e-01  3.51724e+00       9.755e+10  4.768500e-01  6.161904e-01  3.216874e-01  5.231500e-01
 1.03448e+00  3.51724e+00       1.612e+11  7.392330e-01  3.195429e-01  2.437049e-01  2.607670e-01
 1.44828e+00  3.51724e+00       2.532e+11  8.740728e-01  1.194928e-01  1.223532e-01  1.259272e-01
 1.86207e+00  3.51724e+00       3.008e+11  8.920515e-01  2.359641e-02  6.068338e-02  1.079485e-01
 2.27586e+00  3.51724e+00       2.975e+11  8.804936e-01 -3.357263e-02  6.736705e-02  1.195064e-01
 2.68966e+00  3.51724e+00       4.016e+11  9.294126e-01 -6.192384e-02  6.176752e-02  7.058740e-02
 3.10345e+00  3.51724e+00       6.609e+11  9.710399e-01 -5.437648e-02 -8.549076e-04  2.896010e-02
 3.51724e+00  3.51724e+00       8.271e+11  9.680267e-01 -4.313775e-02 -7.511916e-02  3.197334e-02
 3.93103e+00  3.51724e+00       7.394e+11  9.123242e-01 -3.992313e-02 -2.062875e-01  8.767581e-02
 4.34483e+00  3.51724e+00       5.775e+11  7.863477e-01 -4.180832e-02 -4.359009e-01  2.136523e-01
 4.75862e+00  3.51724e+00       4.954e+11  6.420878e-01 -2.599141e-02 -6.437477e-01  3.579122e-01
 5.17241e+00  3.51724e+00       5.516e+11  4.658333e-01 -5.805244e-03 -7.728895e-01  5.341667e-01
 5.58621e+00  3.51724e+00       8.474e+11  2.517386e-01 -1.297663e-02 -8.814401e-01  7.482614e-01
 6.00000e+00  3.51724e+00       1.279e+12  1.119831e-01 -1.682153e-02 -9.443336e-01  8.880169e-01
-6.00000e+00  3.93103e+00       1.636e+12  1.804939e-01 -1.004799e-02  9.472645e-01  8.195061e-01
-5.58621e+00  3.93103e+00       1.363e+12  2.793852e-01  5.265377e-03  8.987676e-01  7.206148e-01
-5.17241e+00  3.93103e+00       9.509e+11  4.038461e-01  4.379430e-02  8.290461e-01  5.961539e-01
-4.75862e+00  3.93103e+00       6.191e+11  5.120611e-01  8.054609e-02  7.580537e-01  4.879389e-01
-4.34483e+00  3.93103e+00       4.910e+11  6.161440e-01  4.454119e-02  6.391058e-01  3.838560e-01
-3.93103e+00  3.93103e+00       5.618e+11  7.669175e-01 -2.358999e-02  3.807569e-01  2.330825e-01
-3.51724e+00  3.93103e+00       7.003e+11  8.860932e-01 -5.178475e-02  1.030705e-01  1.139068e-01
-3.10345e+00  3.93103e+00       7.318e+11  9.369910e-01 -6.460081e-02 -8.954046e-02  6.300898e-02
-2.68966e+00  3.93103e+00       6.138e+11  9.468260e-01 -8.252173e-02 -2.044442e-01  5.317398e-02
-2.27586e+00  3.93103e+00       4.675e+11  9.422584e-01 -7.643191e-02 -2.498953e-01  5.774161e-02
-1.86207e+00  3.93103e+00       3.903e+11  9.293427e-01 -1.565785e-02 -2.193200e-01  7.065729e-02
-1.44828e+00  3.93103e+00       3.731e+11  8.994901e-01  2.093665e-02 -1.093240e-01  1.005099e-01
-1.03448e+00  3.93103e+00       3.399e+11  8.277836e-01 -1.002297e-02  8.314110e-02  1.722164e-01
-6.20690e-01  3.93103e+00       2.827e+11  6.979025e-01 -4.657650e-02  3.438435e-01  3.020975e-01
-2.06897e-01  3.93103e+00       2.621e+11  6.179717e-01 -3.781567e-02  5.240952e-01  3.820283e-01
 2.06897e-01  3.93103e+00       2.875e+11  6.771177e-01 -2.987489e-02  4.881385e-01  3.228823e-01
 6.20690e-01  3.93103e+00       3.050e+11  7.467705e-01 -4.595116e-02  3.295515e-01  2.532295e-01
 1.03448e+00  3.93103e+00       2.675e+11  7.236342e-01 -4.654175e-02  1.684945e-01  2.763658e-01
 1.44828e+00  3.93103e+00       2.091e+11  6.298455e-01 -1.623989e-02  1.465454e-01  3.701545e-01
 1.86207e+00  3.93103e+00       2.368e+11  7.075736e-01 -2.882772e-02  2.923751e-01  2.924264e-01
 2.27586e+00  3.93103e+00       4.386e+11  8.798085e-01 -5.312917e-02  2.840524e-01  1.201915e-01
 2.68966e+00  3.93103e+00       7.373e+11  9.496472e-01 -4.853910e-02  2.000793e-01  5.035278e-02
 3.10345e+00  3.93103e+00       8.706e+11  9.635322e-01 -4.243443e-02  1.095595e-01  3.646780e-02
 3.51724e+00  3.93103e+00       7.508e+11  9.297565e-01 -4.399948e-02 -4.686104e-02  7.024355e-02
 3.93103e+00  3.93103e+00       5.939e+11  8.339260e-01 -4.978202e-02 -3.179644e-01  1.660740e-01
 4.34483e+00  3.93103e+00       5.238e+11  7.267793e-01 -3.392481e-02 -5.517046e-01  2.732207e-01
 4.75862e+00  3.93103e+00       5.561e+11  6.078631e-01 -6.061769e-03 -6.822438e-01  3.921369e-01
 5.17241e+00  3.93103e+00       8.123e+11  4.166308e-01 -9.451718e-03 -8.128767e-01  5.833692e-01
 5.58621e+00  3.93103e+00       1.319e+12  2.586795e-01 -1.714340e-02 -9.096048e-01  7.413205e-01
 6.00000e+00  3.93103e+00       1.715e+12  1.654181e-01 -1.145077e-02 -9.545773e-01  8.345819e-01
-6.00000e+00  4.34483e+00       1.903e+12  2.490084e-01 -1.115847e-02  9.448025e-01  7.509916e-01
-5.58621e+00  4.34483e+00       1.830e+12  3.276505e-01 -7.005749e-03  9.041930e-01  6.723495e-01
-5.17241e+00  4.34483e+00       1.460e+12  4.327586e-01  1.315157e-02  8.346804e-01  5.672414e-01
-4.75862e+00  4.34483e+00       9.988e+11  5.480810e-01  5.594257e-02  7.481443e-01  4.519190e-01
-4.34483e+00  4.34483e+00       6.374e+11  6.296933e-01  9.051925e-02  6.747168e-01  3.703067e-01
-3.93103e+00  4.34483e+00       4.883e+11  6.945930e-01  4.943560e-02  5.718637e-01  3.054070e-01
-3.51724e+00  4.34483e+00       5.273e+11  7.917848e-01 -2.393663e-02  3.134015e-01  2.082152e-01
-3.10345e+00  4.34483e+00       6.489e+11  8.645174e-01 -5.726312e-02 -2.986062e-02  1.354826e-01
-2.68966e+00  4.34483e+00       7.233e+11  8.717867e-01 -6.400485e-02 -2.937058e-01  1.282133e-01
-2.27586e+00  4.34483e+00       6.571e+11  8.293373e-01 -7.737064e-02 -4.688520e-01  1.706627e-01
-1.86207e+00  4.34483e+00       5.072e+11  7.612562e-01 -1.011829e-01 -5.946297e-01  2.387438e-01
-1.44828e+00  4.34483e+00       3.661e+11  6.845452e-01 -1.020630e-01 -6.867650e-01  3.154548e-01
-1.03448e+00  4.34483e+00       2.652e+11  6.162546e-01 -8.667336e-02 -7.394409e-01  3.837454e-01
-6.20690e-01  4.34483e+00       1.815e+11  5.623996e-01 -9.617200e-02 -7.240176e-01  4.376004e-01
-2.06897e-01  4.34483e+00       1.133e+11  4.563089e-01 -1.331987e-01 -5.996073e-01  5.436911e-01
 2.06897e-01  4.34483e+00       8.298e+10  1.547071e-01 -1.849399e-01 -2.837353e-01  8.452929e-01
 6.20690e-01  4.34483e+00       9.601e+10 -9.826433e-02 -1.756912e-01  2.065798e-01  9.017357e-01
 1.03448e+00  4.34483e+00       1.654e+11  1.489197e-01 -9.525185e-02  5.693673e-01  8.510803e-01
 1.44828e+00  4.34483e+00       3.333e+11  5.314482e-01 -5.588848e-02  6.415208e-01  4.685518e-01
 1.86207e+00  4.34483e+00       5.981e+11  7.448811e-01 -4.998208e-02  5.688604e-01  2.551189e-01
 2.27586e+00  4.34483e+00       8.124e+11  8.453422e-01 -4.746140e-02  4.670221e-01  1.546578e-01
 2.68966e+00  4.34483e+00       8.025e+11  8.923275e-01 -4.837284e-02  3.432516e-01  1.076725e-01
 3.10345e+00  4.34483e+00       6.447e+11  8.946108e-01 -5.730323e-02  1.142325e-01  1.053892e-01
 3.51724e+00  4.34483e+00       5.426e+11  8.486362e-01 -6.376785e-02 -2.250341e-01  1.513638e-01
 3.93103e+00  4.34483e+00       5.196e+11  7.932769e-01 -3.822451e-02 -4.539809e-01  2.067231e-01
 4.34483e+00  4.34483e+00       5.583e+11  7.237599e-01 -3.449901e-03 -5.672826e-01  2.762401e-01
 4.75862e+00  4.34483e+00       7.888e+11  5.709590e-01 -6.756050e-03 -7.119981e-01  4.290410e-01
 5.17241e+00  4.34483e+00       1.323e+12  4.118410e-01 -1.733890e-02 -8.462392e-01  5.881590e-01
 5.58621e+00  4.34483e+00       1.888e+12  3.109391e-01 -1.247546e-02 -9.160216e-01  6.890609e-01
 6.00000e+00  4.34483e+00       2.005e+12  2.386151e-01 -2.197009e-03 -9.494023e-01  7.613849e-01
-6.00000e+00  4.75862e+00       1.982e+12  3.312227e-01 -9.178172e-03  9.265657e-01  6.687773e-01
-5.58621e+00  4.75862e+00       2.148e+12  3.943686e-01 -9.912285e-03  8.931417e-01  6.056314e-01
-5.17241e+00  4.75862e+00       1.984e+12  4.784372e-01 -4.414289e-03  8.322882e-01  5.215628e-01
-4.75862e+00  4.75862e+00       1.572e+12  5.817436e-01  1.778947e-02  7.388574e-01  4.182564e-01
-4.34483e+00  4.75862e+00       1.083e+12  6.838179e-01  6.208727e-02  6.322583e-01  3.161821e-01
-3.93103e+00  4.75862e+00       6.744e+11  7.440073e-01  1.028910e-01  5.531022e-01  2.559927e-01
-3.51724e+00  4.75862e+00       4.705e+11  7.730356e-01  7.405028e-02  4.878510e-01  2.269644e-01
-3.10345e+00  4.75862e+00       4.444e+11  8.126594e-01 -5.427079e-03  3.184843e-01  1.873406e-01
-2.68966e+00  4.75862e+00       4.861e+11  8.097709e-01 -6.389129e-02 -3.490713e-02  1.902291e-01
-2.27586e+00  4.75862e+00       5.624e+11  7.195510e-01 -8.433197e-02 -4.334066e-01  2.804490e-01
-1.86207e+00  4.75862e+00       5.988e+11  5.649995e-01 -7.289555e-02 -6.919762e-01  4.350005e-01
-1.44828e+00  4.75862e+00       5.282e+11  3.481524e-01 -7.122427e-02 -8.351480e-01  6.518476e-01
-1.03448e+00  4.75862e+00       4.257e+11  3.709216e-02 -1.178351e-01 -8.686980e-01  9.629078e-01
-6.20690e-01  4.75862e+00       3.715e+11 -3.345863e-01 -1.926331e-01 -7.130464e-01  6.654137e-01
-2.06897e-01  4.75862e+00       3.567e+11 -6.175296e-01 -2.333726e-01 -3.499961e-01  3.824704e-01
 2.06897e-01  4.75862e+00       3.596e+11 -6.569237e-01 -2.206851e-01  1.418219e-01  3.430763e-01
 6.20690e-01  4.75862e+00       4.025e+11 -3.596301e-01 -1.562575e-01  5.927930e-01  6.403699e-01
 1.03448e+00  4.75862e+00       5.180e+11  8.979838e-02 -8.736302e-02  8.086277e-01  9.102016e-01
 1.44828e+00  4.75862e+00       6.390e+11  4.018914e-01 -6.290126e-02  8.210560e-01  5.981086e-01
 1.86207e+00  4.75862e+00       6.309e+11  5.785815e-01 -6.721040e-02  7.413330e-01  4.214185e-01
 2.27586e+00  4.75862e+00       5.180e+11  7.073324e-01 -8.033005e-02  5.409824e-01  2.926676e-01
 2.68966e+00  4.75862e+00       4.477e+11  8.119257e-01 -9.454693e-02  1.580790e-01  1.880743e-01
 3.10345e+00  4.75862e+00       4.591e+11  8.521407e-01 -8.133800e-02 -1.840250e-01  1.478593e-01
 3.51724e+00  4.75862e+00       4.909e+11  8.497112e-01 -2.918464e-02 -3.345043e-01  1.502888e-01
 3.93103e+00  4.75862e+00       5.516e+11  8.174026e-01  6.247740e-03 -4.168940e-01  1.825974e-01
 4.34483e+00  4.75862e+00       7.836e+11  7.020466e-01 -6.543532e-03 -5.799826e-01  2.979534e-01
 4.75862e+00  4.75862e+00       1.336e+12  5.590898e-01 -1.878309e-02 -7.530417e-01  4.409102e-01
 5.17241e+00  4.75862e+00       2.011e+12  4.601055e-01 -1.261862e-02 -8.498129e-01  5.398945e-01
 5.58621e+00  4.75862e+00       2.292e+12  3.871270e-01 -1.356604e-03 -8.997876e-01  6.128730e-01
 6.00000e+00  4.75862e+00       2.030e+12  3.196723e-01  5.139381e-03 -9.307300e-01  6.803277e-01
-6.00000e+00  5.17241e+00       1.873e+12  4.291131e-01 -7.629602e-03  8.881894e-01  5.708869e-01
-5.58621e+00  5.17241e+00       2.252e+12  4.750020e-01 -8.114356e-03  8.627851e-01  5.249980e-01
-5.17241e+00  5.17241e+00       2.309e+12  5.395332e-01 -8.593881e-03  8.133157e-01  4.604668e-01
-4.75862e+00  5.17241e+00       2.102e+12  6.224023e-01 -2.969782e-03  7.298592e-01  3.775977e-01
-4.34483e+00  5.17241e+00       1.704e+12  7.156725e-01  1.766946e-02  6.096567e-01  2.843275e-01
-3.93103e+00  5.17241e+00       1.223e+12  8.023814e-01  5.965866e-02  4.744417e-01  1.976186e-01
-3.51724e+00  5.17241e+00       7.648e+11  8.483742e-01  1.115963e-01  3.737971e-01  1.516258e-01
-3.10345e+00  5.17241e+00       4.695e+11  8.490142e-01  1.212224e-01  3.251986e-01  1.509858e-01
-2.68966e+00  5.17241e+00       3.801e+11  8.625626e-01  4.910153e-02  2.610354e-01  1.374374e-01
-2.27586e+00  5.17241e+00       3.599e+11  8.705629e-01 -2.588720e-02  1.226091e-01  1.294371e-01
-1.86207e+00  5.17241e+00       3.156e+11  7.685149e-01 -9.510425e-02 -1.357545e-01  2.314851e-01
-1.44828e+00  5.17241e+00       2.841e+11  4.336564e-01 -1.702143e-01 -4.955271e-01  5.663436e-01
-1.03448e+00  5.17241e+00       2.973e+11 -4.374317e-02 -2.339057e-01 -7.101452e-01  9.562568e-01
-6.20690e-01  5.17241e+00       3.228e+11 -4.203394e-01 -2.525567e-01 -6.319829e-01  5.796606e-01
-2.06897e-01  5.17241e+00       3.251e+11 -6.563524e-01 -2.364556e-01 -3.083153e-01  3.436476e-01
 2.06897e-01  5.17241e+00       3.158e+11 -7.063825e-01 -2.270460e-01  1.550270e-01  2.936175e-01
 6.20690e-01  5.17241e+00       3.016e+11 -5.545886e-01 -2.301862e-01  5.452771e-01  4.454114e-01
 1.03448e+00  5.17241e+00       2.656e+11 -2.702395e-01 -2.178395e-01  7.233233e-01  7.297605e-01
 1.44828e+00  5.17241e+00       2.343e+11  1.772633e-01 -1.958990e-01  6.156443e-01  8.227367e-01
 1.86207e+00  5.17241e+00       2.622e+11  6.234699e-01 -1.852816e-01  2.869982e-01  3.765301e-01
 2.27586e+00  5.17241e+00       3.334e+11  8.097260e-01 -1.450955e-01  2.587810e-02  1.902740e-01
 2.68966e+00  5.17241e+00       4.012e+11  8.632589e-01 -5.767910e-02 -1.044786e-01  1.367411e-01
 3.10345e+00  5.17241e+00       4.553e+11  8.878007e-01  1.478597e-02 -1.436389e-01  1.121993e-01
 3.51724e+00  5.17241e+00       5.426e+11  8.810428e-01  1.693232e-02 -2.149963e-01  1.189572e-01
 3.93103e+00  5.17241e+00       8.049e+11  8.009425e-01 -1.325389e-02 -4.224917e-01  1.990575e-01
 4.34483e+00  5.17241e+00       1.387e+12  6.901601e-01 -2.139967e-02 -6.333732e-01  3.098399e-01
 4.75862e+00  5.17241e+00       2.122e+12  6.052215e-01 -1.076552e-02 -7.539004e-01  3.947785e-01
 5.17241e+00  5.17241e+00       2.508e+12  5.371694e-01  1.758692e-03 -8.203595e-01  4.628306e-01
 5.58621e+00  5.17241e+00       2.326e+12  4.708203e-01  6.919811e-03 -8.655396e-01  5.291797e-01
 6.00000e+00  5.17241e+00       1.875e+12  4.085311e-01  7.062378e-03 -8.972715e-01  5.914689e-01
-6.00000e+00  5.58621e+00       1.568e+12  5.351788e-01 -7.331932e-03  8.263215e-01  4.648212e-01
-5.58621e+00  5.58621e+00       2.144e+12  5.772888e-01 -6.792621e-03  8.016278e-01  4.227112e-01
-5.17241e+00  5.58621e+00       2.439e+12  6.176094e-01 -7.093287e-03  7.687658e-01  3.823906e-01
-4.75862e+00  5.58621e+00       2.377e+12  6.753904e-01 -7.017616e-03  7.058712e-01  3.246096e-01
-4.34483e+00  5.58621e+00       2.147e+12  7.490434e-01 -2.269419e-03  5.999575e-01  2.509566e-01
-3.93103e+00  5.58621e+00       1.816e+12  8.225947e-01  1.326261e-02  4.519502e-01  1.774053e-01
-3.51724e+00  5.58621e+00       1.404e+12  8.848811e-01  4.631595e-02  2.774313e-01  1.151189e-01
-3.10345e+00  5.58621e+00       9.561e+11  9.168964e-01  9.833840e-02  1.259258e-01  8.310361e-02
-2.68966e+00  5.58621e+00       5.636e+11  9.011226e-01  1.572103e-01  4.955047e-02  9.887739e-02
-2.27586e+00  5.58621e+00       3.396e+11  8.433008e-01  1.709420e-01  4.739339e-02  1.566992e-01
-1.86207e+00  5.58621e+00       2.849e+11  8.255447e-01  8.497821e-02 -2.269666e-02  1.744553e-01
-1.44828e+00  5.58621e+00       3.028e+11  8.622440e-01  1.585009e-02 -1.369315e-01  1.377560e-01
-1.03448e+00  5.58621e+00       2.820e+11  8.724651e-01 -2.540669e-03 -1.436563e-01  1.275349e-01
-6.20690e-01  5.58621e+00       2.095e+11  8.056583e-01 -6.367079e-02 -8.889285e-03  1.943417e-01
-2.06897e-01  5.58621e+00       1.540e+11  6.534121e-01 -2.058013e-01  2.166657e-01  3.465879e-01
 2.06897e-01  5.58621e+00       1.467e+11  5.970848e-01 -2.699238e-01  2.942947e-01  4.029152e-01
 6.20690e-01  5.58621e+00       1.671e+11  6.471560e-01 -2.349379e-01  1.526879e-01  3.528440e-01
 1.03448e+00  5.58621e+00       1.982e+11  6.572520e-01 -2.103213e-01  5.576094e-03  3.427480e-01
 1.44828e+00  5.58621e+00       2.493e+11  6.887153e-01 -1.266806e-01  3.947354e-03  3.112847e-01
 1.86207e+00  5.58621e+00       3.170e+11  7.664836e-01  1.909617e-02  8.477728e-02  2.335164e-01
 2.27586e+00  5.58621e+00       3.697e+11  8.216181e-01  8.600595e-02  1.604513e-01  1.783819e-01
 2.68966e+00  5.58621e+00       4.209e+11  8.603265e-01  5.139858e-02  1.700888e-01  1.396735e-01
 3.10345e+00  5.58621e+00       5.497e+11  8.886238e-01 -2.743090e-03  2.073847e-02  1.113762e-01
 3.51724e+00  5.58621e+00       8.761e+11  8.621056e-01 -2.706667e-02 -2.579133e-01  1.378944e-01
 3.93103e+00  5.58621e+00       1.499e+12  7.990971e-01 -2.116418e-02 -4.926176e-01  2.009029e-01
 4.34483e+00  5.58621e+00       2.242e+12  7.392635e-01 -4.192158e-03 -6.269605e-01  2.607365e-01
 4.75862e+00  5.58621e+00       2.656e+12  6.821869e-01  7.969151e-03 -7.068578e-01  3.178131e-01
 5.17241e+00  5.58621e+00       2.524e+12  6.211285e-01  9.293163e-03 -7.663064e-01  3.788715e-01
 5.58621e+00  5.58621e+00       2.118e+12  5.604930e-01  6.072000e-03 -8.115669e-01  4.395070e-01
 6.00000e+00  5.58621e+00       1.701e+12  5.117185e-01  1.048827e-02 -8.402901e-01  4.882815e-01
-6.00000e+00  6.00000e+00       1.206e+12  6.302839e-01 -5.504418e-03  7.513531e-01  3.697161e-01
-5.58621e+00  6.00000e+00       1.735e+12  6.841160e-01 -6.442140e-03  7.086743e-01  3.158840e-01
-5.17241e+00  6.00000e+00       2.334e+12  7.233320e-01 -6.429762e-03  6.734041e-01  2.766680e-01
-4.75862e+00  6.00000e+00       2.580e+12  7.554439e-01 -6.535104e-03  6.367487e-01  2.445561e-01
-4.34483e+00  6.00000e+00       2.382e+12  7.962166e-01 -5.289026e-03  5.723045e-01  2.037834e-01
-3.93103e+00  6.00000e+00       2.071e+12  8.500860e-01 -3.181956e-04  4.525007e-01  1.499140e-01
-3.51724e+00  6.00000e+00       1.805e+12  8.945408e-01  9.643667e-03  2.810288e-01  1.054592e-01
-3.10345e+00  6.00000e+00       1.513e+12  9.116982e-01  2.866733e-02  7.342319e-02  8.830180e-02
-2.68966e+00  6.00000e+00       1.178e+12  8.957055e-01  6.222438e-02 -1.478616e-01  1.042945e-01
-2.27586e+00  6.00000e+00       8.161e+11  8.412277e-01  1.147640e-01 -3.298393e-01  1.587723e-01
-1.86207e+00  6.00000e+00       5.001e+11  7.542321e-01  1.769867e-01 -4.453474e-01  2.457679e-01
-1.44828e+00  6.00000e+00       3.222e+11  6.919825e-01  2.036663e-01 -4.218098e-01  3.080175e-01
-1.03448e+00  6.00000e+00       2.410e+11  6.471034e-01  2.070125e-01 -1.675141e-01  3.528966e-01
-6.20690e-01  6.00000e+00       2.017e+11  4.761061e-01  2.647558e-01  2.091935e-01  5.238939e-01
-2.06897e-01  6.00000e+00       1.969e+11  2.897706e-01  3.321547e-01  4.728479e-01  7.102294e-01
 2.06897e-01  6.00000e+00       2.094e+11  2.986049e-01  3.067222e-01  5.406453e-01  7.013951e-01
 6.20690e-01  6.00000e+00       2.138e+11  3.897985e-01  1.988132e-01  4.831682e-01  6.102015e-01
 1.03448e+00  6.00000e+00       2.142e+11  3.825008e-01  9.599215e-02  4.316892e-01  6.174992e-01
 1.44828e+00  6.00000e+00       2.420e+11  3.768485e-01  5.954163e-02  5.104530e-01  6.231515e-01
 1.86207e+00  6.00000e+00       3.136e+11  5.354472e-01  2.921086e-02  5.730119e-01  4.645528e-01
 2.27586e+00  6.00000e+00       4.297e+11  7.210284e-01 -1.124202e-02  4.746575e-01  2.789716e-01
 2.68966e+00  6.00000e+00       6.327e+11  8.436373e-01 -3.363186e-02  2.133858e-01  1.563627e-01
 3.10345e+00  6.00000e+00       1.025e+12  8.906837e-01 -3.045485e-02 -1.030816e-01  1.093163e-01
 3.51724e+00  6.00000e+00       1.666e+12  8.853753e-01 -8.166465e-03 -3.328615e-01  1.146247e-01
 3.93103e+00  6.00000e+00       2.363e+12  8.572627e-01  1.088418e-02 -4.635857e-01  1.427373e-01
 4.34483e+00  6.00000e+00       2.733e+12  8.151833e-01  1.625292e-02 -5.518798e-01  1.848167e-01
 4.75862e+00  6.00000e+00       2.608e+12  7.632780e-01  9.785131e-03 -6.254554e-01  2.367220e-01
 5.17241e+00  6.00000e+00       2.265e+12  7.073250e-01  3.892713e-03 -6.860473e-01  2.926750e-01
 5.58621e+00  6.00000e+00       1.920e+12  6.592412e-01  9.737608e-03 -7.282123e-01  3.407588e-01
 6.00000e+00  6.00000e+00       1.439e+12  6.286635e-01  1.766132e-02 -7.527262e-01  3.713365e-01
