 EB(GeV)    EMITTANCEx EMITTANCEy SIZEx(m)   SIZEy(m)   DIVx(rad)  DIVy(rad)
 1.500e+00  5.941e-09  5.941e-11  1.840e-04  1.299e-05  3.228e-05  4.574e-06
 betax      alphax     betay      alphay     eta        deta       E_spread  
 5.700e+00  0.000e+00  2.840e+00  0.000e+00  0.000e+00  0.000e+00  1.000e-03
 Ibeam(A) 
  2.000e-01


           x            y       F.Density            PL            PC          PL45        1-|PL|
          mm           mm  ph/s/mm^2/0.1%             -             -             -             -
-6.00000e+00 -6.00000e+00       1.600e+12  5.333986e-01  7.957440e-03 -8.220586e-01  4.666014e-01
-5.58621e+00 -6.00000e+00       2.153e+12  5.812744e-01  3.661084e-03 -7.939103e-01  4.187256e-01
-5.17241e+00 -6.00000e+00       2.340e+12  6.204588e-01  3.606174e-04 -7.604580e-01  3.795412e-01
-4.75862e+00 -6.00000e+00       2.068e+12  6.750614e-01 -6.054368e-03 -6.953905e-01  3.249386e-01
-4.34483e+00 -6.00000e+00       1.683e+12  7.524297e-01 -1.345781e-02 -5.750429e-01  2.475703e-01
-3.93103e+00 -6.00000e+00       1.394e+12  8.351543e-01 -1.881976e-02 -4.072980e-01  1.648457e-01
-3.51724e+00 -6.00000e+00       1.124e+12  8.958861e-01 -3.450131e-02 -2.413648e-01  1.041139e-01
-3.10345e+00 -6.00000e+00       7.727e+11  9.159454e-01 -7.475187e-02 -1.225813e-01  8.405462e-02
-2.68966e+00 -6.00000e+00       4.416e+11  8.814338e-01 -1.328637e-01 -7.272813e-02  1.185662e-01
-2.27586e+00 -6.00000e+00       2.711e+11  8.017305e-01 -1.448216e-01 -3.302499e-02  1.982695e-01
-1.86207e+00 -6.00000e+00       2.499e+11  7.761390e-01 -7.274162e-02  1.298180e-01  2.238610e-01
-1.44828e+00 -6.00000e+00       2.670e+11  7.813911e-01 -4.732053e-02  2.260897e-01  2.186089e-01
-1.03448e+00 -6.00000e+00       2.356e+11  7.092698e-01 -2.701566e-02  1.331116e-01  2.907302e-01
-6.20690e-01 -6.00000e+00       1.800e+11  4.595901e-01  1.187783e-01 -1.301249e-01  5.404099e-01
-2.06897e-01 -6.00000e+00       1.570e+11  1.665297e-01  3.199239e-01 -4.061079e-01  8.334703e-01
 2.06897e-01 -6.00000e+00       1.674e+11  1.843952e-01  3.336734e-01 -5.060505e-01  8.156048e-01
 6.20690e-01 -6.00000e+00       1.814e+11  3.804624e-01  2.229237e-01 -4.170075e-01  6.195376e-01
 1.03448e+00 -6.00000e+00       1.856e+11  4.945061e-01  1.306785e-01 -2.274607e-01  5.054939e-01
 1.44828e+00 -6.00000e+00       2.025e+11  5.447810e-01  6.807691e-02 -1.137318e-01  4.552190e-01
 1.86207e+00 -6.00000e+00       2.561e+11  6.723914e-01 -2.722668e-02 -1.226239e-01  3.276086e-01
 2.27586e+00 -6.00000e+00       3.225e+11  7.918698e-01 -6.754930e-02 -1.459592e-01  2.081302e-01
 2.68966e+00 -6.00000e+00       3.735e+11  8.543776e-01 -1.996521e-02 -1.283027e-01  1.456224e-01
 3.10345e+00 -6.00000e+00       4.572e+11  8.844729e-01  3.555025e-02 -7.389963e-03  1.155271e-01
 3.51724e+00 -6.00000e+00       6.946e+11  8.699969e-01  4.084182e-02  2.305542e-01  1.300031e-01
 3.93103e+00 -6.00000e+00       1.190e+12  8.163461e-01  1.799999e-02  4.496403e-01  1.836539e-01
 4.34483e+00 -6.00000e+00       1.807e+12  7.541916e-01  8.811169e-04  5.915617e-01  2.458084e-01
 4.75862e+00 -6.00000e+00       2.209e+12  6.867085e-01 -6.031101e-03  6.893877e-01  3.132915e-01
 5.17241e+00 -6.00000e+00       2.280e+12  6.133026e-01 -6.000567e-03  7.650408e-01  3.866974e-01
 5.58621e+00 -6.00000e+00       2.124e+12  5.489489e-01 -5.431267e-03  8.163435e-01  4.510511e-01
 6.00000e+00 -6.00000e+00       1.808e+12  5.011449e-01 -9.894414e-03  8.458680e-01  4.988551e-01
-6.00000e+00 -5.58621e+00       1.815e+12  4.009425e-01 -1.180323e-03 -9.016410e-01  5.990575e-01
-5.58621e+00 -5.58621e+00       2.090e+12  4.566111e-01  4.771535e-04 -8.701507e-01  5.433889e-01
-5.17241e+00 -5.58621e+00       1.973e+12  5.283154e-01 -2.310699e-03 -8.126903e-01  4.716846e-01
-4.75862e+00 -5.58621e+00       1.652e+12  6.246901e-01 -8.335931e-03 -7.125851e-01  3.753099e-01
-4.34483e+00 -5.58621e+00       1.333e+12  7.316805e-01 -2.134374e-02 -5.806344e-01  2.683195e-01
-3.93103e+00 -5.58621e+00       9.796e+11  8.096562e-01 -5.357561e-02 -4.639443e-01  1.903438e-01
-3.51724e+00 -5.58621e+00       6.055e+11  8.357730e-01 -9.981916e-02 -3.843791e-01  1.642270e-01
-3.10345e+00 -5.58621e+00       3.816e+11  8.320367e-01 -1.031237e-01 -3.040808e-01  1.679633e-01
-2.68966e+00 -5.58621e+00       3.286e+11  8.456610e-01 -3.761553e-02 -1.741362e-01  1.543390e-01
-2.27586e+00 -5.58621e+00       3.104e+11  8.135730e-01  2.715655e-02  6.158079e-03  1.864270e-01
-1.86207e+00 -5.58621e+00       2.805e+11  6.252396e-01  8.842401e-02  3.006717e-01  3.747604e-01
-1.44828e+00 -5.58621e+00       2.800e+11  2.192808e-01  1.542684e-01  6.292291e-01  7.807192e-01
-1.03448e+00 -5.58621e+00       3.129e+11 -1.997837e-01  2.104108e-01  7.508781e-01  8.002163e-01
-6.20690e-01 -5.58621e+00       3.311e+11 -4.998466e-01  2.241245e-01  6.145922e-01  5.001534e-01
-2.06897e-01 -5.58621e+00       3.199e+11 -6.927787e-01  2.081367e-01  2.507272e-01  3.072213e-01
 2.06897e-01 -5.58621e+00       3.154e+11 -6.890167e-01  1.946552e-01 -2.470664e-01  3.109833e-01
 6.20690e-01 -5.58621e+00       3.290e+11 -4.739227e-01  1.803820e-01 -6.400346e-01  5.260773e-01
 1.03448e+00 -5.58621e+00       3.264e+11 -1.721516e-01  1.424079e-01 -8.059940e-01  8.278484e-01
 1.44828e+00 -5.58621e+00       2.985e+11  1.899393e-01  1.026844e-01 -7.372848e-01  8.100607e-01
 1.86207e+00 -5.58621e+00       2.952e+11  5.651206e-01  1.074654e-01 -4.627095e-01  4.348794e-01
 2.27586e+00 -5.58621e+00       3.226e+11  7.679949e-01  1.114237e-01 -1.799808e-01  2.320051e-01
 2.68966e+00 -5.58621e+00       3.519e+11  8.342146e-01  5.838430e-02  2.440422e-02  1.657854e-01
 3.10345e+00 -5.58621e+00       3.957e+11  8.664668e-01 -2.455585e-03  1.430316e-01  1.335332e-01
 3.51724e+00 -5.58621e+00       4.652e+11  8.713617e-01 -2.452429e-03  2.315884e-01  1.286383e-01
 3.93103e+00 -5.58621e+00       6.380e+11  8.111286e-01  2.229567e-02  4.032952e-01  1.888714e-01
 4.34483e+00 -5.58621e+00       1.065e+12  7.073359e-01  2.102759e-02  6.038651e-01  2.926641e-01
 4.75862e+00 -5.58621e+00       1.676e+12  6.159748e-01  8.226460e-03  7.330405e-01  3.840252e-01
 5.17241e+00 -5.58621e+00       2.094e+12  5.348259e-01 -1.540061e-03  8.129135e-01  4.651741e-01
 5.58621e+00 -5.58621e+00       2.147e+12  4.556895e-01 -3.101241e-03  8.701421e-01  5.443105e-01
 6.00000e+00 -5.58621e+00       1.991e+12  3.920545e-01  2.432401e-03  9.063448e-01  6.079455e-01
-6.00000e+00 -5.17241e+00       1.995e+12  3.032554e-01  1.967087e-03 -9.345246e-01  6.967446e-01
-5.58621e+00 -5.17241e+00       1.894e+12  3.718907e-01 -2.011052e-03 -8.960171e-01  6.281093e-01
-5.17241e+00 -5.17241e+00       1.582e+12  4.738798e-01 -7.089579e-03 -8.230284e-01  5.261202e-01
-4.75862e+00 -5.17241e+00       1.233e+12  5.916525e-01 -2.428052e-02 -7.247733e-01  4.083475e-01
-4.34483e+00 -5.17241e+00       8.592e+11  6.810298e-01 -6.291559e-02 -6.356591e-01  3.189702e-01
-3.93103e+00 -5.17241e+00       5.383e+11  7.252626e-01 -9.486313e-02 -5.608434e-01  2.747374e-01
-3.51724e+00 -5.17241e+00       4.012e+11  7.671841e-01 -5.672634e-02 -4.381618e-01  2.328159e-01
-3.10345e+00 -5.17241e+00       4.027e+11  8.076909e-01  1.677303e-02 -1.854903e-01  1.923091e-01
-2.68966e+00 -5.17241e+00       4.596e+11  7.881586e-01  6.878592e-02  1.956256e-01  2.118414e-01
-2.27586e+00 -5.17241e+00       5.244e+11  7.035254e-01  8.171336e-02  5.211703e-01  2.964746e-01
-1.86207e+00 -5.17241e+00       5.080e+11  5.614330e-01  7.376236e-02  7.151938e-01  4.385670e-01
-1.44828e+00 -5.17241e+00       4.203e+11  3.133172e-01  9.898104e-02  8.273076e-01  6.866828e-01
-1.03448e+00 -5.17241e+00       3.629e+11 -6.525794e-02  1.786717e-01  8.145052e-01  9.347421e-01
-6.20690e-01 -5.17241e+00       3.519e+11 -4.376308e-01  2.356544e-01  6.053684e-01  5.623692e-01
-2.06897e-01 -5.17241e+00       3.513e+11 -6.676354e-01  2.394789e-01  2.040921e-01  3.323646e-01
 2.06897e-01 -5.17241e+00       3.582e+11 -6.687224e-01  2.207537e-01 -2.813899e-01  3.312776e-01
 6.20690e-01 -5.17241e+00       3.762e+11 -4.369734e-01  1.874362e-01 -6.548692e-01  5.630266e-01
 1.03448e+00 -5.17241e+00       4.153e+11 -4.845864e-02  1.265282e-01 -8.298815e-01  9.515414e-01
 1.44828e+00 -5.17241e+00       4.885e+11  3.278456e-01  7.150918e-02 -8.324368e-01  6.721544e-01
 1.86207e+00 -5.17241e+00       5.442e+11  5.686530e-01  5.454770e-02 -7.383690e-01  4.313470e-01
 2.27586e+00 -5.17241e+00       5.295e+11  7.189196e-01  5.441978e-02 -5.609903e-01  2.810804e-01
 2.68966e+00 -5.17241e+00       4.802e+11  8.185596e-01  5.966230e-02 -2.677515e-01  1.814404e-01
 3.10345e+00 -5.17241e+00       4.476e+11  8.547787e-01  6.338459e-02  6.271083e-02  1.452213e-01
 3.51724e+00 -5.17241e+00       4.411e+11  8.401637e-01  3.524971e-02  2.929277e-01  1.598363e-01
 3.93103e+00 -5.17241e+00       4.750e+11  8.054008e-01  3.472054e-03  4.232738e-01  1.945992e-01
 4.34483e+00 -5.17241e+00       6.172e+11  7.135911e-01  9.193380e-03  5.661872e-01  2.864089e-01
 4.75862e+00 -5.17241e+00       1.005e+12  5.725284e-01  1.655304e-02  7.329081e-01  4.274716e-01
 5.17241e+00 -5.17241e+00       1.589e+12  4.589512e-01  1.014010e-02  8.404222e-01  5.410488e-01
 5.58621e+00 -5.17241e+00       1.988e+12  3.709229e-01  2.024195e-03  9.005725e-01  6.290771e-01
 6.00000e+00 -5.17241e+00       1.977e+12  2.912317e-01 -2.918188e-03  9.383967e-01  7.087683e-01
-6.00000e+00 -4.75862e+00       1.750e+12  2.082869e-01  1.222937e-04 -9.487998e-01  7.917131e-01
-5.58621e+00 -4.75862e+00       1.492e+12  3.071827e-01 -4.940914e-03 -9.002851e-01  6.928173e-01
-5.17241e+00 -4.75862e+00       1.143e+12  4.309958e-01 -2.353313e-02 -8.287607e-01  5.690042e-01
-4.75862e+00 -4.75862e+00       7.866e+11  5.359449e-01 -6.295628e-02 -7.569311e-01  4.640551e-01
-4.34483e+00 -4.75862e+00       5.172e+11  6.075727e-01 -8.384083e-02 -6.775147e-01  3.924273e-01
-3.93103e+00 -4.75862e+00       4.385e+11  7.046676e-01 -2.934392e-02 -4.990181e-01  2.953324e-01
-3.51724e+00 -4.75862e+00       5.073e+11  8.189723e-01  3.560829e-02 -1.885673e-01  1.810277e-01
-3.10345e+00 -4.75862e+00       6.062e+11  8.799783e-01  6.207810e-02  1.114105e-01  1.200217e-01
-2.68966e+00 -4.75862e+00       6.126e+11  8.726356e-01  7.427941e-02  3.260035e-01  1.273644e-01
-2.27586e+00 -4.75862e+00       5.154e+11  8.131965e-01  1.027492e-01  4.909897e-01  1.868035e-01
-1.86207e+00 -4.75862e+00       3.958e+11  7.285822e-01  1.346137e-01  6.161981e-01  2.714178e-01
-1.44828e+00 -4.75862e+00       2.972e+11  6.443136e-01  1.392428e-01  6.781515e-01  3.556864e-01
-1.03448e+00 -4.75862e+00       2.165e+11  5.685607e-01  9.281360e-02  6.335923e-01  4.314393e-01
-6.20690e-01 -4.75862e+00       1.541e+11  4.820335e-01 -9.463056e-02  4.411785e-01  5.179665e-01
-2.06897e-01 -4.75862e+00       1.259e+11  3.921863e-01 -3.680444e-01  1.794233e-01  6.078137e-01
 2.06897e-01 -4.75862e+00       1.196e+11  3.322839e-01 -4.002244e-01 -5.112257e-02  6.677161e-01
 6.20690e-01 -4.75862e+00       1.257e+11  2.628983e-01 -1.455378e-01 -3.401201e-01  7.371017e-01
 1.03448e+00 -4.75862e+00       1.654e+11  2.819848e-01  7.957312e-02 -6.056507e-01  7.180152e-01
 1.44828e+00 -4.75862e+00       2.742e+11  5.037772e-01  9.345241e-02 -6.598274e-01  4.962228e-01
 1.86207e+00 -4.75862e+00       4.607e+11  7.172958e-01  6.313671e-02 -5.850207e-01  2.827042e-01
 2.27586e+00 -4.75862e+00       6.419e+11  8.338662e-01  4.852378e-02 -4.815860e-01  1.661338e-01
 2.68966e+00 -4.75862e+00       7.040e+11  8.933035e-01  4.086936e-02 -3.543880e-01  1.066965e-01
 3.10345e+00 -4.75862e+00       6.408e+11  9.098408e-01  3.977942e-02 -1.608083e-01  9.015918e-02
 3.51724e+00 -4.75862e+00       5.475e+11  8.736205e-01  4.541308e-02  1.241394e-01  1.263795e-01
 3.93103e+00 -4.75862e+00       4.878e+11  7.998964e-01  3.802642e-02  3.943316e-01  2.001036e-01
 4.34483e+00 -4.75862e+00       4.839e+11  7.170596e-01  1.090001e-02  5.624106e-01  2.829404e-01
 4.75862e+00 -4.75862e+00       6.088e+11  5.843502e-01  5.521652e-03  6.995463e-01  4.156498e-01
 5.17241e+00 -4.75862e+00       9.822e+11  4.159859e-01  1.320204e-02  8.330303e-01  5.840141e-01
 5.58621e+00 -4.75862e+00       1.511e+12  2.928514e-01  1.022500e-02  9.126107e-01  7.071486e-01
 6.00000e+00 -4.75862e+00       1.814e+12  2.036386e-01  3.159773e-03  9.529343e-01  7.963614e-01
-6.00000e+00 -4.34483e+00       1.390e+12  1.361357e-01 -2.111716e-03 -9.437395e-01  8.638643e-01
-5.58621e+00 -4.34483e+00       1.073e+12  2.597457e-01 -1.864042e-02 -8.950660e-01  7.402543e-01
-5.17241e+00 -4.34483e+00       7.433e+11  3.824519e-01 -5.694518e-02 -8.380669e-01  6.175481e-01
-4.75862e+00 -4.34483e+00       5.067e+11  4.858153e-01 -7.723157e-02 -7.592724e-01  5.141847e-01
-4.34483e+00 -4.34483e+00       4.578e+11  6.381304e-01 -2.161663e-02 -5.675169e-01  3.618696e-01
-3.93103e+00 -4.34483e+00       5.538e+11  8.077695e-01  3.688928e-02 -2.889387e-01  1.922305e-01
-3.51724e+00 -4.34483e+00       6.370e+11  9.079309e-01  6.114068e-02 -5.860893e-02  9.206909e-02
-3.10345e+00 -4.34483e+00       5.941e+11  9.434164e-01  8.161943e-02  1.018679e-01  5.658356e-02
-2.68966e+00 -4.34483e+00       4.784e+11  9.447083e-01  9.751695e-02  2.001666e-01  5.529166e-02
-2.27586e+00 -4.34483e+00       3.892e+11  9.324066e-01  5.437365e-02  2.139869e-01  6.759338e-02
-1.86207e+00 -4.34483e+00       3.472e+11  9.059250e-01 -2.517787e-02  1.447725e-01  9.407499e-02
-1.44828e+00 -4.34483e+00       2.963e+11  8.377702e-01 -3.646674e-02  2.339448e-02  1.622298e-01
-1.03448e+00 -4.34483e+00       2.093e+11  6.745827e-01  2.260049e-02 -1.412546e-01  3.254173e-01
-6.20690e-01 -4.34483e+00       1.387e+11  4.418802e-01  8.662965e-02 -3.369966e-01  5.581198e-01
-2.06897e-01 -4.34483e+00       1.196e+11  4.002909e-01  8.476327e-02 -4.918665e-01  5.997091e-01
 2.06897e-01 -4.34483e+00       1.472e+11  5.690318e-01  4.015993e-02 -5.137677e-01  4.309682e-01
 6.20690e-01 -4.34483e+00       1.983e+11  7.044478e-01  1.702531e-02 -4.110585e-01  2.955522e-01
 1.03448e+00 -4.34483e+00       2.273e+11  7.403945e-01  1.049695e-02 -2.603457e-01  2.596055e-01
 1.44828e+00 -4.34483e+00       2.151e+11  6.918740e-01 -1.064053e-02 -1.596267e-01  3.081260e-01
 1.86207e+00 -4.34483e+00       2.230e+11  6.989821e-01 -8.573437e-03 -2.122188e-01  3.010179e-01
 2.27586e+00 -4.34483e+00       3.373e+11  8.426942e-01  3.993093e-02 -2.579415e-01  1.573058e-01
 2.68966e+00 -4.34483e+00       5.533e+11  9.374702e-01  5.099146e-02 -1.964537e-01  6.252980e-02
 3.10345e+00 -4.34483e+00       7.205e+11  9.656135e-01  4.143297e-02 -1.074304e-01  3.438648e-02
 3.51724e+00 -4.34483e+00       7.115e+11  9.469415e-01  3.480967e-02  2.227125e-02  5.305847e-02
 3.93103e+00 -4.34483e+00       5.983e+11  8.679614e-01  3.625760e-02  2.410783e-01  1.320386e-01
 4.34483e+00 -4.34483e+00       5.025e+11  7.434161e-01  3.255654e-02  4.936623e-01  2.565839e-01
 4.75862e+00 -4.34483e+00       4.779e+11  6.100649e-01  1.076839e-02  6.710439e-01  3.899351e-01
 5.17241e+00 -4.34483e+00       6.080e+11  4.290836e-01  4.602564e-03  8.004147e-01  5.709164e-01
 5.58621e+00 -4.34483e+00       9.806e+11  2.446911e-01  1.185050e-02  9.006099e-01  7.553089e-01
 6.00000e+00 -4.34483e+00       1.427e+12  1.240163e-01  9.812688e-03  9.522435e-01  8.759837e-01
-6.00000e+00 -3.93103e+00       1.012e+12  8.546341e-02 -1.156007e-02 -9.271135e-01  9.145366e-01
-5.58621e+00 -3.93103e+00       7.149e+11  2.221079e-01 -4.647436e-02 -8.859226e-01  7.778921e-01
-5.17241e+00 -3.93103e+00       4.931e+11  3.534470e-01 -7.499718e-02 -8.210275e-01  6.465530e-01
-4.75862e+00 -3.93103e+00       4.415e+11  5.420797e-01 -2.842500e-02 -6.526119e-01  4.579203e-01
-4.34483e+00 -3.93103e+00       5.338e+11  7.530163e-01  3.234681e-02 -4.104043e-01  2.469837e-01
-3.93103e+00 -3.93103e+00       6.066e+11  8.845484e-01  6.014796e-02 -2.175505e-01  1.154516e-01
-3.51724e+00 -3.93103e+00       5.547e+11  9.457645e-01  7.993273e-02 -9.369934e-02  5.423546e-02
-3.10345e+00 -3.93103e+00       4.494e+11  9.600818e-01  7.960507e-02 -5.076668e-02  3.991818e-02
-2.68966e+00 -3.93103e+00       3.640e+11  9.317414e-01  3.894162e-02 -9.048026e-02  6.825858e-02
-2.27586e+00 -3.93103e+00       2.711e+11  8.575427e-01  4.888569e-03 -1.397288e-01  1.424573e-01
-1.86207e+00 -3.93103e+00       1.663e+11  7.159231e-01 -5.866854e-02 -1.101802e-01  2.840769e-01
-1.44828e+00 -3.93103e+00       9.773e+10  5.069623e-01 -3.145757e-01  6.262583e-02  4.930377e-01
-1.03448e+00 -3.93103e+00       6.751e+10  3.634434e-01 -6.286150e-01  2.330534e-01  6.365566e-01
-6.20690e-01 -3.93103e+00       5.329e+10  3.307221e-01 -7.564128e-01  2.196354e-01  6.692779e-01
-2.06897e-01 -3.93103e+00       5.065e+10  3.590231e-01 -7.578028e-01  6.420618e-02  6.409769e-01
 2.06897e-01 -3.93103e+00       5.887e+10  4.534146e-01 -6.893815e-01 -1.411051e-01  5.465854e-01
 6.20690e-01 -3.93103e+00       8.253e+10  6.099580e-01 -5.675509e-01 -3.000072e-01  3.900420e-01
 1.03448e+00 -3.93103e+00       1.283e+11  7.541185e-01 -4.195527e-01 -2.978025e-01  2.458815e-01
 1.44828e+00 -3.93103e+00       1.899e+11  8.521024e-01 -2.499770e-01 -1.773257e-01  1.478976e-01
 1.86207e+00 -3.93103e+00       2.414e+11  8.876027e-01 -1.037421e-01 -5.586262e-02  1.123973e-01
 2.27586e+00 -3.93103e+00       2.603e+11  8.760783e-01 -1.271197e-02 -8.383600e-03  1.239217e-01
 2.68966e+00 -3.93103e+00       3.101e+11  8.980190e-01  4.161453e-02 -1.552025e-02  1.019810e-01
 3.10345e+00 -3.93103e+00       4.767e+11  9.524886e-01  5.542960e-02  2.146217e-02  4.751143e-02
 3.51724e+00 -3.93103e+00       6.630e+11  9.668352e-01  4.496495e-02  9.027436e-02  3.316477e-02
 3.93103e+00 -3.93103e+00       6.902e+11  9.306859e-01  3.489361e-02  1.923492e-01  6.931410e-02
 4.34483e+00 -3.93103e+00       5.818e+11  8.241725e-01  3.277696e-02  3.730625e-01  1.758275e-01
 4.75862e+00 -3.93103e+00       4.757e+11  6.616011e-01  2.691522e-02  5.959314e-01  3.383989e-01
 5.17241e+00 -3.93103e+00       4.560e+11  4.775268e-01  7.115121e-03  7.599208e-01  5.224732e-01
 5.58621e+00 -3.93103e+00       6.156e+11  2.509638e-01  5.193822e-03  8.688928e-01  7.490362e-01
 6.00000e+00 -3.93103e+00       9.797e+11  6.918095e-02  1.179255e-02  9.343971e-01  9.308190e-01
-6.00000e+00 -3.51724e+00       6.913e+11  5.673744e-02 -3.334045e-02 -9.038092e-01  9.432626e-01
-5.58621e+00 -3.51724e+00       4.773e+11  2.092532e-01 -7.210276e-02 -8.607629e-01  7.907468e-01
-5.17241e+00 -3.51724e+00       4.012e+11  4.144411e-01 -4.649751e-02 -7.344383e-01  5.855589e-01
-4.75862e+00 -3.51724e+00       4.727e+11  6.628886e-01  2.066331e-02 -5.224751e-01  3.371114e-01
-4.34483e+00 -3.51724e+00       5.509e+11  8.290763e-01  5.538200e-02 -3.472961e-01  1.709237e-01
-3.93103e+00 -3.51724e+00       5.147e+11  9.114833e-01  7.534330e-02 -2.399164e-01  8.851674e-02
-3.51724e+00 -3.51724e+00       4.154e+11  9.294420e-01  7.705081e-02 -2.130480e-01  7.055796e-02
-3.10345e+00 -3.51724e+00       3.188e+11  8.917572e-01  4.796784e-02 -2.445958e-01  1.082428e-01
-2.68966e+00 -3.51724e+00       2.172e+11  8.239404e-01  1.844571e-03 -2.247962e-01  1.760596e-01
-2.27586e+00 -3.51724e+00       1.335e+11  7.583539e-01 -1.151651e-01 -3.237703e-02  2.416461e-01
-1.86207e+00 -3.51724e+00       9.728e+10  7.176051e-01 -2.738036e-01  2.821856e-01  2.823949e-01
-1.44828e+00 -3.51724e+00       9.016e+10  6.331324e-01 -2.790302e-01  4.797326e-01  3.668676e-01
-1.03448e+00 -3.51724e+00       9.175e+10  4.364263e-01 -1.782575e-01  5.478882e-01  5.635737e-01
-6.20690e-01 -3.51724e+00       1.011e+11  1.608100e-01 -8.931529e-02  4.724280e-01  8.391900e-01
-2.06897e-01 -3.51724e+00       1.149e+11 -2.333536e-02 -4.193253e-02  1.934192e-01  9.766646e-01
 2.06897e-01 -3.51724e+00       1.321e+11  9.353878e-02 -2.153727e-02 -1.840424e-01  9.064612e-01
 6.20690e-01 -3.51724e+00       1.567e+11  4.343368e-01 -4.795983e-02 -4.075636e-01  5.656632e-01
 1.03448e+00 -3.51724e+00       1.785e+11  6.921433e-01 -1.078904e-01 -4.532679e-01  3.078567e-01
 1.44828e+00 -3.51724e+00       1.821e+11  8.044294e-01 -1.682827e-01 -3.997547e-01  1.955706e-01
 1.86207e+00 -3.51724e+00       1.883e+11  8.664985e-01 -1.932488e-01 -2.114543e-01  1.335015e-01
 2.27586e+00 -3.51724e+00       2.236e+11  9.031311e-01 -1.356388e-01  1.769538e-02  9.686894e-02
 2.68966e+00 -3.51724e+00       2.609e+11  9.033038e-01 -4.223631e-02  1.324724e-01  9.669618e-02
 3.10345e+00 -3.51724e+00       3.087e+11  9.112610e-01  3.524966e-02  1.533578e-01  8.873904e-02
 3.51724e+00 -3.51724e+00       4.444e+11  9.401504e-01  5.874160e-02  1.787677e-01  5.984956e-02
 3.93103e+00 -3.51724e+00       6.051e+11  9.396442e-01  4.721499e-02  2.345950e-01  6.035580e-02
 4.34483e+00 -3.51724e+00       6.226e+11  8.847729e-01  3.511156e-02  3.274681e-01  1.152271e-01
 4.75862e+00 -3.51724e+00       5.151e+11  7.494044e-01  3.025238e-02  4.933813e-01  2.505956e-01
 5.17241e+00 -3.51724e+00       4.186e+11  5.510272e-01  1.911489e-02  6.897302e-01  4.489728e-01
 5.58621e+00 -3.51724e+00       4.304e+11  3.107521e-01  1.895782e-03  8.261742e-01  6.892479e-01
 6.00000e+00 -3.51724e+00       6.304e+11  6.071046e-02  7.258727e-03  9.019588e-01  9.392895e-01
-6.00000e+00 -3.10345e+00       4.830e+11  5.382947e-03  2.514107e-02 -8.987301e-01  9.946171e-01
-5.58621e+00 -3.10345e+00       3.487e+11  2.202658e-01  1.039407e-02 -8.062555e-01  7.797342e-01
-5.17241e+00 -3.10345e+00       3.844e+11  5.286894e-01  3.135972e-02 -6.151878e-01  4.713106e-01
-4.75862e+00 -3.10345e+00       4.745e+11  7.473336e-01  5.221315e-02 -4.458803e-01  2.526664e-01
-4.34483e+00 -3.10345e+00       4.730e+11  8.626582e-01  6.757900e-02 -3.388845e-01  1.373418e-01
-3.93103e+00 -3.10345e+00       3.883e+11  8.965994e-01  7.667551e-02 -3.065376e-01  1.034006e-01
-3.51724e+00 -3.10345e+00       2.916e+11  8.658771e-01  5.876755e-02 -3.253436e-01  1.341229e-01
-3.10345e+00 -3.10345e+00       2.021e+11  8.241366e-01  1.054466e-02 -2.749353e-01  1.758634e-01
-2.68966e+00 -3.10345e+00       1.625e+11  8.492913e-01 -7.357709e-02 -1.072898e-02  1.507087e-01
-2.27586e+00 -3.10345e+00       2.623e+11  8.923335e-01 -8.477129e-02  2.914868e-01  1.076665e-01
-1.86207e+00 -3.10345e+00       5.782e+11  8.594013e-01 -6.083816e-02  4.380258e-01  1.405987e-01
-1.44828e+00 -3.10345e+00       9.797e+11  7.914819e-01 -5.123374e-02  5.387254e-01  2.085181e-01
-1.03448e+00 -3.10345e+00       1.098e+12  6.847228e-01 -3.047741e-02  6.236845e-01  3.152772e-01
-6.20690e-01 -3.10345e+00       8.453e+11  5.031224e-01  2.715557e-02  6.386559e-01  4.968776e-01
-2.06897e-01 -3.10345e+00       5.753e+11  2.646139e-01  1.119544e-01  3.130851e-01  7.353861e-01
 2.06897e-01 -3.10345e+00       6.151e+11  3.220026e-01  6.696926e-02 -3.837620e-01  6.779974e-01
 6.20690e-01 -3.10345e+00       9.847e+11  5.848875e-01 -3.598959e-02 -6.195434e-01  4.151125e-01
 1.03448e+00 -3.10345e+00       1.339e+12  7.438948e-01 -7.089336e-02 -5.787081e-01  2.561052e-01
 1.44828e+00 -3.10345e+00       1.244e+12  8.301052e-01 -6.910588e-02 -4.933002e-01  1.698948e-01
 1.86207e+00 -3.10345e+00       7.887e+11  8.866946e-01 -6.135906e-02 -3.868440e-01  1.133054e-01
 2.27586e+00 -3.10345e+00       4.135e+11  9.263017e-01 -7.465029e-02 -2.203056e-01  7.369832e-02
 2.68966e+00 -3.10345e+00       2.728e+11  9.285821e-01 -8.790966e-02  3.122841e-02  7.141790e-02
 3.10345e+00 -3.10345e+00       2.603e+11  9.033092e-01 -3.303634e-02  2.105633e-01  9.669077e-02
 3.51724e+00 -3.10345e+00       3.058e+11  9.031040e-01  3.955190e-02  2.591661e-01  9.689598e-02
 3.93103e+00 -3.10345e+00       4.303e+11  9.195826e-01  5.903490e-02  2.847528e-01  8.041739e-02
 4.34483e+00 -3.10345e+00       5.509e+11  9.008096e-01  4.503182e-02  3.379953e-01  9.919043e-02
 4.75862e+00 -3.10345e+00       5.426e+11  8.141838e-01  3.415738e-02  4.432196e-01  1.858162e-01
 5.17241e+00 -3.10345e+00       4.560e+11  6.437535e-01  3.379276e-02  6.139792e-01  3.562465e-01
 5.58621e+00 -3.10345e+00       4.080e+11  4.052415e-01  2.773417e-02  7.795935e-01  5.947585e-01
 6.00000e+00 -3.10345e+00       4.943e+11  1.042699e-01  1.488967e-02  8.780684e-01  8.957301e-01
-6.00000e+00 -2.68966e+00       3.010e+11  4.803327e-02  1.973404e-02 -8.200243e-01  9.519667e-01
-5.58621e+00 -2.68966e+00       2.965e+11  3.841338e-01  1.729274e-02 -6.862636e-01  6.158662e-01
-5.17241e+00 -2.68966e+00       3.878e+11  6.536565e-01  4.832087e-02 -5.270695e-01  3.463435e-01
-4.75862e+00 -2.68966e+00       4.281e+11  8.026172e-01  6.565584e-02 -4.109239e-01  1.973828e-01
-4.34483e+00 -2.68966e+00       3.695e+11  8.673228e-01  7.437542e-02 -3.567925e-01  1.326772e-01
-3.93103e+00 -2.68966e+00       2.804e+11  8.578266e-01  6.759212e-02 -3.622716e-01  1.421734e-01
-3.51724e+00 -2.68966e+00       2.103e+11  8.366025e-01  3.000016e-02 -3.120941e-01  1.633975e-01
-3.10345e+00 -2.68966e+00       2.540e+11  9.166637e-01 -2.038197e-02 -6.363962e-02  8.333631e-02
-2.68966e+00 -2.68966e+00       6.274e+11  9.775097e-01 -1.332613e-02  9.357670e-02  2.249030e-02
-2.27586e+00 -2.68966e+00       1.356e+12  9.822804e-01  1.840677e-03  1.444314e-01  1.771955e-02
-1.86207e+00 -2.68966e+00       1.792e+12  9.764123e-01  1.536495e-02  1.782397e-01  2.358771e-02
-1.44828e+00 -2.68966e+00       1.381e+12  9.648491e-01  3.495830e-02  2.075601e-01  3.515089e-02
-1.03448e+00 -2.68966e+00       6.564e+11  9.377705e-01  7.077816e-02  2.344832e-01  6.222947e-02
-6.20690e-01 -2.68966e+00       2.607e+11  8.730456e-01  1.465873e-01  2.455966e-01  1.269544e-01
-2.06897e-01 -2.68966e+00       1.597e+11  8.148272e-01  2.172389e-01  1.701984e-01  1.851728e-01
 2.06897e-01 -2.68966e+00       1.633e+11  8.306325e-01  1.586423e-01 -7.599522e-03  1.693675e-01
 6.20690e-01 -2.68966e+00       2.904e+11  9.086241e-01  3.300367e-02 -1.639268e-01  9.137591e-02
 1.03448e+00 -2.68966e+00       7.364e+11  9.595239e-01 -1.239000e-02 -1.927972e-01  4.047612e-02
 1.44828e+00 -2.68966e+00       1.532e+12  9.754914e-01 -2.393048e-02 -1.804009e-01  2.450855e-02
 1.86207e+00 -2.68966e+00       2.035e+12  9.818058e-01 -3.056332e-02 -1.590635e-01  1.819421e-02
 2.27586e+00 -2.68966e+00       1.625e+12  9.851901e-01 -3.490996e-02 -1.290991e-01  1.480987e-02
 2.68966e+00 -2.68966e+00       8.325e+11  9.827376e-01 -4.241397e-02 -7.183214e-02  1.726236e-02
 3.10345e+00 -2.68966e+00       3.803e+11  9.539848e-01 -5.123513e-02  7.676462e-02  4.601519e-02
 3.51724e+00 -2.68966e+00       2.695e+11  9.033038e-01 -1.034364e-02  2.600722e-01  9.669620e-02
 3.93103e+00 -2.68966e+00       3.086e+11  8.966273e-01  4.870139e-02  3.193193e-01  1.033727e-01
 4.34483e+00 -2.68966e+00       4.246e+11  8.987531e-01  5.591282e-02  3.515402e-01  1.012469e-01
 4.75862e+00 -2.68966e+00       4.974e+11  8.551806e-01  4.298110e-02  4.145643e-01  1.448194e-01
 5.17241e+00 -2.68966e+00       4.477e+11  7.376700e-01  3.709973e-02  5.316271e-01  2.623300e-01
 5.58621e+00 -2.68966e+00       3.592e+11  5.353100e-01  3.455092e-02  6.919435e-01  4.646900e-01
 6.00000e+00 -2.68966e+00       3.463e+11  2.367209e-01  1.825622e-02  8.187894e-01  7.632791e-01
-6.00000e+00 -2.27586e+00       2.154e+11  2.463139e-01 -7.874068e-02 -6.750560e-01  7.536861e-01
-5.58621e+00 -2.27586e+00       2.870e+11  5.416020e-01  7.767635e-03 -5.759050e-01  4.583980e-01
-5.17241e+00 -2.27586e+00       3.633e+11  7.350361e-01  5.519950e-02 -4.587098e-01  2.649639e-01
-4.75862e+00 -2.27586e+00       3.521e+11  8.392957e-01  6.763834e-02 -3.814901e-01  1.607043e-01
-4.34483e+00 -2.27586e+00       2.798e+11  8.629047e-01  6.946596e-02 -3.674010e-01  1.370953e-01
-3.93103e+00 -2.27586e+00       2.176e+11  8.490303e-01  5.022808e-02 -3.444586e-01  1.509697e-01
-3.51724e+00 -2.27586e+00       2.861e+11  9.226952e-01  7.529728e-03 -1.645338e-01  7.730481e-02
-3.10345e+00 -2.27586e+00       7.490e+11  9.857924e-01  3.977859e-03 -5.056879e-02  1.420757e-02
-2.68966e+00 -2.27586e+00       1.593e+12  9.964247e-01  1.156994e-02 -2.072638e-02  3.575330e-03
-2.27586e+00 -2.27586e+00       1.982e+12  9.974110e-01  1.853349e-02 -3.144329e-03  2.589015e-03
-1.86207e+00 -2.27586e+00       1.429e+12  9.956671e-01  2.950199e-02  1.227457e-02  4.332902e-03
-1.44828e+00 -2.27586e+00       7.220e+11  9.891512e-01  5.018980e-02  2.528686e-02  1.084877e-02
-1.03448e+00 -2.27586e+00       4.570e+11  9.777634e-01  8.396252e-02  3.904912e-02  2.223655e-02
-6.20690e-01 -2.27586e+00       5.087e+11  9.739628e-01  1.180900e-01  5.684990e-02  2.603717e-02
-2.06897e-01 -2.27586e+00       6.011e+11  9.738971e-01  1.344606e-01  6.891245e-02  2.610289e-02
 2.06897e-01 -2.27586e+00       5.452e+11  9.702873e-01  1.350736e-01  8.067429e-02  2.971266e-02
 6.20690e-01 -2.27586e+00       3.781e+11  9.614947e-01  1.110905e-01  9.203492e-02  3.850526e-02
 1.03448e+00 -2.27586e+00       3.148e+11  9.624762e-01  3.579159e-02  6.906737e-02  3.752378e-02
 1.44828e+00 -2.27586e+00       6.230e+11  9.852667e-01 -1.348150e-02  1.829765e-02  1.473330e-02
 1.86207e+00 -2.27586e+00       1.437e+12  9.951562e-01 -2.073665e-02  7.509127e-03  4.843825e-03
 2.27586e+00 -2.27586e+00       2.135e+12  9.973738e-01 -2.387597e-02  1.198930e-02  2.626164e-03
 2.68966e+00 -2.27586e+00       1.826e+12  9.967382e-01 -2.717375e-02  2.368600e-02  3.261757e-03
 3.10345e+00 -2.27586e+00       9.437e+11  9.896636e-01 -3.252679e-02  5.532713e-02  1.033636e-02
 3.51724e+00 -2.27586e+00       3.990e+11  9.552836e-01 -3.119707e-02  1.590364e-01  4.471644e-02
 3.93103e+00 -2.27586e+00       2.658e+11  9.042305e-01  1.720660e-02  3.003569e-01  9.576953e-02
 4.34483e+00 -2.27586e+00       3.158e+11  8.978931e-01  5.545189e-02  3.487294e-01  1.021069e-01
 4.75862e+00 -2.27586e+00       4.093e+11  8.799930e-01  4.895065e-02  3.892477e-01  1.200070e-01
 5.17241e+00 -2.27586e+00       4.183e+11  8.041285e-01  3.534750e-02  4.706112e-01  1.958715e-01
 5.58621e+00 -2.27586e+00       3.397e+11  6.571155e-01  2.513226e-02  6.054050e-01  3.428845e-01
 6.00000e+00 -2.27586e+00       2.690e+11  4.521393e-01  1.031022e-02  7.311637e-01  5.478607e-01
-6.00000e+00 -1.86207e+00       2.289e+11  3.830014e-01 -9.510294e-02 -6.894649e-01  6.169986e-01
-5.58621e+00 -1.86207e+00       2.717e+11  6.612806e-01 -1.220990e-03 -4.996007e-01  3.387194e-01
-5.17241e+00 -1.86207e+00       3.120e+11  8.228975e-01  3.201469e-02 -3.842737e-01  1.771025e-01
-4.75862e+00 -1.86207e+00       2.831e+11  8.787113e-01  4.833357e-02 -3.511312e-01  1.212887e-01
-4.34483e+00 -1.86207e+00       2.218e+11  8.726345e-01  5.620854e-02 -3.497948e-01  1.273655e-01
-3.93103e+00 -1.86207e+00       2.434e+11  9.068765e-01  2.585835e-02 -2.471870e-01  9.312349e-02
-3.51724e+00 -1.86207e+00       6.042e+11  9.753016e-01  9.226752e-03 -1.312654e-01  2.469845e-02
-3.10345e+00 -1.86207e+00       1.432e+12  9.916577e-01  1.261009e-02 -1.030574e-01  8.342281e-03
-2.68966e+00 -1.86207e+00       2.018e+12  9.944424e-01  1.651107e-02 -9.188616e-02  5.557550e-03
-2.27586e+00 -1.86207e+00       1.665e+12  9.946544e-01  2.329693e-02 -8.366559e-02  5.345636e-03
-1.86207e+00 -1.86207e+00       1.102e+12  9.926511e-01  3.740696e-02 -8.048440e-02  7.348906e-03
-1.44828e+00 -1.86207e+00       1.120e+12  9.912468e-01  3.914452e-02 -8.485122e-02  8.753232e-03
-1.03448e+00 -1.86207e+00       1.388e+12  9.924878e-01  2.126733e-02 -7.981243e-02  7.512172e-03
-6.20690e-01 -1.86207e+00       1.379e+12  9.938020e-01  2.783648e-03 -5.483014e-02  6.197987e-03
-2.06897e-01 -1.86207e+00       1.177e+12  9.940042e-01 -7.128710e-03 -3.859562e-03  5.995764e-03
 2.06897e-01 -1.86207e+00       1.068e+12  9.920620e-01 -8.909976e-03  6.320431e-02  7.937964e-03
 6.20690e-01 -1.86207e+00       1.046e+12  9.883154e-01 -4.860468e-03  1.189078e-01  1.168462e-02
 1.03448e+00 -1.86207e+00       8.999e+11  9.838972e-01  5.160565e-03  1.494827e-01  1.610278e-02
 1.44828e+00 -1.86207e+00       6.599e+11  9.805161e-01  9.233676e-03  1.494494e-01  1.948392e-02
 1.86207e+00 -1.86207e+00       8.055e+11  9.868014e-01 -8.171216e-03  1.089335e-01  1.319856e-02
 2.27586e+00 -1.86207e+00       1.569e+12  9.929208e-01 -1.734143e-02  9.120593e-02  7.079206e-03
 2.68966e+00 -1.86207e+00       2.118e+12  9.942221e-01 -2.018190e-02  9.106740e-02  5.777866e-03
 3.10345e+00 -1.86207e+00       1.626e+12  9.928039e-01 -2.316331e-02  9.821592e-02  7.196103e-03
 3.51724e+00 -1.86207e+00       7.619e+11  9.828293e-01 -2.630270e-02  1.275171e-01  1.717075e-02
 3.93103e+00 -1.86207e+00       3.261e+11  9.447080e-01 -9.098294e-03  2.238708e-01  5.529200e-02
 4.34483e+00 -1.86207e+00       2.591e+11  9.130002e-01  4.077654e-02  3.155389e-01  8.699978e-02
 4.75862e+00 -1.86207e+00       3.192e+11  9.095530e-01  4.831898e-02  3.431577e-01  9.044701e-02
 5.17241e+00 -1.86207e+00       3.467e+11  8.722892e-01  3.363894e-02  3.851930e-01  1.277108e-01
 5.58621e+00 -1.86207e+00       2.802e+11  7.499046e-01  1.505804e-02  4.857531e-01  2.500954e-01
 6.00000e+00 -1.86207e+00       1.991e+11  4.862088e-01 -1.605040e-02  6.494231e-01  5.137912e-01
-6.00000e+00 -1.44828e+00       1.614e+11  6.346885e-01 -5.197799e-03 -4.918732e-01  3.653115e-01
-5.58621e+00 -1.44828e+00       2.558e+11  8.096852e-01  1.825886e-02 -4.079475e-01  1.903148e-01
-5.17241e+00 -1.44828e+00       2.918e+11  8.784411e-01  4.940880e-02 -3.508967e-01  1.215589e-01
-4.75862e+00 -1.44828e+00       2.399e+11  8.985357e-01  6.896402e-02 -3.209183e-01  1.014643e-01
-4.34483e+00 -1.44828e+00       1.995e+11  9.044005e-01  5.002595e-02 -2.832413e-01  9.559947e-02
-3.93103e+00 -1.44828e+00       3.711e+11  9.600573e-01  1.520442e-02 -1.755233e-01  3.994266e-02
-3.51724e+00 -1.44828e+00       1.016e+12  9.865044e-01  1.191171e-02 -1.335630e-01  1.349559e-02
-3.10345e+00 -1.44828e+00       1.833e+12  9.912075e-01  1.385045e-02 -1.234313e-01  8.792539e-03
-2.68966e+00 -1.44828e+00       1.910e+12  9.920094e-01  1.688472e-02 -1.187395e-01  7.990582e-03
-2.27586e+00 -1.44828e+00       1.438e+12  9.912140e-01  2.331868e-02 -1.177699e-01  8.785960e-03
-1.86207e+00 -1.44828e+00       1.640e+12  9.912168e-01  2.363992e-02 -1.109800e-01  8.783196e-03
-1.44828e+00 -1.44828e+00       3.782e+12  9.945906e-01  1.479150e-02 -8.531746e-02  5.409431e-03
-1.03448e+00 -1.44828e+00       9.851e+12  9.971278e-01  7.471755e-03 -6.093566e-02  2.872167e-03
-6.20690e-01 -1.44828e+00       1.988e+13  9.983977e-01  1.318311e-03 -3.981177e-02  1.602332e-03
-2.06897e-01 -1.44828e+00       2.815e+13  9.990357e-01 -3.503065e-03 -1.767643e-02  9.643484e-04
 2.06897e-01 -1.44828e+00       2.778e+13  9.991749e-01 -6.685381e-03  5.460467e-03  8.251099e-04
 6.20690e-01 -1.44828e+00       1.901e+13  9.987902e-01 -8.361772e-03  2.810172e-02  1.209815e-03
 1.03448e+00 -1.44828e+00       8.908e+12  9.976058e-01 -8.828163e-03  5.126759e-02  2.394164e-03
 1.44828e+00 -1.44828e+00       2.981e+12  9.942258e-01 -7.990434e-03  8.311939e-02  5.774217e-03
 1.86207e+00 -1.44828e+00       1.035e+12  9.873235e-01 -6.915333e-03  1.270681e-01  1.267651e-02
 2.27586e+00 -1.44828e+00       1.078e+12  9.886502e-01 -1.219864e-02  1.252621e-01  1.134983e-02
 2.68966e+00 -1.44828e+00       1.810e+12  9.917683e-01 -1.524618e-02  1.156775e-01  8.231708e-03
 3.10345e+00 -1.44828e+00       1.937e+12  9.921633e-01 -1.703322e-02  1.156883e-01  7.836663e-03
 3.51724e+00 -1.44828e+00       1.178e+12  9.895591e-01 -1.913104e-02  1.241816e-01  1.044090e-02
 3.93103e+00 -1.44828e+00       4.816e+11  9.747264e-01 -1.572500e-02  1.643236e-01  2.527364e-02
 4.34483e+00 -1.44828e+00       2.553e+11  9.408440e-01  2.170317e-02  2.561330e-01  5.915602e-02
 4.75862e+00 -1.44828e+00       2.807e+11  9.292957e-01  4.896701e-02  3.023261e-01  7.070434e-02
 5.17241e+00 -1.44828e+00       3.271e+11  9.138729e-01  3.922341e-02  3.323443e-01  8.612711e-02
 5.58621e+00 -1.44828e+00       2.843e+11  8.599587e-01  3.202637e-02  3.950442e-01  1.400413e-01
 6.00000e+00 -1.44828e+00       2.000e+11  7.322163e-01  3.408602e-02  5.120136e-01  2.677837e-01
-6.00000e+00 -1.03448e+00       1.657e+11  7.436249e-01 -7.730932e-03 -4.292562e-01  2.563751e-01
-5.58621e+00 -1.03448e+00       2.226e+11  8.830423e-01  2.204885e-02 -2.831021e-01  1.169577e-01
-5.17241e+00 -1.03448e+00       2.319e+11  9.346345e-01  2.092868e-02 -2.356596e-01  6.536545e-02
-4.75862e+00 -1.03448e+00       1.943e+11  9.423536e-01  2.383473e-02 -2.380470e-01  5.764639e-02
-4.34483e+00 -1.03448e+00       2.163e+11  9.534344e-01  2.096291e-02 -1.989234e-01  4.656557e-02
-3.93103e+00 -1.03448e+00       5.448e+11  9.828723e-01  1.115563e-02 -1.354142e-01  1.712765e-02
-3.51724e+00 -1.03448e+00       1.330e+12  9.912717e-01  1.087034e-02 -1.196657e-01  8.728264e-03
-3.10345e+00 -1.03448e+00       1.934e+12  9.926968e-01  1.204885e-02 -1.157438e-01  7.303244e-03
-2.68966e+00 -1.03448e+00       1.766e+12  9.926033e-01  1.409583e-02 -1.151458e-01  7.396699e-03
-2.27586e+00 -1.03448e+00       1.959e+12  9.927404e-01  1.315630e-02 -1.105406e-01  7.259619e-03
-1.86207e+00 -1.03448e+00       5.305e+12  9.948403e-01  5.136008e-03 -9.374082e-02  5.159723e-03
-1.44828e+00 -1.03448e+00       1.623e+13  9.964260e-01 -1.000245e-03 -7.837105e-02  3.573984e-03
-1.03448e+00 -1.03448e+00       3.640e+13  9.975512e-01 -5.416930e-03 -6.231647e-02  2.448806e-03
-6.20690e-01 -1.03448e+00       5.832e+13  9.984915e-01 -8.495138e-03 -4.235086e-02  1.508487e-03
-2.06897e-01 -1.03448e+00       7.146e+13  9.991333e-01 -1.036030e-02 -1.811891e-02  8.667481e-04
 2.06897e-01 -1.03448e+00       7.112e+13  9.992698e-01 -1.151907e-02  7.805787e-03  7.302173e-04
 6.20690e-01 -1.03448e+00       5.725e+13  9.988940e-01 -1.251703e-02  3.144165e-02  1.105985e-03
 1.03448e+00 -1.03448e+00       3.484e+13  9.981932e-01 -1.348115e-02  5.068405e-02  1.806812e-03
 1.44828e+00 -1.03448e+00       1.480e+13  9.972296e-01 -1.421724e-02  6.658950e-02  2.770376e-03
 1.86207e+00 -1.03448e+00       4.302e+12  9.954610e-01 -1.423626e-02  8.394990e-02  4.539047e-03
 2.27586e+00 -1.03448e+00       1.349e+12  9.922158e-01 -1.236038e-02  1.069074e-01  7.784160e-03
 2.68966e+00 -1.03448e+00       1.482e+12  9.929521e-01 -1.184244e-02  1.066290e-01  7.047863e-03
 3.10345e+00 -1.03448e+00       1.922e+12  9.938760e-01 -1.289847e-02  1.036963e-01  6.123966e-03
 3.51724e+00 -1.03448e+00       1.461e+12  9.933561e-01 -1.406852e-02  1.060643e-01  6.643921e-03
 3.93103e+00 -1.03448e+00       6.680e+11  9.888055e-01 -1.326668e-02  1.215621e-01  1.119447e-02
 4.34483e+00 -1.03448e+00       2.801e+11  9.731837e-01  3.471676e-03  1.720037e-01  2.681626e-02
 4.75862e+00 -1.03448e+00       2.273e+11  9.622606e-01  2.847673e-02  2.167149e-01  3.773941e-02
 5.17241e+00 -1.03448e+00       2.690e+11  9.554709e-01  2.934121e-02  2.376351e-01  4.452911e-02
 5.58621e+00 -1.03448e+00       2.505e+11  9.229245e-01  2.188149e-02  2.803383e-01  7.707554e-02
 6.00000e+00 -1.03448e+00       1.654e+11  8.169871e-01 -5.392384e-04  3.922248e-01  1.830129e-01
-6.00000e+00 -6.20690e-01       1.685e+11  9.026797e-01 -9.774380e-03 -2.775970e-01  9.732027e-02
-5.58621e+00 -6.20690e-01       2.303e+11  9.484231e-01  3.515542e-02 -2.048145e-01  5.157692e-02
-5.17241e+00 -6.20690e-01       2.229e+11  9.678852e-01  4.086018e-02 -1.652782e-01  3.211480e-02
-4.75862e+00 -6.20690e-01       1.762e+11  9.723705e-01  2.784454e-02 -1.539070e-01  2.762949e-02
-4.34483e+00 -6.20690e-01       2.430e+11  9.825532e-01  9.056315e-03 -1.206707e-01  1.744680e-02
-3.93103e+00 -6.20690e-01       6.877e+11  9.934086e-01  6.705639e-03 -9.152046e-02  6.591394e-03
-3.51724e+00 -6.20690e-01       1.504e+12  9.957856e-01  7.821048e-03 -8.533014e-02  4.214429e-03
-3.10345e+00 -6.20690e-01       1.924e+12  9.960651e-01  8.366123e-03 -8.467294e-02  3.934912e-03
-2.68966e+00 -6.20690e-01       1.835e+12  9.958576e-01  7.669244e-03 -8.566184e-02  4.142363e-03
-2.27586e+00 -6.20690e-01       3.374e+12  9.965365e-01  2.301359e-03 -7.813114e-02  3.463514e-03
-1.86207e+00 -6.20690e-01       1.094e+13  9.974539e-01 -2.307453e-03 -6.793489e-02  2.546123e-03
-1.44828e+00 -6.20690e-01       2.814e+13  9.980469e-01 -5.090354e-03 -5.915440e-02  1.953137e-03
-1.03448e+00 -6.20690e-01       4.944e+13  9.985833e-01 -6.859887e-03 -4.858859e-02  1.416665e-03
-6.20690e-01 -6.20690e-01       6.307e+13  9.991127e-01 -7.630470e-03 -3.425017e-02  8.873429e-04
-2.06897e-01 -6.20690e-01       6.690e+13  9.995247e-01 -7.631276e-03 -1.520952e-02  4.753424e-04
 2.06897e-01 -6.20690e-01       6.702e+13  9.996345e-01 -7.668247e-03  6.003243e-03  3.654607e-04
 6.20690e-01 -6.20690e-01       6.298e+13  9.994308e-01 -8.369638e-03  2.414204e-02  5.691974e-04
 1.03448e+00 -6.20690e-01       4.849e+13  9.990837e-01 -9.492186e-03  3.728693e-02  9.163121e-04
 1.44828e+00 -6.20690e-01       2.663e+13  9.986979e-01 -1.058489e-02  4.679245e-02  1.302090e-03
 1.86207e+00 -6.20690e-01       9.630e+12  9.982022e-01 -1.134838e-02  5.495526e-02  1.797767e-03
 2.27586e+00 -6.20690e-01       2.545e+12  9.972226e-01 -1.102281e-02  6.535372e-02  2.777417e-03
 2.68966e+00 -6.20690e-01       1.408e+12  9.967191e-01 -8.524445e-03  7.063492e-02  3.280916e-03
 3.10345e+00 -6.20690e-01       1.816e+12  9.972997e-01 -8.222729e-03  6.759244e-02  2.700265e-03
 3.51724e+00 -6.20690e-01       1.594e+12  9.973253e-01 -8.643766e-03  6.778162e-02  2.674686e-03
 3.93103e+00 -6.20690e-01       8.112e+11  9.962115e-01 -8.328132e-03  7.366528e-02  3.788489e-03
 4.34483e+00 -6.20690e-01       3.184e+11  9.911477e-01 -3.448574e-04  9.814184e-02  8.852296e-03
 4.75862e+00 -6.20690e-01       2.249e+11  9.846886e-01  2.108334e-02  1.336568e-01  1.531144e-02
 5.17241e+00 -6.20690e-01       2.745e+11  9.811390e-01  2.428281e-02  1.529605e-01  1.886096e-02
 5.58621e+00 -6.20690e-01       2.690e+11  9.699222e-01  1.557388e-02  1.851481e-01  3.007778e-02
 6.00000e+00 -6.20690e-01       1.895e+11  9.422632e-01  3.479515e-03  2.469649e-01  5.773683e-02
-6.00000e+00 -2.06897e-01       1.583e+11  9.876371e-01 -9.080826e-03 -1.019613e-01  1.236287e-02
-5.58621e+00 -2.06897e-01       2.259e+11  9.930817e-01  6.878409e-03 -7.957466e-02  6.918295e-03
-5.17241e+00 -2.06897e-01       2.193e+11  9.953424e-01  9.458788e-03 -6.653852e-02  4.657629e-03
-4.75862e+00 -2.06897e-01       1.748e+11  9.955943e-01  4.491824e-03 -6.119829e-02  4.405678e-03
-4.34483e+00 -2.06897e-01       2.657e+11  9.971184e-01 -2.463033e-04 -4.821227e-02  2.881627e-03
-3.93103e+00 -2.06897e-01       7.647e+11  9.987270e-01  2.147685e-03 -3.926565e-02  1.273046e-03
-3.51724e+00 -2.06897e-01       1.575e+12  9.990612e-01  3.542458e-03 -3.772983e-02  9.387787e-04
-3.10345e+00 -2.06897e-01       1.914e+12  9.989989e-01  3.344418e-03 -3.918636e-02  1.001123e-03
-2.68966e+00 -2.06897e-01       1.995e+12  9.989019e-01  8.170981e-05 -4.099675e-02  1.098077e-03
-2.27586e+00 -2.06897e-01       4.560e+12  9.992451e-01 -4.332184e-03 -3.503987e-02  7.549276e-04
-1.86207e+00 -2.06897e-01       1.437e+13  9.994787e-01 -5.427213e-03 -2.980057e-02  5.212653e-04
-1.44828e+00 -2.06897e-01       3.270e+13  9.995980e-01 -5.694817e-03 -2.606443e-02  4.020129e-04
-1.03448e+00 -2.06897e-01       4.971e+13  9.997013e-01 -5.664077e-03 -2.192426e-02  2.987058e-04
-6.20690e-01 -2.06897e-01       5.486e+13  9.998054e-01 -5.376103e-03 -1.643342e-02  1.945961e-04
-2.06897e-01 -2.06897e-01       5.242e+13  9.998971e-01 -5.017277e-03 -8.867936e-03  1.028679e-04
 2.06897e-01 -2.06897e-01       5.277e+13  9.999409e-01 -4.985592e-03 -3.131011e-04  5.906996e-05
 6.20690e-01 -2.06897e-01       5.540e+13  9.999302e-01 -5.350786e-03  6.371101e-03  6.976498e-05
 1.03448e+00 -2.06897e-01       4.945e+13  9.998971e-01 -5.785050e-03  1.060670e-02  1.028629e-04
 1.44828e+00 -2.06897e-01       3.146e+13  9.998584e-01 -6.087362e-03  1.332948e-02  1.415538e-04
 1.86207e+00 -2.06897e-01       1.300e+13  9.998007e-01 -6.173413e-03  1.547923e-02  1.993423e-04
 2.27586e+00 -2.06897e-01       3.608e+12  9.996510e-01 -5.813465e-03  1.823838e-02  3.489666e-04
 2.68966e+00 -2.06897e-01       1.483e+12  9.994957e-01 -4.569430e-03  1.919924e-02  5.042745e-04
 3.10345e+00 -2.06897e-01       1.750e+12  9.996694e-01 -4.052478e-03  1.687017e-02  3.305720e-04
 3.51724e+00 -2.06897e-01       1.639e+12  9.997343e-01 -3.646977e-03  1.664208e-02  2.657016e-04
 3.93103e+00 -2.06897e-01       8.871e+11  9.996296e-01 -2.506989e-03  1.799777e-02  3.704238e-04
 4.34483e+00 -2.06897e-01       3.498e+11  9.990907e-01  1.437060e-03  2.304602e-02  9.093143e-04
 4.75862e+00 -2.06897e-01       2.280e+11  9.984973e-01  6.139553e-03  3.079249e-02  1.502736e-03
 5.17241e+00 -2.06897e-01       2.634e+11  9.984435e-01  3.295252e-03  3.720523e-02  1.556535e-03
 5.58621e+00 -2.06897e-01       2.567e+11  9.978295e-01 -1.101119e-03  4.632895e-02  2.170480e-03
 6.00000e+00 -2.06897e-01       1.860e+11  9.961605e-01 -5.429636e-03  5.972845e-02  3.839546e-03
-6.00000e+00  2.06897e-01       1.583e+11  9.896688e-01  3.687140e-04  6.848927e-02  1.033118e-02
-5.58621e+00  2.06897e-01       2.258e+11  9.945262e-01 -1.175894e-02  5.937781e-02  5.473765e-03
-5.17241e+00  2.06897e-01       2.188e+11  9.965114e-01 -2.156766e-02  4.949521e-02  3.488604e-03
-4.75862e+00  2.06897e-01       1.742e+11  9.973146e-01 -2.530547e-02  4.024046e-02  2.685432e-03
-4.34483e+00  2.06897e-01       2.655e+11  9.987249e-01 -1.199766e-02  2.430629e-02  1.275140e-03
-3.93103e+00  2.06897e-01       7.665e+11  9.995502e-01 -3.441001e-03  1.694907e-02  4.498058e-04
-3.51724e+00  2.06897e-01       1.580e+12  9.996875e-01 -1.538020e-03  1.505985e-02  3.124533e-04
-3.10345e+00  2.06897e-01       1.925e+12  9.996830e-01 -2.233477e-03  1.217610e-02  3.169982e-04
-2.68966e+00  2.06897e-01       2.011e+12  9.996835e-01 -6.719776e-03  9.026999e-03  3.165174e-04
-2.27586e+00  2.06897e-01       4.578e+12  9.997744e-01 -9.230269e-03  1.194379e-02  2.255935e-04
-1.86207e+00  2.06897e-01       1.438e+13  9.998321e-01 -7.376256e-03  1.328978e-02  1.679227e-04
-1.44828e+00  2.06897e-01       3.268e+13  9.998724e-01 -5.480928e-03  1.234412e-02  1.276079e-04
-1.03448e+00  2.06897e-01       4.968e+13  9.999108e-01 -4.037204e-03  1.003121e-02  8.920773e-05
-6.20690e-01  2.06897e-01       5.483e+13  9.999430e-01 -3.248339e-03  5.965664e-03  5.698257e-05
-2.06897e-01  2.06897e-01       5.241e+13  9.999493e-01 -3.281749e-03 -6.509325e-04  5.071802e-05
 2.06897e-01  2.06897e-01       5.279e+13  9.999035e-01 -3.640924e-03 -9.012867e-03  9.653093e-05
 6.20690e-01  2.06897e-01       5.546e+13  9.998181e-01 -3.463418e-03 -1.622639e-02  1.818550e-04
 1.03448e+00  2.06897e-01       4.952e+13  9.997232e-01 -2.748538e-03 -2.143963e-02  2.767705e-04
 1.44828e+00  2.06897e-01       3.152e+13  9.996273e-01 -1.815011e-03 -2.540379e-02  3.727113e-04
 1.86207e+00  2.06897e-01       1.303e+13  9.995258e-01 -7.824360e-04 -2.868591e-02  4.741557e-04
 2.27586e+00  2.06897e-01       3.622e+12  9.993800e-01  3.617222e-04 -3.195189e-02  6.199515e-04
 2.68966e+00  2.06897e-01       1.489e+12  9.991277e-01  4.782644e-04 -3.711971e-02  8.723042e-04
 3.10345e+00  2.06897e-01       1.751e+12  9.991253e-01  2.539334e-04 -3.864920e-02  8.746649e-04
 3.51724e+00  2.06897e-01       1.639e+12  9.991400e-01  1.289867e-03 -3.856890e-02  8.600423e-04
 3.93103e+00  2.06897e-01       8.872e+11  9.988955e-01  3.181480e-03 -4.050669e-02  1.104485e-03
 4.34483e+00  2.06897e-01       3.505e+11  9.976106e-01  3.123120e-03 -5.258711e-02  2.389377e-03
 4.75862e+00  2.06897e-01       2.289e+11  9.957305e-01 -9.455322e-03 -7.424110e-02  4.269534e-03
 5.17241e+00  2.06897e-01       2.642e+11  9.950227e-01 -1.659470e-02 -8.115887e-02  4.977271e-03
 5.58621e+00  2.06897e-01       2.574e+11  9.927073e-01 -1.581268e-02 -9.312859e-02  7.292675e-03
 6.00000e+00  2.06897e-01       1.869e+11  9.873111e-01 -1.815628e-02 -1.218678e-01  1.268886e-02
-6.00000e+00  6.20690e-01       1.673e+11  9.144898e-01 -3.343695e-03  2.468819e-01  8.551025e-02
-5.58621e+00  6.20690e-01       2.291e+11  9.543189e-01 -4.406440e-02  1.860346e-01  4.568106e-02
-5.17241e+00  6.20690e-01       2.211e+11  9.713869e-01 -5.472820e-02  1.481923e-01  2.861307e-02
-4.75862e+00  6.20690e-01       1.739e+11  9.769127e-01 -4.925322e-02  1.329986e-01  2.308727e-02
-4.34483e+00  6.20690e-01       2.419e+11  9.872554e-01 -2.324448e-02  9.747192e-02  1.274461e-02
-3.93103e+00  6.20690e-01       6.925e+11  9.957942e-01 -8.952724e-03  6.989438e-02  4.205827e-03
-3.51724e+00  6.20690e-01       1.520e+12  9.974800e-01 -6.166748e-03  6.382769e-02  2.519988e-03
-3.10345e+00  6.20690e-01       1.958e+12  9.978222e-01 -6.891339e-03  5.991579e-02  2.177796e-03
-2.68966e+00  6.20690e-01       1.889e+12  9.979392e-01 -1.196605e-02  5.520842e-02  2.060772e-03
-2.27586e+00  6.20690e-01       3.441e+12  9.980927e-01 -1.482439e-02  5.376392e-02  1.907327e-03
-1.86207e+00  6.20690e-01       1.099e+13  9.984436e-01 -1.048391e-02  5.096951e-02  1.556408e-03
-1.44828e+00  6.20690e-01       2.814e+13  9.987951e-01 -6.319119e-03  4.525918e-02  1.204897e-03
-1.03448e+00  6.20690e-01       4.937e+13  9.991467e-01 -3.202028e-03  3.655641e-02  8.533307e-04
-6.20690e-01  6.20690e-01       6.301e+13  9.994791e-01 -1.372798e-03  2.356397e-02  5.209128e-04
-2.06897e-01  6.20690e-01       6.690e+13  9.996704e-01 -8.569449e-04  5.360576e-03  3.295606e-04
 2.06897e-01  6.20690e-01       6.713e+13  9.995550e-01 -7.929301e-04 -1.563993e-02  4.449875e-04
 6.20690e-01  6.20690e-01       6.318e+13  9.991502e-01 -7.822252e-05 -3.418420e-02  8.497699e-04
 1.03448e+00  6.20690e-01       4.869e+13  9.986243e-01  1.349909e-03 -4.821794e-02  1.375671e-03
 1.44828e+00  6.20690e-01       2.676e+13  9.980744e-01  3.073345e-03 -5.889780e-02  1.925564e-03
 1.86207e+00  6.20690e-01       9.697e+12  9.974763e-01  4.905487e-03 -6.800212e-02  2.523744e-03
 2.27586e+00  6.20690e-01       2.582e+12  9.965572e-01  6.464193e-03 -7.876606e-02  3.442774e-03
 2.68966e+00  6.20690e-01       1.425e+12  9.956406e-01  4.525265e-03 -8.903901e-02  4.359356e-03
 3.10345e+00  6.20690e-01       1.823e+12  9.958147e-01  4.091780e-03 -8.848731e-02  4.185282e-03
 3.51724e+00  6.20690e-01       1.598e+12  9.957183e-01  5.915080e-03 -8.855012e-02  4.281691e-03
 3.93103e+00  6.20690e-01       8.145e+11  9.941235e-01  8.514684e-03 -9.526323e-02  5.876486e-03
 4.34483e+00  6.20690e-01       3.220e+11  9.866830e-01  3.820162e-03 -1.280387e-01  1.331703e-02
 4.75862e+00  6.20690e-01       2.288e+11  9.769301e-01 -2.238724e-02 -1.773160e-01  2.306995e-02
 5.17241e+00  6.20690e-01       2.784e+11  9.721678e-01 -3.045559e-02 -1.952204e-01  2.783223e-02
 5.58621e+00  6.20690e-01       2.725e+11  9.568769e-01 -2.316664e-02 -2.270511e-01  4.312308e-02
 6.00000e+00  6.20690e-01       1.932e+11  9.193962e-01 -1.353064e-02 -2.999332e-01  8.060379e-02
-6.00000e+00  1.03448e+00       1.620e+11  7.665767e-01 -1.669349e-02  4.000266e-01  2.334233e-01
-5.58621e+00  1.03448e+00       2.193e+11  8.914789e-01 -3.653855e-02  2.619221e-01  1.085211e-01
-5.17241e+00  1.03448e+00       2.283e+11  9.380295e-01 -3.147999e-02  2.181549e-01  6.197054e-02
-4.75862e+00  1.03448e+00       1.899e+11  9.465645e-01 -3.818275e-02  2.220988e-01  5.343550e-02
-4.34483e+00  1.03448e+00       2.130e+11  9.598887e-01 -3.574316e-02  1.804608e-01  4.011132e-02
-3.93103e+00  1.03448e+00       5.487e+11  9.867093e-01 -1.608444e-02  1.153678e-01  1.329072e-02
-3.51724e+00  1.03448e+00       1.351e+12  9.936393e-01 -1.087819e-02  1.001519e-01  6.360721e-03
-3.10345e+00  1.03448e+00       1.979e+12  9.948841e-01 -1.112393e-02  9.462287e-02  5.115924e-03
-2.68966e+00  1.03448e+00       1.845e+12  9.951428e-01 -1.571388e-02  8.925171e-02  4.857227e-03
-2.27586e+00  1.03448e+00       2.077e+12  9.951297e-01 -2.215378e-02  8.461312e-02  4.870341e-03
-1.86207e+00  1.03448e+00       5.438e+12  9.962687e-01 -1.766444e-02  7.546685e-02  3.731347e-03
-1.44828e+00  1.03448e+00       1.633e+13  9.974446e-01 -1.101597e-02  6.366438e-02  2.555391e-03
-1.03448e+00  1.03448e+00       3.646e+13  9.983064e-01 -5.481198e-03  4.965714e-02  1.693614e-03
-6.20690e-01  1.03448e+00       5.839e+13  9.989805e-01 -1.294703e-03  3.110227e-02  1.019460e-03
-2.06897e-01  1.03448e+00       7.162e+13  9.993404e-01  1.405826e-03  7.668575e-03  6.595917e-04
 2.06897e-01  1.03448e+00       7.139e+13  9.991890e-01  3.077554e-03 -1.808180e-02  8.110239e-04
 6.20690e-01  1.03448e+00       5.755e+13  9.985279e-01  4.458883e-03 -4.215393e-02  1.472128e-03
 1.03448e+00  1.03448e+00       3.505e+13  9.975444e-01  5.929673e-03 -6.238692e-02  2.455570e-03
 1.44828e+00  1.03448e+00       1.492e+13  9.963369e-01  7.567033e-03 -7.952678e-02  3.663068e-03
 1.86207e+00  1.03448e+00       4.394e+12  9.945679e-01  9.545886e-03 -9.730581e-02  5.432150e-03
 2.27586e+00  1.03448e+00       1.402e+12  9.915792e-01  1.023622e-02 -1.206466e-01  8.420840e-03
 2.68966e+00  1.03448e+00       1.495e+12  9.913934e-01  7.591258e-03 -1.248593e-01  8.606606e-03
 3.10345e+00  1.03448e+00       1.919e+12  9.919803e-01  8.480228e-03 -1.221275e-01  8.019733e-03
 3.51724e+00  1.03448e+00       1.458e+12  9.912600e-01  1.114224e-02 -1.241065e-01  8.740031e-03
 3.93103e+00  1.03448e+00       6.701e+11  9.855464e-01  1.299964e-02 -1.413589e-01  1.445359e-02
 4.34483e+00  1.03448e+00       2.843e+11  9.654080e-01 -3.378497e-03 -2.019784e-01  3.459201e-02
 4.75862e+00  1.03448e+00       2.315e+11  9.498005e-01 -3.386580e-02 -2.589010e-01  5.019946e-02
 5.17241e+00  1.03448e+00       2.750e+11  9.411222e-01 -3.300066e-02 -2.804326e-01  5.887784e-02
 5.58621e+00  1.03448e+00       2.577e+11  9.036167e-01 -2.221879e-02 -3.214402e-01  9.638330e-02
 6.00000e+00  1.03448e+00       1.720e+11  7.857517e-01 -6.059025e-04 -4.336981e-01  2.142483e-01
-6.00000e+00  1.44828e+00       1.604e+11  6.375603e-01 -6.724477e-03  4.771416e-01  3.624397e-01
-5.58621e+00  1.44828e+00       2.542e+11  8.111740e-01 -1.978567e-02  3.986590e-01  1.888260e-01
-5.17241e+00  1.44828e+00       2.878e+11  8.796540e-01 -5.061484e-02  3.448625e-01  1.203460e-01
-4.75862e+00  1.44828e+00       2.341e+11  9.004700e-01 -7.824871e-02  3.141105e-01  9.953003e-02
-4.34483e+00  1.44828e+00       1.944e+11  9.100116e-01 -6.775191e-02  2.703975e-01  8.998842e-02
-3.93103e+00  1.44828e+00       3.733e+11  9.654528e-01 -2.631970e-02  1.571813e-01  3.454716e-02
-3.51724e+00  1.44828e+00       1.038e+12  9.891693e-01 -1.544234e-02  1.165195e-01  1.083073e-02
-3.10345e+00  1.44828e+00       1.887e+12  9.931490e-01 -1.488753e-02  1.067003e-01  6.850987e-03
-2.68966e+00  1.44828e+00       2.006e+12  9.939129e-01 -1.811501e-02  1.002642e-01  6.087051e-03
-2.27586e+00  1.44828e+00       1.591e+12  9.932395e-01 -2.641552e-02  9.731923e-02  6.760499e-03
-1.86207e+00  1.44828e+00       1.852e+12  9.925749e-01 -2.899671e-02  9.433315e-02  7.425078e-03
-1.44828e+00  1.44828e+00       3.996e+12  9.952783e-01 -2.314866e-02  7.010704e-02  4.721675e-03
-1.03448e+00  1.44828e+00       9.977e+12  9.977496e-01 -1.779438e-02  4.477093e-02  2.250362e-03
-6.20690e-01  1.44828e+00       1.992e+13  9.988379e-01 -1.189552e-02  2.446468e-02  1.162051e-03
-2.06897e-01  1.44828e+00       2.816e+13  9.991865e-01 -6.538871e-03  3.355283e-03  8.134888e-04
 2.06897e-01  1.44828e+00       2.777e+13  9.989928e-01 -2.653701e-03 -1.944805e-02  1.007232e-03
 6.20690e-01  1.44828e+00       1.899e+13  9.982473e-01 -9.085133e-05 -4.264894e-02  1.752747e-03
 1.03448e+00  1.44828e+00       8.966e+12  9.967374e-01  2.184497e-03 -6.696467e-02  3.262554e-03
 1.44828e+00  1.44828e+00       3.126e+12  9.934934e-01  5.921383e-03 -9.831679e-02  6.506627e-03
 1.86207e+00  1.44828e+00       1.160e+12  9.879255e-01  1.070089e-02 -1.370976e-01  1.207452e-02
 2.27586e+00  1.44828e+00       1.128e+12  9.878713e-01  9.958285e-03 -1.411328e-01  1.212872e-02
 2.68966e+00  1.44828e+00       1.818e+12  9.901017e-01  9.886670e-03 -1.325609e-01  9.898289e-03
 3.10345e+00  1.44828e+00       1.933e+12  9.903105e-01  1.224055e-02 -1.317909e-01  9.689463e-03
 3.51724e+00  1.44828e+00       1.176e+12  9.871999e-01  1.598084e-02 -1.404769e-01  1.280009e-02
 3.93103e+00  1.44828e+00       4.860e+11  9.696750e-01  1.518199e-02 -1.851488e-01  3.032503e-02
 4.34483e+00  1.44828e+00       2.623e+11  9.303420e-01 -2.238387e-02 -2.878355e-01  6.965799e-02
 4.75862e+00  1.44828e+00       2.872e+11  9.164264e-01 -5.567197e-02 -3.359643e-01  8.357359e-02
 5.17241e+00  1.44828e+00       3.319e+11  8.977462e-01 -4.966939e-02 -3.638839e-01  1.022538e-01
 5.58621e+00  1.44828e+00       2.877e+11  8.346408e-01 -4.694044e-02 -4.289059e-01  1.653592e-01
 6.00000e+00  1.44828e+00       2.036e+11  6.934523e-01 -5.874463e-02 -5.504808e-01  3.065477e-01
-6.00000e+00  1.86207e+00       2.200e+11  4.056881e-01  7.843987e-02  6.672411e-01  5.943119e-01
-5.58621e+00  1.86207e+00       2.666e+11  6.708712e-01 -1.382965e-02  4.833897e-01  3.291288e-01
-5.17241e+00  1.86207e+00       3.066e+11  8.243412e-01 -3.639107e-02  3.726912e-01  1.756588e-01
-4.75862e+00  1.86207e+00       2.761e+11  8.786974e-01 -5.117392e-02  3.415498e-01  1.213026e-01
-4.34483e+00  1.86207e+00       2.136e+11  8.743802e-01 -6.845436e-02  3.406547e-01  1.256198e-01
-3.93103e+00  1.86207e+00       2.394e+11  9.124349e-01 -4.447488e-02  2.315142e-01  8.756509e-02
-3.51724e+00  1.86207e+00       6.186e+11  9.785667e-01 -1.883628e-02  1.146897e-01  2.143328e-02
-3.10345e+00  1.86207e+00       1.482e+12  9.932539e-01 -1.706291e-02  8.760613e-02  6.746143e-03
-2.68966e+00  1.86207e+00       2.113e+12  9.955874e-01 -1.995136e-02  7.679788e-02  4.412592e-03
-2.27586e+00  1.86207e+00       1.818e+12  9.955353e-01 -2.738281e-02  6.950469e-02  4.464721e-03
-1.86207e+00  1.86207e+00       1.339e+12  9.932501e-01 -3.952068e-02  7.345939e-02  6.749874e-03
-1.44828e+00  1.86207e+00       1.475e+12  9.912961e-01 -3.509813e-02  8.899418e-02  8.703858e-03
-1.03448e+00  1.86207e+00       1.858e+12  9.916906e-01 -1.273168e-02  8.894463e-02  8.309443e-03
-6.20690e-01  1.86207e+00       1.865e+12  9.924820e-01  1.231869e-02  6.464991e-02  7.517963e-03
-2.06897e-01  1.86207e+00       1.609e+12  9.929397e-01  3.068515e-02  1.212467e-02  7.060271e-03
 2.06897e-01  1.86207e+00       1.504e+12  9.927500e-01  3.555803e-02 -5.056690e-02  7.249973e-03
 6.20690e-01  1.86207e+00       1.530e+12  9.915815e-01  2.866296e-02 -9.455152e-02  8.418513e-03
 1.03448e+00  1.86207e+00       1.327e+12  9.890786e-01  1.689842e-02 -1.215878e-01  1.092136e-02
 1.44828e+00  1.86207e+00       9.080e+11  9.854126e-01  7.946077e-03 -1.379304e-01  1.458742e-02
 1.86207e+00  1.86207e+00       8.941e+11  9.870078e-01  8.011980e-03 -1.244330e-01  1.299223e-02
 2.27586e+00  1.86207e+00       1.582e+12  9.919562e-01  1.040055e-02 -1.058707e-01  8.043826e-03
 2.68966e+00  1.86207e+00       2.106e+12  9.932536e-01  1.306647e-02 -1.032550e-01  6.746398e-03
 3.10345e+00  1.86207e+00       1.615e+12  9.916564e-01  1.682154e-02 -1.099190e-01  8.343648e-03
 3.51724e+00  1.86207e+00       7.624e+11  9.803092e-01  2.078594e-02 -1.415071e-01  1.969076e-02
 3.93103e+00  1.86207e+00       3.340e+11  9.377280e-01  4.832435e-03 -2.464546e-01  6.227200e-02
 4.34483e+00  1.86207e+00       2.669e+11  9.018927e-01 -4.363693e-02 -3.451258e-01  9.810734e-02
 4.75862e+00  1.86207e+00       3.269e+11  8.957051e-01 -5.180424e-02 -3.745114e-01  1.042949e-01
 5.17241e+00  1.86207e+00       3.571e+11  8.540421e-01 -3.673375e-02 -4.174546e-01  1.459579e-01
 5.58621e+00  1.86207e+00       2.918e+11  7.252370e-01 -1.834198e-02 -5.182586e-01  2.747630e-01
 6.00000e+00  1.86207e+00       2.104e+11  4.662693e-01  1.363329e-02 -6.748310e-01  5.337307e-01
-6.00000e+00  2.27586e+00       2.121e+11  2.535449e-01  5.997010e-02  6.702909e-01  7.464551e-01
-5.58621e+00  2.27586e+00       2.892e+11  5.480848e-01 -2.322461e-02  5.737349e-01  4.519152e-01
-5.17241e+00  2.27586e+00       3.646e+11  7.361991e-01 -6.169381e-02  4.565857e-01  2.638009e-01
-4.75862e+00  2.27586e+00       3.474e+11  8.375950e-01 -6.931984e-02  3.779049e-01  1.624050e-01
-4.34483e+00  2.27586e+00       2.695e+11  8.601073e-01 -7.310479e-02  3.645855e-01  1.398927e-01
-3.93103e+00  2.27586e+00       2.064e+11  8.464594e-01 -6.409162e-02  3.426819e-01  1.535406e-01
-3.51724e+00  2.27586e+00       2.856e+11  9.259514e-01 -2.442978e-02  1.526995e-01  7.404859e-02
-3.10345e+00  2.27586e+00       7.796e+11  9.870390e-01 -1.277970e-02  3.991122e-02  1.296100e-02
-2.68966e+00  2.27586e+00       1.672e+12  9.966147e-01 -1.698122e-02  1.132508e-02  3.385349e-03
-2.27586e+00  2.27586e+00       2.111e+12  9.972734e-01 -2.405181e-02 -5.194644e-03  2.726642e-03
-1.86207e+00  2.27586e+00       1.619e+12  9.955445e-01 -3.594947e-02 -1.576843e-02  4.455521e-03
-1.44828e+00  2.27586e+00       9.717e+11  9.908751e-01 -5.083549e-02 -1.166524e-02  9.124906e-03
-1.03448e+00  2.27586e+00       7.306e+11  9.852403e-01 -6.304622e-02 -8.869439e-03  1.475973e-02
-6.20690e-01  2.27586e+00       8.060e+11  9.838553e-01 -8.137982e-02 -3.157230e-02  1.614473e-02
-2.06897e-01  2.27586e+00       9.275e+11  9.840056e-01 -9.320948e-02 -5.309277e-02  1.599443e-02
 2.06897e-01  2.27586e+00       8.441e+11  9.815546e-01 -9.062367e-02 -7.385452e-02  1.844544e-02
 6.20690e-01  2.27586e+00       5.959e+11  9.751034e-01 -6.757442e-02 -1.016644e-01  2.489657e-02
 1.03448e+00  2.27586e+00       4.508e+11  9.712053e-01 -2.034769e-02 -1.121668e-01  2.879474e-02
 1.44828e+00  2.27586e+00       6.873e+11  9.845803e-01  4.632044e-03 -5.550915e-02  1.541969e-02
 1.86207e+00  2.27586e+00       1.444e+12  9.945875e-01  9.344476e-03 -2.203272e-02  5.412541e-03
 2.27586e+00  2.27586e+00       2.108e+12  9.972692e-01  1.372018e-02 -1.964426e-02  2.730849e-03
 2.68966e+00  2.27586e+00       1.796e+12  9.966788e-01  1.826607e-02 -3.007111e-02  3.321171e-03
 3.10345e+00  2.27586e+00       9.336e+11  9.889191e-01  2.407123e-02 -6.307868e-02  1.108087e-02
 3.51724e+00  2.27586e+00       4.047e+11  9.514619e-01  2.130529e-02 -1.739296e-01  4.853811e-02
 3.93103e+00  2.27586e+00       2.755e+11  8.970434e-01 -2.431318e-02 -3.236217e-01  1.029566e-01
 4.34483e+00  2.27586e+00       3.254e+11  8.881019e-01 -5.937206e-02 -3.749431e-01  1.118981e-01
 4.75862e+00  2.27586e+00       4.221e+11  8.679060e-01 -5.403164e-02 -4.142422e-01  1.320940e-01
 5.17241e+00  2.27586e+00       4.312e+11  7.880307e-01 -4.361972e-02 -4.934507e-01  2.119693e-01
 5.58621e+00  2.27586e+00       3.502e+11  6.346631e-01 -3.728745e-02 -6.280777e-01  3.653369e-01
 6.00000e+00  2.27586e+00       2.797e+11  4.324573e-01 -2.183561e-02 -7.507962e-01  5.675427e-01
-6.00000e+00  2.68966e+00       2.951e+11  6.377372e-02 -1.968570e-02  8.225319e-01  9.362263e-01
-5.58621e+00  2.68966e+00       2.975e+11  3.969014e-01 -2.680536e-02  6.881909e-01  6.030986e-01
-5.17241e+00  2.68966e+00       3.922e+11  6.557458e-01 -5.505551e-02  5.305358e-01  3.442542e-01
-4.75862e+00  2.68966e+00       4.272e+11  8.001884e-01 -6.649129e-02  4.131006e-01  1.998116e-01
-4.34483e+00  2.68966e+00       3.619e+11  8.635307e-01 -7.286298e-02  3.577350e-01  1.364693e-01
-3.93103e+00  2.68966e+00       2.685e+11  8.521694e-01 -7.312456e-02  3.653367e-01  1.478306e-01
-3.51724e+00  2.68966e+00       1.991e+11  8.292853e-01 -5.119235e-02  3.172494e-01  1.707147e-01
-3.10345e+00  2.68966e+00       2.561e+11  9.176827e-01 -3.875578e-03  5.644449e-02  8.231734e-02
-2.68966e+00  2.68966e+00       6.645e+11  9.780577e-01 -1.324768e-03 -9.794260e-02  2.194227e-02
-2.27586e+00  2.68966e+00       1.445e+12  9.820420e-01 -1.340277e-02 -1.470382e-01  1.795797e-02
-1.86207e+00  2.68966e+00       1.913e+12  9.758236e-01 -2.767047e-02 -1.812074e-01  2.417637e-02
-1.44828e+00  2.68966e+00       1.512e+12  9.652955e-01 -4.921023e-02 -2.125630e-01  3.470451e-02
-1.03448e+00  2.68966e+00       8.466e+11  9.512006e-01 -8.534962e-02 -2.321987e-01  4.879942e-02
-6.20690e-01  2.68966e+00       5.466e+11  9.450197e-01 -1.299257e-01 -2.101766e-01  5.498029e-02
-2.06897e-01  2.68966e+00       4.805e+11  9.454421e-01 -1.526359e-01 -1.787891e-01  5.455788e-02
 2.06897e-01  2.68966e+00       4.149e+11  9.359168e-01 -1.511809e-01 -1.533333e-01  6.408320e-02
 6.20690e-01  2.68966e+00       4.168e+11  9.324429e-01 -9.353718e-02 -2.392858e-02  6.755709e-02
 1.03448e+00  2.68966e+00       7.647e+11  9.573871e-01 -1.951783e-02  1.441613e-01  4.261286e-02
 1.44828e+00  2.68966e+00       1.505e+12  9.734938e-01  5.365638e-03  1.794373e-01  2.650620e-02
 1.86207e+00  2.68966e+00       1.971e+12  9.805777e-01  1.525402e-02  1.653392e-01  1.942226e-02
 2.27586e+00  2.68966e+00       1.565e+12  9.844925e-01  2.182541e-02  1.346206e-01  1.550746e-02
 2.68966e+00  2.68966e+00       8.094e+11  9.822610e-01  2.975926e-02  7.390721e-02  1.773904e-02
 3.10345e+00  2.68966e+00       3.822e+11  9.523033e-01  3.337262e-02 -8.301912e-02  4.769668e-02
 3.51724e+00  2.68966e+00       2.794e+11  9.008932e-01 -5.896895e-03 -2.751118e-01  9.910684e-02
 3.93103e+00  2.68966e+00       3.173e+11  8.918534e-01 -5.462820e-02 -3.392438e-01  1.081466e-01
 4.34483e+00  2.68966e+00       4.341e+11  8.911324e-01 -6.009392e-02 -3.719107e-01  1.088676e-01
 4.75862e+00  2.68966e+00       5.091e+11  8.456091e-01 -4.991055e-02 -4.324437e-01  1.543909e-01
 5.17241e+00  2.68966e+00       4.542e+11  7.246236e-01 -4.816899e-02 -5.464531e-01  2.753764e-01
 5.58621e+00  2.68966e+00       3.610e+11  5.188590e-01 -4.732129e-02 -7.049838e-01  4.811410e-01
 6.00000e+00  2.68966e+00       3.482e+11  2.216892e-01 -2.751845e-02 -8.262387e-01  7.783108e-01
-6.00000e+00  3.10345e+00       4.735e+11  2.092483e-02 -1.451728e-02  9.009574e-01  9.790752e-01
-5.58621e+00  3.10345e+00       3.457e+11  2.378354e-01 -1.261866e-02  8.094705e-01  7.621646e-01
-5.17241e+00  3.10345e+00       3.910e+11  5.333086e-01 -4.225656e-02  6.222026e-01  4.666914e-01
-4.75862e+00  3.10345e+00       4.787e+11  7.430980e-01 -5.599722e-02  4.526765e-01  2.569020e-01
-4.34483e+00  3.10345e+00       4.688e+11  8.578667e-01 -6.333193e-02  3.432457e-01  1.421333e-01
-3.93103e+00  3.10345e+00       3.782e+11  8.911434e-01 -7.148758e-02  3.114708e-01  1.088566e-01
-3.51724e+00  3.10345e+00       2.779e+11  8.565878e-01 -6.541764e-02  3.339838e-01  1.434122e-01
-3.10345e+00  3.10345e+00       1.897e+11  8.104166e-01 -3.810984e-02  2.904066e-01  1.895834e-01
-2.68966e+00  3.10345e+00       1.598e+11  8.456253e-01  3.655062e-02  1.320603e-02  1.543747e-01
-2.27586e+00  3.10345e+00       2.813e+11  8.987946e-01  5.723143e-02 -2.907871e-01  1.012054e-01
-1.86207e+00  3.10345e+00       6.361e+11  8.702420e-01  3.560005e-02 -4.295129e-01  1.297580e-01
-1.44828e+00  3.10345e+00       1.093e+12  8.087804e-01  1.425827e-02 -5.235289e-01  1.912196e-01
-1.03448e+00  3.10345e+00       1.244e+12  7.120314e-01 -2.685035e-02 -6.016533e-01  2.879686e-01
-6.20690e-01  3.10345e+00       9.631e+11  5.430503e-01 -1.132012e-01 -6.159604e-01  4.569497e-01
-2.06897e-01  3.10345e+00       6.368e+11  2.963642e-01 -2.368432e-01 -3.224706e-01  7.036358e-01
 2.06897e-01  3.10345e+00       6.198e+11  2.844233e-01 -2.048733e-01  3.651682e-01  7.155767e-01
 6.20690e-01  3.10345e+00       9.223e+11  5.295887e-01 -5.714360e-02  6.460297e-01  4.704113e-01
 1.03448e+00  3.10345e+00       1.222e+12  7.042761e-01  1.560940e-02  6.152741e-01  2.957239e-01
 1.44828e+00  3.10345e+00       1.136e+12  8.062371e-01  3.613882e-02  5.227451e-01  1.937629e-01
 1.86207e+00  3.10345e+00       7.351e+11  8.751875e-01  4.113793e-02  4.057613e-01  1.248125e-01
 2.27586e+00  3.10345e+00       3.994e+11  9.218267e-01  5.349195e-02  2.337880e-01  7.817329e-02
 2.68966e+00  3.10345e+00       2.741e+11  9.259566e-01  5.403676e-02 -2.695206e-02  7.404340e-02
 3.10345e+00  3.10345e+00       2.698e+11  9.032658e-01  6.211699e-03 -2.185858e-01  9.673417e-02
 3.51724e+00  3.10345e+00       3.144e+11  9.029607e-01 -4.716076e-02 -2.705315e-01  9.703927e-02
 3.93103e+00  3.10345e+00       4.367e+11  9.163099e-01 -6.136760e-02 -2.973787e-01  8.369010e-02
 4.34483e+00  3.10345e+00       5.622e+11  8.948879e-01 -5.062900e-02 -3.522104e-01  1.051121e-01
 4.75862e+00  3.10345e+00       5.525e+11  8.060562e-01 -4.514201e-02 -4.562688e-01  1.939438e-01
 5.17241e+00  3.10345e+00       4.580e+11  6.333104e-01 -4.774906e-02 -6.252255e-01  3.666896e-01
 5.58621e+00  3.10345e+00       4.034e+11  3.977662e-01 -3.763264e-02 -7.861931e-01  6.022338e-01
 6.00000e+00  3.10345e+00       4.870e+11  9.611293e-02 -2.344391e-02 -8.788681e-01  9.038871e-01
-6.00000e+00  3.51724e+00       6.751e+11  5.703747e-02  3.764599e-02  9.020666e-01  9.429625e-01
-5.58621e+00  3.51724e+00       4.561e+11  2.134419e-01  7.866708e-02  8.568129e-01  7.865581e-01
-5.17241e+00  3.51724e+00       3.959e+11  4.224431e-01  3.784670e-02  7.321723e-01  5.775569e-01
-4.75862e+00  3.51724e+00       4.803e+11  6.631631e-01 -2.802063e-02  5.275097e-01  3.368369e-01
-4.34483e+00  3.51724e+00       5.549e+11  8.252999e-01 -5.287335e-02  3.539503e-01  1.747001e-01
-3.93103e+00  3.51724e+00       5.106e+11  9.078269e-01 -6.562270e-02  2.465311e-01  9.217308e-02
-3.51724e+00  3.51724e+00       4.055e+11  9.238839e-01 -6.726989e-02  2.228292e-01  7.611608e-02
-3.10345e+00  3.51724e+00       3.045e+11  8.809161e-01 -5.283593e-02  2.585312e-01  1.190839e-01
-2.68966e+00  3.51724e+00       2.034e+11  8.070906e-01 -3.450356e-02  2.489389e-01  1.929094e-01
-2.27586e+00  3.51724e+00       1.243e+11  7.428441e-01  6.033575e-02  6.296967e-02  2.571559e-01
-1.86207e+00  3.51724e+00       9.692e+10  7.204571e-01  2.167367e-01 -2.935661e-01  2.795429e-01
-1.44828e+00  3.51724e+00       9.915e+10  6.511192e-01  2.384601e-01 -5.406113e-01  3.488808e-01
-1.03448e+00  3.51724e+00       9.752e+10  4.502372e-01  2.102053e-01 -6.581616e-01  5.497628e-01
-6.20690e-01  3.51724e+00       9.161e+10  1.106076e-01  1.935240e-01 -6.063800e-01  8.893924e-01
-2.06897e-01  3.51724e+00       9.328e+10 -1.477488e-01  1.697416e-01 -2.510200e-01  8.522512e-01
 2.06897e-01  3.51724e+00       1.079e+11 -2.423265e-03  1.422719e-01  2.414730e-01  9.975767e-01
 6.20690e-01  3.51724e+00       1.376e+11  3.879909e-01  1.385445e-01  5.084800e-01  6.120091e-01
 1.03448e+00  3.51724e+00       1.665e+11  6.473818e-01  1.400511e-01  5.508012e-01  3.526182e-01
 1.44828e+00  3.51724e+00       1.719e+11  7.574712e-01  1.389844e-01  4.830066e-01  2.425288e-01
 1.86207e+00  3.51724e+00       1.767e+11  8.361873e-01  1.316224e-01  2.596886e-01  1.638127e-01
 2.27586e+00  3.51724e+00       2.195e+11  8.949172e-01  7.469138e-02 -1.207988e-02  1.050828e-01
 2.68966e+00  3.51724e+00       2.685e+11  9.057046e-01  4.335177e-03 -1.378095e-01  9.429542e-02
 3.10345e+00  3.51724e+00       3.138e+11  9.141395e-01 -4.426783e-02 -1.577353e-01  8.586048e-02
 3.51724e+00  3.51724e+00       4.446e+11  9.395842e-01 -5.812551e-02 -1.842657e-01  6.041578e-02
 3.93103e+00  3.51724e+00       6.121e+11  9.371483e-01 -4.983475e-02 -2.432153e-01  6.285169e-02
 4.34483e+00  3.51724e+00       6.296e+11  8.807587e-01 -4.382430e-02 -3.358485e-01  1.192413e-01
 4.75862e+00  3.51724e+00       5.152e+11  7.409811e-01 -4.345076e-02 -5.037472e-01  2.590189e-01
 5.17241e+00  3.51724e+00       4.189e+11  5.457406e-01 -2.729687e-02 -7.001122e-01  4.542594e-01
 5.58621e+00  3.51724e+00       4.293e+11  3.177983e-01 -1.387808e-03 -8.260643e-01  6.822017e-01
 6.00000e+00  3.51724e+00       6.282e+11  6.125824e-02 -1.025073e-02 -8.997365e-01  9.387418e-01
-6.00000e+00  3.93103e+00       1.010e+12  8.628285e-02  1.009852e-02  9.272970e-01  9.137171e-01
-5.58621e+00  3.93103e+00       6.915e+11  2.215370e-01  5.649636e-02  8.844570e-01  7.784630e-01
-5.17241e+00  3.93103e+00       4.718e+11  3.570753e-01  8.052157e-02  8.194582e-01  6.429247e-01
-4.75862e+00  3.93103e+00       4.430e+11  5.471296e-01  1.720889e-02  6.552447e-01  4.528704e-01
-4.34483e+00  3.93103e+00       5.474e+11  7.506696e-01 -3.853754e-02  4.204458e-01  2.493304e-01
-3.93103e+00  3.93103e+00       6.125e+11  8.805538e-01 -5.585723e-02  2.265570e-01  1.194462e-01
-3.51724e+00  3.93103e+00       5.524e+11  9.437333e-01 -6.648441e-02  1.024578e-01  5.626673e-02
-3.10345e+00  3.93103e+00       4.433e+11  9.572359e-01 -6.218835e-02  6.649825e-02  4.276411e-02
-2.68966e+00  3.93103e+00       3.518e+11  9.227346e-01 -3.503758e-02  1.109572e-01  7.726539e-02
-2.27586e+00  3.93103e+00       2.576e+11  8.401426e-01 -3.563103e-02  1.609390e-01  1.598574e-01
-1.86207e+00  3.93103e+00       1.565e+11  6.993958e-01 -2.097066e-02  1.379591e-01  3.006042e-01
-1.44828e+00  3.93103e+00       8.941e+10  5.044615e-01  2.136104e-01 -2.204504e-02  4.955385e-01
-1.03448e+00  3.93103e+00       6.200e+10  3.705856e-01  5.853089e-01 -2.253733e-01  6.294144e-01
-6.20690e-01  3.93103e+00       5.278e+10  3.338597e-01  7.367148e-01 -2.946376e-01  6.661403e-01
-2.06897e-01  3.93103e+00       5.196e+10  3.245743e-01  7.281996e-01 -2.181360e-01  6.754257e-01
 2.06897e-01  3.93103e+00       5.753e+10  3.670056e-01  6.791949e-01 -6.992056e-04  6.329944e-01
 6.20690e-01  3.93103e+00       7.283e+10  5.002095e-01  5.758318e-01  2.547795e-01  4.997905e-01
 1.03448e+00  3.93103e+00       1.075e+11  6.832109e-01  3.853425e-01  3.158648e-01  3.167891e-01
 1.44828e+00  3.93103e+00       1.721e+11  8.329999e-01  1.687403e-01  1.813967e-01  1.670001e-01
 1.86207e+00  3.93103e+00       2.435e+11  8.904780e-01  3.167402e-02  5.358821e-02  1.095220e-01
 2.27586e+00  3.93103e+00       2.700e+11  8.847799e-01 -2.315654e-02  1.199319e-02  1.152201e-01
 2.68966e+00  3.93103e+00       3.058e+11  8.994833e-01 -4.356796e-02  2.368202e-02  1.005167e-01
 3.10345e+00  3.93103e+00       4.672e+11  9.511041e-01 -5.105230e-02 -1.853958e-02  4.889587e-02
 3.51724e+00  3.93103e+00       6.664e+11  9.655835e-01 -4.619698e-02 -9.384709e-02  3.441652e-02
 3.93103e+00  3.93103e+00       6.951e+11  9.296066e-01 -4.369447e-02 -1.956055e-01  7.039338e-02
 4.34483e+00  3.93103e+00       5.754e+11  8.192826e-01 -4.801754e-02 -3.783022e-01  1.807174e-01
 4.75862e+00  3.93103e+00       4.694e+11  6.556956e-01 -3.792810e-02 -6.065148e-01  3.443044e-01
 5.17241e+00  3.93103e+00       4.505e+11  4.856991e-01 -5.352913e-03 -7.597360e-01  5.143009e-01
 5.58621e+00  3.93103e+00       6.047e+11  2.562283e-01 -3.852890e-03 -8.642166e-01  7.437717e-01
 6.00000e+00  3.93103e+00       9.741e+11  6.489199e-02 -1.757069e-02 -9.336757e-01  9.351080e-01
-6.00000e+00  4.34483e+00       1.398e+12  1.405251e-01 -6.287271e-03  9.436800e-01  8.594749e-01
-5.58621e+00  4.34483e+00       1.071e+12  2.589316e-01  2.215787e-02  8.959491e-01  7.410684e-01
-5.17241e+00  4.34483e+00       7.143e+11  3.817420e-01  7.181673e-02  8.377605e-01  6.182580e-01
-4.75862e+00  4.34483e+00       4.860e+11  4.875915e-01  8.262185e-02  7.615676e-01  5.124085e-01
-4.34483e+00  4.34483e+00       4.647e+11  6.412025e-01  8.937038e-03  5.753274e-01  3.587975e-01
-3.93103e+00  4.34483e+00       5.736e+11  8.052602e-01 -4.386169e-02  3.042464e-01  1.947398e-01
-3.51724e+00  4.34483e+00       6.460e+11  9.045113e-01 -5.738986e-02  7.022579e-02  9.548874e-02
-3.10345e+00  4.34483e+00       5.940e+11  9.439841e-01 -6.694364e-02 -9.400356e-02  5.601594e-02
-2.68966e+00  4.34483e+00       4.803e+11  9.504958e-01 -7.014517e-02 -1.815840e-01  4.950420e-02
-2.27586e+00  4.34483e+00       3.887e+11  9.391200e-01 -2.464868e-02 -1.799040e-01  6.087998e-02
-1.86207e+00  4.34483e+00       3.376e+11  9.025963e-01  2.893967e-02 -1.036781e-01  9.740374e-02
-1.44828e+00  4.34483e+00       2.846e+11  8.153778e-01 -9.861211e-03  2.033769e-02  1.846222e-01
-1.03448e+00  4.34483e+00       2.053e+11  6.344021e-01 -1.351042e-01  1.778535e-01  3.655979e-01
-6.20690e-01  4.34483e+00       1.421e+11  4.119315e-01 -2.503865e-01  3.559237e-01  5.880685e-01
-2.06897e-01  4.34483e+00       1.268e+11  3.986325e-01 -2.414133e-01  5.058047e-01  6.013675e-01
 2.06897e-01  4.34483e+00       1.581e+11  5.718615e-01 -1.726815e-01  5.340429e-01  4.281385e-01
 6.20690e-01  4.34483e+00       2.146e+11  7.046481e-01 -1.373340e-01  4.381105e-01  2.953519e-01
 1.03448e+00  4.34483e+00       2.461e+11  7.464118e-01 -1.115252e-01  2.926978e-01  2.535882e-01
 1.44828e+00  4.34483e+00       2.249e+11  7.043586e-01 -4.966069e-02  1.866935e-01  2.956414e-01
 1.86207e+00  4.34483e+00       2.117e+11  6.860872e-01  1.130996e-02  2.293844e-01  3.139128e-01
 2.27586e+00  4.34483e+00       3.113e+11  8.254584e-01 -2.034036e-02  2.767004e-01  1.745416e-01
 2.68966e+00  4.34483e+00       5.381e+11  9.311266e-01 -4.334689e-02  2.024609e-01  6.887337e-02
 3.10345e+00  4.34483e+00       7.253e+11  9.639148e-01 -4.326793e-02  1.067080e-01  3.608519e-02
 3.51724e+00  4.34483e+00       7.118e+11  9.468565e-01 -4.620057e-02 -1.996477e-02  5.314353e-02
 3.93103e+00  4.34483e+00       5.812e+11  8.635183e-01 -5.600532e-02 -2.416983e-01  1.364817e-01
 4.34483e+00  4.34483e+00       4.874e+11  7.366781e-01 -4.696160e-02 -5.057362e-01  2.633219e-01
 4.75862e+00  4.34483e+00       4.679e+11  6.188182e-01 -8.246668e-03 -6.703935e-01  3.811818e-01
 5.17241e+00  4.34483e+00       5.892e+11  4.394252e-01  1.228237e-03 -7.914700e-01  5.605748e-01
 5.58621e+00  4.34483e+00       9.608e+11  2.414709e-01 -1.598308e-02 -8.990391e-01  7.585291e-01
 6.00000e+00  4.34483e+00       1.423e+12  1.182969e-01 -1.575583e-02 -9.536005e-01  8.817031e-01
-6.00000e+00  4.75862e+00       1.689e+12  2.103550e-01 -1.572368e-02  9.473661e-01  7.896450e-01
-5.58621e+00  4.75862e+00       1.489e+12  3.034233e-01 -7.776612e-03  9.006065e-01  6.965767e-01
-5.17241e+00  4.75862e+00       1.119e+12  4.267567e-01  3.267584e-02  8.255567e-01  5.732433e-01
-4.75862e+00  4.75862e+00       7.512e+11  5.424932e-01  8.865415e-02  7.505957e-01  4.575068e-01
-4.34483e+00  4.75862e+00       4.983e+11  6.108858e-01  9.321890e-02  6.846120e-01  3.891142e-01
-3.93103e+00  4.75862e+00       4.458e+11  7.061523e-01  1.509323e-02  5.144047e-01  2.938477e-01
-3.51724e+00  4.75862e+00       5.333e+11  8.197912e-01 -4.642743e-02  2.098412e-01  1.802088e-01
-3.10345e+00  4.75862e+00       6.228e+11  8.780366e-01 -6.201459e-02 -9.294725e-02  1.219634e-01
-2.68966e+00  4.75862e+00       6.129e+11  8.716948e-01 -6.376875e-02 -3.215843e-01  1.283052e-01
-2.27586e+00  4.75862e+00       5.174e+11  8.213121e-01 -8.006301e-02 -4.888400e-01  1.786879e-01
-1.86207e+00  4.75862e+00       4.085e+11  7.602361e-01 -8.754674e-02 -5.972941e-01  2.397639e-01
-1.44828e+00  4.75862e+00       3.152e+11  7.142723e-01 -5.436203e-02 -6.361950e-01  2.857277e-01
-1.03448e+00  4.75862e+00       2.291e+11  6.691270e-01  1.043941e-02 -5.848813e-01  3.308730e-01
-6.20690e-01  4.75862e+00       1.563e+11  5.497715e-01  1.666790e-01 -4.185782e-01  4.502285e-01
-2.06897e-01  4.75862e+00       1.200e+11  3.530573e-01  4.039510e-01 -1.931803e-01  6.469427e-01
 2.06897e-01  4.75862e+00       1.066e+11  2.221689e-01  4.618803e-01 -1.004212e-02  7.778311e-01
 6.20690e-01  4.75862e+00       1.028e+11  1.275588e-01  2.650335e-01  2.149628e-01  8.724412e-01
 1.03448e+00  4.75862e+00       1.340e+11  1.581498e-01  3.734536e-02  5.141470e-01  8.418502e-01
 1.44828e+00  4.75862e+00       2.431e+11  4.404116e-01 -2.930792e-02  6.407039e-01  5.595884e-01
 1.86207e+00  4.75862e+00       4.414e+11  6.906839e-01 -4.314451e-02  5.891890e-01  3.093161e-01
 2.27586e+00  4.75862e+00       6.439e+11  8.252932e-01 -4.562768e-02  4.820720e-01  1.747068e-01
 2.68966e+00  4.75862e+00       7.129e+11  8.919395e-01 -4.738709e-02  3.560944e-01  1.080605e-01
 3.10345e+00  4.75862e+00       6.265e+11  9.073940e-01 -5.943739e-02  1.732529e-01  9.260597e-02
 3.51724e+00  4.75862e+00       5.145e+11  8.638058e-01 -7.400518e-02 -1.245403e-01  1.361942e-01
 3.93103e+00  4.75862e+00       4.656e+11  7.922249e-01 -5.437507e-02 -4.120665e-01  2.077751e-01
 4.34483e+00  4.75862e+00       4.657e+11  7.286358e-01 -4.892088e-03 -5.569020e-01  2.713642e-01
 4.75862e+00  4.75862e+00       5.725e+11  5.944049e-01  7.480618e-03 -6.844481e-01  4.055951e-01
 5.17241e+00  4.75862e+00       9.637e+11  4.101242e-01 -1.570431e-02 -8.346832e-01  5.898758e-01
 5.58621e+00  4.75862e+00       1.550e+12  2.912089e-01 -2.319100e-02 -9.170468e-01  7.087911e-01
 6.00000e+00  4.75862e+00       1.885e+12  2.089300e-01 -1.619847e-02 -9.543983e-01  7.910700e-01
-6.00000e+00  5.17241e+00       1.890e+12  2.972018e-01 -9.841663e-03  9.359979e-01  7.027982e-01
-5.58621e+00  5.17241e+00       1.872e+12  3.775417e-01 -1.090889e-02  8.938316e-01  6.224583e-01
-5.17241e+00  5.17241e+00       1.627e+12  4.772630e-01  9.013210e-05  8.242251e-01  5.227370e-01
-4.75862e+00  5.17241e+00       1.242e+12  5.891160e-01  3.477818e-02  7.291027e-01  4.108840e-01
-4.34483e+00  5.17241e+00       8.296e+11  6.804585e-01  8.895864e-02  6.368756e-01  3.195415e-01
-3.93103e+00  5.17241e+00       5.122e+11  7.238547e-01  1.149781e-01  5.709434e-01  2.761453e-01
-3.51724e+00  5.17241e+00       3.971e+11  7.677698e-01  4.794902e-02  4.648253e-01  2.322302e-01
-3.10345e+00  5.17241e+00       4.254e+11  8.165220e-01 -3.603674e-02  2.119357e-01  1.834780e-01
-2.68966e+00  5.17241e+00       4.910e+11  7.997386e-01 -7.902264e-02 -1.633070e-01  2.002614e-01
-2.27586e+00  5.17241e+00       5.365e+11  7.085203e-01 -7.878267e-02 -4.978350e-01  2.914797e-01
-1.86207e+00  5.17241e+00       5.004e+11  5.490369e-01 -5.993687e-02 -7.132732e-01  4.509631e-01
-1.44828e+00  5.17241e+00       4.156e+11  2.838581e-01 -7.548919e-02 -8.476802e-01  7.161419e-01
-1.03448e+00  5.17241e+00       3.705e+11 -6.467543e-02 -1.397165e-01 -8.673144e-01  9.353246e-01
-6.20690e-01  5.17241e+00       3.582e+11 -3.853353e-01 -1.909979e-01 -7.147028e-01  6.146647e-01
-2.06897e-01  5.17241e+00       3.445e+11 -6.251627e-01 -2.078133e-01 -3.598467e-01  3.748373e-01
 2.06897e-01  5.17241e+00       3.443e+11 -6.780671e-01 -1.987264e-01  1.476887e-01  3.219329e-01
 6.20690e-01  5.17241e+00       3.717e+11 -4.638411e-01 -1.640127e-01  5.849776e-01  5.361589e-01
 1.03448e+00  5.17241e+00       4.281e+11 -6.030874e-02 -1.073806e-01  8.020683e-01  9.396913e-01
 1.44828e+00  5.17241e+00       5.097e+11  3.314229e-01 -6.338909e-02  8.192000e-01  6.685771e-01
 1.86207e+00  5.17241e+00       5.565e+11  5.750808e-01 -5.697042e-02  7.370827e-01  4.249192e-01
 2.27586e+00  5.17241e+00       5.135e+11  7.106254e-01 -7.627825e-02  5.830007e-01  2.893746e-01
 2.68966e+00  5.17241e+00       4.353e+11  7.961816e-01 -1.042058e-01  2.872915e-01  2.038184e-01
 3.10345e+00  5.17241e+00       4.040e+11  8.355477e-01 -1.041699e-01 -8.825641e-02  1.644523e-01
 3.51724e+00  5.17241e+00       4.200e+11  8.370187e-01 -4.567303e-02 -3.172694e-01  1.629813e-01
 3.93103e+00  5.17241e+00       4.570e+11  8.183008e-01  1.381499e-02 -4.106818e-01  1.816992e-01
 4.34483e+00  5.17241e+00       5.811e+11  7.252110e-01  9.269071e-03 -5.440782e-01  2.747890e-01
 4.75862e+00  5.17241e+00       9.593e+11  5.694224e-01 -1.756163e-02 -7.301500e-01  4.305776e-01
 5.17241e+00  5.17241e+00       1.562e+12  4.510682e-01 -1.789943e-02 -8.461344e-01  5.489318e-01
 5.58621e+00  5.17241e+00       1.995e+12  3.675567e-01 -4.815882e-03 -9.045717e-01  6.324433e-01
 6.00000e+00  5.17241e+00       1.973e+12  2.935764e-01  6.141895e-03 -9.384662e-01  7.064236e-01
-6.00000e+00  5.58621e+00       1.889e+12  4.007256e-01 -5.826142e-03  9.029125e-01  5.992744e-01
-5.58621e+00  5.58621e+00       2.047e+12  4.563313e-01 -9.113484e-03  8.704696e-01  5.436687e-01
-5.17241e+00  5.58621e+00       1.964e+12  5.362697e-01 -9.804914e-03  8.089622e-01  4.637303e-01
-4.75862e+00  5.58621e+00       1.722e+12  6.308255e-01  2.841556e-04  7.141905e-01  3.691745e-01
-4.34483e+00  5.58621e+00       1.369e+12  7.294025e-01  3.090174e-02  5.897014e-01  2.705975e-01
-3.93103e+00  5.58621e+00       9.636e+11  8.082948e-01  8.430321e-02  4.660841e-01  1.917052e-01
-3.51724e+00  5.58621e+00       5.823e+11  8.358651e-01  1.367135e-01  3.866799e-01  1.641349e-01
-3.10345e+00  5.58621e+00       3.644e+11  8.339163e-01  1.166565e-01  3.366020e-01  1.660837e-01
-2.68966e+00  5.58621e+00       3.237e+11  8.638592e-01  2.249430e-02  2.300999e-01  1.361408e-01
-2.27586e+00  5.58621e+00       3.265e+11  8.478042e-01 -5.822800e-02  3.650415e-02  1.521958e-01
-1.86207e+00  5.58621e+00       3.101e+11  6.758982e-01 -1.305883e-01 -2.744019e-01  3.241018e-01
-1.44828e+00  5.58621e+00       3.048e+11  2.846514e-01 -1.842780e-01 -6.061217e-01  7.153486e-01
-1.03448e+00  5.58621e+00       3.252e+11 -1.640655e-01 -2.062527e-01 -7.420512e-01  8.359345e-01
-6.20690e-01  5.58621e+00       3.382e+11 -4.970323e-01 -1.798003e-01 -6.158599e-01  5.029677e-01
-2.06897e-01  5.58621e+00       3.273e+11 -7.035277e-01 -1.307280e-01 -2.563019e-01  2.964723e-01
 2.06897e-01  5.58621e+00       3.216e+11 -7.113348e-01 -1.183409e-01  2.366746e-01  2.886652e-01
 6.20690e-01  5.58621e+00       3.280e+11 -5.176043e-01 -1.507034e-01  6.267326e-01  4.823957e-01
 1.03448e+00  5.58621e+00       3.096e+11 -2.474480e-01 -1.824431e-01  7.999872e-01  7.525520e-01
 1.44828e+00  5.58621e+00       2.621e+11  8.987672e-02 -2.065551e-01  7.412233e-01  9.101233e-01
 1.86207e+00  5.58621e+00       2.439e+11  4.932612e-01 -2.271718e-01  4.344509e-01  5.067388e-01
 2.27586e+00  5.58621e+00       2.741e+11  7.432970e-01 -1.911178e-01  1.044214e-01  2.567030e-01
 2.68966e+00  5.58621e+00       3.271e+11  8.356576e-01 -8.595309e-02 -8.624655e-02  1.643424e-01
 3.10345e+00  5.58621e+00       3.849e+11  8.766754e-01  1.514473e-02 -1.490327e-01  1.233246e-01
 3.51724e+00  5.58621e+00       4.409e+11  8.819383e-01  4.035356e-02 -1.968180e-01  1.180617e-01
 3.93103e+00  5.58621e+00       5.928e+11  8.159152e-01  1.778793e-03 -3.761244e-01  1.840848e-01
 4.34483e+00  5.58621e+00       1.009e+12  7.011135e-01 -2.297156e-02 -6.050965e-01  2.988865e-01
 4.75862e+00  5.58621e+00       1.645e+12  6.054341e-01 -1.616943e-02 -7.453620e-01  3.945659e-01
 5.17241e+00  5.58621e+00       2.138e+12  5.304361e-01 -7.108274e-04 -8.218804e-01  4.695639e-01
 5.58621e+00  5.58621e+00       2.185e+12  4.605261e-01  8.593305e-03 -8.709573e-01  5.394739e-01
 6.00000e+00  5.58621e+00       1.888e+12  3.924580e-01  8.107492e-03 -9.054378e-01  6.075420e-01
-6.00000e+00  6.00000e+00       1.679e+12  5.216675e-01 -4.642988e-03  8.395726e-01  4.783325e-01
-5.58621e+00  6.00000e+00       2.087e+12  5.621906e-01 -5.030033e-03  8.146769e-01  4.378094e-01
-5.17241e+00  6.00000e+00       2.156e+12  6.095067e-01 -8.125054e-03  7.746491e-01  3.904933e-01
-4.75862e+00  6.00000e+00       1.992e+12  6.792622e-01 -8.708173e-03  6.969753e-01  3.207378e-01
-4.34483e+00  6.00000e+00       1.760e+12  7.603485e-01 -1.323591e-03  5.762479e-01  2.396515e-01
-3.93103e+00  6.00000e+00       1.477e+12  8.356900e-01  2.090081e-02  4.203261e-01  1.643100e-01
-3.51724e+00  6.00000e+00       1.141e+12  8.944777e-01  6.406496e-02  2.492011e-01  1.055223e-01
-3.10345e+00  6.00000e+00       7.672e+11  9.153964e-01  1.274449e-01  1.154038e-01  8.460361e-02
-2.68966e+00  6.00000e+00       4.372e+11  8.812006e-01  1.869848e-01  6.405759e-02  1.187994e-01
-2.27586e+00  6.00000e+00       2.586e+11  8.134444e-01  1.670471e-01  5.486811e-02  1.865556e-01
-1.86207e+00  6.00000e+00       2.317e+11  8.260855e-01  6.655938e-02 -6.920724e-02  1.739145e-01
-1.44828e+00  6.00000e+00       2.571e+11  8.763547e-01  2.685186e-02 -1.736310e-01  1.236453e-01
-1.03448e+00  6.00000e+00       2.315e+11  8.719287e-01  3.695308e-04 -1.587512e-01  1.280713e-01
-6.20690e-01  6.00000e+00       1.629e+11  7.552433e-01 -1.191899e-01 -4.105197e-02  2.447567e-01
-2.06897e-01  6.00000e+00       1.176e+11  5.163822e-01 -3.400656e-01  1.414448e-01  4.836178e-01
 2.06897e-01  6.00000e+00       1.134e+11  4.407820e-01 -4.104124e-01  2.321929e-01  5.592180e-01
 6.20690e-01  6.00000e+00       1.305e+11  5.512061e-01 -3.113095e-01  1.308254e-01  4.487939e-01
 1.03448e+00  6.00000e+00       1.536e+11  6.023260e-01 -2.231549e-01 -2.705886e-02  3.976740e-01
 1.44828e+00  6.00000e+00       1.901e+11  6.324049e-01 -1.319000e-01 -3.752090e-02  3.675951e-01
 1.86207e+00  6.00000e+00       2.549e+11  7.351774e-01  7.693776e-03  7.225643e-02  2.648226e-01
 2.27586e+00  6.00000e+00       3.202e+11  8.154981e-01  9.116923e-02  1.582581e-01  1.845019e-01
 2.68966e+00  6.00000e+00       3.574e+11  8.503222e-01  8.419370e-02  1.812844e-01  1.496778e-01
 3.10345e+00  6.00000e+00       4.243e+11  8.759502e-01  2.515990e-02  6.633043e-02  1.240498e-01
 3.51724e+00  6.00000e+00       6.447e+11  8.644669e-01 -2.208827e-02 -2.098618e-01  1.355331e-01
 3.93103e+00  6.00000e+00       1.123e+12  8.075132e-01 -2.578170e-02 -4.620923e-01  1.924868e-01
 4.34483e+00  6.00000e+00       1.765e+12  7.447443e-01 -8.875563e-03 -6.129394e-01  2.552557e-01
 4.75862e+00  6.00000e+00       2.252e+12  6.848626e-01  7.365250e-03 -7.028521e-01  3.151374e-01
 5.17241e+00  6.00000e+00       2.325e+12  6.228009e-01  1.245745e-02 -7.662623e-01  3.771991e-01
 5.58621e+00  6.00000e+00       2.057e+12  5.585312e-01  7.705542e-03 -8.152840e-01  4.414688e-01
 6.00000e+00  6.00000e+00       1.730e+12  4.990698e-01  6.494042e-03 -8.501367e-01  5.009302e-01
