 EB(GeV)    EMITTANCEx EMITTANCEy SIZEx(m)   SIZEy(m)   DIVx(rad)  DIVy(rad)
 1.500e+00  5.941e-09  5.941e-11  1.840e-04  1.299e-05  3.228e-05  4.574e-06
 betax      alphax     betay      alphay     eta        deta       E_spread  
 5.700e+00  0.000e+00  2.840e+00  0.000e+00  0.000e+00  0.000e+00  1.000e-03
 Ibeam(A) 
  2.000e-01


           x            y       F.Density            PL            PC          PL45        1-|PL|
          mm           mm  ph/s/mm^2/0.1%             -             -             -             -
-6.00000e+00 -6.00000e+00       1.907e+12  4.312109e-01  2.236251e-03 -8.831971e-01  5.687891e-01
-5.58621e+00 -6.00000e+00       2.012e+12  4.778082e-01  4.151445e-04 -8.532922e-01  5.221918e-01
-5.17241e+00 -6.00000e+00       1.771e+12  5.480053e-01 -3.213832e-03 -7.925071e-01  4.519947e-01
-4.75862e+00 -6.00000e+00       1.458e+12  6.467126e-01 -8.253512e-03 -6.863581e-01  3.532874e-01
-4.34483e+00 -6.00000e+00       1.203e+12  7.522878e-01 -2.024878e-02 -5.506690e-01  2.477122e-01
-3.93103e+00 -6.00000e+00       9.165e+11  8.274718e-01 -5.416087e-02 -4.307700e-01  1.725282e-01
-3.51724e+00 -6.00000e+00       5.738e+11  8.492202e-01 -1.076360e-01 -3.513684e-01  1.507798e-01
-3.10345e+00 -6.00000e+00       3.390e+11  8.318412e-01 -1.266981e-01 -2.768893e-01  1.681588e-01
-2.68966e+00 -6.00000e+00       2.787e+11  8.433549e-01 -6.018903e-02 -1.399646e-01  1.566451e-01
-2.27586e+00 -6.00000e+00       2.757e+11  8.310753e-01  1.757821e-02  1.995227e-02  1.689247e-01
-1.86207e+00 -6.00000e+00       2.521e+11  7.033382e-01  9.129458e-02  2.406225e-01  2.966618e-01
-1.44828e+00 -6.00000e+00       2.268e+11  3.558636e-01  1.364632e-01  4.850806e-01  6.441364e-01
-1.03448e+00 -6.00000e+00       2.310e+11 -2.056090e-01  1.873817e-01  5.735463e-01  7.943910e-01
-6.20690e-01 -6.00000e+00       2.690e+11 -6.269205e-01  2.536736e-01  4.110599e-01  3.730795e-01
-2.06897e-01 -6.00000e+00       3.073e+11 -7.748937e-01  2.788119e-01  8.541784e-02  2.251063e-01
 2.06897e-01 -6.00000e+00       3.194e+11 -7.290968e-01  2.574695e-01 -2.907496e-01  2.709032e-01
 6.20690e-01 -6.00000e+00       2.967e+11 -5.398096e-01  2.034256e-01 -5.932342e-01  4.601904e-01
 1.03448e+00 -6.00000e+00       2.488e+11 -2.228585e-01  1.470464e-01 -7.232141e-01  7.771415e-01
 1.44828e+00 -6.00000e+00       2.226e+11  2.270457e-01  1.476767e-01 -6.186344e-01  7.729543e-01
 1.86207e+00 -6.00000e+00       2.422e+11  5.851509e-01  1.684730e-01 -3.881735e-01  4.148491e-01
 2.27586e+00 -6.00000e+00       2.692e+11  7.398015e-01  1.224117e-01 -1.723770e-01  2.601985e-01
 2.68966e+00 -6.00000e+00       3.012e+11  8.169698e-01  2.629300e-02  3.983509e-03  1.830302e-01
 3.10345e+00 -6.00000e+00       3.520e+11  8.678493e-01 -3.006020e-02  1.009848e-01  1.321507e-01
 3.51724e+00 -6.00000e+00       4.106e+11  8.739536e-01 -1.080966e-02  1.897370e-01  1.260464e-01
 3.93103e+00 -6.00000e+00       5.638e+11  8.161603e-01  2.591467e-02  3.765979e-01  1.838397e-01
 4.34483e+00 -6.00000e+00       9.524e+11  7.224364e-01  2.449526e-02  5.801499e-01  2.775636e-01
 4.75862e+00 -6.00000e+00       1.503e+12  6.362601e-01  8.959659e-03  7.103277e-01  3.637399e-01
 5.17241e+00 -6.00000e+00       1.901e+12  5.554143e-01 -2.016391e-03  7.943756e-01  4.445857e-01
 5.58621e+00 -6.00000e+00       1.994e+12  4.725065e-01 -5.836553e-03  8.562027e-01  5.274935e-01
 6.00000e+00 -6.00000e+00       1.869e+12  4.001276e-01 -5.853248e-03  8.969389e-01  5.998724e-01
-6.00000e+00 -5.58621e+00       1.757e+12  2.987022e-01 -4.453579e-03 -9.344966e-01  7.012978e-01
-5.58621e+00 -5.58621e+00       1.663e+12  3.838931e-01 -2.859817e-03 -8.877342e-01  6.161069e-01
-5.17241e+00 -5.58621e+00       1.407e+12  4.932721e-01 -5.318244e-03 -8.091775e-01  5.067279e-01
-4.75862e+00 -5.58621e+00       1.116e+12  6.103961e-01 -2.484927e-02 -7.083621e-01  3.896039e-01
-4.34483e+00 -5.58621e+00       7.880e+11  6.959540e-01 -6.927021e-02 -6.194016e-01  3.040460e-01
-3.93103e+00 -5.58621e+00       4.866e+11  7.335844e-01 -1.067734e-01 -5.455586e-01  2.664156e-01
-3.51724e+00 -5.58621e+00       3.529e+11  7.736772e-01 -6.787745e-02 -4.193547e-01  2.263228e-01
-3.10345e+00 -5.58621e+00       3.553e+11  8.117537e-01  1.410357e-02 -1.798270e-01  1.882463e-01
-2.68966e+00 -5.58621e+00       4.012e+11  7.748373e-01  7.471698e-02  1.839162e-01  2.251627e-01
-2.27586e+00 -5.58621e+00       4.512e+11  6.688366e-01  9.436658e-02  5.283624e-01  3.311634e-01
-1.86207e+00 -5.58621e+00       4.381e+11  5.207930e-01  7.692564e-02  7.352716e-01  4.792070e-01
-1.44828e+00 -5.58621e+00       3.509e+11  2.851675e-01  6.774598e-02  8.424349e-01  7.148325e-01
-1.03448e+00 -5.58621e+00       2.818e+11 -9.842521e-02  1.275012e-01  8.224251e-01  9.015748e-01
-6.20690e-01 -5.58621e+00       2.754e+11 -4.937434e-01  2.174820e-01  5.976845e-01  5.062566e-01
-2.06897e-01 -5.58621e+00       2.931e+11 -7.190321e-01  2.558499e-01  2.337951e-01  2.809679e-01
 2.06897e-01 -5.58621e+00       2.979e+11 -7.354794e-01  2.437727e-01 -1.789274e-01  2.645206e-01
 6.20690e-01 -5.58621e+00       2.958e+11 -5.116061e-01  1.847843e-01 -5.603827e-01  4.883939e-01
 1.03448e+00 -5.58621e+00       3.232e+11 -8.919665e-02  9.962856e-02 -8.005373e-01  9.108033e-01
 1.44828e+00 -5.58621e+00       3.907e+11  2.975230e-01  5.629674e-02 -8.394612e-01  7.024770e-01
 1.86207e+00 -5.58621e+00       4.501e+11  5.422026e-01  5.808428e-02 -7.485385e-01  4.577974e-01
 2.27586e+00 -5.58621e+00       4.530e+11  6.977758e-01  6.829115e-02 -5.662891e-01  3.022242e-01
 2.68966e+00 -5.58621e+00       4.148e+11  8.007639e-01  7.885390e-02 -2.758217e-01  1.992361e-01
 3.10345e+00 -5.58621e+00       3.854e+11  8.438451e-01  7.252769e-02  4.632907e-02  1.561549e-01
 3.51724e+00 -5.58621e+00       3.864e+11  8.396663e-01  2.498054e-02  2.694517e-01  1.603337e-01
 3.93103e+00 -5.58621e+00       4.220e+11  8.130155e-01 -9.515924e-03  3.959544e-01  1.869845e-01
 4.34483e+00 -5.58621e+00       5.423e+11  7.251652e-01  6.597443e-03  5.431218e-01  2.748348e-01
 4.75862e+00 -5.58621e+00       8.807e+11  5.893350e-01  1.964562e-02  7.158390e-01  4.106650e-01
 5.17241e+00 -5.58621e+00       1.402e+12  4.761533e-01  1.065630e-02  8.275223e-01  5.238467e-01
 5.58621e+00 -5.58621e+00       1.803e+12  3.836500e-01 -9.514878e-04  8.931768e-01  6.163500e-01
 6.00000e+00 -5.58621e+00       1.914e+12  3.016919e-01 -3.941313e-03  9.349704e-01  6.983081e-01
-6.00000e+00 -5.17241e+00       1.597e+12  2.120410e-01  6.551904e-04 -9.446310e-01  7.879590e-01
-5.58621e+00 -5.17241e+00       1.337e+12  3.223143e-01 -4.603604e-03 -8.917968e-01  6.776857e-01
-5.17241e+00 -5.17241e+00       1.032e+12  4.474089e-01 -2.713295e-02 -8.208259e-01  5.525911e-01
-4.75862e+00 -5.17241e+00       7.090e+11  5.434247e-01 -7.172078e-02 -7.528679e-01  4.565753e-01
-4.34483e+00 -5.17241e+00       4.620e+11  6.109111e-01 -9.150708e-02 -6.696446e-01  3.890889e-01
-3.93103e+00 -5.17241e+00       3.978e+11  7.133562e-01 -2.768000e-02 -4.781832e-01  2.866438e-01
-3.51724e+00 -5.17241e+00       4.635e+11  8.203458e-01  4.151749e-02 -1.695505e-01  1.796542e-01
-3.10345e+00 -5.17241e+00       5.415e+11  8.703454e-01  6.773633e-02  1.286295e-01  1.296546e-01
-2.68966e+00 -5.17241e+00       5.356e+11  8.526355e-01  7.558438e-02  3.530331e-01  1.473645e-01
-2.27586e+00 -5.17241e+00       4.549e+11  7.738791e-01  1.006064e-01  5.353310e-01  2.261209e-01
-1.86207e+00 -5.17241e+00       3.643e+11  6.630936e-01  1.291119e-01  6.762525e-01  3.369064e-01
-1.44828e+00 -5.17241e+00       2.913e+11  5.523300e-01  1.301152e-01  7.556324e-01  4.476700e-01
-1.03448e+00 -5.17241e+00       2.329e+11  4.655309e-01  1.412347e-01  7.420735e-01  5.344691e-01
-6.20690e-01 -5.17241e+00       1.696e+11  4.034574e-01  1.734978e-01  5.791377e-01  5.965426e-01
-2.06897e-01 -5.17241e+00       1.198e+11  3.363178e-01  1.845699e-01  2.167544e-01  6.636822e-01
 2.06897e-01 -5.17241e+00       1.060e+11  1.932743e-01  2.068459e-01 -1.824172e-01  8.067257e-01
 6.20690e-01 -5.17241e+00       1.249e+11  2.123440e-02  2.290487e-01 -4.522482e-01  9.787656e-01
 1.03448e+00 -5.17241e+00       1.775e+11  1.008461e-01  1.556526e-01 -6.370932e-01  8.991539e-01
 1.44828e+00 -5.17241e+00       2.845e+11  4.149025e-01  7.902277e-02 -6.940684e-01  5.850975e-01
 1.86207e+00 -5.17241e+00       4.380e+11  6.599039e-01  5.776785e-02 -6.425754e-01  3.400961e-01
 2.27586e+00 -5.17241e+00       5.613e+11  7.930795e-01  5.031169e-02 -5.360499e-01  2.069205e-01
 2.68966e+00 -5.17241e+00       5.990e+11  8.710303e-01  4.531857e-02 -3.858948e-01  1.289697e-01
 3.10345e+00 -5.17241e+00       5.598e+11  8.998750e-01  4.870720e-02 -1.765901e-01  1.001250e-01
 3.51724e+00 -5.17241e+00       4.898e+11  8.710548e-01  5.486731e-02  1.035812e-01  1.289452e-01
 3.93103e+00 -5.17241e+00       4.383e+11  8.025110e-01  3.927232e-02  3.721744e-01  1.974890e-01
 4.34483e+00 -5.17241e+00       4.348e+11  7.243714e-01  3.820721e-03  5.447209e-01  2.756286e-01
 4.75862e+00 -5.17241e+00       5.339e+11  5.990615e-01  1.361031e-03  6.830587e-01  4.009385e-01
 5.17241e+00 -5.17241e+00       8.482e+11  4.307444e-01  1.556920e-02  8.220287e-01  5.692556e-01
 5.58621e+00 -5.17241e+00       1.334e+12  3.023071e-01  1.275164e-02  9.068403e-01  6.976929e-01
 6.00000e+00 -5.17241e+00       1.667e+12  2.071317e-01  3.586588e-03  9.501560e-01  7.928683e-01
-6.00000e+00 -4.75862e+00       1.255e+12  1.402540e-01 -3.109210e-03 -9.387390e-01  8.597460e-01
-5.58621e+00 -4.75862e+00       9.623e+11  2.706314e-01 -2.530043e-02 -8.919615e-01  7.293686e-01
-5.17241e+00 -4.75862e+00       6.650e+11  3.837406e-01 -6.761269e-02 -8.400652e-01  6.162594e-01
-4.75862e+00 -4.75862e+00       4.565e+11  4.858209e-01 -7.952955e-02 -7.528467e-01  5.141791e-01
-4.34483e+00 -4.75862e+00       4.306e+11  6.523425e-01 -1.213056e-02 -5.418096e-01  3.476575e-01
-3.93103e+00 -4.75862e+00       5.213e+11  8.157364e-01  4.485909e-02 -2.689463e-01  1.842636e-01
-3.51724e+00 -4.75862e+00       5.759e+11  9.068776e-01  6.560781e-02 -4.349096e-02  9.312239e-02
-3.10345e+00 -4.75862e+00       5.240e+11  9.367654e-01  8.286050e-02  1.250815e-01  6.323465e-02
-2.68966e+00 -4.75862e+00       4.277e+11  9.320115e-01  9.329687e-02  2.327360e-01  6.798854e-02
-2.27586e+00 -4.75862e+00       3.527e+11  9.122874e-01  3.917407e-02  2.551828e-01  8.771257e-02
-1.86207e+00 -4.75862e+00       3.122e+11  8.827472e-01 -5.576860e-02  2.048260e-01  1.172528e-01
-1.44828e+00 -4.75862e+00       2.710e+11  8.260686e-01 -6.202464e-02  1.039649e-01  1.739314e-01
-1.03448e+00 -4.75862e+00       2.015e+11  6.756505e-01  4.361190e-02 -4.797794e-02  3.243495e-01
-6.20690e-01 -4.75862e+00       1.416e+11  4.136722e-01  1.757456e-01 -2.450413e-01  5.863278e-01
-2.06897e-01 -4.75862e+00       1.239e+11  2.912601e-01  2.108463e-01 -4.271982e-01  7.087399e-01
 2.06897e-01 -4.75862e+00       1.425e+11  4.286839e-01  1.648975e-01 -4.952365e-01  5.713161e-01
 6.20690e-01 -4.75862e+00       1.738e+11  5.895273e-01  1.207538e-01 -4.120078e-01  4.104727e-01
 1.03448e+00 -4.75862e+00       1.871e+11  6.399519e-01  6.385433e-02 -2.511512e-01  3.600481e-01
 1.44828e+00 -4.75862e+00       1.830e+11  6.018424e-01 -3.464132e-02 -1.626847e-01  3.981576e-01
 1.86207e+00 -4.75862e+00       2.087e+11  6.556401e-01 -5.598565e-02 -2.481855e-01  3.443599e-01
 2.27586e+00 -4.75862e+00       3.187e+11  8.201828e-01  1.948465e-02 -2.988851e-01  1.798172e-01
 2.68966e+00 -4.75862e+00       5.006e+11  9.228643e-01  4.683902e-02 -2.345871e-01  7.713567e-02
 3.10345e+00 -4.75862e+00       6.354e+11  9.582903e-01  4.271203e-02 -1.348071e-01  4.170975e-02
 3.51724e+00 -4.75862e+00       6.353e+11  9.449391e-01  3.973050e-02  5.453825e-03  5.506093e-02
 3.93103e+00 -4.75862e+00       5.499e+11  8.714672e-01  4.309017e-02  2.222850e-01  1.285328e-01
 4.34483e+00 -4.75862e+00       4.670e+11  7.495712e-01  3.632884e-02  4.731069e-01  2.504288e-01
 4.75862e+00 -4.75862e+00       4.374e+11  6.185525e-01  8.499245e-03  6.577429e-01  3.814475e-01
 5.17241e+00 -4.75862e+00       5.277e+11  4.454144e-01  1.213497e-03  7.888672e-01  5.545856e-01
 5.58621e+00 -4.75862e+00       8.361e+11  2.522777e-01  1.307677e-02  8.941562e-01  7.477223e-01
 6.00000e+00 -4.75862e+00       1.272e+12  1.205500e-01  1.167560e-02  9.496672e-01  8.794500e-01
-6.00000e+00 -4.34483e+00       9.062e+11  8.348794e-02 -1.789016e-02 -9.250273e-01  9.165121e-01
-5.58621e+00 -4.34483e+00       6.348e+11  2.171573e-01 -6.055112e-02 -8.891797e-01  7.828427e-01
-5.17241e+00 -4.34483e+00       4.477e+11  3.509722e-01 -7.715670e-02 -8.157753e-01  6.490278e-01
-4.75862e+00 -4.34483e+00       4.273e+11  5.607056e-01 -1.328003e-02 -6.274479e-01  4.392944e-01
-4.34483e+00 -4.34483e+00       5.151e+11  7.651497e-01  4.275229e-02 -3.957127e-01  2.348503e-01
-3.93103e+00 -4.34483e+00       5.525e+11  8.870254e-01  6.559569e-02 -2.133075e-01  1.129746e-01
-3.51724e+00 -4.34483e+00       4.873e+11  9.443949e-01  8.017743e-02 -9.010343e-02  5.560509e-02
-3.10345e+00 -4.34483e+00       3.976e+11  9.541881e-01  6.763796e-02 -4.854588e-02  4.581187e-02
-2.68966e+00 -4.34483e+00       3.254e+11  9.214811e-01  2.311548e-02 -8.353904e-02  7.851889e-02
-2.27586e+00 -4.34483e+00       2.432e+11  8.465559e-01  1.031216e-02 -1.217529e-01  1.534441e-01
-1.86207e+00 -4.34483e+00       1.525e+11  7.018743e-01 -1.943263e-02 -9.382628e-02  2.981257e-01
-1.44828e+00 -4.34483e+00       9.200e+10  4.630590e-01 -2.541866e-01  3.872452e-02  5.369410e-01
-1.03448e+00 -4.34483e+00       6.384e+10  2.629740e-01 -5.818370e-01  1.596805e-01  7.370260e-01
-6.20690e-01 -4.34483e+00       5.128e+10  2.441236e-01 -7.210418e-01  1.045675e-01  7.558764e-01
-2.06897e-01 -4.34483e+00       5.075e+10  3.683621e-01 -7.042492e-01 -7.477431e-02  6.316379e-01
 2.06897e-01 -4.34483e+00       6.256e+10  5.177219e-01 -6.136704e-01 -2.612941e-01  4.822781e-01
 6.20690e-01 -4.34483e+00       8.887e+10  6.479923e-01 -4.976350e-01 -3.775317e-01  3.520077e-01
 1.03448e+00 -4.34483e+00       1.293e+11  7.562535e-01 -3.727191e-01 -3.514756e-01  2.437465e-01
 1.44828e+00 -4.34483e+00       1.759e+11  8.424574e-01 -2.154515e-01 -2.177301e-01  1.575426e-01
 1.86207e+00 -4.34483e+00       2.138e+11  8.759552e-01 -7.213654e-02 -8.316161e-02  1.240448e-01
 2.27586e+00 -4.34483e+00       2.313e+11  8.601174e-01 -1.802164e-03 -2.667901e-02  1.398826e-01
 2.68966e+00 -4.34483e+00       2.771e+11  8.805197e-01  2.827651e-02 -2.943380e-02  1.194803e-01
 3.10345e+00 -4.34483e+00       4.188e+11  9.420961e-01  4.721241e-02  9.135493e-03  5.790389e-02
 3.51724e+00 -4.34483e+00       5.847e+11  9.636885e-01  4.526085e-02  8.361601e-02  3.631150e-02
 3.93103e+00 -4.34483e+00       6.282e+11  9.324991e-01  3.892690e-02  1.876397e-01  6.750087e-02
 4.34483e+00 -4.34483e+00       5.504e+11  8.314991e-01  3.817478e-02  3.597548e-01  1.685009e-01
 4.75862e+00 -4.34483e+00       4.560e+11  6.699015e-01  3.122641e-02  5.782297e-01  3.300985e-01
 5.17241e+00 -4.34483e+00       4.191e+11  4.887509e-01  6.549065e-03  7.491701e-01  5.112491e-01
 5.58621e+00 -4.34483e+00       5.246e+11  2.629085e-01  1.487569e-03  8.612514e-01  7.370915e-01
 6.00000e+00 -4.34483e+00       8.414e+11  6.218198e-02  1.221177e-02  9.298802e-01  9.378180e-01
-6.00000e+00 -3.93103e+00       6.146e+11  3.862304e-02 -4.462067e-02 -9.070553e-01  9.613770e-01
-5.58621e+00 -3.93103e+00       4.303e+11  1.940667e-01 -7.674664e-02 -8.590043e-01  8.059333e-01
-5.17241e+00 -3.93103e+00       3.932e+11  4.319993e-01 -2.755256e-02 -7.107265e-01  5.680007e-01
-4.75862e+00 -3.93103e+00       4.691e+11  6.771616e-01  3.568103e-02 -5.114280e-01  3.228384e-01
-4.34483e+00 -3.93103e+00       5.078e+11  8.301669e-01  6.307171e-02 -3.541790e-01  1.698331e-01
-3.93103e+00 -3.93103e+00       4.482e+11  9.059131e-01  7.649572e-02 -2.564825e-01  9.408695e-02
-3.51724e+00 -3.93103e+00       3.599e+11  9.143916e-01  6.678500e-02 -2.387696e-01  8.560835e-02
-3.10345e+00 -3.93103e+00       2.768e+11  8.688358e-01  3.933249e-02 -2.646288e-01  1.311642e-01
-2.68966e+00 -3.93103e+00       1.874e+11  7.996014e-01  6.750031e-03 -2.201177e-01  2.003986e-01
-2.27586e+00 -3.93103e+00       1.177e+11  7.312628e-01 -1.075291e-01  5.387606e-03  2.687372e-01
-1.86207e+00 -3.93103e+00       9.118e+10  6.615287e-01 -2.523619e-01  3.406244e-01  3.384713e-01
-1.44828e+00 -3.93103e+00       9.124e+10  5.144870e-01 -2.438876e-01  5.521576e-01  4.855130e-01
-1.03448e+00 -3.93103e+00       9.921e+10  2.605380e-01 -1.680640e-01  6.240200e-01  7.394620e-01
-6.20690e-01 -3.93103e+00       1.116e+11 -4.233746e-02 -1.208521e-01  5.187901e-01  9.576625e-01
-2.06897e-01 -3.93103e+00       1.273e+11 -2.149299e-01 -9.657634e-02  1.638877e-01  7.850701e-01
 2.06897e-01 -3.93103e+00       1.520e+11 -1.954451e-02 -7.076162e-02 -2.763229e-01  9.804555e-01
 6.20690e-01 -3.93103e+00       1.904e+11  3.966231e-01 -7.068110e-02 -4.843541e-01  6.033769e-01
 1.03448e+00 -3.93103e+00       2.201e+11  6.836968e-01 -9.919240e-02 -4.902842e-01  3.163032e-01
 1.44828e+00 -3.93103e+00       2.134e+11  8.047442e-01 -1.367271e-01 -4.225115e-01  1.952558e-01
 1.86207e+00 -3.93103e+00       1.956e+11  8.639730e-01 -1.653120e-01 -2.464779e-01  1.360270e-01
 2.27586e+00 -3.93103e+00       2.089e+11  9.000821e-01 -1.265387e-01 -3.948169e-03  9.991786e-02
 2.68966e+00 -3.93103e+00       2.366e+11  8.970549e-01 -4.180165e-02  1.353649e-01  1.029451e-01
 3.10345e+00 -3.93103e+00       2.726e+11  8.957931e-01  2.599276e-02  1.675070e-01  1.042069e-01
 3.51724e+00 -3.93103e+00       3.791e+11  9.252347e-01  5.334631e-02  1.913327e-01  7.476535e-02
 3.93103e+00 -3.93103e+00       5.281e+11  9.320382e-01  4.929053e-02  2.487342e-01  6.796180e-02
 4.34483e+00 -3.93103e+00       5.763e+11  8.843478e-01  4.028872e-02  3.367797e-01  1.156522e-01
 4.75862e+00 -3.93103e+00       5.029e+11  7.565033e-01  3.635561e-02  4.867381e-01  2.434967e-01
 5.17241e+00 -3.93103e+00       4.118e+11  5.589540e-01  2.505359e-02  6.768499e-01  4.410460e-01
 5.58621e+00 -3.93103e+00       3.938e+11  3.239549e-01  2.210479e-03  8.200971e-01  6.760451e-01
 6.00000e+00 -3.93103e+00       5.385e+11  6.057069e-02  5.363980e-03  8.964078e-01  9.394293e-01
-6.00000e+00 -3.51724e+00       3.573e+11 -1.524476e-02 -7.743046e-02 -8.258795e-01  9.847552e-01
-5.58621e+00 -3.51724e+00       3.215e+11  2.653752e-01 -7.743867e-02 -7.423494e-01  7.346248e-01
-5.17241e+00 -3.51724e+00       3.931e+11  5.608969e-01  3.220434e-03 -5.945921e-01  4.391031e-01
-4.75862e+00 -3.51724e+00       4.511e+11  7.544360e-01  5.049942e-02 -4.597135e-01  2.455640e-01
-4.34483e+00 -3.51724e+00       4.130e+11  8.506015e-01  7.304562e-02 -3.735997e-01  1.493985e-01
-3.93103e+00 -3.51724e+00       3.281e+11  8.666433e-01  7.303529e-02 -3.546611e-01  1.333567e-01
-3.51724e+00 -3.51724e+00       2.457e+11  8.262222e-01  5.166630e-02 -3.637703e-01  1.737778e-01
-3.10345e+00 -3.51724e+00       1.759e+11  8.013838e-01  7.248410e-03 -2.565847e-01  1.986162e-01
-2.68966e+00 -3.51724e+00       1.791e+11  8.656069e-01 -6.406054e-02  7.716922e-02  1.343931e-01
-2.27586e+00 -3.51724e+00       3.640e+11  9.009315e-01 -6.727611e-02  3.217809e-01  9.906853e-02
-1.86207e+00 -3.51724e+00       7.741e+11  8.687530e-01 -5.763913e-02  4.320084e-01  1.312470e-01
-1.44828e+00 -3.51724e+00       1.157e+12  8.097306e-01 -4.465175e-02  5.180883e-01  1.902694e-01
-1.03448e+00 -3.51724e+00       1.130e+12  7.170795e-01 -2.870361e-03  5.905726e-01  2.829205e-01
-6.20690e-01 -3.51724e+00       7.691e+11  5.617737e-01  9.939989e-02  5.858105e-01  4.382263e-01
-2.06897e-01 -3.51724e+00       4.799e+11  3.583000e-01  2.500632e-01  2.522495e-01  6.417000e-01
 2.06897e-01 -3.51724e+00       4.883e+11  3.797151e-01  2.070836e-01 -4.011188e-01  6.202849e-01
 6.20690e-01 -3.51724e+00       8.018e+11  5.906136e-01  3.379436e-02 -6.268299e-01  4.093864e-01
 1.03448e+00 -3.51724e+00       1.215e+12  7.374290e-01 -4.883390e-02 -5.854693e-01  2.625710e-01
 1.44828e+00 -3.51724e+00       1.309e+12  8.249450e-01 -6.795475e-02 -4.959775e-01  1.750550e-01
 1.86207e+00 -3.51724e+00       9.593e+11  8.846139e-01 -6.471832e-02 -3.873088e-01  1.153861e-01
 2.27586e+00 -3.51724e+00       5.325e+11  9.271399e-01 -6.771434e-02 -2.375030e-01  7.286012e-02
 2.68966e+00 -3.51724e+00       3.058e+11  9.339569e-01 -7.980393e-02 -9.263612e-03  6.604312e-02
 3.10345e+00 -3.51724e+00       2.481e+11  8.976527e-01 -4.244403e-02  2.121923e-01  1.023473e-01
 3.51724e+00 -3.51724e+00       2.672e+11  8.796184e-01  2.649130e-02  2.934981e-01  1.203816e-01
 3.93103e+00 -3.51724e+00       3.600e+11  8.956129e-01  5.806071e-02  3.199273e-01  1.043871e-01
 4.34483e+00 -3.51724e+00       4.803e+11  8.890457e-01  5.176576e-02  3.662749e-01  1.109543e-01
 4.75862e+00 -3.51724e+00       4.976e+11  8.201858e-01  3.868158e-02  4.456157e-01  1.798142e-01
 5.17241e+00 -3.51724e+00       4.175e+11  6.534903e-01  2.491606e-02  5.912879e-01  3.465097e-01
 5.58621e+00 -3.51724e+00       3.529e+11  4.222026e-01 -1.172683e-03  7.624255e-01  5.777974e-01
 6.00000e+00 -3.51724e+00       3.877e+11  1.556271e-01 -1.728131e-02  8.576468e-01  8.443729e-01
-6.00000e+00 -3.10345e+00       2.726e+11  6.238487e-02 -5.122441e-02 -7.652009e-01  9.376151e-01
-5.58621e+00 -3.10345e+00       3.152e+11  3.967527e-01  2.852670e-03 -6.607548e-01  6.032473e-01
-5.17241e+00 -3.10345e+00       3.822e+11  6.452621e-01  4.665675e-02 -5.357757e-01  3.547379e-01
-4.75862e+00 -3.10345e+00       3.754e+11  7.871366e-01  6.413284e-02 -4.462930e-01  2.128634e-01
-4.34483e+00 -3.10345e+00       3.064e+11  8.302406e-01  7.367051e-02 -4.180614e-01  1.697594e-01
-3.93103e+00 -3.10345e+00       2.322e+11  8.038011e-01  6.272797e-02 -4.179601e-01  1.961989e-01
-3.51724e+00 -3.10345e+00       2.021e+11  8.279478e-01  2.069240e-02 -2.815146e-01  1.720522e-01
-3.10345e+00 -3.10345e+00       3.642e+11  9.484536e-01 -1.338398e-02 -2.660248e-02  5.154643e-02
-2.68966e+00 -3.10345e+00       9.147e+11  9.861454e-01 -7.223546e-03  6.614397e-02  1.385460e-02
-2.27586e+00 -3.10345e+00       1.596e+12  9.869809e-01  3.158194e-03  1.058630e-01  1.301915e-02
-1.86207e+00 -3.10345e+00       1.647e+12  9.796350e-01  1.838830e-02  1.401316e-01  2.036499e-02
-1.44828e+00 -3.10345e+00       1.025e+12  9.627288e-01  4.774611e-02  1.766478e-01  3.727119e-02
-1.03448e+00 -3.10345e+00       4.839e+11  9.311435e-01  1.053318e-01  2.018170e-01  6.885653e-02
-6.20690e-01 -3.10345e+00       2.984e+11  9.147102e-01  1.497900e-01  1.565109e-01  8.528978e-02
-2.06897e-01 -3.10345e+00       2.629e+11  9.234966e-01  1.311863e-01  9.014938e-02  7.650336e-02
 2.06897e-01 -3.10345e+00       2.444e+11  9.209258e-01  1.083526e-01  3.988417e-02  7.907421e-02
 6.20690e-01 -3.10345e+00       2.736e+11  9.220347e-01  6.657520e-02 -5.740414e-02  7.796533e-02
 1.03448e+00 -3.10345e+00       5.137e+11  9.541735e-01  2.027251e-03 -1.390262e-01  4.582654e-02
 1.44828e+00 -3.10345e+00       1.123e+12  9.767706e-01 -2.232821e-02 -1.442432e-01  2.322940e-02
 1.86207e+00 -3.10345e+00       1.791e+12  9.852023e-01 -2.964453e-02 -1.262100e-01  1.479767e-02
 2.27586e+00 -3.10345e+00       1.783e+12  9.885316e-01 -3.405568e-02 -9.793986e-02  1.146837e-02
 2.68966e+00 -3.10345e+00       1.105e+12  9.871177e-01 -3.953067e-02 -5.015762e-02  1.288233e-02
 3.10345e+00 -3.10345e+00       5.077e+11  9.655609e-01 -4.820183e-02  5.968233e-02  3.443914e-02
 3.51724e+00 -3.10345e+00       2.806e+11  8.998364e-01 -2.646767e-02  2.583313e-01  1.001636e-01
 3.93103e+00 -3.10345e+00       2.648e+11  8.613378e-01  3.723168e-02  3.692476e-01  1.386622e-01
 4.34483e+00 -3.10345e+00       3.475e+11  8.671080e-01  6.059722e-02  4.012838e-01  1.328920e-01
 4.75862e+00 -3.10345e+00       4.326e+11  8.378148e-01  4.872872e-02  4.501971e-01  1.621852e-01
 5.17241e+00 -3.10345e+00       4.256e+11  7.260690e-01  3.589833e-02  5.465196e-01  2.739310e-01
 5.58621e+00 -3.10345e+00       3.594e+11  5.247114e-01  2.383689e-02  6.946958e-01  4.752886e-01
 6.00000e+00 -3.10345e+00       3.210e+11  2.707518e-01  3.173375e-03  8.158370e-01  7.292482e-01
-6.00000e+00 -2.68966e+00       2.454e+11  2.277603e-01 -6.100894e-02 -6.933874e-01  7.722397e-01
-5.58621e+00 -2.68966e+00       3.083e+11  5.194889e-01  3.084829e-02 -5.916821e-01  4.805111e-01
-5.17241e+00 -2.68966e+00       3.337e+11  7.116332e-01  5.979127e-02 -4.932201e-01  2.883668e-01
-4.75862e+00 -2.68966e+00       2.894e+11  7.997510e-01  6.716653e-02 -4.465687e-01  2.002490e-01
-4.34483e+00 -2.68966e+00       2.252e+11  7.982154e-01  6.841180e-02 -4.434697e-01  2.017846e-01
-3.93103e+00 -2.68966e+00       2.158e+11  8.303967e-01  3.866043e-02 -3.412608e-01  1.696033e-01
-3.51724e+00 -2.68966e+00       4.498e+11  9.500510e-01  7.787788e-03 -1.569447e-01  4.994900e-02
-3.10345e+00 -2.68966e+00       1.126e+12  9.878622e-01  8.281894e-03 -9.834427e-02  1.213781e-02
-2.68966e+00 -2.68966e+00       1.809e+12  9.939193e-01  1.385264e-02 -7.573586e-02  6.080700e-03
-2.27586e+00 -2.68966e+00       1.693e+12  9.945519e-01  2.350159e-02 -5.666737e-02  5.448126e-03
-1.86207e+00 -2.68966e+00       1.073e+12  9.919256e-01  4.375637e-02 -3.904669e-02  8.074402e-03
-1.44828e+00 -2.68966e+00       8.359e+11  9.882050e-01  7.018996e-02 -3.492539e-02  1.179502e-02
-1.03448e+00 -2.68966e+00       1.146e+12  9.901665e-01  7.188707e-02 -3.740942e-02  9.833526e-03
-6.20690e-01 -2.68966e+00       1.617e+12  9.929393e-01  5.787622e-02 -2.452338e-02  7.060707e-03
-2.06897e-01 -2.68966e+00       1.853e+12  9.938028e-01  4.415861e-02  7.412499e-03  6.197217e-03
 2.06897e-01 -2.68966e+00       1.714e+12  9.915790e-01  4.103785e-02  5.347362e-02  8.421040e-03
 6.20690e-01 -2.68966e+00       1.264e+12  9.851717e-01  4.985018e-02  1.022803e-01  1.482834e-02
 1.03448e+00 -2.68966e+00       7.449e+11  9.739828e-01  5.697745e-02  1.409513e-01  2.601717e-02
 1.44828e+00 -2.68966e+00       5.429e+11  9.706432e-01  2.204389e-02  1.243161e-01  2.935685e-02
 1.86207e+00 -2.68966e+00       9.443e+11  9.868217e-01 -1.697404e-02  7.661045e-02  1.317832e-02
 2.27586e+00 -2.68966e+00       1.718e+12  9.933450e-01 -2.356136e-02  7.050253e-02  6.654958e-03
 2.68966e+00 -2.68966e+00       1.946e+12  9.936928e-01 -2.614106e-02  7.886621e-02  6.307213e-03
 3.10345e+00 -2.68966e+00       1.298e+12  9.888225e-01 -3.024546e-02  1.005759e-01  1.117755e-02
 3.51724e+00 -2.68966e+00       5.816e+11  9.637819e-01 -3.407841e-02  1.664654e-01  3.621813e-02
 3.93103e+00 -2.68966e+00       2.842e+11  8.919896e-01 -6.062058e-03  3.173631e-01  1.080104e-01
 4.34483e+00 -2.68966e+00       2.604e+11  8.513224e-01  5.040114e-02  4.147765e-01  1.486776e-01
 4.75862e+00 -2.68966e+00       3.343e+11  8.425615e-01  5.888575e-02  4.515365e-01  1.574385e-01
 5.17241e+00 -2.68966e+00       3.797e+11  7.788986e-01  4.627409e-02  5.120214e-01  2.211014e-01
 5.58621e+00 -2.68966e+00       3.404e+11  6.234560e-01  3.271360e-02  6.225539e-01  3.765440e-01
 6.00000e+00 -2.68966e+00       2.733e+11  3.988411e-01  9.001287e-03  7.512950e-01  6.011589e-01
-6.00000e+00 -2.27586e+00       2.350e+11  3.581880e-01 -3.845865e-02 -6.466863e-01  6.418120e-01
-5.58621e+00 -2.27586e+00       2.731e+11  6.357208e-01  3.164502e-02 -5.154348e-01  3.642792e-01
-5.17241e+00 -2.27586e+00       2.705e+11  7.770154e-01  4.633844e-02 -4.501915e-01  2.229846e-01
-4.75862e+00 -2.27586e+00       2.227e+11  8.088195e-01  6.069811e-02 -4.414017e-01  1.911805e-01
-4.34483e+00 -2.27586e+00       2.007e+11  8.204309e-01  5.497950e-02 -3.944103e-01  1.795691e-01
-3.93103e+00 -2.27586e+00       3.812e+11  9.261711e-01  2.089658e-02 -2.457751e-01  7.382894e-02
-3.51724e+00 -2.27586e+00       1.000e+12  9.739792e-01  1.388275e-02 -1.881033e-01  2.602077e-02
-3.10345e+00 -2.27586e+00       1.742e+12  9.829654e-01  1.589484e-02 -1.714541e-01  1.703463e-02
-2.68966e+00 -2.27586e+00       1.790e+12  9.851562e-01  2.159782e-02 -1.607621e-01  1.484382e-02
-2.27586e+00 -2.27586e+00       1.373e+12  9.846707e-01  3.372043e-02 -1.549161e-01  1.532928e-02
-1.86207e+00 -2.27586e+00       1.535e+12  9.843502e-01  3.654549e-02 -1.496712e-01  1.564976e-02
-1.44828e+00 -2.27586e+00       3.008e+12  9.894704e-01  2.449860e-02 -1.193076e-01  1.052956e-02
-1.03448e+00 -2.27586e+00       6.823e+12  9.945537e-01  1.574369e-02 -8.141627e-02  5.446278e-03
-6.20690e-01 -2.27586e+00       1.309e+13  9.971184e-01  9.114449e-03 -4.964845e-02  2.881625e-03
-2.06897e-01 -2.27586e+00       1.831e+13  9.981782e-01  3.321328e-03 -1.867796e-02  1.821842e-03
 2.06897e-01 -2.27586e+00       1.794e+13  9.981435e-01 -9.844834e-04  1.405604e-02  1.856534e-03
 6.20690e-01 -2.27586e+00       1.222e+13  9.968081e-01 -3.558053e-03  4.864572e-02  3.191909e-03
 1.03448e+00 -2.27586e+00       5.841e+12  9.931076e-01 -4.226396e-03  8.901720e-02  6.892367e-03
 1.44828e+00 -2.27586e+00       2.153e+12  9.840342e-01 -1.390526e-03  1.451349e-01  1.596583e-02
 1.86207e+00 -2.27586e+00       9.113e+11  9.715067e-01  1.852065e-04  1.979147e-01  2.849327e-02
 2.27586e+00 -2.27586e+00       1.037e+12  9.772034e-01 -1.421301e-02  1.795793e-01  2.279658e-02
 2.68966e+00 -2.27586e+00       1.716e+12  9.830494e-01 -2.029951e-02  1.666091e-01  1.695060e-02
 3.10345e+00 -2.27586e+00       1.839e+12  9.831980e-01 -2.289582e-02  1.690873e-01  1.680200e-02
 3.51724e+00 -2.27586e+00       1.146e+12  9.769901e-01 -2.650157e-02  1.850327e-01  2.300990e-02
 3.93103e+00 -2.27586e+00       4.861e+11  9.462840e-01 -2.423099e-02  2.452796e-01  5.371604e-02
 4.34483e+00 -2.27586e+00       2.521e+11  8.776989e-01  1.847448e-02  3.699057e-01  1.223011e-01
 4.75862e+00 -2.27586e+00       2.562e+11  8.538659e-01  5.570781e-02  4.315458e-01  1.461341e-01
 5.17241e+00 -2.27586e+00       3.069e+11  8.277539e-01  4.818928e-02  4.666268e-01  1.722461e-01
 5.58621e+00 -2.27586e+00       2.945e+11  7.211088e-01  3.319656e-02  5.360224e-01  2.788912e-01
 6.00000e+00 -2.27586e+00       2.280e+11  4.848779e-01  6.365699e-03  6.571711e-01  5.151221e-01
-6.00000e+00 -1.86207e+00       1.907e+11  5.799666e-01 -2.449870e-03 -5.372032e-01  4.200334e-01
-5.58621e+00 -1.86207e+00       2.426e+11  7.583951e-01  1.692156e-02 -4.716086e-01  2.416049e-01
-5.17241e+00 -1.86207e+00       2.291e+11  8.183828e-01  5.299652e-02 -4.406714e-01  1.816172e-01
-4.75862e+00 -1.86207e+00       1.868e+11  8.267790e-01  7.231119e-02 -4.124895e-01  1.732210e-01
-4.34483e+00 -1.86207e+00       2.591e+11  8.943716e-01  3.771771e-02 -3.050360e-01  1.056284e-01
-3.93103e+00 -1.86207e+00       6.963e+11  9.599157e-01  1.779860e-02 -2.305053e-01  4.008429e-02
-3.51724e+00 -1.86207e+00       1.462e+12  9.744198e-01  1.640083e-02 -2.127683e-01  2.558018e-02
-3.10345e+00 -1.86207e+00       1.830e+12  9.774235e-01  1.849826e-02 -2.055582e-01  2.257652e-02
-2.68966e+00 -1.86207e+00       1.709e+12  9.779648e-01  2.381523e-02 -2.006526e-01  2.203523e-02
-2.27586e+00 -1.86207e+00       2.830e+12  9.803067e-01  2.011873e-02 -1.878231e-01  1.969334e-02
-1.86207e+00 -1.86207e+00       8.658e+12  9.846775e-01  8.433061e-03 -1.670903e-01  1.532253e-02
-1.44828e+00 -1.86207e+00       2.296e+13  9.882603e-01 -4.224107e-04 -1.451234e-01  1.173965e-02
-1.03448e+00 -1.86207e+00       4.335e+13  9.916357e-01 -6.989591e-03 -1.173624e-01  8.364259e-03
-6.20690e-01 -1.86207e+00       6.026e+13  9.948688e-01 -1.126414e-02 -7.985751e-02  5.131228e-03
-2.06897e-01 -1.86207e+00       6.810e+13  9.971617e-01 -1.338281e-02 -3.194172e-02  2.838305e-03
 2.06897e-01 -1.86207e+00       6.813e+13  9.974861e-01 -1.453179e-02  2.043065e-02  2.513864e-03
 6.20690e-01 -1.86207e+00       5.994e+13  9.957977e-01 -1.605690e-02  6.733360e-02  4.202284e-03
 1.03448e+00 -1.86207e+00       4.218e+13  9.929951e-01 -1.813666e-02  1.042186e-01  7.004912e-03
 1.44828e+00 -1.86207e+00       2.132e+13  9.896774e-01 -2.015485e-02  1.331582e-01  1.032255e-02
 1.86207e+00 -1.86207e+00       7.287e+12  9.852837e-01 -2.114453e-02  1.599441e-01  1.471633e-02
 2.27586e+00 -1.86207e+00       1.986e+12  9.774307e-01 -1.917534e-02  1.940091e-01  2.256932e-02
 2.68966e+00 -1.86207e+00       1.309e+12  9.743791e-01 -1.692785e-02  2.088800e-01  2.562089e-02
 3.10345e+00 -1.86207e+00       1.747e+12  9.772826e-01 -1.833458e-02  2.026745e-01  2.271735e-02
 3.51724e+00 -1.86207e+00       1.550e+12  9.765529e-01 -2.051668e-02  2.049215e-01  2.344710e-02
 3.93103e+00 -1.86207e+00       8.109e+11  9.671444e-01 -2.238204e-02  2.238043e-01  3.285556e-02
 4.34483e+00 -1.86207e+00       3.312e+11  9.272414e-01 -5.769556e-03  2.952130e-01  7.275860e-02
 4.75862e+00 -1.86207e+00       2.253e+11  8.783757e-01  4.558973e-02  3.891039e-01  1.216243e-01
 5.17241e+00 -1.86207e+00       2.552e+11  8.654904e-01  5.240687e-02  4.216456e-01  1.345096e-01
 5.58621e+00 -1.86207e+00       2.570e+11  8.177415e-01  3.948523e-02  4.592217e-01  1.822585e-01
 6.00000e+00 -1.86207e+00       1.996e+11  6.653191e-01  3.812568e-02  5.402430e-01  3.346809e-01
-6.00000e+00 -1.44828e+00       1.995e+11  6.709087e-01  4.752828e-02 -4.791974e-01  3.290913e-01
-5.58621e+00 -1.44828e+00       2.166e+11  8.004425e-01  8.953485e-02 -3.922850e-01  1.995575e-01
-5.17241e+00 -1.44828e+00       1.795e+11  8.542532e-01  7.967298e-02 -3.493651e-01  1.457468e-01
-4.75862e+00 -1.44828e+00       1.726e+11  8.815989e-01  4.597223e-02 -3.206124e-01  1.184011e-01
-4.34483e+00 -1.44828e+00       3.841e+11  9.468184e-01  2.045659e-02 -2.436646e-01  5.318160e-02
-3.93103e+00 -1.44828e+00       1.002e+12  9.719887e-01  1.535381e-02 -2.151973e-01  2.801129e-02
-3.51724e+00 -1.44828e+00       1.659e+12  9.768678e-01  1.503425e-02 -2.081820e-01  2.313220e-02
-3.10345e+00 -1.44828e+00       1.829e+12  9.777007e-01  1.651142e-02 -2.055194e-01  2.229935e-02
-2.68966e+00 -1.44828e+00       2.804e+12  9.787132e-01  1.354581e-02 -1.999658e-01  2.128679e-02
-2.27586e+00 -1.44828e+00       8.275e+12  9.812790e-01  4.197365e-03 -1.886764e-01  1.872104e-02
-1.86207e+00 -1.44828e+00       2.100e+13  9.836903e-01 -3.089089e-03 -1.762433e-01  1.630967e-02
-1.44828e+00 -1.44828e+00       3.472e+13  9.862331e-01 -8.395565e-03 -1.607194e-01  1.376687e-02
-1.03448e+00 -1.44828e+00       3.724e+13  9.891664e-01 -1.161815e-02 -1.396385e-01  1.083359e-02
-6.20690e-01 -1.44828e+00       2.823e+13  9.925591e-01 -1.171036e-02 -1.072455e-01  7.440889e-03
-2.06897e-01 -1.44828e+00       1.953e+13  9.958919e-01 -6.818736e-03 -4.564353e-02  4.108062e-03
 2.06897e-01 -1.44828e+00       1.999e+13  9.962747e-01 -1.585024e-03  4.285018e-02  3.725309e-03
 6.20690e-01 -1.44828e+00       2.945e+13  9.936820e-01 -3.953616e-03  9.917792e-02  6.317957e-03
 1.03448e+00 -1.44828e+00       3.835e+13  9.908569e-01 -9.107899e-03  1.282144e-01  9.143117e-03
 1.44828e+00 -1.44828e+00       3.460e+13  9.882739e-01 -1.402238e-02  1.477259e-01  1.172608e-02
 1.86207e+00 -1.44828e+00       1.978e+13  9.857848e-01 -1.808441e-02  1.633854e-01  1.421520e-02
 2.27586e+00 -1.44828e+00       7.014e+12  9.828205e-01 -2.088660e-02  1.786139e-01  1.717950e-02
 2.68966e+00 -1.44828e+00       2.041e+12  9.783172e-01 -2.018653e-02  1.970201e-01  2.168276e-02
 3.10345e+00 -1.44828e+00       1.522e+12  9.778849e-01 -1.606375e-02  2.000748e-01  2.211508e-02
 3.51724e+00 -1.44828e+00       1.640e+12  9.789814e-01 -1.629139e-02  1.972156e-01  2.101856e-02
 3.93103e+00 -1.44828e+00       1.096e+12  9.764048e-01 -1.773600e-02  2.027635e-01  2.359522e-02
 4.34483e+00 -1.44828e+00       4.654e+11  9.608051e-01 -1.376436e-02  2.331989e-01  3.919490e-02
 4.75862e+00 -1.44828e+00       2.194e+11  9.186058e-01  2.227392e-02  3.154381e-01  8.139418e-02
 5.17241e+00 -1.44828e+00       2.222e+11  8.927681e-01  5.581984e-02  3.731935e-01  1.072319e-01
 5.58621e+00 -1.44828e+00       2.540e+11  8.557280e-01  5.049258e-02  4.141824e-01  1.442720e-01
 6.00000e+00 -1.44828e+00       2.155e+11  7.565303e-01  2.993482e-02  4.944860e-01  2.434697e-01
-6.00000e+00 -1.03448e+00       1.619e+11  8.564667e-01 -2.581541e-02 -3.381663e-01  1.435333e-01
-5.58621e+00 -1.03448e+00       1.871e+11  9.040533e-01  3.040454e-03 -3.206696e-01  9.594673e-02
-5.17241e+00 -1.03448e+00       1.648e+11  9.169976e-01  3.585138e-02 -3.016542e-01  8.300242e-02
-4.75862e+00 -1.03448e+00       1.989e+11  9.393472e-01  3.563290e-02 -2.429148e-01  6.065277e-02
-4.34483e+00 -1.03448e+00       5.198e+11  9.728792e-01  1.676217e-02 -1.908584e-01  2.712079e-02
-3.93103e+00 -1.03448e+00       1.200e+12  9.820303e-01  1.309829e-02 -1.788263e-01  1.796975e-02
-3.51724e+00 -1.03448e+00       1.710e+12  9.836087e-01  1.259090e-02 -1.764170e-01  1.639128e-02
-3.10345e+00 -1.03448e+00       2.131e+12  9.837236e-01  1.065669e-02 -1.759125e-01  1.627642e-02
-2.68966e+00 -1.03448e+00       5.014e+12  9.847859e-01  3.483537e-03 -1.707065e-01  1.521412e-02
-2.27586e+00 -1.03448e+00       1.361e+13  9.861192e-01 -2.785569e-03 -1.637164e-01  1.388078e-02
-1.86207e+00 -1.03448e+00       2.438e+13  9.873841e-01 -7.350794e-03 -1.559969e-01  1.261589e-02
-1.44828e+00 -1.03448e+00       2.612e+13  9.887649e-01 -1.074574e-02 -1.466410e-01  1.123512e-02
-1.03448e+00 -1.03448e+00       1.686e+13  9.903738e-01 -1.298348e-02 -1.342608e-01  9.626183e-03
-6.20690e-01 -1.03448e+00       7.200e+12  9.926553e-01 -1.387365e-02 -1.106610e-01  7.344709e-03
-2.06897e-01 -1.03448e+00       3.129e+12  9.961381e-01 -1.190131e-02 -4.687923e-02  3.861852e-03
 2.06897e-01 -1.03448e+00       3.240e+12  9.962623e-01 -3.328663e-03  4.990700e-02  3.737747e-03
 6.20690e-01 -1.03448e+00       7.744e+12  9.935334e-01  5.256303e-04  1.048291e-01  6.466566e-03
 1.03448e+00 -1.03448e+00       1.802e+13  9.918601e-01 -3.177902e-03  1.237621e-01  8.139865e-03
 1.44828e+00 -1.03448e+00       2.712e+13  9.906001e-01 -8.080134e-03  1.340837e-01  9.399880e-03
 1.86207e+00 -1.03448e+00       2.415e+13  9.894018e-01 -1.248695e-02  1.425447e-01  1.059820e-02
 2.27586e+00 -1.03448e+00       1.248e+13  9.881104e-01 -1.608531e-02  1.505903e-01  1.188957e-02
 2.68966e+00 -1.03448e+00       4.012e+12  9.863270e-01 -1.823508e-02  1.597371e-01  1.367295e-02
 3.10345e+00 -1.03448e+00       1.617e+12  9.849408e-01 -1.538273e-02  1.653467e-01  1.505925e-02
 3.51724e+00 -1.03448e+00       1.577e+12  9.859527e-01 -1.277186e-02  1.612924e-01  1.404726e-02
 3.93103e+00 -1.03448e+00       1.256e+12  9.855947e-01 -1.306987e-02  1.619257e-01  1.440530e-02
 4.34483e+00 -1.03448e+00       6.054e+11  9.804004e-01 -1.095204e-02  1.749658e-01  1.959965e-02
 4.75862e+00 -1.03448e+00       2.512e+11  9.616514e-01  1.016484e-02  2.205620e-01  3.834862e-02
 5.17241e+00 -1.03448e+00       1.888e+11  9.458149e-01  3.338669e-02  2.649836e-01  5.418513e-02
 5.58621e+00 -1.03448e+00       1.978e+11  9.351084e-01  2.470442e-02  2.878041e-01  6.489157e-02
 6.00000e+00 -1.03448e+00       1.720e+11  8.969940e-01  2.221607e-02  3.288873e-01  1.030060e-01
-6.00000e+00 -6.20690e-01       1.430e+11  9.377268e-01  1.698486e-02 -1.853462e-01  6.227322e-02
-5.58621e+00 -6.20690e-01       1.541e+11  9.634516e-01  2.846926e-03 -1.678219e-01  3.654843e-02
-5.17241e+00 -6.20690e-01       1.388e+11  9.670112e-01  1.844245e-03 -1.777308e-01  3.298876e-02
-4.75862e+00 -6.20690e-01       2.220e+11  9.781303e-01  9.382514e-03 -1.513399e-01  2.186971e-02
-4.34483e+00 -6.20690e-01       6.247e+11  9.891954e-01  9.401935e-03 -1.270453e-01  1.080458e-02
-3.93103e+00 -6.20690e-01       1.303e+12  9.917816e-01  8.803256e-03 -1.221505e-01  8.218395e-03
-3.51724e+00 -6.20690e-01       1.745e+12  9.920248e-01  7.632892e-03 -1.226102e-01  7.975210e-03
-3.10345e+00 -6.20690e-01       2.620e+12  9.920743e-01  3.061431e-03 -1.225606e-01  7.925650e-03
-2.68966e+00 -6.20690e-01       6.947e+12  9.927680e-01 -2.273897e-03 -1.178871e-01  7.232035e-03
-2.27586e+00 -6.20690e-01       1.593e+13  9.933545e-01 -5.507319e-03 -1.133075e-01  6.645499e-03
-1.86207e+00 -6.20690e-01       2.227e+13  9.938883e-01 -7.843696e-03 -1.084884e-01  6.111693e-03
-1.44828e+00 -6.20690e-01       1.823e+13  9.945259e-01 -9.449786e-03 -1.019322e-01  5.474097e-03
-1.03448e+00 -6.20690e-01       9.611e+12  9.956384e-01 -9.457425e-03 -8.756717e-02  4.361614e-03
-6.20690e-01 -6.20690e-01       5.095e+12  9.978597e-01 -5.512487e-03 -5.009316e-02  2.140281e-03
-2.06897e-01 -6.20690e-01       4.420e+12  9.993894e-01 -1.835920e-03 -1.158830e-02  6.105549e-04
 2.06897e-01 -6.20690e-01       4.525e+12  9.993976e-01 -1.765826e-03  1.341799e-02  6.023605e-04
 6.20690e-01 -6.20690e-01       5.461e+12  9.981385e-01 -2.125932e-03  4.791625e-02  1.861517e-03
 1.03448e+00 -6.20690e-01       1.046e+13  9.965123e-01 -3.133966e-03  7.868594e-02  3.487704e-03
 1.44828e+00 -6.20690e-01       1.940e+13  9.957464e-01 -5.745694e-03  8.987413e-02  4.253646e-03
 1.86207e+00 -6.20690e-01       2.272e+13  9.952945e-01 -8.560273e-03  9.494070e-02  4.705534e-03
 2.27586e+00 -6.20690e-01       1.521e+13  9.948711e-01 -1.100692e-02  9.894028e-02  5.128933e-03
 2.68966e+00 -6.20690e-01       5.914e+12  9.943246e-01 -1.277935e-02  1.031555e-01  5.675403e-03
 3.10345e+00 -6.20690e-01       1.970e+12  9.937234e-01 -1.212529e-02  1.062115e-01  6.276626e-03
 3.51724e+00 -6.20690e-01       1.514e+12  9.941512e-01 -9.259054e-03  1.027504e-01  5.848822e-03
 3.93103e+00 -6.20690e-01       1.313e+12  9.942975e-01 -8.575807e-03  1.017785e-01  5.702546e-03
 4.34483e+00 -6.20690e-01       6.993e+11  9.930249e-01 -7.381379e-03  1.066434e-01  6.975104e-03
 4.75862e+00 -6.20690e-01       2.718e+11  9.875087e-01  1.899632e-04  1.262903e-01  1.249125e-02
 5.17241e+00 -6.20690e-01       1.649e+11  9.805501e-01  1.526199e-02  1.549453e-01  1.944988e-02
 5.58621e+00 -6.20690e-01       1.813e+11  9.768479e-01  2.098398e-02  1.696363e-01  2.315205e-02
 6.00000e+00 -6.20690e-01       1.655e+11  9.611670e-01  2.237865e-02  1.919019e-01  3.883298e-02
-6.00000e+00 -2.06897e-01       1.431e+11  9.885889e-01  1.081773e-02 -7.830316e-02  1.141109e-02
-5.58621e+00 -2.06897e-01       1.479e+11  9.936873e-01  4.922929e-03 -6.452866e-02  6.312658e-03
-5.17241e+00 -2.06897e-01       1.310e+11  9.943125e-01 -3.216883e-03 -6.663583e-02  5.687517e-03
-4.75862e+00 -2.06897e-01       2.352e+11  9.962487e-01 -9.186779e-04 -5.932025e-02  3.751301e-03
-4.34483e+00 -2.06897e-01       6.775e+11  9.980040e-01  3.160036e-03 -5.217643e-02  1.996023e-03
-3.93103e+00 -2.06897e-01       1.349e+12  9.983615e-01  4.014699e-03 -5.126395e-02  1.638452e-03
-3.51724e+00 -2.06897e-01       1.784e+12  9.982767e-01  2.164520e-03 -5.323348e-02  1.723285e-03
-3.10345e+00 -2.06897e-01       2.967e+12  9.983742e-01 -2.909843e-03 -5.261294e-02  1.625814e-03
-2.68966e+00 -2.06897e-01       7.911e+12  9.986888e-01 -5.326410e-03 -4.826797e-02  1.311175e-03
-2.27586e+00 -2.06897e-01       1.644e+13  9.988580e-01 -5.856190e-03 -4.531483e-02  1.142008e-03
-1.86207e+00 -2.06897e-01       2.034e+13  9.989750e-01 -6.038800e-03 -4.280800e-02  1.025037e-03
-1.44828e+00 -2.06897e-01       1.479e+13  9.991054e-01 -5.901385e-03 -3.955604e-02  8.946106e-04
-1.03448e+00 -2.06897e-01       7.422e+12  9.993348e-01 -4.786038e-03 -3.249901e-02  6.651535e-04
-6.20690e-01 -2.06897e-01       4.336e+12  9.996898e-01 -2.122161e-03 -1.808905e-02  3.102065e-04
-2.06897e-01 -2.06897e-01       3.931e+12  9.998683e-01 -8.253098e-04 -5.278168e-03  1.317011e-04
 2.06897e-01 -2.06897e-01       4.083e+12  9.998837e-01 -1.470392e-03  4.290841e-03  1.163156e-04
 6.20690e-01 -2.06897e-01       4.760e+12  9.997913e-01 -3.043805e-03  1.441350e-02  2.087395e-04
 1.03448e+00 -2.06897e-01       8.215e+12  9.996159e-01 -4.700768e-03  2.414264e-02  3.840529e-04
 1.44828e+00 -2.06897e-01       1.598e+13  9.995123e-01 -5.703795e-03  2.829837e-02  4.877051e-04
 1.86207e+00 -2.06897e-01       2.109e+13  9.994612e-01 -6.305101e-03  2.983406e-02  5.388385e-04
 2.27586e+00 -2.06897e-01       1.601e+13  9.994178e-01 -6.637418e-03  3.081708e-02  5.822353e-04
 2.68966e+00 -2.06897e-01       6.931e+12  9.993507e-01 -6.630979e-03  3.175149e-02  6.493243e-04
 3.10345e+00 -2.06897e-01       2.260e+12  9.992479e-01 -5.913513e-03  3.153641e-02  7.520592e-04
 3.51724e+00 -2.06897e-01       1.501e+12  9.993404e-01 -4.547405e-03  2.816082e-02  6.596009e-04
 3.93103e+00 -2.06897e-01       1.332e+12  9.994263e-01 -3.598956e-03  2.730324e-02  5.736987e-04
 4.34483e+00 -2.06897e-01       7.464e+11  9.993044e-01 -2.233788e-03  2.840165e-02  6.955730e-04
 4.75862e+00 -2.06897e-01       2.901e+11  9.986602e-01  1.130364e-03  3.195593e-02  1.339826e-03
 5.17241e+00 -2.06897e-01       1.692e+11  9.978896e-01  7.315733e-03  3.694697e-02  2.110354e-03
 5.58621e+00 -2.06897e-01       1.894e+11  9.976916e-01  1.027159e-02  4.327323e-02  2.308415e-03
 6.00000e+00 -2.06897e-01       1.726e+11  9.959597e-01  9.801332e-03  5.408708e-02  4.040292e-03
-6.00000e+00  2.06897e-01       1.425e+11  9.923184e-01 -2.819061e-02  5.028483e-02  7.681562e-03
-5.58621e+00  2.06897e-01       1.474e+11  9.955392e-01 -2.408217e-02  3.920019e-02  4.460838e-03
-5.17241e+00  2.06897e-01       1.304e+11  9.965880e-01 -2.154260e-02  3.888802e-02  3.412026e-03
-4.75862e+00  2.06897e-01       2.351e+11  9.982862e-01 -1.138131e-02  3.243114e-02  1.713849e-03
-4.34483e+00  2.06897e-01       6.790e+11  9.992222e-01 -3.697203e-03  2.707789e-02  7.777962e-04
-3.93103e+00  2.06897e-01       1.353e+12  9.993929e-01 -1.650522e-03  2.506745e-02  6.071422e-04
-3.51724e+00  2.06897e-01       1.792e+12  9.994321e-01 -3.541157e-03  2.220251e-02  5.678701e-04
-3.10345e+00  2.06897e-01       2.978e+12  9.994697e-01 -8.008595e-03  2.312008e-02  5.302879e-04
-2.68966e+00  2.06897e-01       7.912e+12  9.994727e-01 -7.661432e-03  2.730438e-02  5.273104e-04
-2.27586e+00  2.06897e-01       1.642e+13  9.994738e-01 -5.593651e-03  2.889917e-02  5.262017e-04
-1.86207e+00  2.06897e-01       2.030e+13  9.994874e-01 -3.652758e-03  2.908318e-02  5.125873e-04
-1.44828e+00  2.06897e-01       1.476e+13  9.995223e-01 -1.999071e-03  2.798825e-02  4.777158e-04
-1.03448e+00  2.06897e-01       7.376e+12  9.996279e-01 -1.087337e-03  2.269452e-02  3.720951e-04
-6.20690e-01  2.06897e-01       4.262e+12  9.998240e-01 -2.125595e-03  9.670051e-03  1.759843e-04
-2.06897e-01  2.06897e-01       3.841e+12  9.999009e-01 -4.031076e-03 -8.782516e-04  9.911458e-05
 2.06897e-01  2.06897e-01       3.995e+12  9.998598e-01 -5.162367e-03 -7.988392e-03  1.401667e-04
 6.20690e-01  2.06897e-01       4.692e+12  9.996648e-01 -6.095344e-03 -1.838599e-02  3.351835e-04
 1.03448e+00  2.06897e-01       8.183e+12  9.993195e-01 -7.067624e-03 -3.196440e-02  6.805072e-04
 1.44828e+00  2.06897e-01       1.599e+13  9.991307e-01 -6.196179e-03 -3.855890e-02  8.693193e-04
 1.86207e+00  2.06897e-01       2.112e+13  9.990405e-01 -4.382358e-03 -4.120789e-02  9.594599e-04
 2.27586e+00  2.06897e-01       1.605e+13  9.989614e-01 -2.362480e-03 -4.306868e-02  1.038633e-03
 2.68966e+00  2.06897e-01       6.952e+12  9.988563e-01 -2.577495e-04 -4.498548e-02  1.143709e-03
 3.10345e+00  2.06897e-01       2.268e+12  9.986322e-01  1.140850e-03 -4.841423e-02  1.367766e-03
 3.51724e+00  2.06897e-01       1.504e+12  9.984725e-01  3.376749e-04 -5.159679e-02  1.527517e-03
 3.93103e+00  2.06897e-01       1.334e+12  9.984818e-01  1.076609e-03 -5.157177e-02  1.518241e-03
 4.34483e+00  2.06897e-01       7.477e+11  9.981786e-01  2.946289e-03 -5.328618e-02  1.821396e-03
 4.75862e+00  2.06897e-01       2.913e+11  9.965458e-01  2.951708e-03 -6.496988e-02  3.454238e-03
 5.17241e+00  2.06897e-01       1.704e+11  9.938613e-01 -5.882069e-03 -9.015849e-02  6.138729e-03
 5.58621e+00  2.06897e-01       1.907e+11  9.930971e-01 -9.692046e-03 -9.724209e-02  6.902857e-03
 6.00000e+00  2.06897e-01       1.737e+11  9.896836e-01 -7.344462e-03 -1.039249e-01  1.031641e-02
-6.00000e+00  6.20690e-01       1.414e+11  9.444506e-01 -3.329391e-02  1.559071e-01  5.554939e-02
-5.58621e+00  6.20690e-01       1.522e+11  9.669984e-01 -1.713844e-02  1.422368e-01  3.300161e-02
-5.17241e+00  6.20690e-01       1.367e+11  9.720889e-01 -2.217444e-02  1.533340e-01  2.791112e-02
-4.75862e+00  6.20690e-01       2.209e+11  9.836623e-01 -2.276982e-02  1.268894e-01  1.633773e-02
-4.34483e+00  6.20690e-01       6.283e+11  9.926810e-01 -1.122803e-02  1.030430e-01  7.318972e-03
-3.93103e+00  6.20690e-01       1.315e+12  9.946211e-01 -7.061885e-03  9.746657e-02  5.378932e-03
-3.51724e+00  6.20690e-01       1.768e+12  9.951250e-01 -8.282365e-03  9.379423e-02  4.874975e-03
-3.10345e+00  6.20690e-01       2.650e+12  9.951722e-01 -1.263637e-02  9.349993e-02  4.827812e-03
-2.68966e+00  6.20690e-01       6.952e+12  9.949920e-01 -1.049835e-02  9.704441e-02  5.007989e-03
-2.27586e+00  6.20690e-01       1.586e+13  9.950736e-01 -5.997585e-03  9.719467e-02  4.926427e-03
-1.86207e+00  6.20690e-01       2.214e+13  9.953166e-01 -2.014432e-03  9.502300e-02  4.683379e-03
-1.44828e+00  6.20690e-01       1.811e+13  9.957026e-01  1.236164e-03  9.054832e-02  4.297420e-03
-1.03448e+00  6.20690e-01       9.505e+12  9.964998e-01  3.001841e-03  7.811730e-02  3.500243e-03
-6.20690e-01  6.20690e-01       4.923e+12  9.982595e-01  8.334428e-04  4.189295e-02  1.740519e-03
-2.06897e-01  6.20690e-01       4.184e+12  9.994776e-01 -2.673369e-03  3.653603e-03  5.224079e-04
 2.06897e-01  6.20690e-01       4.293e+12  9.992633e-01 -4.005324e-03 -2.041817e-02  7.367005e-04
 6.20690e-01  6.20690e-01       5.303e+12  9.975569e-01 -6.981617e-03 -5.599445e-02  2.443051e-03
 1.03448e+00  6.20690e-01       1.041e+13  9.955549e-01 -8.567601e-03 -8.844865e-02  4.445091e-03
 1.44828e+00  6.20690e-01       1.946e+13  9.946716e-01 -5.630069e-03 -1.004024e-01  5.328423e-03
 1.86207e+00  6.20690e-01       2.284e+13  9.941380e-01 -1.516759e-03 -1.061169e-01  5.862003e-03
 2.27586e+00  6.20690e-01       1.532e+13  9.936196e-01  2.632754e-03 -1.108431e-01  6.380366e-03
 2.68966e+00  6.20690e-01       5.975e+12  9.929686e-01  6.599486e-03 -1.160247e-01  7.031398e-03
 3.10345e+00  6.20690e-01       1.995e+12  9.919676e-01  7.779885e-03 -1.232942e-01  8.032394e-03
 3.51724e+00  6.20690e-01       1.525e+12  9.917632e-01  4.798344e-03 -1.252452e-01  8.236756e-03
 3.93103e+00  6.20690e-01       1.319e+12  9.917253e-01  5.694340e-03 -1.246077e-01  8.274656e-03
 4.34483e+00  6.20690e-01       7.025e+11  9.898053e-01  7.586401e-03 -1.305278e-01  1.019469e-02
 4.75862e+00  6.20690e-01       2.745e+11  9.810621e-01  1.551802e-03 -1.593662e-01  1.893787e-02
 5.17241e+00  6.20690e-01       1.681e+11  9.685130e-01 -1.860959e-02 -2.070942e-01  3.148696e-02
 5.58621e+00  6.20690e-01       1.854e+11  9.628813e-01 -2.167880e-02 -2.239514e-01  3.711873e-02
 6.00000e+00  6.20690e-01       1.697e+11  9.428627e-01 -2.099302e-02 -2.426143e-01  5.713732e-02
-6.00000e+00  1.03448e+00       1.616e+11  8.596577e-01  2.472987e-02  3.130508e-01  1.403423e-01
-5.58621e+00  1.03448e+00       1.856e+11  9.079128e-01 -4.054247e-03  3.032068e-01  9.208716e-02
-5.17241e+00  1.03448e+00       1.617e+11  9.226228e-01 -4.766181e-02  2.869681e-01  7.737718e-02
-4.75862e+00  1.03448e+00       1.972e+11  9.479700e-01 -5.030986e-02  2.224563e-01  5.202997e-02
-4.34483e+00  1.03448e+00       5.252e+11  9.785764e-01 -2.076207e-02  1.685747e-01  2.142363e-02
-3.93103e+00  1.03448e+00       1.218e+12  9.860493e-01 -1.243254e-02  1.570284e-01  1.395070e-02
-3.51724e+00  1.03448e+00       1.747e+12  9.876274e-01 -1.229672e-02  1.522111e-01  1.237259e-02
-3.10345e+00  1.03448e+00       2.192e+12  9.880980e-01 -1.686278e-02  1.488896e-01  1.190204e-02
-2.68966e+00  1.03448e+00       5.067e+12  9.881181e-01 -1.525968e-02  1.498415e-01  1.188186e-02
-2.27586e+00  1.03448e+00       1.355e+13  9.886010e-01 -8.691306e-03  1.479925e-01  1.139901e-02
-1.86207e+00  1.03448e+00       2.417e+13  9.894182e-01 -2.801514e-03  1.429381e-01  1.058182e-02
-1.44828e+00  1.03448e+00       2.590e+13  9.904632e-01  2.011035e-03  1.354330e-01  9.536844e-03
-1.03448e+00  1.03448e+00       1.677e+13  9.917622e-01  5.593383e-03  1.245094e-01  8.237791e-03
-6.20690e-01  1.03448e+00       7.168e+12  9.936460e-01  7.766693e-03  1.020982e-01  6.353979e-03
-2.06897e-01  1.03448e+00       3.061e+12  9.963401e-01  6.884659e-03  3.781887e-02  3.659931e-03
 2.06897e-01  1.03448e+00       3.166e+12  9.953526e-01 -4.923950e-03 -6.276761e-02  4.647382e-03
 6.20690e-01  1.03448e+00       7.736e+12  9.921927e-01 -1.195711e-02 -1.160149e-01  7.807284e-03
 1.03448e+00  1.03448e+00       1.811e+13  9.904716e-01 -8.157358e-03 -1.339235e-01  9.528390e-03
 1.44828e+00  1.03448e+00       2.731e+13  9.891474e-01 -2.204217e-03 -1.442277e-01  1.085262e-02
 1.86207e+00  1.03448e+00       2.437e+13  9.878310e-01  3.618892e-03 -1.530814e-01  1.216902e-02
 2.27586e+00  1.03448e+00       1.264e+13  9.863970e-01  9.117189e-03 -1.617062e-01  1.360303e-02
 2.68966e+00  1.03448e+00       4.090e+12  9.844204e-01  1.388188e-02 -1.721099e-01  1.557960e-02
 3.10345e+00  1.03448e+00       1.644e+12  9.821416e-01  1.181988e-02 -1.835627e-01  1.785836e-02
 3.51724e+00  1.03448e+00       1.582e+12  9.824995e-01  8.319218e-03 -1.825677e-01  1.750051e-02
 3.93103e+00  1.03448e+00       1.257e+12  9.819290e-01  1.018600e-02 -1.828801e-01  1.807103e-02
 4.34483e+00  1.03448e+00       6.083e+11  9.753817e-01  1.125726e-02 -1.976460e-01  2.461833e-02
 4.75862e+00  1.03448e+00       2.552e+11  9.512780e-01 -9.686180e-03 -2.529715e-01  4.872201e-02
 5.17241e+00  1.03448e+00       1.917e+11  9.289890e-01 -4.395556e-02 -3.072025e-01  7.101096e-02
 5.58621e+00  1.03448e+00       2.005e+11  9.131652e-01 -3.813696e-02 -3.318018e-01  8.683485e-02
 6.00000e+00  1.03448e+00       1.755e+11  8.650097e-01 -3.744605e-02 -3.761459e-01  1.349903e-01
-6.00000e+00  1.44828e+00       1.973e+11  6.819480e-01 -5.839427e-02  4.710302e-01  3.180520e-01
-5.58621e+00  1.44828e+00       2.138e+11  8.048535e-01 -9.969814e-02  3.860883e-01  1.951465e-01
-5.17241e+00  1.44828e+00       1.756e+11  8.577327e-01 -9.574726e-02  3.393055e-01  1.422673e-01
-4.75862e+00  1.44828e+00       1.689e+11  8.897590e-01 -6.558980e-02  3.043071e-01  1.102410e-01
-4.34483e+00  1.44828e+00       3.875e+11  9.541908e-01 -2.977493e-02  2.237892e-01  4.580921e-02
-3.93103e+00  1.44828e+00       1.023e+12  9.766325e-01 -1.783266e-02  1.958365e-01  2.336751e-02
-3.51724e+00  1.44828e+00       1.707e+12  9.809517e-01 -1.563869e-02  1.880424e-01  1.904828e-02
-3.10345e+00  1.44828e+00       1.916e+12  9.821216e-01 -1.917615e-02  1.826235e-01  1.787840e-02
-2.68966e+00  1.44828e+00       2.928e+12  9.826411e-01 -2.220525e-02  1.790748e-01  1.735889e-02
-2.27586e+00  1.44828e+00       8.355e+12  9.840674e-01 -1.506379e-02  1.732274e-01  1.593256e-02
-1.86207e+00  1.44828e+00       2.088e+13  9.859111e-01 -7.282284e-03  1.635395e-01  1.408887e-02
-1.44828e+00  1.44828e+00       3.438e+13  9.880491e-01 -9.950659e-04  1.497730e-01  1.195091e-02
-1.03448e+00  1.44828e+00       3.690e+13  9.906066e-01  3.188210e-03  1.299158e-01  9.393444e-03
-6.20690e-01  1.44828e+00       2.810e+13  9.935837e-01  3.789495e-03  9.814018e-02  6.416299e-03
-2.06897e-01  1.44828e+00       1.959e+13  9.962644e-01 -1.635734e-03  3.663406e-02  3.735629e-03
 2.06897e-01  1.44828e+00       2.012e+13  9.958066e-01 -8.075134e-03 -5.166527e-02  4.193422e-03
 6.20690e-01  1.44828e+00       2.960e+13  9.927379e-01 -5.937365e-03 -1.079967e-01  7.262113e-03
 1.03448e+00  1.44828e+00       3.858e+13  9.896663e-01 -2.294690e-04 -1.371620e-01  1.033374e-02
 1.44828e+00  1.44828e+00       3.488e+13  9.868609e-01  5.660911e-03 -1.570319e-01  1.313907e-02
 1.86207e+00  1.44828e+00       2.001e+13  9.841157e-01  1.124313e-02 -1.733638e-01  1.588435e-02
 2.27586e+00  1.44828e+00       7.162e+12  9.808784e-01  1.660670e-02 -1.896328e-01  1.912157e-02
 2.68966e+00  1.44828e+00       2.112e+12  9.759008e-01  1.883691e-02 -2.110550e-01  2.409917e-02
 3.10345e+00  1.44828e+00       1.544e+12  9.745166e-01  1.197723e-02 -2.184312e-01  2.548339e-02
 3.51724e+00  1.44828e+00       1.644e+12  9.754634e-01  1.137805e-02 -2.150848e-01  2.453658e-02
 3.93103e+00  1.44828e+00       1.097e+12  9.725012e-01  1.426085e-02 -2.203409e-01  2.749878e-02
 4.34483e+00  1.44828e+00       4.701e+11  9.542269e-01  1.272453e-02 -2.547507e-01  4.577312e-02
 4.75862e+00  1.44828e+00       2.267e+11  9.050844e-01 -2.243927e-02 -3.498404e-01  9.491560e-02
 5.17241e+00  1.44828e+00       2.309e+11  8.758782e-01 -5.887676e-02 -4.103457e-01  1.241218e-01
 5.58621e+00  1.44828e+00       2.624e+11  8.356203e-01 -5.640855e-02 -4.463039e-01  1.643797e-01
 6.00000e+00  1.44828e+00       2.223e+11  7.262969e-01 -3.822261e-02 -5.258393e-01  2.737031e-01
-6.00000e+00  1.86207e+00       1.885e+11  5.875563e-01  3.126456e-03  5.198782e-01  4.124437e-01
-5.58621e+00  1.86207e+00       2.399e+11  7.613035e-01 -9.599339e-03  4.593298e-01  2.386965e-01
-5.17241e+00  1.86207e+00       2.242e+11  8.204266e-01 -4.977400e-02  4.323934e-01  1.795734e-01
-4.75862e+00  1.86207e+00       1.807e+11  8.307507e-01 -8.306546e-02  4.040035e-01  1.692493e-01
-4.34483e+00  1.86207e+00       2.586e+11  9.026644e-01 -5.155061e-02  2.890645e-01  9.733558e-02
-3.93103e+00  1.86207e+00       7.147e+11  9.648967e-01 -2.295760e-02  2.143168e-01  3.510332e-02
-3.51724e+00  1.86207e+00       1.511e+12  9.778883e-01 -1.756613e-02  1.971249e-01  2.211169e-02
-3.10345e+00  1.86207e+00       1.926e+12  9.806144e-01 -1.914779e-02  1.893644e-01  1.938560e-02
-2.68966e+00  1.86207e+00       1.874e+12  9.809965e-01 -2.610514e-02  1.843606e-01  1.900352e-02
-2.27586e+00  1.86207e+00       3.056e+12  9.824603e-01 -2.622484e-02  1.747240e-01  1.753966e-02
-1.86207e+00  1.86207e+00       8.840e+12  9.864292e-01 -1.746744e-02  1.553029e-01  1.357078e-02
-1.44828e+00  1.86207e+00       2.293e+13  9.897803e-01 -9.330380e-03  1.343532e-01  1.021969e-02
-1.03448e+00  1.86207e+00       4.303e+13  9.928036e-01 -2.400457e-03  1.078719e-01  7.196358e-03
-6.20690e-01  1.86207e+00       5.979e+13  9.956314e-01  2.510540e-03  7.131268e-02  4.368586e-03
-2.06897e-01  1.86207e+00       6.771e+13  9.974906e-01  5.067413e-03  2.387604e-02  2.509420e-03
 2.06897e-01  1.86207e+00       6.799e+13  9.973817e-01  6.363262e-03 -2.833569e-02  2.618336e-03
 6.20690e-01  1.86207e+00       6.006e+13  9.952989e-01  7.988969e-03 -7.530396e-02  4.701059e-03
 1.03448e+00  1.86207e+00       4.243e+13  9.921231e-01  1.043140e-02 -1.126212e-01  7.876934e-03
 1.44828e+00  1.86207e+00       2.157e+13  9.883921e-01  1.349526e-02 -1.425737e-01  1.160787e-02
 1.86207e+00  1.86207e+00       7.499e+12  9.835321e-01  1.728791e-02 -1.710823e-01  1.646789e-02
 2.27586e+00  1.86207e+00       2.124e+12  9.753422e-01  2.075094e-02 -2.076753e-01  2.465784e-02
 2.68966e+00  1.86207e+00       1.361e+12  9.714316e-01  1.544509e-02 -2.261043e-01  2.856839e-02
 3.10345e+00  1.86207e+00       1.753e+12  9.741998e-01  1.294860e-02 -2.186582e-01  2.580023e-02
 3.51724e+00  1.86207e+00       1.546e+12  9.734773e-01  1.540143e-02 -2.195530e-01  2.652270e-02
 3.93103e+00  1.86207e+00       8.127e+11  9.628779e-01  1.846245e-02 -2.394157e-01  3.712212e-02
 4.34483e+00  1.86207e+00       3.388e+11  9.179521e-01  2.230273e-03 -3.185959e-01  8.204791e-02
 4.75862e+00  1.86207e+00       2.326e+11  8.631814e-01 -5.145742e-02 -4.204828e-01  1.368186e-01
 5.17241e+00  1.86207e+00       2.606e+11  8.467162e-01 -6.018343e-02 -4.526284e-01  1.532838e-01
 5.58621e+00  1.86207e+00       2.623e+11  7.925661e-01 -4.625018e-02 -4.896086e-01  2.074339e-01
 6.00000e+00  1.86207e+00       2.047e+11  6.303912e-01 -4.723559e-02 -5.703851e-01  3.696088e-01
-6.00000e+00  2.27586e+00       2.297e+11  3.682416e-01  1.522952e-02  6.353290e-01  6.317584e-01
-5.58621e+00  2.27586e+00       2.692e+11  6.345390e-01 -4.455812e-02  5.097983e-01  3.654610e-01
-5.17241e+00  2.27586e+00       2.642e+11  7.733661e-01 -4.965648e-02  4.458902e-01  2.266339e-01
-4.75862e+00  2.27586e+00       2.145e+11  8.056974e-01 -6.655964e-02  4.385378e-01  1.943026e-01
-4.34483e+00  2.27586e+00       1.950e+11  8.217410e-01 -7.284813e-02  3.876888e-01  1.782590e-01
-3.93103e+00  2.27586e+00       3.906e+11  9.313091e-01 -3.536305e-02  2.328120e-01  6.869094e-02
-3.51724e+00  2.27586e+00       1.041e+12  9.766196e-01 -2.069414e-02  1.762784e-01  2.338035e-02
-3.10345e+00  2.27586e+00       1.827e+12  9.848239e-01 -1.977904e-02  1.603847e-01  1.517614e-02
-2.68966e+00  2.27586e+00       1.942e+12  9.865528e-01 -2.442273e-02  1.512242e-01  1.344724e-02
-2.27586e+00  2.27586e+00       1.627e+12  9.851154e-01 -3.320909e-02  1.514495e-01  1.488460e-02
-1.86207e+00  2.27586e+00       1.909e+12  9.836477e-01 -3.065028e-02  1.521650e-01  1.635230e-02
-1.44828e+00  2.27586e+00       3.439e+12  9.886061e-01 -2.133845e-02  1.172607e-01  1.139391e-02
-1.03448e+00  2.27586e+00       7.156e+12  9.945695e-01 -1.910226e-02  7.056721e-02  5.430548e-03
-6.20690e-01  2.27586e+00       1.324e+13  9.974277e-01 -1.663272e-02  3.539340e-02  2.572255e-03
-2.06897e-01  2.27586e+00       1.833e+13  9.982164e-01 -1.198258e-02  4.310198e-03  1.783585e-03
 2.06897e-01  2.27586e+00       1.795e+13  9.976939e-01 -7.054543e-03 -2.850182e-02  2.306088e-03
 6.20690e-01  2.27586e+00       1.233e+13  9.957144e-01 -2.071490e-03 -6.438080e-02  4.285649e-03
 1.03448e+00  2.27586e+00       6.128e+12  9.912743e-01  4.696251e-03 -1.071951e-01  8.725651e-03
 1.44828e+00  2.27586e+00       2.508e+12  9.824330e-01  1.363226e-02 -1.623689e-01  1.756696e-02
 1.86207e+00  2.27586e+00       1.148e+12  9.716917e-01  1.837621e-02 -2.104684e-01  2.830834e-02
 2.27586e+00  2.27586e+00       1.123e+12  9.747706e-01  1.465298e-02 -1.986943e-01  2.522944e-02
 2.68966e+00  2.27586e+00       1.725e+12  9.809334e-01  1.279832e-02 -1.803462e-01  1.906663e-02
 3.10345e+00  2.27586e+00       1.825e+12  9.815181e-01  1.472976e-02 -1.797047e-01  1.848191e-02
 3.51724e+00  2.27586e+00       1.137e+12  9.749552e-01  1.886924e-02 -1.951943e-01  2.504482e-02
 3.93103e+00  2.27586e+00       4.903e+11  9.413367e-01  1.665697e-02 -2.600986e-01  5.866330e-02
 4.34483e+00  2.27586e+00       2.612e+11  8.677459e-01 -2.482803e-02 -3.940903e-01  1.322541e-01
 4.75862e+00  2.27586e+00       2.650e+11  8.397342e-01 -6.021283e-02 -4.599130e-01  1.602658e-01
 5.17241e+00  2.27586e+00       3.177e+11  8.098473e-01 -5.302635e-02 -4.949612e-01  1.901527e-01
 5.58621e+00  2.27586e+00       3.071e+11  6.988605e-01 -4.041585e-02 -5.629328e-01  3.011395e-01
 6.00000e+00  2.27586e+00       2.397e+11  4.634851e-01 -1.550483e-02 -6.806838e-01  5.365149e-01
-6.00000e+00  2.68966e+00       2.431e+11  2.338005e-01  3.907119e-02  6.938297e-01  7.661995e-01
-5.58621e+00  2.68966e+00       3.093e+11  5.189119e-01 -4.497513e-02  5.954843e-01  4.810881e-01
-5.17241e+00  2.68966e+00       3.314e+11  7.068267e-01 -6.316735e-02  4.949875e-01  2.931733e-01
-4.75862e+00  2.68966e+00       2.829e+11  7.946129e-01 -6.704518e-02  4.463299e-01  2.053871e-01
-4.34483e+00  2.68966e+00       2.163e+11  7.924299e-01 -7.834248e-02  4.446117e-01  2.075701e-01
-3.93103e+00  2.68966e+00       2.120e+11  8.305162e-01 -6.227041e-02  3.360476e-01  1.694838e-01
-3.51724e+00  2.68966e+00       4.691e+11  9.530466e-01 -2.423008e-02  1.484731e-01  4.695344e-02
-3.10345e+00  2.68966e+00       1.187e+12  9.888019e-01 -1.735887e-02  9.122888e-02  1.119807e-02
-2.68966e+00  2.68966e+00       1.920e+12  9.943280e-01 -2.056960e-02  6.936932e-02  5.671982e-03
-2.27586e+00  2.68966e+00       1.878e+12  9.946743e-01 -2.891962e-02  5.427240e-02  5.325700e-03
-1.86207e+00  2.68966e+00       1.361e+12  9.920938e-01 -4.296211e-02  5.201141e-02  7.906185e-03
-1.44828e+00  2.68966e+00       1.244e+12  9.895701e-01 -5.239249e-02  6.530259e-02  1.042990e-02
-1.03448e+00  2.68966e+00       1.742e+12  9.915156e-01 -4.594392e-02  6.621891e-02  8.484385e-03
-6.20690e-01  2.68966e+00       2.459e+12  9.940320e-01 -3.049106e-02  5.013547e-02  5.968005e-03
-2.06897e-01  2.68966e+00       2.861e+12  9.953168e-01 -1.550040e-02  1.752047e-02  4.683202e-03
 2.06897e-01  2.68966e+00       2.700e+12  9.944707e-01 -9.414099e-03 -2.840840e-02  5.529296e-03
 6.20690e-01  2.68966e+00       2.031e+12  9.903603e-01 -1.305242e-02 -7.924871e-02  9.639723e-03
 1.03448e+00  2.68966e+00       1.201e+12  9.815398e-01 -1.723488e-02 -1.299841e-01  1.846018e-02
 1.44828e+00  2.68966e+00       7.460e+11  9.726829e-01 -5.064693e-03 -1.523784e-01  2.731710e-02
 1.86207e+00  2.68966e+00       1.009e+12  9.835029e-01  1.022469e-02 -1.029196e-01  1.649706e-02
 2.27586e+00  2.68966e+00       1.721e+12  9.920284e-01  1.264810e-02 -7.983914e-02  7.971646e-03
 2.68966e+00  2.68966e+00       1.922e+12  9.933136e-01  1.546061e-02 -8.278942e-02  6.686353e-03
 3.10345e+00  2.68966e+00       1.279e+12  9.883640e-01  2.068303e-02 -1.037938e-01  1.163602e-02
 3.51724e+00  2.68966e+00       5.813e+11  9.609719e-01  2.421139e-02 -1.743833e-01  3.902811e-02
 3.93103e+00  2.68966e+00       2.940e+11  8.848548e-01 -4.478517e-03 -3.358245e-01  1.151452e-01
 4.34483e+00  2.68966e+00       2.710e+11  8.425079e-01 -5.365598e-02 -4.367603e-01  1.574921e-01
 4.75862e+00  2.68966e+00       3.460e+11  8.316883e-01 -5.920337e-02 -4.725083e-01  1.683117e-01
 5.17241e+00  2.68966e+00       3.941e+11  7.654053e-01 -4.949118e-02 -5.309469e-01  2.345947e-01
 5.58621e+00  2.68966e+00       3.536e+11  6.065872e-01 -4.142651e-02 -6.391547e-01  3.934128e-01
 6.00000e+00  2.68966e+00       2.855e+11  3.841494e-01 -1.874844e-02 -7.667948e-01  6.158506e-01
-6.00000e+00  3.10345e+00       2.687e+11  6.836193e-02  3.442164e-02  7.709691e-01  9.316381e-01
-5.58621e+00  3.10345e+00       3.182e+11  3.992053e-01 -2.138297e-02  6.681120e-01  6.007947e-01
-5.17241e+00  3.10345e+00       3.839e+11  6.403816e-01 -5.172290e-02  5.417632e-01  3.596184e-01
-4.75862e+00  3.10345e+00       3.709e+11  7.812834e-01 -5.857934e-02  4.497043e-01  2.187166e-01
-4.34483e+00  3.10345e+00       2.966e+11  8.234314e-01 -6.959447e-02  4.220518e-01  1.765686e-01
-3.93103e+00  3.10345e+00       2.196e+11  7.929413e-01 -7.606660e-02  4.264773e-01  2.070587e-01
-3.51724e+00  3.10345e+00       1.967e+11  8.234493e-01 -5.052963e-02  2.825824e-01  1.765507e-01
-3.10345e+00  3.10345e+00       3.868e+11  9.511760e-01 -8.792412e-03  2.563919e-02  4.882403e-02
-2.68966e+00  3.10345e+00       9.846e+11  9.867343e-01 -8.243541e-03 -6.343538e-02  1.326574e-02
-2.27586e+00  3.10345e+00       1.707e+12  9.869082e-01 -1.811644e-02 -1.036586e-01  1.309183e-02
-1.86207e+00  3.10345e+00       1.791e+12  9.799699e-01 -3.286581e-02 -1.379412e-01  2.003014e-02
-1.44828e+00  3.10345e+00       1.258e+12  9.698221e-01 -5.526498e-02 -1.607262e-01  3.017795e-02
-1.03448e+00  3.10345e+00       8.520e+11  9.658415e-01 -8.079153e-02 -1.337043e-01  3.415847e-02
-6.20690e-01  3.10345e+00       7.422e+11  9.722092e-01 -8.483286e-02 -7.444852e-02  2.779083e-02
-2.06897e-01  3.10345e+00       6.918e+11  9.745279e-01 -6.981298e-02 -5.450698e-02  2.547212e-02
 2.06897e-01  3.10345e+00       6.040e+11  9.669018e-01 -6.139302e-02 -7.718433e-02  3.309815e-02
 6.20690e-01  3.10345e+00       5.190e+11  9.504392e-01 -5.657240e-02 -8.436744e-02  4.956085e-02
 1.03448e+00  3.10345e+00       6.317e+11  9.517260e-01 -2.102437e-02  2.420898e-02  4.827401e-02
 1.44828e+00  3.10345e+00       1.154e+12  9.721908e-01  4.207153e-03  1.164280e-01  2.780915e-02
 1.86207e+00  3.10345e+00       1.764e+12  9.832212e-01  1.094457e-02  1.270028e-01  1.677879e-02
 2.27586e+00  3.10345e+00       1.726e+12  9.876427e-01  1.659754e-02  1.048587e-01  1.235729e-02
 2.68966e+00  3.10345e+00       1.068e+12  9.866452e-01  2.480244e-02  5.652259e-02  1.335477e-02
 3.10345e+00  3.10345e+00       5.018e+11  9.640914e-01  3.216386e-02 -5.959852e-02  3.590864e-02
 3.51724e+00  3.10345e+00       2.892e+11  8.967879e-01  6.527092e-03 -2.700091e-01  1.032121e-01
 3.93103e+00  3.10345e+00       2.752e+11  8.582373e-01 -4.510417e-02 -3.859422e-01  1.417627e-01
 4.34483e+00  3.10345e+00       3.562e+11  8.614798e-01 -6.078936e-02 -4.175353e-01  1.385202e-01
 4.75862e+00  3.10345e+00       4.439e+11  8.287799e-01 -5.152356e-02 -4.666338e-01  1.712201e-01
 5.17241e+00  3.10345e+00       4.376e+11  7.135355e-01 -4.521059e-02 -5.623137e-01  2.864645e-01
 5.58621e+00  3.10345e+00       3.696e+11  5.105414e-01 -3.699095e-02 -7.091782e-01  4.894586e-01
 6.00000e+00  3.10345e+00       3.308e+11  2.648165e-01 -1.151098e-02 -8.259600e-01  7.351835e-01
-6.00000e+00  3.51724e+00       3.476e+11 -2.218905e-02  6.389920e-02  8.294622e-01  9.778109e-01
-5.58621e+00  3.51724e+00       3.183e+11  2.642009e-01  5.228635e-02  7.450091e-01  7.357991e-01
-5.17241e+00  3.51724e+00       3.968e+11  5.561196e-01 -1.570492e-02  5.994936e-01  4.438804e-01
-4.75862e+00  3.51724e+00       4.514e+11  7.481192e-01 -4.588320e-02  4.653065e-01  2.518808e-01
-4.34483e+00  3.51724e+00       4.070e+11  8.447629e-01 -6.095321e-02  3.794402e-01  1.552371e-01
-3.93103e+00  3.51724e+00       3.167e+11  8.580240e-01 -6.643506e-02  3.628611e-01  1.419760e-01
-3.51724e+00  3.51724e+00       2.310e+11  8.108999e-01 -6.587689e-02  3.792756e-01  1.891001e-01
-3.10345e+00  3.51724e+00       1.660e+11  7.854254e-01 -4.551331e-02  2.737158e-01  2.145746e-01
-2.68966e+00  3.51724e+00       1.893e+11  8.719791e-01  2.685631e-02 -7.530119e-02  1.280209e-01
-2.27586e+00  3.51724e+00       4.131e+11  9.141481e-01  3.870187e-02 -3.031012e-01  8.585189e-02
-1.86207e+00  3.51724e+00       8.729e+11  8.845016e-01  2.200475e-02 -4.074852e-01  1.154984e-01
-1.44828e+00  3.51724e+00       1.292e+12  8.279017e-01 -7.373956e-03 -4.895813e-01  1.720983e-01
-1.03448e+00  3.51724e+00       1.255e+12  7.366371e-01 -6.784473e-02 -5.527389e-01  2.633629e-01
-6.20690e-01  3.51724e+00       8.498e+11  5.797808e-01 -1.826596e-01 -5.232083e-01  4.202192e-01
-2.06897e-01  3.51724e+00       5.355e+11  3.796995e-01 -3.229000e-01 -1.551494e-01  6.203005e-01
 2.06897e-01  3.51724e+00       5.354e+11  3.906974e-01 -2.844468e-01  4.535276e-01  6.093026e-01
 6.20690e-01  3.51724e+00       8.075e+11  5.671105e-01 -1.288444e-01  6.595490e-01  4.328895e-01
 1.03448e+00  3.51724e+00       1.142e+12  7.047009e-01 -2.868587e-02  6.253894e-01  2.952991e-01
 1.44828e+00  3.51724e+00       1.195e+12  7.983471e-01  1.696276e-02  5.341449e-01  2.016529e-01
 1.86207e+00  3.51724e+00       8.796e+11  8.685271e-01  3.616009e-02  4.160601e-01  1.314729e-01
 2.27586e+00  3.51724e+00       5.044e+11  9.199317e-01  4.973768e-02  2.576998e-01  8.006828e-02
 2.68966e+00  3.51724e+00       3.026e+11  9.304707e-01  5.090028e-02  2.082752e-02  6.952934e-02
 3.10345e+00  3.51724e+00       2.556e+11  8.966787e-01  7.205064e-03 -2.164260e-01  1.033213e-01
 3.51724e+00  3.51724e+00       2.770e+11  8.804314e-01 -4.208893e-02 -3.034708e-01  1.195686e-01
 3.93103e+00  3.51724e+00       3.661e+11  8.941916e-01 -5.875797e-02 -3.291922e-01  1.058084e-01
 4.34483e+00  3.51724e+00       4.881e+11  8.850936e-01 -5.218150e-02 -3.764066e-01  1.149064e-01
 4.75862e+00  3.51724e+00       5.068e+11  8.130184e-01 -4.480643e-02 -4.572865e-01  1.869816e-01
 5.17241e+00  3.51724e+00       4.276e+11  6.414398e-01 -3.772416e-02 -6.066565e-01  3.585602e-01
 5.58621e+00  3.51724e+00       3.682e+11  4.173763e-01 -1.042872e-02 -7.764201e-01  5.826237e-01
 6.00000e+00  3.51724e+00       4.056e+11  1.640287e-01  1.226319e-02 -8.633971e-01  8.359713e-01
-6.00000e+00  3.93103e+00       5.942e+11  3.636706e-02  5.484049e-02  9.058360e-01  9.636329e-01
-5.58621e+00  3.93103e+00       4.116e+11  1.986785e-01  8.110365e-02  8.573979e-01  8.013215e-01
-5.17241e+00  3.93103e+00       3.938e+11  4.389199e-01  1.623333e-02  7.131629e-01  5.610801e-01
-4.75862e+00  3.93103e+00       4.784e+11  6.738553e-01 -3.922824e-02  5.213196e-01  3.261447e-01
-4.34483e+00  3.93103e+00       5.101e+11  8.243110e-01 -5.459575e-02  3.640322e-01  1.756890e-01
-3.93103e+00  3.93103e+00       4.432e+11  9.006068e-01 -6.041031e-02  2.663766e-01  9.939318e-02
-3.51724e+00  3.93103e+00       3.495e+11  9.059749e-01 -5.532553e-02  2.527666e-01  9.402514e-02
-3.10345e+00  3.93103e+00       2.619e+11  8.534785e-01 -5.150239e-02  2.857485e-01  1.465215e-01
-2.68966e+00  3.93103e+00       1.733e+11  7.770969e-01 -5.467806e-02  2.566906e-01  2.229031e-01
-2.27586e+00  3.93103e+00       1.092e+11  7.124545e-01  4.185773e-02  2.838793e-02  2.875455e-01
-1.86207e+00  3.93103e+00       9.592e+10  6.783495e-01  2.029211e-01 -3.681131e-01  3.216505e-01
-1.44828e+00  3.93103e+00       1.118e+11  5.841296e-01  2.304127e-01 -6.204118e-01  4.158704e-01
-1.03448e+00  3.93103e+00       1.208e+11  3.727947e-01  2.234512e-01 -7.453479e-01  6.272053e-01
-6.20690e-01  3.93103e+00       1.173e+11  3.398405e-02  2.281667e-01 -7.132123e-01  9.660160e-01
-2.06897e-01  3.93103e+00       1.143e+11 -2.680044e-01  2.275130e-01 -3.592725e-01  7.319956e-01
 2.06897e-01  3.93103e+00       1.259e+11 -1.520881e-01  2.076392e-01  2.131344e-01  8.479119e-01
 6.20690e-01  3.93103e+00       1.608e+11  2.983977e-01  1.878079e-01  5.389989e-01  7.016023e-01
 1.03448e+00  3.93103e+00       1.981e+11  6.143482e-01  1.674250e-01  5.750268e-01  3.856518e-01
 1.44828e+00  3.93103e+00       1.997e+11  7.488123e-01  1.435527e-01  5.007306e-01  2.511877e-01
 1.86207e+00  3.93103e+00       1.839e+11  8.286700e-01  1.219619e-01  2.985779e-01  1.713300e-01
 2.27586e+00  3.93103e+00       2.028e+11  8.885833e-01  6.375198e-02  1.322890e-02  1.114167e-01
 2.68966e+00  3.93103e+00       2.427e+11  8.982528e-01 -7.154460e-03 -1.423319e-01  1.017472e-01
 3.10345e+00  3.93103e+00       2.795e+11  9.000716e-01 -4.289425e-02 -1.720609e-01  9.992839e-02
 3.51724e+00  3.93103e+00       3.794e+11  9.263839e-01 -5.144395e-02 -1.925404e-01  7.361609e-02
 3.93103e+00  3.93103e+00       5.324e+11  9.308574e-01 -4.803233e-02 -2.533051e-01  6.914257e-02
 4.34483e+00  3.93103e+00       5.831e+11  8.822704e-01 -4.606730e-02 -3.424194e-01  1.177296e-01
 4.75862e+00  3.93103e+00       5.027e+11  7.516803e-01 -4.971155e-02 -4.930646e-01  2.483197e-01
 5.17241e+00  3.93103e+00       4.095e+11  5.542374e-01 -3.658585e-02 -6.860452e-01  4.457626e-01
 5.58621e+00  3.93103e+00       3.906e+11  3.336985e-01 -1.329846e-03 -8.217880e-01  6.663015e-01
 6.00000e+00  3.93103e+00       5.316e+11  6.694734e-02 -3.839905e-03 -8.935538e-01  9.330527e-01
-6.00000e+00  4.34483e+00       9.037e+11  8.030546e-02  2.048121e-02  9.271613e-01  9.196945e-01
-5.58621e+00  4.34483e+00       6.077e+11  2.116787e-01  7.221024e-02  8.903564e-01  7.883213e-01
-5.17241e+00  4.34483e+00       4.290e+11  3.529451e-01  7.853211e-02  8.162533e-01  6.470549e-01
-4.75862e+00  4.34483e+00       4.340e+11  5.649240e-01  1.432563e-03  6.331746e-01  4.350760e-01
-4.34483e+00  4.34483e+00       5.292e+11  7.605348e-01 -4.512698e-02  4.097502e-01  2.394652e-01
-3.93103e+00  4.34483e+00       5.561e+11  8.818998e-01 -5.572193e-02  2.252736e-01  1.181002e-01
-3.51724e+00  4.34483e+00       4.844e+11  9.417897e-01 -5.990824e-02  1.018912e-01  5.821031e-02
-3.10345e+00  4.34483e+00       3.914e+11  9.503122e-01 -4.615732e-02  6.791218e-02  4.968785e-02
-2.68966e+00  4.34483e+00       3.129e+11  9.111732e-01 -2.235663e-02  1.088655e-01  8.882677e-02
-2.27586e+00  4.34483e+00       2.297e+11  8.284993e-01 -5.260435e-02  1.505413e-01  1.715007e-01
-1.86207e+00  4.34483e+00       1.420e+11  6.863421e-01 -8.236600e-02  1.348846e-01  3.136579e-01
-1.44828e+00  4.34483e+00       8.162e+10  4.542015e-01  1.243460e-01  2.604120e-02  5.457985e-01
-1.03448e+00  4.34483e+00       5.609e+10  2.451386e-01  5.482889e-01 -1.214320e-01  7.548614e-01
-6.20690e-01  4.34483e+00       4.960e+10  2.254749e-01  7.580921e-01 -1.497396e-01  7.745251e-01
-2.06897e-01  4.34483e+00       5.196e+10  3.152607e-01  7.492771e-01 -4.203053e-02  6.847393e-01
 2.06897e-01  4.34483e+00       6.154e+10  4.285412e-01  6.635594e-01  1.631508e-01  5.714588e-01
 6.20690e-01  4.34483e+00       7.951e+10  5.543113e-01  5.296755e-01  3.556982e-01  4.456887e-01
 1.03448e+00  4.34483e+00       1.089e+11  6.952500e-01  3.397209e-01  3.733119e-01  3.047500e-01
 1.44828e+00  4.34483e+00       1.586e+11  8.256466e-01  1.234523e-01  2.195806e-01  1.743534e-01
 1.86207e+00  4.34483e+00       2.161e+11  8.793365e-01 -1.334082e-02  7.619643e-02  1.206635e-01
 2.27586e+00  4.34483e+00       2.416e+11  8.698306e-01 -4.593486e-02  2.621891e-02  1.301694e-01
 2.68966e+00  4.34483e+00       2.742e+11  8.829243e-01 -3.430789e-02  3.829700e-02  1.170757e-01
 3.10345e+00  4.34483e+00       4.089e+11  9.408699e-01 -3.941260e-02 -6.883397e-04  5.913006e-02
 3.51724e+00  4.34483e+00       5.852e+11  9.626015e-01 -4.266531e-02 -8.308298e-02  3.739850e-02
 3.93103e+00  4.34483e+00       6.325e+11  9.322995e-01 -4.529314e-02 -1.886430e-01  6.770045e-02
 4.34483e+00  4.34483e+00       5.439e+11  8.293097e-01 -5.412042e-02 -3.611548e-01  1.706903e-01
 4.75862e+00  4.34483e+00       4.467e+11  6.646875e-01 -4.631999e-02 -5.869347e-01  3.353125e-01
 5.17241e+00  4.34483e+00       4.136e+11  4.971722e-01 -6.269525e-03 -7.519355e-01  5.028278e-01
 5.58621e+00  4.34483e+00       5.164e+11  2.754458e-01  3.646810e-03 -8.565026e-01  7.245542e-01
 6.00000e+00  4.34483e+00       8.344e+11  6.237904e-02 -1.634164e-02 -9.286256e-01  9.376210e-01
-6.00000e+00  4.75862e+00       1.274e+12  1.423660e-01 -3.381371e-03  9.408520e-01  8.576340e-01
-5.58621e+00  4.75862e+00       9.554e+11  2.649058e-01  3.265771e-02  8.954249e-01  7.350942e-01
-5.17241e+00  4.75862e+00       6.324e+11  3.801422e-01  8.539276e-02  8.420081e-01  6.198578e-01
-4.75862e+00  4.75862e+00       4.396e+11  4.880119e-01  8.173643e-02  7.568034e-01  5.119881e-01
-4.34483e+00  4.75862e+00       4.424e+11  6.557244e-01 -1.950722e-03  5.519480e-01  3.442756e-01
-3.93103e+00  4.75862e+00       5.419e+11  8.120842e-01 -4.897512e-02  2.883505e-01  1.879158e-01
-3.51724e+00  4.75862e+00       5.828e+11  9.028457e-01 -5.711855e-02  5.863535e-02  9.715426e-02
-3.10345e+00  4.75862e+00       5.232e+11  9.373679e-01 -6.160845e-02 -1.151586e-01  6.263210e-02
-2.68966e+00  4.75862e+00       4.303e+11  9.384478e-01 -5.834596e-02 -2.125277e-01  6.155220e-02
-2.27586e+00  4.75862e+00       3.532e+11  9.219318e-01 -4.213356e-03 -2.188092e-01  7.806822e-02
-1.86207e+00  4.75862e+00       3.024e+11  8.862093e-01  6.034368e-02 -1.590803e-01  1.137907e-01
-1.44828e+00  4.75862e+00       2.584e+11  8.130742e-01  1.183092e-02 -5.350059e-02  1.869258e-01
-1.03448e+00  4.75862e+00       1.988e+11  6.467957e-01 -1.666215e-01  8.863843e-02  3.532043e-01
-6.20690e-01  4.75862e+00       1.493e+11  4.018555e-01 -3.608536e-01  2.546912e-01  5.981445e-01
-2.06897e-01  4.75862e+00       1.365e+11  3.111296e-01 -4.111819e-01  4.172373e-01  6.888704e-01
 2.06897e-01  4.75862e+00       1.579e+11  4.413043e-01 -3.497875e-01  4.896784e-01  5.586957e-01
 6.20690e-01  4.75862e+00       1.912e+11  5.912092e-01 -2.812973e-01  4.176488e-01  4.087908e-01
 1.03448e+00  4.75862e+00       2.026e+11  6.500855e-01 -1.908323e-01  2.658928e-01  3.499145e-01
 1.44828e+00  4.75862e+00       1.870e+11  6.175124e-01 -3.697029e-02  1.735341e-01  3.824876e-01
 1.86207e+00  4.75862e+00       1.942e+11  6.397889e-01  6.332585e-02  2.623548e-01  3.602111e-01
 2.27586e+00  4.75862e+00       2.942e+11  8.007557e-01  7.135498e-03  3.225585e-01  1.992443e-01
 2.68966e+00  4.75862e+00       4.862e+11  9.142577e-01 -3.362770e-02  2.460296e-01  8.574228e-02
 3.10345e+00  4.75862e+00       6.375e+11  9.556875e-01 -4.097785e-02  1.376029e-01  4.431245e-02
 3.51724e+00  4.75862e+00       6.342e+11  9.451421e-01 -4.944253e-02 -6.652821e-04  5.485795e-02
 3.93103e+00  4.75862e+00       5.327e+11  8.684110e-01 -6.472500e-02 -2.187506e-01  1.315890e-01
 4.34483e+00  4.75862e+00       4.489e+11  7.426340e-01 -5.580408e-02 -4.831252e-01  2.573660e-01
 4.75862e+00  4.75862e+00       4.246e+11  6.264551e-01 -7.684038e-03 -6.598954e-01  3.735449e-01
 5.17241e+00  4.75862e+00       5.091e+11  4.597663e-01  9.657104e-03 -7.799942e-01  5.402337e-01
 5.58621e+00  4.75862e+00       8.171e+11  2.520639e-01 -1.380347e-02 -8.922797e-01  7.479361e-01
 6.00000e+00  4.75862e+00       1.270e+12  1.158970e-01 -1.810870e-02 -9.517718e-01  8.841030e-01
-6.00000e+00  5.17241e+00       1.585e+12  2.179144e-01 -1.229792e-02  9.439678e-01  7.820856e-01
-5.58621e+00  5.17241e+00       1.368e+12  3.244974e-01  6.045584e-04  8.946397e-01  6.755026e-01
-5.17241e+00  5.17241e+00       1.028e+12  4.435722e-01  3.999070e-02  8.258144e-01  5.564278e-01
-4.75862e+00  5.17241e+00       6.767e+11  5.412580e-01  9.480773e-02  7.568709e-01  4.587420e-01
-4.34483e+00  5.17241e+00       4.423e+11  6.093875e-01  9.809203e-02  6.800417e-01  3.906125e-01
-3.93103e+00  5.17241e+00       4.075e+11  7.164184e-01  1.078315e-02  4.927266e-01  2.835816e-01
-3.51724e+00  5.17241e+00       4.918e+11  8.224032e-01 -5.136465e-02  1.935788e-01  1.775968e-01
-3.10345e+00  5.17241e+00       5.580e+11  8.695259e-01 -6.430854e-02 -1.042474e-01  1.304741e-01
-2.68966e+00  5.17241e+00       5.343e+11  8.518082e-01 -6.008431e-02 -3.446039e-01  1.481918e-01
-2.27586e+00  5.17241e+00       4.547e+11  7.803610e-01 -7.252385e-02 -5.326344e-01  2.196390e-01
-1.86207e+00  5.17241e+00       3.744e+11  6.895104e-01 -7.850574e-02 -6.604325e-01  3.104896e-01
-1.44828e+00  5.17241e+00       3.095e+11  6.164013e-01 -3.731621e-02 -7.243378e-01  3.835987e-01
-1.03448e+00  5.17241e+00       2.493e+11  5.843173e-01 -7.273903e-03 -7.119793e-01  4.156827e-01
-6.20690e-01  5.17241e+00       1.750e+11  5.660082e-01 -2.718308e-02 -5.921818e-01  4.339918e-01
-2.06897e-01  5.17241e+00       1.133e+11  4.903516e-01 -5.800779e-02 -3.316265e-01  5.096484e-01
 2.06897e-01  5.17241e+00       8.989e+10  2.621344e-01 -7.808411e-02 -4.222806e-02  7.378656e-01
 6.20690e-01  5.17241e+00       1.027e+11 -2.126803e-02 -5.723393e-02  2.182848e-01  9.787320e-01
 1.03448e+00  5.17241e+00       1.555e+11  2.713297e-02  1.682580e-03  5.184097e-01  9.728670e-01
 1.44828e+00  5.17241e+00       2.660e+11  3.585512e-01 -3.283298e-03  6.736915e-01  6.414488e-01
 1.86207e+00  5.17241e+00       4.262e+11  6.292532e-01 -3.517114e-02  6.487166e-01  3.707468e-01
 2.27586e+00  5.17241e+00       5.633e+11  7.828603e-01 -4.483223e-02  5.377728e-01  2.171397e-01
 2.68966e+00  5.17241e+00       6.028e+11  8.692850e-01 -4.939648e-02  3.899325e-01  1.307150e-01
 3.10345e+00  5.17241e+00       5.434e+11  8.968109e-01 -6.859919e-02  1.917521e-01  1.031891e-01
 3.51724e+00  5.17241e+00       4.575e+11  8.605886e-01 -8.822345e-02 -1.002161e-01  1.394114e-01
 3.93103e+00  5.17241e+00       4.140e+11  7.931480e-01 -6.132608e-02 -3.896201e-01  2.068520e-01
 4.34483e+00  5.17241e+00       4.188e+11  7.340663e-01  1.760732e-03 -5.447633e-01  2.659337e-01
 4.75862e+00  5.17241e+00       5.061e+11  6.152727e-01  1.569469e-02 -6.677347e-01  3.847273e-01
 5.17241e+00  5.17241e+00       8.116e+11  4.297555e-01 -1.338491e-02 -8.193939e-01  5.702445e-01
 5.58621e+00  5.17241e+00       1.317e+12  2.947385e-01 -1.896587e-02 -9.115054e-01  7.052615e-01
 6.00000e+00  5.17241e+00       1.683e+12  2.040789e-01 -6.486797e-03 -9.540491e-01  7.959211e-01
-6.00000e+00  5.58621e+00       1.761e+12  3.032762e-01 -1.053698e-02  9.335852e-01  6.967238e-01
-5.58621e+00  5.58621e+00       1.691e+12  3.925824e-01 -1.152118e-02  8.860668e-01  6.074176e-01
-5.17241e+00  5.58621e+00       1.460e+12  4.979413e-01  1.871849e-03  8.119835e-01  5.020587e-01
-4.75862e+00  5.58621e+00       1.128e+12  6.090914e-01  4.042479e-02  7.155511e-01  3.909086e-01
-4.34483e+00  5.58621e+00       7.612e+11  6.941111e-01  9.833501e-02  6.248957e-01  3.058889e-01
-3.93103e+00  5.58621e+00       4.614e+11  7.306698e-01  1.272133e-01  5.597697e-01  2.693302e-01
-3.51724e+00  5.58621e+00       3.479e+11  7.741471e-01  5.536607e-02  4.491790e-01  2.258529e-01
-3.10345e+00  5.58621e+00       3.773e+11  8.214718e-01 -3.615107e-02  2.034777e-01  1.785282e-01
-2.68966e+00  5.58621e+00       4.356e+11  7.922542e-01 -8.381826e-02 -1.518115e-01  2.077458e-01
-2.27586e+00  5.58621e+00       4.675e+11  6.856656e-01 -8.769151e-02 -4.935366e-01  3.143344e-01
-1.86207e+00  5.58621e+00       4.299e+11  5.196598e-01 -5.874552e-02 -7.169694e-01  4.803402e-01
-1.44828e+00  5.58621e+00       3.400e+11  2.437787e-01 -4.048794e-02 -8.389795e-01  7.562213e-01
-1.03448e+00  5.58621e+00       2.862e+11 -1.677357e-01 -8.220592e-02 -8.346552e-01  8.322643e-01
-6.20690e-01  5.58621e+00       2.925e+11 -5.283533e-01 -1.448635e-01 -6.462552e-01  4.716467e-01
-2.06897e-01  5.58621e+00       3.125e+11 -7.296772e-01 -1.744136e-01 -3.106850e-01  2.703228e-01
 2.06897e-01  5.58621e+00       3.182e+11 -7.476026e-01 -1.687839e-01  1.165347e-01  2.523974e-01
 6.20690e-01  5.58621e+00       3.196e+11 -5.224952e-01 -1.290724e-01  5.312621e-01  4.775048e-01
 1.03448e+00  5.58621e+00       3.452e+11 -9.338867e-02 -7.339109e-02  7.890799e-01  9.066113e-01
 1.44828e+00  5.58621e+00       4.031e+11  3.063672e-01 -4.553374e-02  8.344407e-01  6.936328e-01
 1.86207e+00  5.58621e+00       4.479e+11  5.474237e-01 -5.748577e-02  7.556371e-01  4.525763e-01
 2.27586e+00  5.58621e+00       4.301e+11  6.836784e-01 -9.247243e-02  5.922535e-01  3.163216e-01
 2.68966e+00  5.58621e+00       3.738e+11  7.738656e-01 -1.312913e-01  2.930392e-01  2.261344e-01
 3.10345e+00  5.58621e+00       3.463e+11  8.221805e-01 -1.215488e-01 -7.313063e-02  1.778195e-01
 3.51724e+00  5.58621e+00       3.650e+11  8.357258e-01 -3.908517e-02 -2.957673e-01  1.642742e-01
 3.93103e+00  5.58621e+00       4.043e+11  8.262728e-01  2.894045e-02 -3.850243e-01  1.737272e-01
 4.34483e+00  5.58621e+00       5.068e+11  7.388131e-01  1.817922e-02 -5.208286e-01  2.611869e-01
 4.75862e+00  5.58621e+00       8.313e+11  5.855750e-01 -1.710408e-02 -7.160261e-01  4.144250e-01
 5.17241e+00  5.58621e+00       1.375e+12  4.667934e-01 -1.901986e-02 -8.375425e-01  5.332066e-01
 5.58621e+00  5.58621e+00       1.813e+12  3.806420e-01 -4.561498e-03 -8.999325e-01  6.193580e-01
 6.00000e+00  5.58621e+00       1.877e+12  3.046378e-01  7.418972e-03 -9.365187e-01  6.953622e-01
-6.00000e+00  6.00000e+00       1.817e+12  4.114610e-01 -4.855788e-03  9.006218e-01  5.885390e-01
-5.58621e+00  6.00000e+00       1.876e+12  4.707522e-01 -9.998464e-03  8.647765e-01  5.292478e-01
-5.17241e+00  6.00000e+00       1.750e+12  5.556541e-01 -1.109777e-02  7.968588e-01  4.443459e-01
-4.75862e+00  6.00000e+00       1.531e+12  6.526658e-01 -4.037193e-05  6.955740e-01  3.473342e-01
-4.34483e+00  6.00000e+00       1.244e+12  7.494865e-01  3.255292e-02  5.666583e-01  2.505135e-01
-3.93103e+00  6.00000e+00       9.048e+11  8.250557e-01  8.863264e-02  4.386843e-01  1.749443e-01
-3.51724e+00  6.00000e+00       5.531e+11  8.485319e-01  1.480289e-01  3.558623e-01  1.514681e-01
-3.10345e+00  6.00000e+00       3.224e+11  8.347911e-01  1.426353e-01  3.080666e-01  1.652089e-01
-2.68966e+00  6.00000e+00       2.691e+11  8.639194e-01  4.470521e-02  2.023150e-01  1.360806e-01
-2.27586e+00  6.00000e+00       2.838e+11  8.646417e-01 -4.606692e-02  3.180535e-02  1.353583e-01
-1.86207e+00  6.00000e+00       2.792e+11  7.397633e-01 -1.320721e-01 -2.186768e-01  2.602367e-01
-1.44828e+00  6.00000e+00       2.592e+11  4.200598e-01 -1.795549e-01 -4.838327e-01  5.799402e-01
-1.03448e+00  6.00000e+00       2.500e+11 -1.133553e-01 -2.092842e-01 -5.874619e-01  8.866447e-01
-6.20690e-01  6.00000e+00       2.708e+11 -5.803917e-01 -2.577799e-01 -4.324594e-01  4.196083e-01
-2.06897e-01  6.00000e+00       3.009e+11 -7.677464e-01 -2.804030e-01 -1.092897e-01  2.322536e-01
 2.06897e-01  6.00000e+00       3.093e+11 -7.423131e-01 -2.701405e-01  2.612299e-01  2.576869e-01
 6.20690e-01  6.00000e+00       2.821e+11 -5.766796e-01 -2.467225e-01  5.645839e-01  4.233204e-01
 1.03448e+00  6.00000e+00       2.296e+11 -2.901977e-01 -2.413928e-01  7.043226e-01  7.098023e-01
 1.44828e+00  6.00000e+00       1.964e+11  1.408786e-01 -2.878242e-01  6.006962e-01  8.591214e-01
 1.86207e+00  6.00000e+00       2.038e+11  5.228649e-01 -3.015090e-01  3.351680e-01  4.771351e-01
 2.27586e+00  6.00000e+00       2.303e+11  7.189248e-01 -2.057098e-01  8.125538e-02  2.810752e-01
 2.68966e+00  6.00000e+00       2.797e+11  8.231198e-01 -5.373250e-02 -6.594956e-02  1.768802e-01
 3.10345e+00  6.00000e+00       3.408e+11  8.787204e-01  4.568118e-02 -1.007187e-01  1.212796e-01
 3.51724e+00  6.00000e+00       3.883e+11  8.840307e-01  5.563706e-02 -1.511333e-01  1.159693e-01
 3.93103e+00  6.00000e+00       5.200e+11  8.203393e-01  4.102406e-03 -3.534776e-01  1.796607e-01
 4.34483e+00  6.00000e+00       8.953e+11  7.156252e-01 -2.406789e-02 -5.911207e-01  2.843748e-01
 4.75862e+00  6.00000e+00       1.465e+12  6.260613e-01 -1.610390e-02 -7.311197e-01  3.739387e-01
 5.17241e+00  6.00000e+00       1.926e+12  5.513151e-01  8.440210e-04 -8.105490e-01  4.486849e-01
 5.58621e+00  6.00000e+00       2.033e+12  4.805472e-01  1.091916e-02 -8.630564e-01  5.194528e-01
 6.00000e+00  6.00000e+00       1.820e+12  4.112705e-01  9.431081e-03 -9.000486e-01  5.887295e-01
